0.000000
0.217189
0.436545
0.512474
0.540195
0.563011
0.582428
0.599188
0.613887
0.626958
0.638710
0.649369
0.659102
0.668039
0.676283
0.683916
0.691010
0.697624
0.703808
0.709605
0.715053
0.720183
0.725023
0.729598
0.733927
0.738031
0.741923
0.745619
0.749131
0.752468
0.755641
0.758659
0.761530
0.764263
0.766865
0.769345
0.771711
0.773969
0.776129
0.778193
0.780164
0.782058
0.783880
0.785634
0.787312
0.788888
0.790317
0.791542
0.792517
0.793232
0.793709
0.794000
0.794164
0.794248
0.794288
0.794306
0.794314
0.794317
0.794318
0.794319
0.794319
0.794319
0.794319
0.794319
0.794319
0.794319
0.794319
0.794319
0.794319
0.794319
0.794319
0.794319
0.794319
0.794319
0.794319
0.794319
0.794319
0.794319
0.794319
0.794319
0.794319
0.794319
0.794319
0.794319
0.794319
0.794319
0.794319
0.794319
0.794319
0.794319
0.794319
0.794319
0.794319
0.794319
0.794319
0.794319
0.794319
0.794319
0.794319
0.794319
0.794319
0.794319
0.794319
0.794319
0.794319
0.794319
0.794319
0.794319
0.794319
0.794319
0.794319
0.794319
0.794319
0.794319
0.794319
0.794319
0.794319
0.794319
0.794319
0.794319
0.794319
0.794319
0.794319
0.794319
0.794319
0.794319
0.794319
0.794319
0.794319
0.794319
0.794319
0.794319
0.794319
0.794319
0.794319
0.794319
0.794319
0.794319
0.794319
0.794319
0.794319
0.794319
0.794319
0.794319
0.794319
0.794319
0.794319
0.794319
0.794319
0.794319
0.794319
0.794319
0.794319
0.794319
0.794319
0.794319
0.794319
0.794319
0.794319
0.794319
0.794319
0.794319
0.794319
0.794319
0.794319
0.794319
0.794319
0.794319
0.794319
0.794319
0.794319
0.794319
0.794319
0.794319
0.794319
0.794319
0.794319
0.794319
0.794319
0.794319
0.794319
0.794319
0.794319
0.794319
0.794319
0.794319
0.794319
0.794319
0.794319
0.794319
0.794319
0.794319
0.794319
0.794319
0.794319
0.794319
0.794319
0.794319
0.794319
0.794319
0.794319
0.794319
0.794319
0.794319
0.794319
0.794319
0.794319
0.794319
0.794319
0.794319
0.794319
0.794319
0.794319
0.794319
0.794319
0.794319
0.794319
0.794319
0.794319
0.794319
0.794319
0.794319
0.794319
0.794319
0.794319
0.794319
0.794319
0.794319
0.794319
0.794319
0.794319
0.794319
0.794319
0.794319
0.794319
0.794319
0.794319
0.794319
0.794319
0.794319
0.794319
0.794319
0.794319
0.794319
0.794319
0.794319
0.794319
0.794319
0.794319
0.794319
0.794319
0.794319
0.794319
0.794319
0.794319
0.794319
0.794319
0.794319
0.794319
0.794319
0.794319
0.794319
0.794319
0.794319
0.794319
0.794319
0.794319
0.794319
0.794319
0.794319
0.794319
0.794319
0.794319
0.794319
0.794319
0.794319
0.794319
0.794319
0.794319
0.794319
0.794319
0.794319
0.794319
0.794319
0.794319
0.794319
0.794319
0.794319
0.794319
0.794319
0.794319
0.794319
0.794319
0.794319
0.794319
0.794319
0.794319
0.794319
0.794319
0.794319
0.794319
0.794319
0.794319
0.794319
0.794319
0.794319
0.794319
0.794319
0.794319
0.794319
0.794319
0.794319
0.794319
0.794319
0.794319
0.794319
0.794319
0.794319
0.794319
0.794319
0.794319
0.794319
0.794319
0.794319
0.794319
0.794319
0.794319
0.794319
0.794319
0.794319
0.794319
0.794319
0.794319
0.794319
0.794319
0.794319
0.794319
0.794319
0.794319
0.794319
0.794319
0.794319
0.794319
0.794319
0.794319
0.794319
0.794319
0.794319
0.794319
0.794319
0.794319
0.794319
0.794319
0.794319
0.794319
0.794319
0.794319
0.794319
0.794319
0.794319
0.794319
0.794319
0.794319
0.794319
0.794319
0.794319
0.794319
0.794319
0.794319
0.794319
0.794319
0.794319
0.794319
0.794319
0.794319
0.794319
0.794319
0.794319
0.794319
0.794319
0.794319
0.794319
0.794319
0.794319
0.794319
0.794319
0.794319
0.794319
0.794319
0.794319
0.794319
0.794319
0.794319
0.794319
0.794319
0.794319
0.794319
0.794319
0.794319
0.794319
0.794319
0.794319
0.794319
0.794319
0.794319
0.794319
0.794319
0.794319
0.794319
0.794319
0.794319
0.794319
0.794319
0.794319
0.794319
0.794319
0.794319
0.794319
0.794319
0.794319
0.794319
0.794319
0.794319
0.794319
0.794319
0.794319
0.794319
0.794319
0.794319
0.794319
0.794319
0.794319
0.794319
0.794319
0.794319
0.794319
0.794319
0.794319
0.794319
0.794319
0.794319
0.794319
0.794319
0.794319
0.794319
0.794319
0.794319
0.794319
0.794319
0.794319
0.794319
0.794319
0.794319
0.794319
0.794319
0.794319
0.794319
0.794319
0.794319
0.794319
0.794319
0.794319
0.794319
0.794319
0.794319
0.794319
0.794319
0.794319
0.794319
0.794319
0.794319
0.794319
0.794319
0.794319
0.794319
0.794319
0.794319
0.794319
0.794319
0.794319
0.794319
0.794319
0.794319
0.794319
0.794319
0.794319
0.794319
0.794319
0.794319
0.794319
0.794319
0.794319
0.794319
0.794319
0.794319
0.794319
0.794319
0.794319
0.794319
0.794319
0.794319
0.794319
0.794319
0.794319
0.794319
0.794319
0.794319
0.794319
0.794319
0.794319
0.794319
0.794319
0.794319
0.794319
0.794319
0.794319
0.794319
0.794319
0.794319
0.794319
0.794319
0.794319
0.794319
0.794319
0.794319
0.794319
0.794319
0.794319
0.794319
0.794319
0.794319
0.794319
0.794319
0.794319
0.794319
0.794319
0.794319
0.794319
0.794319
0.794319
0.794319
0.794319
0.794319
0.794319
0.794319
0.794319
0.794319
0.794319
0.794319
0.794319
0.794319
0.794319
0.794319
0.794319
0.794319
0.794319
0.794319
0.794319
0.794319
0.794319
0.794319
0.794319
0.794319
0.794319
0.794319
0.794319
0.794319
0.794319
0.794319
0.794319
0.794319
0.794319
0.794319
0.794319
0.794319
0.794319
0.794319
0.794319
0.794319
0.794319
0.794319
0.794319
0.794319
0.794319
0.794319
0.794319
0.794319
0.794319
0.794319
0.794319
0.794319
0.794319
0.794319
0.794319
0.794319
0.794319
0.794319
0.794319
0.794319
0.794319
