-5.402090000000000503e-01
-5.400979999999999670e-01
-5.402160000000000295e-01
-5.401420000000000110e-01
-5.400800000000000045e-01
-5.401420000000000110e-01
-5.348089999999999788e-01
-5.401629999999999487e-01
-5.401690000000000103e-01
-5.400850000000000373e-01
-5.401359999999999495e-01
-5.350530000000000008e-01
-5.400840000000000085e-01
-5.400749999999999718e-01
-5.402160000000000295e-01
-5.400970000000000493e-01
-5.372350000000000181e-01
-5.401420000000000110e-01
-5.401029999999999998e-01
-5.371930000000000316e-01
-5.402160000000000295e-01
-5.400829999999999798e-01
-5.359359999999999680e-01
-5.401359999999999495e-01
-5.401629999999999487e-01
-5.402090000000000503e-01
-5.402090000000000503e-01
-5.402160000000000295e-01
-5.401420000000000110e-01
-5.402160000000000295e-01
-5.402090000000000503e-01
-5.401029999999999998e-01
-5.401690000000000103e-01
-5.402090000000000503e-01
-5.400970000000000493e-01
-5.353459999999999885e-01
-5.402160000000000295e-01
-5.402090000000000503e-01
-5.401420000000000110e-01
-5.400779999999999470e-01
-5.401629999999999487e-01
-5.401029999999999998e-01
-5.401029999999999998e-01
-5.354999999999999760e-01
-5.401629999999999487e-01
-5.402090000000000503e-01
-5.400979999999999670e-01
-5.400660000000000460e-01
-5.402160000000000295e-01
-5.400810000000000333e-01
-5.347819999999999796e-01
-5.348009999999999708e-01
-5.413590000000000346e-01
-5.400179999999999980e-01
-5.401420000000000110e-01
-5.400709999999999678e-01
-5.401359999999999495e-01
-5.402090000000000503e-01
-5.351740000000000386e-01
-5.400620000000000420e-01
-5.401700000000000390e-01
-5.400779999999999470e-01
-5.400740000000000540e-01
-5.401700000000000390e-01
-5.401700000000000390e-01
-5.400829999999999798e-01
-5.401700000000000390e-01
-5.401690000000000103e-01
-5.401359999999999495e-01
-5.401629999999999487e-01
-5.401690000000000103e-01
-5.354299999999999615e-01
-5.401019999999999710e-01
-5.400840000000000085e-01
-5.400709999999999678e-01
-5.400679999999999925e-01
-5.402090000000000503e-01
-5.401629999999999487e-01
-5.402090000000000503e-01
-5.400610000000000133e-01
-5.401700000000000390e-01
-5.402160000000000295e-01
-5.390200000000000546e-01
-5.362440000000000540e-01
-5.401629999999999487e-01
-5.401359999999999495e-01
-5.401690000000000103e-01
-5.401690000000000103e-01
-5.402160000000000295e-01
-5.400970000000000493e-01
-5.402090000000000503e-01
-5.402160000000000295e-01
-5.349530000000000118e-01
-5.384489999999999554e-01
-5.402160000000000295e-01
-5.402160000000000295e-01
-5.401019999999999710e-01
-5.401019999999999710e-01
-5.402090000000000503e-01
-5.402160000000000295e-01
-3.009009999999999740e-01
-2.986989999999999923e-01
-3.008230000000000071e-01
-3.008179999999999743e-01
-3.008299999999999863e-01
-3.008120000000000238e-01
-3.008839999999999848e-01
-3.008930000000000216e-01
-3.008020000000000138e-01
-2.986099999999999866e-01
-3.009029999999999760e-01
-2.988779999999999770e-01
-2.989669999999999828e-01
-3.009009999999999740e-01
-2.991849999999999787e-01
-3.008500000000000063e-01
-3.008299999999999863e-01
-3.008669999999999956e-01
-3.008930000000000216e-01
-3.008739999999999748e-01
-3.009009999999999740e-01
-3.008649999999999936e-01
-3.008739999999999748e-01
-3.008839999999999848e-01
-3.000760000000000094e-01
-3.008910000000000196e-01
-2.985860000000000181e-01
-3.008819999999999828e-01
-3.008750000000000036e-01
-3.008370000000000211e-01
-3.008520000000000083e-01
-3.007750000000000146e-01
-3.008589999999999876e-01
-3.008359999999999923e-01
-3.008930000000000216e-01
-3.008100000000000218e-01
-3.008170000000000011e-01
-3.008819999999999828e-01
-3.008839999999999848e-01
-3.008069999999999911e-01
-3.008669999999999956e-01
-3.009009999999999740e-01
-3.008179999999999743e-01
-3.008910000000000196e-01
-2.993299999999999850e-01
-3.008930000000000216e-01
-3.008819999999999828e-01
-3.008430000000000271e-01
-3.008359999999999923e-01
-2.988750000000000018e-01
-3.009009999999999740e-01
-3.008649999999999936e-01
-3.008520000000000083e-01
-3.009009999999999740e-01
-3.008750000000000036e-01
-2.988080000000000180e-01
-3.008370000000000211e-01
-3.008910000000000196e-01
-3.008440000000000003e-01
-3.008819999999999828e-01
-3.008739999999999748e-01
-3.008910000000000196e-01
-3.009029999999999760e-01
-2.999310000000000032e-01
-3.008060000000000178e-01
-3.007989999999999831e-01
-2.990820000000000145e-01
-3.008580000000000143e-01
-3.008839999999999848e-01
-3.008440000000000003e-01
-3.008910000000000196e-01
-3.008580000000000143e-01
-3.008649999999999936e-01
-3.009029999999999760e-01
-3.008310000000000151e-01
-2.995900000000000230e-01
-3.008239999999999803e-01
-3.009029999999999760e-01
-3.008819999999999828e-01
-3.008060000000000178e-01
-2.986759999999999970e-01
-3.008430000000000271e-01
-3.008580000000000143e-01
-3.008669999999999956e-01
-3.008589999999999876e-01
-3.008589999999999876e-01
-3.008170000000000011e-01
-3.009029999999999760e-01
-3.008500000000000063e-01
-3.008750000000000036e-01
-3.008739999999999748e-01
-3.008100000000000218e-01
-3.008930000000000216e-01
-3.005220000000000113e-01
-3.008299999999999863e-01
-3.008230000000000071e-01
-3.008359999999999923e-01
-3.008500000000000063e-01
-3.543379999999999863e-01
-3.543109999999999871e-01
-3.542819999999999858e-01
-3.542489999999999806e-01
-3.542359999999999953e-01
-3.528439999999999910e-01
-3.543410000000000171e-01
-3.542699999999999738e-01
-3.543270000000000031e-01
-3.537520000000000109e-01
-3.542399999999999993e-01
-3.543020000000000058e-01
-3.543250000000000011e-01
-3.543109999999999871e-01
-3.543410000000000171e-01
-3.522350000000000203e-01
-3.543379999999999863e-01
-3.542919999999999958e-01
-3.542350000000000221e-01
-3.512239999999999807e-01
-3.543029999999999791e-01
-3.543410000000000171e-01
-3.542830000000000146e-01
-3.542409999999999726e-01
-3.542660000000000253e-01
-3.543250000000000011e-01
-3.543270000000000031e-01
-3.521130000000000093e-01
-3.543140000000000178e-01
-3.543109999999999871e-01
-3.510300000000000087e-01
-3.543140000000000178e-01
-3.543410000000000171e-01
-3.542319999999999913e-01
-3.542899999999999938e-01
-3.510360000000000147e-01
-3.542310000000000181e-01
-3.542919999999999958e-01
-3.543270000000000031e-01
-3.543410000000000171e-01
-3.542350000000000221e-01
-3.510199999999999987e-01
-3.542899999999999938e-01
-3.543020000000000058e-01
-3.538009999999999766e-01
-3.543009999999999771e-01
-3.542719999999999758e-01
-3.542719999999999758e-01
-3.541920000000000068e-01
-3.542899999999999938e-01
-3.543250000000000011e-01
-3.542489999999999806e-01
-3.517410000000000259e-01
-3.542699999999999738e-01
-3.542509999999999826e-01
-3.514809999999999879e-01
-3.545209999999999750e-01
-3.543140000000000178e-01
-3.542830000000000146e-01
-3.543379999999999863e-01
-3.542819999999999858e-01
-3.542640000000000233e-01
-3.542409999999999726e-01
-3.543029999999999791e-01
-3.516130000000000089e-01
-3.543140000000000178e-01
-3.528620000000000090e-01
-3.511340000000000017e-01
-3.543109999999999871e-01
-3.543250000000000011e-01
-3.513410000000000144e-01
-3.542830000000000146e-01
-3.542509999999999826e-01
-3.542420000000000013e-01
-3.543009999999999771e-01
-3.543029999999999791e-01
-3.543379999999999863e-01
-3.543029999999999791e-01
-3.515960000000000196e-01
-3.542660000000000253e-01
-3.543250000000000011e-01
-3.542819999999999858e-01
-3.542359999999999953e-01
-3.542899999999999938e-01
-3.543270000000000031e-01
-3.543250000000000011e-01
-3.543109999999999871e-01
-3.542640000000000233e-01
-3.543379999999999863e-01
-3.543270000000000031e-01
-3.542489999999999806e-01
-3.543379999999999863e-01
-3.542699999999999738e-01
-3.543270000000000031e-01
-3.543140000000000178e-01
-3.543410000000000171e-01
-3.543379999999999863e-01
-3.542640000000000233e-01
-3.542509999999999826e-01
-3.543379999999999863e-01
-3.542910000000000226e-01
-4.274580000000000046e-01
-4.275470000000000104e-01
-4.275619999999999976e-01
-4.275860000000000216e-01
-4.274669999999999859e-01
-4.275619999999999976e-01
-4.275280000000000191e-01
-4.274879999999999791e-01
-4.274279999999999746e-01
-4.239379999999999815e-01
-4.235809999999999853e-01
-4.230229999999999824e-01
-4.275669999999999749e-01
-4.275860000000000216e-01
-4.274620000000000086e-01
-4.275240000000000151e-01
-4.274879999999999791e-01
-4.274839999999999751e-01
-4.275860000000000216e-01
-4.274740000000000206e-01
-4.257980000000000098e-01
-4.274600000000000066e-01
-4.275439999999999796e-01
-4.275860000000000216e-01
-4.274890000000000079e-01
-4.275860000000000216e-01
-4.274839999999999751e-01
-4.237980000000000080e-01
-4.275669999999999749e-01
-4.269490000000000229e-01
-4.274660000000000126e-01
-4.247360000000000024e-01
-4.238540000000000085e-01
-4.268170000000000019e-01
-4.274600000000000066e-01
-4.275860000000000216e-01
-4.275669999999999749e-01
-4.275619999999999976e-01
-4.274729999999999919e-01
-4.275439999999999796e-01
-4.275669999999999749e-01
-4.274740000000000206e-01
-4.274830000000000019e-01
-4.274580000000000046e-01
-4.275619999999999976e-01
-4.233999999999999986e-01
-4.229379999999999806e-01
-4.275280000000000191e-01
-4.275470000000000104e-01
-4.275860000000000216e-01
-4.274890000000000079e-01
-4.275860000000000216e-01
-4.275669999999999749e-01
-4.275149999999999784e-01
-4.244930000000000092e-01
-4.275240000000000151e-01
-4.275269999999999904e-01
-4.274740000000000206e-01
-4.275860000000000216e-01
-4.275439999999999796e-01
-4.275280000000000191e-01
-4.275439999999999796e-01
-4.275619999999999976e-01
-4.255079999999999973e-01
-4.275120000000000031e-01
-4.275120000000000031e-01
-4.275619999999999976e-01
-4.275470000000000104e-01
-4.275269999999999904e-01
-4.275149999999999784e-01
-4.275619999999999976e-01
-4.275439999999999796e-01
-4.275149999999999784e-01
-4.275669999999999749e-01
-4.275860000000000216e-01
-4.275470000000000104e-01
-4.275860000000000216e-01
-4.275470000000000104e-01
-4.278939999999999966e-01
-4.233560000000000101e-01
-4.275619999999999976e-01
-4.275149999999999784e-01
-4.275900000000000256e-01
-4.275120000000000031e-01
-4.275120000000000031e-01
-4.275669999999999749e-01
-4.274830000000000019e-01
-4.275470000000000104e-01
-4.274879999999999791e-01
-4.275269999999999904e-01
-4.274660000000000126e-01
-4.274729999999999919e-01
-4.275669999999999749e-01
-4.230030000000000179e-01
-4.274669999999999859e-01
-4.231090000000000129e-01
-4.275240000000000151e-01
-4.275240000000000151e-01
-4.274640000000000106e-01
-4.275240000000000151e-01
-2.629239999999999911e-01
-2.631589999999999763e-01
-2.631580000000000030e-01
-2.631689999999999863e-01
-2.616399999999999837e-01
-2.631809999999999983e-01
-2.631879999999999775e-01
-2.632090000000000263e-01
-2.631890000000000063e-01
-2.631820000000000270e-01
-2.615379999999999927e-01
-2.631319999999999770e-01
-2.631890000000000063e-01
-2.631310000000000038e-01
-2.631820000000000270e-01
-2.632090000000000263e-01
-2.631359999999999810e-01
-2.631709999999999883e-01
-2.631890000000000063e-01
-2.623719999999999941e-01
-2.617389999999999994e-01
-2.631939999999999835e-01
-2.631220000000000225e-01
-2.632709999999999773e-01
-2.631459999999999910e-01
-2.631950000000000123e-01
-2.631809999999999983e-01
-2.631879999999999775e-01
-2.631629999999999803e-01
-2.624589999999999979e-01
-2.632019999999999915e-01
-2.631430000000000158e-01
-2.631749999999999923e-01
-2.632010000000000183e-01
-2.632090000000000263e-01
-2.632090000000000263e-01
-2.632019999999999915e-01
-2.631809999999999983e-01
-2.632090000000000263e-01
-2.631470000000000198e-01
-2.631760000000000210e-01
-2.631220000000000225e-01
-2.631749999999999923e-01
-2.631279999999999730e-01
-2.613119999999999887e-01
-2.631269999999999998e-01
-2.632010000000000183e-01
-2.631359999999999810e-01
-2.631939999999999835e-01
-2.631950000000000123e-01
-2.631879999999999775e-01
-2.631279999999999730e-01
-2.632010000000000183e-01
-2.630939999999999945e-01
-2.631519999999999970e-01
-2.615500000000000047e-01
-2.632019999999999915e-01
-2.631459999999999910e-01
-2.631589999999999763e-01
-2.632010000000000183e-01
-2.631640000000000090e-01
-2.631359999999999810e-01
-2.631530000000000258e-01
-2.631950000000000123e-01
-2.628090000000000148e-01
-2.631220000000000225e-01
-2.632090000000000263e-01
-2.616290000000000004e-01
-2.632090000000000263e-01
-2.631950000000000123e-01
-2.632010000000000183e-01
-2.631689999999999863e-01
-2.631820000000000270e-01
-2.631890000000000063e-01
-2.631939999999999835e-01
-2.631430000000000158e-01
-2.631689999999999863e-01
-2.614710000000000090e-01
-2.613329999999999820e-01
-2.631760000000000210e-01
-2.619739999999999847e-01
-2.631470000000000198e-01
-2.612860000000000182e-01
-2.631760000000000210e-01
-2.631530000000000258e-01
-2.631569999999999743e-01
-2.631629999999999803e-01
-2.631700000000000150e-01
-2.632019999999999915e-01
-2.631220000000000225e-01
-2.631709999999999883e-01
-2.631640000000000090e-01
-2.613630000000000120e-01
-2.631939999999999835e-01
-2.619589999999999974e-01
-2.631879999999999775e-01
-2.631350000000000078e-01
-2.631180000000000185e-01
-2.631410000000000138e-01
-2.631519999999999970e-01
