-3.765007000000000215e+00
-3.764987000000000084e+00
-3.765007999999999910e+00
-3.764996000000000009e+00
-3.764982999999999969e+00
-3.764996000000000009e+00
-3.760969999999999924e+00
-3.764998999999999985e+00
-3.765000000000000124e+00
-3.764984000000000108e+00
-3.764994999999999870e+00
-3.761706000000000216e+00
-3.764984000000000108e+00
-3.764981999999999829e+00
-3.765007999999999910e+00
-3.764987000000000084e+00
-3.763952000000000186e+00
-3.764996000000000009e+00
-3.764987999999999779e+00
-3.761188000000000198e+00
-3.765007999999999910e+00
-3.764984000000000108e+00
-3.763428999999999913e+00
-3.764994999999999870e+00
-3.764998999999999985e+00
-3.765007000000000215e+00
-3.765007000000000215e+00
-3.765007999999999910e+00
-3.764996000000000009e+00
-3.765007999999999910e+00
-3.765007000000000215e+00
-3.764987999999999779e+00
-3.765000000000000124e+00
-3.765007000000000215e+00
-3.764987000000000084e+00
-3.760750999999999955e+00
-3.765007999999999910e+00
-3.765007000000000215e+00
-3.764996000000000009e+00
-3.764981999999999829e+00
-3.764998999999999985e+00
-3.764987999999999779e+00
-3.764987999999999779e+00
-3.762478000000000211e+00
-3.764998999999999985e+00
-3.765007000000000215e+00
-3.764987000000000084e+00
-3.764978999999999854e+00
-3.765007999999999910e+00
-3.762792999999999832e+00
-3.761200000000000099e+00
-3.760822000000000109e+00
-3.764082999999999846e+00
-3.764965999999999813e+00
-3.764996000000000009e+00
-3.764979999999999993e+00
-3.764994999999999870e+00
-3.765007000000000215e+00
-3.762036000000000158e+00
-3.764978000000000158e+00
-3.765000000000000124e+00
-3.764981999999999829e+00
-3.764981000000000133e+00
-3.765000000000000124e+00
-3.765000000000000124e+00
-3.764984000000000108e+00
-3.765000000000000124e+00
-3.765000000000000124e+00
-3.764994999999999870e+00
-3.764998999999999985e+00
-3.765000000000000124e+00
-3.762901999999999969e+00
-3.764987999999999779e+00
-3.764984000000000108e+00
-3.764981000000000133e+00
-3.764979999999999993e+00
-3.765007000000000215e+00
-3.764998999999999985e+00
-3.765007000000000215e+00
-3.764978000000000158e+00
-3.765000000000000124e+00
-3.765007999999999910e+00
-3.764638000000000151e+00
-3.760867999999999878e+00
-3.764998999999999985e+00
-3.764994999999999870e+00
-3.765000000000000124e+00
-3.765000000000000124e+00
-3.765007999999999910e+00
-3.764987000000000084e+00
-3.765007000000000215e+00
-3.765007999999999910e+00
-3.761512000000000189e+00
-3.761833999999999900e+00
-3.765007999999999910e+00
-3.765007999999999910e+00
-3.764987999999999779e+00
-3.764987999999999779e+00
-3.765007000000000215e+00
-3.765007999999999910e+00
-2.151308999999999916e+00
-2.149853999999999932e+00
-2.151289999999999925e+00
-2.151288999999999785e+00
-2.151292000000000204e+00
-2.151288000000000089e+00
-2.151304999999999801e+00
-2.151307000000000080e+00
-2.151285000000000114e+00
-2.149960000000000093e+00
-2.151310000000000056e+00
-2.150278000000000134e+00
-2.150434999999999874e+00
-2.151308999999999916e+00
-2.149891999999999914e+00
-2.151297000000000015e+00
-2.151292000000000204e+00
-2.151299999999999990e+00
-2.151307000000000080e+00
-2.151301999999999826e+00
-2.151308999999999916e+00
-2.151299999999999990e+00
-2.151301999999999826e+00
-2.151304999999999801e+00
-2.150215999999999905e+00
-2.151307000000000080e+00
-2.149897999999999865e+00
-2.151304000000000105e+00
-2.151301999999999826e+00
-2.151294000000000040e+00
-2.151297000000000015e+00
-2.151279000000000163e+00
-2.151298999999999850e+00
-2.151292999999999900e+00
-2.151307000000000080e+00
-2.151286999999999949e+00
-2.151288999999999785e+00
-2.151304000000000105e+00
-2.151304999999999801e+00
-2.151285999999999810e+00
-2.151299999999999990e+00
-2.151308999999999916e+00
-2.151288999999999785e+00
-2.151307000000000080e+00
-2.150738000000000039e+00
-2.151307000000000080e+00
-2.151304000000000105e+00
-2.151295000000000179e+00
-2.151292999999999900e+00
-2.149847999999999981e+00
-2.151308999999999916e+00
-2.151299999999999990e+00
-2.151297000000000015e+00
-2.151308999999999916e+00
-2.151301999999999826e+00
-2.150167999999999857e+00
-2.151294000000000040e+00
-2.151307000000000080e+00
-2.151295000000000179e+00
-2.151304000000000105e+00
-2.151301999999999826e+00
-2.151307000000000080e+00
-2.151310000000000056e+00
-2.150961999999999819e+00
-2.151285999999999810e+00
-2.151285000000000114e+00
-2.150570000000000093e+00
-2.151298000000000155e+00
-2.151304999999999801e+00
-2.151295000000000179e+00
-2.151307000000000080e+00
-2.151298000000000155e+00
-2.151299999999999990e+00
-2.151310000000000056e+00
-2.151292000000000204e+00
-2.150008000000000141e+00
-2.151289999999999925e+00
-2.151310000000000056e+00
-2.151304000000000105e+00
-2.151285999999999810e+00
-2.150044999999999984e+00
-2.151295000000000179e+00
-2.151298000000000155e+00
-2.151299999999999990e+00
-2.151298999999999850e+00
-2.151298999999999850e+00
-2.151288999999999785e+00
-2.151310000000000056e+00
-2.151297000000000015e+00
-2.151301999999999826e+00
-2.151301999999999826e+00
-2.151286999999999949e+00
-2.151307000000000080e+00
-2.151180999999999788e+00
-2.151292000000000204e+00
-2.151289999999999925e+00
-2.151292999999999900e+00
-2.151297000000000015e+00
-2.509313000000000127e+00
-2.509307000000000176e+00
-2.509300000000000086e+00
-2.509292999999999996e+00
-2.509290000000000020e+00
-2.508773000000000142e+00
-2.509313000000000127e+00
-2.509297999999999806e+00
-2.509310000000000151e+00
-2.509117999999999959e+00
-2.509291000000000160e+00
-2.509304999999999897e+00
-2.509310000000000151e+00
-2.509307000000000176e+00
-2.509313000000000127e+00
-2.507508000000000070e+00
-2.509313000000000127e+00
-2.509301999999999921e+00
-2.509290000000000020e+00
-2.507257000000000069e+00
-2.509304999999999897e+00
-2.509313000000000127e+00
-2.509300000000000086e+00
-2.509291000000000160e+00
-2.509295999999999971e+00
-2.509310000000000151e+00
-2.509310000000000151e+00
-2.508510999999999935e+00
-2.509307000000000176e+00
-2.509307000000000176e+00
-2.507267000000000134e+00
-2.509307000000000176e+00
-2.509313000000000127e+00
-2.509288999999999881e+00
-2.509301999999999921e+00
-2.507416999999999785e+00
-2.509288999999999881e+00
-2.509301999999999921e+00
-2.509310000000000151e+00
-2.509313000000000127e+00
-2.509290000000000020e+00
-2.507328999999999919e+00
-2.509301999999999921e+00
-2.509304999999999897e+00
-2.508268999999999860e+00
-2.509304999999999897e+00
-2.509297999999999806e+00
-2.509297999999999806e+00
-2.509278000000000119e+00
-2.509301999999999921e+00
-2.509310000000000151e+00
-2.509292999999999996e+00
-2.508243999999999918e+00
-2.509297999999999806e+00
-2.509292999999999996e+00
-2.507849999999999913e+00
-2.508893000000000040e+00
-2.509307000000000176e+00
-2.509300000000000086e+00
-2.509313000000000127e+00
-2.509300000000000086e+00
-2.509295999999999971e+00
-2.509291000000000160e+00
-2.509304999999999897e+00
-2.508055999999999841e+00
-2.509307000000000176e+00
-2.507798000000000194e+00
-2.507528999999999897e+00
-2.509307000000000176e+00
-2.509310000000000151e+00
-2.507699000000000122e+00
-2.509300000000000086e+00
-2.509292999999999996e+00
-2.509291000000000160e+00
-2.509304999999999897e+00
-2.509304999999999897e+00
-2.509313000000000127e+00
-2.509304999999999897e+00
-2.507324000000000108e+00
-2.509295999999999971e+00
-2.509310000000000151e+00
-2.509300000000000086e+00
-2.509290000000000020e+00
-2.509301999999999921e+00
-2.509310000000000151e+00
-2.509310000000000151e+00
-2.509307000000000176e+00
-2.509295999999999971e+00
-2.509313000000000127e+00
-2.509310000000000151e+00
-2.509292999999999996e+00
-2.509313000000000127e+00
-2.509297999999999806e+00
-2.509310000000000151e+00
-2.509307000000000176e+00
-2.509313000000000127e+00
-2.509313000000000127e+00
-2.509295999999999971e+00
-2.509292999999999996e+00
-2.509313000000000127e+00
-2.509301999999999921e+00
-3.011658000000000168e+00
-3.011677000000000159e+00
-3.011680000000000135e+00
-3.011684999999999945e+00
-3.011661000000000143e+00
-3.011680000000000135e+00
-3.011673000000000044e+00
-3.011664999999999814e+00
-3.011651000000000078e+00
-3.010181999999999913e+00
-3.009574000000000193e+00
-3.008773999999999837e+00
-3.011680999999999830e+00
-3.011684999999999945e+00
-3.011658999999999864e+00
-3.011671999999999905e+00
-3.011664999999999814e+00
-3.011664000000000119e+00
-3.011684999999999945e+00
-3.011661999999999839e+00
-3.009526999999999841e+00
-3.011658999999999864e+00
-3.011676000000000020e+00
-3.011684999999999945e+00
-3.011664999999999814e+00
-3.011684999999999945e+00
-3.011664000000000119e+00
-3.009888000000000119e+00
-3.011680999999999830e+00
-3.010190000000000143e+00
-3.011660000000000004e+00
-3.009097000000000133e+00
-3.008863999999999983e+00
-3.011423999999999879e+00
-3.011658999999999864e+00
-3.011684999999999945e+00
-3.011680999999999830e+00
-3.011680000000000135e+00
-3.011661999999999839e+00
-3.011676000000000020e+00
-3.011680999999999830e+00
-3.011661999999999839e+00
-3.011664000000000119e+00
-3.011658000000000168e+00
-3.011680000000000135e+00
-3.009386000000000116e+00
-3.008856999999999893e+00
-3.011673000000000044e+00
-3.011677000000000159e+00
-3.011684999999999945e+00
-3.011664999999999814e+00
-3.011684999999999945e+00
-3.011680999999999830e+00
-3.011670000000000069e+00
-3.010575999999999919e+00
-3.011671999999999905e+00
-3.011673000000000044e+00
-3.011661999999999839e+00
-3.011684999999999945e+00
-3.011676000000000020e+00
-3.011673000000000044e+00
-3.011676000000000020e+00
-3.011680000000000135e+00
-3.010942000000000007e+00
-3.011670000000000069e+00
-3.011670000000000069e+00
-3.011680000000000135e+00
-3.011677000000000159e+00
-3.011673000000000044e+00
-3.011670000000000069e+00
-3.011680000000000135e+00
-3.011676000000000020e+00
-3.011670000000000069e+00
-3.011680999999999830e+00
-3.011684999999999945e+00
-3.011677000000000159e+00
-3.011684999999999945e+00
-3.011677000000000159e+00
-3.011048999999999864e+00
-3.008757999999999821e+00
-3.011680000000000135e+00
-3.011670000000000069e+00
-3.011684999999999945e+00
-3.011670000000000069e+00
-3.011670000000000069e+00
-3.011680999999999830e+00
-3.011664000000000119e+00
-3.011677000000000159e+00
-3.011664999999999814e+00
-3.011673000000000044e+00
-3.011660000000000004e+00
-3.011661999999999839e+00
-3.011680999999999830e+00
-3.008993999999999946e+00
-3.011660000000000004e+00
-3.009155999999999942e+00
-3.011671999999999905e+00
-3.011671999999999905e+00
-3.011660000000000004e+00
-3.011671999999999905e+00
-1.881563000000000097e+00
-1.881648999999999905e+00
-1.881647999999999987e+00
-1.881652000000000102e+00
-1.880541000000000018e+00
-1.881655000000000078e+00
-1.881656999999999913e+00
-1.881664000000000003e+00
-1.881656999999999913e+00
-1.881655000000000078e+00
-1.880517999999999912e+00
-1.881642000000000037e+00
-1.881656999999999913e+00
-1.881640999999999897e+00
-1.881655000000000078e+00
-1.881664000000000003e+00
-1.881642999999999954e+00
-1.881652000000000102e+00
-1.881656999999999913e+00
-1.880808999999999953e+00
-1.881083000000000061e+00
-1.881658999999999970e+00
-1.881639000000000062e+00
-1.881434999999999969e+00
-1.881645000000000012e+00
-1.881658999999999970e+00
-1.881655000000000078e+00
-1.881656999999999913e+00
-1.881650000000000045e+00
-1.881396000000000068e+00
-1.881661999999999946e+00
-1.881644000000000094e+00
-1.881653000000000020e+00
-1.881661000000000028e+00
-1.881664000000000003e+00
-1.881664000000000003e+00
-1.881661999999999946e+00
-1.881655000000000078e+00
-1.881664000000000003e+00
-1.881645000000000012e+00
-1.881653000000000020e+00
-1.881639000000000062e+00
-1.881653000000000020e+00
-1.881640999999999897e+00
-1.880594000000000099e+00
-1.881640999999999897e+00
-1.881661000000000028e+00
-1.881642000000000037e+00
-1.881658999999999970e+00
-1.881658999999999970e+00
-1.881656999999999913e+00
-1.881640999999999897e+00
-1.881661000000000028e+00
-1.881631999999999971e+00
-1.881647000000000070e+00
-1.880854000000000026e+00
-1.881661999999999946e+00
-1.881645000000000012e+00
-1.881648999999999905e+00
-1.881661000000000028e+00
-1.881650000000000045e+00
-1.881642999999999954e+00
-1.881647000000000070e+00
-1.881658999999999970e+00
-1.881064000000000069e+00
-1.881639000000000062e+00
-1.881664000000000003e+00
-1.880975999999999981e+00
-1.881664000000000003e+00
-1.881658999999999970e+00
-1.881661000000000028e+00
-1.881652000000000102e+00
-1.881655000000000078e+00
-1.881656999999999913e+00
-1.881658999999999970e+00
-1.881644000000000094e+00
-1.881652000000000102e+00
-1.880743000000000054e+00
-1.880514000000000019e+00
-1.881653000000000020e+00
-1.881218000000000057e+00
-1.881645000000000012e+00
-1.880546999999999969e+00
-1.881653000000000020e+00
-1.881647000000000070e+00
-1.881647999999999987e+00
-1.881650000000000045e+00
-1.881652000000000102e+00
-1.881661999999999946e+00
-1.881639000000000062e+00
-1.881652000000000102e+00
-1.881650000000000045e+00
-1.880662000000000056e+00
-1.881658999999999970e+00
-1.880633999999999917e+00
-1.881656999999999913e+00
-1.881642000000000037e+00
-1.881637999999999922e+00
-1.881644000000000094e+00
-1.881647000000000070e+00
