0.000000
0.000000
0.000309
0.000627
0.000947
0.001269
0.001591
0.001913
0.002235
0.002556
0.002876
0.003195
0.003513
0.003831
0.004147
0.004462
0.004776
0.005090
0.005402
0.005714
0.006024
0.006334
0.006643
0.006951
0.007258
0.007565
0.007871
0.008176
0.008480
0.008784
0.009087
0.009389
0.009691
0.009992
0.010293
0.010593
0.010892
0.011191
0.011489
0.011787
0.012085
0.012382
0.012678
0.012974
0.013270
0.013565
0.013860
0.014154
0.014448
0.014742
0.015036
0.015329
0.015622
0.015914
0.016206
0.016498
0.016790
0.017082
0.017373
0.017664
0.017955
0.018245
0.018536
0.018826
0.019116
0.019406
0.019696
0.019985
0.020275
0.020564
0.020853
0.021142
0.021431
0.021719
0.022008
0.022297
0.022585
0.022873
0.023162
0.023450
0.023738
0.024026
0.024314
0.024601
0.024889
0.025177
0.025465
0.025752
0.026040
0.026327
0.026615
0.026902
0.027189
0.027477
0.027764
0.028052
0.028339
0.028626
0.028913
0.029201
0.029488
0.029775
0.030063
0.030350
0.030637
0.030924
0.031212
0.031499
0.031787
0.032074
0.032361
0.032649
0.032936
0.033224
0.033511
0.033799
0.034087
0.034374
0.034662
0.034950
0.035238
0.035526
0.035814
0.036102
0.036390
0.036678
0.036967
0.037255
0.037544
0.037832
0.038121
0.038410
0.038699
0.038988
0.039278
0.039567
0.039857
0.040147
0.040437
0.040727
0.041017
0.041308
0.041598
0.041889
0.042180
0.042471
0.042763
0.043054
0.043346
0.043638
0.043930
0.044222
0.044515
0.044808
0.045101
0.045394
0.045687
0.045981
0.046274
0.046568
0.046862
0.047157
0.047451
0.047746
0.048041
0.048336
0.048632
0.048927
0.049223
0.049519
0.049815
0.050112
0.050409
0.050706
0.051003
0.051300
0.051598
0.051896
0.052194
0.052493
0.052791
0.053090
0.053389
0.053689
0.053988
0.054288
0.054588
0.054889
0.055189
0.055490
0.055791
0.056092
0.056393
0.056694
0.056995
0.057297
0.057599
0.057901
0.058203
0.058506
0.058809
0.059112
0.059415
0.059718
0.060021
0.060325
0.060627
0.060929
0.061231
0.061533
0.061834
0.062136
0.062438
0.062741
0.063043
0.063345
0.063648
0.063951
0.064253
0.064556
0.064860
0.065164
0.065467
0.065771
0.066076
0.066381
0.066685
0.066991
0.067296
0.067603
0.067909
0.068215
0.068522
0.068830
0.069137
0.069444
0.069752
0.070060
0.070367
0.070675
0.070983
0.071292
0.071600
0.071909
0.072218
0.072527
0.072837
0.073146
0.073456
0.073767
0.074078
0.074388
0.074700
0.075012
0.075323
0.075636
0.075948
0.076262
0.076575
0.076889
0.077203
0.077517
0.077832
0.078148
0.078463
0.078779
0.079095
0.079412
0.079730
0.080047
0.080365
0.080683
0.081002
0.081322
0.081641
0.081961
0.082282
0.082603
0.082924
0.083246
0.083568
0.083890
0.084213
0.084537
0.084861
0.085184
0.085509
0.085833
0.086159
0.086483
0.086809
0.087135
0.087461
0.087789
0.088116
0.088443
0.088771
0.089100
0.089429
0.089758
0.090088
0.090418
0.090750
0.091081
0.091413
0.091745
0.092078
0.092412
0.092746
0.093080
0.093415
0.093750
0.094086
0.094423
0.094759
0.095096
0.095432
0.095770
0.096107
0.096445
0.096783
0.097121
0.097460
0.097799
0.098139
0.098479
0.098820
0.099160
0.099502
0.099844
0.100187
0.100530
0.100874
0.101218
0.101562
0.101908
0.102254
0.102601
0.102947
0.103295
0.103643
0.103992
0.104341
0.104692
0.105042
0.105393
0.105745
0.106098
0.106451
0.106805
0.107159
0.107514
0.107870
0.108226
0.108583
0.108941
0.109300
0.109659
0.110018
0.110378
0.110740
0.111101
0.111464
0.111828
0.112191
0.112555
0.112920
0.113286
0.113653
0.114021
0.114389
0.114758
0.115127
0.115497
0.115868
0.116240
0.116612
0.116986
0.117359
0.117734
0.118109
0.118485
0.118862
0.119240
0.119619
0.119998
0.120378
0.120759
0.121140
0.121523
0.121907
0.122291
0.122676
0.123061
0.123448
0.123835
0.124223
0.124613
0.125003
0.125395
0.125786
0.126178
0.126571
0.126965
0.127361
0.127757
0.128155
0.128553
0.128951
0.129351
0.129751
0.130152
0.130555
0.130959
0.131363
0.131769
0.132175
0.132582
0.132989
0.133398
0.133809
0.134220
0.134632
0.135046
0.135459
0.135874
0.136290
0.136707
0.137125
0.137544
0.137965
0.138387
0.138808
0.139231
0.139655
0.140080
0.140507
0.140935
0.141364
0.141794
0.142224
0.142656
0.143089
0.143523
0.143958
0.144395
0.144833
0.145273
0.145712
0.146152
0.146594
0.147038
0.147483
0.147929
0.148376
0.148825
0.149276
0.149726
0.150177
0.150630
0.151084
0.151540
0.151998
0.152456
0.152917
0.153378
0.153840
0.154303
0.154767
0.155233
0.155701
0.156170
0.156641
0.157113
0.157587
0.158060
0.158535
0.159012
0.159490
0.159970
0.160452
0.160935
0.161420
0.161906
0.162392
0.162880
0.163370
0.163861
0.164355
0.164849
0.165346
0.165844
0.166344
0.166844
0.167346
0.167850
0.168355
0.168862
0.169371
0.169882
0.170395
0.170909
0.171424
0.171940
0.172459
0.172979
0.173501
0.174025
0.174551
0.175080
0.175610
0.176140
0.176672
0.177206
0.177742
0.178281
0.178821
0.179363
0.179908
0.180455
0.181002
0.181551
0.182102
0.182655
0.183211
0.183769
0.184329
0.184891
0.185456
0.186020
0.186587
0.187157
0.187729
0.188303
0.188879
0.189458
0.190040
0.190623
0.191207
0.191794
0.192383
0.192974
0.193568
0.194165
0.194764
0.195366
0.195970
0.196574
0.197182
0.197791
0.198404
0.199019
0.199637
0.200258
0.200881
0.201507
0.202136
0.202765
0.203397
0.204031
0.204669
0.205309
0.205952
0.206598
0.207247
0.207897
0.208550
0.209206
0.209865
0.210526
0.211191
0.211859
0.212530
0.213204
0.213881
0.214559
0.215239
0.215923
0.216610
0.217300
0.217994
0.218691
0.219391
0.220094
0.220801
0.221508
0.222219
0.222933
0.223650
0.224371
0.225096
0.225824
0.226556
0.227291
0.228030
0.228770
0.229513
0.230260
0.231011
0.231766
0.232525
0.233287
0.234054
0.234824
0.235598
0.236377
0.237156
0.237939
0.238726
0.239518
0.240313
0.241114
0.241918
0.242727
0.243540
0.244358
0.245180
0.246007
0.246834
0.247666
0.248502
0.249344
0.250190
0.251042
0.251898
0.252759
0.253625
0.254496
0.255369
0.256247
0.257130
0.258019
0.258913
0.259812
0.260717
0.261627
0.262540
0.263458
0.264382
0.265312
0.266248
0.267189
0.268134
0.269085
0.270042
0.271006
0.271975
0.272950
0.273929
0.274915
0.275906
0.276905
0.277909
0.278918
0.279934
0.280957
0.281986
0.283021
0.284062
0.285109
0.286164
0.287225
0.288291
0.289365
0.290446
0.291533
0.292627
0.293727
0.294835
0.295950
0.297070
0.298198
0.299333
0.300475
0.301623
0.302778
0.303939
0.305107
0.306282
0.307463
0.308651
0.309844
0.311044
0.312250
0.313462
0.314679
0.315902
0.317130
0.318363
0.319601
0.320845
0.322093
0.323347
0.324606
0.325871
0.327141
0.328418
0.329700
0.330990
0.332285
0.333588
0.334899
0.336218
0.337545
0.338881
0.340226
0.341581
0.342945
0.344320
0.345704
0.347100
0.348505
0.349922
0.351350
0.352789
0.354239
0.355700
0.357174
0.358659
0.360156
0.361666
0.363187
0.364721
0.366268
0.367827
0.369400
0.370986
0.372585
0.374198
0.375824
0.377464
0.379119
0.380787
0.382470
0.384168
0.385880
0.387607
0.389350
0.391108
0.392881
0.394670
0.396475
0.398296
0.400134
0.401988
0.403858
0.405746
0.407650
0.409571
0.411510
0.413467
0.415441
0.417433
0.419443
0.421471
0.423519
0.425585
0.427669
0.429773
0.431897
0.434040
0.436203
0.438386
0.440591
0.442816
0.445062
0.447330
0.449620
0.451932
0.454267
0.456624
0.459004
0.461407
0.463834
0.466285
0.468760
0.471260
0.473784
0.476333
0.478908
0.481507
0.484133
0.486785
0.489463
0.492168
0.494900
0.497659
0.500445
0.503258
0.506099
0.508968
0.511866
0.514791
0.517745
0.520729
0.523742
0.526783
0.529854
0.532955
0.536084
0.539243
0.542432
0.545651
0.548901
0.552180
0.555489
0.558829
0.562200
0.565600
0.569031
0.572491
0.575980
0.579497
0.583043
0.586615
0.590212
0.593835
0.597481
0.601147
0.604826
0.608522
0.612230
0.615943
0.619658
0.623362
0.627055
0.630726
0.634372
0.637985
0.641563
0.645098
0.648585
0.652016
0.655387
0.658695
0.661939
0.665112
0.668212
0.671235
0.674178
0.677026
0.679751
0.682329
0.684755
0.687023
0.689138
0.691096
0.692899
0.694545
0.696035
0.697373
0.698559
0.699596
0.700487
0.701248
0.701903
0.702469
0.702956
0.703372
0.703726
0.704025
0.704278
0.704492
0.704672
0.704824
0.704952
0.705060
0.705152
0.705230
0.705297
0.705355
0.705407
0.705452
0.705493
0.705530
0.705565
0.705598
0.705630
0.705661
0.705691
0.705720
0.705749
0.705777
0.705805
0.705833
0.705861
0.705888
0.705915
0.705942
0.705970
0.705996
0.706023
0.706050
0.706077
0.706103
0.706130
0.706156
0.706182
0.706209
0.706235
0.706261
0.706287
0.706313
0.706339
0.706365
0.706391
0.706417
0.706442
0.706468
0.706494
0.706519
0.706545
0.706570
0.706595
0.706621
0.706646
0.706671
0.706696
0.706721
0.706746
0.706771
0.706796
0.706821
0.706846
0.706871
0.706895
0.706920
0.706945
0.706970
0.706994
0.707019
0.707043
0.707068
0.707092
0.707117
0.707141
0.707166
0.707190
0.707214
0.707239
0.707263
0.707287
0.707311
0.707335
0.707360
0.707384
0.707408
0.707432
0.707455
0.707479
0.707503
0.707527
0.707551
0.707575
0.707598
0.707622
0.707646
0.707670
0.707693
0.707717
0.707741
0.707764
0.707788
0.707811
0.707835
0.707858
0.707882
0.707905
0.707929
0.707952
0.707976
0.707999
0.708022
0.708046
0.708069
0.708092
0.708116
0.708139
0.708162
0.708186
0.708209
0.708232
0.708255
0.708279
0.708302
0.708325
0.708348
0.708371
0.708395
0.708418
0.708441
0.708464
0.708487
0.708510
0.708534
0.708557
0.708580
0.708603
0.708626
0.708649
0.708672
0.708695
0.708718
0.708741
0.708764
0.708787
0.708810
0.708833
0.708856
0.708878
0.708901
0.708924
0.708947
0.708970
0.708993
0.709016
0.709039
0.709062
0.709084
0.709107
0.709130
0.709153
0.709176
0.709199
0.709222
0.709244
0.709267
0.709290
0.709313
0.709336
0.709358
0.709381
0.709404
0.709427
0.709449
0.709472
0.709495
0.709517
0.709540
0.709563
0.709585
0.709608
0.709631
0.709653
0.709676
0.709699
0.709721
0.709744
0.709766
0.709789
0.709811
0.709834
0.709856
0.709879
0.709901
0.709924
0.709946
0.709969
0.709991
0.710013
0.710036
0.710058
0.710081
0.710103
0.710125
0.710148
0.710170
0.710192
0.710214
0.710237
0.710259
0.710281
0.710303
0.710326
0.710348
0.710370
0.710392
0.710414
0.710437
0.710459
0.710481
0.710503
0.710525
0.710547
0.710569
0.710591
0.710613
0.710635
0.710657
0.710679
0.710701
0.710723
0.710745
0.710767
0.710789
0.710811
0.710833
0.710855
0.710877
0.710899
0.710921
0.710943
0.710965
0.710986
0.711008
0.711030
0.711052
0.711074
0.711095
0.711117
0.711139
0.711161
0.711183
0.711204
0.711226
0.711248
0.711269
0.711291
0.711313
0.711334
0.711356
0.711377
0.711399
0.711421
0.711442
0.711464
0.711485
0.711507
0.711528
0.711550
0.711571
0.711593
0.711614
0.711635
0.711657
0.711678
0.711700
0.711721
0.711742
0.711764
0.711785
0.711806
0.711828
0.711849
0.711870
0.711892
0.711913
0.711934
0.711955
0.711976
0.711998
0.712019
0.712040
0.712061
0.712082
0.712103
0.712124
0.712145
0.712166
0.712187
0.712208
0.712229
0.712250
0.712271
0.712292
0.712313
0.712334
0.712355
0.712376
0.712397
0.712418
0.712439
0.712460
0.712481
0.712502
0.712523
0.712544
0.712565
0.712586
0.712606
0.712627
0.712648
0.712669
0.712690
0.712711
0.712731
0.712752
0.712773
0.712794
0.712815
0.712836
0.712856
0.712877
0.712898
0.712919
0.712939
0.712960
0.712981
0.713002
0.713022
0.713043
0.713064
0.713084
0.713105
0.713126
0.713147
0.713167
0.713188
0.713209
0.713229
0.713250
0.713271
0.713291
0.713312
0.713333
0.713353
0.713374
0.713394
0.713415
0.713436
0.713456
0.713477
0.713497
0.713518
0.713538
0.713559
0.713579
0.713600
0.713620
0.713640
0.713661
0.713681
0.713702
0.713722
0.713742
0.713763
0.713783
0.713804
0.713824
0.713844
0.713865
0.713885
0.713905
0.713926
0.713946
0.713966
0.713987
0.714007
0.714027
0.714048
0.714068
0.714088
0.714109
0.714129
0.714150
0.714171
0.714192
0.714213
0.714234
0.714255
0.714276
0.714297
0.714318
0.714339
0.714361
0.714382
0.714404
0.714425
0.714447
0.714469
0.714490
0.714512
0.714534
0.714556
0.714578
0.714600
0.714622
0.714644
0.714666
0.714688
0.714710
0.714733
0.714755
0.714777
0.714800
0.714822
0.714844
0.714867
0.714889
0.714912
0.714934
0.714956
0.714979
0.715001
0.715024
0.715046
0.715069
0.715091
0.715114
0.715137
0.715159
0.715182
0.715204
0.715226
0.715248
0.715270
0.715292
0.715314
0.715336
0.715358
0.715380
0.715402
0.715423
0.715445
0.715467
0.715488
0.715510
0.715531
0.715553
0.715574
0.715595
0.715617
0.715638
0.715659
0.715681
0.715702
0.715723
0.715744
0.715766
0.715787
0.715808
0.715829
0.715850
0.715871
0.715892
0.715913
0.715934
0.715956
0.715977
0.715998
0.716019
0.716040
0.716060
0.716081
0.716102
0.716123
0.716144
0.716165
0.716186
0.716207
0.716228
0.716249
0.716269
0.716290
0.716311
0.716332
0.716352
0.716373
0.716393
0.716414
0.716435
0.716455
0.716476
0.716496
0.716517
0.716537
0.716557
0.716578
0.716598
0.716619
0.716639
0.716659
0.716680
0.716700
0.716720
0.716740
0.716761
0.716781
0.716801
0.716821
0.716841
0.716861
0.716882
0.716902
0.716922
0.716942
0.716962
0.716982
0.717002
0.717022
0.717042
0.717062
0.717082
0.717102
0.717122
0.717142
0.717162
0.717182
0.717202
0.717221
0.717241
0.717261
0.717281
0.717301
0.717321
0.717341
0.717361
0.717380
0.717400
0.717420
0.717440
0.717460
0.717480
0.717499
0.717519
0.717539
0.717559
0.717578
0.717598
0.717618
0.717637
0.717657
0.717677
0.717696
0.717716
0.717735
0.717755
0.717774
0.717794
0.717813
0.717833
0.717852
0.717872
0.717891
0.717911
0.717930
0.717949
0.717969
0.717988
0.718007
0.718027
0.718046
0.718065
0.718085
0.718104
0.718123
0.718142
0.718161
0.718181
0.718200
0.718219
0.718238
0.718257
0.718277
0.718296
0.718315
0.718334
0.718353
0.718372
0.718391
0.718410
0.718430
0.718449
0.718468
0.718487
0.718506
0.718525
0.718544
0.718563
0.718582
0.718601
0.718620
0.718639
0.718658
0.718677
0.718696
0.718715
0.718734
0.718753
0.718772
0.718791
0.718810
0.718828
0.718847
0.718866
0.718885
0.718904
0.718923
0.718942
0.718961
0.718979
0.718998
0.719017
0.719036
0.719055
0.719074
0.719092
0.719111
0.719130
0.719149
0.719168
0.719186
0.719205
0.719224
0.719243
0.719261
0.719280
0.719299
0.719318
0.719336
0.719355
0.719374
0.719392
0.719411
0.719430
0.719449
0.719467
0.719486
0.719504
0.719523
0.719542
0.719560
0.719579
0.719598
0.719616
0.719635
0.719653
0.719672
0.719691
0.719709
0.719728
0.719746
0.719765
0.719783
0.719802
0.719820
0.719839
0.719857
0.719876
0.719894
0.719913
0.719931
0.719950
0.719968
0.719986
0.720005
0.720023
0.720042
0.720060
0.720078
0.720097
0.720115
0.720133
0.720152
0.720170
0.720188
0.720206
0.720225
0.720243
0.720261
0.720279
0.720298
0.720316
0.720334
0.720352
0.720370
0.720388
0.720406
0.720424
0.720442
0.720460
0.720478
0.720496
0.720514
0.720532
0.720550
0.720568
0.720586
0.720604
0.720622
0.720640
0.720658
0.720676
0.720694
0.720712
0.720729
0.720747
0.720765
0.720783
0.720801
0.720818
0.720836
0.720854
0.720872
0.720890
0.720907
0.720925
0.720943
0.720960
0.720978
0.720996
0.721013
0.721031
0.721049
0.721066
0.721084
0.721102
0.721119
0.721137
0.721154
0.721172
0.721190
0.721207
0.721225
0.721242
0.721260
0.721277
0.721295
0.721313
0.721330
0.721348
0.721366
0.721384
0.721402
0.721420
0.721438
0.721456
0.721474
0.721493
0.721511
0.721529
0.721547
0.721566
0.721584
0.721602
0.721621
0.721639
0.721657
0.721676
0.721694
0.721712
0.721731
0.721749
0.721767
0.721786
0.721804
0.721822
0.721840
0.721859
0.721877
0.721895
0.721913
0.721931
0.721949
0.721968
0.721986
0.722004
0.722022
0.722040
0.722058
0.722076
0.722094
0.722112
0.722130
0.722148
0.722166
0.722184
0.722202
0.722220
0.722238
0.722255
0.722273
0.722291
0.722309
0.722327
0.722345
0.722362
0.722380
0.722398
0.722416
0.722434
0.722451
0.722469
0.722487
0.722505
0.722522
0.722540
0.722558
0.722575
0.722593
0.722611
0.722628
0.722646
0.722664
0.722681
0.722699
0.722717
0.722734
0.722752
0.722770
0.722787
0.722805
0.722822
0.722840
0.722858
0.722875
0.722893
0.722910
0.722928
0.722945
0.722963
0.722980
0.722998
0.723015
0.723033
0.723050
0.723068
0.723085
0.723103
0.723120
0.723138
0.723155
0.723173
0.723190
0.723207
0.723225
0.723242
0.723260
0.723277
0.723294
0.723312
0.723329
0.723346
0.723364
0.723381
0.723398
0.723416
0.723433
0.723450
0.723467
0.723485
0.723502
0.723519
0.723536
0.723554
0.723571
0.723588
0.723605
0.723622
0.723639
0.723657
0.723674
0.723691
0.723708
0.723725
0.723742
0.723759
0.723776
0.723793
0.723810
0.723827
0.723844
0.723860
0.723877
0.723894
0.723910
0.723927
0.723943
0.723960
0.723976
0.723993
0.724009
0.724026
0.724042
0.724059
0.724075
0.724091
0.724108
0.724124
0.724140
0.724156
0.724172
0.724189
0.724205
0.724221
0.724237
0.724253
0.724269
0.724285
0.724301
0.724317
0.724333
0.724349
0.724365
0.724381
0.724397
0.724413
0.724429
0.724445
0.724461
0.724477
0.724493
0.724509
0.724525
0.724541
0.724556
0.724572
0.724588
0.724604
0.724620
0.724635
0.724651
0.724667
0.724683
0.724698
0.724714
0.724730
0.724746
0.724761
0.724777
0.724793
0.724808
0.724824
0.724839
0.724855
0.724871
0.724886
0.724902
0.724917
0.724933
0.724948
0.724964
0.724979
0.724995
0.725010
0.725026
0.725041
0.725056
0.725072
0.725087
0.725103
0.725118
0.725133
0.725149
0.725164
0.725179
0.725194
0.725210
0.725225
0.725240
0.725255
0.725271
0.725286
0.725301
0.725316
0.725331
0.725346
0.725361
0.725376
0.725392
0.725407
0.725422
0.725437
0.725452
0.725467
0.725482
0.725496
0.725511
0.725526
0.725541
0.725556
0.725571
0.725586
0.725601
0.725616
0.725630
0.725645
0.725660
0.725675
0.725690
0.725704
0.725719
0.725734
0.725749
0.725763
0.725778
0.725793
0.725807
0.725822
0.725837
0.725851
0.725866
0.725881
0.725895
0.725910
0.725924
0.725939
0.725953
0.725968
0.725983
0.725997
0.726012
0.726026
0.726041
0.726055
0.726070
0.726084
0.726098
0.726113
0.726127
0.726142
0.726156
0.726171
0.726185
0.726199
0.726214
0.726228
0.726242
0.726257
0.726271
0.726285
0.726300
0.726314
0.726328
0.726343
0.726357
0.726371
0.726385
0.726400
0.726414
0.726428
0.726442
0.726457
0.726471
0.726485
0.726499
0.726513
0.726528
0.726542
0.726556
0.726570
0.726584
0.726598
0.726612
0.726627
0.726641
0.726655
0.726670
0.726684
0.726699
0.726713
0.726728
0.726742
0.726757
0.726771
0.726786
0.726801
0.726815
0.726830
0.726845
0.726860
0.726875
0.726889
0.726904
0.726919
0.726934
0.726949
0.726964
0.726979
0.726994
0.727009
0.727024
0.727039
0.727054
0.727069
0.727085
0.727100
0.727115
0.727130
0.727145
0.727160
0.727176
0.727191
0.727206
0.727221
0.727236
0.727252
0.727267
0.727282
0.727297
0.727312
0.727328
0.727343
0.727358
0.727373
0.727388
0.727404
0.727419
0.727434
0.727449
0.727464
0.727479
0.727495
0.727510
0.727525
0.727540
0.727555
0.727570
0.727585
0.727600
0.727616
0.727631
0.727646
0.727661
0.727676
0.727691
0.727706
0.727721
0.727736
0.727751
0.727766
0.727781
0.727796
0.727811
0.727826
0.727840
0.727855
0.727870
0.727885
0.727900
0.727915
0.727930
0.727944
0.727959
0.727974
0.727989
0.728003
0.728018
0.728033
0.728048
0.728062
0.728077
0.728092
0.728106
0.728121
0.728136
0.728150
0.728165
0.728179
0.728194
0.728208
0.728223
0.728237
0.728252
0.728266
0.728281
0.728295
0.728310
0.728324
0.728338
0.728353
0.728367
0.728382
0.728396
0.728410
0.728425
0.728439
0.728453
0.728467
0.728482
0.728496
0.728510
0.728524
0.728538
0.728553
0.728567
0.728581
0.728595
0.728609
0.728623
0.728637
0.728652
0.728666
0.728680
0.728694
0.728708
0.728722
0.728736
0.728750
0.728764
0.728778
0.728792
0.728805
0.728819
0.728833
0.728847
0.728861
0.728875
0.728889
0.728902
0.728916
0.728929
0.728943
0.728956
0.728970
0.728983
0.728997
0.729010
0.729023
0.729036
0.729050
0.729063
0.729076
0.729089
0.729102
0.729115
0.729128
0.729141
0.729154
0.729167
0.729180
0.729193
0.729206
0.729219
0.729231
0.729244
0.729257
0.729270
0.729282
0.729295
0.729308
0.729321
0.729333
0.729346
0.729359
0.729371
0.729384
0.729397
0.729409
0.729422
0.729435
0.729447
0.729460
0.729472
0.729485
0.729497
0.729510
0.729522
0.729535
0.729547
0.729560
0.729572
0.729585
0.729597
0.729610
0.729622
0.729634
0.729647
0.729659
0.729672
0.729684
0.729696
0.729709
0.729721
0.729733
0.729746
0.729758
0.729770
0.729783
0.729795
0.729807
0.729820
0.729832
0.729844
0.729856
0.729869
0.729881
0.729893
0.729905
0.729918
0.729930
0.729942
0.729954
0.729966
0.729978
0.729991
0.730003
0.730015
0.730027
0.730039
0.730051
0.730063
0.730075
0.730087
0.730100
0.730112
0.730124
0.730136
0.730148
0.730160
0.730172
0.730184
0.730196
0.730208
0.730220
0.730232
0.730244
0.730256
0.730268
0.730280
0.730292
0.730304
0.730316
0.730327
0.730339
0.730351
0.730363
0.730375
0.730387
0.730399
0.730411
0.730422
0.730434
0.730446
0.730458
0.730470
0.730482
0.730493
0.730505
0.730517
0.730529
0.730540
0.730552
0.730564
0.730576
0.730587
0.730599
0.730611
0.730623
0.730634
0.730646
0.730658
0.730669
0.730681
0.730693
0.730704
0.730716
0.730727
0.730739
0.730750
0.730761
0.730772
0.730783
0.730794
0.730805
0.730816
0.730827
0.730838
0.730849
0.730860
0.730870
0.730881
0.730891
0.730902
0.730913
0.730923
0.730933
0.730944
0.730954
0.730965
0.730975
0.730985
0.730995
0.731006
0.731016
0.731026
0.731036
0.731046
0.731056
0.731066
0.731076
0.731087
0.731097
0.731107
0.731117
0.731127
0.731137
0.731146
0.731156
0.731166
0.731176
0.731186
0.731196
0.731206
0.731216
0.731226
0.731236
0.731245
0.731255
0.731265
0.731275
0.731285
0.731295
0.731304
0.731314
0.731324
0.731334
0.731343
0.731353
0.731363
0.731373
0.731382
0.731392
0.731402
0.731411
0.731421
0.731431
0.731440
0.731450
0.731459
0.731469
0.731479
0.731488
0.731498
0.731508
0.731517
0.731527
0.731536
0.731546
0.731555
0.731565
0.731574
0.731584
0.731593
0.731603
0.731612
0.731622
0.731631
0.731641
0.731650
0.731660
0.731669
0.731679
0.731688
0.731697
0.731707
0.731716
0.731726
0.731735
0.731744
0.731754
0.731763
0.731772
0.731782
0.731791
0.731800
0.731810
0.731819
0.731828
0.731838
0.731847
0.731856
0.731865
0.731875
0.731884
0.731893
0.731902
0.731912
0.731921
0.731930
0.731940
0.731949
0.731959
0.731968
0.731978
0.731987
0.731997
0.732006
0.732016
0.732025
0.732035
0.732045
0.732054
0.732064
0.732074
0.732083
0.732093
0.732103
0.732112
0.732122
0.732132
0.732141
0.732151
0.732161
0.732170
0.732180
0.732189
0.732199
0.732209
0.732218
0.732228
0.732238
0.732247
0.732257
0.732266
0.732276
0.732285
0.732295
0.732304
0.732314
0.732323
0.732333
0.732342
0.732352
0.732361
0.732370
0.732380
0.732389
0.732398
0.732408
0.732417
0.732426
0.732436
0.732445
0.732454
0.732463
0.732473
0.732482
0.732491
0.732500
0.732509
0.732519
0.732528
0.732537
0.732546
0.732555
0.732564
0.732573
0.732582
0.732591
0.732600
0.732609
0.732618
0.732627
0.732636
0.732645
0.732654
0.732663
0.732672
0.732680
0.732689
0.732698
0.732707
0.732716
0.732725
0.732733
0.732742
0.732751
0.732759
0.732768
0.732776
0.732784
0.732793
0.732801
0.732809
0.732817
0.732825
0.732833
0.732841
0.732848
0.732856
0.732864
0.732872
0.732879
0.732887
0.732894
0.732902
0.732909
0.732916
0.732924
0.732931
0.732938
0.732946
0.732953
0.732960
0.732967
0.732974
0.732981
0.732988
0.732995
0.733003
0.733010
0.733016
0.733023
0.733030
0.733037
0.733044
0.733051
0.733058
0.733065
0.733072
0.733078
0.733085
0.733092
0.733099
0.733106
0.733112
0.733119
0.733126
0.733133
0.733139
0.733146
0.733153
0.733159
0.733166
0.733172
0.733179
0.733186
0.733192
0.733199
0.733205
0.733212
0.733218
0.733225
0.733231
0.733238
0.733244
0.733251
0.733257
0.733264
0.733270
0.733277
0.733283
0.733289
0.733296
0.733302
0.733309
0.733315
0.733321
0.733328
0.733334
0.733340
0.733347
0.733353
0.733359
0.733366
0.733372
0.733378
0.733384
0.733391
0.733397
0.733403
0.733409
0.733416
0.733422
0.733428
0.733434
0.733440
0.733447
0.733453
0.733459
0.733465
0.733471
0.733477
0.733484
0.733490
0.733496
0.733502
0.733508
0.733514
0.733520
0.733526
0.733532
0.733539
0.733545
0.733551
0.733557
0.733563
0.733569
0.733575
0.733581
0.733587
0.733593
0.733599
0.733605
0.733611
0.733617
0.733623
0.733629
0.733635
0.733641
0.733647
0.733653
0.733659
0.733665
0.733671
0.733677
0.733682
0.733688
0.733694
0.733700
0.733706
0.733712
0.733718
0.733724
0.733730
0.733736
0.733741
0.733747
0.733753
0.733759
0.733765
0.733771
0.733777
0.733782
0.733788
0.733794
0.733800
0.733806
0.733812
0.733817
0.733823
0.733829
0.733835
0.733841
0.733847
0.733852
0.733858
0.733864
0.733870
0.733876
0.733881
0.733887
0.733893
0.733899
0.733905
0.733910
0.733916
0.733922
0.733928
0.733933
0.733939
0.733944
0.733950
0.733956
0.733961
0.733967
0.733973
0.733978
0.733984
0.733989
0.733995
0.734000
0.734006
0.734012
0.734017
0.734023
0.734028
0.734034
0.734039
0.734045
0.734051
0.734056
0.734062
0.734067
0.734073
0.734079
0.734084
0.734090
0.734095
0.734101
0.734107
0.734112
0.734118
0.734124
0.734129
0.734135
0.734140
0.734146
0.734152
0.734157
0.734163
0.734169
0.734174
0.734180
0.734186
0.734191
0.734197
0.734203
0.734208
0.734214
0.734220
0.734225
0.734231
0.734237
0.734242
0.734248
0.734254
0.734259
0.734265
0.734271
0.734276
0.734282
0.734288
0.734294
0.734299
0.734305
0.734311
0.734316
0.734322
0.734328
0.734333
0.734339
0.734345
0.734351
0.734356
0.734362
0.734368
0.734373
0.734379
0.734385
0.734390
0.734396
0.734402
0.734408
0.734413
0.734419
0.734424
0.734430
0.734435
0.734440
0.734445
0.734451
0.734456
0.734461
0.734466
0.734471
0.734476
0.734481
0.734486
0.734491
0.734496
0.734501
0.734505
0.734510
0.734515
0.734520
0.734525
0.734530
0.734534
0.734539
0.734544
0.734549
0.734554
0.734558
0.734563
0.734568
0.734573
0.734578
0.734582
0.734587
0.734592
0.734597
0.734601
0.734606
0.734611
0.734616
0.734620
0.734625
0.734630
0.734634
0.734639
0.734644
0.734648
0.734653
0.734658
0.734663
0.734667
0.734672
0.734676
0.734681
0.734686
0.734690
0.734695
0.734700
0.734704
0.734709
0.734713
0.734718
0.734723
0.734727
0.734732
0.734736
0.734741
0.734746
0.734750
0.734755
0.734759
0.734764
0.734768
0.734773
0.734777
0.734782
0.734786
0.734791
0.734795
0.734800
0.734804
0.734809
0.734813
0.734818
0.734822
0.734827
0.734831
0.734836
0.734840
0.734845
0.734849
0.734853
0.734858
0.734862
0.734867
0.734871
0.734875
0.734880
0.734884
0.734889
0.734893
0.734897
0.734902
0.734906
0.734910
0.734915
0.734919
0.734923
0.734928
0.734932
0.734936
0.734941
0.734945
0.734949
0.734954
0.734958
0.734962
0.734966
0.734971
0.734975
0.734979
0.734983
0.734988
0.734992
0.734996
0.735000
0.735005
0.735009
0.735013
0.735017
0.735021
0.735026
0.735030
0.735034
0.735038
0.735042
0.735047
0.735051
0.735055
0.735059
0.735063
0.735068
0.735072
0.735077
0.735081
0.735086
0.735091
0.735096
0.735101
0.735106
0.735111
0.735116
0.735121
0.735127
0.735132
0.735137
0.735143
0.735148
0.735154
0.735160
0.735165
0.735171
0.735177
0.735182
0.735188
0.735194
0.735200
0.735206
0.735212
0.735218
0.735224
0.735230
0.735236
0.735242
0.735248
0.735254
0.735260
0.735266
0.735273
0.735279
0.735285
0.735291
0.735297
0.735304
0.735310
0.735316
0.735322
0.735329
0.735335
0.735341
0.735347
0.735354
0.735360
0.735366
0.735372
0.735379
0.735385
0.735391
0.735398
0.735404
0.735410
0.735416
0.735423
0.735429
0.735435
0.735442
0.735448
0.735454
0.735460
0.735467
0.735473
0.735479
0.735486
0.735492
0.735498
0.735505
0.735511
0.735517
0.735523
0.735530
0.735536
0.735542
0.735548
0.735555
0.735561
0.735567
0.735574
0.735580
0.735586
0.735592
0.735599
0.735605
0.735611
0.735617
0.735624
0.735630
0.735636
0.735643
0.735649
0.735655
0.735661
0.735668
0.735674
0.735680
0.735686
0.735693
0.735699
0.735705
0.735711
0.735718
0.735724
0.735730
0.735736
0.735743
0.735749
0.735755
0.735761
0.735768
0.735774
0.735780
0.735786
0.735792
0.735799
0.735805
0.735811
0.735817
0.735824
0.735830
0.735836
0.735842
0.735849
0.735855
0.735861
0.735867
0.735873
0.735880
0.735886
0.735892
0.735898
0.735904
0.735911
0.735917
0.735923
0.735929
0.735936
0.735942
0.735948
0.735954
0.735960
0.735967
0.735973
0.735979
0.735985
0.735991
0.735998
0.736004
0.736010
0.736016
0.736022
0.736029
0.736035
0.736041
0.736047
0.736053
0.736060
0.736066
0.736072
0.736078
0.736084
0.736090
0.736097
0.736103
0.736109
0.736115
0.736121
0.736127
0.736134
0.736140
0.736146
0.736152
0.736158
0.736165
0.736171
0.736177
0.736183
0.736189
0.736195
0.736202
0.736208
0.736214
0.736220
0.736226
0.736232
0.736238
0.736245
0.736251
0.736257
0.736263
0.736269
0.736275
0.736282
0.736288
0.736294
0.736300
0.736306
0.736312
0.736318
0.736325
0.736331
0.736337
0.736343
0.736349
0.736355
0.736361
0.736368
0.736374
0.736380
0.736386
0.736392
0.736398
0.736404
0.736411
0.736417
0.736423
0.736429
0.736435
0.736441
0.736447
0.736453
0.736458
0.736463
0.736468
0.736473
0.736477
0.736482
0.736486
0.736490
0.736494
0.736498
0.736502
0.736506
0.736510
0.736513
0.736517
0.736521
0.736524
0.736528
0.736531
0.736534
0.736538
0.736541
0.736544
0.736547
0.736551
0.736554
0.736557
0.736560
0.736563
0.736566
0.736569
0.736572
0.736575
0.736578
0.736581
0.736584
0.736587
0.736590
0.736593
0.736596
0.736599
0.736602
0.736604
0.736607
0.736610
0.736613
0.736616
0.736619
0.736621
0.736624
0.736627
0.736630
0.736633
0.736635
0.736638
0.736641
0.736644
0.736647
0.736649
0.736652
0.736655
0.736658
0.736660
0.736663
0.736666
0.736669
0.736672
0.736674
0.736677
0.736680
0.736683
0.736685
0.736688
0.736691
0.736694
0.736696
0.736699
0.736702
0.736705
0.736708
0.736710
0.736713
0.736716
0.736719
0.736721
0.736724
0.736727
0.736730
0.736732
0.736735
0.736738
0.736741
0.736743
0.736746
0.736749
0.736752
0.736754
0.736757
0.736760
0.736763
0.736765
0.736768
0.736771
0.736774
0.736776
0.736779
0.736782
0.736785
0.736787
0.736790
0.736793
0.736796
0.736798
0.736801
0.736804
0.736807
0.736809
0.736812
0.736815
0.736817
0.736820
0.736822
0.736825
0.736827
0.736829
0.736832
0.736834
0.736836
0.736839
0.736841
0.736844
0.736846
0.736848
0.736851
0.736853
0.736855
0.736858
0.736860
0.736863
0.736865
0.736867
0.736870
0.736872
0.736874
0.736877
0.736879
0.736881
0.736884
0.736886
0.736888
0.736891
0.736893
0.736895
0.736898
0.736900
0.736902
0.736905
0.736907
0.736909
0.736912
0.736914
0.736916
0.736919
0.736921
0.736923
0.736926
0.736928
0.736930
0.736933
0.736935
0.736937
0.736940
0.736942
0.736944
0.736947
0.736949
0.736951
0.736954
0.736956
0.736958
0.736960
0.736963
0.736965
0.736967
0.736970
0.736972
0.736974
0.736977
0.736979
0.736981
0.736984
0.736986
0.736988
0.736991
0.736993
0.736995
0.736997
0.737000
0.737002
0.737004
0.737007
0.737009
0.737011
0.737014
0.737016
0.737018
0.737021
0.737023
0.737025
0.737027
0.737030
0.737032
0.737034
0.737037
0.737039
0.737041
0.737044
0.737046
0.737048
0.737051
0.737053
0.737055
0.737057
0.737060
0.737062
0.737064
0.737067
0.737069
0.737071
0.737074
0.737076
0.737078
0.737080
0.737083
0.737085
0.737087
0.737089
0.737091
0.737094
0.737096
0.737098
0.737100
0.737102
0.737104
0.737106
0.737108
0.737111
0.737113
0.737115
0.737117
0.737119
0.737121
0.737123
0.737125
0.737128
0.737130
0.737132
0.737134
0.737136
0.737138
0.737140
0.737142
0.737144
0.737147
0.737149
0.737151
0.737153
0.737155
0.737157
0.737159
0.737161
0.737164
0.737166
0.737168
0.737170
0.737172
0.737174
0.737176
0.737178
0.737181
0.737183
0.737185
0.737187
0.737189
0.737191
0.737193
0.737195
0.737198
0.737200
0.737202
0.737204
0.737206
0.737208
0.737210
0.737212
0.737214
0.737217
0.737219
0.737221
0.737223
0.737225
0.737227
0.737229
0.737231
0.737234
0.737236
0.737238
0.737240
0.737242
0.737244
0.737246
0.737248
0.737250
0.737253
0.737255
0.737257
0.737259
0.737261
0.737263
0.737265
0.737267
0.737269
0.737272
0.737274
0.737276
0.737278
0.737280
0.737282
0.737284
0.737286
0.737288
0.737291
0.737293
0.737295
0.737297
0.737299
0.737301
0.737303
0.737305
0.737307
0.737309
0.737311
0.737313
0.737315
0.737318
0.737320
0.737322
0.737324
0.737326
0.737328
0.737330
0.737332
0.737334
0.737336
0.737338
0.737340
0.737342
0.737344
0.737347
0.737349
0.737351
0.737353
0.737355
0.737357
0.737359
0.737361
0.737363
0.737365
0.737367
0.737369
0.737371
0.737373
0.737376
0.737378
0.737380
0.737382
0.737384
0.737386
0.737388
0.737390
0.737392
0.737394
0.737396
0.737398
0.737400
0.737403
0.737405
0.737407
0.737409
0.737411
0.737413
0.737415
0.737417
0.737419
0.737421
0.737423
0.737425
0.737427
0.737429
0.737431
0.737434
0.737436
0.737438
0.737440
0.737442
0.737444
0.737446
0.737448
0.737450
0.737452
0.737454
0.737456
0.737458
0.737460
0.737463
0.737465
0.737467
0.737469
0.737471
0.737473
0.737475
0.737477
0.737479
0.737481
0.737483
0.737485
0.737487
0.737489
0.737491
0.737494
0.737496
0.737498
0.737500
0.737502
0.737504
0.737506
0.737508
0.737510
0.737512
0.737514
0.737516
0.737518
0.737520
0.737522
0.737525
0.737527
0.737529
0.737531
0.737533
0.737535
0.737537
0.737539
0.737541
0.737543
0.737545
0.737547
0.737549
0.737551
0.737553
0.737556
0.737558
0.737560
0.737562
0.737564
0.737566
0.737568
0.737570
0.737572
0.737574
0.737576
0.737578
0.737580
0.737582
0.737584
0.737586
0.737589
0.737591
0.737593
0.737595
0.737597
0.737599
0.737601
0.737603
0.737605
0.737607
0.737609
0.737611
0.737613
0.737615
0.737617
0.737619
0.737622
0.737624
0.737626
0.737628
0.737630
0.737632
0.737634
0.737636
0.737638
0.737640
0.737642
0.737644
0.737646
0.737648
0.737650
0.737652
0.737655
0.737657
0.737659
0.737661
0.737663
0.737665
0.737667
0.737669
0.737671
0.737673
0.737675
0.737677
0.737679
0.737681
0.737683
0.737685
0.737687
0.737690
0.737692
0.737694
0.737696
0.737698
0.737700
0.737702
0.737704
0.737706
0.737708
0.737710
0.737712
0.737714
0.737716
0.737718
0.737720
0.737722
0.737725
0.737727
0.737729
0.737731
0.737733
0.737735
0.737737
0.737739
0.737741
0.737743
0.737745
0.737747
0.737749
0.737751
0.737753
0.737755
0.737757
0.737759
0.737762
0.737764
0.737766
0.737768
0.737770
0.737772
0.737774
0.737776
0.737778
0.737780
0.737782
0.737784
0.737786
0.737788
0.737790
0.737792
0.737794
0.737796
0.737799
0.737801
0.737803
0.737805
0.737807
0.737809
0.737811
0.737813
0.737815
0.737817
0.737819
0.737821
0.737823
0.737825
0.737827
0.737829
0.737831
0.737833
0.737836
0.737838
0.737840
0.737842
0.737844
0.737846
0.737848
0.737850
0.737852
0.737854
0.737856
0.737858
0.737860
0.737862
0.737864
0.737866
0.737868
0.737870
0.737872
0.737874
0.737877
0.737879
0.737881
0.737883
0.737885
0.737887
0.737889
0.737891
0.737893
0.737895
0.737897
0.737899
0.737901
0.737903
0.737905
0.737907
0.737909
0.737911
0.737913
0.737916
0.737918
0.737920
0.737922
0.737924
0.737926
0.737928
0.737930
0.737932
0.737934
0.737936
0.737938
0.737940
0.737942
0.737944
0.737946
0.737948
0.737950
0.737952
0.737954
0.737956
0.737959
0.737961
0.737963
0.737965
0.737967
0.737969
0.737971
0.737973
0.737975
0.737977
0.737979
0.737981
0.737983
0.737985
0.737987
0.737989
0.737991
0.737993
0.737995
0.737997
0.737999
0.738002
0.738004
0.738006
0.738008
0.738010
0.738012
0.738014
0.738016
0.738018
0.738020
0.738022
0.738024
0.738026
0.738028
0.738030
0.738032
0.738034
0.738036
0.738038
0.738040
0.738042
0.738044
0.738047
0.738049
0.738051
0.738053
0.738055
0.738057
0.738059
0.738061
0.738063
0.738065
0.738067
0.738069
0.738071
0.738073
0.738075
0.738077
0.738079
0.738081
0.738083
0.738085
0.738087
0.738089
0.738091
0.738094
0.738096
0.738098
0.738100
0.738102
0.738104
0.738106
0.738108
0.738110
0.738112
0.738114
0.738116
0.738118
0.738120
0.738122
0.738124
0.738126
0.738128
0.738130
0.738132
0.738134
0.738136
0.738138
0.738140
0.738143
0.738145
0.738147
0.738149
0.738151
0.738153
0.738155
0.738157
0.738159
0.738161
0.738163
0.738165
0.738167
0.738169
0.738171
0.738173
0.738175
0.738177
0.738179
0.738181
0.738183
0.738185
0.738187
0.738189
0.738191
0.738194
0.738196
0.738198
0.738200
0.738202
0.738204
0.738206
0.738208
0.738210
0.738212
0.738214
0.738216
0.738218
0.738220
0.738222
0.738224
0.738226
0.738228
0.738230
0.738232
0.738234
0.738236
0.738238
0.738240
0.738242
0.738244
0.738247
0.738249
0.738251
0.738253
0.738255
0.738257
0.738259
0.738261
0.738263
0.738265
0.738267
0.738269
0.738271
0.738273
0.738275
0.738277
0.738279
0.738281
0.738283
0.738285
0.738287
0.738289
0.738291
0.738293
0.738295
0.738297
0.738299
0.738301
0.738304
0.738306
0.738308
0.738310
0.738312
0.738314
0.738316
0.738318
0.738320
0.738322
0.738324
0.738326
0.738328
0.738330
0.738332
0.738334
0.738336
0.738338
0.738340
0.738342
0.738344
0.738346
0.738348
0.738350
0.738352
0.738354
0.738356
0.738358
0.738360
0.738362
0.738365
0.738367
0.738369
0.738371
0.738373
0.738375
0.738377
0.738379
0.738381
0.738383
0.738385
0.738387
0.738389
0.738391
0.738393
0.738395
0.738397
0.738399
0.738401
0.738403
0.738405
0.738407
0.738409
0.738411
0.738413
0.738415
0.738417
0.738419
0.738421
0.738423
0.738425
0.738427
0.738430
0.738432
0.738434
0.738436
0.738438
0.738440
0.738442
0.738444
0.738446
0.738448
0.738450
0.738452
0.738454
0.738456
0.738458
0.738460
0.738462
0.738464
