0.000000
0.000000
0.000327
0.000655
0.000983
0.001311
0.001639
0.001967
0.002295
0.002623
0.002952
0.003280
0.003608
0.003936
0.004264
0.004593
0.004921
0.005249
0.005577
0.005906
0.006234
0.006562
0.006891
0.007219
0.007547
0.007876
0.008204
0.008533
0.008861
0.009190
0.009518
0.009847
0.010175
0.010504
0.010832
0.011161
0.011490
0.011818
0.012147
0.012476
0.012805
0.013133
0.013462
0.013791
0.014120
0.014449
0.014778
0.015108
0.015437
0.015766
0.016095
0.016425
0.016754
0.017084
0.017413
0.017743
0.018073
0.018402
0.018732
0.019062
0.019392
0.019722
0.020052
0.020383
0.020713
0.021043
0.021374
0.021704
0.022035
0.022366
0.022696
0.023027
0.023358
0.023689
0.024020
0.024352
0.024683
0.025015
0.025346
0.025678
0.026010
0.026342
0.026674
0.027006
0.027338
0.027670
0.028003
0.028335
0.028668
0.029001
0.029334
0.029667
0.030000
0.030334
0.030667
0.031001
0.031335
0.031669
0.032003
0.032337
0.032671
0.033006
0.033340
0.033675
0.034010
0.034345
0.034680
0.035015
0.035351
0.035687
0.036022
0.036359
0.036695
0.037031
0.037367
0.037704
0.038041
0.038378
0.038715
0.039053
0.039390
0.039728
0.040066
0.040404
0.040742
0.041080
0.041419
0.041758
0.042097
0.042436
0.042776
0.043115
0.043455
0.043795
0.044135
0.044476
0.044817
0.045158
0.045499
0.045840
0.046181
0.046523
0.046865
0.047207
0.047550
0.047892
0.048235
0.048578
0.048921
0.049265
0.049609
0.049953
0.050297
0.050642
0.050986
0.051331
0.051676
0.052022
0.052368
0.052714
0.053060
0.053407
0.053753
0.054100
0.054448
0.054795
0.055143
0.055491
0.055840
0.056188
0.056537
0.056886
0.057236
0.057585
0.057936
0.058286
0.058637
0.058988
0.059339
0.059690
0.060042
0.060394
0.060746
0.061099
0.061452
0.061806
0.062159
0.062513
0.062867
0.063222
0.063577
0.063932
0.064288
0.064644
0.065000
0.065357
0.065713
0.066070
0.066428
0.066786
0.067144
0.067503
0.067862
0.068221
0.068581
0.068941
0.069301
0.069662
0.070023
0.070384
0.070746
0.071108
0.071471
0.071834
0.072197
0.072561
0.072925
0.073289
0.073654
0.074019
0.074384
0.074750
0.075117
0.075484
0.075851
0.076218
0.076586
0.076955
0.077323
0.077692
0.078062
0.078432
0.078802
0.079173
0.079544
0.079916
0.080288
0.080660
0.081033
0.081406
0.081780
0.082154
0.082528
0.082903
0.083279
0.083655
0.084031
0.084408
0.084785
0.085163
0.085541
0.085919
0.086298
0.086678
0.087058
0.087438
0.087819
0.088201
0.088583
0.088965
0.089348
0.089731
0.090115
0.090499
0.090884
0.091269
0.091655
0.092041
0.092428
0.092815
0.093203
0.093591
0.093980
0.094370
0.094759
0.095150
0.095540
0.095932
0.096324
0.096716
0.097109
0.097503
0.097897
0.098292
0.098687
0.099083
0.099480
0.099876
0.100274
0.100672
0.101070
0.101470
0.101869
0.102270
0.102671
0.103073
0.103475
0.103878
0.104281
0.104685
0.105090
0.105495
0.105901
0.106307
0.106714
0.107122
0.107530
0.107939
0.108349
0.108759
0.109170
0.109582
0.109994
0.110407
0.110820
0.111234
0.111649
0.112065
0.112481
0.112898
0.113315
0.113734
0.114153
0.114572
0.114993
0.115414
0.115836
0.116258
0.116682
0.117105
0.117530
0.117955
0.118381
0.118808
0.119236
0.119664
0.120093
0.120523
0.120954
0.121385
0.121818
0.122251
0.122684
0.123119
0.123554
0.123990
0.124427
0.124864
0.125303
0.125742
0.126182
0.126623
0.127065
0.127507
0.127951
0.128395
0.128841
0.129287
0.129733
0.130181
0.130629
0.131078
0.131529
0.131980
0.132432
0.132885
0.133339
0.133793
0.134249
0.134706
0.135163
0.135622
0.136081
0.136541
0.137002
0.137464
0.137927
0.138391
0.138856
0.139322
0.139789
0.140257
0.140726
0.141196
0.141666
0.142138
0.142611
0.143085
0.143560
0.144036
0.144513
0.144991
0.145470
0.145950
0.146431
0.146913
0.147396
0.147881
0.148366
0.148853
0.149341
0.149829
0.150319
0.150810
0.151302
0.151796
0.152290
0.152785
0.153282
0.153780
0.154278
0.154779
0.155280
0.155782
0.156286
0.156791
0.157297
0.157805
0.158313
0.158823
0.159334
0.159847
0.160360
0.160875
0.161390
0.161908
0.162426
0.162946
0.163467
0.163990
0.164514
0.165039
0.165565
0.166093
0.166623
0.167153
0.167685
0.168219
0.168753
0.169289
0.169827
0.170366
0.170906
0.171448
0.171991
0.172536
0.173082
0.173629
0.174179
0.174729
0.175281
0.175835
0.176390
0.176947
0.177505
0.178065
0.178626
0.179189
0.179753
0.180319
0.180887
0.181456
0.182027
0.182599
0.183174
0.183750
0.184327
0.184906
0.185487
0.186070
0.186654
0.187240
0.187827
0.188416
0.189007
0.189600
0.190194
0.190791
0.191389
0.191989
0.192591
0.193194
0.193800
0.194407
0.195016
0.195627
0.196240
0.196854
0.197471
0.198089
0.198709
0.199331
0.199955
0.200581
0.201210
0.201840
0.202472
0.203106
0.203742
0.204380
0.205021
0.205663
0.206307
0.206953
0.207602
0.208252
0.208905
0.209559
0.210216
0.210875
0.211537
0.212200
0.212866
0.213534
0.214205
0.214877
0.215552
0.216230
0.216909
0.217591
0.218275
0.218961
0.219650
0.220341
0.221034
0.221731
0.222429
0.223130
0.223834
0.224540
0.225248
0.225960
0.226673
0.227390
0.228109
0.228830
0.229554
0.230280
0.231009
0.231741
0.232475
0.233213
0.233953
0.234695
0.235441
0.236189
0.236941
0.237695
0.238452
0.239211
0.239974
0.240740
0.241508
0.242279
0.243052
0.243829
0.244608
0.245390
0.246176
0.246964
0.247755
0.248549
0.249346
0.250147
0.250950
0.251756
0.252565
0.253377
0.254192
0.255011
0.255831
0.256655
0.257483
0.258314
0.259148
0.259985
0.260826
0.261670
0.262518
0.263369
0.264223
0.265081
0.265942
0.266806
0.267674
0.268545
0.269419
0.270297
0.271178
0.272062
0.272950
0.273840
0.274734
0.275632
0.276532
0.277436
0.278344
0.279255
0.280169
0.281086
0.282007
0.282932
0.283859
0.284791
0.285725
0.286663
0.287604
0.288549
0.289497
0.290449
0.291405
0.292364
0.293327
0.294294
0.295264
0.296238
0.297216
0.298198
0.299184
0.300173
0.301166
0.302162
0.303163
0.304167
0.305174
0.306185
0.307200
0.308219
0.309241
0.310268
0.311298
0.312332
0.313370
0.314412
0.315458
0.316507
0.317561
0.318618
0.319679
0.320744
0.321812
0.322884
0.323961
0.325040
0.326123
0.327210
0.328301
0.329396
0.330495
0.331597
0.332704
0.333815
0.334929
0.336047
0.337169
0.338294
0.339424
0.340557
0.341693
0.342833
0.343977
0.345124
0.346275
0.347428
0.348585
0.349745
0.350909
0.352076
0.353247
0.354421
0.355599
0.356779
0.357963
0.359150
0.360340
0.361534
0.362730
0.363929
0.365131
0.366336
0.367543
0.368754
0.369967
0.371183
0.372402
0.373624
0.374850
0.376079
0.377311
0.378546
0.379784
0.381026
0.382271
0.383519
0.384771
0.386026
0.387284
0.388546
0.389811
0.391080
0.392352
0.393627
0.394907
0.396191
0.397478
0.398770
0.400066
0.401365
0.402668
0.403975
0.405286
0.406601
0.407919
0.409240
0.410565
0.411893
0.413224
0.414557
0.415894
0.417235
0.418579
0.419926
0.421276
0.422628
0.423984
0.425342
0.426702
0.428065
0.429430
0.430797
0.432165
0.433535
0.434906
0.436278
0.437651
0.439026
0.440401
0.441778
0.443156
0.444534
0.445913
0.447291
0.448670
0.450049
0.451427
0.452804
0.454179
0.455554
0.456926
0.458297
0.459665
0.461030
0.462392
0.463752
0.465108
0.466462
0.467813
0.469160
0.470503
0.471841
0.473175
0.474503
0.475826
0.477143
0.478453
0.479757
0.481054
0.482342
0.483623
0.484896
0.486159
0.487413
0.488658
0.489892
0.491115
0.492329
0.493532
0.494726
0.495908
0.497079
0.498238
0.499385
0.500519
0.501641
0.502748
0.503842
0.504922
0.505987
0.507037
0.508071
0.509089
0.510091
0.511076
0.512045
0.512996
0.513929
0.514844
0.515741
0.516621
0.517482
0.518326
0.519151
0.519957
0.520745
0.521514
0.522263
0.522994
0.523704
0.524395
0.525066
0.525718
0.526349
0.526961
0.527553
0.528125
0.528677
0.529209
0.529722
0.530216
0.530690
0.531144
0.531580
0.531998
0.532397
0.532778
0.533141
0.533486
0.533815
0.534126
0.534422
0.534702
0.534966
0.535215
0.535449
0.535670
0.535876
0.536070
0.536251
0.536420
0.536578
0.536724
0.536860
0.536986
0.537103
0.537210
0.537309
0.537400
0.537484
0.537560
0.537630
0.537694
0.537752
0.537805
0.537853
0.537897
0.537937
0.537972
0.538005
0.538034
0.538060
0.538084
0.538106
0.538125
0.538143
0.538158
0.538173
0.538186
0.538197
0.538208
0.538218
0.538227
0.538235
0.538242
0.538249
0.538256
0.538262
0.538267
0.538273
0.538278
0.538282
0.538287
0.538291
0.538296
0.538300
0.538304
0.538308
0.538312
0.538315
0.538319
0.538323
0.538326
0.538330
0.538333
0.538337
0.538340
0.538344
0.538347
0.538351
0.538354
0.538358
0.538361
0.538365
0.538368
0.538371
0.538375
0.538378
0.538382
0.538385
0.538388
0.538392
0.538395
0.538399
0.538402
0.538405
0.538409
0.538412
0.538416
0.538419
0.538422
0.538426
0.538429
0.538433
0.538436
0.538439
0.538443
0.538446
0.538450
0.538453
0.538456
0.538460
0.538463
0.538467
0.538470
0.538473
0.538477
0.538480
0.538484
0.538487
0.538490
0.538494
0.538497
0.538501
0.538504
0.538507
0.538511
0.538514
0.538518
0.538521
0.538524
0.538528
0.538531
0.538535
0.538538
0.538541
0.538545
0.538548
0.538552
0.538555
0.538558
0.538562
0.538565
0.538569
0.538572
0.538575
0.538579
0.538582
0.538586
0.538589
0.538592
0.538596
0.538599
0.538603
0.538606
0.538609
0.538613
0.538616
0.538620
0.538623
0.538626
0.538630
0.538633
0.538637
0.538640
0.538643
0.538647
0.538650
0.538654
0.538657
0.538660
0.538664
0.538667
0.538671
0.538674
0.538677
0.538681
0.538684
0.538688
0.538691
0.538694
0.538698
0.538701
0.538705
0.538708
0.538711
0.538715
0.538718
0.538722
0.538725
0.538728
0.538732
0.538735
0.538739
0.538742
0.538745
0.538749
0.538752
0.538756
0.538759
0.538762
0.538766
0.538769
0.538773
0.538776
0.538779
0.538783
0.538786
0.538790
0.538793
0.538796
0.538800
0.538803
0.538807
0.538810
0.538813
0.538817
0.538820
0.538824
0.538827
0.538830
0.538834
0.538837
0.538841
0.538844
0.538847
0.538851
0.538854
0.538858
0.538861
0.538864
0.538868
0.538871
0.538875
0.538878
0.538881
0.538885
0.538888
0.538892
0.538895
0.538898
0.538902
0.538905
0.538909
0.538912
0.538915
0.538919
0.538922
0.538926
0.538929
0.538932
0.538936
0.538939
0.538943
0.538946
0.538949
0.538953
0.538956
0.538960
0.538963
0.538966
0.538970
0.538973
0.538977
0.538980
0.538983
0.538987
0.538990
0.538994
0.538997
0.539000
0.539004
0.539007
0.539011
0.539014
0.539018
0.539021
0.539024
0.539028
0.539031
0.539035
0.539038
0.539041
0.539045
0.539048
0.539052
0.539055
0.539058
0.539062
0.539065
0.539069
0.539072
0.539075
0.539079
0.539082
0.539086
0.539089
0.539092
0.539096
0.539099
0.539103
0.539106
0.539109
0.539113
0.539116
0.539120
0.539123
0.539126
0.539130
0.539133
0.539137
0.539140
0.539143
0.539147
0.539150
0.539154
0.539157
0.539160
0.539164
0.539167
0.539171
0.539174
0.539178
0.539181
0.539184
0.539188
0.539191
0.539195
0.539198
0.539201
0.539205
0.539208
0.539212
0.539215
0.539218
0.539222
0.539225
0.539229
0.539232
0.539235
0.539239
0.539242
0.539246
0.539249
0.539252
0.539256
0.539259
0.539263
0.539266
0.539269
0.539273
0.539276
0.539280
0.539283
0.539287
0.539290
0.539293
0.539297
0.539300
0.539304
0.539307
0.539310
0.539314
0.539317
0.539321
0.539324
0.539327
0.539331
0.539334
0.539338
0.539341
0.539344
0.539348
0.539351
0.539355
0.539358
0.539361
0.539365
0.539368
0.539372
0.539375
0.539378
0.539382
0.539385
0.539389
0.539392
0.539396
0.539399
0.539402
0.539406
0.539409
0.539413
0.539416
0.539419
0.539423
0.539426
0.539430
0.539433
0.539436
0.539440
0.539443
0.539447
0.539450
0.539453
0.539457
0.539460
0.539464
0.539467
0.539470
0.539474
0.539477
0.539481
0.539484
0.539488
0.539491
0.539494
0.539498
0.539501
0.539505
0.539508
0.539511
0.539515
0.539518
0.539522
0.539525
0.539528
0.539532
0.539535
0.539539
0.539542
0.539545
0.539549
0.539552
0.539556
0.539559
0.539563
0.539566
0.539569
0.539573
0.539576
0.539580
0.539583
0.539586
0.539590
0.539593
0.539597
0.539600
0.539603
0.539607
0.539610
0.539614
0.539617
0.539620
0.539624
0.539627
0.539631
0.539634
0.539638
0.539641
0.539644
0.539648
0.539651
0.539655
0.539658
0.539661
0.539665
0.539668
0.539672
0.539675
0.539678
0.539682
0.539685
0.539689
0.539692
0.539695
0.539699
0.539702
0.539706
0.539709
0.539713
0.539716
0.539719
0.539723
0.539726
0.539730
0.539733
0.539736
0.539740
0.539743
0.539747
0.539750
0.539753
0.539757
0.539760
0.539764
0.539767
0.539771
0.539774
0.539777
0.539781
0.539784
0.539788
0.539791
0.539794
0.539798
0.539801
0.539805
0.539808
0.539811
0.539815
0.539818
0.539822
0.539825
0.539829
0.539832
0.539835
0.539839
0.539842
0.539846
0.539849
0.539852
0.539856
0.539859
0.539863
0.539866
0.539869
0.539873
0.539876
0.539880
0.539883
0.539887
0.539890
0.539893
0.539897
0.539900
0.539904
0.539907
0.539910
0.539914
0.539917
0.539921
0.539924
0.539927
0.539931
0.539934
0.539938
0.539941
0.539945
0.539948
0.539951
0.539955
0.539958
0.539962
0.539965
0.539968
0.539972
0.539975
0.539979
0.539982
0.539986
0.539989
0.539992
0.539996
0.539999
0.540003
0.540006
0.540009
0.540013
0.540016
0.540020
0.540023
0.540026
0.540030
0.540033
0.540037
0.540040
0.540044
0.540047
0.540050
0.540054
0.540057
0.540061
0.540064
0.540067
0.540071
0.540074
0.540078
0.540081
0.540085
0.540088
0.540091
0.540095
0.540098
0.540102
0.540105
0.540108
0.540112
0.540115
0.540119
0.540122
0.540126
0.540129
0.540132
0.540136
0.540139
0.540143
0.540146
0.540149
0.540153
0.540156
0.540160
0.540163
0.540166
0.540170
0.540173
0.540177
0.540180
0.540184
0.540187
0.540190
0.540194
0.540197
0.540201
0.540204
0.540207
0.540211
0.540214
0.540218
0.540221
0.540225
0.540228
0.540231
0.540235
0.540238
0.540242
0.540245
0.540248
0.540252
0.540255
0.540259
0.540262
0.540266
0.540269
0.540272
0.540276
0.540279
0.540283
0.540286
0.540289
0.540293
0.540296
0.540300
0.540303
0.540307
0.540310
0.540313
0.540317
0.540320
0.540324
0.540327
0.540330
0.540334
0.540337
0.540341
0.540344
0.540348
0.540351
0.540354
0.540358
0.540361
0.540365
0.540368
0.540371
0.540375
0.540378
0.540382
0.540385
0.540389
0.540392
0.540395
0.540399
0.540402
0.540406
0.540409
0.540413
0.540416
0.540419
0.540423
0.540426
0.540430
0.540433
0.540436
0.540440
0.540443
0.540447
0.540450
0.540454
0.540457
0.540460
0.540464
0.540467
0.540471
0.540474
0.540477
0.540481
0.540484
0.540488
0.540491
0.540495
0.540498
0.540501
0.540505
0.540508
0.540512
0.540515
0.540518
0.540522
0.540525
0.540529
0.540532
0.540536
0.540539
0.540542
0.540546
0.540549
0.540553
0.540556
0.540560
0.540563
0.540566
0.540570
0.540573
0.540577
0.540580
0.540583
0.540587
0.540590
0.540594
0.540597
0.540601
0.540604
0.540607
0.540611
0.540614
0.540618
0.540621
0.540625
0.540628
0.540631
0.540635
0.540638
0.540642
0.540645
0.540648
0.540652
0.540655
0.540659
0.540662
0.540666
0.540669
0.540672
0.540676
0.540679
0.540683
0.540686
0.540690
0.540693
0.540696
0.540700
0.540703
0.540707
0.540710
0.540713
0.540717
0.540720
0.540724
0.540727
0.540731
0.540734
0.540737
0.540741
0.540744
0.540748
0.540751
0.540755
0.540758
0.540761
0.540765
0.540768
0.540772
0.540775
0.540778
0.540782
0.540785
0.540789
0.540792
0.540796
0.540799
0.540802
0.540806
0.540809
0.540813
0.540816
0.540820
0.540823
0.540826
0.540830
0.540833
0.540837
0.540840
0.540844
0.540847
0.540850
0.540854
0.540857
0.540861
0.540864
0.540867
0.540871
0.540874
0.540878
0.540881
0.540885
0.540888
0.540891
0.540895
0.540898
0.540902
0.540905
0.540909
0.540912
0.540915
0.540919
0.540922
0.540926
0.540929
0.540933
0.540936
0.540939
0.540943
0.540946
0.540950
0.540953
0.540956
0.540960
0.540963
0.540967
0.540970
0.540974
0.540977
0.540980
0.540984
0.540987
0.540991
0.540994
0.540998
0.541001
0.541004
0.541008
0.541011
0.541015
0.541018
0.541022
0.541025
0.541028
0.541032
0.541035
0.541039
0.541042
0.541046
0.541049
0.541052
0.541056
0.541059
0.541063
0.541066
0.541070
0.541073
0.541076
0.541080
0.541083
0.541087
0.541090
0.541093
0.541097
0.541100
0.541104
0.541107
0.541111
0.541114
0.541117
0.541121
0.541124
0.541128
0.541131
0.541135
0.541138
0.541141
0.541145
0.541148
0.541152
0.541155
0.541159
0.541162
0.541165
0.541169
0.541172
0.541176
0.541179
0.541183
0.541186
0.541189
0.541193
0.541196
0.541200
0.541203
0.541207
0.541210
0.541213
0.541217
0.541220
0.541224
0.541227
0.541231
0.541234
0.541237
0.541241
0.541244
0.541248
0.541251
0.541255
0.541258
0.541261
0.541265
0.541268
0.541272
0.541275
0.541279
0.541282
0.541285
0.541289
0.541292
0.541296
0.541299
0.541303
0.541306
0.541309
0.541313
0.541316
0.541320
0.541323
0.541327
0.541330
0.541333
0.541337
0.541340
0.541344
0.541347
0.541351
0.541354
0.541357
0.541361
0.541364
0.541368
0.541371
0.541375
0.541378
0.541381
0.541385
0.541388
0.541392
0.541395
0.541399
0.541402
0.541405
0.541409
0.541412
0.541416
0.541419
0.541423
0.541426
0.541429
0.541433
0.541436
0.541440
0.541443
0.541447
0.541450
0.541453
0.541457
0.541460
0.541464
0.541467
0.541471
0.541474
0.541477
0.541481
0.541484
0.541488
0.541491
0.541495
0.541498
0.541501
0.541505
0.541508
0.541512
0.541515
0.541519
0.541522
0.541525
0.541529
0.541532
0.541536
0.541539
0.541543
0.541546
0.541549
0.541553
0.541556
0.541560
0.541563
0.541567
0.541570
0.541573
0.541577
0.541580
0.541584
0.541587
0.541591
0.541594
0.541597
0.541601
0.541604
0.541608
0.541611
0.541615
0.541618
0.541622
0.541625
0.541628
0.541632
0.541635
0.541639
0.541642
0.541646
0.541649
0.541652
0.541656
0.541659
0.541663
0.541666
0.541670
0.541673
0.541676
0.541680
0.541683
0.541687
0.541690
0.541694
0.541697
0.541700
0.541704
0.541707
0.541711
0.541714
0.541718
0.541721
0.541724
0.541728
0.541731
0.541735
0.541738
0.541742
0.541745
0.541749
0.541752
0.541755
0.541759
0.541762
0.541766
0.541769
0.541773
0.541776
0.541779
0.541783
0.541786
0.541790
0.541793
0.541797
0.541800
0.541803
0.541807
0.541810
0.541814
0.541817
0.541821
0.541824
0.541827
0.541831
0.541834
0.541838
0.541841
0.541845
0.541848
0.541852
0.541855
0.541858
0.541862
0.541865
0.541869
0.541872
0.541876
0.541879
0.541882
0.541886
0.541889
0.541893
0.541896
0.541900
0.541903
0.541906
0.541910
0.541913
0.541917
0.541920
0.541924
0.541927
0.541931
0.541934
0.541937
0.541941
0.541944
0.541948
0.541951
0.541955
0.541958
0.541961
0.541965
0.541968
0.541972
0.541975
0.541979
0.541982
0.541985
0.541989
0.541992
0.541996
0.541999
0.542003
0.542006
0.542010
0.542013
0.542016
0.542020
0.542023
0.542027
0.542030
0.542034
0.542037
0.542040
0.542044
0.542047
0.542051
0.542054
0.542058
0.542061
0.542065
0.542068
0.542071
0.542075
0.542078
0.542082
0.542085
0.542089
0.542092
0.542095
0.542099
0.542102
0.542106
0.542109
0.542113
0.542116
0.542120
0.542123
0.542126
0.542130
0.542133
0.542137
0.542140
0.542144
0.542147
0.542150
0.542154
0.542157
0.542161
0.542164
0.542168
0.542171
0.542175
0.542178
0.542181
0.542185
0.542188
0.542192
0.542195
0.542199
0.542202
0.542205
0.542209
0.542212
0.542216
0.542219
0.542223
0.542226
0.542230
0.542233
0.542236
0.542240
0.542243
0.542247
0.542250
0.542254
0.542257
0.542260
0.542264
0.542267
0.542271
0.542274
0.542278
0.542281
0.542285
0.542288
0.542291
0.542295
0.542298
0.542302
0.542305
0.542309
0.542312
0.542316
0.542319
0.542322
0.542326
0.542329
0.542333
0.542336
0.542340
0.542343
0.542346
0.542350
0.542353
0.542357
0.542360
0.542364
0.542367
0.542371
0.542374
0.542377
0.542381
0.542384
0.542388
0.542391
0.542395
0.542398
0.542402
0.542405
0.542408
0.542412
0.542415
0.542419
0.542422
0.542426
0.542429
0.542432
0.542436
0.542439
0.542443
0.542446
0.542450
0.542453
0.542457
0.542460
0.542463
0.542467
0.542470
0.542474
0.542477
0.542481
0.542484
0.542488
0.542491
0.542494
0.542498
0.542501
0.542505
0.542508
0.542512
0.542515
0.542519
0.542522
0.542525
0.542529
0.542532
0.542536
0.542539
0.542543
0.542546
0.542549
0.542553
0.542556
0.542560
0.542563
0.542567
0.542570
0.542574
0.542577
0.542580
0.542584
0.542587
0.542591
0.542594
0.542598
0.542601
0.542605
0.542608
0.542611
0.542615
0.542618
0.542622
0.542625
0.542629
0.542632
0.542636
0.542639
0.542642
0.542646
0.542649
0.542653
0.542656
0.542660
0.542663
0.542667
0.542670
0.542673
0.542677
0.542680
0.542684
0.542687
0.542691
0.542694
0.542698
0.542701
0.542704
0.542708
0.542711
0.542715
0.542718
0.542722
0.542725
0.542729
0.542732
0.542735
0.542739
0.542742
0.542746
0.542749
0.542753
0.542756
0.542760
0.542763
0.542766
0.542770
0.542773
0.542777
0.542780
0.542784
0.542787
0.542791
0.542794
0.542797
0.542801
0.542804
0.542808
0.542811
0.542815
0.542818
0.542822
0.542825
0.542828
0.542832
0.542835
0.542839
0.542842
0.542846
0.542849
0.542853
0.542856
0.542859
0.542863
0.542866
0.542870
0.542873
0.542877
0.542880
0.542884
0.542887
0.542890
0.542894
0.542897
0.542901
0.542904
0.542908
0.542911
0.542915
0.542918
0.542921
0.542925
0.542928
0.542932
0.542935
0.542939
0.542942
0.542946
0.542949
0.542953
0.542956
0.542959
0.542963
0.542966
0.542970
0.542973
0.542977
0.542980
0.542984
0.542987
0.542990
0.542994
0.542997
0.543001
0.543004
0.543008
0.543011
0.543015
0.543018
0.543021
0.543025
0.543028
0.543032
0.543035
0.543039
0.543042
0.543046
0.543049
0.543052
0.543056
0.543059
0.543063
0.543066
0.543070
0.543073
0.543077
0.543080
0.543084
0.543087
0.543090
0.543094
0.543097
0.543101
0.543104
0.543108
0.543111
0.543115
0.543118
0.543121
0.543125
0.543128
0.543132
0.543135
0.543139
0.543142
0.543146
0.543149
0.543152
0.543156
0.543159
0.543163
0.543166
0.543170
0.543173
0.543177
0.543180
0.543184
0.543187
0.543190
0.543194
0.543197
0.543201
0.543204
0.543208
0.543211
0.543215
0.543218
0.543221
0.543225
0.543228
0.543232
0.543235
0.543239
0.543242
0.543246
0.543249
0.543253
0.543256
0.543259
0.543263
0.543266
0.543270
0.543273
0.543277
0.543280
0.543284
0.543287
0.543290
0.543294
0.543297
0.543301
0.543304
0.543308
0.543311
0.543315
0.543318
0.543322
0.543325
0.543328
0.543332
0.543335
0.543339
0.543342
0.543346
0.543349
0.543353
0.543356
0.543359
0.543363
0.543366
0.543370
0.543373
0.543377
0.543380
0.543384
0.543387
0.543391
0.543394
0.543397
0.543401
0.543404
0.543408
0.543411
0.543415
0.543418
0.543422
0.543425
0.543429
0.543432
0.543435
0.543439
0.543442
0.543446
0.543449
0.543453
0.543456
0.543460
0.543463
0.543467
0.543470
0.543473
0.543477
0.543480
0.543484
0.543487
0.543491
0.543494
0.543498
0.543501
0.543504
0.543508
0.543511
0.543515
0.543518
0.543522
0.543525
0.543529
0.543532
0.543536
0.543539
0.543542
0.543546
0.543549
0.543553
0.543556
0.543560
0.543563
0.543567
0.543570
0.543574
0.543577
0.543580
0.543584
0.543587
0.543591
0.543594
0.543598
0.543601
0.543605
0.543608
0.543612
0.543615
0.543618
0.543622
0.543625
0.543629
0.543632
0.543636
0.543639
0.543643
0.543646
0.543650
0.543653
0.543656
0.543660
0.543663
0.543667
0.543670
0.543674
0.543677
0.543681
0.543684
0.543688
0.543691
0.543694
0.543698
0.543701
0.543705
0.543708
0.543712
0.543715
0.543719
0.543722
0.543726
0.543729
0.543732
0.543736
0.543739
0.543743
0.543746
0.543750
0.543753
0.543757
0.543760
0.543764
0.543767
0.543770
0.543774
0.543777
0.543781
0.543784
0.543788
0.543791
0.543795
0.543798
0.543802
0.543805
0.543809
0.543812
0.543815
0.543819
0.543822
0.543826
0.543829
0.543833
0.543836
0.543840
0.543843
0.543847
0.543850
0.543853
0.543857
0.543860
0.543864
0.543867
0.543871
0.543874
0.543878
0.543881
0.543885
0.543888
0.543891
0.543895
0.543898
0.543902
0.543905
0.543909
0.543912
0.543916
0.543919
0.543923
0.543926
0.543930
0.543933
0.543936
0.543940
0.543943
0.543947
0.543950
0.543954
0.543957
0.543961
0.543964
0.543968
0.543971
0.543974
0.543978
0.543981
0.543985
0.543988
0.543992
0.543995
0.543999
0.544002
0.544006
0.544009
0.544013
0.544016
0.544019
0.544023
0.544026
0.544030
0.544033
0.544037
0.544040
0.544044
0.544047
0.544051
0.544054
0.544057
0.544061
0.544064
0.544068
0.544071
0.544075
0.544078
0.544082
0.544085
0.544089
0.544092
0.544096
0.544099
0.544102
0.544106
0.544109
0.544113
0.544116
0.544120
0.544123
0.544127
0.544130
0.544134
0.544137
0.544140
0.544144
0.544147
0.544151
0.544154
0.544158
0.544161
0.544165
0.544168
0.544172
0.544175
0.544179
0.544182
0.544185
0.544189
0.544192
0.544196
0.544199
0.544203
0.544206
0.544210
0.544213
0.544217
0.544220
0.544224
0.544227
0.544230
0.544234
0.544237
0.544241
0.544244
0.544248
0.544251
0.544255
0.544258
0.544262
0.544265
0.544269
0.544272
0.544275
0.544279
0.544282
0.544286
0.544289
0.544293
0.544296
0.544300
0.544303
0.544307
0.544310
0.544314
0.544317
0.544320
0.544324
0.544327
0.544331
0.544334
0.544338
0.544341
0.544345
0.544348
0.544352
0.544355
0.544359
0.544362
0.544365
0.544369
0.544372
0.544376
0.544379
0.544383
0.544386
0.544390
0.544393
0.544397
0.544400
0.544404
0.544407
0.544411
0.544414
0.544417
0.544421
0.544424
0.544428
0.544431
0.544435
0.544438
0.544442
0.544445
0.544449
0.544452
0.544456
0.544459
0.544462
0.544466
0.544469
0.544473
0.544476
0.544480
0.544483
0.544487
0.544490
0.544494
0.544497
0.544501
0.544504
0.544507
0.544511
0.544514
0.544518
0.544521
0.544525
0.544528
0.544532
0.544535
0.544539
0.544542
0.544546
0.544549
0.544553
0.544556
0.544559
0.544563
0.544566
0.544570
0.544573
0.544577
0.544580
0.544584
0.544587
0.544591
0.544594
0.544598
0.544601
0.544605
0.544608
0.544611
0.544615
0.544618
0.544622
0.544625
0.544629
0.544632
0.544636
0.544639
0.544643
0.544646
0.544650
0.544653
0.544656
0.544660
0.544663
0.544667
0.544670
0.544674
0.544677
0.544681
0.544684
0.544688
0.544691
0.544695
0.544698
0.544702
0.544705
0.544708
0.544712
0.544715
0.544719
0.544722
0.544726
0.544729
0.544733
0.544736
0.544740
0.544743
0.544747
0.544750
0.544754
0.544757
0.544760
0.544764
0.544767
0.544771
0.544774
0.544778
0.544781
0.544785
0.544788
0.544792
0.544795
0.544799
0.544802
0.544806
0.544809
0.544812
0.544816
0.544819
0.544823
0.544826
0.544830
0.544833
0.544837
0.544840
0.544844
0.544847
0.544851
0.544854
0.544858
0.544861
0.544865
0.544868
0.544871
0.544875
0.544878
0.544882
0.544885
0.544889
0.544892
0.544896
0.544899
0.544903
0.544906
0.544910
0.544913
0.544917
0.544920
0.544923
0.544927
0.544930
0.544934
0.544937
0.544941
0.544944
0.544948
0.544951
0.544955
0.544958
0.544962
0.544965
0.544969
0.544972
0.544976
0.544979
0.544982
0.544986
0.544989
0.544993
0.544996
0.545000
0.545003
0.545007
0.545010
0.545014
0.545017
0.545021
0.545024
0.545028
0.545031
0.545034
0.545038
0.545041
0.545045
0.545048
0.545052
0.545055
0.545059
0.545062
0.545066
0.545069
0.545073
0.545076
0.545080
0.545083
0.545087
0.545090
0.545093
0.545097
0.545100
0.545104
0.545107
0.545111
0.545114
0.545118
0.545121
0.545125
0.545128
0.545132
0.545135
0.545139
0.545142
0.545146
0.545149
0.545153
0.545156
0.545159
0.545163
0.545166
0.545170
0.545173
0.545177
0.545180
0.545184
0.545187
0.545191
0.545194
0.545198
0.545201
0.545205
0.545208
0.545212
0.545215
0.545218
0.545222
0.545225
0.545229
0.545232
0.545236
0.545239
0.545243
0.545246
0.545250
0.545253
0.545257
0.545260
0.545264
0.545267
0.545271
0.545274
0.545277
0.545281
0.545284
0.545288
0.545291
0.545295
0.545298
0.545302
0.545305
0.545309
0.545312
0.545316
0.545319
0.545323
0.545326
0.545330
0.545333
0.545337
0.545340
0.545343
0.545347
0.545350
0.545354
0.545357
0.545361
0.545364
0.545368
0.545371
0.545375
0.545378
0.545382
0.545385
0.545389
0.545392
0.545396
0.545399
0.545403
0.545406
0.545409
0.545413
0.545416
0.545420
0.545423
0.545427
0.545430
0.545434
0.545437
0.545441
0.545444
0.545448
0.545451
0.545455
0.545458
0.545462
0.545465
0.545469
0.545472
0.545476
0.545479
0.545482
0.545486
0.545489
0.545493
0.545496
0.545500
0.545503
0.545507
0.545510
0.545514
0.545517
0.545521
0.545524
0.545528
0.545531
0.545535
0.545538
0.545542
0.545545
0.545548
0.545552
0.545555
0.545559
0.545562
0.545566
0.545569
0.545573
0.545576
0.545580
0.545583
0.545587
0.545590
0.545594
0.545597
0.545601
0.545604
0.545608
0.545611
0.545615
0.545618
0.545621
0.545625
0.545628
0.545632
0.545635
0.545639
0.545642
0.545646
0.545649
0.545653
0.545656
0.545660
0.545663
0.545667
0.545670
0.545674
0.545677
0.545681
0.545684
0.545688
0.545691
0.545694
0.545698
0.545701
0.545705
0.545708
0.545712
0.545715
0.545719
0.545722
0.545726
0.545729
0.545733
0.545736
0.545740
0.545743
0.545747
0.545750
0.545754
0.545757
0.545761
0.545764
0.545768
0.545771
0.545774
0.545778
0.545781
0.545785
0.545788
0.545792
0.545795
0.545799
0.545802
0.545806
0.545809
0.545813
0.545816
0.545820
0.545823
0.545827
0.545830
0.545834
0.545837
0.545841
0.545844
0.545848
0.545851
0.545854
0.545858
0.545861
0.545865
0.545868
0.545872
0.545875
0.545879
0.545882
0.545886
0.545889
0.545893
0.545896
0.545900
0.545903
0.545907
0.545910
0.545914
0.545917
0.545921
0.545924
0.545928
0.545931
0.545935
0.545938
0.545941
0.545945
0.545948
0.545952
0.545955
0.545959
0.545962
0.545966
0.545969
0.545973
0.545976
0.545980
0.545983
0.545987
0.545990
0.545994
0.545997
0.546001
0.546004
0.546008
0.546011
0.546015
0.546018
0.546022
0.546025
0.546028
0.546032
0.546035
0.546039
0.546042
0.546046
0.546049
0.546053
0.546056
0.546060
0.546063
0.546067
0.546070
0.546074
0.546077
0.546081
0.546084
0.546088
0.546091
0.546095
0.546098
0.546102
0.546105
0.546109
0.546112
0.546116
0.546119
0.546122
0.546126
0.546129
0.546133
0.546136
0.546140
0.546143
0.546147
0.546150
0.546154
0.546157
0.546161
0.546164
0.546168
0.546171
0.546175
0.546178
0.546182
0.546185
0.546189
0.546192
0.546196
0.546199
0.546203
0.546206
0.546210
0.546213
0.546217
0.546220
0.546223
0.546227
0.546230
0.546234
0.546237
0.546241
0.546244
0.546248
0.546251
0.546255
0.546258
0.546262
0.546265
0.546269
0.546272
0.546276
0.546279
0.546283
0.546286
0.546290
0.546293
0.546297
0.546300
0.546304
0.546307
0.546311
0.546314
0.546318
0.546321
0.546325
0.546328
0.546331
0.546335
0.546338
0.546342
0.546345
0.546349
0.546352
0.546356
0.546359
0.546363
0.546366
0.546370
0.546373
0.546377
0.546380
0.546384
0.546387
0.546391
0.546394
0.546398
0.546401
0.546405
0.546408
0.546412
0.546415
0.546419
0.546422
0.546426
0.546429
0.546433
0.546436
0.546440
0.546443
0.546446
0.546450
0.546453
0.546457
0.546460
0.546464
0.546467
0.546471
0.546474
0.546478
0.546481
0.546485
0.546488
0.546492
0.546495
0.546499
0.546502
0.546506
0.546509
0.546513
0.546516
0.546520
0.546523
0.546527
0.546530
0.546534
0.546537
0.546541
0.546544
0.546548
0.546551
0.546555
0.546558
0.546562
0.546565
0.546568
0.546572
0.546575
0.546579
0.546582
0.546586
0.546589
0.546593
0.546596
0.546600
0.546603
0.546607
0.546610
0.546614
0.546617
0.546621
0.546624
0.546628
0.546631
0.546635
0.546638
0.546642
0.546645
0.546649
0.546652
0.546656
0.546659
0.546663
0.546666
0.546670
0.546673
0.546677
0.546680
0.546684
0.546687
0.546691
0.546694
0.546698
0.546701
0.546705
0.546708
0.546711
0.546715
0.546718
0.546722
0.546725
0.546729
0.546732
0.546736
0.546739
0.546743
0.546746
0.546750
0.546753
0.546757
0.546760
0.546764
0.546767
0.546771
0.546774
0.546778
0.546781
0.546785
0.546788
0.546792
0.546795
0.546799
0.546802
0.546806
0.546809
0.546813
0.546816
0.546820
0.546823
0.546827
0.546830
0.546834
0.546837
0.546841
0.546844
0.546848
0.546851
0.546855
0.546858
0.546862
0.546865
0.546869
0.546872
0.546875
0.546879
0.546882
0.546886
0.546889
0.546893
0.546896
0.546900
0.546903
0.546907
0.546910
0.546914
0.546917
0.546921
0.546924
0.546928
0.546931
0.546935
0.546938
0.546942
0.546945
0.546949
0.546952
0.546956
0.546959
0.546963
0.546966
0.546970
0.546973
0.546977
0.546980
0.546984
0.546987
0.546991
0.546994
0.546998
0.547001
0.547005
0.547008
0.547012
0.547015
0.547019
0.547022
0.547026
0.547029
0.547033
0.547036
0.547040
0.547043
0.547047
0.547050
0.547054
0.547057
0.547061
0.547064
0.547067
0.547071
0.547074
0.547078
0.547081
0.547085
0.547088
0.547092
0.547095
0.547099
0.547102
0.547106
0.547109
0.547113
0.547116
0.547120
0.547123
0.547127
0.547130
0.547134
0.547137
0.547141
0.547144
0.547148
0.547151
0.547155
0.547158
0.547162
0.547165
0.547169
0.547172
0.547176
0.547179
0.547183
0.547186
0.547190
0.547193
0.547197
0.547200
0.547204
0.547207
0.547211
0.547214
0.547218
0.547221
0.547225
0.547228
0.547232
0.547235
0.547239
0.547242
0.547246
0.547249
0.547253
0.547256
0.547260
0.547263
0.547267
0.547270
0.547274
0.547277
0.547281
0.547284
0.547288
0.547291
0.547295
0.547298
0.547302
0.547305
0.547309
0.547312
0.547316
0.547319
0.547323
0.547326
0.547330
0.547333
0.547337
0.547340
0.547343
0.547347
0.547350
0.547354
0.547357
0.547361
0.547364
0.547368
0.547371
0.547375
0.547378
0.547382
0.547385
0.547389
0.547392
0.547396
0.547399
0.547403
0.547406
0.547410
0.547413
0.547417
0.547420
0.547424
0.547427
0.547431
0.547434
0.547438
0.547441
0.547445
0.547448
0.547452
0.547455
0.547459
0.547462
0.547466
0.547469
0.547473
0.547476
0.547480
0.547483
0.547487
0.547490
0.547494
0.547497
0.547501
0.547504
0.547508
0.547511
0.547515
0.547518
0.547522
0.547525
0.547529
0.547532
0.547536
0.547539
0.547543
0.547546
0.547550
0.547553
0.547557
0.547560
0.547564
0.547567
0.547571
0.547574
0.547578
0.547581
0.547585
0.547588
0.547592
0.547595
0.547599
0.547602
0.547606
0.547609
0.547613
0.547616
0.547620
0.547623
0.547627
0.547630
0.547634
0.547637
0.547641
0.547644
0.547648
0.547651
0.547655
0.547658
0.547662
0.547665
0.547669
0.547672
0.547676
0.547679
0.547683
0.547686
0.547690
0.547693
0.547697
0.547700
0.547704
0.547707
0.547711
0.547714
0.547718
0.547721
0.547725
0.547728
0.547732
0.547735
0.547739
0.547742
0.547746
0.547749
0.547753
0.547756
0.547760
0.547763
0.547767
0.547770
0.547774
0.547777
0.547781
0.547784
0.547788
0.547791
0.547795
0.547798
0.547802
0.547805
0.547809
0.547812
0.547816
0.547819
0.547823
0.547826
0.547830
0.547833
0.547837
0.547840
0.547844
0.547847
0.547851
0.547854
0.547858
0.547861
0.547865
0.547868
0.547872
0.547875
0.547879
0.547882
0.547886
0.547889
0.547893
0.547896
0.547900
0.547903
0.547907
0.547910
0.547914
0.547917
0.547921
0.547924
0.547928
0.547931
0.547935
0.547938
0.547942
0.547945
0.547949
0.547952
0.547956
0.547959
0.547963
0.547966
0.547970
0.547973
0.547977
0.547980
0.547984
0.547987
0.547991
0.547994
0.547998
0.548001
0.548005
0.548008
0.548012
0.548015
0.548019
0.548022
0.548026
0.548029
0.548033
0.548036
0.548040
0.548043
0.548047
0.548050
0.548054
0.548057
0.548061
0.548064
0.548068
0.548071
0.548075
0.548078
0.548082
0.548085
0.548089
0.548092
0.548096
0.548099
0.548103
0.548106
0.548110
0.548113
0.548117
0.548120
0.548124
0.548127
0.548131
0.548134
0.548138
0.548141
0.548145
0.548148
0.548152
0.548155
0.548159
0.548162
0.548166
0.548169
0.548173
0.548176
0.548180
0.548183
0.548187
0.548190
0.548194
0.548197
0.548201
0.548204
0.548208
0.548211
0.548215
0.548218
0.548222
0.548225
0.548229
0.548232
0.548236
0.548239
0.548243
0.548246
0.548250
0.548253
0.548257
0.548261
0.548264
0.548268
0.548271
0.548275
0.548278
0.548282
0.548285
0.548289
0.548292
0.548296
0.548299
0.548303
0.548306
0.548310
0.548313
0.548317
0.548320
0.548324
0.548327
0.548331
0.548334
0.548338
0.548341
0.548345
0.548348
0.548352
0.548355
0.548359
0.548362
0.548366
0.548369
0.548373
0.548376
0.548380
0.548383
0.548387
0.548390
0.548394
0.548397
0.548401
0.548404
0.548408
0.548411
0.548415
0.548418
0.548422
0.548425
0.548429
0.548432
0.548436
0.548439
0.548443
0.548446
0.548450
0.548453
0.548457
0.548460
0.548464
0.548467
0.548471
0.548474
0.548478
0.548481
0.548485
0.548488
0.548492
0.548495
0.548499
0.548502
0.548506
0.548509
0.548513
0.548516
0.548520
0.548523
0.548527
0.548530
0.548534
0.548538
0.548541
0.548545
0.548548
0.548552
0.548555
0.548559
0.548562
0.548566
0.548569
0.548573
0.548576
0.548580
0.548583
0.548587
0.548590
0.548594
0.548597
0.548601
0.548604
0.548608
0.548611
0.548615
0.548618
0.548622
0.548625
0.548629
0.548632
0.548636
0.548639
0.548643
0.548646
0.548650
0.548653
0.548657
0.548660
0.548664
0.548667
0.548671
0.548674
0.548678
0.548681
0.548685
0.548688
0.548692
0.548695
0.548699
0.548702
0.548706
0.548709
0.548713
0.548716
0.548720
0.548723
0.548727
0.548730
0.548734
0.548738
0.548741
0.548745
0.548748
0.548752
0.548755
0.548759
0.548762
0.548766
0.548769
0.548773
0.548776
0.548780
0.548783
0.548787
0.548790
0.548794
0.548797
0.548801
0.548804
0.548808
0.548811
0.548815
0.548818
0.548822
0.548825
0.548829
0.548832
0.548836
0.548839
0.548843
0.548846
0.548850
0.548853
0.548857
0.548860
0.548864
0.548867
0.548871
0.548874
0.548878
0.548881
0.548885
0.548888
0.548892
0.548895
0.548899
0.548903
0.548906
0.548910
0.548913
0.548917
0.548920
0.548924
0.548927
0.548931
0.548934
0.548938
0.548941
0.548945
0.548948
0.548952
0.548955
0.548959
0.548962
0.548966
0.548969
0.548973
0.548976
0.548980
0.548983
0.548987
0.548990
0.548994
0.548997
0.549001
0.549004
0.549008
0.549011
0.549015
0.549018
0.549022
0.549025
0.549029
0.549032
0.549036
0.549039
0.549043
0.549047
0.549050
0.549054
0.549057
0.549061
0.549064
0.549068
