0.000000
0.000000
0.000325
0.000651
0.000977
0.001303
0.001629
0.001956
0.002282
0.002608
0.002934
0.003260
0.003587
0.003913
0.004239
0.004566
0.004892
0.005218
0.005545
0.005871
0.006198
0.006524
0.006851
0.007177
0.007504
0.007830
0.008157
0.008483
0.008810
0.009136
0.009463
0.009790
0.010116
0.010443
0.010770
0.011096
0.011423
0.011750
0.012077
0.012404
0.012731
0.013058
0.013385
0.013712
0.014039
0.014366
0.014694
0.015021
0.015348
0.015676
0.016003
0.016331
0.016658
0.016986
0.017314
0.017641
0.017969
0.018297
0.018625
0.018953
0.019281
0.019610
0.019938
0.020266
0.020595
0.020923
0.021252
0.021581
0.021909
0.022238
0.022567
0.022896
0.023226
0.023555
0.023884
0.024214
0.024543
0.024873
0.025202
0.025532
0.025862
0.026192
0.026523
0.026853
0.027183
0.027514
0.027845
0.028175
0.028506
0.028837
0.029169
0.029500
0.029831
0.030163
0.030494
0.030826
0.031158
0.031490
0.031822
0.032155
0.032487
0.032820
0.033152
0.033485
0.033818
0.034152
0.034485
0.034818
0.035152
0.035486
0.035820
0.036154
0.036488
0.036823
0.037157
0.037492
0.037827
0.038162
0.038497
0.038833
0.039168
0.039504
0.039840
0.040176
0.040513
0.040849
0.041186
0.041523
0.041860
0.042198
0.042535
0.042873
0.043211
0.043549
0.043887
0.044226
0.044565
0.044904
0.045243
0.045582
0.045922
0.046262
0.046602
0.046942
0.047282
0.047623
0.047964
0.048305
0.048647
0.048988
0.049330
0.049672
0.050015
0.050357
0.050700
0.051043
0.051387
0.051730
0.052074
0.052418
0.052762
0.053107
0.053452
0.053797
0.054142
0.054488
0.054834
0.055180
0.055526
0.055873
0.056220
0.056567
0.056915
0.057263
0.057611
0.057959
0.058308
0.058657
0.059006
0.059356
0.059706
0.060056
0.060406
0.060757
0.061108
0.061459
0.061811
0.062163
0.062515
0.062868
0.063221
0.063574
0.063928
0.064282
0.064636
0.064991
0.065346
0.065701
0.066057
0.066412
0.066769
0.067125
0.067482
0.067840
0.068197
0.068555
0.068914
0.069272
0.069631
0.069991
0.070351
0.070711
0.071071
0.071432
0.071794
0.072155
0.072517
0.072880
0.073242
0.073606
0.073969
0.074333
0.074697
0.075062
0.075427
0.075792
0.076158
0.076525
0.076891
0.077258
0.077626
0.077994
0.078362
0.078731
0.079100
0.079469
0.079839
0.080210
0.080580
0.080952
0.081323
0.081695
0.082068
0.082441
0.082814
0.083188
0.083562
0.083937
0.084312
0.084688
0.085064
0.085440
0.085817
0.086195
0.086572
0.086951
0.087330
0.087709
0.088089
0.088469
0.088850
0.089231
0.089612
0.089995
0.090377
0.090760
0.091144
0.091528
0.091913
0.092298
0.092684
0.093070
0.093456
0.093844
0.094231
0.094620
0.095008
0.095398
0.095788
0.096178
0.096569
0.096960
0.097352
0.097745
0.098138
0.098532
0.098926
0.099321
0.099716
0.100112
0.100509
0.100906
0.101303
0.101702
0.102100
0.102500
0.102900
0.103300
0.103702
0.104103
0.104506
0.104909
0.105313
0.105717
0.106122
0.106527
0.106933
0.107340
0.107747
0.108156
0.108564
0.108974
0.109384
0.109794
0.110206
0.110617
0.111030
0.111443
0.111857
0.112272
0.112687
0.113103
0.113520
0.113938
0.114356
0.114775
0.115194
0.115614
0.116035
0.116457
0.116879
0.117302
0.117726
0.118151
0.118576
0.119002
0.119429
0.119857
0.120285
0.120714
0.121144
0.121574
0.122006
0.122438
0.122871
0.123305
0.123739
0.124175
0.124611
0.125048
0.125485
0.125924
0.126363
0.126804
0.127245
0.127687
0.128129
0.128573
0.129017
0.129463
0.129909
0.130356
0.130804
0.131252
0.131702
0.132153
0.132604
0.133056
0.133509
0.133964
0.134419
0.134875
0.135331
0.135789
0.136248
0.136708
0.137168
0.137630
0.138092
0.138556
0.139020
0.139486
0.139952
0.140420
0.140888
0.141357
0.141828
0.142299
0.142772
0.143245
0.143719
0.144195
0.144672
0.145149
0.145628
0.146107
0.146588
0.147070
0.147553
0.148037
0.148522
0.149008
0.149495
0.149984
0.150473
0.150964
0.151456
0.151949
0.152443
0.152938
0.153434
0.153932
0.154431
0.154931
0.155432
0.155934
0.156437
0.156942
0.157448
0.157955
0.158464
0.158973
0.159484
0.159996
0.160510
0.161024
0.161540
0.162058
0.162576
0.163096
0.163617
0.164140
0.164663
0.165189
0.165715
0.166243
0.166772
0.167303
0.167835
0.168368
0.168903
0.169439
0.169977
0.170516
0.171056
0.171598
0.172142
0.172686
0.173233
0.173780
0.174330
0.174881
0.175433
0.175987
0.176542
0.177099
0.177658
0.178218
0.178779
0.179342
0.179907
0.180474
0.181042
0.181611
0.182183
0.182756
0.183330
0.183906
0.184484
0.185064
0.185645
0.186228
0.186813
0.187399
0.187988
0.188578
0.189169
0.189763
0.190358
0.190955
0.191554
0.192155
0.192757
0.193362
0.193968
0.194576
0.195186
0.195798
0.196412
0.197028
0.197645
0.198265
0.198887
0.199510
0.200136
0.200764
0.201393
0.202025
0.202659
0.203294
0.203932
0.204572
0.205215
0.205859
0.206505
0.207154
0.207805
0.208458
0.209113
0.209770
0.210430
0.211092
0.211756
0.212423
0.213092
0.213763
0.214436
0.215112
0.215791
0.216471
0.217155
0.217840
0.218528
0.219219
0.219912
0.220608
0.221306
0.222007
0.222710
0.223416
0.224125
0.224836
0.225550
0.226266
0.226986
0.227708
0.228433
0.229160
0.229891
0.230624
0.231360
0.232099
0.232841
0.233586
0.234334
0.235085
0.235839
0.236596
0.237356
0.238119
0.238885
0.239654
0.240427
0.241202
0.241981
0.242763
0.243549
0.244337
0.245129
0.245925
0.246724
0.247526
0.248331
0.249141
0.249953
0.250769
0.251589
0.252412
0.253239
0.254070
0.254904
0.255743
0.256584
0.257430
0.258279
0.259133
0.259990
0.260851
0.261716
0.262585
0.263458
0.264336
0.265217
0.266102
0.266992
0.267886
0.268784
0.269687
0.270593
0.271505
0.272420
0.273340
0.274265
0.275194
0.276128
0.277066
0.278009
0.278957
0.279909
0.280867
0.281829
0.282796
0.283769
0.284746
0.285728
0.286716
0.287709
0.288706
0.289710
0.290718
0.291732
0.292752
0.293777
0.294808
0.295844
0.296886
0.297934
0.298988
0.300048
0.301113
0.302185
0.303263
0.304347
0.305437
0.306534
0.307637
0.308747
0.309863
0.310985
0.312115
0.313251
0.314394
0.315544
0.316700
0.317864
0.319035
0.320214
0.321399
0.322592
0.323793
0.325001
0.326216
0.327440
0.328671
0.329910
0.331157
0.332412
0.333676
0.334948
0.336228
0.337516
0.338814
0.340120
0.341434
0.342758
0.344091
0.345433
0.346784
0.348144
0.349514
0.350893
0.352283
0.353681
0.355090
0.356509
0.357938
0.359377
0.360826
0.362286
0.363756
0.365236
0.366727
0.368227
0.369739
0.371260
0.372791
0.374333
0.375884
0.377444
0.379014
0.380593
0.382181
0.383776
0.385380
0.386992
0.388611
0.390236
0.391869
0.393508
0.395153
0.396804
0.398460
0.400123
0.401791
0.403466
0.405146
0.406833
0.408527
0.410228
0.411936
0.413653
0.415378
0.417112
0.418855
0.420609
0.422374
0.424150
0.425939
0.427739
0.429553
0.431381
0.433222
0.435078
0.436949
0.438835
0.440737
0.442655
0.444589
0.446539
0.448507
0.450491
0.452493
0.454513
0.456550
0.458605
0.460679
0.462771
0.464882
0.467012
0.469161
0.471329
0.473517
0.475724
0.477951
0.480199
0.482466
0.484754
0.487062
0.489391
0.491741
0.494111
0.496503
0.498916
0.501349
0.503804
0.506281
0.508778
0.511297
0.513837
0.516398
0.518981
0.521584
0.524209
0.526855
0.529521
0.532208
0.534915
0.537642
0.540389
0.543156
0.545941
0.548746
0.551568
0.554409
0.557266
0.560141
0.563031
0.565937
0.568858
0.571792
0.574739
0.577699
0.580671
0.583654
0.586647
0.589650
0.592661
0.595679
0.598702
0.601731
0.604763
0.607797
0.610831
0.613865
0.616897
0.619925
0.622947
0.625962
0.628970
0.631968
0.634955
0.637930
0.640890
0.643834
0.646760
0.649666
0.652550
0.655410
0.658245
0.661052
0.663828
0.666575
0.669290
0.671972
0.674617
0.677225
0.679794
0.682321
0.684806
0.687246
0.689640
0.691986
0.694282
0.696530
0.698727
0.700872
0.702964
0.705003
0.706986
0.708913
0.710784
0.712597
0.714352
0.716048
0.717686
0.719265
0.720785
0.722246
0.723649
0.724995
0.726285
0.727518
0.728695
0.729817
0.730885
0.731900
0.732862
0.733773
0.734635
0.735448
0.736215
0.736935
0.737612
0.738246
0.738840
0.739394
0.739911
0.740392
0.740840
0.741255
0.741639
0.741995
0.742324
0.742627
0.742907
0.743164
0.743401
0.743618
0.743818
0.744001
0.744168
0.744321
0.744462
0.744590
0.744707
0.744815
0.744913
0.745003
0.745086
0.745162
0.745231
0.745296
0.745355
0.745410
0.745461
0.745508
0.745553
0.745594
0.745633
0.745670
0.745706
0.745739
0.745771
0.745802
0.745831
0.745860
0.745888
0.745915
0.745942
0.745968
0.745993
0.746018
0.746043
0.746068
0.746092
0.746116
0.746140
0.746163
0.746187
0.746210
0.746234
0.746257
0.746280
0.746303
0.746326
0.746350
0.746373
0.746396
0.746419
0.746442
0.746465
0.746488
0.746510
0.746533
0.746556
0.746579
0.746602
0.746625
0.746648
0.746671
0.746694
0.746717
0.746740
0.746762
0.746785
0.746808
0.746831
0.746854
0.746877
0.746900
0.746923
0.746946
0.746968
0.746991
0.747014
0.747037
0.747060
0.747083
0.747106
0.747129
0.747151
0.747174
0.747197
0.747220
0.747243
0.747266
0.747289
0.747312
0.747334
0.747357
0.747380
0.747403
0.747426
0.747449
0.747472
0.747494
0.747517
0.747540
0.747563
0.747586
0.747609
0.747632
0.747654
0.747677
0.747700
0.747723
0.747746
0.747769
0.747791
0.747814
0.747837
0.747860
0.747883
0.747906
0.747928
0.747951
0.747974
0.747997
0.748020
0.748043
0.748065
0.748088
0.748111
0.748134
0.748157
0.748180
0.748202
0.748225
0.748248
0.748271
0.748294
0.748317
0.748339
0.748362
0.748385
0.748408
0.748431
0.748453
0.748476
0.748499
0.748522
0.748545
0.748567
0.748590
0.748613
0.748636
0.748659
0.748681
0.748704
0.748727
0.748750
0.748773
0.748795
0.748818
0.748841
0.748864
0.748887
0.748909
0.748932
0.748955
0.748978
0.749001
0.749023
0.749046
0.749069
0.749092
0.749114
0.749137
0.749160
0.749183
0.749206
0.749228
0.749251
0.749274
0.749297
0.749319
0.749342
0.749365
0.749388
0.749410
0.749433
0.749456
0.749479
0.749501
0.749524
0.749547
0.749570
0.749593
0.749615
0.749638
0.749661
0.749684
0.749706
0.749729
0.749752
0.749775
0.749797
0.749820
0.749843
0.749866
0.749888
0.749911
0.749934
0.749956
0.749979
0.750002
0.750025
0.750047
0.750070
0.750093
0.750116
0.750138
0.750161
0.750184
0.750207
0.750229
0.750252
0.750275
0.750297
0.750320
0.750343
0.750366
0.750388
0.750411
0.750434
0.750456
0.750479
0.750502
0.750525
0.750547
0.750570
0.750593
0.750615
0.750638
0.750661
0.750684
0.750706
0.750729
0.750752
0.750774
0.750797
0.750820
0.750843
0.750865
0.750888
0.750911
0.750933
0.750956
0.750979
0.751001
0.751024
0.751047
0.751069
0.751092
0.751115
0.751137
0.751160
0.751183
0.751206
0.751228
0.751251
0.751274
0.751296
0.751319
0.751342
0.751364
0.751387
0.751410
0.751432
0.751455
0.751478
0.751500
0.751523
0.751546
0.751568
0.751591
0.751614
0.751636
0.751659
0.751682
0.751704
0.751727
0.751750
0.751772
0.751795
0.751818
0.751840
0.751863
0.751886
0.751908
0.751931
0.751953
0.751976
0.751999
0.752021
0.752044
0.752067
0.752089
0.752112
0.752135
0.752157
0.752180
0.752203
0.752225
0.752248
0.752270
0.752293
0.752316
0.752338
0.752361
0.752384
0.752406
0.752429
0.752451
0.752474
0.752497
0.752519
0.752542
0.752565
0.752587
0.752610
0.752632
0.752655
0.752678
0.752700
0.752723
0.752745
0.752768
0.752791
0.752813
0.752836
0.752859
0.752881
0.752904
0.752926
0.752949
0.752972
0.752994
0.753017
0.753039
0.753062
0.753085
0.753107
0.753130
0.753152
0.753175
0.753198
0.753220
0.753243
0.753265
0.753288
0.753310
0.753333
0.753356
0.753378
0.753401
0.753423
0.753446
0.753469
0.753491
0.753514
0.753536
0.753559
0.753581
0.753604
0.753627
0.753649
0.753672
0.753694
0.753717
0.753739
0.753762
0.753785
0.753807
0.753830
0.753852
0.753875
0.753897
0.753920
0.753942
0.753965
0.753988
0.754010
0.754033
0.754055
0.754078
0.754100
0.754123
0.754145
0.754168
0.754191
0.754213
0.754236
0.754258
0.754281
0.754303
0.754326
0.754348
0.754371
0.754393
0.754416
0.754438
0.754461
0.754484
0.754506
0.754529
0.754551
0.754574
0.754596
0.754619
0.754641
0.754664
0.754686
0.754709
0.754731
0.754754
0.754776
0.754799
0.754821
0.754844
0.754866
0.754889
0.754911
0.754934
0.754957
0.754979
0.755002
0.755024
0.755047
0.755069
0.755092
0.755114
0.755137
0.755159
0.755182
0.755204
0.755227
0.755249
0.755272
0.755294
0.755317
0.755339
0.755362
0.755384
0.755407
0.755429
0.755452
0.755474
0.755497
0.755519
0.755541
0.755564
0.755586
0.755609
0.755631
0.755654
0.755676
0.755699
0.755721
0.755744
0.755766
0.755789
0.755811
0.755834
0.755856
0.755879
0.755901
0.755924
0.755946
0.755969
0.755991
0.756013
0.756036
0.756058
0.756081
0.756103
0.756126
0.756148
0.756171
0.756193
0.756216
0.756238
0.756260
0.756283
0.756305
0.756328
0.756350
0.756373
0.756395
0.756418
0.756440
0.756463
0.756485
0.756507
0.756530
0.756552
0.756575
0.756597
0.756620
0.756642
0.756664
0.756687
0.756709
0.756732
0.756754
0.756777
0.756799
0.756822
0.756844
0.756866
0.756889
0.756911
0.756934
0.756956
0.756978
0.757001
0.757023
0.757046
0.757068
0.757091
0.757113
0.757135
0.757158
0.757180
0.757203
0.757225
0.757247
0.757270
0.757292
0.757315
0.757337
0.757359
0.757382
0.757404
0.757427
0.757449
0.757471
0.757494
0.757516
0.757539
0.757561
0.757583
0.757606
0.757628
0.757651
0.757673
0.757695
0.757718
0.757740
0.757763
0.757785
0.757807
0.757830
0.757852
0.757874
0.757897
0.757919
0.757942
0.757964
0.757986
0.758009
0.758031
0.758054
0.758076
0.758098
0.758121
0.758143
0.758165
0.758188
0.758210
0.758232
0.758255
0.758277
0.758300
0.758322
0.758344
0.758367
0.758389
0.758411
0.758434
0.758456
0.758478
0.758501
0.758523
0.758545
0.758568
0.758590
0.758612
0.758635
0.758657
0.758680
0.758702
0.758724
0.758747
0.758769
0.758791
0.758814
0.758836
0.758858
0.758881
0.758903
0.758925
0.758948
0.758970
0.758992
0.759015
0.759037
0.759059
0.759082
0.759104
0.759126
0.759149
0.759171
0.759193
0.759215
0.759238
0.759260
0.759282
0.759305
0.759327
0.759349
0.759372
0.759394
0.759416
0.759439
0.759461
0.759483
0.759506
0.759528
0.759550
0.759572
0.759595
0.759617
0.759639
0.759662
0.759684
0.759706
0.759729
0.759751
0.759773
0.759795
0.759818
0.759840
0.759862
0.759885
0.759907
0.759929
0.759951
0.759974
0.759996
0.760018
0.760041
0.760063
0.760085
0.760107
0.760130
0.760152
0.760174
0.760197
0.760219
0.760241
0.760263
0.760286
0.760308
0.760330
0.760352
0.760375
0.760397
0.760419
0.760442
0.760464
0.760486
0.760508
0.760531
0.760553
0.760575
0.760597
0.760620
0.760642
0.760664
0.760686
0.760709
0.760731
0.760753
0.760775
0.760798
0.760820
0.760842
0.760864
0.760887
0.760909
0.760931
0.760953
0.760976
0.760998
0.761020
0.761042
0.761065
0.761087
0.761109
0.761131
0.761153
0.761176
0.761198
0.761220
0.761242
0.761265
0.761287
0.761309
0.761331
0.761354
0.761376
0.761398
0.761420
0.761442
0.761465
0.761487
0.761509
0.761531
0.761554
0.761576
0.761598
0.761620
0.761642
0.761665
0.761687
0.761709
0.761731
0.761753
0.761776
0.761798
0.761820
0.761842
0.761864
0.761887
0.761909
0.761931
0.761953
0.761975
0.761998
0.762020
0.762042
0.762064
0.762086
0.762109
0.762131
0.762153
0.762175
0.762197
0.762219
0.762242
0.762264
0.762286
0.762308
0.762330
0.762353
0.762375
0.762397
0.762419
0.762441
0.762463
0.762486
0.762508
0.762530
0.762552
0.762574
0.762596
0.762619
0.762641
0.762663
0.762685
0.762707
0.762729
0.762752
0.762774
0.762796
0.762818
0.762840
0.762862
0.762884
0.762907
0.762929
0.762951
0.762973
0.762995
0.763017
0.763040
0.763062
0.763084
0.763106
0.763128
0.763150
0.763172
0.763195
0.763217
0.763239
0.763261
0.763283
0.763305
0.763327
0.763349
0.763372
0.763394
0.763416
0.763438
0.763460
0.763482
0.763504
0.763526
0.763549
0.763571
0.763593
0.763615
0.763637
0.763659
0.763681
0.763703
0.763726
0.763748
0.763770
0.763792
0.763814
0.763836
0.763858
0.763880
0.763902
0.763925
0.763947
0.763969
0.763991
0.764013
0.764035
0.764057
0.764079
0.764101
0.764123
0.764146
0.764168
0.764190
0.764212
0.764234
0.764256
0.764278
0.764300
0.764322
0.764344
0.764366
0.764389
0.764411
0.764433
0.764455
0.764477
0.764499
0.764521
0.764543
0.764565
0.764587
0.764609
0.764631
0.764653
0.764676
0.764698
0.764720
0.764742
0.764764
0.764786
0.764808
0.764830
0.764852
0.764874
0.764896
0.764918
0.764940
0.764962
0.764984
0.765006
0.765029
0.765051
0.765073
0.765095
0.765117
0.765139
0.765161
0.765183
0.765205
0.765227
0.765249
0.765271
0.765293
0.765315
0.765337
0.765359
0.765381
0.765403
0.765425
0.765447
0.765469
0.765491
0.765513
0.765535
0.765557
0.765580
0.765602
0.765624
0.765646
0.765668
0.765690
0.765712
0.765734
0.765756
0.765778
0.765800
0.765822
0.765844
0.765866
0.765888
0.765910
0.765932
0.765954
0.765976
0.765998
0.766020
0.766042
0.766064
0.766086
0.766108
0.766130
0.766152
0.766174
0.766196
0.766218
0.766240
0.766262
0.766284
0.766306
0.766328
0.766350
0.766372
0.766394
0.766416
0.766438
0.766460
0.766482
0.766504
0.766526
0.766548
0.766570
0.766592
0.766614
0.766636
0.766658
0.766680
0.766702
0.766724
0.766746
0.766768
0.766790
0.766811
0.766833
0.766855
0.766877
0.766899
0.766921
0.766943
0.766965
0.766987
0.767009
0.767031
0.767053
0.767075
0.767097
0.767119
0.767141
0.767163
0.767185
0.767207
0.767229
0.767251
0.767273
0.767295
0.767317
0.767338
0.767360
0.767382
0.767404
0.767426
0.767448
0.767470
0.767492
0.767514
0.767536
0.767558
0.767580
0.767602
0.767624
0.767646
0.767668
0.767689
0.767711
0.767733
0.767755
0.767777
0.767799
0.767821
0.767843
0.767865
0.767887
0.767909
0.767931
0.767953
0.767974
0.767996
0.768018
0.768040
0.768062
0.768084
0.768106
0.768128
0.768150
0.768172
0.768194
0.768215
0.768237
0.768259
0.768281
0.768303
0.768325
0.768347
0.768369
0.768391
0.768413
0.768434
0.768456
0.768478
0.768500
0.768522
0.768544
0.768566
0.768588
0.768610
0.768631
0.768653
0.768675
0.768697
0.768719
0.768741
0.768763
0.768785
0.768806
0.768828
0.768850
0.768872
0.768894
0.768916
0.768938
0.768960
0.768981
0.769003
0.769025
0.769047
0.769069
0.769091
0.769113
0.769135
0.769156
0.769178
0.769200
0.769222
0.769244
0.769266
0.769288
0.769309
0.769331
0.769353
0.769375
0.769397
0.769419
0.769440
0.769462
0.769484
0.769506
0.769528
0.769550
0.769572
0.769593
0.769615
0.769637
0.769659
0.769681
0.769703
0.769724
0.769746
0.769768
0.769790
0.769812
0.769834
0.769855
0.769877
0.769899
0.769921
0.769943
0.769964
0.769986
0.770008
0.770030
0.770052
0.770074
0.770095
0.770117
0.770139
0.770161
0.770183
0.770204
0.770226
0.770248
0.770270
0.770292
0.770313
0.770335
0.770357
0.770379
0.770401
0.770422
0.770444
0.770466
0.770488
0.770510
0.770531
0.770553
0.770575
0.770597
0.770619
0.770640
0.770662
0.770684
0.770706
0.770728
0.770749
0.770771
0.770793
0.770815
0.770836
0.770858
0.770880
0.770902
0.770924
0.770945
0.770967
0.770989
0.771011
0.771032
0.771054
0.771076
0.771098
0.771119
0.771141
0.771163
0.771185
0.771207
0.771228
0.771250
0.771272
0.771294
0.771315
0.771337
0.771359
0.771381
0.771402
0.771424
0.771446
0.771468
0.771489
0.771511
0.771533
0.771555
0.771576
0.771598
0.771620
0.771642
0.771663
0.771685
0.771707
0.771728
0.771750
0.771772
0.771794
0.771815
0.771837
0.771859
0.771881
0.771902
0.771924
0.771946
0.771968
0.771989
0.772011
0.772033
0.772054
0.772076
0.772098
0.772120
0.772141
0.772163
0.772185
0.772206
0.772228
0.772250
0.772272
0.772293
0.772315
0.772337
0.772358
0.772380
0.772402
0.772423
0.772445
0.772467
0.772489
0.772510
0.772532
0.772554
0.772575
0.772597
0.772619
0.772640
0.772662
0.772684
0.772706
0.772727
0.772749
0.772771
0.772792
0.772814
0.772836
0.772857
0.772879
0.772901
0.772922
0.772944
0.772966
0.772987
0.773009
0.773031
0.773052
0.773074
0.773096
0.773117
0.773139
0.773161
0.773182
0.773204
0.773226
0.773247
0.773269
0.773291
0.773312
0.773334
0.773356
0.773377
0.773399
0.773421
0.773442
0.773464
0.773486
0.773507
0.773529
0.773551
0.773572
0.773594
0.773616
0.773637
0.773659
0.773680
0.773702
0.773724
0.773745
0.773767
0.773789
0.773810
0.773832
0.773854
0.773875
0.773897
0.773918
0.773940
0.773962
0.773983
0.774005
0.774027
0.774048
0.774070
0.774091
0.774113
0.774135
0.774156
0.774178
0.774199
0.774221
0.774243
0.774264
0.774286
0.774308
0.774329
0.774351
0.774372
0.774394
0.774416
0.774437
0.774459
0.774480
0.774502
0.774524
0.774545
0.774567
0.774588
0.774610
0.774632
0.774653
0.774675
0.774696
0.774718
0.774740
0.774761
0.774783
0.774804
0.774826
0.774847
0.774869
0.774891
0.774912
0.774934
0.774955
0.774977
0.774999
0.775020
0.775042
0.775063
0.775085
0.775106
0.775128
0.775150
0.775171
0.775193
0.775214
0.775236
0.775257
0.775279
0.775300
0.775322
0.775344
0.775365
0.775387
0.775408
0.775430
0.775451
0.775473
0.775494
0.775516
0.775538
0.775559
0.775581
0.775602
0.775624
0.775645
0.775667
0.775688
0.775710
0.775731
0.775753
0.775775
0.775796
0.775818
0.775839
0.775861
0.775882
0.775904
0.775925
0.775947
0.775968
0.775990
0.776011
0.776033
0.776054
0.776076
0.776097
0.776119
0.776140
0.776162
0.776184
0.776205
0.776227
0.776248
0.776270
0.776291
0.776313
0.776334
0.776356
0.776377
0.776399
0.776420
0.776442
0.776463
0.776485
0.776506
0.776528
0.776549
0.776571
0.776592
0.776614
0.776635
0.776657
0.776678
0.776700
0.776721
0.776743
0.776764
0.776786
0.776807
0.776829
0.776850
0.776872
0.776893
0.776914
0.776936
0.776957
0.776979
0.777000
0.777022
0.777043
0.777065
0.777086
0.777108
0.777129
0.777151
0.777172
0.777194
0.777215
0.777237
0.777258
0.777279
0.777301
0.777322
0.777344
0.777365
0.777387
0.777408
0.777430
0.777451
0.777473
0.777494
0.777515
0.777537
0.777558
0.777580
0.777601
0.777623
0.777644
0.777666
0.777687
0.777708
0.777730
0.777751
0.777773
0.777794
0.777816
0.777837
0.777859
0.777880
0.777901
0.777923
0.777944
0.777966
0.777987
0.778009
0.778030
0.778051
0.778073
0.778094
0.778116
0.778137
0.778158
0.778180
0.778201
0.778223
0.778244
0.778266
0.778287
0.778308
0.778330
0.778351
0.778373
0.778394
0.778415
0.778437
0.778458
0.778480
0.778501
0.778522
0.778544
0.778565
0.778587
0.778608
0.778629
0.778651
0.778672
0.778694
0.778715
0.778736
0.778758
0.778779
0.778800
0.778822
0.778843
0.778865
0.778886
0.778907
0.778929
0.778950
0.778972
0.778993
0.779014
0.779036
0.779057
0.779078
0.779100
0.779121
0.779143
0.779164
0.779185
0.779207
0.779228
0.779249
0.779271
0.779292
0.779313
0.779335
0.779356
0.779377
0.779399
0.779420
0.779442
0.779463
0.779484
0.779506
0.779527
0.779548
0.779570
0.779591
0.779612
0.779634
0.779655
0.779676
0.779698
0.779719
0.779740
0.779762
0.779783
0.779804
0.779825
0.779847
0.779868
0.779889
0.779911
0.779932
0.779953
0.779975
0.779996
0.780017
0.780038
0.780060
0.780081
0.780102
0.780124
0.780145
0.780166
0.780187
0.780209
0.780230
0.780251
0.780272
0.780294
0.780315
0.780336
0.780358
0.780379
0.780400
0.780421
0.780443
0.780464
0.780485
0.780506
0.780528
0.780549
0.780570
0.780591
0.780613
0.780634
0.780655
0.780676
0.780698
0.780719
0.780740
0.780761
0.780783
0.780804
0.780825
0.780846
0.780868
0.780889
0.780910
0.780931
0.780953
0.780974
0.780995
0.781016
0.781037
0.781059
0.781080
0.781101
0.781122
0.781144
0.781165
0.781186
0.781207
0.781228
0.781250
0.781271
0.781292
0.781313
0.781335
0.781356
0.781377
0.781398
0.781419
0.781441
0.781462
0.781483
0.781504
0.781525
0.781547
0.781568
0.781589
0.781610
0.781631
0.781653
0.781674
0.781695
0.781716
0.781737
0.781759
0.781780
0.781801
0.781822
0.781843
0.781865
0.781886
0.781907
0.781928
0.781949
0.781970
0.781992
0.782013
0.782034
0.782055
0.782076
0.782098
0.782119
0.782140
0.782161
0.782182
0.782203
0.782225
0.782246
0.782267
0.782288
0.782309
0.782330
0.782352
0.782373
0.782394
0.782415
0.782436
0.782457
0.782478
0.782500
0.782521
0.782542
0.782563
0.782584
0.782605
0.782627
0.782648
0.782669
0.782690
0.782711
0.782732
0.782753
0.782775
0.782796
0.782817
0.782838
0.782859
0.782880
0.782901
0.782922
0.782944
0.782965
0.782986
0.783007
0.783028
0.783049
0.783070
0.783091
0.783113
0.783134
0.783155
0.783176
0.783197
0.783218
0.783239
0.783260
0.783282
0.783303
0.783324
0.783345
0.783366
0.783387
0.783408
0.783429
0.783450
0.783471
0.783493
0.783514
0.783535
0.783556
0.783577
0.783598
0.783619
0.783640
0.783661
0.783682
0.783704
0.783725
0.783746
0.783767
0.783788
0.783809
0.783830
0.783851
0.783872
0.783893
0.783914
0.783935
0.783957
0.783978
0.783999
0.784020
0.784041
0.784062
0.784083
0.784104
0.784125
0.784146
0.784167
0.784188
0.784209
0.784230
0.784252
0.784273
0.784294
0.784315
0.784336
0.784357
0.784378
0.784399
0.784420
0.784441
0.784462
0.784483
0.784504
0.784525
0.784546
0.784567
0.784588
0.784609
0.784630
0.784651
0.784673
0.784694
0.784715
0.784736
0.784757
0.784778
0.784799
0.784820
0.784841
0.784862
0.784883
0.784904
0.784925
0.784946
0.784967
0.784988
0.785009
0.785030
0.785051
0.785072
0.785093
0.785114
0.785135
0.785156
0.785177
0.785198
0.785219
0.785240
0.785261
0.785282
0.785303
0.785324
0.785345
0.785366
0.785387
0.785408
0.785429
0.785450
0.785471
0.785492
0.785513
0.785534
0.785555
0.785576
0.785597
0.785618
0.785639
0.785660
0.785681
0.785702
0.785723
0.785744
0.785765
0.785786
0.785807
0.785828
0.785849
0.785870
0.785891
0.785912
0.785933
0.785954
0.785975
0.785996
0.786017
0.786038
0.786059
0.786080
0.786101
0.786122
0.786142
0.786163
0.786184
0.786205
0.786226
0.786247
0.786268
0.786289
0.786310
0.786331
0.786352
0.786373
0.786394
0.786415
0.786436
0.786457
0.786478
0.786499
0.786520
0.786541
0.786561
0.786582
0.786603
0.786624
0.786645
0.786666
0.786687
0.786708
0.786729
0.786750
0.786771
0.786792
0.786813
0.786834
0.786855
0.786875
0.786896
0.786917
0.786938
0.786959
0.786980
0.787001
0.787022
0.787043
0.787064
0.787085
0.787106
0.787126
0.787147
0.787168
0.787189
0.787210
0.787231
0.787252
0.787273
0.787294
0.787315
0.787335
0.787356
0.787377
0.787398
0.787419
0.787440
0.787461
0.787482
0.787503
0.787523
0.787544
0.787565
0.787586
0.787607
0.787628
0.787649
0.787670
0.787691
0.787711
0.787732
0.787753
0.787774
0.787795
0.787816
0.787837
0.787858
0.787878
0.787899
0.787920
0.787941
0.787962
0.787983
0.788004
0.788024
0.788045
0.788066
0.788087
0.788108
0.788129
0.788150
0.788170
0.788191
0.788212
0.788233
0.788254
0.788275
0.788296
0.788316
0.788337
0.788358
0.788379
0.788400
0.788421
0.788441
0.788462
0.788483
0.788504
0.788525
0.788546
0.788566
0.788587
0.788608
0.788629
0.788650
0.788671
0.788691
0.788712
0.788733
0.788754
0.788775
0.788795
0.788816
0.788837
0.788858
0.788879
0.788900
0.788920
0.788941
0.788962
0.788983
0.789004
0.789024
0.789045
0.789066
0.789087
0.789108
0.789128
0.789149
0.789170
0.789191
0.789212
0.789232
0.789253
0.789274
0.789295
0.789316
0.789336
0.789357
0.789378
0.789399
0.789419
0.789440
0.789461
0.789482
0.789503
0.789523
0.789544
0.789565
0.789586
0.789606
0.789627
0.789648
0.789669
0.789690
0.789710
0.789731
0.789752
0.789773
0.789793
0.789814
0.789835
0.789856
0.789876
0.789897
0.789918
0.789939
0.789959
0.789980
0.790001
0.790022
0.790042
0.790063
0.790084
0.790105
0.790125
0.790146
0.790167
0.790188
0.790208
0.790229
0.790250
0.790271
0.790291
0.790312
0.790333
0.790354
0.790374
0.790395
0.790416
0.790437
0.790457
0.790478
0.790499
0.790519
0.790540
0.790561
0.790582
0.790602
0.790623
0.790644
0.790664
0.790685
0.790706
0.790727
0.790747
0.790768
0.790789
0.790809
0.790830
0.790851
0.790872
0.790892
0.790913
0.790934
0.790954
0.790975
0.790996
0.791016
0.791037
0.791058
0.791079
0.791099
0.791120
0.791141
0.791161
0.791182
0.791203
0.791223
0.791244
0.791265
0.791285
0.791306
0.791327
0.791347
0.791368
0.791389
0.791410
0.791430
0.791451
0.791472
0.791492
0.791513
0.791534
0.791554
0.791575
0.791596
0.791616
0.791637
0.791658
0.791678
0.791699
0.791719
0.791740
0.791761
0.791781
0.791802
0.791823
0.791843
0.791864
0.791885
0.791905
0.791926
0.791947
0.791967
0.791988
0.792009
0.792029
0.792050
0.792071
0.792091
0.792112
0.792132
0.792153
0.792174
0.792194
0.792215
0.792236
0.792256
0.792277
0.792297
0.792318
0.792339
0.792359
0.792380
0.792401
0.792421
0.792442
0.792462
0.792483
0.792504
0.792524
0.792545
0.792565
0.792586
0.792607
0.792627
0.792648
0.792669
0.792689
0.792710
0.792730
0.792751
0.792772
0.792792
0.792813
0.792833
0.792854
0.792875
0.792895
0.792916
0.792936
0.792957
0.792977
0.792998
0.793019
0.793039
0.793060
0.793080
0.793101
0.793122
0.793142
0.793163
0.793183
0.793204
0.793224
0.793245
0.793266
0.793286
0.793307
0.793327
0.793348
0.793368
0.793389
0.793410
0.793430
0.793451
0.793471
0.793492
0.793512
0.793533
0.793553
0.793574
0.793595
0.793615
0.793636
0.793656
0.793677
0.793697
0.793718
0.793738
0.793759
0.793780
0.793800
0.793821
0.793841
0.793862
0.793882
0.793903
0.793923
0.793944
0.793964
0.793985
0.794005
0.794026
0.794046
0.794067
0.794088
0.794108
0.794129
0.794149
0.794170
0.794190
0.794211
0.794231
0.794252
0.794272
0.794293
0.794313
0.794334
0.794354
0.794375
0.794395
0.794416
0.794436
0.794457
0.794477
0.794498
0.794518
0.794539
0.794559
0.794580
0.794600
0.794621
0.794641
0.794662
0.794682
0.794703
0.794723
0.794744
0.794764
0.794785
0.794805
0.794826
0.794846
0.794867
0.794887
0.794908
0.794928
0.794949
0.794969
0.794990
0.795010
0.795030
0.795051
0.795071
0.795092
0.795112
0.795133
0.795153
0.795174
0.795194
0.795215
0.795235
0.795256
0.795276
0.795297
0.795317
0.795337
0.795358
0.795378
0.795399
0.795419
0.795440
0.795460
0.795481
0.795501
0.795521
0.795542
0.795562
0.795583
0.795603
0.795624
0.795644
0.795665
0.795685
0.795705
0.795726
0.795746
0.795767
0.795787
0.795808
0.795828
0.795848
0.795869
0.795889
0.795910
0.795930
0.795951
0.795971
0.795991
0.796012
0.796032
0.796053
0.796073
0.796093
0.796114
0.796134
0.796155
0.796175
0.796195
0.796216
0.796236
0.796257
0.796277
0.796298
0.796318
0.796338
0.796359
0.796379
0.796400
0.796420
0.796440
0.796461
0.796481
0.796501
0.796522
0.796542
0.796563
0.796583
0.796603
0.796624
0.796644
0.796665
0.796685
0.796705
0.796726
0.796746
0.796766
0.796787
0.796807
0.796828
0.796848
0.796868
0.796889
0.796909
0.796929
0.796950
0.796970
0.796990
0.797011
0.797031
0.797052
0.797072
0.797092
0.797113
0.797133
0.797153
0.797174
0.797194
0.797214
0.797235
0.797255
0.797275
0.797296
0.797316
0.797336
0.797357
0.797377
0.797397
0.797418
0.797438
0.797458
0.797479
0.797499
0.797519
0.797540
0.797560
0.797580
0.797601
0.797621
0.797641
0.797662
0.797682
0.797702
0.797723
0.797743
0.797763
0.797784
0.797804
0.797824
0.797845
0.797865
0.797885
0.797905
0.797926
0.797946
0.797966
0.797987
0.798007
0.798027
0.798048
0.798068
0.798088
0.798109
0.798129
0.798149
0.798169
0.798190
0.798210
0.798230
0.798251
0.798271
0.798291
0.798311
0.798332
0.798352
0.798372
0.798393
0.798413
0.798433
0.798453
0.798474
0.798494
0.798514
0.798534
0.798555
0.798575
0.798595
0.798616
0.798636
0.798656
0.798676
0.798697
0.798717
0.798737
0.798757
0.798778
0.798798
0.798818
0.798838
0.798859
0.798879
0.798899
0.798919
0.798940
0.798960
0.798980
0.799000
0.799021
0.799041
0.799061
0.799081
0.799102
0.799122
0.799142
0.799162
0.799183
0.799203
0.799223
0.799243
0.799263
0.799284
0.799304
0.799324
0.799344
0.799365
0.799385
0.799405
0.799425
0.799446
0.799466
0.799486
0.799506
0.799526
0.799547
0.799567
0.799587
0.799607
0.799627
0.799648
0.799668
0.799688
0.799708
0.799728
0.799749
0.799769
0.799789
0.799809
0.799829
0.799850
0.799870
0.799890
0.799910
0.799930
0.799951
0.799971
0.799991
0.800011
0.800031
0.800052
0.800072
0.800092
0.800112
0.800132
0.800152
0.800173
0.800193
0.800213
0.800233
0.800253
0.800273
0.800294
0.800314
0.800334
0.800354
0.800374
0.800394
0.800415
0.800435
0.800455
0.800475
0.800495
0.800515
0.800536
0.800556
0.800576
0.800596
0.800616
0.800636
0.800657
0.800677
0.800697
0.800717
0.800737
0.800757
0.800777
0.800798
0.800818
0.800838
0.800858
0.800878
0.800898
0.800918
0.800938
0.800959
0.800979
0.800999
0.801019
0.801039
0.801059
0.801079
0.801099
0.801120
0.801140
0.801160
0.801180
0.801200
0.801220
0.801240
0.801260
0.801281
0.801301
0.801321
0.801341
0.801361
0.801381
0.801401
0.801421
0.801441
0.801462
0.801482
0.801502
0.801522
0.801542
0.801562
0.801582
0.801602
0.801622
0.801642
0.801662
0.801683
0.801703
0.801723
0.801743
0.801763
0.801783
0.801803
0.801823
0.801843
0.801863
0.801883
0.801903
0.801924
0.801944
0.801964
0.801984
0.802004
0.802024
0.802044
0.802064
0.802084
0.802104
0.802124
0.802144
0.802164
0.802184
0.802204
0.802224
0.802245
0.802265
0.802285
0.802305
0.802325
0.802345
0.802365
0.802385
0.802405
0.802425
0.802445
0.802465
0.802485
0.802505
0.802525
0.802545
0.802565
0.802585
0.802605
0.802625
0.802645
0.802665
0.802685
0.802705
0.802725
0.802746
0.802766
0.802786
0.802806
0.802826
0.802846
0.802866
0.802886
0.802906
0.802926
0.802946
0.802966
0.802986
0.803006
0.803026
0.803046
0.803066
0.803086
0.803106
0.803126
0.803146
0.803166
0.803186
0.803206
0.803226
0.803246
0.803266
0.803286
0.803306
0.803326
0.803346
0.803366
0.803386
0.803406
0.803426
0.803446
0.803466
0.803486
0.803506
0.803526
0.803546
0.803566
0.803586
0.803605
0.803625
0.803645
0.803665
0.803685
0.803705
0.803725
0.803745
0.803765
0.803785
0.803805
0.803825
0.803845
0.803865
0.803885
0.803905
0.803925
0.803945
0.803965
0.803985
0.804005
0.804025
0.804045
0.804065
0.804085
0.804104
0.804124
0.804144
0.804164
0.804184
0.804204
0.804224
0.804244
0.804264
0.804284
0.804304
0.804324
0.804344
0.804364
0.804384
0.804403
0.804423
0.804443
0.804463
0.804483
0.804503
0.804523
0.804543
0.804563
0.804583
0.804603
0.804623
0.804643
0.804662
0.804682
0.804702
0.804722
0.804742
0.804762
0.804782
0.804802
0.804822
0.804842
0.804861
0.804881
0.804901
0.804921
0.804941
0.804961
0.804981
0.805001
0.805021
0.805040
0.805060
0.805080
0.805100
0.805120
0.805140
0.805160
0.805180
0.805200
0.805219
0.805239
0.805259
0.805279
0.805299
0.805319
0.805339
0.805359
0.805378
0.805398
0.805418
0.805438
0.805458
0.805478
0.805498
0.805517
0.805537
0.805557
0.805577
0.805597
0.805617
0.805637
0.805656
0.805676
0.805696
0.805716
0.805736
0.805756
0.805776
0.805795
0.805815
0.805835
0.805855
0.805875
0.805895
0.805914
0.805934
0.805954
0.805974
0.805994
0.806014
0.806033
0.806053
0.806073
0.806093
0.806113
0.806132
0.806152
0.806172
0.806192
0.806212
0.806232
0.806251
0.806271
0.806291
0.806311
0.806331
0.806350
0.806370
0.806390
0.806410
0.806430
0.806449
0.806469
0.806489
0.806509
0.806529
0.806548
0.806568
0.806588
0.806608
0.806628
0.806647
0.806667
0.806687
0.806707
0.806727
0.806746
0.806766
0.806786
0.806806
0.806826
0.806845
0.806865
0.806885
0.806905
0.806924
0.806944
0.806964
0.806984
0.807003
0.807023
0.807043
0.807063
0.807083
0.807102
0.807122
0.807142
0.807162
0.807181
0.807201
0.807221
0.807241
0.807260
0.807280
0.807300
0.807320
0.807339
0.807359
0.807379
0.807399
0.807418
0.807438
0.807458
0.807478
0.807497
0.807517
0.807537
0.807557
0.807576
0.807596
0.807616
0.807635
0.807655
0.807675
0.807695
0.807714
0.807734
0.807754
0.807774
0.807793
0.807813
0.807833
0.807852
0.807872
0.807892
0.807912
0.807931
0.807951
0.807971
0.807990
0.808010
0.808030
0.808050
0.808069
0.808089
0.808109
0.808128
0.808148
0.808168
0.808187
0.808207
0.808227
0.808247
0.808266
0.808286
0.808306
0.808325
0.808345
0.808365
0.808384
0.808404
0.808424
0.808443
0.808463
0.808483
0.808502
0.808522
0.808542
0.808561
0.808581
0.808601
0.808620
0.808640
0.808660
0.808679
0.808699
0.808719
0.808738
0.808758
0.808778
0.808797
0.808817
0.808837
0.808856
0.808876
0.808896
0.808915
0.808935
0.808955
0.808974
0.808994
0.809014
0.809033
0.809053
0.809073
0.809092
0.809112
0.809131
0.809151
0.809171
0.809190
0.809210
0.809230
0.809249
0.809269
0.809289
0.809308
0.809328
0.809347
0.809367
0.809387
0.809406
0.809426
0.809445
0.809465
0.809485
0.809504
0.809524
0.809544
0.809563
0.809583
0.809602
0.809622
0.809642
0.809661
0.809681
0.809700
0.809720
0.809740
0.809759
0.809779
0.809798
0.809818
0.809838
0.809857
0.809877
0.809896
0.809916
0.809936
0.809955
0.809975
0.809994
0.810014
0.810034
0.810053
0.810073
0.810092
0.810112
0.810131
0.810151
0.810171
0.810190
0.810210
0.810229
0.810249
0.810268
0.810288
0.810308
0.810327
0.810347
0.810366
0.810386
0.810405
0.810425
0.810444
0.810464
0.810484
0.810503
0.810523
0.810542
0.810562
0.810581
0.810601
0.810620
0.810640
0.810660
0.810679
0.810699
0.810718
0.810738
0.810757
0.810777
0.810796
0.810816
0.810835
0.810855
0.810874
0.810894
0.810913
0.810933
0.810953
0.810972
0.810992
0.811011
0.811031
0.811050
0.811070
0.811089
0.811109
0.811128
0.811148
0.811167
0.811187
0.811206
0.811226
0.811245
0.811265
0.811284
0.811304
0.811323
0.811343
0.811362
0.811382
0.811401
0.811421
0.811440
0.811460
0.811479
0.811499
0.811518
0.811538
0.811557
0.811577
0.811596
0.811616
0.811635
0.811655
0.811674
0.811694
0.811713
0.811733
0.811752
0.811771
0.811791
0.811810
0.811830
0.811849
0.811869
0.811888
0.811908
0.811927
0.811947
0.811966
0.811986
0.812005
0.812025
0.812044
0.812063
