0.000000
0.000000
0.000324
0.000649
0.000975
0.001301
0.001626
0.001952
0.002278
0.002604
0.002930
0.003256
0.003582
0.003908
0.004234
0.004560
0.004886
0.005213
0.005539
0.005865
0.006191
0.006518
0.006844
0.007171
0.007497
0.007824
0.008150
0.008477
0.008803
0.009130
0.009456
0.009783
0.010109
0.010436
0.010763
0.011090
0.011417
0.011744
0.012070
0.012397
0.012724
0.013051
0.013378
0.013705
0.014033
0.014360
0.014687
0.015014
0.015342
0.015669
0.015997
0.016324
0.016652
0.016980
0.017307
0.017635
0.017963
0.018291
0.018619
0.018948
0.019276
0.019604
0.019933
0.020261
0.020590
0.020918
0.021247
0.021576
0.021904
0.022233
0.022562
0.022891
0.023220
0.023549
0.023879
0.024208
0.024538
0.024867
0.025197
0.025527
0.025856
0.026186
0.026516
0.026847
0.027177
0.027507
0.027838
0.028168
0.028499
0.028830
0.029161
0.029492
0.029823
0.030155
0.030486
0.030818
0.031150
0.031481
0.031813
0.032146
0.032478
0.032810
0.033143
0.033476
0.033808
0.034141
0.034475
0.034808
0.035141
0.035475
0.035809
0.036143
0.036477
0.036811
0.037146
0.037480
0.037815
0.038150
0.038485
0.038821
0.039156
0.039492
0.039828
0.040164
0.040500
0.040837
0.041173
0.041510
0.041847
0.042184
0.042521
0.042859
0.043197
0.043535
0.043873
0.044211
0.044550
0.044889
0.045228
0.045567
0.045906
0.046246
0.046586
0.046926
0.047266
0.047607
0.047948
0.048289
0.048630
0.048971
0.049313
0.049655
0.049997
0.050339
0.050682
0.051025
0.051368
0.051712
0.052055
0.052399
0.052743
0.053088
0.053432
0.053777
0.054122
0.054468
0.054814
0.055160
0.055506
0.055852
0.056199
0.056546
0.056894
0.057241
0.057589
0.057937
0.058286
0.058635
0.058984
0.059333
0.059683
0.060033
0.060383
0.060734
0.061085
0.061436
0.061787
0.062139
0.062491
0.062844
0.063196
0.063549
0.063903
0.064257
0.064611
0.064965
0.065320
0.065675
0.066030
0.066386
0.066742
0.067098
0.067455
0.067812
0.068170
0.068527
0.068886
0.069244
0.069603
0.069962
0.070322
0.070682
0.071042
0.071403
0.071764
0.072125
0.072487
0.072849
0.073212
0.073575
0.073938
0.074302
0.074666
0.075030
0.075395
0.075760
0.076126
0.076492
0.076859
0.077225
0.077593
0.077960
0.078328
0.078697
0.079066
0.079435
0.079805
0.080175
0.080545
0.080916
0.081288
0.081660
0.082032
0.082405
0.082778
0.083151
0.083525
0.083900
0.084275
0.084650
0.085026
0.085402
0.085779
0.086156
0.086533
0.086912
0.087290
0.087669
0.088049
0.088429
0.088809
0.089190
0.089571
0.089953
0.090336
0.090718
0.091102
0.091486
0.091870
0.092255
0.092640
0.093026
0.093413
0.093800
0.094187
0.094575
0.094964
0.095353
0.095742
0.096132
0.096523
0.096914
0.097306
0.097698
0.098091
0.098484
0.098878
0.099273
0.099668
0.100063
0.100460
0.100856
0.101254
0.101652
0.102050
0.102449
0.102849
0.103249
0.103650
0.104052
0.104454
0.104856
0.105260
0.105664
0.106068
0.106473
0.106879
0.107286
0.107693
0.108101
0.108509
0.108918
0.109328
0.109738
0.110149
0.110560
0.110973
0.111386
0.111799
0.112214
0.112629
0.113044
0.113461
0.113878
0.114296
0.114714
0.115133
0.115553
0.115974
0.116395
0.116817
0.117240
0.117663
0.118087
0.118512
0.118938
0.119364
0.119792
0.120219
0.120648
0.121078
0.121508
0.121939
0.122371
0.122803
0.123237
0.123671
0.124106
0.124541
0.124978
0.125415
0.125853
0.126292
0.126732
0.127173
0.127614
0.128057
0.128500
0.128944
0.129389
0.129834
0.130281
0.130728
0.131177
0.131626
0.132076
0.132527
0.132979
0.133431
0.133885
0.134340
0.134795
0.135252
0.135709
0.136167
0.136626
0.137086
0.137548
0.138010
0.138473
0.138937
0.139401
0.139867
0.140334
0.140802
0.141271
0.141741
0.142212
0.142684
0.143157
0.143631
0.144106
0.144582
0.145059
0.145537
0.146016
0.146496
0.146977
0.147460
0.147943
0.148428
0.148913
0.149400
0.149888
0.150377
0.150867
0.151358
0.151850
0.152344
0.152838
0.153334
0.153831
0.154329
0.154828
0.155329
0.155831
0.156333
0.156838
0.157343
0.157849
0.158357
0.158866
0.159376
0.159888
0.160400
0.160914
0.161430
0.161946
0.162464
0.162983
0.163504
0.164026
0.164549
0.165073
0.165599
0.166126
0.166654
0.167184
0.167716
0.168248
0.168782
0.169318
0.169855
0.170393
0.170932
0.171474
0.172016
0.172560
0.173106
0.173653
0.174201
0.174751
0.175303
0.175856
0.176410
0.176966
0.177524
0.178083
0.178644
0.179206
0.179770
0.180336
0.180903
0.181472
0.182042
0.182614
0.183188
0.183763
0.184340
0.184919
0.185499
0.186081
0.186665
0.187250
0.187838
0.188427
0.189017
0.189610
0.190204
0.190800
0.191398
0.191997
0.192599
0.193202
0.193807
0.194414
0.195023
0.195634
0.196247
0.196861
0.197478
0.198096
0.198717
0.199339
0.199964
0.200590
0.201219
0.201849
0.202481
0.203116
0.203753
0.204391
0.205032
0.205675
0.206320
0.206968
0.207617
0.208269
0.208922
0.209578
0.210237
0.210897
0.211560
0.212225
0.212892
0.213562
0.214234
0.214909
0.215585
0.216265
0.216946
0.217630
0.218317
0.219006
0.219697
0.220391
0.221088
0.221787
0.222489
0.223193
0.223900
0.224609
0.225321
0.226036
0.226754
0.227474
0.228197
0.228923
0.229651
0.230383
0.231117
0.231854
0.232594
0.233337
0.234083
0.234831
0.235583
0.236338
0.237096
0.237857
0.238621
0.239388
0.240158
0.240931
0.241708
0.242488
0.243271
0.244057
0.244847
0.245640
0.246436
0.247236
0.248039
0.248846
0.249656
0.250470
0.251287
0.252108
0.252932
0.253760
0.254592
0.255427
0.256266
0.257109
0.257956
0.258807
0.259661
0.260519
0.261382
0.262248
0.263118
0.263992
0.264871
0.265753
0.266640
0.267530
0.268425
0.269324
0.270228
0.271136
0.272048
0.272964
0.273885
0.274811
0.275741
0.276676
0.277615
0.278559
0.279508
0.280461
0.281419
0.282382
0.283351
0.284324
0.285302
0.286285
0.287273
0.288267
0.289265
0.290269
0.291279
0.292294
0.293314
0.294340
0.295371
0.296408
0.297451
0.298499
0.299554
0.300614
0.301680
0.302753
0.303831
0.304916
0.306007
0.307104
0.308208
0.309318
0.310434
0.311558
0.312687
0.313824
0.314968
0.316118
0.317275
0.318440
0.319612
0.320790
0.321977
0.323170
0.324371
0.325580
0.326796
0.328020
0.329252
0.330492
0.331740
0.332996
0.334261
0.335534
0.336815
0.338105
0.339403
0.340710
0.342026
0.343352
0.344686
0.346029
0.347382
0.348744
0.350116
0.351497
0.352888
0.354289
0.355700
0.357121
0.358552
0.359994
0.361447
0.362910
0.364384
0.365869
0.367365
0.368873
0.370392
0.371923
0.373465
0.375019
0.376584
0.378162
0.379750
0.381350
0.382960
0.384581
0.386211
0.387851
0.389498
0.391153
0.392814
0.394480
0.396151
0.397825
0.399502
0.401182
0.402863
0.404546
0.406231
0.407920
0.409611
0.411307
0.413008
0.414715
0.416429
0.418152
0.419884
0.421627
0.423381
0.425147
0.426927
0.428720
0.430528
0.432350
0.434188
0.436041
0.437910
0.439796
0.441698
0.443617
0.445553
0.447506
0.449476
0.451465
0.453471
0.455496
0.457539
0.459601
0.461683
0.463783
0.465903
0.468042
0.470200
0.472380
0.474580
0.476802
0.479045
0.481310
0.483597
0.485907
0.488240
0.490596
0.492975
0.495378
0.497806
0.500257
0.502734
0.505235
0.507762
0.510315
0.512893
0.515497
0.518128
0.520786
0.523470
0.526182
0.528921
0.531687
0.534481
0.537303
0.540153
0.543031
0.545937
0.548872
0.551835
0.554826
0.557845
0.560893
0.563969
0.567073
0.570204
0.573364
0.576551
0.579765
0.583005
0.586272
0.589565
0.592884
0.596225
0.599590
0.602980
0.606393
0.609828
0.613285
0.616763
0.620261
0.623777
0.627310
0.630860
0.634424
0.638000
0.641589
0.645189
0.648800
0.652419
0.656044
0.659675
0.663309
0.666943
0.670575
0.674203
0.677822
0.681435
0.685040
0.688633
0.692212
0.695775
0.699318
0.702838
0.706332
0.709796
0.713230
0.716633
0.720000
0.723329
0.726615
0.729856
0.733046
0.736183
0.739266
0.742294
0.745262
0.748166
0.751003
0.753769
0.756459
0.759071
0.761599
0.764046
0.766409
0.768684
0.770868
0.772959
0.774953
0.776848
0.778642
0.780338
0.781934
0.783429
0.784824
0.786118
0.787312
0.788409
0.789409
0.790317
0.791137
0.791874
0.792532
0.793116
0.793630
0.794080
0.794472
0.794812
0.795104
0.795354
0.795567
0.795748
0.795900
0.796029
0.796138
0.796230
0.796307
0.796372
0.796428
0.796475
0.796516
0.796552
0.796583
0.796611
0.796636
0.796660
0.796681
0.796702
0.796721
0.796740
0.796759
0.796776
0.796794
0.796811
0.796828
0.796845
0.796862
0.796879
0.796896
0.796913
0.796930
0.796947
0.796963
0.796980
0.796997
0.797014
0.797031
0.797047
0.797064
0.797081
0.797098
0.797114
0.797131
0.797148
0.797165
0.797182
0.797198
0.797215
0.797232
0.797249
0.797265
0.797282
0.797299
0.797316
0.797332
0.797349
0.797366
0.797383
0.797400
0.797416
0.797433
0.797450
0.797467
0.797483
0.797500
0.797517
0.797534
0.797550
0.797567
0.797584
0.797601
0.797617
0.797634
0.797651
0.797668
0.797684
0.797701
0.797718
0.797735
0.797751
0.797768
0.797785
0.797801
0.797818
0.797835
0.797852
0.797868
0.797885
0.797902
0.797918
0.797935
0.797952
0.797969
0.797985
0.798002
0.798019
0.798035
0.798052
0.798069
0.798085
0.798102
0.798119
0.798135
0.798152
0.798169
0.798185
0.798202
0.798219
0.798235
0.798252
0.798269
0.798285
0.798302
0.798319
0.798335
0.798352
0.798369
0.798385
0.798402
0.798419
0.798435
0.798452
0.798469
0.798485
0.798502
0.798518
0.798535
0.798552
0.798568
0.798585
0.798602
0.798618
0.798635
0.798651
0.798668
0.798685
0.798701
0.798718
0.798734
0.798751
0.798768
0.798784
0.798801
0.798817
0.798834
0.798851
0.798867
0.798884
0.798900
0.798917
0.798933
0.798950
0.798967
0.798983
0.799000
0.799016
0.799033
0.799049
0.799066
0.799083
0.799099
0.799116
0.799132
0.799149
0.799165
0.799182
0.799198
0.799215
0.799231
0.799248
0.799265
0.799281
0.799298
0.799314
0.799331
0.799347
0.799364
0.799380
0.799397
0.799413
0.799430
0.799446
0.799463
0.799479
0.799496
0.799512
0.799529
0.799545
0.799562
0.799578
0.799595
0.799611
0.799628
0.799644
0.799661
0.799677
0.799694
0.799710
0.799727
0.799743
0.799760
0.799776
0.799793
0.799809
0.799825
0.799842
0.799858
0.799875
0.799891
0.799908
0.799924
0.799941
0.799957
0.799974
0.799990
0.800006
0.800023
0.800039
0.800056
0.800072
0.800089
0.800105
0.800121
0.800138
0.800154
0.800171
0.800187
0.800204
0.800220
0.800236
0.800253
0.800269
0.800286
0.800302
0.800318
0.800335
0.800351
0.800368
0.800384
0.800400
0.800417
0.800433
0.800450
0.800466
0.800482
0.800499
0.800515
0.800532
0.800548
0.800564
0.800581
0.800597
0.800613
0.800630
0.800646
0.800662
0.800679
0.800695
0.800712
0.800728
0.800744
0.800761
0.800777
0.800793
0.800810
0.800826
0.800842
0.800859
0.800875
0.800891
0.800908
0.800924
0.800940
0.800957
0.800973
0.800989
0.801006
0.801022
0.801038
0.801055
0.801071
0.801087
0.801103
0.801120
0.801136
0.801152
0.801169
0.801185
0.801201
0.801218
0.801234
0.801250
0.801266
0.801283
0.801299
0.801315
0.801332
0.801348
0.801364
0.801380
0.801397
0.801413
0.801429
0.801445
0.801462
0.801478
0.801494
0.801511
0.801527
0.801543
0.801559
0.801576
0.801592
0.801608
0.801624
0.801640
0.801657
0.801673
0.801689
0.801705
0.801722
0.801738
0.801754
0.801770
0.801787
0.801803
0.801819
0.801835
0.801851
0.801868
0.801884
0.801900
0.801916
0.801933
0.801949
0.801965
0.801981
0.801997
0.802014
0.802030
0.802046
0.802062
0.802078
0.802094
0.802111
0.802127
0.802143
0.802159
0.802175
0.802192
0.802208
0.802224
0.802240
0.802256
0.802272
0.802289
0.802305
0.802321
0.802337
0.802353
0.802369
0.802386
0.802402
0.802418
0.802434
0.802450
0.802466
0.802482
0.802499
0.802515
0.802531
0.802547
0.802563
0.802579
0.802595
0.802611
0.802628
0.802644
0.802660
0.802676
0.802692
0.802708
0.802724
0.802740
0.802757
0.802773
0.802789
0.802805
0.802821
0.802837
0.802853
0.802869
0.802885
0.802901
0.802918
0.802934
0.802950
0.802966
0.802982
0.802998
0.803014
0.803030
0.803046
0.803062
0.803078
0.803094
0.803110
0.803126
0.803143
0.803159
0.803175
0.803191
0.803207
0.803223
0.803239
0.803255
0.803271
0.803287
0.803303
0.803319
0.803335
0.803351
0.803367
0.803383
0.803399
0.803415
0.803431
0.803447
0.803463
0.803479
0.803495
0.803511
0.803527
0.803543
0.803560
0.803576
0.803592
0.803608
0.803624
0.803640
0.803656
0.803672
0.803688
0.803704
0.803720
0.803736
0.803752
0.803767
0.803783
0.803799
0.803815
0.803831
0.803847
0.803863
0.803879
0.803895
0.803911
0.803927
0.803943
0.803959
0.803975
0.803991
0.804007
0.804023
0.804039
0.804055
0.804071
0.804087
0.804103
0.804119
0.804135
0.804151
0.804167
0.804183
0.804198
0.804214
0.804230
0.804246
0.804262
0.804278
0.804294
0.804310
0.804326
0.804342
0.804358
0.804374
0.804390
0.804405
0.804421
0.804437
0.804453
0.804469
0.804485
0.804501
0.804517
0.804533
0.804549
0.804564
0.804580
0.804596
0.804612
0.804628
0.804644
0.804660
0.804676
0.804692
0.804707
0.804723
0.804739
0.804755
0.804771
0.804787
0.804803
0.804819
0.804834
0.804850
0.804866
0.804882
0.804898
0.804914
0.804930
0.804945
0.804961
0.804977
0.804993
0.805009
0.805025
0.805040
0.805056
0.805072
0.805088
0.805104
0.805120
0.805135
0.805151
0.805167
0.805183
0.805199
0.805214
0.805230
0.805246
0.805262
0.805278
0.805294
0.805309
0.805325
0.805341
0.805357
0.805373
0.805388
0.805404
0.805420
0.805436
0.805452
0.805467
0.805483
0.805499
0.805515
0.805530
0.805546
0.805562
0.805578
0.805594
0.805609
0.805625
0.805641
0.805657
0.805672
0.805688
0.805704
0.805720
0.805735
0.805751
0.805767
0.805783
0.805798
0.805814
0.805830
0.805846
0.805861
0.805877
0.805893
0.805909
0.805924
0.805940
0.805956
0.805971
0.805987
0.806003
0.806019
0.806034
0.806050
0.806067
0.806083
0.806099
0.806115
0.806132
0.806148
0.806165
0.806181
0.806198
0.806215
0.806231
0.806248
0.806265
0.806282
0.806299
0.806316
0.806333
0.806350
0.806367
0.806384
0.806401
0.806419
0.806436
0.806453
0.806470
0.806488
0.806505
0.806522
0.806539
0.806557
0.806574
0.806591
0.806609
0.806626
0.806643
0.806661
0.806678
0.806695
0.806713
0.806730
0.806748
0.806765
0.806782
0.806800
0.806817
0.806835
0.806852
0.806870
0.806887
0.806905
0.806922
0.806939
0.806957
0.806974
0.806992
0.807009
0.807027
0.807044
0.807062
0.807079
0.807097
0.807114
0.807132
0.807149
0.807167
0.807184
0.807202
0.807219
0.807237
0.807254
0.807272
0.807289
0.807307
0.807324
0.807342
0.807359
0.807377
0.807394
0.807412
0.807429
0.807447
0.807464
0.807482
0.807499
0.807517
0.807534
0.807552
0.807569
0.807587
0.807604
0.807622
0.807639
0.807657
0.807674
0.807691
0.807709
0.807726
0.807744
0.807761
0.807779
0.807796
0.807814
0.807831
0.807848
0.807866
0.807883
0.807901
0.807918
0.807936
0.807953
0.807970
0.807988
0.808005
0.808023
0.808040
0.808057
0.808075
0.808092
0.808110
0.808127
0.808144
0.808162
0.808179
0.808197
0.808214
0.808231
0.808249
0.808266
0.808284
0.808301
0.808318
0.808336
0.808353
0.808370
0.808388
0.808405
0.808422
0.808440
0.808457
0.808475
0.808492
0.808509
0.808527
0.808544
0.808561
0.808579
0.808596
0.808613
0.808631
0.808648
0.808665
0.808683
0.808700
0.808717
0.808735
0.808752
0.808769
0.808786
0.808804
0.808821
0.808838
0.808856
0.808873
0.808890
0.808908
0.808925
0.808942
0.808959
0.808977
0.808994
0.809011
0.809029
0.809046
0.809063
0.809080
0.809098
0.809115
0.809132
0.809149
0.809167
0.809184
0.809201
0.809219
0.809236
0.809253
0.809270
0.809287
0.809305
0.809322
0.809339
0.809356
0.809374
0.809391
0.809408
0.809425
0.809443
0.809460
0.809477
0.809494
0.809511
0.809529
0.809546
0.809563
0.809580
0.809598
0.809615
0.809632
0.809649
0.809666
0.809684
0.809701
0.809718
0.809735
0.809752
0.809769
0.809787
0.809804
0.809821
0.809838
0.809855
0.809873
0.809890
0.809907
0.809924
0.809941
0.809958
0.809976
0.809993
0.810010
0.810027
0.810044
0.810061
0.810078
0.810096
0.810113
0.810130
0.810147
0.810164
0.810181
0.810198
0.810215
0.810233
0.810250
0.810267
0.810284
0.810301
0.810318
0.810335
0.810352
0.810369
0.810387
0.810404
0.810421
0.810438
0.810455
0.810472
0.810489
0.810506
0.810523
0.810540
0.810558
0.810575
0.810592
0.810609
0.810626
0.810643
0.810660
0.810677
0.810694
0.810711
0.810728
0.810745
0.810762
0.810779
0.810796
0.810813
0.810831
0.810848
0.810865
0.810882
0.810899
0.810916
0.810933
0.810950
0.810967
0.810984
0.811001
0.811018
0.811035
0.811052
0.811069
0.811086
0.811103
0.811120
0.811137
0.811154
0.811171
0.811188
0.811205
0.811222
0.811239
0.811256
0.811273
0.811290
0.811307
0.811324
0.811341
0.811358
0.811375
0.811392
0.811409
0.811426
0.811443
0.811460
0.811477
0.811494
0.811511
0.811528
0.811544
0.811561
0.811578
0.811595
0.811612
0.811629
0.811646
0.811663
0.811680
0.811697
0.811714
0.811731
0.811748
0.811765
0.811782
0.811799
0.811815
0.811832
0.811849
0.811866
0.811883
0.811900
0.811917
0.811934
0.811951
0.811968
0.811984
0.812001
0.812018
0.812035
0.812052
0.812069
0.812086
0.812103
0.812120
0.812136
0.812153
0.812170
0.812187
0.812204
0.812221
0.812238
0.812255
0.812271
0.812288
0.812305
0.812322
0.812339
0.812356
0.812373
0.812389
0.812406
0.812423
0.812440
0.812457
0.812474
0.812490
0.812507
0.812524
0.812541
0.812558
0.812575
0.812591
0.812608
0.812625
0.812642
0.812659
0.812675
0.812692
0.812709
0.812726
0.812743
0.812759
0.812776
0.812793
0.812810
0.812827
0.812843
0.812860
0.812877
0.812894
0.812911
0.812928
0.812945
0.812962
0.812979
0.812997
0.813014
0.813032
0.813049
0.813067
0.813084
0.813102
0.813119
0.813137
0.813155
0.813172
0.813190
0.813208
0.813226
0.813244
0.813262
0.813279
0.813297
0.813315
0.813333
0.813351
0.813369
0.813387
0.813405
0.813423
0.813441
0.813459
0.813477
0.813495
0.813513
0.813530
0.813548
0.813566
0.813584
0.813602
0.813620
0.813638
0.813656
0.813674
0.813692
0.813710
0.813728
0.813746
0.813764
0.813782
0.813800
0.813818
0.813836
0.813854
0.813872
0.813890
0.813909
0.813927
0.813945
0.813963
0.813981
0.813999
0.814017
0.814035
0.814052
0.814070
0.814088
0.814106
0.814124
0.814142
0.814160
0.814178
0.814196
0.814214
0.814232
0.814250
0.814268
0.814286
0.814304
0.814322
0.814340
0.814358
0.814376
0.814394
0.814412
0.814430
0.814448
0.814466
0.814484
0.814502
0.814519
0.814537
0.814555
0.814573
0.814591
0.814609
0.814627
0.814645
0.814663
0.814681
0.814699
0.814717
0.814734
0.814752
0.814770
0.814788
0.814806
0.814824
0.814842
0.814860
0.814878
0.814895
0.814913
0.814931
0.814949
0.814967
0.814985
0.815003
0.815020
0.815038
0.815056
0.815074
0.815092
0.815110
0.815128
0.815145
0.815163
0.815181
0.815199
0.815217
0.815235
0.815252
0.815270
0.815288
0.815306
0.815324
0.815342
0.815359
0.815377
0.815395
0.815413
0.815431
0.815448
0.815466
0.815484
0.815502
0.815520
0.815537
0.815555
0.815573
0.815591
0.815609
0.815626
0.815644
0.815662
0.815680
0.815697
0.815715
0.815733
0.815751
0.815768
0.815786
0.815804
0.815822
0.815839
0.815857
0.815875
0.815893
0.815910
0.815928
0.815946
0.815964
0.815981
0.815999
0.816017
0.816035
0.816052
0.816070
0.816088
0.816105
0.816123
0.816141
0.816159
0.816176
0.816194
0.816212
0.816229
0.816247
0.816265
0.816282
0.816300
0.816318
0.816336
0.816353
0.816371
0.816389
0.816406
0.816424
0.816442
0.816459
0.816477
0.816495
0.816512
0.816530
0.816548
0.816565
0.816583
0.816600
0.816618
0.816636
0.816653
0.816671
0.816689
0.816706
0.816724
0.816742
0.816759
0.816777
0.816794
0.816812
0.816830
0.816847
0.816865
0.816882
0.816900
0.816918
0.816935
0.816953
0.816970
0.816988
0.817006
0.817023
0.817041
0.817058
0.817076
0.817094
0.817111
0.817129
0.817146
0.817164
0.817181
0.817199
0.817217
0.817234
0.817252
0.817269
0.817287
0.817304
0.817322
0.817339
0.817357
0.817375
0.817392
0.817410
0.817427
0.817445
0.817462
0.817480
0.817497
0.817515
0.817532
0.817550
0.817567
0.817585
0.817602
0.817620
0.817637
0.817655
0.817672
0.817690
0.817707
0.817725
0.817742
0.817760
0.817777
0.817795
0.817812
0.817830
0.817847
0.817865
0.817882
0.817900
0.817917
0.817935
0.817952
0.817970
0.817987
0.818004
0.818022
0.818039
0.818057
0.818074
0.818092
0.818109
0.818127
0.818144
0.818161
0.818179
0.818196
0.818214
0.818231
0.818249
0.818266
0.818283
0.818301
0.818318
0.818336
0.818353
0.818370
0.818388
0.818405
0.818423
0.818440
0.818457
0.818475
0.818492
0.818510
0.818527
0.818544
0.818562
0.818579
0.818597
0.818614
0.818631
0.818649
0.818666
0.818683
0.818701
0.818718
0.818735
0.818753
0.818770
0.818787
0.818805
0.818822
0.818840
0.818857
0.818874
0.818892
0.818909
0.818926
0.818944
0.818961
0.818978
0.818995
0.819013
0.819030
0.819047
0.819065
0.819082
0.819099
0.819117
0.819134
0.819151
0.819169
0.819186
0.819203
0.819220
0.819238
0.819255
0.819272
0.819290
0.819307
0.819324
0.819341
0.819359
0.819376
0.819393
0.819410
0.819428
0.819445
0.819462
0.819480
0.819497
0.819514
0.819531
0.819549
0.819566
0.819583
0.819600
0.819617
0.819635
0.819652
0.819669
0.819686
0.819704
0.819721
0.819738
0.819755
0.819772
0.819790
0.819807
0.819824
0.819841
0.819859
0.819876
0.819893
0.819910
0.819927
0.819945
0.819962
0.819979
0.819996
0.820013
0.820030
0.820048
0.820065
0.820082
0.820099
0.820116
0.820133
0.820151
0.820168
0.820185
0.820202
0.820219
0.820236
0.820254
0.820271
0.820288
0.820305
0.820322
0.820339
0.820356
0.820374
0.820391
0.820408
0.820425
0.820442
0.820459
0.820476
0.820493
0.820511
0.820528
0.820545
0.820562
0.820579
0.820596
0.820613
0.820630
0.820647
0.820664
0.820682
0.820699
0.820716
0.820733
0.820750
0.820767
0.820784
0.820801
0.820818
0.820835
0.820852
0.820869
0.820886
0.820904
0.820921
0.820938
0.820955
0.820972
0.820989
0.821006
0.821023
0.821040
0.821057
0.821074
0.821091
0.821108
0.821125
0.821142
0.821159
0.821176
0.821193
0.821210
0.821227
0.821244
0.821261
0.821278
0.821295
0.821312
0.821329
0.821346
0.821363
0.821380
0.821397
0.821414
0.821431
0.821448
0.821465
0.821482
0.821499
0.821516
0.821533
0.821550
0.821567
0.821584
0.821601
0.821618
0.821635
0.821652
0.821669
0.821686
0.821703
0.821720
0.821737
0.821754
0.821771
0.821788
0.821804
0.821821
0.821838
0.821855
0.821872
0.821889
0.821906
0.821923
0.821940
0.821957
0.821974
0.821991
0.822008
0.822024
0.822041
0.822058
0.822075
0.822092
0.822109
0.822126
0.822143
0.822160
0.822176
0.822193
0.822210
0.822227
0.822244
0.822261
0.822278
0.822295
0.822312
0.822328
0.822345
0.822362
0.822379
0.822396
0.822413
0.822430
0.822446
0.822463
0.822480
0.822497
0.822514
0.822531
0.822547
0.822564
0.822581
0.822598
0.822615
0.822632
0.822648
0.822665
0.822682
0.822699
0.822716
0.822732
0.822749
0.822766
0.822783
0.822800
0.822817
0.822833
0.822850
0.822867
0.822884
0.822900
0.822917
0.822934
0.822951
0.822968
0.822984
0.823001
0.823018
0.823035
0.823051
0.823068
0.823085
0.823102
0.823119
0.823135
0.823152
0.823169
0.823186
0.823202
0.823219
0.823236
0.823253
0.823269
0.823286
0.823303
0.823319
0.823336
0.823353
0.823370
0.823386
0.823403
0.823420
0.823436
0.823453
0.823470
0.823487
0.823503
0.823520
0.823537
0.823553
0.823570
0.823587
0.823604
0.823620
0.823637
0.823654
0.823670
0.823687
0.823704
0.823720
0.823737
0.823754
0.823770
0.823787
0.823804
0.823820
0.823837
0.823854
0.823870
0.823887
0.823903
0.823920
0.823937
0.823953
0.823970
0.823986
0.824003
0.824020
0.824036
0.824053
0.824069
0.824086
0.824103
0.824119
0.824136
0.824152
0.824169
0.824186
0.824202
0.824219
0.824235
0.824252
0.824268
0.824285
0.824302
0.824318
0.824335
0.824351
0.824368
0.824384
0.824401
0.824417
0.824434
0.824451
0.824467
0.824484
0.824500
0.824517
0.824533
0.824550
0.824566
0.824583
0.824599
0.824616
0.824632
0.824649
0.824665
0.824682
0.824698
0.824715
0.824731
0.824748
0.824764
0.824781
0.824797
0.824814
0.824830
0.824847
0.824863
0.824880
0.824896
0.824913
0.824929
0.824945
0.824962
0.824978
0.824995
0.825011
0.825028
0.825044
0.825061
0.825077
0.825094
0.825110
0.825126
0.825143
0.825159
0.825176
0.825192
0.825209
0.825225
0.825241
0.825258
0.825274
0.825291
0.825307
0.825323
0.825340
0.825356
0.825373
0.825389
0.825406
0.825422
0.825438
0.825455
0.825471
0.825487
0.825504
0.825520
0.825537
0.825553
0.825569
0.825586
0.825602
0.825618
0.825635
0.825651
0.825668
0.825684
0.825700
0.825717
0.825733
0.825749
0.825766
0.825782
0.825798
0.825815
0.825831
0.825847
0.825864
0.825880
0.825896
0.825913
0.825929
0.825945
0.825962
0.825978
0.825994
0.826011
0.826027
0.826043
0.826060
0.826076
0.826092
0.826109
0.826125
0.826141
0.826157
0.826174
0.826190
0.826206
0.826223
0.826239
0.826255
0.826271
0.826288
0.826304
0.826320
0.826337
0.826353
0.826369
0.826385
0.826402
0.826418
0.826434
0.826450
0.826467
0.826483
0.826499
0.826515
0.826532
0.826548
0.826564
0.826580
0.826597
0.826613
0.826629
0.826645
0.826661
0.826678
0.826694
0.826710
0.826726
0.826743
0.826759
0.826775
0.826791
0.826807
0.826824
0.826840
0.826856
0.826872
0.826888
0.826905
0.826921
0.826937
0.826953
0.826969
0.826985
0.827002
0.827018
0.827034
0.827050
0.827066
0.827083
0.827099
0.827115
0.827131
0.827147
0.827163
0.827179
0.827196
0.827212
0.827228
0.827244
0.827260
0.827276
0.827292
0.827309
0.827325
0.827341
0.827357
0.827373
0.827389
0.827405
0.827422
0.827438
0.827454
0.827470
0.827486
0.827502
0.827518
0.827534
0.827550
0.827566
0.827583
0.827599
0.827615
0.827631
0.827647
0.827663
0.827679
0.827695
0.827711
0.827727
0.827743
0.827760
0.827776
0.827792
0.827808
0.827824
0.827840
0.827856
0.827872
0.827888
0.827904
0.827920
0.827936
0.827952
0.827968
0.827984
0.828000
0.828016
0.828032
0.828048
0.828064
0.828081
0.828097
0.828113
0.828129
0.828145
0.828161
0.828177
0.828193
0.828209
0.828225
0.828241
0.828257
0.828273
0.828289
0.828305
0.828321
0.828337
0.828353
0.828369
0.828385
0.828401
0.828417
0.828433
0.828449
0.828465
0.828481
0.828496
0.828512
0.828528
0.828544
0.828560
0.828576
0.828592
0.828608
0.828624
0.828640
0.828656
0.828672
0.828688
0.828704
0.828720
0.828736
0.828752
0.828768
0.828784
0.828800
0.828815
0.828831
0.828847
0.828863
0.828879
0.828895
0.828911
0.828927
0.828943
0.828959
0.828975
0.828991
0.829006
0.829022
0.829038
0.829054
0.829070
0.829086
0.829102
0.829118
0.829134
0.829149
0.829165
0.829181
0.829197
0.829213
0.829229
0.829245
0.829261
0.829276
0.829292
0.829308
0.829324
0.829340
0.829356
0.829372
0.829387
0.829403
0.829419
0.829435
0.829451
0.829467
0.829482
0.829498
0.829514
0.829530
0.829546
0.829562
0.829577
0.829593
0.829609
0.829625
0.829641
0.829656
0.829672
0.829688
0.829704
0.829720
0.829735
0.829751
0.829767
0.829783
0.829799
0.829814
0.829830
0.829846
0.829862
0.829878
0.829893
0.829909
0.829925
0.829941
0.829956
0.829972
0.829988
0.830004
0.830019
0.830035
0.830051
0.830067
0.830082
0.830098
0.830114
0.830130
0.830145
0.830161
0.830177
0.830193
0.830208
0.830224
0.830240
0.830256
0.830271
0.830287
0.830303
0.830318
0.830334
0.830350
0.830366
0.830381
0.830397
0.830413
0.830428
0.830444
0.830460
0.830476
0.830491
0.830507
0.830523
0.830538
0.830554
0.830570
0.830585
0.830601
0.830617
0.830632
0.830648
0.830664
0.830679
0.830695
0.830711
0.830726
0.830742
0.830758
0.830773
0.830789
0.830805
0.830820
0.830836
0.830852
0.830867
0.830883
0.830898
0.830914
0.830930
0.830945
0.830961
0.830977
0.830992
0.831008
0.831024
0.831039
0.831055
0.831070
0.831086
0.831102
0.831117
0.831133
0.831148
0.831164
0.831180
0.831195
0.831211
0.831226
0.831242
0.831258
0.831273
0.831289
0.831304
0.831320
0.831335
0.831351
0.831367
0.831382
0.831398
0.831413
0.831429
0.831444
0.831460
0.831476
0.831491
0.831507
0.831522
0.831538
0.831553
0.831569
0.831584
0.831600
0.831615
0.831631
0.831646
0.831662
0.831678
0.831693
0.831709
0.831724
0.831740
0.831755
0.831771
0.831786
0.831802
0.831817
0.831833
0.831848
0.831864
0.831879
0.831895
0.831910
0.831926
0.831942
0.831957
0.831973
0.831989
0.832004
0.832020
0.832036
0.832052
0.832067
0.832083
0.832099
0.832115
0.832131
0.832146
0.832162
0.832178
0.832194
0.832210
0.832226
0.832242
0.832258
0.832273
0.832289
0.832305
0.832321
0.832337
0.832353
0.832369
0.832385
0.832401
0.832417
0.832432
0.832448
0.832464
0.832480
0.832496
0.832512
0.832528
0.832544
0.832559
0.832575
0.832591
0.832607
0.832623
0.832639
0.832655
0.832671
0.832686
0.832702
0.832718
0.832734
0.832750
0.832766
0.832782
0.832797
0.832813
0.832829
0.832845
0.832861
0.832877
0.832892
0.832908
0.832924
0.832940
0.832956
0.832972
0.832987
0.833003
0.833019
0.833035
0.833051
0.833067
0.833082
0.833098
0.833114
0.833130
0.833146
0.833161
0.833177
0.833193
0.833209
0.833225
0.833240
0.833256
0.833272
0.833288
0.833304
0.833319
0.833335
0.833351
0.833367
0.833382
0.833398
0.833414
0.833430
0.833445
0.833461
0.833477
0.833493
0.833508
0.833524
0.833540
0.833556
0.833571
0.833587
0.833603
0.833619
0.833634
0.833650
0.833666
0.833682
0.833697
0.833713
0.833729
0.833745
0.833760
0.833776
0.833792
0.833807
0.833823
0.833839
0.833854
0.833870
0.833886
0.833902
0.833917
0.833933
0.833949
0.833964
0.833980
0.833996
0.834011
0.834027
0.834043
0.834058
0.834074
0.834090
0.834105
0.834121
0.834137
0.834152
0.834168
0.834184
0.834199
0.834215
0.834231
0.834246
0.834262
0.834278
0.834293
0.834309
0.834325
0.834340
0.834356
0.834371
0.834387
0.834403
0.834418
0.834434
0.834450
0.834465
0.834481
0.834496
0.834512
0.834528
0.834543
0.834559
0.834574
0.834590
0.834606
0.834621
0.834637
0.834652
0.834668
0.834684
0.834699
0.834715
0.834730
0.834746
0.834761
0.834777
0.834793
0.834808
0.834824
0.834839
0.834855
0.834870
0.834886
0.834901
0.834917
0.834933
0.834948
0.834964
0.834979
0.834995
0.835010
0.835026
0.835041
0.835057
0.835072
0.835088
0.835103
0.835119
0.835134
0.835150
0.835166
0.835181
0.835197
0.835212
0.835228
0.835243
0.835259
0.835274
0.835290
0.835305
0.835321
0.835336
0.835351
0.835367
0.835382
0.835398
0.835413
0.835429
0.835444
0.835460
0.835475
0.835491
0.835506
0.835522
0.835537
0.835553
0.835568
0.835584
0.835599
0.835614
0.835630
0.835645
0.835661
0.835676
0.835692
0.835707
0.835723
0.835738
0.835753
0.835769
0.835784
0.835800
0.835815
0.835830
0.835846
0.835861
0.835877
0.835892
0.835908
0.835923
0.835938
0.835954
0.835969
0.835985
0.836000
0.836015
0.836031
0.836046
0.836061
0.836077
0.836092
0.836108
0.836123
0.836138
0.836154
0.836169
0.836184
0.836200
0.836215
0.836231
0.836246
0.836261
0.836277
0.836292
0.836307
0.836323
0.836338
0.836353
0.836369
0.836384
0.836399
0.836415
0.836430
0.836445
0.836461
0.836476
0.836491
0.836507
0.836522
0.836537
0.836553
0.836568
0.836583
0.836599
0.836614
0.836629
0.836644
0.836660
0.836675
0.836690
0.836706
0.836721
0.836736
0.836751
0.836767
0.836782
0.836797
0.836813
0.836828
0.836843
0.836858
0.836874
0.836889
0.836904
0.836919
0.836935
0.836950
0.836965
0.836980
0.836996
0.837011
0.837026
0.837041
0.837057
0.837072
0.837087
0.837102
0.837118
0.837133
0.837148
0.837163
0.837179
0.837194
0.837209
0.837224
0.837239
0.837255
0.837270
0.837285
0.837300
0.837315
0.837331
0.837346
0.837361
0.837376
0.837391
0.837407
0.837422
0.837437
0.837452
0.837467
0.837483
0.837498
0.837513
0.837528
0.837543
0.837558
0.837574
0.837589
0.837604
0.837619
0.837634
0.837649
0.837665
0.837680
0.837695
0.837710
0.837725
0.837740
0.837755
0.837771
0.837786
0.837801
0.837816
0.837831
0.837846
0.837861
0.837876
0.837892
0.837907
0.837922
0.837937
0.837952
0.837967
0.837982
0.837997
0.838012
0.838028
0.838043
0.838058
0.838073
0.838088
0.838103
0.838118
0.838133
0.838148
0.838163
0.838178
0.838193
0.838209
0.838224
0.838239
0.838254
0.838269
0.838284
0.838299
0.838314
0.838329
0.838344
0.838359
0.838374
0.838389
0.838404
0.838419
0.838434
0.838449
0.838464
0.838479
0.838495
0.838510
0.838525
0.838540
0.838555
0.838570
0.838585
0.838600
0.838615
0.838630
0.838645
0.838660
0.838675
0.838690
0.838705
0.838720
0.838735
0.838750
0.838765
0.838780
0.838795
0.838810
0.838825
0.838840
0.838855
0.838870
0.838885
0.838900
0.838915
0.838929
0.838944
0.838959
0.838974
0.838989
0.839004
0.839019
0.839034
0.839049
0.839064
0.839079
0.839094
0.839109
0.839124
0.839139
0.839154
0.839169
0.839184
0.839199
0.839213
0.839228
0.839243
0.839258
0.839273
0.839288
0.839303
0.839318
0.839333
0.839348
0.839363
0.839378
0.839392
0.839407
0.839422
0.839437
0.839452
0.839467
0.839482
0.839497
0.839512
0.839526
0.839541
0.839556
0.839571
0.839586
0.839601
0.839616
0.839631
0.839645
0.839660
0.839675
0.839690
0.839705
0.839720
0.839735
0.839749
0.839764
0.839779
0.839794
0.839809
0.839824
0.839838
0.839853
0.839868
0.839883
0.839898
0.839913
0.839927
0.839942
0.839957
0.839972
0.839987
0.840001
0.840016
0.840031
0.840046
0.840061
0.840076
0.840090
0.840105
0.840120
0.840135
0.840149
0.840164
0.840179
0.840194
0.840209
0.840223
0.840238
0.840253
0.840268
0.840283
0.840297
0.840312
0.840327
0.840342
0.840357
0.840372
0.840387
0.840403
0.840418
0.840433
0.840448
0.840464
0.840479
0.840494
0.840510
0.840525
0.840541
0.840556
0.840572
0.840587
0.840603
0.840619
0.840634
0.840650
0.840666
0.840681
0.840697
0.840713
0.840728
0.840744
0.840760
0.840775
0.840791
0.840807
0.840822
0.840838
0.840854
0.840870
0.840885
0.840901
0.840917
0.840932
0.840948
0.840964
0.840980
0.840995
0.841011
0.841027
0.841042
0.841058
0.841074
0.841090
0.841105
0.841121
0.841137
0.841152
0.841168
0.841184
0.841199
0.841215
0.841231
0.841247
0.841262
0.841278
0.841294
0.841309
0.841325
0.841341
0.841356
0.841372
0.841388
0.841403
0.841419
0.841435
0.841450
0.841466
0.841482
0.841497
0.841513
0.841529
0.841544
0.841560
0.841575
0.841591
0.841607
0.841622
0.841638
0.841654
0.841669
0.841685
0.841701
0.841716
0.841732
0.841747
0.841763
0.841779
0.841794
0.841810
0.841825
0.841841
0.841857
0.841872
0.841888
0.841903
0.841919
0.841935
0.841950
0.841966
0.841981
0.841997
0.842013
0.842028
0.842044
0.842059
0.842075
0.842090
0.842106
0.842121
0.842137
0.842153
0.842168
0.842184
0.842199
0.842215
0.842230
0.842246
0.842261
0.842277
0.842293
0.842308
0.842324
0.842339
0.842355
0.842370
0.842386
0.842401
0.842417
0.842432
0.842448
0.842463
0.842479
0.842494
0.842510
0.842525
0.842541
0.842556
0.842572
0.842587
0.842603
0.842618
0.842634
0.842649
0.842665
0.842680
0.842696
0.842711
0.842727
0.842742
0.842758
0.842773
0.842788
0.842804
0.842819
0.842835
0.842850
0.842866
0.842881
0.842897
0.842912
0.842928
0.842943
0.842958
0.842974
0.842989
0.843005
0.843020
0.843036
0.843051
0.843066
0.843082
0.843097
0.843113
0.843128
0.843143
0.843159
0.843174
0.843190
0.843205
0.843220
0.843236
0.843251
0.843267
0.843282
0.843297
0.843313
0.843328
0.843344
0.843359
0.843374
0.843390
0.843405
0.843420
0.843436
0.843451
0.843467
0.843482
0.843497
0.843513
0.843528
0.843543
0.843559
0.843574
0.843589
0.843605
0.843620
0.843635
0.843651
0.843666
0.843681
0.843697
0.843712
0.843727
0.843743
0.843758
0.843773
0.843789
0.843804
0.843819
0.843835
0.843850
0.843865
0.843881
0.843896
0.843911
0.843926
0.843942
0.843957
0.843972
0.843988
0.844003
0.844018
0.844033
0.844049
0.844064
0.844079
0.844095
0.844110
0.844125
0.844140
0.844156
0.844171
0.844186
0.844201
0.844217
0.844232
0.844247
0.844262
0.844278
0.844293
0.844308
0.844323
0.844339
0.844354
0.844369
0.844384
0.844400
0.844415
0.844430
0.844445
0.844460
0.844476
0.844491
0.844506
0.844521
0.844537
0.844552
0.844567
0.844582
0.844597
0.844613
0.844628
0.844643
0.844658
0.844673
0.844688
0.844704
0.844719
0.844734
0.844749
0.844764
0.844780
0.844795
0.844810
0.844825
0.844840
0.844855
0.844871
0.844886
0.844901
0.844916
0.844931
0.844946
0.844961
0.844977
0.844992
0.845007
0.845022
0.845037
0.845052
0.845067
0.845083
0.845098
0.845113
0.845128
0.845143
0.845158
0.845173
0.845188
0.845204
0.845219
0.845234
0.845249
0.845264
0.845279
0.845294
0.845309
0.845324
0.845339
0.845355
0.845370
0.845385
0.845400
0.845415
0.845430
0.845445
0.845460
0.845475
0.845490
0.845505
0.845520
0.845535
0.845550
0.845566
0.845581
0.845596
0.845611
0.845626
0.845641
0.845656
0.845671
0.845686
0.845701
0.845716
0.845731
0.845746
0.845761
0.845776
0.845791
0.845806
0.845821
0.845836
0.845851
0.845866
0.845881
0.845896
0.845911
0.845926
0.845941
0.845956
0.845971
0.845986
0.846001
0.846016
0.846031
0.846046
0.846061
0.846076
0.846091
0.846106
0.846121
0.846136
0.846151
0.846166
0.846181
0.846196
0.846211
0.846226
0.846241
0.846256
0.846271
0.846286
0.846301
0.846316
0.846331
0.846346
0.846361
0.846376
0.846390
0.846405
0.846420
0.846435
0.846450
0.846465
0.846480
0.846495
0.846510
0.846525
0.846540
0.846555
0.846570
0.846585
0.846599
0.846614
0.846629
0.846644
0.846659
0.846674
0.846689
0.846704
0.846719
0.846734
0.846748
0.846763
0.846778
0.846793
0.846808
0.846823
0.846838
0.846853
0.846867
0.846882
0.846897
0.846912
0.846927
0.846942
0.846957
0.846972
0.846986
0.847001
0.847016
0.847031
0.847046
0.847061
0.847075
0.847090
0.847105
0.847120
0.847135
0.847150
0.847164
0.847179
0.847194
0.847209
0.847224
0.847239
0.847253
0.847268
0.847283
0.847298
0.847313
0.847327
0.847342
0.847357
0.847372
0.847387
0.847401
0.847416
0.847431
0.847446
0.847461
0.847475
0.847490
0.847505
0.847520
0.847535
0.847549
0.847564
0.847579
