0.000000
0.000000
0.000326
0.000653
0.000981
0.001309
0.001636
0.001964
0.002292
0.002620
0.002948
0.003276
0.003604
0.003932
0.004260
0.004588
0.004916
0.005244
0.005572
0.005900
0.006228
0.006557
0.006885
0.007213
0.007541
0.007869
0.008197
0.008526
0.008854
0.009183
0.009511
0.009839
0.010168
0.010496
0.010825
0.011153
0.011482
0.011810
0.012139
0.012468
0.012796
0.013125
0.013454
0.013783
0.014112
0.014441
0.014770
0.015099
0.015428
0.015757
0.016086
0.016415
0.016745
0.017074
0.017404
0.017733
0.018063
0.018392
0.018722
0.019052
0.019382
0.019712
0.020042
0.020372
0.020702
0.021032
0.021362
0.021693
0.022023
0.022354
0.022685
0.023015
0.023346
0.023677
0.024008
0.024340
0.024671
0.025002
0.025334
0.025665
0.025997
0.026329
0.026661
0.026993
0.027325
0.027657
0.027990
0.028322
0.028655
0.028987
0.029320
0.029653
0.029986
0.030320
0.030653
0.030986
0.031320
0.031654
0.031988
0.032322
0.032656
0.032991
0.033325
0.033660
0.033995
0.034330
0.034665
0.035000
0.035335
0.035671
0.036007
0.036343
0.036679
0.037015
0.037351
0.037688
0.038025
0.038362
0.038699
0.039036
0.039373
0.039711
0.040049
0.040387
0.040725
0.041063
0.041402
0.041741
0.042080
0.042419
0.042758
0.043098
0.043438
0.043778
0.044118
0.044458
0.044799
0.045139
0.045480
0.045821
0.046163
0.046504
0.046846
0.047188
0.047531
0.047873
0.048216
0.048559
0.048902
0.049246
0.049589
0.049933
0.050277
0.050622
0.050966
0.051311
0.051656
0.052002
0.052347
0.052693
0.053039
0.053386
0.053732
0.054079
0.054427
0.054774
0.055122
0.055470
0.055818
0.056167
0.056515
0.056865
0.057214
0.057564
0.057914
0.058264
0.058614
0.058965
0.059316
0.059668
0.060020
0.060371
0.060724
0.061076
0.061429
0.061782
0.062136
0.062490
0.062844
0.063199
0.063553
0.063908
0.064264
0.064620
0.064976
0.065332
0.065689
0.066046
0.066403
0.066761
0.067119
0.067478
0.067837
0.068196
0.068555
0.068915
0.069275
0.069636
0.069997
0.070358
0.070720
0.071082
0.071444
0.071807
0.072170
0.072534
0.072898
0.073262
0.073627
0.073992
0.074357
0.074723
0.075089
0.075456
0.075823
0.076190
0.076558
0.076927
0.077295
0.077664
0.078034
0.078403
0.078774
0.079144
0.079515
0.079887
0.080259
0.080631
0.081004
0.081377
0.081750
0.082124
0.082499
0.082874
0.083249
0.083625
0.084001
0.084378
0.084755
0.085132
0.085510
0.085889
0.086268
0.086648
0.087028
0.087408
0.087790
0.088171
0.088553
0.088935
0.089317
0.089700
0.090084
0.090468
0.090853
0.091238
0.091624
0.092011
0.092397
0.092785
0.093173
0.093561
0.093950
0.094340
0.094730
0.095120
0.095511
0.095903
0.096295
0.096688
0.097081
0.097474
0.097869
0.098263
0.098659
0.099055
0.099451
0.099848
0.100246
0.100644
0.101042
0.101442
0.101841
0.102242
0.102643
0.103044
0.103446
0.103849
0.104252
0.104656
0.105061
0.105466
0.105872
0.106278
0.106685
0.107093
0.107501
0.107910
0.108319
0.108729
0.109140
0.109552
0.109964
0.110376
0.110790
0.111204
0.111619
0.112034
0.112450
0.112867
0.113284
0.113702
0.114121
0.114540
0.114961
0.115382
0.115803
0.116225
0.116648
0.117072
0.117497
0.117922
0.118348
0.118774
0.119202
0.119630
0.120058
0.120488
0.120918
0.121349
0.121781
0.122214
0.122647
0.123082
0.123517
0.123952
0.124389
0.124826
0.125264
0.125703
0.126143
0.126584
0.127025
0.127467
0.127910
0.128354
0.128799
0.129244
0.129691
0.130138
0.130586
0.131035
0.131485
0.131936
0.132387
0.132840
0.133293
0.133748
0.134203
0.134659
0.135116
0.135574
0.136033
0.136493
0.136953
0.137415
0.137878
0.138341
0.138806
0.139271
0.139738
0.140205
0.140673
0.141143
0.141613
0.142085
0.142557
0.143030
0.143505
0.143980
0.144457
0.144934
0.145413
0.145892
0.146373
0.146854
0.147337
0.147821
0.148306
0.148792
0.149279
0.149767
0.150256
0.150747
0.151238
0.151731
0.152225
0.152720
0.153216
0.153713
0.154211
0.154711
0.155211
0.155713
0.156216
0.156721
0.157226
0.157733
0.158241
0.158750
0.159260
0.159772
0.160285
0.160799
0.161314
0.161831
0.162349
0.162868
0.163389
0.163910
0.164433
0.164958
0.165484
0.166011
0.166539
0.167069
0.167600
0.168133
0.168667
0.169202
0.169739
0.170277
0.170817
0.171358
0.171900
0.172444
0.172989
0.173536
0.174085
0.174634
0.175186
0.175738
0.176293
0.176848
0.177406
0.177965
0.178525
0.179087
0.179651
0.180216
0.180783
0.181351
0.181921
0.182492
0.183066
0.183641
0.184217
0.184795
0.185375
0.185957
0.186540
0.187125
0.187711
0.188300
0.188890
0.189481
0.190075
0.190670
0.191267
0.191866
0.192467
0.193070
0.193674
0.194280
0.194888
0.195498
0.196110
0.196724
0.197339
0.197957
0.198576
0.199198
0.199821
0.200446
0.201074
0.201703
0.202334
0.202968
0.203603
0.204241
0.204881
0.205522
0.206166
0.206812
0.207460
0.208111
0.208763
0.209418
0.210075
0.210734
0.211395
0.212059
0.212725
0.213393
0.214063
0.214736
0.215411
0.216089
0.216769
0.217451
0.218136
0.218823
0.219513
0.220205
0.220900
0.221597
0.222297
0.222999
0.223704
0.224412
0.225122
0.225835
0.226550
0.227268
0.227989
0.228713
0.229439
0.230168
0.230900
0.231635
0.232372
0.233113
0.233856
0.234603
0.235352
0.236104
0.236859
0.237618
0.238379
0.239143
0.239911
0.240681
0.241455
0.242232
0.243012
0.243795
0.244581
0.245371
0.246163
0.246959
0.247759
0.248561
0.249367
0.250177
0.250989
0.251805
0.252625
0.253448
0.254274
0.255104
0.255938
0.256775
0.257616
0.258461
0.259309
0.260161
0.261016
0.261876
0.262739
0.263607
0.264478
0.265353
0.266232
0.267115
0.268002
0.268893
0.269789
0.270688
0.271592
0.272500
0.273412
0.274329
0.275250
0.276175
0.277105
0.278039
0.278978
0.279921
0.280869
0.281822
0.282779
0.283742
0.284709
0.285680
0.286657
0.287639
0.288626
0.289617
0.290614
0.291616
0.292624
0.293636
0.294654
0.295673
0.296697
0.297727
0.298761
0.299801
0.300846
0.301895
0.302950
0.304009
0.305073
0.306141
0.307213
0.308288
0.309367
0.310450
0.311538
0.312632
0.313731
0.314834
0.315942
0.317053
0.318169
0.319288
0.320414
0.321545
0.322682
0.323824
0.324971
0.326122
0.327276
0.328436
0.329601
0.330773
0.331950
0.333133
0.334320
0.335512
0.336709
0.337912
0.339121
0.340336
0.341557
0.342782
0.344013
0.345250
0.346493
0.347742
0.348997
0.350257
0.351523
0.352795
0.354073
0.355354
0.356642
0.357936
0.359235
0.360539
0.361848
0.363162
0.364482
0.365807
0.367137
0.368472
0.369811
0.371154
0.372499
0.373845
0.375194
0.376548
0.377905
0.379263
0.380622
0.381982
0.383340
0.384701
0.386063
0.387428
0.388793
0.390158
0.391523
0.392887
0.394250
0.395616
0.396985
0.398358
0.399734
0.401114
0.402496
0.403880
0.405266
0.406654
0.408044
0.409435
0.410827
0.412223
0.413625
0.415033
0.416445
0.417862
0.419282
0.420706
0.422133
0.423563
0.424994
0.426429
0.427865
0.429303
0.430743
0.432186
0.433630
0.435077
0.436525
0.437977
0.439432
0.440892
0.442357
0.443827
0.445302
0.446781
0.448265
0.449752
0.451244
0.452740
0.454240
0.455744
0.457251
0.458763
0.460278
0.461797
0.463320
0.464847
0.466378
0.467913
0.469451
0.470993
0.472539
0.474089
0.475642
0.477199
0.478759
0.480322
0.481888
0.483457
0.485029
0.486603
0.488179
0.489757
0.491337
0.492917
0.494499
0.496082
0.497667
0.499252
0.500839
0.502426
0.504013
0.505601
0.507188
0.508774
0.510360
0.511944
0.513526
0.515106
0.516684
0.518258
0.519829
0.521396
0.522957
0.524515
0.526068
0.527616
0.529159
0.530696
0.532226
0.533750
0.535266
0.536774
0.538272
0.539762
0.541241
0.542708
0.544164
0.545607
0.547037
0.548451
0.549852
0.551238
0.552609
0.553964
0.555302
0.556622
0.557923
0.559204
0.560465
0.561705
0.562922
0.564116
0.565285
0.566430
0.567548
0.568640
0.569705
0.570744
0.571756
0.572739
0.573694
0.574620
0.575515
0.576380
0.577213
0.578015
0.578785
0.579523
0.580227
0.580899
0.581538
0.582143
0.582716
0.583255
0.583762
0.584238
0.584683
0.585099
0.585484
0.585841
0.586170
0.586472
0.586747
0.586998
0.587225
0.587429
0.587613
0.587776
0.587921
0.588050
0.588163
0.588262
0.588349
0.588424
0.588490
0.588548
0.588598
0.588641
0.588679
0.588713
0.588742
0.588769
0.588792
0.588814
0.588834
0.588852
0.588869
0.588885
0.588901
0.588916
0.588930
0.588945
0.588959
0.588972
0.588986
0.588999
0.589013
0.589026
0.589039
0.589052
0.589066
0.589079
0.589092
0.589105
0.589118
0.589132
0.589145
0.589158
0.589171
0.589184
0.589197
0.589210
0.589224
0.589237
0.589250
0.589263
0.589276
0.589289
0.589302
0.589316
0.589329
0.589342
0.589355
0.589368
0.589381
0.589394
0.589407
0.589421
0.589434
0.589447
0.589460
0.589473
0.589486
0.589499
0.589513
0.589526
0.589539
0.589552
0.589565
0.589578
0.589591
0.589604
0.589618
0.589631
0.589644
0.589657
0.589670
0.589683
0.589696
0.589709
0.589722
0.589736
0.589749
0.589762
0.589775
0.589788
0.589801
0.589814
0.589827
0.589840
0.589854
0.589867
0.589880
0.589893
0.589906
0.589919
0.589932
0.589945
0.589958
0.589972
0.589985
0.589998
0.590011
0.590024
0.590037
0.590050
0.590063
0.590076
0.590089
0.590103
0.590116
0.590129
0.590142
0.590155
0.590168
0.590181
0.590194
0.590207
0.590220
0.590234
0.590247
0.590260
0.590273
0.590286
0.590299
0.590312
0.590325
0.590338
0.590351
0.590364
0.590378
0.590391
0.590404
0.590417
0.590430
0.590443
0.590456
0.590469
0.590482
0.590495
0.590508
0.590521
0.590534
0.590548
0.590561
0.590574
0.590587
0.590600
0.590613
0.590626
0.590639
0.590652
0.590665
0.590678
0.590691
0.590704
0.590718
0.590731
0.590744
0.590757
0.590770
0.590783
0.590796
0.590809
0.590822
0.590835
0.590848
0.590861
0.590874
0.590887
0.590900
0.590913
0.590927
0.590940
0.590953
0.590966
0.590979
0.590992
0.591005
0.591018
0.591031
0.591044
0.591057
0.591070
0.591083
0.591096
0.591109
0.591122
0.591135
0.591148
0.591161
0.591175
0.591188
0.591201
0.591214
0.591227
0.591240
0.591253
0.591266
0.591279
0.591292
0.591305
0.591318
0.591331
0.591344
0.591357
0.591370
0.591383
0.591396
0.591409
0.591422
0.591435
0.591448
0.591461
0.591474
0.591487
0.591501
0.591514
0.591527
0.591540
0.591553
0.591566
0.591579
0.591592
0.591605
0.591618
0.591631
0.591644
0.591657
0.591670
0.591683
0.591696
0.591709
0.591722
0.591735
0.591748
0.591761
0.591774
0.591787
0.591800
0.591813
0.591826
0.591839
0.591852
0.591865
0.591878
0.591891
0.591904
0.591917
0.591930
0.591943
0.591956
0.591969
0.591982
0.591995
0.592008
0.592021
0.592034
0.592047
0.592060
0.592073
0.592086
0.592099
0.592112
0.592125
0.592138
0.592151
0.592164
0.592177
0.592190
0.592203
0.592216
0.592229
0.592242
0.592255
0.592268
0.592281
0.592294
0.592307
0.592320
0.592333
0.592346
0.592359
0.592372
0.592385
0.592398
0.592411
0.592424
0.592437
0.592450
0.592463
0.592476
0.592489
0.592502
0.592515
0.592528
0.592541
0.592554
0.592567
0.592580
0.592593
0.592606
0.592619
0.592632
0.592645
0.592658
0.592671
0.592684
0.592697
0.592710
0.592723
0.592736
0.592749
0.592762
0.592775
0.592788
0.592801
0.592814
0.592827
0.592840
0.592853
0.592866
0.592879
0.592892
0.592905
0.592917
0.592930
0.592943
0.592956
0.592969
0.592982
0.592995
0.593008
0.593021
0.593034
0.593047
0.593060
0.593073
0.593086
0.593099
0.593112
0.593125
0.593138
0.593151
0.593164
0.593177
0.593190
0.593203
0.593216
0.593229
0.593241
0.593254
0.593267
0.593280
0.593293
0.593306
0.593319
0.593332
0.593345
0.593358
0.593371
0.593384
0.593397
0.593410
0.593423
0.593436
0.593449
0.593462
0.593475
0.593487
0.593500
0.593513
0.593526
0.593539
0.593552
0.593565
0.593578
0.593591
0.593604
0.593617
0.593630
0.593643
0.593656
0.593669
0.593681
0.593694
0.593707
0.593720
0.593733
0.593746
0.593759
0.593772
0.593785
0.593798
0.593811
0.593824
0.593837
0.593850
0.593862
0.593875
0.593888
0.593901
0.593914
0.593927
0.593940
0.593953
0.593966
0.593979
0.593992
0.594005
0.594018
0.594030
0.594043
0.594056
0.594069
0.594082
0.594095
0.594108
0.594121
0.594134
0.594147
0.594160
0.594172
0.594185
0.594198
0.594211
0.594224
0.594237
0.594250
0.594263
0.594276
0.594289
0.594302
0.594314
0.594327
0.594340
0.594353
0.594366
0.594379
0.594392
0.594405
0.594418
0.594431
0.594443
0.594456
0.594469
0.594482
0.594495
0.594508
0.594521
0.594534
0.594547
0.594560
0.594572
0.594585
0.594598
0.594611
0.594624
0.594637
0.594650
0.594663
0.594676
0.594688
0.594701
0.594714
0.594727
0.594740
0.594753
0.594766
0.594779
0.594791
0.594804
0.594817
0.594830
0.594843
0.594856
0.594869
0.594882
0.594894
0.594907
0.594920
0.594933
0.594946
0.594959
0.594972
0.594985
0.594997
0.595010
0.595023
0.595036
0.595049
0.595062
0.595075
0.595088
0.595100
0.595113
0.595126
0.595139
0.595152
0.595165
0.595178
0.595191
0.595203
0.595216
0.595229
0.595242
0.595255
0.595268
0.595281
0.595293
0.595306
0.595319
0.595332
0.595345
0.595358
0.595371
0.595383
0.595396
0.595409
0.595422
0.595435
0.595448
0.595460
0.595473
0.595486
0.595499
0.595512
0.595525
0.595538
0.595550
0.595563
0.595576
0.595589
0.595602
0.595615
0.595627
0.595640
0.595653
0.595666
0.595679
0.595692
0.595705
0.595717
0.595730
0.595743
0.595756
0.595769
0.595782
0.595794
0.595807
0.595820
0.595833
0.595846
0.595859
0.595871
0.595884
0.595897
0.595910
0.595923
0.595936
0.595948
0.595961
0.595974
0.595987
0.596000
0.596013
0.596025
0.596038
0.596051
0.596064
0.596077
0.596089
0.596102
0.596115
0.596128
0.596141
0.596154
0.596166
0.596179
0.596192
0.596205
0.596218
0.596230
0.596243
0.596256
0.596269
0.596282
0.596295
0.596307
0.596320
0.596333
0.596346
0.596359
0.596371
0.596384
0.596397
0.596410
0.596423
0.596435
0.596448
0.596461
0.596474
0.596487
0.596499
0.596512
0.596525
0.596538
0.596551
0.596563
0.596576
0.596589
0.596602
0.596615
0.596627
0.596640
0.596653
0.596666
0.596679
0.596691
0.596704
0.596717
0.596730
0.596743
0.596755
0.596768
0.596781
0.596794
0.596807
0.596819
0.596832
0.596845
0.596858
0.596870
0.596883
0.596896
0.596909
0.596922
0.596934
0.596947
0.596960
0.596973
0.596985
0.596998
0.597011
0.597024
0.597037
0.597049
0.597062
0.597075
0.597088
0.597100
0.597113
0.597126
0.597139
0.597152
0.597164
0.597177
0.597190
0.597203
0.597215
0.597228
0.597241
0.597254
0.597266
0.597279
0.597292
0.597305
0.597318
0.597330
0.597343
0.597356
0.597369
0.597381
0.597394
0.597407
0.597420
0.597432
0.597445
0.597458
0.597471
0.597483
0.597496
0.597509
0.597522
0.597534
0.597547
0.597560
0.597573
0.597585
0.597598
0.597611
0.597624
0.597636
0.597649
0.597662
0.597675
0.597687
0.597700
0.597713
0.597726
0.597738
0.597751
0.597764
0.597777
0.597789
0.597802
0.597815
0.597828
0.597840
0.597853
0.597866
0.597879
0.597891
0.597904
0.597917
0.597929
0.597942
0.597955
0.597968
0.597980
0.597993
0.598006
0.598019
0.598031
0.598044
0.598057
0.598070
0.598082
0.598095
0.598108
0.598120
0.598133
0.598146
0.598159
0.598171
0.598184
0.598197
0.598210
0.598222
0.598235
0.598248
0.598260
0.598273
0.598286
0.598299
0.598311
0.598324
0.598337
0.598349
0.598362
0.598375
0.598388
0.598400
0.598413
0.598426
0.598438
0.598451
0.598464
0.598477
0.598489
0.598502
0.598515
0.598527
0.598540
0.598553
0.598565
0.598578
0.598591
0.598604
0.598616
0.598629
0.598642
0.598654
0.598667
0.598680
0.598692
0.598705
0.598718
0.598731
0.598743
0.598756
0.598769
0.598781
0.598794
0.598807
0.598819
0.598832
0.598845
0.598858
0.598870
0.598883
0.598896
0.598908
0.598921
0.598934
0.598946
0.598959
0.598972
0.598984
0.598997
0.599010
0.599022
0.599035
0.599048
0.599060
0.599073
0.599086
0.599098
0.599111
0.599124
0.599137
0.599149
0.599162
0.599175
0.599187
0.599200
0.599213
0.599225
0.599238
0.599251
0.599263
0.599276
0.599289
0.599301
0.599314
0.599327
0.599339
0.599352
0.599365
0.599377
0.599390
0.599403
0.599415
0.599428
0.599441
0.599453
0.599466
0.599479
0.599491
0.599504
0.599517
0.599529
0.599542
0.599555
0.599567
0.599580
0.599592
0.599605
0.599618
0.599630
0.599643
0.599656
0.599668
0.599681
0.599694
0.599706
0.599719
0.599732
0.599744
0.599757
0.599770
0.599782
0.599795
0.599808
0.599820
0.599833
0.599845
0.599858
0.599871
0.599883
0.599896
0.599909
0.599921
0.599934
0.599947
0.599959
0.599972
0.599984
0.599997
0.600010
0.600022
0.600035
0.600048
0.600060
0.600073
0.600086
0.600098
0.600111
0.600123
0.600136
0.600149
0.600161
0.600174
0.600187
0.600199
0.600212
0.600224
0.600237
0.600250
0.600262
0.600275
0.600288
0.600300
0.600313
0.600325
0.600338
0.600351
0.600363
0.600376
0.600388
0.600401
0.600414
0.600426
0.600439
0.600452
0.600464
0.600477
0.600489
0.600502
0.600515
0.600527
0.600540
0.600552
0.600565
0.600578
0.600590
0.600603
0.600615
0.600628
0.600641
0.600653
0.600666
0.600678
0.600691
0.600704
0.600716
0.600729
0.600741
0.600754
0.600767
0.600779
0.600792
0.600804
0.600817
0.600830
0.600842
0.600855
0.600867
0.600880
0.600893
0.600905
0.600918
0.600930
0.600943
0.600955
0.600968
0.600981
0.600993
0.601006
0.601018
0.601031
0.601044
0.601056
0.601069
0.601081
0.601094
0.601106
0.601119
0.601132
0.601144
0.601157
0.601169
0.601182
0.601195
0.601207
0.601220
0.601232
0.601245
0.601257
0.601270
0.601283
0.601295
0.601308
0.601320
0.601333
0.601345
0.601358
0.601370
0.601383
0.601396
0.601408
0.601421
0.601433
0.601446
0.601458
0.601471
0.601484
0.601496
0.601509
0.601521
0.601534
0.601546
0.601559
0.601571
0.601584
0.601597
0.601609
0.601622
0.601634
0.601647
0.601659
0.601672
0.601684
0.601697
0.601710
0.601722
0.601735
0.601747
0.601760
0.601772
0.601785
0.601797
0.601810
0.601822
0.601835
0.601848
0.601860
0.601873
0.601885
0.601898
0.601910
0.601923
0.601935
0.601948
0.601960
0.601973
0.601985
0.601998
0.602010
0.602023
0.602036
0.602048
0.602061
0.602073
0.602086
0.602098
0.602111
0.602123
0.602136
0.602148
0.602161
0.602173
0.602186
0.602198
0.602211
0.602223
0.602236
0.602248
0.602261
0.602274
0.602286
0.602299
0.602311
0.602324
0.602336
0.602349
0.602361
0.602374
0.602386
0.602399
0.602411
0.602424
0.602436
0.602449
0.602461
0.602474
0.602486
0.602499
0.602511
0.602524
0.602536
0.602549
0.602561
0.602574
0.602586
0.602599
0.602611
0.602624
0.602636
0.602649
0.602661
0.602674
0.602686
0.602699
0.602711
0.602724
0.602736
0.602749
0.602761
0.602774
0.602786
0.602799
0.602811
0.602824
0.602836
0.602849
0.602861
0.602874
0.602886
0.602899
0.602911
0.602924
0.602936
0.602949
0.602961
0.602974
0.602986
0.602999
0.603011
0.603024
0.603036
0.603048
0.603061
0.603073
0.603086
0.603098
0.603111
0.603123
0.603136
0.603148
0.603161
0.603173
0.603186
0.603198
0.603211
0.603223
0.603236
0.603248
0.603261
0.603273
0.603285
0.603298
0.603310
0.603323
0.603335
0.603348
0.603360
0.603373
0.603385
0.603398
0.603410
0.603423
0.603435
0.603447
0.603460
0.603472
0.603485
0.603497
0.603510
0.603522
0.603535
0.603547
0.603560
0.603572
0.603584
0.603597
0.603609
0.603622
0.603634
0.603647
0.603659
0.603672
0.603684
0.603696
0.603709
0.603721
0.603734
0.603746
0.603759
0.603771
0.603784
0.603796
0.603808
0.603821
0.603833
0.603846
0.603858
0.603871
0.603883
0.603896
0.603908
0.603920
0.603933
0.603945
0.603958
0.603970
0.603983
0.603995
0.604007
0.604020
0.604032
0.604045
0.604057
0.604070
0.604082
0.604094
0.604107
0.604119
0.604132
0.604144
0.604156
0.604169
0.604181
0.604194
0.604206
0.604219
0.604231
0.604243
0.604256
0.604268
0.604281
0.604293
0.604305
0.604318
0.604330
0.604343
0.604355
0.604368
0.604380
0.604392
0.604405
0.604417
0.604430
0.604442
0.604454
0.604467
0.604479
0.604492
0.604504
0.604516
0.604529
0.604541
0.604554
0.604566
0.604578
0.604591
0.604603
0.604616
0.604628
0.604640
0.604653
0.604665
0.604678
0.604690
0.604702
0.604715
0.604727
0.604740
0.604752
0.604764
0.604777
0.604789
0.604801
0.604814
0.604826
0.604839
0.604851
0.604863
0.604876
0.604888
0.604901
0.604913
0.604925
0.604938
0.604950
0.604962
0.604975
0.604987
0.605000
0.605012
0.605024
0.605037
0.605049
0.605061
0.605074
0.605086
0.605099
0.605111
0.605123
0.605136
0.605148
0.605160
0.605173
0.605185
0.605197
0.605210
0.605222
0.605235
0.605247
0.605259
0.605272
0.605284
0.605296
0.605309
0.605321
0.605333
0.605346
0.605358
0.605370
0.605383
0.605395
0.605408
0.605420
0.605432
0.605445
0.605457
0.605469
0.605482
0.605494
0.605506
0.605519
0.605531
0.605543
0.605556
0.605568
0.605580
0.605593
0.605605
0.605617
0.605630
0.605642
0.605654
0.605667
0.605679
0.605691
0.605704
0.605716
0.605728
0.605741
0.605753
0.605765
0.605778
0.605790
0.605802
0.605815
0.605827
0.605839
0.605852
0.605864
0.605876
0.605889
0.605901
0.605913
0.605926
0.605938
0.605950
0.605963
0.605975
0.605987
0.606000
0.606012
0.606024
0.606037
0.606049
0.606061
0.606074
0.606086
0.606098
0.606111
0.606123
0.606135
0.606147
0.606160
0.606172
0.606184
0.606197
0.606209
0.606221
0.606234
0.606246
0.606258
0.606271
0.606283
0.606295
0.606307
0.606320
0.606332
0.606344
0.606357
0.606369
0.606381
0.606394
0.606406
0.606418
0.606430
0.606443
0.606455
0.606467
0.606480
0.606492
0.606504
0.606517
0.606529
0.606541
0.606553
0.606566
0.606578
0.606590
0.606603
0.606615
0.606627
0.606639
0.606652
0.606664
0.606676
0.606689
0.606701
0.606713
0.606725
0.606738
0.606750
0.606762
0.606774
0.606787
0.606799
0.606811
0.606824
0.606836
0.606848
0.606860
0.606873
0.606885
0.606897
0.606909
0.606922
0.606934
0.606946
0.606959
0.606971
0.606983
0.606995
0.607008
0.607020
0.607032
0.607044
0.607057
0.607069
0.607081
0.607093
0.607106
0.607118
0.607130
0.607142
0.607155
0.607167
0.607179
0.607192
0.607204
0.607216
0.607228
0.607241
0.607253
0.607265
0.607277
0.607290
0.607302
0.607314
0.607326
0.607338
0.607351
0.607363
0.607375
0.607387
0.607400
0.607412
0.607424
0.607436
0.607449
0.607461
0.607473
0.607485
0.607498
0.607510
0.607522
0.607534
0.607547
0.607559
0.607571
0.607583
0.607595
0.607608
0.607620
0.607632
0.607644
0.607657
0.607669
0.607681
0.607693
0.607706
0.607718
0.607730
0.607742
0.607755
0.607767
0.607779
0.607792
0.607804
0.607817
0.607829
0.607842
0.607855
0.607867
0.607880
0.607893
0.607905
0.607918
0.607931
0.607944
0.607957
0.607969
0.607982
0.607995
0.608008
0.608021
0.608034
0.608047
0.608059
0.608072
0.608085
0.608098
0.608111
0.608124
0.608137
0.608150
0.608163
0.608176
0.608189
0.608202
0.608215
0.608228
0.608241
0.608254
0.608267
0.608280
0.608293
0.608307
0.608320
0.608333
0.608346
0.608359
0.608372
0.608385
0.608398
0.608411
0.608424
0.608437
0.608450
0.608463
0.608476
0.608489
0.608503
0.608516
0.608529
0.608542
0.608555
0.608568
0.608581
0.608594
0.608607
0.608620
0.608633
0.608646
0.608659
0.608672
0.608685
0.608698
0.608711
0.608725
0.608738
0.608751
0.608764
0.608777
0.608790
0.608803
0.608816
0.608829
0.608842
0.608855
0.608868
0.608881
0.608894
0.608907
0.608920
0.608933
0.608946
0.608959
0.608972
0.608985
0.608998
0.609011
0.609024
0.609037
0.609051
0.609064
0.609077
0.609090
0.609103
0.609116
0.609129
0.609142
0.609155
0.609168
0.609181
0.609194
0.609207
0.609220
0.609233
0.609246
0.609259
0.609272
0.609285
0.609298
0.609311
0.609324
0.609337
0.609350
0.609363
0.609376
0.609389
0.609402
0.609415
0.609428
0.609441
0.609454
0.609467
0.609480
0.609493
0.609506
0.609519
0.609532
0.609545
0.609558
0.609571
0.609584
0.609597
0.609610
0.609623
0.609636
0.609649
0.609662
0.609675
0.609688
0.609701
0.609714
0.609727
0.609740
0.609753
0.609766
0.609779
0.609792
0.609805
0.609818
0.609831
0.609844
0.609857
0.609870
0.609883
0.609896
0.609909
0.609922
0.609935
0.609948
0.609961
0.609974
0.609987
0.610000
0.610013
0.610026
0.610038
0.610051
0.610064
0.610077
0.610090
0.610103
0.610116
0.610129
0.610142
0.610155
0.610168
0.610181
0.610194
0.610207
0.610220
0.610233
0.610246
0.610259
0.610272
0.610285
0.610298
0.610311
0.610324
0.610337
0.610350
0.610362
0.610375
0.610388
0.610401
0.610414
0.610427
0.610440
0.610453
0.610466
0.610479
0.610492
0.610505
0.610518
0.610531
0.610544
0.610557
0.610570
0.610582
0.610595
0.610608
0.610621
0.610634
0.610647
0.610660
0.610673
0.610686
0.610699
0.610712
0.610725
0.610738
0.610751
0.610763
0.610776
0.610789
0.610802
0.610815
0.610828
0.610841
0.610854
0.610867
0.610880
0.610893
0.610906
0.610919
0.610931
0.610944
0.610957
0.610970
0.610983
0.610996
0.611009
0.611022
0.611035
0.611048
0.611061
0.611073
0.611086
0.611099
0.611112
0.611125
0.611138
0.611151
0.611164
0.611177
0.611190
0.611202
0.611215
0.611228
0.611241
0.611254
0.611267
0.611280
0.611293
0.611306
0.611318
0.611331
0.611344
0.611357
0.611370
0.611383
0.611396
0.611409
0.611422
0.611434
0.611447
0.611460
0.611473
0.611486
0.611499
0.611512
0.611525
0.611537
0.611550
0.611563
0.611576
0.611589
0.611602
0.611615
0.611628
0.611640
0.611653
0.611666
0.611679
0.611692
0.611705
0.611718
0.611731
0.611743
0.611756
0.611769
0.611782
0.611795
0.611808
0.611821
0.611833
0.611846
0.611859
0.611872
0.611885
0.611898
0.611911
0.611923
0.611936
0.611949
0.611962
0.611975
0.611988
0.612000
0.612013
0.612026
0.612039
0.612052
0.612065
0.612078
0.612090
0.612103
0.612116
0.612129
0.612142
0.612155
0.612167
0.612180
0.612193
0.612206
0.612219
0.612232
0.612244
0.612257
0.612270
0.612283
0.612296
0.612309
0.612321
0.612334
0.612347
0.612360
0.612373
0.612385
0.612398
0.612411
0.612424
0.612437
0.612450
0.612462
0.612475
0.612488
0.612501
0.612514
0.612526
0.612539
0.612552
0.612565
0.612578
0.612591
0.612603
0.612616
0.612629
0.612642
0.612655
0.612667
0.612680
0.612693
0.612706
0.612719
0.612731
0.612744
0.612757
0.612770
0.612783
0.612795
0.612808
0.612821
0.612834
0.612847
0.612859
0.612872
0.612885
0.612898
0.612911
0.612923
0.612936
0.612949
0.612962
0.612974
0.612987
0.613000
0.613013
0.613026
0.613038
0.613051
0.613064
0.613077
0.613090
0.613102
0.613115
0.613128
0.613141
0.613153
0.613166
0.613179
0.613192
0.613204
0.613217
0.613230
0.613243
0.613256
0.613268
0.613281
0.613294
0.613307
0.613319
0.613332
0.613345
0.613358
0.613370
0.613383
0.613396
0.613409
0.613421
0.613434
0.613447
0.613460
0.613472
0.613485
0.613498
0.613511
0.613523
0.613536
0.613549
0.613562
0.613574
0.613587
0.613600
0.613613
0.613625
0.613638
0.613651
0.613664
0.613676
0.613689
0.613702
0.613715
0.613727
0.613740
0.613753
0.613766
0.613778
0.613791
0.613804
0.613817
0.613829
0.613842
0.613855
0.613867
0.613880
0.613893
0.613906
0.613918
0.613931
0.613944
0.613957
0.613969
0.613982
0.613995
0.614007
0.614020
0.614033
0.614046
0.614058
0.614071
0.614084
0.614096
0.614109
0.614122
0.614135
0.614147
0.614160
0.614173
0.614185
0.614198
0.614211
0.614224
0.614236
0.614249
0.614262
0.614274
0.614287
0.614300
0.614312
0.614325
0.614338
0.614351
0.614363
0.614376
0.614389
0.614401
0.614414
0.614427
0.614439
0.614452
0.614465
0.614477
0.614490
0.614503
0.614516
0.614528
0.614541
0.614554
0.614566
0.614579
0.614592
0.614604
0.614617
0.614630
0.614642
0.614655
0.614668
0.614680
0.614693
0.614706
0.614718
0.614731
0.614744
0.614756
0.614769
0.614782
0.614794
0.614807
0.614820
0.614832
0.614845
0.614858
0.614870
0.614883
0.614896
0.614908
0.614921
0.614934
0.614946
0.614959
0.614972
0.614984
0.614997
0.615010
0.615022
0.615035
0.615048
0.615060
0.615073
0.615086
0.615098
0.615111
0.615124
0.615136
0.615149
0.615162
0.615174
0.615187
0.615199
0.615212
0.615225
0.615237
0.615250
0.615263
0.615275
0.615288
0.615301
0.615313
0.615326
0.615338
0.615351
0.615364
0.615376
0.615389
0.615402
0.615414
0.615427
0.615440
0.615452
0.615465
0.615477
0.615490
0.615503
0.615515
0.615528
0.615541
0.615553
0.615566
0.615578
0.615591
0.615604
0.615616
0.615629
0.615641
0.615654
0.615667
0.615679
0.615692
0.615705
0.615717
0.615730
0.615742
0.615755
0.615768
0.615780
0.615793
0.615805
0.615818
0.615831
0.615843
0.615856
0.615868
0.615881
0.615894
0.615906
0.615919
0.615931
0.615944
0.615957
0.615969
0.615982
0.615994
0.616007
0.616019
0.616032
0.616045
0.616057
0.616070
0.616082
0.616095
0.616108
0.616120
0.616133
0.616145
0.616158
0.616171
0.616183
0.616196
0.616208
0.616221
0.616233
0.616246
0.616259
0.616271
0.616284
0.616296
0.616309
0.616321
0.616334
0.616347
0.616359
0.616372
0.616384
0.616397
0.616409
0.616422
0.616435
0.616447
0.616460
0.616472
0.616485
0.616497
0.616510
0.616522
0.616535
0.616548
0.616560
0.616573
0.616585
0.616598
0.616610
0.616623
0.616635
0.616648
0.616660
0.616673
0.616686
0.616698
0.616711
0.616723
0.616736
0.616748
0.616761
0.616773
0.616786
0.616798
0.616811
0.616824
0.616836
0.616849
0.616861
0.616874
0.616886
0.616899
0.616911
0.616924
0.616936
0.616949
0.616961
0.616974
0.616986
0.616999
0.617011
0.617024
0.617037
0.617049
0.617062
0.617074
0.617087
0.617099
0.617112
0.617124
0.617137
0.617149
0.617162
0.617174
0.617187
0.617199
0.617212
0.617224
0.617237
0.617249
0.617262
0.617274
0.617287
0.617299
0.617312
0.617324
0.617337
0.617349
0.617362
0.617374
0.617387
0.617399
0.617412
0.617424
0.617437
0.617449
0.617462
0.617474
0.617487
0.617499
0.617512
0.617524
0.617537
0.617549
0.617562
0.617574
0.617587
0.617599
0.617612
0.617624
0.617637
0.617649
0.617662
0.617674
0.617687
0.617699
0.617712
0.617724
0.617737
0.617749
0.617761
0.617774
0.617786
0.617799
0.617811
0.617824
0.617836
0.617849
0.617861
0.617874
0.617886
0.617899
0.617911
0.617924
0.617936
0.617948
0.617961
0.617973
0.617986
0.617998
0.618011
0.618023
0.618036
0.618048
0.618061
0.618073
0.618086
0.618098
0.618110
0.618123
0.618135
0.618148
0.618160
0.618173
0.618185
0.618198
0.618210
0.618222
0.618235
0.618247
0.618260
0.618272
0.618285
0.618297
0.618310
0.618322
0.618334
0.618347
0.618359
0.618372
0.618384
0.618397
0.618409
0.618421
0.618434
0.618446
0.618459
0.618471
0.618484
0.618496
0.618508
0.618521
0.618533
0.618546
0.618558
0.618571
0.618583
0.618595
0.618608
0.618620
0.618633
0.618645
0.618657
0.618670
0.618682
0.618695
0.618707
0.618720
0.618732
0.618744
0.618757
0.618769
0.618782
0.618794
0.618806
0.618819
0.618831
0.618844
0.618856
0.618868
0.618881
0.618893
0.618906
0.618918
0.618930
0.618943
0.618955
0.618968
0.618980
0.618992
0.619005
0.619017
0.619030
0.619042
0.619054
0.619067
0.619079
0.619091
0.619104
0.619116
0.619129
0.619141
0.619153
0.619166
0.619178
0.619191
0.619203
0.619215
0.619228
0.619240
0.619252
0.619265
0.619277
0.619290
0.619302
0.619314
0.619327
0.619339
0.619351
0.619364
0.619376
0.619388
0.619401
0.619413
0.619426
0.619438
0.619450
0.619463
0.619475
0.619487
0.619500
0.619512
0.619524
0.619537
0.619549
0.619562
0.619574
0.619586
0.619599
0.619611
0.619623
0.619636
0.619648
0.619660
0.619673
0.619685
0.619697
0.619710
0.619722
0.619734
0.619747
0.619759
0.619771
0.619784
0.619796
0.619808
0.619821
0.619833
0.619845
0.619858
0.619870
0.619882
0.619895
0.619907
0.619919
0.619932
0.619944
0.619956
0.619969
0.619981
0.619993
0.620006
0.620018
0.620030
0.620043
0.620055
0.620067
0.620080
0.620092
0.620104
0.620117
0.620129
0.620141
0.620154
0.620166
0.620178
0.620190
0.620203
0.620215
0.620227
0.620240
0.620252
0.620264
0.620277
0.620289
0.620301
0.620314
0.620326
0.620338
0.620350
0.620363
0.620375
0.620387
0.620400
0.620412
0.620424
0.620436
0.620449
0.620461
0.620473
0.620486
0.620498
0.620510
0.620523
0.620535
0.620547
0.620559
0.620572
0.620584
0.620596
0.620609
0.620621
0.620633
0.620645
0.620658
0.620670
0.620682
0.620694
0.620707
0.620719
0.620731
0.620744
0.620756
0.620768
0.620780
0.620793
0.620805
0.620817
0.620829
0.620842
0.620854
0.620866
0.620879
0.620891
0.620903
0.620915
0.620928
0.620940
0.620952
0.620964
0.620977
0.620989
0.621001
0.621013
0.621026
0.621038
0.621050
0.621062
0.621075
0.621087
0.621099
0.621111
0.621124
0.621136
0.621148
0.621160
0.621173
0.621185
0.621197
0.621209
0.621222
0.621234
0.621246
0.621258
0.621270
0.621283
0.621295
0.621307
0.621319
0.621332
0.621344
0.621356
0.621368
0.621381
0.621393
0.621405
0.621417
0.621429
0.621442
0.621454
0.621466
0.621478
0.621491
0.621503
0.621515
0.621527
0.621539
0.621552
0.621564
0.621576
0.621588
0.621601
0.621613
0.621625
0.621637
0.621649
0.621662
0.621674
0.621686
0.621698
0.621710
0.621723
0.621735
0.621747
0.621759
0.621771
0.621784
0.621796
0.621808
0.621820
0.621832
0.621845
0.621857
0.621869
0.621881
0.621893
0.621906
0.621918
0.621930
0.621942
0.621954
0.621967
0.621979
0.621991
0.622003
0.622015
0.622027
0.622040
0.622052
0.622064
0.622076
0.622088
0.622101
0.622113
0.622125
0.622137
0.622149
0.622161
0.622174
0.622186
0.622198
0.622210
0.622222
0.622234
0.622247
0.622259
0.622271
0.622283
0.622295
0.622307
0.622320
0.622332
0.622344
0.622356
0.622368
0.622380
0.622393
0.622405
0.622417
0.622429
0.622441
0.622453
0.622466
0.622478
0.622490
0.622502
0.622514
0.622526
0.622538
0.622551
0.622563
0.622575
0.622587
0.622599
0.622611
0.622623
0.622636
0.622648
0.622660
0.622672
0.622684
0.622696
0.622708
0.622721
0.622733
0.622745
0.622757
0.622769
0.622781
0.622793
0.622805
0.622818
0.622830
0.622842
0.622854
0.622866
0.622878
0.622890
0.622902
0.622915
0.622927
0.622939
0.622951
0.622963
0.622975
0.622987
0.622999
0.623012
0.623024
0.623036
0.623048
0.623060
0.623072
0.623084
0.623096
0.623108
0.623120
0.623133
0.623145
0.623157
0.623169
0.623181
0.623193
0.623205
0.623217
0.623229
0.623242
0.623254
0.623266
0.623278
0.623290
0.623302
0.623314
0.623326
0.623338
0.623350
0.623362
0.623375
0.623387
0.623399
0.623411
0.623423
0.623435
0.623447
0.623459
0.623471
0.623483
0.623495
0.623507
0.623520
0.623532
0.623544
0.623556
0.623568
0.623580
0.623592
0.623604
0.623616
0.623628
0.623640
0.623652
0.623664
0.623676
0.623689
0.623701
0.623713
0.623725
0.623737
0.623749
0.623761
0.623773
0.623785
0.623797
0.623809
0.623821
0.623833
0.623845
0.623857
0.623869
0.623881
0.623894
0.623906
0.623918
0.623930
0.623942
0.623954
0.623966
0.623978
0.623990
0.624002
0.624014
0.624026
0.624038
0.624050
0.624062
0.624074
0.624086
0.624098
0.624110
0.624122
0.624134
0.624146
0.624158
0.624170
0.624182
0.624195
0.624207
0.624219
0.624231
0.624243
0.624255
0.624267
0.624279
0.624291
0.624303
0.624315
0.624327
0.624339
0.624351
0.624363
0.624375
0.624387
0.624399
0.624411
0.624423
0.624435
0.624447
0.624459
0.624471
0.624483
0.624495
0.624507
0.624519
0.624531
0.624543
0.624555
0.624567
0.624579
0.624591
0.624603
0.624615
0.624627
0.624639
0.624651
0.624663
0.624675
0.624687
0.624699
0.624711
0.624723
0.624735
0.624747
0.624759
0.624771
0.624783
0.624795
0.624807
0.624819
0.624831
0.624843
0.624855
0.624867
0.624879
0.624891
0.624903
0.624915
0.624927
0.624939
0.624951
0.624963
0.624975
0.624987
0.624999
0.625011
0.625022
0.625034
0.625046
0.625058
0.625070
0.625082
0.625094
0.625106
0.625118
0.625130
0.625142
0.625154
0.625166
0.625178
0.625190
0.625202
0.625214
0.625226
0.625238
0.625250
0.625262
0.625274
0.625286
0.625298
0.625310
0.625321
0.625333
0.625345
0.625357
0.625369
0.625381
0.625393
0.625405
0.625417
0.625429
0.625441
0.625453
0.625465
0.625477
0.625489
0.625501
0.625513
0.625524
0.625536
0.625548
0.625560
0.625572
0.625584
0.625596
0.625608
0.625620
0.625632
0.625644
0.625656
0.625668
0.625680
0.625691
0.625703
0.625715
0.625727
0.625739
0.625751
0.625763
0.625775
0.625787
0.625799
0.625811
0.625823
0.625834
0.625846
0.625858
0.625870
0.625882
0.625894
0.625906
0.625918
0.625930
0.625942
0.625953
0.625965
0.625977
0.625989
0.626001
0.626013
0.626025
0.626037
0.626049
0.626061
0.626072
0.626084
0.626096
0.626108
0.626120
0.626132
0.626144
0.626156
0.626168
0.626179
0.626191
0.626203
0.626215
0.626227
0.626239
0.626251
0.626263
0.626275
0.626286
0.626298
0.626310
0.626322
0.626334
0.626346
0.626358
0.626370
0.626381
0.626393
0.626405
0.626417
0.626429
0.626441
0.626453
0.626464
0.626476
0.626488
0.626500
0.626512
0.626524
0.626536
0.626547
0.626559
0.626571
0.626583
0.626595
0.626607
0.626619
0.626630
0.626642
0.626654
0.626666
0.626678
0.626690
0.626702
0.626713
0.626725
0.626737
0.626749
0.626761
0.626773
0.626784
0.626796
0.626808
0.626820
0.626832
0.626844
0.626855
0.626867
0.626879
0.626891
0.626903
0.626915
0.626926
0.626938
0.626950
0.626962
0.626974
0.626986
0.626997
0.627009
0.627021
0.627033
0.627045
0.627057
0.627068
0.627080
0.627092
0.627104
0.627116
0.627127
0.627139
0.627151
0.627163
0.627175
0.627187
0.627198
0.627210
0.627222
0.627234
0.627246
0.627257
0.627269
0.627281
0.627293
0.627305
0.627316
0.627328
0.627340
0.627352
0.627364
0.627375
0.627387
0.627399
0.627411
0.627423
0.627434
0.627446
0.627458
0.627470
0.627482
0.627493
0.627505
0.627517
0.627529
0.627540
0.627552
0.627564
0.627576
0.627588
0.627599
0.627611
0.627623
0.627635
0.627647
0.627658
0.627670
0.627682
0.627694
0.627705
0.627717
0.627729
0.627741
0.627752
0.627764
0.627776
0.627788
0.627800
0.627811
0.627823
0.627835
0.627847
0.627858
0.627870
0.627882
0.627894
0.627905
0.627917
0.627929
0.627941
0.627952
0.627964
0.627976
0.627988
0.627999
0.628011
0.628023
0.628035
0.628046
0.628058
0.628070
0.628082
0.628093
0.628105
0.628117
0.628129
0.628140
0.628152
0.628164
0.628176
0.628187
0.628199
0.628211
0.628223
0.628234
0.628246
