0.000000
0.012616
0.018872
0.025616
0.032717
0.039938
0.047135
0.054483
0.062836
0.073411
0.087481
0.106149
0.130658
0.162979
0.206342
0.265872
0.349951
0.472167
0.645911
0.843158
0.958322
0.982297
0.983630
0.983644
0.983644
0.983644
0.983644
0.983644
0.983644
0.983644
0.983644
0.983644
0.983644
0.983644
0.983644
0.983644
0.983644
0.983644
0.983644
0.983644
0.983644
0.983644
0.983644
0.983644
0.983644
0.983644
0.983644
0.983644
0.983644
0.983644
0.983644
0.983644
0.983644
0.983644
0.983644
0.983644
0.983644
0.983644
0.983644
0.983644
0.983644
0.983644
0.983644
0.983644
0.983644
0.983644
0.983644
0.983644
0.983644
0.983644
0.983644
0.983644
0.983644
0.983644
0.983644
0.983644
0.983644
0.983644
0.983644
0.983644
0.983644
0.983644
0.983644
0.983644
0.983644
0.983644
0.983644
0.983644
0.983644
0.983644
0.983644
0.983644
0.983644
0.983644
0.983644
0.983644
0.983644
0.983644
0.983644
0.983644
0.983644
0.983644
0.983644
0.983644
0.983644
0.983644
0.983644
0.983644
0.983644
0.983644
0.983644
0.983644
0.983644
0.983644
0.983644
0.983644
0.983644
0.983644
0.983644
0.983644
0.983644
0.983644
0.983644
0.983644
0.983644
0.983644
0.983644
0.983644
0.983644
0.983644
0.983644
0.983644
0.983644
0.983644
0.983644
0.983644
0.983644
0.983644
0.983644
0.983644
0.983644
0.983644
0.983644
0.983644
0.983644
0.983644
0.983644
0.983644
0.983644
0.983644
0.983644
0.983644
0.983644
0.983644
0.983644
0.983644
0.983644
0.983644
0.983644
0.983644
0.983644
0.983644
0.983644
0.983644
0.983644
0.983644
0.983644
0.983644
0.983644
0.983644
0.983644
0.983644
0.983644
0.983644
0.983644
0.983644
0.983644
0.983644
0.983644
0.983644
0.983644
0.983644
0.983644
0.983644
0.983644
0.983644
0.983644
0.983644
0.983644
0.983644
0.983644
0.983644
0.983644
0.983644
0.983644
0.983644
0.983644
0.983644
0.983644
0.983644
0.983644
0.983644
0.983644
0.983644
0.983644
0.983644
0.983644
0.983644
0.983644
0.983644
0.983644
0.983644
0.983644
0.983644
0.983644
0.983644
0.983644
0.983644
0.983644
0.983644
0.983644
0.983644
0.983644
0.983644
0.983644
0.983644
0.983644
0.983644
0.983644
0.983644
0.983644
0.983644
0.983644
0.983644
0.983644
0.983644
0.983644
0.983644
0.983644
0.983644
0.983644
0.983644
0.983644
0.983644
0.983644
0.983644
0.983644
0.983644
0.983644
0.983644
0.983644
0.983644
0.983644
0.983644
0.983644
0.983644
0.983644
0.983644
0.983644
0.983644
0.983644
0.983644
0.983644
0.983644
0.983644
0.983644
0.983644
0.983644
0.983644
0.983644
0.983644
0.983644
0.983644
0.983644
0.983644
0.983644
0.983644
0.983644
0.983644
0.983644
0.983644
0.983644
0.983644
0.983644
0.983644
0.983644
0.983644
0.983644
0.983644
0.983644
0.983644
0.983644
0.983644
0.983644
0.983644
0.983644
0.983644
0.983644
0.983644
0.983644
0.983644
0.983644
0.983644
0.983644
0.983644
0.983644
0.983644
0.983644
0.983644
0.983644
0.983644
0.983644
0.983644
0.983644
0.983644
0.983644
0.983644
0.983644
0.983644
0.983644
0.983644
0.983644
0.983644
0.983644
0.983644
0.983644
0.983644
0.983644
0.983644
0.983644
0.983644
0.983644
0.983644
0.983644
0.983644
0.983644
0.983644
0.983644
0.983644
0.983644
0.983644
0.983644
0.983644
0.983644
0.983644
0.983644
0.983644
0.983644
0.983644
0.983644
0.983644
0.983644
0.983644
0.983644
0.983644
0.983644
0.983644
0.983644
0.983644
0.983644
0.983644
0.983644
0.983644
0.983644
0.983644
0.983644
0.983644
0.983644
0.983644
0.983644
0.983644
0.983644
0.983644
0.983644
0.983644
0.983644
0.983644
0.983644
0.983644
0.983644
0.983644
0.983644
0.983644
0.983644
0.983644
0.983644
0.983644
0.983644
0.983644
0.983644
0.983644
0.983644
0.983644
0.983644
0.983644
0.983644
0.983644
0.983644
0.983644
0.983644
0.983644
0.983644
0.983644
0.983644
0.983644
0.983644
0.983644
0.983644
0.983644
0.983644
0.983644
0.983644
0.983644
0.983644
0.983644
0.983644
0.983644
0.983644
0.983644
0.983644
0.983644
0.983644
0.983644
0.983644
0.983644
0.983644
0.983644
0.983644
0.983644
0.983644
0.983644
0.983644
0.983644
0.983644
0.983644
0.983644
0.983644
0.983644
0.983644
0.983644
0.983644
0.983644
0.983644
0.983644
0.983644
0.983644
0.983644
0.983644
0.983644
0.983644
0.983644
0.983644
0.983644
0.983644
0.983644
0.983644
0.983644
0.983644
0.983644
0.983644
0.983644
0.983644
0.983644
0.983644
0.983644
0.983644
0.983644
0.983644
0.983644
0.983644
0.983644
0.983644
0.983644
0.983644
0.983644
0.983644
0.983644
0.983644
0.983644
0.983644
0.983644
0.983644
0.983644
0.983644
0.983644
0.983644
0.983644
0.983644
0.983644
0.983644
0.983644
0.983644
0.983644
0.983644
0.983644
0.983644
0.983644
0.983644
0.983644
0.983644
0.983644
0.983644
0.983644
0.983644
0.983644
0.983644
0.983644
0.983644
0.983644
0.983644
0.983644
0.983644
0.983644
0.983644
0.983644
0.983644
0.983644
0.983644
0.983644
0.983644
0.983644
0.983644
0.983644
0.983644
0.983644
0.983644
0.983644
0.983644
0.983644
0.983644
0.983644
0.983644
0.983644
0.983644
0.983644
0.983644
0.983644
0.983644
0.983644
0.983644
0.983644
0.983644
0.983644
0.983644
0.983644
0.983644
0.983644
0.983644
0.983644
0.983644
0.983644
0.983644
0.983644
0.983644
0.983644
0.983644
0.983644
0.983644
0.983644
0.983644
0.983644
0.983644
0.983644
0.983644
0.983644
0.983644
0.983644
0.983644
0.983644
0.983644
0.983644
0.983644
0.983644
0.983644
0.983644
0.983644
0.983644
0.983644
0.983644
0.983644
0.983644
0.983644
0.983644
0.983644
0.983644
0.983644
0.983644
0.983644
0.983644
0.983644
0.983644
0.983644
0.983644
0.983644
0.983644
0.983644
0.983644
0.983644
0.983644
