0.000000
0.275728
0.604763
0.633927
0.654524
0.670232
0.682576
0.692422
0.700364
0.706842
0.712180
0.716635
0.720427
0.723752
0.726806
0.729799
0.732934
0.736335
0.739984
0.743743
0.747420
0.750866
0.754018
0.756862
0.759411
0.761686
0.763715
0.765529
0.767162
0.768639
0.769976
0.771184
0.772270
0.773239
0.774098
0.774854
0.775516
0.776094
0.776599
0.777040
0.777424
0.777758
0.778048
0.778298
0.778515
0.778701
0.778861
0.778998
0.779115
0.779215
0.779301
0.779375
0.779438
0.779493
0.779540
0.779581
0.779617
0.779647
0.779674
0.779697
0.779717
0.779734
0.779749
0.779762
0.779774
0.779784
0.779792
0.779800
0.779807
0.779812
0.779817
0.779822
0.779826
0.779829
0.779832
0.779835
0.779837
0.779839
0.779841
0.779843
0.779844
0.779845
0.779846
0.779847
0.779848
0.779849
0.779849
0.779850
0.779850
0.779850
0.779851
0.779851
0.779851
0.779851
0.779851
0.779851
0.779852
0.779852
0.779852
0.779852
0.779852
0.779852
0.779852
0.779852
0.779852
0.779852
0.779852
0.779852
0.779852
0.779852
0.779852
0.779852
0.779852
0.779852
0.779852
0.779852
0.779852
0.779852
0.779852
0.779852
0.779852
0.779852
0.779852
0.779852
0.779852
0.779852
0.779852
0.779852
0.779852
0.779852
0.779852
0.779852
0.779852
0.779852
0.779852
0.779852
0.779852
0.779852
0.779852
0.779852
0.779852
0.779852
0.779852
0.779852
0.779852
0.779852
0.779852
0.779852
0.779852
0.779852
0.779852
0.779852
0.779852
0.779852
0.779852
0.779852
0.779852
0.779852
0.779852
0.779852
0.779852
0.779852
0.779852
0.779852
0.779852
0.779852
0.779852
0.779852
0.779852
0.779852
0.779852
0.779852
0.779852
0.779852
0.779852
0.779852
0.779852
0.779852
0.779852
0.779852
0.779852
0.779852
0.779852
0.779852
0.779852
0.779852
0.779852
0.779852
0.779852
0.779852
0.779852
0.779852
0.779852
0.779852
0.779852
0.779852
0.779852
0.779852
0.779852
0.779852
0.779852
0.779852
0.779852
0.779852
0.779852
0.779852
0.779852
0.779852
0.779852
0.779852
0.779852
0.779852
0.779852
0.779852
0.779852
0.779852
0.779852
0.779852
0.779852
0.779852
0.779852
0.779852
0.779852
0.779852
0.779852
0.779852
0.779852
0.779852
0.779852
0.779852
0.779852
0.779852
0.779852
0.779852
0.779852
0.779852
0.779852
0.779852
0.779852
0.779852
0.779852
0.779852
0.779852
0.779852
0.779852
0.779852
0.779852
0.779852
0.779852
0.779852
0.779852
0.779852
0.779852
0.779852
0.779852
0.779852
0.779852
0.779852
0.779852
0.779852
0.779852
0.779852
0.779852
0.779852
0.779852
0.779852
0.779852
0.779852
0.779852
0.779852
0.779852
0.779852
0.779852
0.779852
0.779852
0.779852
0.779852
0.779852
0.779852
0.779852
0.779852
0.779852
0.779852
0.779852
0.779852
0.779852
0.779852
0.779852
0.779852
0.779852
0.779852
0.779852
0.779852
0.779852
0.779852
0.779852
0.779852
0.779852
0.779852
0.779852
0.779852
0.779852
0.779852
0.779852
0.779852
0.779852
0.779852
0.779852
0.779852
0.779852
0.779852
0.779852
0.779852
0.779852
0.779852
0.779852
0.779852
0.779852
0.779852
0.779852
0.779852
0.779852
0.779852
0.779852
0.779852
0.779852
0.779852
0.779852
0.779852
0.779852
0.779852
0.779852
0.779852
0.779852
0.779852
0.779852
0.779852
0.779852
0.779852
0.779852
0.779852
0.779852
0.779852
0.779852
0.779852
0.779852
0.779852
0.779852
0.779852
0.779852
0.779852
0.779852
0.779852
0.779852
0.779852
0.779852
0.779852
0.779852
0.779852
0.779852
0.779852
0.779852
0.779852
0.779852
0.779852
0.779852
0.779852
0.779852
0.779852
0.779852
0.779852
0.779852
0.779852
0.779852
0.779852
0.779852
0.779852
0.779852
0.779852
0.779852
0.779852
0.779852
0.779852
0.779852
0.779852
0.779852
0.779852
0.779852
0.779852
0.779852
0.779852
0.779852
0.779852
0.779852
0.779852
0.779852
0.779852
0.779852
0.779852
0.779852
0.779852
0.779852
0.779852
0.779852
0.779852
0.779852
0.779852
0.779852
0.779852
0.779852
0.779852
0.779852
0.779852
0.779852
0.779852
0.779852
0.779852
0.779852
0.779852
0.779852
0.779852
0.779852
0.779852
0.779852
0.779852
0.779852
0.779852
0.779852
0.779852
0.779852
0.779852
0.779852
0.779852
0.779852
0.779852
0.779852
0.779852
0.779852
0.779852
0.779852
0.779852
0.779852
0.779852
0.779852
0.779852
0.779852
0.779852
0.779852
0.779852
0.779852
0.779852
0.779852
0.779852
0.779852
0.779852
0.779852
0.779852
0.779852
0.779852
0.779852
0.779852
0.779852
0.779852
0.779852
0.779852
0.779852
0.779852
0.779852
0.779852
0.779852
0.779852
0.779852
0.779852
0.779852
0.779852
0.779852
0.779852
0.779852
0.779852
0.779852
0.779852
0.779852
0.779852
0.779852
0.779852
0.779852
0.779852
0.779852
0.779852
0.779852
0.779852
0.779852
0.779852
0.779852
0.779852
0.779852
0.779852
0.779852
0.779852
0.779852
0.779852
0.779852
0.779852
0.779852
0.779852
0.779852
0.779852
0.779852
0.779852
0.779852
0.779852
0.779852
0.779852
0.779852
0.779852
0.779852
0.779852
0.779852
0.779852
0.779852
0.779852
0.779852
0.779852
0.779852
0.779852
0.779852
0.779852
0.779852
0.779852
0.779852
0.779852
0.779852
0.779852
0.779852
0.779852
0.779852
0.779852
0.779852
0.779852
0.779852
0.779852
0.779852
0.779852
0.779852
0.779852
0.779852
0.779852
0.779852
0.779852
0.779852
0.779852
0.779852
0.779852
0.779852
0.779852
0.779852
0.779852
0.779852
0.779852
0.779852
0.779852
0.779852
0.779852
0.779852
0.779852
0.779852
0.779852
0.779852
0.779852
0.779852
0.779852
0.779852
0.779852
0.779852
0.779852
0.779852
0.779852
0.779852
0.779852
0.779852
0.779852
0.779852
0.779852
0.779852
0.779852
0.779852
0.779852
0.779852
0.779852
0.779852
0.779852
0.779852
0.779852
0.779852
0.779852
0.779852
0.779852
0.779852
0.779852
