0.000000
0.024219
0.061592
0.091947
0.112713
0.140999
0.178749
0.229992
0.301588
0.404645
0.556933
0.767307
0.945138
0.973384
0.973664
0.973664
0.973664
0.973664
0.973664
0.973664
0.973664
0.973664
0.973664
0.973664
0.973664
0.973664
0.973664
0.973664
0.973664
0.973664
0.973664
0.973664
0.973664
0.973664
0.973664
0.973664
0.973664
0.973664
0.973664
0.973664
0.973664
0.973664
0.973664
0.973664
0.973664
0.973664
0.973664
0.973664
0.973664
0.973664
0.973664
0.973664
0.973664
0.973664
0.973664
0.973664
0.973664
0.973664
0.973664
0.973664
0.973664
0.973664
0.973664
0.973664
0.973664
0.973664
0.973664
0.973664
0.973664
0.973664
0.973664
0.973664
0.973664
0.973664
0.973664
0.973664
0.973664
0.973664
0.973664
0.973664
0.973664
0.973664
0.973664
0.973664
0.973664
0.973664
0.973664
0.973664
0.973664
0.973664
0.973664
0.973664
0.973664
0.973664
0.973664
0.973664
0.973664
0.973664
0.973664
0.973664
0.973664
0.973664
0.973664
0.973664
0.973664
0.973664
0.973664
0.973664
0.973664
0.973664
0.973664
0.973664
0.973664
0.973664
0.973664
0.973664
0.973664
0.973664
0.973664
0.973664
0.973664
0.973664
0.973664
0.973664
0.973664
0.973664
0.973664
0.973664
0.973664
0.973664
0.973664
0.973664
0.973664
0.973664
0.973664
0.973664
0.973664
0.973664
0.973664
0.973664
0.973664
0.973664
0.973664
0.973664
0.973664
0.973664
0.973664
0.973664
0.973664
0.973664
0.973664
0.973664
0.973664
0.973664
0.973664
0.973664
0.973664
0.973664
0.973664
0.973664
0.973664
0.973664
0.973664
0.973664
0.973664
0.973664
0.973664
0.973664
0.973664
0.973664
0.973664
0.973664
0.973664
0.973664
0.973664
0.973664
0.973664
0.973664
0.973664
0.973664
0.973664
0.973664
0.973664
0.973664
0.973664
0.973664
0.973664
0.973664
0.973664
0.973664
0.973664
0.973664
0.973664
0.973664
0.973664
0.973664
0.973664
0.973664
0.973664
0.973664
0.973664
0.973664
0.973664
0.973664
0.973664
0.973664
0.973664
0.973664
0.973664
0.973664
0.973664
0.973664
0.973664
0.973664
0.973664
0.973664
0.973664
0.973664
0.973664
0.973664
0.973664
0.973664
0.973664
0.973664
0.973664
0.973664
0.973664
0.973664
0.973664
0.973664
0.973664
0.973664
0.973664
0.973664
0.973664
0.973664
0.973664
0.973664
0.973664
0.973664
0.973664
0.973664
0.973664
0.973664
0.973664
0.973664
0.973664
0.973664
0.973664
0.973664
0.973664
0.973664
0.973664
0.973664
0.973664
0.973664
0.973664
0.973664
0.973664
0.973664
0.973664
0.973664
0.973664
0.973664
0.973664
0.973664
0.973664
0.973664
0.973664
0.973664
0.973664
0.973664
0.973664
0.973664
0.973664
0.973664
0.973664
0.973664
0.973664
0.973664
0.973664
0.973664
0.973664
0.973664
0.973664
0.973664
0.973664
0.973664
0.973664
0.973664
0.973664
0.973664
0.973664
0.973664
0.973664
0.973664
0.973664
0.973664
0.973664
0.973664
0.973664
0.973664
0.973664
0.973664
0.973664
0.973664
0.973664
0.973664
0.973664
0.973664
0.973664
0.973664
0.973664
0.973664
0.973664
0.973664
0.973664
0.973664
0.973664
0.973664
0.973664
0.973664
0.973664
0.973664
0.973664
0.973664
0.973664
0.973664
0.973664
0.973664
0.973664
0.973664
0.973664
0.973664
0.973664
0.973664
0.973664
0.973664
0.973664
0.973664
0.973664
0.973664
0.973664
0.973664
0.973664
0.973664
0.973664
0.973664
0.973664
0.973664
0.973664
0.973664
0.973664
0.973664
0.973664
0.973664
0.973664
0.973664
0.973664
0.973664
0.973664
0.973664
0.973664
0.973664
0.973664
0.973664
0.973664
0.973664
0.973664
0.973664
0.973664
0.973664
0.973664
0.973664
0.973664
0.973664
0.973664
0.973664
0.973664
0.973664
0.973664
0.973664
0.973664
0.973664
0.973664
0.973664
0.973664
0.973664
0.973664
0.973664
0.973664
0.973664
0.973664
0.973664
0.973664
0.973664
0.973664
0.973664
0.973664
0.973664
0.973664
0.973664
0.973664
0.973664
0.973664
0.973664
0.973664
0.973664
0.973664
0.973664
0.973664
0.973664
0.973664
0.973664
0.973664
0.973664
0.973664
0.973664
0.973664
0.973664
0.973664
0.973664
0.973664
0.973664
0.973664
0.973664
0.973664
0.973664
0.973664
0.973664
0.973664
0.973664
0.973664
0.973664
0.973664
0.973664
0.973664
0.973664
0.973664
0.973664
0.973664
0.973664
0.973664
0.973664
0.973664
0.973664
0.973664
0.973664
0.973664
0.973664
0.973664
0.973664
0.973664
0.973664
0.973664
0.973664
0.973664
0.973664
0.973664
0.973664
0.973664
0.973664
0.973664
0.973664
0.973664
0.973664
0.973664
0.973664
0.973664
0.973664
0.973664
0.973664
0.973664
0.973664
0.973664
0.973664
0.973664
0.973664
0.973664
0.973664
0.973664
0.973664
0.973664
0.973664
0.973664
0.973664
0.973664
0.973664
0.973664
0.973664
0.973664
0.973664
0.973664
0.973664
0.973664
0.973664
0.973664
0.973664
0.973664
0.973664
0.973664
0.973664
0.973664
0.973664
0.973664
0.973664
0.973664
0.973664
0.973664
0.973664
0.973664
0.973664
0.973664
0.973664
0.973664
0.973664
0.973664
0.973664
0.973664
0.973664
0.973664
0.973664
0.973664
0.973664
0.973664
0.973664
0.973664
0.973664
0.973664
0.973664
0.973664
0.973664
0.973664
0.973664
0.973664
0.973664
0.973664
0.973664
0.973664
0.973664
0.973664
0.973664
0.973664
0.973664
0.973664
0.973664
0.973664
0.973664
0.973664
0.973664
0.973664
0.973664
0.973664
0.973664
0.973664
0.973664
0.973664
0.973664
0.973664
0.973664
0.973664
0.973664
0.973664
0.973664
0.973664
0.973664
0.973664
0.973664
0.973664
0.973664
0.973664
0.973664
0.973664
0.973664
0.973664
0.973664
0.973664
0.973664
0.973664
0.973664
0.973664
0.973664
0.973664
0.973664
0.973664
0.973664
0.973664
0.973664
0.973664
0.973664
0.973664
0.973664
0.973664
0.973664
0.973664
0.973664
0.973664
0.973664
0.973664
