0.000000
0.000000
0.000092
0.000273
0.000543
0.000897
0.001334
0.001853
0.002450
0.003124
0.003873
0.004696
0.005591
0.006556
0.007589
0.008691
0.009858
0.011091
0.012388
0.013748
0.015170
0.016654
0.018198
0.019802
0.021466
0.023189
0.024970
0.026810
0.028707
0.030663
0.032676
0.034748
0.036877
0.039065
0.041312
0.043618
0.045983
0.048409
0.050897
0.053447
0.056060
0.058737
0.061481
0.064291
0.067171
0.070121
0.073144
0.076240
0.079412
0.082661
0.085989
0.089398
0.092889
0.096464
0.100125
0.103873
0.107711
0.111641
0.115665
0.119786
0.124008
0.128332
0.132764
0.137306
0.141964
0.146742
0.151647
0.156685
0.161866
0.167199
0.172688
0.178321
0.184085
0.189971
0.195982
0.202119
0.208385
0.214780
0.221303
0.227947
0.234701
0.241548
0.248462
0.255408
0.262345
0.269223
0.275992
0.282612
0.289062
0.295335
0.301434
0.307361
0.313123
0.318723
0.324166
0.329457
0.334600
0.339599
0.344459
0.349183
0.353776
0.358240
0.362580
0.366799
0.370901
0.374889
0.378767
0.382536
0.386202
0.389766
0.393231
0.396600
0.399877
0.403062
0.406161
0.409174
0.412104
0.414953
0.417724
0.420420
0.423041
0.425591
0.428072
0.430484
0.432831
0.435114
0.437335
0.439496
0.441598
0.443644
0.445634
0.447570
0.449455
0.451288
0.453073
0.454810
0.456500
0.458145
0.459747
0.461306
0.462823
0.464301
0.465739
0.467140
0.468503
0.469831
0.471125
0.472384
0.473611
0.474806
0.475969
0.477103
0.478208
0.479284
0.480333
0.481355
0.482351
0.483321
0.484267
0.485190
0.486089
0.486965
0.487820
0.488654
0.489466
0.490259
0.491033
0.491787
0.492523
0.493241
0.493942
0.494626
0.495294
0.495946
0.496582
0.497204
0.497810
0.498403
0.498982
0.499547
0.500100
0.500640
0.501167
0.501683
0.502187
0.502680
0.503162
0.503633
0.504094
0.504546
0.504987
0.505419
0.505841
0.506255
0.506660
0.507057
0.507446
0.507826
0.508199
0.508565
0.508923
0.509274
0.509618
0.509956
0.510287
0.510611
0.510930
0.511243
0.511549
0.511851
0.512147
0.512437
0.512722
0.513003
0.513278
0.513549
0.513815
0.514077
0.514335
0.514588
0.514837
0.515083
0.515324
0.515562
0.515796
0.516026
0.516253
0.516477
0.516697
0.516914
0.517129
0.517340
0.517548
0.517754
0.517957
0.518157
0.518354
0.518549
0.518742
0.518932
0.519120
0.519306
0.519490
0.519671
0.519851
0.520028
0.520203
0.520377
0.520549
0.520719
0.520887
0.521054
0.521219
0.521382
0.521544
0.521704
0.521863
0.522021
0.522177
0.522331
0.522485
0.522637
0.522788
0.522938
0.523087
0.523234
0.523381
0.523526
0.523670
0.523813
0.523956
0.524097
0.524238
0.524377
0.524516
0.524654
0.524791
0.524927
0.525062
0.525197
0.525331
0.525464
0.525596
0.525728
0.525859
0.525990
0.526120
0.526249
0.526377
0.526505
0.526633
0.526760
0.526886
0.527012
0.527138
0.527263
0.527387
0.527511
0.527635
0.527758
0.527880
0.528003
0.528125
0.528246
0.528367
0.528488
0.528608
0.528728
0.528848
0.528967
0.529086
0.529205
0.529323
0.529441
0.529559
0.529676
0.529793
0.529910
0.530027
0.530143
0.530259
0.530375
0.530491
0.530606
0.530722
0.530837
0.530951
0.531066
0.531180
0.531294
0.531408
0.531522
0.531635
0.531749
0.531862
0.531975
0.532088
0.532200
0.532313
0.532425
0.532537
0.532649
0.532761
0.532873
0.532985
0.533096
0.533207
0.533319
0.533430
0.533541
0.533652
0.533762
0.533873
0.533983
0.534094
0.534204
0.534314
0.534424
0.534534
0.534644
0.534753
0.534863
0.534973
0.535082
0.535191
0.535301
0.535410
0.535519
0.535628
0.535737
0.535845
0.535954
0.536063
0.536171
0.536280
0.536388
0.536496
0.536605
0.536713
0.536821
0.536929
0.537037
0.537145
0.537253
0.537361
0.537468
0.537576
0.537683
0.537791
0.537898
0.538006
0.538113
0.538220
0.538328
0.538435
0.538542
0.538649
0.538756
0.538863
0.538970
