0.000000
0.000000
0.000083
0.000244
0.000475
0.000772
0.001130
0.001545
0.002012
0.002528
0.003088
0.003690
0.004330
0.005006
0.005714
0.006451
0.007216
0.008005
0.008818
0.009650
0.010501
0.011369
0.012252
0.013148
0.014056
0.014975
0.015903
0.016839
0.017783
0.018733
0.019688
0.020649
0.021614
0.022583
0.023556
0.024531
0.025510
0.026490
0.027473
0.028457
0.029443
0.030430
0.031418
0.032407
0.033397
0.034387
0.035378
0.036370
0.037361
0.038353
0.039345
0.040338
0.041330
0.042323
0.043316
0.044310
0.045304
0.046300
0.047296
0.048295
0.049296
0.050300
0.051307
0.052320
0.053338
0.054365
0.055402
0.056453
0.057520
0.058595
0.059665
0.060714
0.061735
0.062728
0.063694
0.064632
0.065545
0.066432
0.067294
0.068133
0.068948
0.069740
0.070511
0.071260
0.071989
0.072697
0.073386
0.074055
0.074707
0.075340
0.075956
0.076554
0.077137
0.077703
0.078254
0.078790
0.079311
0.079817
0.080310
0.080790
0.081256
0.081710
0.082151
0.082580
0.082998
0.083404
0.083799
0.084184
0.084558
0.084922
0.085276
0.085621
0.085957
0.086283
0.086601
0.086910
0.087211
0.087504
0.087789
0.088067
0.088337
0.088600
0.088856
0.089105
0.089348
0.089585
0.089815
0.090039
0.090257
0.090470
0.090677
0.090879
0.091075
0.091267
0.091453
0.091635
0.091812
0.091985
0.092153
0.092317
0.092476
0.092632
0.092784
0.092932
0.093076
0.093217
0.093354
0.093488
0.093618
0.093745
0.093869
0.093990
0.094108
0.094224
0.094336
0.094446
0.094553
0.094657
0.094759
0.094859
0.094956
0.095051
0.095144
0.095235
0.095323
0.095410
0.095494
0.095577
0.095657
0.095736
0.095813
0.095888
0.095962
0.096034
0.096104
0.096173
0.096241
0.096307
0.096371
0.096434
0.096496
0.096557
0.096616
0.096674
0.096730
0.096786
0.096841
0.096894
0.096946
0.096997
0.097048
0.097097
0.097145
0.097193
0.097239
0.097285
0.097329
0.097373
0.097416
0.097459
0.097500
0.097541
0.097581
0.097620
0.097659
0.097697
0.097734
0.097770
0.097806
0.097842
0.097877
0.097911
0.097945
0.097978
0.098010
0.098043
0.098074
0.098105
0.098136
0.098166
0.098196
0.098225
0.098254
0.098282
0.098310
0.098338
0.098365
0.098392
0.098419
0.098445
0.098471
0.098496
0.098521
0.098546
0.098571
0.098595
0.098619
0.098643
0.098666
0.098689
0.098712
0.098735
0.098757
0.098779
0.098801
0.098822
0.098844
0.098865
0.098886
0.098906
0.098927
0.098947
0.098967
0.098987
0.099007
0.099026
0.099046
0.099065
0.099084
0.099103
0.099121
0.099140
0.099158
0.099176
0.099194
0.099212
0.099230
0.099248
0.099265
0.099283
0.099300
0.099317
0.099334
0.099351
0.099367
0.099384
0.099400
0.099417
0.099433
0.099449
0.099465
0.099481
0.099497
0.099513
0.099529
0.099544
0.099560
0.099575
0.099590
0.099606
0.099621
0.099636
0.099651
0.099666
0.099680
0.099695
0.099710
0.099724
0.099739
0.099753
0.099768
0.099782
0.099796
0.099811
0.099825
0.099839
0.099853
0.099867
0.099881
0.099894
0.099908
0.099922
0.099935
0.099949
0.099963
0.099976
0.099989
0.100003
0.100016
0.100030
0.100043
0.100056
0.100069
0.100082
0.100095
0.100108
0.100121
0.100134
0.100147
0.100160
0.100173
0.100185
0.100198
0.100211
0.100223
0.100236
0.100249
0.100261
0.100274
0.100286
0.100298
0.100311
0.100323
0.100335
0.100348
0.100360
0.100372
0.100384
0.100397
0.100409
0.100421
0.100433
0.100445
0.100457
0.100469
0.100481
0.100493
0.100505
0.100516
0.100528
0.100540
0.100552
0.100563
0.100575
0.100587
0.100599
0.100610
0.100622
0.100633
0.100645
0.100656
0.100668
0.100679
0.100691
0.100702
0.100714
0.100725
0.100736
0.100748
0.100759
0.100770
0.100782
0.100793
0.100804
0.100815
0.100827
0.100838
0.100849
0.100860
0.100871
0.100882
0.100893
0.100904
0.100915
0.100926
0.100937
0.100948
0.100959
0.100970
0.100981
