0.000000
0.000000
0.000093
0.000275
0.000544
0.000894
0.001322
0.001822
0.002390
0.003023
0.003717
0.004467
0.005270
0.006123
0.007022
0.007965
0.008947
0.009967
0.011021
0.012107
0.013222
0.014364
0.015530
0.016718
0.017926
0.019152
0.020393
0.021648
0.022915
0.024192
0.025477
0.026770
0.028067
0.029368
0.030672
0.031977
0.033283
0.034587
0.035889
0.037188
0.038484
0.039775
0.041062
0.042344
0.043619
0.044889
0.046153
0.047411
0.048662
0.049907
0.051145
0.052378
0.053604
0.054824
0.056039
0.057249
0.058453
0.059654
0.060850
0.062043
0.063233
0.064421
0.065608
0.066796
0.067985
0.069178
0.070377
0.071587
0.072809
0.074038
0.075256
0.076451
0.077613
0.078743
0.079840
0.080907
0.081944
0.082951
0.083930
0.084881
0.085806
0.086704
0.087577
0.088426
0.089250
0.090052
0.090830
0.091587
0.092323
0.093038
0.093733
0.094408
0.095064
0.095702
0.096323
0.096925
0.097511
0.098081
0.098634
0.099172
0.099695
0.100203
0.100698
0.101178
0.101645
0.102099
0.102541
0.102970
0.103387
0.103793
0.104187
0.104571
0.104943
0.105306
0.105658
0.106001
0.106335
0.106659
0.106974
0.107281
0.107579
0.107869
0.108151
0.108425
0.108692
0.108951
0.109204
0.109449
0.109688
0.109920
0.110147
0.110366
0.110580
0.110789
0.110991
0.111188
0.111380
0.111567
0.111749
0.111926
0.112098
0.112265
0.112428
0.112587
0.112742
0.112892
0.113039
0.113182
0.113320
0.113456
0.113588
0.113716
0.113841
0.113963
0.114081
0.114197
0.114309
0.114419
0.114526
0.114630
0.114732
0.114831
0.114927
0.115021
0.115113
0.115202
0.115289
0.115375
0.115457
0.115538
0.115617
0.115694
0.115769
0.115843
0.115914
0.115984
0.116052
0.116119
0.116183
0.116247
0.116309
0.116369
0.116428
0.116486
0.116543
0.116598
0.116652
0.116704
0.116756
0.116806
0.116855
0.116903
0.116951
0.116997
0.117042
0.117086
0.117129
0.117171
0.117213
0.117253
0.117293
0.117332
0.117370
0.117407
0.117444
0.117480
0.117515
0.117549
0.117583
0.117616
0.117649
0.117681
0.117712
0.117743
0.117773
0.117803
0.117832
0.117861
0.117889
0.117917
0.117944
0.117970
0.117997
0.118023
0.118048
0.118073
0.118098
0.118122
0.118146
0.118169
0.118193
0.118215
0.118238
0.118260
0.118282
0.118303
0.118325
0.118346
0.118366
0.118387
0.118407
0.118427
0.118446
0.118466
0.118485
0.118504
0.118522
0.118541
0.118559
0.118577
0.118595
0.118613
0.118630
0.118647
0.118664
0.118681
0.118698
0.118715
0.118731
0.118747
0.118764
0.118780
0.118795
0.118811
0.118827
0.118842
0.118857
0.118873
0.118888
0.118902
0.118917
0.118932
0.118947
0.118961
0.118975
0.118990
0.119004
0.119018
0.119032
0.119046
0.119060
0.119074
0.119087
0.119101
0.119114
0.119128
0.119141
0.119154
0.119167
0.119181
0.119194
0.119207
0.119220
0.119232
0.119245
0.119258
0.119271
0.119283
0.119296
0.119308
0.119321
0.119333
0.119346
0.119358
0.119370
0.119383
0.119395
0.119407
0.119419
0.119431
0.119443
0.119455
0.119467
0.119479
0.119491
0.119503
0.119514
0.119526
0.119538
0.119550
0.119561
0.119573
0.119585
0.119596
0.119608
0.119619
0.119631
0.119642
0.119654
0.119665
0.119677
0.119688
0.119699
0.119711
0.119722
0.119733
0.119744
0.119756
0.119767
0.119778
0.119789
0.119800
0.119811
0.119823
0.119834
0.119845
0.119856
0.119867
0.119878
0.119889
0.119900
0.119911
0.119922
0.119933
0.119944
0.119954
0.119965
0.119976
0.119987
0.119998
0.120009
0.120020
0.120030
0.120041
0.120052
0.120063
0.120074
0.120084
0.120095
0.120106
0.120116
0.120127
0.120138
0.120148
0.120159
0.120170
0.120180
0.120191
0.120202
0.120212
0.120223
0.120233
0.120244
0.120255
0.120265
0.120276
0.120286
0.120297
0.120307
0.120318
0.120328
0.120339
0.120349
0.120360
0.120370
0.120381
0.120391
0.120402
0.120412
0.120422
