0.000000
0.047962
0.078585
0.099634
0.114063
0.124416
0.133604
0.144187
0.148038
0.149899
0.151750
0.153594
0.155431
0.157262
0.159088
0.160907
0.162721
0.164529
0.166332
0.168130
0.169923
0.171710
0.173493
0.175271
0.177044
0.178813
0.180576
0.182336
0.184090
0.185840
0.187586
0.189327
0.191063
0.192796
0.194523
0.196246
0.197966
0.199680
0.201390
0.203096
0.204798
0.206495
0.208188
0.209877
0.211562
0.213242
0.214919
0.216590
0.218258
0.219922
0.221582
0.223237
0.224888
0.226535
0.228179
0.229818
0.231453
0.233084
0.234711
0.236334
0.237953
0.239568
0.241179
0.242786
0.244389
0.245989
0.247584
0.249175
0.250763
0.252346
0.253926
0.255502
0.257075
0.258643
0.260208
0.261768
0.263325
0.264878
0.266428
0.267974
0.269516
0.271054
0.272589
0.274120
0.275647
0.277171
0.278691
0.280207
0.281720
0.283230
0.284735
0.286237
0.287735
0.289230
0.290721
0.292209
0.293693
0.295174
0.296651
0.298032
0.299049
0.300055
0.301058
0.302060
0.303059
0.304057
0.305052
0.306046
0.307038
0.308029
0.309017
0.310003
0.310988
0.311972
0.312953
0.313932
0.314910
0.315886
0.316861
0.317834
0.318804
0.319773
0.320740
0.321706
0.322671
0.323633
0.324593
0.325552
0.326509
0.327465
0.328419
0.329371
0.330321
0.331270
0.332217
0.333163
0.334107
0.335049
0.335989
0.336928
0.337866
0.338801
0.339735
0.340668
0.341598
0.342528
0.343455
0.344381
0.345306
0.346229
0.347150
0.348069
0.348988
0.349904
0.350819
0.351733
0.352644
0.353554
0.354463
0.355370
0.356276
0.357180
0.358083
0.358984
0.359883
0.360781
0.361678
0.362573
0.363466
0.364358
0.365248
0.366137
0.367025
0.367911
0.368795
0.369678
0.370560
0.371440
0.372318
0.373195
0.374071
0.374945
0.375818
0.376689
0.377559
0.378427
0.379294
0.380159
0.381023
0.381886
0.382747
0.383607
0.384465
0.385322
0.386177
0.387031
0.387884
0.388735
0.389585
0.390433
0.391280
0.392126
0.392970
0.393813
0.394654
0.395495
0.396333
0.397171
0.398007
0.398841
0.399674
0.400506
0.401337
0.402166
0.402994
0.403820
0.404645
0.405469
0.406292
0.407113
0.407932
0.408751
0.409568
0.410384
0.411198
0.412012
0.412823
0.413634
0.414443
0.415251
0.416057
0.416863
0.417667
0.418470
0.419271
0.420072
0.420870
0.421668
0.422464
0.423259
0.424053
0.424845
0.425637
0.426427
0.427215
0.428003
0.428789
0.429574
0.430357
0.431140
0.431921
0.432701
0.433480
0.434257
0.435034
0.435809
0.436582
0.437355
0.438126
0.438896
0.439665
0.440433
0.441199
0.441965
0.442729
0.443492
0.444253
0.445014
0.445773
0.446531
0.447287
0.448043
0.448798
0.449551
0.450303
0.451054
0.451804
0.452552
0.453300
0.454046
0.454791
0.455535
0.456277
0.457019
0.457760
0.458499
0.459237
0.459974
0.460710
0.461444
0.462178
0.462910
0.463641
0.464372
0.465101
0.465828
0.466555
0.467281
0.468005
0.468729
0.469451
0.470172
0.470892
0.471611
0.472328
0.473045
0.473761
0.474475
0.475188
0.475901
0.476612
0.477322
0.478031
0.478739
0.479445
0.480151
0.480856
0.481559
0.482262
0.482963
0.483663
0.484363
0.485061
0.485758
0.486454
0.487149
0.487843
0.488536
0.489228
0.489918
0.490608
0.491297
0.491984
0.492671
0.493356
0.494041
0.494724
0.495406
0.496088
0.496768
0.497447
0.498125
0.498802
0.499479
0.500154
0.500828
0.501501
0.502173
0.502844
0.503514
0.504184
0.504852
0.505519
0.506184
0.506849
0.507513
0.508176
0.508838
0.509499
0.510159
0.510818
0.511476
0.512133
0.512789
0.513444
0.514098
0.514751
0.515403
0.516055
0.516705
0.517354
0.518002
0.518649
0.519296
0.519941
0.520585
0.521229
0.521871
0.522513
0.523153
0.523793
0.524431
0.525069
0.525705
0.526341
0.526976
0.527610
0.528243
0.528875
0.529506
0.530136
0.530765
0.531393
0.532021
0.532647
0.533273
0.533897
0.534521
0.535143
0.535765
0.536386
0.537006
0.537625
0.538243
0.538860
0.539476
0.540091
0.540705
0.541319
0.541931
0.542543
0.543154
0.543764
0.544373
0.544981
0.545588
0.546194
0.546800
0.547404
0.548008
0.548610
0.549212
0.549813
0.550413
0.551013
0.551611
0.552208
0.552805
0.553401
0.553995
0.554589
0.555182
0.555775
0.556366
0.556957
0.557546
0.558135
0.558723
0.559310
0.559896
0.560482
0.561066
0.561650
0.562233
0.562815
0.563396
0.563976
0.564556
0.565134
0.565712
0.566289
0.566865
0.567440
0.568015
0.568588
0.569161
0.569733
0.570304
0.570874
0.571443
0.572012
0.572580
0.573147
0.573713
0.574278
0.574843
0.575407
0.575969
0.576532
0.577093
0.577653
0.578213
0.578772
0.579330
0.579887
0.580443
0.580999
0.581554
0.582108
0.582661
0.583214
0.583765
0.584316
0.584866
0.585415
0.585964
0.586511
0.587058
0.587605
0.588150
0.588695
0.589238
0.589782
0.590324
0.590865
0.591406
0.591946
0.592485
0.593023
0.593561
0.594097
0.594634
0.595169
0.595703
0.596237
0.596770
0.597303
0.597834
0.598365
0.598895
0.599424
0.599952
0.600480
0.601007
0.601533
0.602059
0.602584
0.603108
0.603631
0.604154
0.604675
0.605196
0.605716
0.606236
0.606755
0.607273
0.607790
0.608307
0.608822
0.609338
0.609852
0.610366
0.610879
0.611391
0.611902
0.612413
0.612923
0.613433
0.613941
0.614449
0.614956
0.615463
0.615969
0.616474
0.616978
0.617482
0.617985
0.618487
0.618988
0.619489
0.619989
0.620488
0.620987
0.621485
0.621982
0.622479
0.622975
0.623470
0.623965
0.624458
0.624952
0.625444
0.625936
0.626427
0.626917
0.627407
0.627896
0.628384
0.628871
0.629358
0.629845
0.630330
0.630815
0.631300
0.631783
0.632266
0.632748
0.633229
0.633710
0.634190
0.634670
0.635148
0.635626
0.636104
0.636581
0.637057
0.637532
0.638007
0.638481
0.638955
0.639428
0.639900
0.640371
0.640842
0.641312
0.641782
0.642251
0.642719
0.643187
