0.000000
-0.019489
-0.038604
-0.005302
0.023875
0.048950
0.070977
0.090641
0.108408
0.124605
0.139486
0.153268
0.166117
0.178155
0.189471
0.200170
0.210344
0.220061
0.229395
0.238401
0.247154
0.255728
0.264204
0.272700
0.281454
0.291030
0.301022
0.307640
0.311210
0.314244
0.317268
0.320305
0.323356
0.326420
0.329498
0.332589
0.335694
0.338812
0.341944
0.345089
0.348246
0.351417
0.354600
0.357796
0.361005
0.364226
0.367458
0.370703
0.373960
0.377227
0.380504
0.383797
0.387097
0.390408
0.393731
0.397062
0.400404
0.403753
0.407118
0.410486
0.413865
0.417250
0.420650
0.424052
0.427464
0.430881
0.434312
0.437744
0.441186
0.444631
0.448089
0.451548
0.455014
0.458484
0.461959
0.465444
0.468932
0.472422
0.475919
0.479417
0.482926
0.486433
0.489945
0.493460
0.496975
0.500501
0.504024
0.507549
0.511077
0.514606
0.518141
0.521675
0.525209
0.528747
0.532282
0.535821
0.539363
0.542901
0.546441
0.549266
0.552256
0.555446
0.558659
0.561880
0.565111
0.568347
0.571586
0.574836
0.578091
0.581346
0.584606
0.587871
0.591137
0.594408
0.597687
0.600964
0.604242
0.607526
0.610814
0.614100
0.617387
0.620676
0.623971
0.627269
0.630564
0.633860
0.637161
0.640460
0.643761
0.647061
0.650364
0.653672
0.656976
0.660278
0.663583
0.666887
0.670191
0.673493
0.676795
0.680101
0.683405
0.686707
0.690006
0.693307
0.696603
0.699900
0.703193
0.706485
0.709779
0.713070
0.716357
0.719641
0.722924
0.726202
0.729479
0.732751
0.736020
0.739288
0.742554
0.745813
0.749069
0.752320
0.755566
0.758810
0.762050
0.765282
0.768508
0.771731
0.774949
0.778160
0.781364
0.784563
0.787755
0.790943
0.794121
0.797293
0.800456
0.803614
0.806764
0.809905
0.813037
0.816161
0.819276
0.822384
0.825481
0.828567
0.831645
0.834712
0.837771
0.840817
0.843852
0.846877
0.849889
0.852891
0.855881
0.858858
0.861822
0.864773
0.867712
0.870637
0.873548
0.876445
0.879327
0.882194
0.885048
0.887886
0.890708
0.893514
0.896303
0.899076
0.901834
0.904573
0.907294
0.909999
0.912683
0.915350
0.917999
0.920629
0.923238
0.925828
0.928398
0.930947
0.933476
0.935983
0.938469
0.940932
0.943373
0.945793
0.948189
0.950562
0.952912
0.955237
0.957537
0.959814
0.962066
0.964293
0.966494
0.968670
0.970817
0.972939
0.975035
0.977103
0.979143
0.981156
0.983139
0.985094
0.987021
0.988920
0.990788
0.992627
0.994436
0.996214
0.997962
0.999679
1.001366
1.003022
1.004646
1.006238
1.007799
1.009327
1.010824
1.012289
1.013722
1.015122
1.016490
1.017826
1.019129
1.020399
1.021637
1.022843
1.024017
1.025159
1.026269
1.027346
1.028392
1.029407
1.030390
1.031343
1.032265
1.033156
1.034018
1.034850
1.035652
1.036426
1.037171
1.037889
1.038579
1.039242
1.039879
1.040490
1.041075
1.041636
1.042172
1.042685
1.043176
1.043643
1.044089
1.044514
1.044919
1.045303
1.045669
1.046016
1.046345
1.046657
1.046952
1.047231
1.047495
1.047744
1.047979
1.048201
1.048409
1.048605
1.048790
1.048963
1.049125
1.049277
1.049420
1.049553
1.049677
1.049794
1.049902
1.050003
1.050098
1.050185
1.050267
1.050342
1.050412
1.050477
1.050537
1.050593
1.050645
1.050692
1.050736
1.050776
1.050814
1.050848
1.050879
1.050908
1.050935
1.050959
1.050982
1.051002
1.051021
1.051038
1.051053
1.051067
1.051080
1.051092
1.051103
1.051113
1.051121
1.051130
1.051137
1.051143
1.051149
1.051155
1.051160
1.051164
1.051168
1.051172
1.051175
1.051178
1.051180
1.051183
1.051185
1.051187
1.051188
1.051190
1.051191
1.051192
1.051193
1.051194
1.051195
1.051196
1.051197
1.051197
1.051198
1.051198
1.051199
1.051199
1.051199
1.051200
1.051200
1.051200
1.051200
1.051201
1.051201
1.051201
1.051201
1.051201
1.051201
1.051201
1.051201
1.051201
1.051202
1.051202
1.051202
1.051202
1.051202
1.051202
1.051202
1.051202
1.051202
1.051202
1.051202
1.051202
1.051202
1.051202
1.051202
1.051202
1.051202
1.051202
1.051202
1.051202
1.051202
1.051202
1.051202
1.051202
1.051202
1.051202
1.051202
1.051202
1.051202
1.051202
1.051202
1.051202
1.051202
1.051202
1.051202
1.051202
1.051202
1.051202
1.051202
1.051202
1.051202
1.051202
1.051202
1.051202
1.051202
1.051202
1.051202
1.051202
1.051202
1.051202
1.051202
1.051202
1.051202
1.051202
1.051202
1.051202
1.051202
1.051202
1.051202
1.051202
1.051202
1.051202
1.051202
1.051202
1.051202
1.051202
1.051202
1.051202
1.051202
1.051202
1.051202
1.051202
1.051202
1.051202
1.051202
1.051202
1.051202
1.051202
1.051202
1.051202
1.051202
1.051202
1.051202
1.051202
1.051202
1.051202
1.051202
1.051202
1.051202
1.051202
1.051202
1.051202
1.051202
1.051202
1.051202
1.051202
1.051202
1.051202
1.051202
1.051202
1.051202
1.051202
1.051202
1.051202
1.051202
1.051202
1.051202
1.051202
1.051202
1.051202
1.051202
1.051202
1.051202
1.051202
1.051202
1.051202
1.051202
1.051202
1.051202
1.051202
1.051202
1.051202
1.051202
1.051202
1.051202
1.051202
1.051202
1.051202
1.051202
1.051202
1.051202
1.051202
1.051202
1.051202
1.051202
1.051202
1.051202
1.051202
1.051202
1.051202
1.051202
1.051202
1.051202
1.051202
1.051202
1.051202
1.051202
1.051202
1.051202
1.051202
1.051202
1.051202
1.051202
1.051202
1.051202
1.051202
1.051202
1.051202
1.051202
1.051202
1.051202
1.051202
1.051202
1.051202
1.051202
1.051202
1.051202
1.051202
1.051202
1.051202
1.051202
1.051202
1.051202
1.051202
1.051202
1.051202
1.051202
1.051202
1.051202
1.051202
1.051202
1.051202
1.051202
1.051202
1.051202
1.051202
1.051202
1.051202
1.051202
1.051202
1.051202
1.051202
1.051202
1.051202
1.051202
1.051202
1.051202
1.051202
1.051202
1.051202
1.051202
1.051202
1.051202
1.051202
1.051202
