0.000000
0.049610
0.081510
0.104194
0.121195
0.135576
0.139738
0.141885
0.143789
0.145641
0.147480
0.149311
0.151136
0.152956
0.154770
0.156578
0.158382
0.160180
0.161973
0.163761
0.165544
0.167322
0.169096
0.170865
0.172629
0.174389
0.176144
0.177895
0.179641
0.181383
0.183120
0.184853
0.186582
0.188306
0.190026
0.191742
0.193453
0.195160
0.196862
0.198561
0.200255
0.201945
0.203631
0.205312
0.206990
0.208663
0.210332
0.211997
0.213658
0.215314
0.216967
0.218616
0.220260
0.221901
0.223537
0.225170
0.226798
0.228423
0.230043
0.231660
0.233272
0.234881
0.236486
0.238087
0.239684
0.241277
0.242866
0.244451
0.246033
0.247611
0.249185
0.250755
0.252321
0.253884
0.255443
0.256998
0.258549
0.260097
0.261641
0.263181
0.264718
0.266251
0.267780
0.269306
0.270828
0.272346
0.273861
0.275373
0.276880
0.278384
0.279885
0.281382
0.282875
0.284365
0.285851
0.287334
0.288814
0.290289
0.291761
0.293144
0.294155
0.295152
0.296148
0.297141
0.298134
0.299124
0.300112
0.301098
0.302083
0.303067
0.304048
0.305027
0.306004
0.306980
0.307954
0.308927
0.309897
0.310866
0.311833
0.312798
0.313763
0.314725
0.315685
0.316644
0.317601
0.318557
0.319510
0.320462
0.321412
0.322361
0.323307
0.324253
0.325197
0.326139
0.327080
0.328019
0.328956
0.329891
0.330825
0.331758
0.332688
0.333618
0.334546
0.335472
0.336396
0.337318
0.338240
0.339160
0.340078
0.340994
0.341909
0.342822
0.343734
0.344645
0.345554
0.346461
0.347367
0.348271
0.349173
0.350074
0.350974
0.351872
0.352768
0.353663
0.354557
0.355448
0.356339
0.357228
0.358116
0.359002
0.359887
0.360769
0.361651
0.362531
0.363410
0.364287
0.365163
0.366037
0.366910
0.367781
0.368651
0.369519
0.370386
0.371252
0.372116
0.372979
0.373841
0.374701
0.375559
0.376416
0.377271
0.378126
0.378979
0.379831
0.380681
0.381529
0.382376
0.383222
0.384067
0.384910
0.385752
0.386592
0.387431
0.388269
0.389105
0.389940
0.390773
0.391605
0.392437
0.393266
0.394095
0.394922
0.395747
0.396571
0.397394
0.398215
0.399035
0.399854
0.400672
0.401488
0.402303
0.403117
0.403929
0.404740
0.405549
0.406358
0.407165
0.407971
0.408775
0.409579
0.410381
0.411181
0.411981
0.412779
0.413575
0.414371
0.415165
0.415958
0.416750
0.417541
0.418330
0.419118
0.419905
0.420690
0.421474
0.422257
0.423039
0.423820
0.424599
0.425377
0.426154
0.426930
0.427704
0.428477
0.429249
0.430020
0.430789
0.431558
0.432325
0.433091
0.433856
0.434619
0.435382
0.436143
0.436903
0.437661
0.438419
0.439175
0.439930
0.440684
0.441437
0.442189
0.442940
0.443689
0.444437
0.445184
0.445930
0.446674
0.447418
0.448160
0.448901
0.449641
0.450381
0.451119
0.451855
0.452591
0.453325
0.454058
0.454790
0.455521
0.456251
0.456979
0.457707
0.458434
0.459159
0.459884
0.460607
0.461329
0.462050
0.462770
0.463488
0.464206
0.464922
0.465637
0.466351
0.467065
0.467777
0.468488
0.469198
0.469907
0.470615
0.471321
0.472027
0.472731
0.473435
0.474137
0.474838
0.475538
0.476238
0.476936
0.477633
0.478329
0.479025
0.479718
0.480411
0.481103
0.481794
0.482483
0.483172
0.483859
0.484546
0.485231
0.485916
0.486599
0.487282
0.487963
0.488644
0.489323
0.490001
0.490678
0.491355
0.492030
0.492704
0.493377
0.494049
0.494721
0.495391
0.496060
0.496728
0.497396
0.498062
0.498727
0.499391
0.500054
0.500717
0.501378
0.502038
0.502697
0.503355
0.504013
0.504669
0.505324
0.505979
0.506632
0.507285
0.507936
0.508587
0.509236
0.509885
0.510532
0.511178
0.511824
0.512469
0.513112
0.513755
0.514397
0.515038
0.515677
0.516316
0.516955
0.517592
0.518228
0.518863
0.519497
0.520130
0.520763
0.521394
0.522024
0.522654
0.523282
0.523910
0.524537
0.525163
0.525788
0.526412
0.527035
0.527657
0.528279
0.528899
0.529518
0.530137
0.530754
0.531371
0.531987
0.532601
0.533215
0.533828
0.534441
0.535052
0.535663
0.536272
0.536881
0.537489
0.538096
0.538702
0.539307
0.539911
0.540514
0.541116
0.541718
0.542318
0.542918
0.543517
0.544115
0.544712
0.545308
0.545904
0.546498
0.547092
0.547685
0.548277
0.548868
0.549458
0.550047
0.550636
0.551223
0.551810
0.552396
0.552981
0.553565
0.554149
0.554731
0.555313
0.555894
0.556474
0.557053
0.557631
0.558209
0.558785
0.559361
0.559936
0.560511
0.561084
0.561657
0.562228
0.562799
0.563369
0.563938
0.564507
0.565074
0.565641
0.566207
0.566772
0.567337
0.567900
0.568463
0.569025
0.569586
0.570146
0.570706
0.571265
0.571823
0.572380
0.572936
0.573491
0.574046
0.574600
0.575153
0.575706
0.576257
0.576808
0.577358
0.577907
0.578455
0.579003
0.579550
0.580096
0.580641
0.581186
0.581730
0.582273
0.582815
0.583356
0.583897
0.584437
0.584976
0.585514
0.586052
0.586589
0.587125
0.587660
0.588194
0.588728
0.589261
0.589793
0.590325
0.590855
0.591385
0.591914
0.592443
0.592970
0.593497
0.594023
0.594549
0.595073
0.595597
0.596121
0.596643
0.597165
0.597686
0.598206
0.598726
0.599244
0.599762
0.600280
0.600796
0.601312
0.601827
0.602342
0.602856
0.603369
0.603881
0.604393
0.604903
0.605413
0.605923
0.606431
0.606939
0.607447
0.607953
0.608459
0.608964
0.609468
0.609972
0.610475
0.610977
0.611479
0.611980
0.612480
0.612979
0.613478
0.613976
0.614474
0.614970
0.615466
0.615962
0.616456
0.616950
0.617444
0.617936
0.618428
0.618919
0.619410
0.619899
0.620388
0.620877
0.621364
0.621851
0.622338
0.622824
0.623309
0.623793
0.624277
0.624760
0.625242
0.625724
0.626205
0.626685
0.627164
0.627643
0.628122
0.628599
0.629076
0.629553
0.630028
0.630503
0.630978
0.631452
0.631925
0.632397
0.632869
0.633340
0.633810
0.634280
0.634749
0.635217
0.635685
0.636152
0.636619
