0.000000
0.034161
0.054321
0.067830
0.078625
0.088757
0.098471
0.107723
0.116536
0.124967
0.133084
0.140958
0.148667
0.156286
0.163965
0.172044
0.181374
0.189546
0.192568
0.194493
0.196392
0.198284
0.200169
0.202047
0.203919
0.205784
0.207644
0.209497
0.211345
0.213187
0.215024
0.216855
0.218680
0.220501
0.222316
0.224126
0.225930
0.227730
0.229524
0.231313
0.233098
0.234877
0.236652
0.238421
0.240186
0.241945
0.243700
0.245450
0.247195
0.248936
0.250671
0.252402
0.254128
0.255850
0.257566
0.259278
0.260986
0.262689
0.264387
0.266080
0.267769
0.269454
0.271134
0.272809
0.274480
0.276147
0.277809
0.279467
0.281120
0.282769
0.284414
0.286054
0.287689
0.289320
0.290948
0.292571
0.294190
0.295804
0.297414
0.299020
0.300622
0.302219
0.303813
0.305402
0.306986
0.308568
0.310145
0.311718
0.313287
0.314851
0.316412
0.317969
0.319522
0.321070
0.322615
0.324155
0.325692
0.327225
0.328754
0.330147
0.331227
0.332301
0.333373
0.334444
0.335511
0.336577
0.337640
0.338701
0.339760
0.340816
0.341871
0.342924
0.343974
0.345022
0.346069
0.347113
0.348154
0.349194
0.350232
0.351268
0.352301
0.353332
0.354363
0.355390
0.356415
0.357439
0.358460
0.359479
0.360497
0.361513
0.362526
0.363538
0.364547
0.365555
0.366561
0.367565
0.368566
0.369566
0.370564
0.371560
0.372554
0.373546
0.374536
0.375525
0.376512
0.377496
0.378479
0.379460
0.380439
0.381416
0.382391
0.383364
0.384336
0.385306
0.386274
0.387240
0.388204
0.389167
0.390128
0.391087
0.392044
0.392999
0.393952
0.394904
0.395855
0.396803
0.397749
0.398694
0.399637
0.400578
0.401518
0.402456
0.403391
0.404325
0.405258
0.406189
0.407118
0.408046
0.408971
0.409895
0.410817
0.411738
0.412657
0.413575
0.414491
0.415405
0.416317
0.417227
0.418136
0.419044
0.419950
0.420854
0.421756
0.422657
0.423556
0.424454
0.425350
0.426244
0.427137
0.428028
0.428917
0.429805
0.430692
0.431577
0.432460
0.433342
0.434222
0.435100
0.435977
0.436852
0.437726
0.438599
0.439469
0.440338
0.441205
0.442072
0.442936
0.443800
0.444661
0.445521
0.446379
0.447236
0.448092
0.448946
0.449799
0.450650
0.451499
0.452347
0.453193
0.454038
0.454882
0.455724
0.456565
0.457404
0.458242
0.459078
0.459912
0.460746
0.461578
0.462408
0.463238
0.464065
0.464891
0.465716
0.466539
0.467360
0.468181
0.469000
0.469818
0.470634
0.471449
0.472262
0.473074
0.473884
0.474694
0.475502
0.476308
0.477114
0.477917
0.478720
0.479520
0.480320
0.481118
0.481915
0.482710
0.483505
0.484298
0.485089
0.485879
0.486667
0.487455
0.488241
0.489026
0.489809
0.490592
0.491372
0.492152
0.492930
0.493706
0.494482
0.495256
0.496029
0.496801
0.497571
0.498341
0.499108
0.499875
0.500640
0.501403
0.502166
0.502927
0.503687
0.504446
0.505204
0.505960
0.506715
0.507469
0.508221
0.508972
0.509722
0.510471
0.511219
0.511965
0.512711
0.513454
0.514197
0.514938
0.515678
0.516416
0.517154
0.517890
0.518626
0.519360
0.520093
0.520825
0.521555
0.522284
0.523012
0.523738
0.524464
0.525188
0.525912
0.526634
0.527355
0.528075
0.528793
0.529510
0.530226
0.530941
0.531655
0.532367
0.533079
0.533789
0.534499
0.535207
0.535914
0.536619
0.537324
0.538027
0.538729
0.539430
0.540130
0.540829
0.541527
0.542224
0.542920
0.543614
0.544307
0.544999
0.545690
0.546380
0.547068
0.547756
0.548443
0.549128
0.549813
0.550496
0.551178
0.551859
0.552539
0.553218
0.553896
0.554572
0.555248
0.555923
0.556596
0.557269
0.557940
0.558611
0.559280
0.559948
0.560615
0.561282
0.561946
0.562610
0.563273
0.563935
0.564595
0.565255
0.565914
0.566572
0.567229
0.567884
0.568539
0.569192
0.569844
0.570496
0.571146
0.571796
0.572444
0.573092
0.573738
0.574384
0.575028
0.575672
0.576314
0.576955
0.577596
0.578235
0.578873
0.579511
0.580147
0.580783
0.581417
0.582051
0.582684
0.583315
0.583946
0.584575
0.585204
0.585832
0.586458
0.587084
0.587708
0.588332
0.588955
0.589577
0.590199
0.590819
0.591438
0.592056
0.592673
0.593290
0.593905
0.594519
0.595133
0.595745
0.596357
0.596968
0.597578
0.598187
0.598795
0.599402
0.600009
0.600614
0.601218
0.601822
0.602424
0.603026
0.603627
0.604227
0.604826
0.605425
0.606022
0.606619
0.607215
0.607810
0.608404
0.608997
0.609589
0.610180
0.610770
0.611360
0.611949
0.612537
0.613124
0.613710
0.614296
0.614881
0.615465
0.616048
0.616630
0.617211
0.617792
0.618372
0.618950
0.619528
0.620106
0.620682
0.621258
0.621833
0.622408
0.622981
0.623554
0.624126
0.624697
0.625268
0.625837
0.626406
0.626974
0.627541
0.628108
0.628674
0.629239
0.629804
0.630367
0.630931
0.631493
0.632055
0.632616
0.633176
0.633735
0.634294
0.634852
0.635410
0.635966
0.636522
0.637077
0.637632
0.638186
0.638739
0.639292
0.639844
0.640396
0.640946
0.641496
0.642046
0.642595
0.643143
0.643691
0.644238
0.644784
0.645330
0.645875
0.646420
0.646964
0.647507
0.648050
0.648592
0.649134
0.649676
0.650217
0.650757
0.651297
0.651836
0.652374
0.652912
0.653450
0.653987
0.654524
0.655060
0.655596
0.656131
0.656665
0.657200
0.657733
0.658266
0.658799
0.659332
0.659864
0.660396
0.660927
0.661458
0.661988
0.662519
0.663048
0.663577
0.664106
0.664635
0.665163
0.665691
0.666219
0.666746
0.667273
0.667799
0.668325
0.668851
0.669377
0.669902
0.670427
0.670952
0.671477
0.672002
0.672526
0.673050
0.673574
0.674098
0.674622
0.675145
0.675668
0.676191
0.676713
0.677236
0.677759
0.678281
0.678803
0.679325
0.679847
0.680369
0.680891
0.681413
0.681934
0.682456
0.682978
0.683500
0.684022
0.684544
0.685066
0.685588
0.686110
0.686632
0.687154
0.687675
0.688197
0.688720
0.689242
0.689765
0.690287
0.690810
