0.000000
0.032354
0.091054
0.136240
0.172752
0.203419
0.229920
0.253321
0.274332
0.293438
0.310962
0.327164
0.342259
0.356411
0.369749
0.382368
0.394359
0.405815
0.416809
0.427407
0.437668
0.447660
0.457456
0.467136
0.476806
0.486670
0.497201
0.508427
0.517112
0.522366
0.526667
0.530889
0.535111
0.539333
0.543559
0.547783
0.552011
0.556235
0.560461
0.564684
0.568907
0.573126
0.577343
0.581555
0.585767
0.589971
0.594174
0.598369
0.602559
0.606744
0.610920
0.615092
0.619256
0.623412
0.627559
0.631697
0.635831
0.639952
0.644064
0.648165
0.652257
0.656338
0.660406
0.664465
0.668509
0.672542
0.676564
0.680570
0.684563
0.688544
0.692508
0.696459
0.700394
0.704315
0.708220
0.712107
0.715978
0.719834
0.723670
0.727489
0.731292
0.735074
0.738838
0.742584
0.746309
0.750014
0.753699
0.757363
0.761006
0.764627
0.768226
0.771804
0.775357
0.778888
0.782397
0.785880
0.789339
0.792773
0.796182
0.798841
0.801840
0.805065
0.808297
0.811512
0.814708
0.817884
0.821035
0.824165
0.827269
0.830348
0.833401
0.836427
0.839424
0.842395
0.845335
0.848246
0.851127
0.853975
0.856793
0.859577
0.862327
0.865043
0.867724
0.870369
0.872978
0.875549
0.878081
0.880575
0.883028
0.885441
0.887812
0.890140
0.892426
0.894668
0.896866
0.899017
0.901123
0.903182
0.905194
0.907157
0.909072
0.910937
0.912753
0.914519
0.916234
0.917899
0.919512
0.921075
0.922586
0.924046
0.925455
0.926812
0.928120
0.929376
0.930582
0.931740
0.932848
0.933907
0.934919
0.935885
0.936804
0.937678
0.938509
0.939297
0.940043
0.940748
0.941414
0.942042
0.942634
0.943189
0.943711
0.944200
0.944658
0.945085
0.945484
0.945856
0.946202
0.946523
0.946821
0.947096
0.947351
0.947586
0.947803
0.948003
0.948186
0.948354
0.948508
0.948649
0.948778
0.948896
0.949002
0.949100
0.949188
0.949268
0.949340
0.949406
0.949465
0.949518
0.949566
0.949609
0.949648
0.949683
0.949714
0.949741
0.949766
0.949788
0.949808
0.949825
0.949841
0.949854
0.949866
0.949877
0.949887
0.949895
0.949902
0.949909
0.949914
0.949919
0.949924
0.949927
0.949931
0.949934
0.949936
0.949938
0.949940
0.949942
0.949943
0.949945
0.949946
0.949947
0.949947
0.949948
0.949949
0.949949
0.949950
0.949950
0.949950
0.949951
0.949951
0.949951
0.949951
0.949951
0.949951
0.949952
0.949952
0.949952
0.949952
0.949952
0.949952
0.949952
0.949952
0.949952
0.949952
0.949952
0.949952
0.949952
0.949952
0.949952
0.949952
0.949952
0.949952
0.949952
0.949952
0.949952
0.949952
0.949952
0.949952
0.949952
0.949952
0.949952
0.949952
0.949952
0.949952
0.949952
0.949952
0.949952
0.949952
0.949952
0.949952
0.949952
0.949952
0.949952
0.949952
0.949952
0.949952
0.949952
0.949952
0.949952
0.949952
0.949952
0.949952
0.949952
0.949952
0.949952
0.949952
0.949952
0.949952
0.949952
0.949952
0.949952
0.949952
0.949952
0.949952
0.949952
0.949952
0.949952
0.949952
0.949952
0.949952
0.949952
0.949952
0.949952
0.949952
0.949952
0.949952
0.949952
0.949952
0.949952
0.949952
0.949952
0.949952
0.949952
0.949952
0.949952
0.949952
0.949952
0.949952
0.949952
0.949952
0.949952
0.949952
0.949952
0.949952
0.949952
0.949952
0.949952
0.949952
0.949952
0.949952
0.949952
0.949952
0.949952
0.949952
0.949952
0.949952
0.949952
0.949952
0.949952
0.949952
0.949952
0.949952
0.949952
0.949952
0.949952
0.949952
0.949952
0.949952
0.949952
0.949952
0.949952
0.949952
0.949952
0.949952
0.949952
0.949952
0.949952
0.949952
0.949952
0.949952
0.949952
0.949952
0.949952
0.949952
0.949952
0.949952
0.949952
0.949952
0.949952
0.949952
0.949952
0.949952
0.949952
0.949952
0.949952
0.949952
0.949952
0.949952
0.949952
0.949952
0.949952
0.949952
0.949952
0.949952
0.949952
0.949952
0.949952
0.949952
0.949952
0.949952
0.949952
0.949952
0.949952
0.949952
0.949952
0.949952
0.949952
0.949952
0.949952
0.949952
0.949952
0.949952
0.949952
0.949952
0.949952
0.949952
0.949952
0.949952
0.949952
0.949952
0.949952
0.949952
0.949952
0.949952
0.949952
0.949952
0.949952
0.949952
0.949952
0.949952
0.949952
0.949952
0.949952
0.949952
0.949952
0.949952
0.949952
0.949952
0.949952
0.949952
0.949952
0.949952
0.949952
0.949952
0.949952
0.949952
0.949952
0.949952
0.949952
0.949952
0.949952
0.949952
0.949952
0.949952
0.949952
0.949952
0.949952
0.949952
0.949952
0.949952
0.949952
0.949952
0.949952
0.949952
0.949952
0.949952
0.949952
0.949952
0.949952
0.949952
0.949952
0.949952
0.949952
0.949952
0.949952
0.949952
0.949952
0.949952
0.949952
0.949952
0.949952
0.949952
0.949952
0.949952
0.949952
0.949952
0.949952
0.949952
0.949952
0.949952
0.949952
0.949952
0.949952
0.949952
0.949952
0.949952
0.949952
0.949952
0.949952
0.949952
0.949952
0.949952
0.949952
0.949952
0.949952
0.949952
0.949952
0.949952
0.949952
0.949952
0.949952
0.949952
0.949952
0.949952
0.949952
0.949952
0.949952
0.949952
0.949952
0.949952
0.949952
0.949952
0.949952
0.949952
0.949952
0.949952
0.949952
0.949952
0.949952
0.949952
0.949952
0.949952
0.949952
0.949952
0.949952
0.949952
0.949952
0.949952
0.949952
0.949952
0.949952
0.949952
0.949952
0.949952
0.949952
0.949952
0.949952
0.949952
0.949952
0.949952
0.949952
0.949952
0.949952
0.949952
0.949952
0.949952
0.949952
0.949952
0.949952
0.949952
0.949952
0.949952
0.949952
0.949952
0.949952
0.949952
0.949952
0.949952
0.949952
0.949952
0.949952
0.949952
0.949952
0.949952
0.949952
0.949952
0.949952
0.949952
0.949952
0.949952
0.949952
0.949952
0.949952
0.949952
0.949952
0.949952
0.949952
0.949952
0.949952
0.949952
0.949952
0.949952
0.949952
0.949952
0.949952
0.949952
0.949952
0.949952
0.949952
0.949952
