0.000000
0.012406
0.013103
0.018584
0.035251
0.053125
0.069431
0.084271
0.097884
0.110460
0.122145
0.133041
0.143250
0.152867
0.161977
0.170648
0.178940
0.186926
0.194678
0.202273
0.209802
0.217433
0.225575
0.234769
0.242159
0.245354
0.247302
0.249177
0.251044
0.252907
0.254763
0.256614
0.258460
0.260300
0.262135
0.263966
0.265791
0.267612
0.269428
0.271239
0.273046
0.274848
0.276646
0.278439
0.280228
0.282013
0.283793
0.285569
0.287340
0.289108
0.290871
0.292631
0.294386
0.296137
0.297885
0.299628
0.301368
0.303104
0.304836
0.306564
0.308289
0.310010
0.311727
0.313441
0.315152
0.316859
0.318563
0.320263
0.321961
0.323655
0.325346
0.327034
0.328719
0.330401
0.332080
0.333756
0.335429
0.337100
0.338768
0.340433
0.342096
0.343756
0.345413
0.347070
0.348723
0.350373
0.352022
0.353668
0.355313
0.356956
0.358596
0.360234
0.361871
0.363506
0.365140
0.366772
0.368401
0.370030
0.371658
0.373004
0.374166
0.375351
0.376539
0.377727
0.378914
0.380104
0.381295
0.382486
0.383678
0.384873
0.386068
0.387264
0.388460
0.389659
0.390860
0.392063
0.393266
0.394471
0.395679
0.396887
0.398098
0.399310
0.400527
0.401745
0.402965
0.404187
0.405412
0.406640
0.407869
0.409102
0.410336
0.411576
0.412819
0.414063
0.415310
0.416562
0.417816
0.419073
0.420334
0.421598
0.422866
0.424140
0.425416
0.426695
0.427978
0.429267
0.430558
0.431854
0.433153
0.434456
0.435766
0.437081
0.438400
0.439722
0.441048
0.442381
0.443718
0.445058
0.446405
0.447755
0.449110
0.450474
0.451843
0.453214
0.454591
0.455973
0.457362
0.458754
0.460152
0.461556
0.462965
0.464379
0.465803
0.467231
0.468664
0.470102
0.471545
0.472995
0.474452
0.475913
0.477379
0.478853
0.480330
0.481814
0.483308
0.484808
0.486311
0.487820
0.489334
0.490856
0.492386
0.493921
0.495461
0.497006
0.498556
0.500114
0.501680
0.503252
0.504827
0.506409
0.507995
0.509591
0.511193
0.512801
0.514414
0.516032
0.517654
0.519283
0.520922
0.522566
0.524215
0.525869
0.527527
0.529191
0.530864
0.532544
0.534229
0.535917
0.537611
0.539309
0.541012
0.542726
0.544445
0.546169
0.547896
0.549628
0.551365
0.553110
0.554862
0.556618
0.558380
0.560145
0.561914
0.563688
0.565467
0.567257
0.569050
0.570847
0.572647
0.574451
0.576260
0.578075
0.579898
0.581725
0.583555
0.585389
0.587226
0.589068
0.590915
0.592770
0.594629
0.596492
0.598356
0.600226
0.602098
0.603974
0.605857
0.607746
0.609639
0.611534
0.613432
0.615332
0.617237
0.619146
0.621062
0.622982
0.624905
0.626829
0.628757
0.630686
0.632620
0.634560
0.636505
0.638452
0.640403
0.642355
0.644311
0.646267
0.648227
0.650192
0.652162
0.654135
0.656111
0.658087
0.660066
0.662046
0.664030
0.666018
0.668010
0.670006
0.672002
0.674000
0.676000
0.678001
0.680005
0.682013
0.684024
0.686039
0.688055
0.690071
0.692089
0.694108
0.696129
0.698152
0.700179
0.702209
0.704241
0.706273
0.708306
0.710340
0.712374
0.714410
0.716449
0.718491
0.720535
0.722579
0.724622
0.726667
0.728711
0.730757
0.732804
0.734854
0.736906
0.738958
0.741010
0.743061
0.745114
0.747165
0.749217
0.751269
0.753323
0.755379
0.757434
0.759488
0.761542
0.763596
0.765648
0.767700
0.769753
0.771806
0.773860
0.775913
0.777964
0.780014
0.782062
0.784110
0.786156
0.788203
0.790249
0.792294
0.794339
0.796381
0.798421
0.800460
0.802495
0.804529
0.806562
0.808595
0.810625
0.812653
0.814678
0.816701
0.818722
0.820740
0.822757
0.824769
0.826778
0.828786
0.830790
0.832792
0.834792
0.836789
0.838779
0.840768
0.842753
0.844733
0.846711
0.848684
0.850654
0.852621
0.854584
0.856541
0.858494
0.860443
0.862386
0.864326
0.866261
0.868190
0.870115
0.872036
0.873952
0.875861
0.877766
0.879665
0.881557
0.883444
0.885327
0.887201
0.889071
0.890936
0.892793
0.894643
0.896488
0.898326
0.900157
0.901982
0.903798
0.905608
0.907411
0.909208
0.910998
0.912779
0.914553
0.916319
0.918077
0.919828
0.921570
0.923304
0.925030
0.926748
0.928457
0.930157
0.931850
0.933533
0.935207
0.936873
0.938529
0.940175
0.941813
0.943442
0.945061
0.946671
0.948270
0.949861
0.951440
0.953010
0.954570
0.956119
0.957657
0.959185
0.960703
0.962211
0.963707
0.965193
0.966668
0.968131
0.969584
0.971025
0.972454
0.973871
0.975277
0.976673
0.978057
0.979429
0.980788
0.982137
0.983472
0.984796
0.986107
0.987406
0.988691
0.989965
0.991226
0.992474
0.993711
0.994934
0.996145
0.997342
0.998526
0.999698
1.000856
1.002002
1.003132
1.004250
1.005354
1.006446
1.007524
1.008589
1.009640
1.010678
1.011702
1.012712
1.013708
1.014691
1.015661
1.016615
1.017555
1.018482
1.019396
1.020296
1.021182
1.022055
1.022913
1.023758
1.024589
1.025406
1.026209
1.026998
1.027774
1.028535
1.029283
1.030017
1.030738
1.031445
1.032139
1.032820
1.033487
1.034141
1.034782
1.035409
1.036024
1.036625
1.037213
1.037789
1.038352
1.038902
1.039439
1.039965
1.040477
1.040978
1.041466
1.041943
1.042408
1.042861
1.043303
1.043733
1.044152
1.044559
1.044956
1.045341
1.045717
1.046081
1.046435
1.046779
1.047113
1.047437
1.047751
1.048056
1.048351
1.048637
1.048914
1.049182
1.049442
1.049693
1.049936
1.050170
1.050397
1.050615
1.050826
1.051030
1.051226
1.051416
1.051598
1.051773
1.051942
1.052105
1.052262
1.052412
1.052557
1.052695
1.052829
1.052956
1.053079
1.053197
1.053309
1.053417
1.053521
1.053620
1.053714
1.053805
1.053891
1.053974
1.054053
1.054128
1.054200
1.054268
1.054333
1.054396
1.054455
1.054511
1.054565
1.054616
1.054664
1.054710
1.054754
1.054795
1.054834
1.054872
1.054907
1.054940
1.054972
1.055002
1.055031
1.055057
1.055083
1.055107
1.055129
1.055151
1.055171
