0.000000
0.049787
0.083556
0.100814
0.111927
0.119448
0.124368
0.127617
0.129998
0.132024
0.133930
0.135799
0.137654
0.139503
0.141346
0.143183
0.145015
0.146842
0.148663
0.150480
0.152292
0.154100
0.155902
0.157700
0.159492
0.161280
0.163064
0.164842
0.166616
0.168385
0.170149
0.171909
0.173665
0.175415
0.177162
0.178903
0.180639
0.182373
0.184101
0.185824
0.187544
0.189259
0.190969
0.192674
0.194377
0.196074
0.197767
0.199455
0.201140
0.202820
0.204496
0.206167
0.207835
0.209498
0.211157
0.212811
0.214462
0.216109
0.217751
0.219389
0.221022
0.222654
0.224280
0.225901
0.227519
0.229132
0.230743
0.232349
0.233950
0.235548
0.237141
0.238731
0.240318
0.241900
0.243478
0.245053
0.246623
0.248191
0.249753
0.251312
0.252867
0.254418
0.255964
0.257509
0.259050
0.260586
0.262119
0.263648
0.265172
0.266693
0.268212
0.269727
0.271237
0.272744
0.274247
0.275746
0.277241
0.278735
0.280225
0.281632
0.282655
0.283666
0.284674
0.285679
0.286682
0.287682
0.288682
0.289682
0.290679
0.291673
0.292665
0.293656
0.294644
0.295630
0.296615
0.297597
0.298578
0.299559
0.300538
0.301514
0.302487
0.303459
0.304430
0.305399
0.306365
0.307329
0.308293
0.309256
0.310217
0.311175
0.312131
0.313085
0.314039
0.314990
0.315939
0.316886
0.317832
0.318775
0.319718
0.320660
0.321601
0.322539
0.323474
0.324408
0.325341
0.326272
0.327201
0.328129
0.329054
0.329978
0.330900
0.331821
0.332741
0.333661
0.334578
0.335492
0.336405
0.337316
0.338226
0.339135
0.340042
0.340946
0.341849
0.342750
0.343652
0.344552
0.345451
0.346347
0.347241
0.348133
0.349024
0.349914
0.350803
0.351691
0.352576
0.353460
0.354342
0.355221
0.356100
0.356978
0.357855
0.358731
0.359604
0.360476
0.361345
0.362213
0.363080
0.363947
0.364812
0.365676
0.366537
0.367397
0.368256
0.369112
0.369967
0.370822
0.371675
0.372528
0.373378
0.374226
0.375073
0.375918
0.376762
0.377605
0.378447
0.379288
0.380127
0.380964
0.381800
0.382634
0.383467
0.384298
0.385129
0.385958
0.386787
0.387614
0.388439
0.389262
0.390084
0.390904
0.391723
0.392541
0.393359
0.394175
0.394990
0.395803
0.396614
0.397424
0.398233
0.399039
0.399845
0.400651
0.401455
0.402258
0.403060
0.403860
0.404658
0.405455
0.406250
0.407044
0.407836
0.408629
0.409420
0.410210
0.410999
0.411786
0.412572
0.413356
0.414138
0.414920
0.415700
0.416479
0.417258
0.418036
0.418812
0.419587
0.420360
0.421132
0.421903
0.422672
0.423439
0.424206
0.424971
0.425736
0.426500
0.427263
0.428025
0.428784
0.429543
0.430300
0.431056
0.431810
0.432563
0.433316
0.434067
0.434818
0.435568
0.436316
0.437063
0.437809
0.438553
0.439296
0.440037
0.440777
0.441516
0.442255
0.442993
0.443730
0.444465
0.445200
0.445933
0.446664
0.447395
0.448124
0.448852
0.449578
0.450303
0.451028
0.451752
0.452475
0.453197
0.453918
0.454638
0.455356
0.456073
0.456789
0.457503
0.458216
0.458928
0.459639
0.460349
0.461059
0.461768
0.462476
0.463182
0.463888
0.464591
0.465294
0.465996
0.466696
0.467395
0.468093
0.468790
0.469485
0.470181
0.470875
0.471569
0.472262
0.472953
0.473643
0.474332
0.475020
0.475707
0.476392
0.477076
0.477759
0.478442
0.479123
0.479804
0.480484
0.481163
0.481841
0.482518
0.483194
0.483868
0.484541
0.485214
0.485885
0.486555
0.487224
0.487891
0.488558
0.489225
0.489890
0.490555
0.491219
0.491881
0.492543
0.493203
0.493862
0.494520
0.495178
0.495834
0.496488
0.497142
0.497795
0.498448
0.499100
0.499750
0.500400
0.501049
0.501697
0.502344
0.502990
0.503635
0.504278
0.504921
0.505562
0.506203
0.506842
0.507481
0.508118
0.508755
0.509391
0.510027
0.510661
0.511295
0.511928
0.512560
0.513190
0.513819
0.514448
0.515075
0.515702
0.516327
0.516952
0.517575
0.518198
0.518820
0.519441
0.520062
0.520682
0.521300
0.521918
0.522535
0.523152
0.523766
0.524380
0.524993
0.525605
0.526216
0.526826
0.527435
0.528043
0.528650
0.529257
0.529862
0.530467
0.531072
0.531675
0.532278
0.532880
0.533481
0.534080
0.534679
0.535277
0.535874
0.536470
0.537065
0.537659
0.538252
0.538845
0.539436
0.540027
0.540617
0.541207
0.541796
0.542384
0.542971
0.543557
0.544142
0.544727
0.545310
0.545892
0.546474
0.547055
0.547634
0.548213
0.548791
0.549368
0.549944
0.550520
0.551094
0.551668
0.552242
0.552815
0.553387
0.553958
0.554528
0.555097
0.555666
0.556233
0.556800
0.557365
0.557930
0.558495
0.559058
0.559621
0.560183
0.560744
0.561304
0.561863
0.562422
0.562979
0.563536
0.564092
0.564647
0.565202
0.565756
0.566309
0.566862
0.567413
0.567964
0.568514
0.569064
0.569612
0.570160
0.570707
0.571252
0.571798
0.572342
0.572886
0.573428
0.573970
0.574511
0.575051
0.575591
0.576130
0.576668
0.577206
0.577743
0.578279
0.578815
0.579349
0.579883
0.580417
0.580949
0.581480
0.582011
0.582540
0.583070
0.583598
0.584126
0.584652
0.585178
0.585703
0.586228
0.586752
0.587275
0.587798
0.588320
0.588841
0.589361
0.589881
0.590400
0.590919
0.591436
0.591953
0.592469
0.592985
0.593499
0.594013
0.594526
0.595038
0.595549
0.596060
0.596570
0.597079
0.597588
0.598096
0.598603
0.599109
0.599615
0.600121
0.600625
0.601129
0.601632
0.602135
0.602637
0.603138
0.603638
0.604137
0.604636
0.605134
0.605632
0.606128
0.606624
0.607120
0.607615
0.608109
0.608602
0.609095
0.609587
0.610078
0.610568
0.611058
0.611547
0.612036
0.612523
0.613010
0.613497
0.613983
0.614468
0.614953
0.615437
0.615920
0.616403
0.616885
0.617366
0.617847
0.618327
0.618806
0.619284
0.619762
0.620239
0.620715
0.621191
0.621666
0.622141
0.622615
0.623088
0.623561
0.624033
0.624504
0.624975
0.625445
0.625914
0.626382
0.626850
