0.000000
0.050277
0.083512
0.110228
0.122999
0.130658
0.135294
0.138178
0.140316
0.142215
0.144049
0.145867
0.147676
0.149480
0.151279
0.153072
0.154860
0.156644
0.158423
0.160196
0.161965
0.163729
0.165490
0.167247
0.168998
0.170746
0.172488
0.174227
0.175961
0.177691
0.179416
0.181137
0.182855
0.184567
0.186275
0.187979
0.189680
0.191375
0.193067
0.194754
0.196437
0.198116
0.199791
0.201462
0.203128
0.204791
0.206450
0.208104
0.209754
0.211400
0.213044
0.214682
0.216316
0.217946
0.219572
0.221195
0.222814
0.224428
0.226039
0.227645
0.229248
0.230848
0.232444
0.234035
0.235622
0.237206
0.238785
0.240362
0.241935
0.243503
0.245068
0.246629
0.248187
0.249741
0.251291
0.252837
0.254381
0.255920
0.257455
0.258986
0.260515
0.262040
0.263560
0.265077
0.266590
0.268101
0.269608
0.271111
0.272610
0.274106
0.275598
0.277087
0.278572
0.280055
0.281534
0.283009
0.284480
0.285949
0.287413
0.288791
0.289791
0.290778
0.291763
0.292748
0.293730
0.294710
0.295688
0.296664
0.297639
0.298612
0.299582
0.300551
0.301519
0.302487
0.303452
0.304414
0.305374
0.306333
0.307291
0.308247
0.309201
0.310153
0.311103
0.312051
0.312999
0.313947
0.314892
0.315834
0.316775
0.317714
0.318652
0.319588
0.320522
0.321455
0.322386
0.323315
0.324242
0.325169
0.326095
0.327019
0.327941
0.328861
0.329779
0.330696
0.331612
0.332526
0.333438
0.334348
0.335257
0.336164
0.337070
0.337975
0.338879
0.339782
0.340682
0.341581
0.342477
0.343373
0.344267
0.345160
0.346051
0.346940
0.347828
0.348715
0.349599
0.350482
0.351364
0.352246
0.353126
0.354005
0.354881
0.355756
0.356629
0.357501
0.358372
0.359242
0.360109
0.360975
0.361840
0.362703
0.363565
0.364425
0.365284
0.366142
0.366999
0.367855
0.368709
0.369562
0.370412
0.371261
0.372109
0.372956
0.373802
0.374647
0.375490
0.376332
0.377172
0.378010
0.378847
0.379682
0.380517
0.381350
0.382183
0.383014
0.383843
0.384671
0.385497
0.386321
0.387145
0.387967
0.388789
0.389609
0.390429
0.391246
0.392062
0.392877
0.393689
0.394501
0.395311
0.396121
0.396930
0.397737
0.398543
0.399348
0.400151
0.400953
0.401753
0.402551
0.403349
0.404145
0.404941
0.405736
0.406529
0.407322
0.408112
0.408901
0.409688
0.410475
0.411259
0.412043
0.412827
0.413609
0.414390
0.415170
0.415948
0.416725
0.417500
0.418274
0.419047
0.419818
0.420589
0.421359
0.422128
0.422896
0.423662
0.424427
0.425191
0.425953
0.426714
0.427474
0.428232
0.428989
0.429746
0.430502
0.431256
0.432010
0.432762
0.433513
0.434262
0.435010
0.435757
0.436503
0.437247
0.437990
0.438733
0.439475
0.440216
0.440956
0.441694
0.442431
0.443167
0.443901
0.444634
0.445366
0.446097
0.446827
0.447556
0.448284
0.449012
0.449738
0.450463
0.451186
0.451909
0.452630
0.453350
0.454069
0.454786
0.455503
0.456218
0.456933
0.457647
0.458360
0.459071
0.459782
0.460492
0.461200
0.461907
0.462613
0.463317
0.464021
0.464723
0.465425
0.466125
0.466825
0.467524
0.468222
0.468919
0.469615
0.470309
0.471003
0.471695
0.472386
0.473076
0.473765
0.474452
0.475139
0.475826
0.476511
0.477195
0.477879
0.478561
0.479243
0.479923
0.480601
0.481279
0.481956
0.482631
0.483306
0.483979
0.484652
0.485323
0.485994
0.486665
0.487334
0.488002
0.488669
0.489335
0.490000
0.490664
0.491327
0.491989
0.492649
0.493309
0.493967
0.494625
0.495282
0.495939
0.496594
0.497249
0.497902
0.498555
0.499206
0.499857
0.500506
0.501154
0.501802
0.502448
0.503093
0.503737
0.504380
0.505023
0.505664
0.506305
0.506945
0.507585
0.508223
0.508860
0.509496
0.510131
0.510765
0.511398
0.512030
0.512662
0.513292
0.513922
0.514551
0.515178
0.515805
0.516430
0.517055
0.517679
0.518302
0.518924
0.519546
0.520167
0.520786
0.521405
0.522023
0.522640
0.523256
0.523871
0.524485
0.525098
0.525711
0.526322
0.526932
0.527541
0.528150
0.528758
0.529365
0.529971
0.530577
0.531181
0.531785
0.532388
0.532990
0.533591
0.534191
0.534790
0.535388
0.535986
0.536582
0.537177
0.537772
0.538366
0.538959
0.539551
0.540142
0.540733
0.541323
0.541912
0.542501
0.543088
0.543675
0.544261
0.544845
0.545429
0.546012
0.546594
0.547175
0.547755
0.548335
0.548913
0.549491
0.550068
0.550644
0.551220
0.551795
0.552369
0.552942
0.553515
0.554086
0.554657
0.555227
0.555795
0.556364
0.556931
0.557497
0.558063
0.558628
0.559191
0.559755
0.560317
0.560878
0.561439
0.562000
0.562559
0.563118
0.563676
0.564233
0.564790
0.565345
0.565900
0.566454
0.567007
0.567559
0.568110
0.568661
0.569211
0.569760
0.570308
0.570855
0.571402
0.571948
0.572493
0.573037
0.573581
0.574124
0.574666
0.575208
0.575749
0.576289
0.576828
0.577366
0.577903
0.578440
0.578976
0.579511
0.580046
0.580580
0.581113
0.581645
0.582177
0.582708
0.583238
0.583767
0.584296
0.584823
0.585350
0.585877
0.586402
0.586927
0.587451
0.587975
0.588497
0.589020
0.589541
0.590062
0.590582
0.591101
0.591619
0.592137
0.592654
0.593170
0.593685
0.594200
0.594714
0.595227
0.595740
0.596251
0.596763
0.597273
0.597783
0.598292
0.598800
0.599308
0.599814
0.600321
0.600826
0.601331
0.601835
0.602338
0.602841
0.603343
0.603844
0.604345
0.604845
0.605344
0.605843
0.606341
0.606838
0.607334
0.607830
0.608325
0.608819
0.609313
0.609806
0.610298
0.610790
0.611281
0.611771
0.612261
0.612750
0.613238
0.613726
0.614213
0.614699
0.615184
0.615669
0.616153
0.616637
0.617119
0.617602
0.618083
0.618564
0.619044
0.619524
0.620003
0.620481
0.620959
0.621436
0.621913
0.622388
0.622863
0.623338
0.623811
0.624284
0.624756
0.625228
0.625699
0.626170
0.626639
0.627109
0.627577
0.628045
0.628512
0.628979
0.629445
0.629910
