0.000000
0.039612
0.065684
0.083421
0.095732
0.105198
0.113685
0.121803
0.129669
0.137350
0.144903
0.152437
0.160188
0.168757
0.178440
0.182898
0.184771
0.186567
0.188356
0.190139
0.191916
0.193688
0.195454
0.197215
0.198971
0.200721
0.202467
0.204209
0.205945
0.207677
0.209404
0.211127
0.212845
0.214559
0.216269
0.217974
0.219675
0.221372
0.223064
0.224752
0.226436
0.228116
0.229792
0.231463
0.233131
0.234794
0.236453
0.238108
0.239759
0.241405
0.243048
0.244687
0.246322
0.247952
0.249579
0.251201
0.252820
0.254435
0.256046
0.257652
0.259255
0.260854
0.262449
0.264040
0.265628
0.267211
0.268791
0.270367
0.271939
0.273507
0.275071
0.276632
0.278189
0.279742
0.281291
0.282836
0.284378
0.285917
0.287451
0.288982
0.290509
0.292032
0.293552
0.295068
0.296581
0.298089
0.299595
0.301097
0.302595
0.304089
0.305580
0.307068
0.308551
0.310031
0.311508
0.312982
0.314452
0.315918
0.317380
0.318715
0.319726
0.320730
0.321731
0.322731
0.323728
0.324725
0.325719
0.326712
0.327703
0.328691
0.329678
0.330664
0.331648
0.332630
0.333610
0.334588
0.335565
0.336540
0.337514
0.338485
0.339455
0.340423
0.341389
0.342354
0.343318
0.344279
0.345239
0.346196
0.347152
0.348107
0.349060
0.350012
0.350962
0.351910
0.352856
0.353801
0.354744
0.355686
0.356627
0.357565
0.358502
0.359436
0.360370
0.361302
0.362233
0.363162
0.364089
0.365014
0.365938
0.366860
0.367781
0.368701
0.369619
0.370535
0.371449
0.372362
0.373274
0.374184
0.375093
0.376000
0.376905
0.377809
0.378711
0.379612
0.380511
0.381409
0.382305
0.383200
0.384094
0.384985
0.385876
0.386764
0.387652
0.388538
0.389422
0.390305
0.391187
0.392067
0.392945
0.393822
0.394698
0.395572
0.396445
0.397316
0.398186
0.399054
0.399921
0.400786
0.401650
0.402513
0.403374
0.404234
0.405093
0.405950
0.406805
0.407659
0.408512
0.409363
0.410213
0.411062
0.411909
0.412755
0.413599
0.414442
0.415284
0.416124
0.416963
0.417800
0.418636
0.419471
0.420305
0.421137
0.421967
0.422797
0.423624
0.424451
0.425277
0.426101
0.426924
0.427745
0.428565
0.429383
0.430201
0.431016
0.431831
0.432644
0.433457
0.434267
0.435077
0.435885
0.436692
0.437497
0.438301
0.439104
0.439906
0.440706
0.441506
0.442304
0.443100
0.443895
0.444689
0.445482
0.446273
0.447063
0.447852
0.448640
0.449426
0.450212
0.450995
0.451778
0.452559
0.453339
0.454118
0.454896
0.455672
0.456447
0.457221
0.457994
0.458766
0.459536
0.460305
0.461073
0.461839
0.462605
0.463369
0.464132
0.464894
0.465655
0.466414
0.467172
0.467929
0.468685
0.469439
0.470193
0.470945
0.471696
0.472446
0.473194
0.473942
0.474688
0.475434
0.476178
0.476920
0.477662
0.478402
0.479142
0.479880
0.480617
0.481353
0.482087
0.482821
0.483554
0.484285
0.485015
0.485744
0.486472
0.487198
0.487924
0.488648
0.489372
0.490094
0.490815
0.491535
0.492254
0.492972
0.493688
0.494404
0.495118
0.495831
0.496543
0.497254
0.497964
0.498673
0.499381
0.500088
0.500793
0.501498
0.502201
0.502903
0.503605
0.504305
0.505004
0.505702
0.506399
0.507094
0.507789
0.508483
0.509176
0.509867
0.510558
0.511247
0.511936
0.512623
0.513309
0.513994
0.514678
0.515361
0.516043
0.516725
0.517405
0.518084
0.518762
0.519438
0.520114
0.520789
0.521463
0.522135
0.522807
0.523477
0.524147
0.524816
0.525483
0.526150
0.526815
0.527480
0.528144
0.528806
0.529468
0.530128
0.530788
0.531446
0.532103
0.532760
0.533415
0.534070
0.534724
0.535376
0.536028
0.536679
0.537328
0.537977
0.538624
0.539271
0.539916
0.540561
0.541205
0.541847
0.542489
0.543130
0.543770
0.544408
0.545046
0.545683
0.546319
0.546954
0.547588
0.548221
0.548853
0.549484
0.550114
0.550744
0.551372
0.551999
0.552626
0.553251
0.553876
0.554499
0.555122
0.555744
0.556364
0.556984
0.557603
0.558221
0.558838
0.559455
0.560070
0.560684
0.561298
0.561910
0.562522
0.563132
0.563742
0.564351
0.564959
0.565566
0.566172
0.566777
0.567382
0.567985
0.568588
0.569189
0.569790
0.570390
0.570989
0.571587
0.572184
0.572780
0.573376
0.573970
0.574564
0.575156
0.575748
0.576339
0.576929
0.577519
0.578107
0.578694
0.579281
0.579867
0.580452
0.581036
0.581619
0.582201
0.582783
0.583363
0.583943
0.584522
0.585100
0.585677
0.586253
0.586829
0.587403
0.587977
0.588550
0.589122
0.589693
0.590264
0.590833
0.591402
0.591970
0.592537
0.593103
0.593669
0.594233
0.594797
0.595360
0.595922
0.596483
0.597044
0.597604
0.598162
0.598720
0.599278
0.599834
0.600389
0.600944
0.601498
0.602051
0.602604
0.603155
0.603706
0.604256
0.604805
0.605353
0.605901
0.606448
0.606994
0.607539
0.608083
0.608627
0.609170
0.609712
0.610253
0.610793
0.611333
0.611872
0.612410
0.612947
0.613484
0.614019
0.614554
0.615089
0.615622
0.616155
0.616687
0.617218
0.617748
0.618278
0.618807
0.619335
0.619862
0.620389
0.620915
0.621440
0.621965
0.622488
0.623011
0.623533
0.624054
0.624575
0.625095
0.625614
0.626133
0.626650
0.627167
0.627684
0.628199
0.628714
0.629228
0.629741
0.630254
0.630766
0.631277
0.631787
0.632297
0.632806
0.633314
0.633822
0.634329
0.634835
0.635340
0.635845
0.636349
0.636852
0.637355
0.637857
0.638358
0.638859
0.639358
0.639858
0.640356
0.640854
0.641351
0.641847
0.642343
0.642838
0.643332
0.643826
0.644319
0.644811
0.645303
0.645794
0.646284
0.646774
0.647263
0.647751
0.648239
0.648726
0.649212
0.649698
0.650183
0.650667
0.651151
0.651634
0.652117
0.652599
0.653080
0.653560
0.654040
0.654519
0.654998
0.655476
0.655953
0.656430
0.656906
0.657382
0.657856
0.658331
0.658804
0.659277
0.659750
0.660221
0.660693
0.661163
0.661633
0.662102
0.662571
0.663039
0.663507
