0.000000
0.016465
0.075199
0.120455
0.157004
0.187695
0.214240
0.237701
0.258787
0.277971
0.295581
0.311866
0.327050
0.341290
0.354718
0.367434
0.379525
0.391086
0.402189
0.412899
0.423280
0.433397
0.443322
0.453139
0.462952
0.472967
0.483670
0.495049
0.503822
0.509192
0.513648
0.518041
0.522441
0.526849
0.531264
0.535687
0.540115
0.544552
0.548992
0.553439
0.557893
0.562349
0.566808
0.571275
0.575743
0.580212
0.584687
0.589162
0.593637
0.598119
0.602598
0.607076
0.611558
0.616037
0.620516
0.624995
0.629472
0.633947
0.638418
0.642891
0.647357
0.651821
0.656281
0.660739
0.665190
0.669636
0.674075
0.678513
0.682942
0.687365
0.691779
0.696190
0.700590
0.704983
0.709365
0.713741
0.718107
0.722462
0.726807
0.731140
0.735465
0.739776
0.744076
0.748362
0.752636
0.756898
0.761143
0.765375
0.769594
0.773796
0.777982
0.782152
0.786305
0.790441
0.794560
0.798659
0.802740
0.806802
0.810844
0.814030
0.817590
0.821416
0.825260
0.829094
0.832917
0.836724
0.840516
0.844290
0.848046
0.851782
0.855499
0.859194
0.862869
0.866522
0.870150
0.873755
0.877335
0.880891
0.884419
0.887922
0.891397
0.894844
0.898261
0.901649
0.905007
0.908334
0.911628
0.914891
0.918120
0.921314
0.924473
0.927597
0.930683
0.933733
0.936743
0.939715
0.942646
0.945536
0.948382
0.951187
0.953947
0.956662
0.959332
0.961953
0.964527
0.967052
0.969527
0.971950
0.974322
0.976640
0.978905
0.981115
0.983270
0.985369
0.987411
0.989395
0.991321
0.993190
0.994999
0.996749
0.998440
1.000072
1.001644
1.003157
1.004611
1.006007
1.007345
1.008626
1.009849
1.011017
1.012130
1.013189
1.014195
1.015150
1.016053
1.016908
1.017715
1.018476
1.019193
1.019866
1.020497
1.021089
1.021643
1.022159
1.022641
1.023090
1.023507
1.023894
1.024252
1.024583
1.024890
1.025172
1.025432
1.025670
1.025890
1.026090
1.026274
1.026442
1.026595
1.026734
1.026860
1.026975
1.027080
1.027174
1.027259
1.027336
1.027405
1.027467
1.027523
1.027573
1.027618
1.027659
1.027694
1.027726
1.027755
1.027780
1.027803
1.027823
1.027840
1.027856
1.027870
1.027882
1.027893
1.027902
1.027910
1.027917
1.027924
1.027929
1.027934
1.027938
1.027942
1.027945
1.027948
1.027951
1.027953
1.027954
1.027956
1.027957
1.027959
1.027960
1.027960
1.027961
1.027962
1.027962
1.027963
1.027963
1.027964
1.027964
1.027964
1.027964
1.027965
1.027965
1.027965
1.027965
1.027965
1.027965
1.027965
1.027965
1.027965
1.027965
1.027965
1.027965
1.027965
1.027965
1.027965
1.027965
1.027965
1.027965
1.027966
1.027966
1.027966
1.027966
1.027966
1.027966
1.027966
1.027966
1.027966
1.027966
1.027966
1.027966
1.027966
1.027966
1.027966
1.027966
1.027966
1.027966
1.027966
1.027966
1.027966
1.027966
1.027966
1.027966
1.027966
1.027966
1.027966
1.027966
1.027966
1.027966
1.027966
1.027966
1.027966
1.027966
1.027966
1.027966
1.027966
1.027966
1.027966
1.027966
1.027966
1.027966
1.027966
1.027966
1.027966
1.027966
1.027966
1.027966
1.027966
1.027966
1.027966
1.027966
1.027966
1.027966
1.027966
1.027966
1.027966
1.027966
1.027966
1.027966
1.027966
1.027966
1.027966
1.027966
1.027966
1.027966
1.027966
1.027966
1.027966
1.027966
1.027966
1.027966
1.027966
1.027966
1.027966
1.027966
1.027966
1.027966
1.027966
1.027966
1.027966
1.027966
1.027966
1.027966
1.027966
1.027966
1.027966
1.027966
1.027966
1.027966
1.027966
1.027966
1.027966
1.027966
1.027966
1.027966
1.027966
1.027966
1.027966
1.027966
1.027966
1.027966
1.027966
1.027966
1.027966
1.027966
1.027966
1.027966
1.027966
1.027966
1.027966
1.027966
1.027966
1.027966
1.027966
1.027966
1.027966
1.027966
1.027966
1.027966
1.027966
1.027966
1.027966
1.027966
1.027966
1.027966
1.027966
1.027966
1.027966
1.027966
1.027966
1.027966
1.027966
1.027966
1.027966
1.027966
1.027966
1.027966
1.027966
1.027966
1.027966
1.027966
1.027966
1.027966
1.027966
1.027966
1.027966
1.027966
1.027966
1.027966
1.027966
1.027966
1.027966
1.027966
1.027966
1.027966
1.027966
1.027966
1.027966
1.027966
1.027966
1.027966
1.027966
1.027966
1.027966
1.027966
1.027966
1.027966
1.027966
1.027966
1.027966
1.027966
1.027966
1.027966
1.027966
1.027966
1.027966
1.027966
1.027966
1.027966
1.027966
1.027966
1.027966
1.027966
1.027966
1.027966
1.027966
1.027966
1.027966
1.027966
1.027966
1.027966
1.027966
1.027966
1.027966
1.027966
1.027966
1.027966
1.027966
1.027966
1.027966
1.027966
1.027966
1.027966
1.027966
1.027966
1.027966
1.027966
1.027966
1.027966
1.027966
1.027966
1.027966
1.027966
1.027966
1.027966
1.027966
1.027966
1.027966
1.027966
1.027966
1.027966
1.027966
1.027966
1.027966
1.027966
1.027966
1.027966
1.027966
1.027966
1.027966
1.027966
1.027966
1.027966
1.027966
1.027966
1.027966
1.027966
1.027966
1.027966
1.027966
1.027966
1.027966
1.027966
1.027966
1.027966
1.027966
1.027966
1.027966
1.027966
1.027966
1.027966
1.027966
1.027966
1.027966
1.027966
1.027966
1.027966
1.027966
1.027966
1.027966
1.027966
1.027966
1.027966
1.027966
1.027966
1.027966
1.027966
1.027966
1.027966
1.027966
1.027966
1.027966
1.027966
1.027966
1.027966
1.027966
1.027966
1.027966
1.027966
1.027966
1.027966
1.027966
1.027966
1.027966
1.027966
1.027966
1.027966
1.027966
1.027966
1.027966
1.027966
1.027966
1.027966
1.027966
1.027966
1.027966
1.027966
1.027966
1.027966
1.027966
1.027966
1.027966
1.027966
1.027966
1.027966
1.027966
1.027966
1.027966
1.027966
1.027966
1.027966
1.027966
1.027966
1.027966
1.027966
1.027966
1.027966
1.027966
1.027966
1.027966
1.027966
1.027966
1.027966
1.027966
1.027966
1.027966
1.027966
1.027966
1.027966
1.027966
