0.000000
0.029532
0.047557
0.058706
0.067578
0.077769
0.088803
0.099488
0.109559
0.119047
0.128040
0.136604
0.144800
0.152702
0.160384
0.167921
0.175405
0.183027
0.191254
0.200663
0.207138
0.209532
0.211332
0.213115
0.214892
0.216663
0.218429
0.220190
0.221945
0.223695
0.225440
0.227181
0.228916
0.230647
0.232373
0.234095
0.235812
0.237524
0.239232
0.240936
0.242635
0.244330
0.246021
0.247707
0.249389
0.251067
0.252740
0.254409
0.256074
0.257735
0.259391
0.261044
0.262692
0.264336
0.265976
0.267611
0.269243
0.270870
0.272494
0.274113
0.275728
0.277339
0.278947
0.280550
0.282149
0.283744
0.285335
0.286922
0.288505
0.290085
0.291660
0.293232
0.294799
0.296363
0.297923
0.299478
0.301031
0.302579
0.304124
0.305664
0.307201
0.308734
0.310264
0.311790
0.313311
0.314829
0.316344
0.317855
0.319362
0.320865
0.322365
0.323861
0.325353
0.326842
0.328327
0.329809
0.331287
0.332761
0.334231
0.335524
0.336545
0.337567
0.338586
0.339604
0.340620
0.341634
0.342646
0.343656
0.344665
0.345671
0.346675
0.347678
0.348679
0.349678
0.350676
0.351671
0.352665
0.353657
0.354647
0.355635
0.356621
0.357606
0.358588
0.359569
0.360549
0.361527
0.362503
0.363477
0.364450
0.365420
0.366389
0.367357
0.368323
0.369287
0.370249
0.371209
0.372167
0.373125
0.374080
0.375034
0.375986
0.376936
0.377884
0.378832
0.379777
0.380721
0.381663
0.382603
0.383542
0.384479
0.385415
0.386349
0.387281
0.388212
0.389141
0.390068
0.390994
0.391919
0.392842
0.393763
0.394682
0.395600
0.396517
0.397432
0.398345
0.399257
0.400167
0.401076
0.401983
0.402889
0.403793
0.404696
0.405597
0.406497
0.407394
0.408291
0.409186
0.410080
0.410972
0.411863
0.412752
0.413640
0.414526
0.415411
0.416294
0.417176
0.418057
0.418936
0.419814
0.420690
0.421564
0.422438
0.423310
0.424180
0.425050
0.425918
0.426784
0.427649
0.428513
0.429375
0.430236
0.431096
0.431954
0.432811
0.433667
0.434521
0.435374
0.436225
0.437075
0.437924
0.438772
0.439619
0.440464
0.441308
0.442150
0.442991
0.443831
0.444670
0.445508
0.446344
0.447180
0.448013
0.448846
0.449677
0.450507
0.451336
0.452164
0.452991
0.453816
0.454641
0.455464
0.456286
0.457106
0.457925
0.458744
0.459561
0.460378
0.461193
0.462007
0.462820
0.463632
0.464443
0.465252
0.466061
0.466868
0.467675
0.468481
0.469286
0.470089
0.470891
0.471693
0.472493
0.473292
0.474091
0.474889
0.475686
0.476482
0.477277
0.478070
0.478863
0.479655
0.480446
0.481236
0.482026
0.482814
0.483602
0.484390
0.485176
0.485961
0.486746
0.487529
0.488312
0.489094
0.489875
0.490656
0.491436
0.492216
0.492995
0.493772
0.494549
0.495326
0.496101
0.496876
0.497651
0.498425
0.499199
0.499972
0.500744
0.501516
0.502287
0.503058
0.503827
0.504597
0.505366
0.506135
0.506903
0.507671
0.508439
0.509207
0.509973
0.510739
0.511505
0.512271
0.513036
0.513800
0.514565
0.515329
0.516094
0.516858
0.517622
0.518386
0.519149
0.519912
0.520675
0.521437
0.522200
0.522962
0.523725
0.524488
0.525251
0.526014
0.526777
0.527539
0.528301
0.529064
0.529826
0.530589
0.531351
0.532115
0.532878
0.533642
0.534406
0.535170
0.535934
0.536698
0.537463
0.538228
0.538992
0.539757
0.540523
0.541289
0.542056
0.542824
0.543592
0.544360
0.545128
0.545897
0.546667
0.547437
0.548207
0.548977
0.549749
0.550522
0.551295
0.552069
0.552844
0.553620
0.554396
0.555172
0.555950
0.556728
0.557506
0.558286
0.559066
0.559848
0.560631
0.561415
0.562200
0.562986
0.563773
0.564560
0.565348
0.566137
0.566928
0.567719
0.568511
0.569304
0.570100
0.570897
0.571695
0.572494
0.573294
0.574094
0.574897
0.575700
0.576505
0.577312
0.578119
0.578928
0.579738
0.580550
0.581362
0.582176
0.582992
0.583810
0.584629
0.585450
0.586273
0.587097
0.587922
0.588748
0.589576
0.590405
0.591237
0.592070
0.592904
0.593741
0.594578
0.595417
0.596257
0.597099
0.597943
0.598790
0.599639
0.600489
0.601341
0.602195
0.603050
0.603906
0.604764
0.605624
0.606486
0.607351
0.608216
0.609084
0.609953
0.610823
0.611695
0.612570
0.613446
0.614325
0.615206
0.616090
0.616975
0.617862
0.618750
0.619640
0.620531
0.621425
0.622320
0.623217
0.624116
0.625016
0.625918
0.626823
0.627732
0.628642
0.629554
0.630468
0.631384
0.632300
0.633218
0.634139
0.635061
0.635985
0.636910
0.637837
0.638767
0.639698
0.640633
0.641570
0.642509
0.643450
0.644392
0.645336
0.646281
0.647228
0.648176
0.649127
0.650080
0.651035
0.651992
0.652951
0.653910
0.654872
0.655835
0.656800
0.657766
0.658735
0.659707
0.660681
0.661657
0.662635
0.663615
0.664594
0.665576
0.666559
0.667543
0.668530
0.669518
0.670509
0.671501
0.672496
0.673490
0.674486
0.675484
0.676483
0.677484
0.678486
0.679490
0.680499
0.681508
0.682519
0.683532
0.684546
0.685559
0.686575
0.687592
0.688610
0.689630
0.690651
0.691675
0.692700
0.693727
0.694754
0.695782
0.696811
0.697842
0.698874
0.699907
0.700942
0.701979
0.703019
0.704060
0.705102
0.706145
0.707188
0.708232
0.709278
0.710324
0.711372
0.712421
0.713472
0.714524
0.715578
0.716633
0.717689
0.718746
0.719804
0.720863
0.721922
0.722981
0.724042
0.725103
0.726166
0.727229
0.728292
0.729357
0.730423
0.731489
0.732557
0.733629
0.734701
0.735774
0.736847
0.737920
0.738994
0.740068
0.741143
0.742219
0.743296
0.744374
0.745453
0.746532
0.747613
0.748694
0.749775
0.750855
0.751937
0.753019
0.754102
0.755186
0.756270
0.757355
0.758442
0.759530
0.760618
0.761706
0.762794
0.763882
0.764970
0.766058
0.767147
0.768237
0.769327
0.770418
0.771509
0.772600
0.773692
0.774785
0.775877
0.776970
0.778063
0.779154
0.780246
0.781339
0.782431
0.783524
0.784616
