0.000000
0.049478
0.080207
0.102459
0.120614
0.126569
0.129463
0.131602
0.133547
0.135447
0.137334
0.139215
0.141088
0.142956
0.144818
0.146674
0.148525
0.150370
0.152209
0.154044
0.155873
0.157697
0.159516
0.161330
0.163139
0.164943
0.166742
0.168537
0.170327
0.172111
0.173892
0.175667
0.177438
0.179204
0.180965
0.182722
0.184474
0.186222
0.187965
0.189703
0.191437
0.193166
0.194891
0.196612
0.198328
0.200040
0.201747
0.203450
0.205148
0.206842
0.208532
0.210218
0.211899
0.213575
0.215248
0.216916
0.218580
0.220240
0.221896
0.223548
0.225195
0.226838
0.228477
0.230112
0.231743
0.233369
0.234992
0.236610
0.238225
0.239836
0.241442
0.243045
0.244643
0.246238
0.247829
0.249415
0.250998
0.252577
0.254151
0.255723
0.257290
0.258853
0.260413
0.261968
0.263520
0.265068
0.266612
0.268153
0.269689
0.271222
0.272752
0.274278
0.275799
0.277317
0.278832
0.280343
0.281850
0.283353
0.284853
0.286269
0.287306
0.288330
0.289352
0.290372
0.291389
0.292404
0.293418
0.294430
0.295439
0.296448
0.297454
0.298458
0.299459
0.300460
0.301459
0.302455
0.303450
0.304442
0.305433
0.306423
0.307410
0.308395
0.309378
0.310361
0.311341
0.312319
0.313295
0.314269
0.315242
0.316214
0.317183
0.318150
0.319115
0.320080
0.321042
0.322003
0.322961
0.323918
0.324873
0.325827
0.326779
0.327729
0.328677
0.329624
0.330569
0.331512
0.332454
0.333394
0.334332
0.335268
0.336204
0.337137
0.338069
0.338999
0.339927
0.340853
0.341778
0.342702
0.343624
0.344544
0.345462
0.346379
0.347294
0.348208
0.349120
0.350031
0.350940
0.351848
0.352753
0.353657
0.354560
0.355461
0.356361
0.357259
0.358155
0.359050
0.359943
0.360835
0.361725
0.362614
0.363501
0.364387
0.365271
0.366153
0.367034
0.367914
0.368792
0.369669
0.370544
0.371418
0.372289
0.373160
0.374029
0.374897
0.375763
0.376628
0.377491
0.378353
0.379213
0.380071
0.380929
0.381785
0.382640
0.383493
0.384345
0.385195
0.386043
0.386890
0.387737
0.388581
0.389425
0.390267
0.391107
0.391946
0.392783
0.393619
0.394453
0.395287
0.396119
0.396950
0.397779
0.398606
0.399433
0.400257
0.401081
0.401903
0.402724
0.403544
0.404363
0.405180
0.405995
0.406809
0.407622
0.408433
0.409243
0.410052
0.410860
0.411666
0.412471
0.413275
0.414077
0.414878
0.415677
0.416475
0.417272
0.418068
0.418863
0.419656
0.420448
0.421239
0.422028
0.422815
0.423602
0.424387
0.425172
0.425955
0.426737
0.427517
0.428296
0.429074
0.429851
0.430626
0.431400
0.432172
0.432944
0.433714
0.434484
0.435252
0.436019
0.436784
0.437548
0.438311
0.439072
0.439833
0.440592
0.441350
0.442107
0.442863
0.443618
0.444372
0.445124
0.445874
0.446624
0.447372
0.448119
0.448865
0.449610
0.450354
0.451097
0.451838
0.452579
0.453318
0.454056
0.454792
0.455528
0.456262
0.456995
0.457727
0.458458
0.459188
0.459917
0.460645
0.461371
0.462096
0.462820
0.463543
0.464265
0.464985
0.465705
0.466423
0.467140
0.467857
0.468572
0.469286
0.469999
0.470711
0.471421
0.472131
0.472839
0.473546
0.474252
0.474957
0.475661
0.476364
0.477066
0.477767
0.478467
0.479166
0.479863
0.480559
0.481255
0.481949
0.482642
0.483334
0.484025
0.484715
0.485404
0.486092
0.486779
0.487465
0.488150
0.488833
0.489516
0.490197
0.490878
0.491557
0.492235
0.492912
0.493589
0.494264
0.494938
0.495612
0.496284
0.496955
0.497625
0.498294
0.498963
0.499630
0.500295
0.500960
0.501624
0.502287
0.502949
0.503610
0.504271
0.504930
0.505588
0.506245
0.506901
0.507556
0.508210
0.508863
0.509515
0.510166
0.510816
0.511465
0.512113
0.512760
0.513406
0.514052
0.514696
0.515339
0.515982
0.516623
0.517263
0.517902
0.518541
0.519178
0.519814
0.520450
0.521084
0.521718
0.522351
0.522983
0.523614
0.524244
0.524873
0.525501
0.526128
0.526754
0.527379
0.528003
0.528626
0.529248
0.529870
0.530490
0.531110
0.531728
0.532346
0.532963
0.533579
0.534194
0.534809
0.535422
0.536034
0.536645
0.537256
0.537865
0.538474
0.539081
0.539688
0.540294
0.540899
0.541503
0.542106
0.542708
0.543310
0.543910
0.544510
0.545109
0.545707
0.546304
0.546900
0.547495
0.548090
0.548683
0.549276
0.549867
0.550458
0.551048
0.551637
0.552225
0.552813
0.553400
0.553985
0.554570
0.555155
0.555738
0.556320
0.556901
0.557482
0.558062
0.558640
0.559218
0.559795
0.560372
0.560947
0.561522
0.562096
0.562669
0.563241
0.563812
0.564383
0.564953
0.565522
0.566090
0.566657
0.567223
0.567789
0.568353
0.568917
0.569480
0.570042
0.570604
0.571164
0.571724
0.572283
0.572841
0.573398
0.573955
0.574511
0.575066
0.575620
0.576173
0.576725
0.577277
0.577828
0.578378
0.578927
0.579476
0.580023
0.580570
0.581117
0.581662
0.582206
0.582750
0.583293
0.583835
0.584377
0.584917
0.585457
0.585996
0.586535
0.587072
0.587609
0.588145
0.588681
0.589215
0.589749
0.590282
0.590814
0.591345
0.591876
0.592406
0.592935
0.593463
0.593991
0.594518
0.595044
0.595569
0.596094
0.596618
0.597141
0.597663
0.598185
0.598706
0.599226
0.599745
0.600264
0.600782
0.601299
0.601816
0.602331
0.602846
0.603361
0.603874
0.604387
0.604899
0.605410
0.605921
0.606431
0.606940
0.607448
0.607956
0.608463
0.608969
0.609475
0.609979
0.610484
0.610987
0.611490
0.611992
0.612493
0.612994
0.613494
0.613993
0.614491
0.614989
0.615486
0.615982
0.616478
0.616973
0.617467
0.617960
0.618453
0.618945
0.619437
0.619928
0.620418
0.620907
0.621396
0.621884
0.622371
0.622858
0.623344
0.623829
0.624314
0.624798
0.625281
0.625763
0.626245
0.626726
0.627207
0.627687
0.628166
0.628645
0.629122
0.629599
0.630076
0.630552
0.631027
0.631501
0.631975
0.632448
0.632921
0.633392
0.633863
0.634334
0.634804
