0.000000
0.028716
0.045587
0.056577
0.066645
0.077894
0.089253
0.100024
0.110142
0.119683
0.128727
0.137341
0.145589
0.153542
0.161275
0.168864
0.176398
0.184070
0.192346
0.201794
0.208320
0.210777
0.212627
0.214459
0.216285
0.218105
0.219919
0.221727
0.223529
0.225326
0.227117
0.228904
0.230685
0.232461
0.234232
0.235998
0.237759
0.239516
0.241267
0.243014
0.244757
0.246494
0.248227
0.249955
0.251679
0.253398
0.255112
0.256822
0.258528
0.260229
0.261925
0.263617
0.265304
0.266987
0.268666
0.270340
0.272010
0.273675
0.275336
0.276993
0.278645
0.280293
0.281937
0.283577
0.285212
0.286843
0.288469
0.290092
0.291711
0.293325
0.294935
0.296541
0.298142
0.299741
0.301334
0.302924
0.304509
0.306090
0.307668
0.309241
0.310811
0.312376
0.313937
0.315495
0.317049
0.318598
0.320144
0.321686
0.323224
0.324758
0.326288
0.327814
0.329337
0.330855
0.332370
0.333881
0.335388
0.336891
0.338391
0.339719
0.340770
0.341820
0.342868
0.343913
0.344957
0.346000
0.347039
0.348076
0.349112
0.350146
0.351177
0.352206
0.353233
0.354259
0.355283
0.356305
0.357324
0.358342
0.359358
0.360372
0.361384
0.362393
0.363402
0.364408
0.365412
0.366414
0.367415
0.368414
0.369411
0.370406
0.371398
0.372389
0.373379
0.374367
0.375352
0.376335
0.377317
0.378298
0.379276
0.380253
0.381227
0.382200
0.383171
0.384141
0.385109
0.386074
0.387038
0.388000
0.388961
0.389920
0.390877
0.391832
0.392785
0.393737
0.394687
0.395636
0.396583
0.397527
0.398470
0.399412
0.400352
0.401291
0.402227
0.403161
0.404094
0.405026
0.405956
0.406885
0.407811
0.408736
0.409658
0.410580
0.411500
0.412419
0.413335
0.414250
0.415164
0.416076
0.416986
0.417894
0.418802
0.419708
0.420611
0.421514
0.422414
0.423313
0.424211
0.425108
0.426002
0.426895
0.427787
0.428676
0.429564
0.430451
0.431337
0.432221
0.433103
0.433984
0.434863
0.435741
0.436617
0.437493
0.438366
0.439238
0.440108
0.440977
0.441844
0.442710
0.443575
0.444439
0.445301
0.446161
0.447019
0.447876
0.448732
0.449587
0.450441
0.451292
0.452143
0.452992
0.453839
0.454685
0.455530
0.456374
0.457217
0.458057
0.458897
0.459734
0.460571
0.461406
0.462241
0.463074
0.463905
0.464735
0.465564
0.466391
0.467217
0.468042
0.468866
0.469689
0.470510
0.471330
0.472148
0.472965
0.473781
0.474596
0.475410
0.476223
0.477034
0.477844
0.478653
0.479460
0.480266
0.481071
0.481875
0.482678
0.483480
0.484281
0.485081
0.485879
0.486676
0.487471
0.488266
0.489060
0.489853
0.490645
0.491436
0.492225
0.493013
0.493800
0.494586
0.495371
0.496155
0.496938
0.497721
0.498502
0.499282
0.500061
0.500839
0.501616
0.502391
0.503167
0.503941
0.504714
0.505487
0.506259
0.507029
0.507799
0.508567
0.509335
0.510101
0.510867
0.511633
0.512397
0.513161
0.513924
0.514686
0.515447
0.516208
0.516967
0.517725
0.518483
0.519241
0.519997
0.520754
0.521509
0.522264
0.523017
0.523770
0.524522
0.525274
0.526025
0.526776
0.527526
0.528276
0.529025
0.529773
0.530521
0.531268
0.532014
0.532760
0.533506
0.534251
0.534996
0.535741
0.536485
0.537229
0.537972
0.538714
0.539457
0.540198
0.540940
0.541681
0.542421
0.543162
0.543903
0.544644
0.545384
0.546124
0.546863
0.547602
0.548341
0.549080
0.549818
0.550557
0.551296
0.552035
0.552774
0.553513
0.554251
0.554989
0.555728
0.556466
0.557204
0.557942
0.558681
0.559420
0.560159
0.560898
0.561638
0.562378
0.563117
0.563857
0.564597
0.565337
0.566077
0.566818
0.567559
0.568301
0.569043
0.569786
0.570529
0.571272
0.572015
0.572759
0.573504
0.574249
0.574995
0.575741
0.576488
0.577235
0.577982
0.578731
0.579481
0.580231
0.580983
0.581735
0.582487
0.583240
0.583993
0.584748
0.585503
0.586259
0.587015
0.587773
0.588533
0.589293
0.590055
0.590817
0.591580
0.592344
0.593109
0.593875
0.594642
0.595409
0.596178
0.596948
0.597720
0.598494
0.599268
0.600044
0.600822
0.601600
0.602379
0.603159
0.603941
0.604724
0.605507
0.606293
0.607079
0.607869
0.608660
0.609452
0.610246
0.611041
0.611837
0.612635
0.613434
0.614235
0.615038
0.615842
0.616648
0.617455
0.618263
0.619073
0.619885
0.620699
0.621515
0.622334
0.623154
0.623976
0.624799
0.625624
0.626450
0.627278
0.628108
0.628940
0.629774
0.630610
0.631448
0.632287
0.633128
0.633970
0.634815
0.635662
0.636511
0.637363
0.638217
0.639073
0.639931
0.640791
0.641651
0.642514
0.643379
0.644246
0.645115
0.645987
0.646860
0.647735
0.648612
0.649491
0.650371
0.651254
0.652139
0.653028
0.653919
0.654812
0.655707
0.656604
0.657502
0.658402
0.659304
0.660208
0.661114
0.662024
0.662935
0.663848
0.664763
0.665679
0.666597
0.667518
0.668440
0.669365
0.670293
0.671224
0.672157
0.673092
0.674030
0.674968
0.675908
0.676850
0.677794
0.678740
0.679688
0.680639
0.681592
0.682547
0.683504
0.684462
0.685422
0.686384
0.687348
0.688314
0.689283
0.690255
0.691229
0.692206
0.693184
0.694163
0.695143
0.696126
0.697110
0.698096
0.699084
0.700076
0.701068
0.702063
0.703059
0.704056
0.705055
0.706056
0.707059
0.708064
0.709070
0.710081
0.711093
0.712107
0.713123
0.714141
0.715159
0.716178
0.717200
0.718222
0.719247
0.720274
0.721303
0.722334
0.723367
0.724402
0.725438
0.726475
0.727515
0.728554
0.729595
0.730637
0.731681
0.732727
0.733772
0.734820
0.735869
0.736920
0.737972
0.739028
0.740086
0.741145
0.742206
0.743267
0.744329
0.745392
0.746456
0.747522
0.748589
0.749658
0.750728
0.751800
0.752873
0.753947
0.755021
0.756097
0.757173
0.758251
0.759329
0.760409
0.761490
0.762574
0.763659
0.764746
0.765833
0.766921
0.768009
0.769097
0.770187
0.771277
0.772369
0.773461
0.774555
0.775650
0.776746
0.777843
