0.000000
0.016855
0.017083
0.011567
0.021084
0.038232
0.054466
0.069238
0.082761
0.095249
0.106845
0.117648
0.127764
0.137289
0.146305
0.154883
0.163087
0.170986
0.178651
0.186164
0.193612
0.201164
0.209233
0.218371
0.225684
0.228768
0.230639
0.232441
0.234238
0.236031
0.237821
0.239606
0.241387
0.243166
0.244939
0.246710
0.248478
0.250243
0.252005
0.253764
0.255520
0.257273
0.259023
0.260771
0.262517
0.264260
0.266001
0.267738
0.269475
0.271208
0.272940
0.274670
0.276397
0.278123
0.279847
0.281569
0.283290
0.285008
0.286726
0.288442
0.290157
0.291870
0.293582
0.295293
0.297003
0.298713
0.300421
0.302128
0.303835
0.305541
0.307248
0.308953
0.310658
0.312363
0.314068
0.315772
0.317477
0.319182
0.320886
0.322591
0.324297
0.326003
0.327710
0.329417
0.331125
0.332833
0.334542
0.336253
0.337966
0.339678
0.341392
0.343107
0.344824
0.346542
0.348261
0.349982
0.351707
0.353433
0.355159
0.356559
0.357817
0.359111
0.360413
0.361720
0.363031
0.364348
0.365672
0.366999
0.368330
0.369666
0.371008
0.372354
0.373706
0.375064
0.376427
0.377795
0.379167
0.380546
0.381932
0.383322
0.384717
0.386118
0.387525
0.388940
0.390359
0.391784
0.393213
0.394650
0.396095
0.397545
0.399000
0.400461
0.401929
0.403404
0.404886
0.406373
0.407865
0.409364
0.410870
0.412384
0.413904
0.415429
0.416959
0.418497
0.420044
0.421597
0.423155
0.424719
0.426289
0.427865
0.429450
0.431042
0.432640
0.434242
0.435851
0.437465
0.439089
0.440720
0.442356
0.443996
0.445643
0.447295
0.448955
0.450623
0.452297
0.453976
0.455660
0.457348
0.459043
0.460746
0.462456
0.464172
0.465890
0.467615
0.469344
0.471079
0.472824
0.474573
0.476326
0.478084
0.479845
0.481612
0.483386
0.485167
0.486953
0.488743
0.490536
0.492334
0.494135
0.495941
0.497757
0.499577
0.501400
0.503225
0.505055
0.506888
0.508725
0.510571
0.512420
0.514274
0.516129
0.517987
0.519848
0.521713
0.523583
0.525460
0.527340
0.529221
0.531105
0.532992
0.534881
0.536776
0.538675
0.540578
0.542483
0.544389
0.546298
0.548208
0.550121
0.552039
0.553962
0.555888
0.557812
0.559740
0.561671
0.563604
0.565540
0.567475
0.569413
0.571354
0.573300
0.575248
0.577197
0.579145
0.581096
0.583047
0.585000
0.586956
0.588916
0.590878
0.592840
0.594801
0.596764
0.598727
0.600692
0.602660
0.604630
0.606602
0.608575
0.610547
0.612520
0.614493
0.616466
0.618441
0.620417
0.622397
0.624377
0.626358
0.628336
0.630316
0.632295
0.634275
0.636255
0.638239
0.640224
0.642209
0.644192
0.646175
0.648158
0.650140
0.652123
0.654107
0.656092
0.658078
0.660065
0.662049
0.664032
0.666015
0.667997
0.669979
0.671961
0.673946
0.675931
0.677915
0.679896
0.681877
0.683858
0.685839
0.687820
0.689798
0.691775
0.693752
0.695729
0.697707
0.699684
0.701661
0.703633
0.705606
0.707578
0.709548
0.711519
0.713487
0.715453
0.717418
0.719383
0.721347
0.723311
0.725273
0.727233
0.729190
0.731147
0.733101
0.735053
0.737003
0.738953
0.740902
0.742849
0.744795
0.746737
0.748677
0.750616
0.752551
0.754484
0.756416
0.758346
0.760274
0.762201
0.764125
0.766045
0.767963
0.769879
0.771790
0.773700
0.775607
0.777512
0.779415
0.781316
0.783211
0.785104
0.786995
0.788882
0.790766
0.792647
0.794523
0.796397
0.798267
0.800135
0.801999
0.803859
0.805717
0.807570
0.809418
0.811263
0.813105
0.814942
0.816776
0.818604
0.820428
0.822249
0.824066
0.825877
0.827685
0.829489
0.831288
0.833081
0.834870
0.836655
0.838434
0.840207
0.841977
0.843741
0.845500
0.847254
0.849003
0.850747
0.852484
0.854216
0.855943
0.857663
0.859378
0.861088
0.862791
0.864488
0.866179
0.867865
0.869546
0.871217
0.872884
0.874544
0.876196
0.877843
0.879483
0.881117
0.882742
0.884361
0.885974
0.887579
0.889176
0.890767
0.892351
0.893927
0.895495
0.897056
0.898609
0.900153
0.901690
0.903220
0.904742
0.906256
0.907761
0.909259
0.910747
0.912227
0.913699
0.915163
0.916617
0.918062
0.919498
0.920926
0.922346
0.923755
0.925156
0.926548
0.927929
0.929302
0.930665
0.932018
0.933361
0.934694
0.936018
0.937332
0.938637
0.939932
0.941216
0.942490
0.943754
0.945007
0.946250
0.947482
0.948704
0.949914
0.951113
0.952302
0.953481
0.954649
0.955806
0.956951
0.958086
0.959209
0.960320
0.961421
0.962511
0.963588
0.964653
0.965706
0.966749
0.967780
0.968800
0.969808
0.970805
0.971789
0.972761
0.973721
0.974670
0.975606
0.976531
0.977442
0.978341
0.979229
0.980104
0.980967
0.981819
0.982658
0.983486
0.984301
0.985103
0.985894
0.986672
0.987438
0.988191
0.988933
0.989662
0.990379
0.991083
0.991775
0.992456
0.993124
0.993781
0.994426
0.995059
0.995679
0.996288
0.996885
0.997471
0.998044
0.998606
0.999157
0.999696
1.000223
1.000739
1.001244
1.001738
1.002220
1.002692
1.003153
1.003603
1.004042
1.004471
1.004890
1.005298
1.005695
1.006083
1.006461
1.006828
1.007186
1.007535
1.007874
1.008203
1.008524
1.008835
1.009137
1.009431
1.009716
1.009992
1.010260
1.010520
1.010772
1.011016
1.011252
1.011481
1.011702
1.011916
1.012123
1.012323
1.012516
1.012703
1.012882
1.013056
1.013223
1.013385
1.013540
1.013690
1.013834
1.013972
1.014106
1.014234
1.014357
1.014475
1.014589
1.014698
1.014802
1.014903
1.014999
1.015091
1.015179
1.015263
1.015344
1.015421
1.015495
1.015566
1.015633
1.015697
1.015759
1.015817
1.015873
1.015926
1.015977
1.016025
1.016071
1.016114
1.016156
1.016195
1.016233
1.016268
1.016302
1.016334
1.016364
1.016393
1.016420
1.016446
1.016470
1.016493
1.016515
1.016536
1.016555
1.016574
1.016591
1.016607
1.016623
1.016637
1.016651
1.016664
1.016676
1.016687
1.016698
1.016708
1.016718
1.016727
1.016735
