0.000000
0.039512
0.064153
0.080523
0.091928
0.101166
0.109698
0.117884
0.125805
0.133533
0.141136
0.148719
0.156519
0.165136
0.174861
0.179375
0.181301
0.183147
0.184986
0.186819
0.188646
0.190466
0.192281
0.194090
0.195894
0.197692
0.199485
0.201273
0.203056
0.204834
0.206607
0.208375
0.210138
0.211897
0.213651
0.215400
0.217145
0.218885
0.220620
0.222351
0.224077
0.225799
0.227517
0.229230
0.230938
0.232642
0.234342
0.236037
0.237728
0.239415
0.241097
0.242775
0.244449
0.246118
0.247783
0.249444
0.251100
0.252753
0.254401
0.256045
0.257685
0.259320
0.260952
0.262579
0.264202
0.265821
0.267437
0.269048
0.270655
0.272257
0.273856
0.275451
0.277042
0.278629
0.280212
0.281791
0.283366
0.284937
0.286505
0.288068
0.289628
0.291183
0.292735
0.294283
0.295827
0.297368
0.298904
0.300437
0.301966
0.303491
0.305013
0.306530
0.308044
0.309555
0.311061
0.312564
0.314063
0.315559
0.317051
0.318419
0.319458
0.320490
0.321521
0.322549
0.323574
0.324598
0.325620
0.326640
0.327658
0.328674
0.329688
0.330701
0.331712
0.332720
0.333727
0.334731
0.335735
0.336736
0.337735
0.338732
0.339728
0.340722
0.341714
0.342704
0.343692
0.344678
0.345663
0.346646
0.347627
0.348606
0.349583
0.350559
0.351534
0.352506
0.353476
0.354444
0.355411
0.356377
0.357341
0.358302
0.359262
0.360220
0.361177
0.362132
0.363085
0.364036
0.364986
0.365934
0.366880
0.367825
0.368768
0.369709
0.370649
0.371587
0.372523
0.373458
0.374391
0.375322
0.376252
0.377180
0.378106
0.379032
0.379955
0.380876
0.381796
0.382714
0.383631
0.384547
0.385460
0.386372
0.387283
0.388191
0.389098
0.390004
0.390908
0.391811
0.392712
0.393611
0.394509
0.395405
0.396300
0.397193
0.398084
0.398975
0.399864
0.400751
0.401636
0.402520
0.403403
0.404283
0.405163
0.406041
0.406918
0.407793
0.408666
0.409538
0.410409
0.411278
0.412146
0.413012
0.413877
0.414740
0.415601
0.416461
0.417320
0.418177
0.419034
0.419888
0.420741
0.421593
0.422443
0.423291
0.424139
0.424985
0.425829
0.426672
0.427514
0.428354
0.429193
0.430030
0.430866
0.431701
0.432534
0.433366
0.434196
0.435025
0.435853
0.436679
0.437504
0.438327
0.439150
0.439971
0.440790
0.441608
0.442425
0.443240
0.444054
0.444867
0.445678
0.446488
0.447297
0.448104
0.448910
0.449715
0.450518
0.451320
0.452121
0.452920
0.453718
0.454515
0.455311
0.456105
0.456898
0.457689
0.458479
0.459268
0.460056
0.460842
0.461628
0.462412
0.463194
0.463975
0.464755
0.465534
0.466311
0.467087
0.467862
0.468636
0.469409
0.470180
0.470950
0.471718
0.472486
0.473252
0.474017
0.474781
0.475543
0.476304
0.477064
0.477823
0.478581
0.479337
0.480093
0.480846
0.481599
0.482350
0.483101
0.483850
0.484598
0.485345
0.486090
0.486835
0.487578
0.488319
0.489060
0.489799
0.490538
0.491275
0.492011
0.492746
0.493480
0.494212
0.494943
0.495674
0.496403
0.497130
0.497857
0.498582
0.499307
0.500030
0.500752
0.501473
0.502193
0.502912
0.503629
0.504346
0.505061
0.505775
0.506488
0.507200
0.507910
0.508620
0.509329
0.510036
0.510742
0.511448
0.512152
0.512854
0.513556
0.514257
0.514956
0.515655
0.516352
0.517048
0.517744
0.518438
0.519131
0.519823
0.520514
0.521204
0.521892
0.522580
0.523266
0.523952
0.524636
0.525320
0.526002
0.526683
0.527364
0.528043
0.528721
0.529398
0.530074
0.530748
0.531422
0.532095
0.532767
0.533437
0.534107
0.534776
0.535443
0.536110
0.536775
0.537440
0.538103
0.538765
0.539427
0.540087
0.540746
0.541405
0.542062
0.542718
0.543374
0.544028
0.544681
0.545334
0.545985
0.546635
0.547284
0.547932
0.548579
0.549226
0.549871
0.550515
0.551158
0.551800
0.552442
0.553082
0.553721
0.554360
0.554997
0.555633
0.556269
0.556903
0.557537
0.558169
0.558801
0.559431
0.560061
0.560690
0.561317
0.561944
0.562570
0.563195
0.563818
0.564441
0.565063
0.565684
0.566304
0.566923
0.567542
0.568159
0.568775
0.569390
0.570005
0.570618
0.571231
0.571842
0.572453
0.573063
0.573671
0.574279
0.574886
0.575492
0.576097
0.576701
0.577305
0.577907
0.578509
0.579109
0.579709
0.580308
0.580905
0.581502
0.582098
0.582694
0.583288
0.583881
0.584474
0.585065
0.585656
0.586246
0.586835
0.587423
0.588010
0.588596
0.589182
0.589766
0.590350
0.590932
0.591514
0.592095
0.592675
0.593255
0.593833
0.594411
0.594987
0.595563
0.596138
0.596712
0.597285
0.597858
0.598429
0.599000
0.599570
0.600139
0.600707
0.601274
0.601841
0.602406
0.602971
0.603535
0.604098
0.604660
0.605222
0.605782
0.606342
0.606901
0.607459
0.608016
0.608573
0.609128
0.609683
0.610237
0.610790
0.611342
0.611894
0.612445
0.612995
0.613544
0.614092
0.614639
0.615186
0.615732
0.616277
0.616821
0.617364
0.617907
0.618448
0.618989
0.619530
0.620069
0.620607
0.621145
0.621682
0.622218
0.622754
0.623288
0.623822
0.624355
0.624888
0.625419
0.625950
0.626480
0.627009
0.627537
0.628065
0.628592
0.629118
0.629643
0.630168
0.630692
0.631215
0.631737
0.632259
0.632779
0.633299
0.633819
0.634337
0.634855
0.635372
0.635888
0.636404
0.636919
0.637433
0.637946
0.638458
0.638970
0.639481
0.639992
0.640501
0.641010
0.641518
0.642026
0.642532
0.643038
0.643543
0.644048
0.644551
0.645054
0.645557
0.646058
0.646559
0.647059
0.647559
0.648058
0.648555
0.649053
0.649549
0.650045
0.650540
0.651035
0.651529
0.652022
0.652514
0.653006
0.653497
0.653987
0.654477
0.654966
0.655454
0.655941
0.656428
0.656914
0.657400
0.657884
0.658369
0.658852
0.659335
0.659817
0.660298
0.660779
0.661259
0.661738
0.662217
0.662695
0.663173
0.663649
0.664125
0.664601
0.665076
0.665550
0.666023
0.666496
0.666968
0.667439
0.667910
0.668381
0.668850
