0.000000
0.136698
0.229039
0.299138
0.356497
0.405713
0.449492
0.489396
0.526407
0.561174
0.594128
0.625565
0.655710
0.684754
0.712855
0.740124
0.766646
0.792506
0.817778
0.842534
0.866827
0.890714
0.914248
0.937498
0.960533
0.983454
1.000486
1.023145
1.046958
1.068929
1.087516
1.104618
1.121377
1.137974
1.154399
1.170637
1.186664
1.202456
1.217990
1.233238
1.248170
1.262759
1.276973
1.290782
1.304158
1.317069
1.329491
1.341399
1.352770
1.363588
1.373838
1.383510
1.392600
1.401106
1.409031
1.416384
1.423177
1.429425
1.435147
1.440364
1.445102
1.449384
1.453240
1.456696
1.459781
1.462524
1.464952
1.467093
1.468974
1.470620
1.472054
1.473299
1.474376
1.475304
1.476101
1.476783
1.477364
1.477858
1.478276
1.478629
1.478926
1.479175
1.479383
1.479556
1.479700
1.479819
1.479918
1.479999
1.480065
1.480120
1.480164
1.480201
1.480230
1.480254
1.480273
1.480289
1.480301
1.480311
1.480319
1.480325
1.480331
1.480335
1.480338
1.480340
1.480342
1.480344
1.480345
1.480346
1.480347
1.480347
1.480348
1.480348
1.480349
1.480349
1.480349
1.480349
1.480349
1.480349
1.480349
1.480349
1.480349
1.480349
1.480349
1.480349
1.480349
1.480349
1.480349
1.480350
1.480350
1.480350
1.480350
1.480350
1.480350
1.480350
1.480350
1.480350
1.480350
1.480350
1.480350
1.480350
1.480350
1.480350
1.480350
1.480350
1.480350
1.480350
1.480350
1.480350
1.480350
1.480350
1.480350
1.480350
1.480350
1.480350
1.480350
1.480350
1.480350
1.480350
1.480350
1.480350
1.480350
1.480350
1.480350
1.480350
1.480350
1.480350
1.480350
1.480350
1.480350
1.480350
1.480350
1.480350
1.480350
1.480350
1.480350
1.480350
1.480350
1.480350
1.480350
1.480350
1.480350
1.480350
1.480350
1.480350
1.480350
1.480350
1.480350
1.480350
1.480350
1.480350
1.480350
1.480350
1.480350
1.480350
1.480350
1.480350
1.480350
1.480350
1.480350
1.480350
1.480350
1.480350
1.480350
1.480350
1.480350
1.480350
1.480350
1.480350
1.480350
1.480350
1.480350
1.480350
1.480350
1.480350
1.480350
1.480350
1.480350
1.480350
1.480350
1.480350
1.480350
1.480350
1.480350
1.480350
1.480350
1.480350
1.480350
1.480350
1.480350
1.480350
1.480350
1.480350
1.480350
1.480350
1.480350
1.480350
1.480350
1.480350
1.480350
1.480350
1.480350
1.480350
1.480350
1.480350
1.480350
1.480350
1.480350
1.480350
1.480350
1.480350
1.480350
1.480350
1.480350
1.480350
1.480350
1.480350
1.480350
1.480350
1.480350
1.480350
1.480350
1.480350
1.480350
1.480350
1.480350
1.480350
1.480350
1.480350
1.480350
1.480350
1.480350
1.480350
1.480350
1.480350
1.480350
1.480350
1.480350
1.480350
1.480350
1.480350
1.480350
1.480350
1.480350
1.480350
1.480350
1.480350
1.480350
1.480350
1.480350
1.480350
1.480350
1.480350
1.480350
1.480350
1.480350
1.480350
1.480350
1.480350
1.480350
1.480350
1.480350
1.480350
1.480350
1.480350
1.480350
1.480350
1.480350
1.480350
1.480350
1.480350
1.480350
1.480350
1.480350
1.480350
1.480350
1.480350
1.480350
1.480350
1.480350
1.480350
1.480350
1.480350
1.480350
1.480350
1.480350
1.480350
1.480350
1.480350
1.480350
1.480350
1.480350
1.480350
1.480350
1.480350
1.480350
1.480350
1.480350
1.480350
1.480350
1.480350
1.480350
1.480350
1.480350
1.480350
1.480350
1.480350
1.480350
1.480350
1.480350
1.480350
1.480350
1.480350
1.480350
1.480350
1.480350
1.480350
1.480350
1.480350
1.480350
1.480350
1.480350
1.480350
1.480350
1.480350
1.480350
1.480350
1.480350
1.480350
1.480350
1.480350
1.480350
1.480350
1.480350
1.480350
1.480350
1.480350
1.480350
1.480350
1.480350
1.480350
1.480350
1.480350
1.480350
1.480350
1.480350
1.480350
1.480350
1.480350
1.480350
1.480350
1.480350
1.480350
1.480350
1.480350
1.480350
1.480350
1.480350
1.480350
1.480350
1.480350
1.480350
1.480350
1.480350
1.480350
1.480350
1.480350
1.480350
1.480350
1.480350
1.480350
1.480350
1.480350
1.480350
1.480350
1.480350
1.480350
1.480350
1.480350
1.480350
1.480350
1.480350
1.480350
1.480350
1.480350
1.480350
1.480350
1.480350
1.480350
1.480350
1.480350
1.480350
1.480350
1.480350
1.480350
1.480350
1.480350
1.480350
1.480350
1.480350
1.480350
1.480350
1.480350
1.480350
1.480350
1.480350
1.480350
1.480350
1.480350
1.480350
1.480350
1.480350
1.480350
1.480350
1.480350
1.480350
1.480350
1.480350
1.480350
1.480350
1.480350
1.480350
1.480350
1.480350
1.480350
1.480350
1.480350
1.480350
1.480350
1.480350
1.480350
1.480350
1.480350
1.480350
1.480350
1.480350
1.480350
1.480350
1.480350
1.480350
1.480350
1.480350
1.480350
1.480350
1.480350
1.480350
1.480350
1.480350
1.480350
1.480350
1.480350
1.480350
1.480350
1.480350
1.480350
1.480350
1.480350
1.480350
1.480350
1.480350
1.480350
1.480350
1.480350
1.480350
1.480350
1.480350
1.480350
1.480350
1.480350
1.480350
1.480350
1.480350
1.480350
1.480350
1.480350
1.480350
1.480350
1.480350
1.480350
1.480350
1.480350
1.480350
1.480350
1.480350
1.480350
1.480350
1.480350
1.480350
1.480350
1.480350
1.480350
1.480350
1.480350
1.480350
1.480350
1.480350
1.480350
1.480350
1.480350
1.480350
1.480350
1.480350
1.480350
1.480350
1.480350
1.480350
1.480350
1.480350
1.480350
1.480350
1.480350
1.480350
1.480350
1.480350
1.480350
1.480350
1.480350
1.480350
1.480350
1.480350
1.480350
1.480350
1.480350
1.480350
1.480350
1.480350
1.480350
1.480350
1.480350
1.480350
1.480350
1.480350
1.480350
1.480350
1.480350
1.480350
1.480350
1.480350
1.480350
1.480350
1.480350
1.480350
1.480350
1.480350
1.480350
1.480350
1.480350
1.480350
1.480350
1.480350
1.480350
1.480350
1.480350
1.480350
1.480350
1.480350
1.480350
1.480350
1.480350
1.480350
