0.000000
0.038792
0.061864
0.076916
0.087657
0.096807
0.105400
0.113648
0.121629
0.129416
0.137077
0.144719
0.152575
0.161246
0.171019
0.175621
0.177609
0.179514
0.181412
0.183303
0.185188
0.187066
0.188937
0.190803
0.192662
0.194516
0.196364
0.198206
0.200042
0.201874
0.203700
0.205520
0.207336
0.209146
0.210951
0.212751
0.214546
0.216336
0.218121
0.219901
0.221677
0.223447
0.225212
0.226973
0.228729
0.230480
0.232226
0.233968
0.235704
0.237437
0.239164
0.240887
0.242605
0.244319
0.246028
0.247732
0.249432
0.251127
0.252818
0.254504
0.256186
0.257863
0.259536
0.261204
0.262868
0.264528
0.266184
0.267834
0.269481
0.271123
0.272762
0.274395
0.276025
0.277650
0.279271
0.280888
0.282500
0.284109
0.285713
0.287313
0.288910
0.290501
0.292089
0.293673
0.295252
0.296827
0.298400
0.299967
0.301531
0.303090
0.304646
0.306197
0.307745
0.309289
0.310829
0.312365
0.313897
0.315425
0.316950
0.318356
0.319428
0.320493
0.321555
0.322616
0.323674
0.324729
0.325783
0.326835
0.327884
0.328931
0.329976
0.331020
0.332061
0.333099
0.334136
0.335171
0.336204
0.337235
0.338263
0.339290
0.340315
0.341338
0.342358
0.343377
0.344394
0.345409
0.346422
0.347433
0.348442
0.349449
0.350454
0.351457
0.352458
0.353458
0.354455
0.355451
0.356444
0.357436
0.358426
0.359414
0.360400
0.361384
0.362366
0.363347
0.364326
0.365303
0.366278
0.367251
0.368222
0.369192
0.370160
0.371126
0.372090
0.373052
0.374013
0.374972
0.375929
0.376884
0.377837
0.378789
0.379739
0.380688
0.381634
0.382579
0.383521
0.384463
0.385403
0.386341
0.387277
0.388211
0.389144
0.390075
0.391005
0.391932
0.392858
0.393782
0.394705
0.395626
0.396545
0.397463
0.398379
0.399293
0.400206
0.401117
0.402027
0.402935
0.403841
0.404745
0.405648
0.406549
0.407449
0.408347
0.409244
0.410139
0.411032
0.411923
0.412814
0.413703
0.414590
0.415475
0.416359
0.417241
0.418122
0.419001
0.419879
0.420755
0.421630
0.422502
0.423374
0.424244
0.425112
0.425980
0.426845
0.427709
0.428571
0.429432
0.430291
0.431149
0.432006
0.432861
0.433715
0.434566
0.435417
0.436266
0.437113
0.437959
0.438804
0.439647
0.440489
0.441329
0.442168
0.443005
0.443841
0.444676
0.445509
0.446341
0.447171
0.448000
0.448827
0.449653
0.450478
0.451301
0.452123
0.452943
0.453762
0.454580
0.455396
0.456210
0.457024
0.457836
0.458646
0.459456
0.460264
0.461071
0.461876
0.462679
0.463482
0.464283
0.465083
0.465881
0.466679
0.467475
0.468269
0.469062
0.469854
0.470644
0.471433
0.472221
0.473007
0.473793
0.474577
0.475359
0.476140
0.476920
0.477698
0.478476
0.479252
0.480027
0.480800
0.481573
0.482344
0.483113
0.483881
0.484648
0.485414
0.486178
0.486942
0.487704
0.488465
0.489224
0.489983
0.490739
0.491495
0.492249
0.493003
0.493755
0.494505
0.495255
0.496004
0.496751
0.497497
0.498241
0.498985
0.499727
0.500468
0.501207
0.501946
0.502684
0.503420
0.504155
0.504889
0.505621
0.506353
0.507083
0.507811
0.508539
0.509266
0.509991
0.510716
0.511439
0.512161
0.512882
0.513601
0.514319
0.515037
0.515753
0.516468
0.517181
0.517894
0.518606
0.519316
0.520025
0.520733
0.521440
0.522146
0.522851
0.523554
0.524256
0.524958
0.525658
0.526357
0.527055
0.527752
0.528448
0.529142
0.529835
0.530528
0.531219
0.531909
0.532598
0.533286
0.533972
0.534658
0.535343
0.536026
0.536709
0.537390
0.538070
0.538749
0.539427
0.540104
0.540780
0.541455
0.542129
0.542802
0.543474
0.544144
0.544814
0.545482
0.546150
0.546816
0.547481
0.548146
0.548809
0.549471
0.550132
0.550793
0.551452
0.552110
0.552767
0.553423
0.554077
0.554731
0.555384
0.556036
0.556687
0.557336
0.557985
0.558633
0.559280
0.559926
0.560570
0.561214
0.561857
0.562498
0.563139
0.563778
0.564417
0.565055
0.565692
0.566327
0.566962
0.567596
0.568229
0.568861
0.569491
0.570121
0.570750
0.571378
0.572005
0.572630
0.573255
0.573879
0.574502
0.575124
0.575745
0.576365
0.576985
0.577603
0.578220
0.578836
0.579451
0.580066
0.580679
0.581291
0.581903
0.582513
0.583123
0.583732
0.584340
0.584947
0.585553
0.586158
0.586762
0.587365
0.587967
0.588568
0.589168
0.589768
0.590366
0.590964
0.591560
0.592156
0.592751
0.593344
0.593937
0.594529
0.595120
0.595711
0.596300
0.596888
0.597476
0.598062
0.598648
0.599233
0.599817
0.600400
0.600982
0.601563
0.602144
0.602723
0.603302
0.603880
0.604457
0.605033
0.605608
0.606182
0.606755
0.607328
0.607900
0.608470
0.609040
0.609609
0.610177
0.610745
0.611311
0.611877
0.612442
0.613006
0.613569
0.614131
0.614692
0.615253
0.615812
0.616371
0.616929
0.617486
0.618043
0.618598
0.619153
0.619707
0.620259
0.620812
0.621363
0.621913
0.622463
0.623012
0.623560
0.624107
0.624653
0.625199
0.625744
0.626288
0.626831
0.627373
0.627914
0.628455
0.628995
0.629534
0.630072
0.630610
0.631146
0.631682
0.632217
0.632751
0.633285
0.633818
0.634350
0.634881
0.635411
0.635940
0.636469
0.636997
0.637524
0.638050
0.638576
0.639101
0.639625
0.640148
0.640670
0.641192
0.641713
0.642233
0.642752
0.643270
0.643788
0.644305
0.644821
0.645337
0.645852
0.646365
0.646879
0.647391
0.647903
0.648414
0.648924
0.649434
0.649942
0.650450
0.650958
0.651464
0.651970
0.652475
0.652979
0.653482
0.653985
0.654487
0.654989
0.655489
0.655989
0.656488
0.656987
0.657484
0.657981
0.658477
0.658973
0.659468
0.659962
0.660455
0.660948
0.661440
0.661931
0.662421
0.662911
0.663400
0.663888
0.664376
0.664863
0.665349
0.665835
0.666319
0.666804
0.667287
0.667770
0.668252
0.668733
0.669214
0.669694
0.670173
0.670652
0.671130
0.671607
0.672083
0.672559
0.673034
0.673509
0.673983
0.674456
0.674928
