0.000000
0.045067
0.072293
0.090058
0.101685
0.110357
0.118171
0.125980
0.134348
0.144536
0.150267
0.152236
0.154144
0.156045
0.157938
0.159825
0.161705
0.163579
0.165447
0.167308
0.169164
0.171014
0.172859
0.174698
0.176531
0.178360
0.180183
0.182001
0.183814
0.185621
0.187424
0.189222
0.191015
0.192803
0.194586
0.196364
0.198138
0.199907
0.201670
0.203430
0.205184
0.206934
0.208679
0.210420
0.212156
0.213887
0.215614
0.217336
0.219053
0.220767
0.222475
0.224179
0.225879
0.227574
0.229265
0.230951
0.232633
0.234311
0.235984
0.237653
0.239318
0.240978
0.242634
0.244286
0.245933
0.247576
0.249216
0.250851
0.252481
0.254108
0.255730
0.257349
0.258963
0.260573
0.262178
0.263780
0.265378
0.266972
0.268562
0.270148
0.271729
0.273307
0.274881
0.276451
0.278017
0.279579
0.281136
0.282690
0.284241
0.285788
0.287330
0.288869
0.290404
0.291935
0.293463
0.294986
0.296506
0.298022
0.299535
0.300948
0.302003
0.303047
0.304088
0.305127
0.306164
0.307200
0.308233
0.309263
0.310292
0.311319
0.312345
0.313367
0.314388
0.315407
0.316425
0.317440
0.318453
0.319464
0.320473
0.321481
0.322486
0.323489
0.324491
0.325491
0.326489
0.327485
0.328479
0.329471
0.330461
0.331450
0.332437
0.333421
0.334404
0.335386
0.336365
0.337343
0.338318
0.339292
0.340264
0.341235
0.342203
0.343170
0.344135
0.345098
0.346060
0.347019
0.347977
0.348933
0.349887
0.350840
0.351791
0.352740
0.353688
0.354633
0.355578
0.356520
0.357461
0.358400
0.359337
0.360272
0.361206
0.362139
0.363070
0.363998
0.364925
0.365851
0.366775
0.367697
0.368618
0.369537
0.370454
0.371370
0.372284
0.373197
0.374108
0.375017
0.375925
0.376831
0.377735
0.378638
0.379539
0.380439
0.381337
0.382234
0.383129
0.384022
0.384914
0.385804
0.386693
0.387581
0.388466
0.389350
0.390233
0.391114
0.391994
0.392872
0.393748
0.394623
0.395497
0.396369
0.397239
0.398108
0.398976
0.399842
0.400707
0.401569
0.402431
0.403291
0.404150
0.405007
0.405863
0.406717
0.407570
0.408421
0.409271
0.410119
0.410966
0.411812
0.412656
0.413499
0.414340
0.415180
0.416018
0.416855
0.417691
0.418525
0.419358
0.420189
0.421019
0.421848
0.422675
0.423501
0.424325
0.425148
0.425970
0.426791
0.427610
0.428427
0.429243
0.430058
0.430871
0.431683
0.432494
0.433304
0.434112
0.434919
0.435724
0.436528
0.437331
0.438132
0.438932
0.439731
0.440529
0.441325
0.442120
0.442913
0.443706
0.444496
0.445286
0.446074
0.446862
0.447648
0.448432
0.449215
0.449997
0.450778
0.451557
0.452335
0.453112
0.453887
0.454662
0.455435
0.456207
0.456977
0.457746
0.458514
0.459281
0.460047
0.460811
0.461574
0.462336
0.463097
0.463856
0.464614
0.465371
0.466127
0.466881
0.467634
0.468387
0.469138
0.469887
0.470636
0.471383
0.472129
0.472874
0.473618
0.474360
0.475101
0.475841
0.476580
0.477318
0.478055
0.478790
0.479524
0.480257
0.480989
0.481720
0.482449
0.483178
0.483905
0.484631
0.485356
0.486080
0.486803
0.487524
0.488245
0.488964
0.489682
0.490399
0.491115
0.491829
0.492543
0.493256
0.493967
0.494677
0.495387
0.496094
0.496801
0.497507
0.498212
0.498915
0.499617
0.500319
0.501019
0.501718
0.502416
0.503113
0.503809
0.504504
0.505198
0.505890
0.506582
0.507272
0.507962
0.508650
0.509337
0.510023
0.510708
0.511392
0.512076
0.512757
0.513438
0.514118
0.514797
0.515475
0.516151
0.516827
0.517501
0.518175
0.518847
0.519519
0.520189
0.520859
0.521527
0.522194
0.522861
0.523526
0.524190
0.524853
0.525515
0.526176
0.526836
0.527496
0.528154
0.528811
0.529467
0.530122
0.530776
0.531429
0.532081
0.532732
0.533382
0.534031
0.534679
0.535327
0.535973
0.536618
0.537262
0.537905
0.538547
0.539189
0.539829
0.540468
0.541106
0.541744
0.542380
0.543015
0.543650
0.544283
0.544916
0.545547
0.546178
0.546807
0.547436
0.548063
0.548690
0.549316
0.549941
0.550565
0.551187
0.551809
0.552430
0.553051
0.553670
0.554288
0.554905
0.555522
0.556137
0.556752
0.557366
0.557978
0.558590
0.559201
0.559810
0.560419
0.561027
0.561634
0.562241
0.562846
0.563450
0.564054
0.564656
0.565258
0.565859
0.566459
0.567058
0.567656
0.568253
0.568849
0.569445
0.570039
0.570633
0.571226
0.571817
0.572408
0.572998
0.573588
0.574176
0.574764
0.575350
0.575936
0.576521
0.577105
0.577688
0.578270
0.578851
0.579432
0.580012
0.580590
0.581168
0.581745
0.582321
0.582897
0.583471
0.584045
0.584617
0.585189
0.585760
0.586331
0.586900
0.587468
0.588036
0.588603
0.589169
0.589734
0.590298
0.590862
0.591424
0.591986
0.592547
0.593108
0.593667
0.594225
0.594783
0.595340
0.595896
0.596451
0.597005
0.597559
0.598112
0.598664
0.599215
0.599765
0.600315
0.600864
0.601411
0.601959
0.602505
0.603051
0.603595
0.604139
0.604682
0.605225
0.605767
0.606307
0.606847
0.607386
0.607925
0.608462
0.608999
0.609535
0.610070
0.610605
0.611138
0.611671
0.612203
0.612735
0.613265
0.613795
0.614324
0.614852
0.615380
0.615907
0.616433
0.616958
0.617482
0.618006
0.618529
0.619051
0.619572
0.620093
0.620613
0.621132
0.621650
0.622168
0.622684
0.623201
0.623716
0.624231
0.624744
0.625258
0.625770
0.626282
0.626793
0.627303
0.627813
0.628321
0.628829
0.629336
0.629843
0.630348
0.630853
0.631358
0.631861
0.632364
0.632866
0.633368
0.633868
0.634369
0.634868
0.635366
0.635864
0.636361
0.636858
0.637354
0.637849
0.638343
0.638836
0.639329
0.639821
0.640312
0.640803
0.641293
0.641782
0.642271
0.642759
0.643246
0.643732
0.644218
0.644703
0.645188
0.645671
0.646155
0.646637
0.647119
0.647600
0.648080
0.648559
0.649038
0.649516
0.649994
0.650470
0.650947
0.651422
0.651897
0.652371
0.652844
0.653317
0.653789
