0.000000
0.034855
0.056312
0.070559
0.081311
0.091179
0.100759
0.109937
0.118688
0.127059
0.135116
0.142931
0.150581
0.158141
0.165763
0.173788
0.183071
0.191176
0.194113
0.195978
0.197819
0.199653
0.201480
0.203302
0.205117
0.206927
0.208731
0.210530
0.212323
0.214112
0.215895
0.217673
0.219446
0.221214
0.222978
0.224736
0.226490
0.228239
0.229984
0.231724
0.233459
0.235190
0.236916
0.238637
0.240354
0.242067
0.243775
0.245478
0.247178
0.248872
0.250562
0.252248
0.253930
0.255607
0.257279
0.258948
0.260611
0.262271
0.263927
0.265578
0.267225
0.268867
0.270506
0.272140
0.273771
0.275396
0.277018
0.278636
0.280250
0.281859
0.283464
0.285065
0.286662
0.288256
0.289845
0.291430
0.293011
0.294588
0.296161
0.297731
0.299296
0.300857
0.302415
0.303968
0.305517
0.307063
0.308606
0.310144
0.311678
0.313208
0.314735
0.316258
0.317777
0.319292
0.320803
0.322312
0.323816
0.325315
0.326812
0.328168
0.329214
0.330255
0.331295
0.332333
0.333369
0.334402
0.335434
0.336464
0.337491
0.338517
0.339540
0.340562
0.341582
0.342600
0.343616
0.344630
0.345642
0.346652
0.347660
0.348665
0.349670
0.350673
0.351674
0.352673
0.353670
0.354665
0.355658
0.356650
0.357639
0.358627
0.359612
0.360597
0.361579
0.362560
0.363539
0.364516
0.365491
0.366464
0.367436
0.368405
0.369373
0.370339
0.371304
0.372267
0.373228
0.374188
0.375145
0.376101
0.377055
0.378007
0.378958
0.379907
0.380854
0.381799
0.382742
0.383685
0.384626
0.385565
0.386502
0.387437
0.388371
0.389303
0.390233
0.391162
0.392089
0.393015
0.393939
0.394861
0.395781
0.396700
0.397617
0.398533
0.399448
0.400360
0.401270
0.402180
0.403087
0.403994
0.404898
0.405801
0.406702
0.407602
0.408500
0.409397
0.410292
0.411185
0.412077
0.412967
0.413856
0.414743
0.415629
0.416513
0.417396
0.418277
0.419156
0.420034
0.420911
0.421786
0.422659
0.423531
0.424402
0.425271
0.426138
0.427004
0.427868
0.428731
0.429593
0.430454
0.431312
0.432169
0.433025
0.433879
0.434731
0.435583
0.436433
0.437282
0.438128
0.438974
0.439818
0.440660
0.441501
0.442341
0.443180
0.444017
0.444852
0.445687
0.446519
0.447350
0.448180
0.449008
0.449836
0.450662
0.451486
0.452309
0.453130
0.453950
0.454769
0.455586
0.456402
0.457217
0.458031
0.458843
0.459653
0.460462
0.461270
0.462076
0.462881
0.463685
0.464488
0.465289
0.466089
0.466887
0.467684
0.468480
0.469274
0.470068
0.470860
0.471650
0.472440
0.473228
0.474014
0.474800
0.475583
0.476366
0.477147
0.477928
0.478707
0.479485
0.480261
0.481036
0.481810
0.482582
0.483353
0.484123
0.484892
0.485659
0.486426
0.487191
0.487954
0.488717
0.489478
0.490237
0.490996
0.491754
0.492510
0.493265
0.494019
0.494772
0.495523
0.496273
0.497022
0.497769
0.498516
0.499261
0.500005
0.500748
0.501489
0.502230
0.502969
0.503707
0.504444
0.505180
0.505914
0.506647
0.507379
0.508110
0.508840
0.509569
0.510296
0.511023
0.511748
0.512471
0.513194
0.513916
0.514636
0.515355
0.516074
0.516791
0.517507
0.518222
0.518935
0.519647
0.520359
0.521069
0.521777
0.522485
0.523192
0.523898
0.524602
0.525306
0.526008
0.526710
0.527410
0.528109
0.528806
0.529503
0.530199
0.530893
0.531587
0.532279
0.532971
0.533661
0.534350
0.535038
0.535725
0.536411
0.537096
0.537779
0.538462
0.539144
0.539824
0.540504
0.541182
0.541860
0.542536
0.543211
0.543885
0.544558
0.545230
0.545901
0.546571
0.547240
0.547908
0.548575
0.549241
0.549906
0.550571
0.551233
0.551895
0.552556
0.553216
0.553874
0.554532
0.555189
0.555844
0.556499
0.557153
0.557806
0.558458
0.559108
0.559758
0.560407
0.561054
0.561701
0.562347
0.562992
0.563636
0.564278
0.564920
0.565561
0.566201
0.566840
0.567478
0.568116
0.568752
0.569387
0.570022
0.570655
0.571287
0.571919
0.572549
0.573179
0.573808
0.574436
0.575062
0.575688
0.576313
0.576937
0.577560
0.578183
0.578804
0.579425
0.580045
0.580663
0.581281
0.581898
0.582514
0.583129
0.583743
0.584356
0.584969
0.585580
0.586191
0.586801
0.587410
0.588018
0.588625
0.589232
0.589838
0.590442
0.591047
0.591650
0.592252
0.592853
0.593454
0.594053
0.594652
0.595250
0.595848
0.596444
0.597040
0.597635
0.598229
0.598822
0.599415
0.600007
0.600598
0.601188
0.601777
0.602366
0.602954
0.603541
0.604127
0.604712
0.605297
0.605881
0.606465
0.607047
0.607629
0.608210
0.608791
0.609371
0.609949
0.610528
0.611105
0.611682
0.612258
0.612833
0.613408
0.613982
0.614556
0.615128
0.615701
0.616272
0.616843
0.617413
0.617983
0.618552
0.619120
0.619687
0.620254
0.620821
0.621386
0.621951
0.622515
0.623079
0.623643
0.624205
0.624767
0.625329
0.625890
0.626450
0.627010
0.627569
0.628128
0.628686
0.629244
0.629801
0.630358
0.630914
0.631470
0.632025
0.632579
0.633133
0.633687
0.634240
0.634793
0.635345
0.635897
0.636448
0.636999
0.637550
0.638101
0.638650
0.639199
0.639748
0.640297
0.640845
0.641393
0.641940
0.642487
0.643034
0.643581
0.644127
0.644672
0.645218
0.645763
0.646307
0.646852
0.647396
0.647940
0.648484
0.649028
0.649571
0.650114
0.650657
0.651200
0.651742
0.652284
0.652826
0.653368
0.653909
0.654451
0.654992
0.655533
0.656074
0.656615
0.657156
0.657696
0.658237
0.658777
0.659318
0.659859
0.660399
0.660940
0.661480
0.662021
0.662561
0.663102
0.663642
0.664182
0.664722
0.665263
0.665804
0.666344
0.666885
0.667426
0.667967
0.668508
0.669049
0.669590
0.670131
0.670673
0.671214
0.671756
0.672299
0.672841
0.673384
0.673927
0.674471
0.675014
0.675558
0.676102
0.676646
0.677191
0.677735
0.678281
0.678826
0.679372
0.679919
0.680466
0.681013
0.681560
0.682108
0.682656
0.683205
0.683754
0.684303
0.684853
