0.000000
0.031247
0.049503
0.061999
0.072953
0.083849
0.094368
0.104326
0.113747
0.122699
0.131245
0.139452
0.147390
0.155136
0.162766
0.170390
0.178268
0.187059
0.196349
0.200901
0.202948
0.204848
0.206740
0.208626
0.210504
0.212377
0.214242
0.216102
0.217956
0.219804
0.221646
0.223483
0.225314
0.227140
0.228960
0.230775
0.232585
0.234390
0.236189
0.237984
0.239773
0.241557
0.243336
0.245110
0.246879
0.248644
0.250403
0.252158
0.253907
0.255652
0.257392
0.259127
0.260857
0.262583
0.264303
0.266020
0.267731
0.269438
0.271140
0.272837
0.274530
0.276218
0.277902
0.279581
0.281256
0.282926
0.284591
0.286253
0.287909
0.289562
0.291209
0.292853
0.294492
0.296127
0.297757
0.299383
0.301005
0.302622
0.304235
0.305844
0.307449
0.309049
0.310646
0.312238
0.313825
0.315409
0.316988
0.318564
0.320136
0.321703
0.323266
0.324825
0.326380
0.327932
0.329479
0.331022
0.332561
0.334096
0.335627
0.337009
0.338092
0.339172
0.340249
0.341324
0.342396
0.343466
0.344535
0.345601
0.346664
0.347726
0.348786
0.349842
0.350897
0.351950
0.353001
0.354049
0.355095
0.356140
0.357182
0.358222
0.359260
0.360296
0.361330
0.362362
0.363391
0.364419
0.365445
0.366468
0.367490
0.368509
0.369527
0.370542
0.371555
0.372566
0.373576
0.374584
0.375590
0.376594
0.377595
0.378595
0.379593
0.380589
0.381583
0.382574
0.383564
0.384553
0.385540
0.386525
0.387507
0.388488
0.389467
0.390443
0.391418
0.392391
0.393362
0.394332
0.395300
0.396267
0.397231
0.398193
0.399153
0.400112
0.401069
0.402024
0.402977
0.403928
0.404877
0.405825
0.406772
0.407717
0.408659
0.409600
0.410539
0.411476
0.412412
0.413346
0.414278
0.415209
0.416138
0.417064
0.417989
0.418913
0.419835
0.420756
0.421674
0.422591
0.423506
0.424419
0.425332
0.426242
0.427150
0.428057
0.428962
0.429865
0.430768
0.431668
0.432567
0.433464
0.434359
0.435252
0.436145
0.437036
0.437925
0.438812
0.439697
0.440581
0.441464
0.442345
0.443225
0.444102
0.444978
0.445853
0.446726
0.447598
0.448468
0.449337
0.450204
0.451069
0.451932
0.452794
0.453655
0.454515
0.455373
0.456229
0.457083
0.457936
0.458788
0.459638
0.460487
0.461335
0.462180
0.463025
0.463867
0.464708
0.465548
0.466386
0.467223
0.468059
0.468893
0.469725
0.470556
0.471385
0.472214
0.473041
0.473866
0.474690
0.475512
0.476333
0.477152
0.477971
0.478788
0.479603
0.480417
0.481230
0.482041
0.482850
0.483658
0.484465
0.485271
0.486076
0.486879
0.487680
0.488480
0.489279
0.490076
0.490872
0.491666
0.492460
0.493252
0.494043
0.494832
0.495619
0.496406
0.497191
0.497975
0.498758
0.499540
0.500319
0.501098
0.501875
0.502651
0.503426
0.504199
0.504972
0.505743
0.506513
0.507281
0.508048
0.508813
0.509577
0.510340
0.511102
0.511863
0.512623
0.513381
0.514138
0.514893
0.515648
0.516401
0.517153
0.517903
0.518652
0.519400
0.520147
0.520893
0.521638
0.522382
0.523123
0.523864
0.524604
0.525342
0.526079
0.526815
0.527550
0.528284
0.529017
0.529748
0.530478
0.531207
0.531935
0.532661
0.533386
0.534111
0.534834
0.535556
0.536277
0.536997
0.537716
0.538433
0.539149
0.539864
0.540578
0.541291
0.542002
0.542713
0.543423
0.544131
0.544838
0.545545
0.546250
0.546954
0.547657
0.548358
0.549059
0.549758
0.550457
0.551154
0.551851
0.552547
0.553241
0.553934
0.554626
0.555318
0.556008
0.556696
0.557384
0.558071
0.558757
0.559442
0.560127
0.560810
0.561492
0.562172
0.562852
0.563531
0.564209
0.564885
0.565561
0.566236
0.566911
0.567584
0.568256
0.568927
0.569597
0.570267
0.570935
0.571602
0.572268
0.572933
0.573597
0.574261
0.574924
0.575586
0.576247
0.576907
0.577566
0.578224
0.578881
0.579537
0.580193
0.580847
0.581501
0.582154
0.582806
0.583457
0.584108
0.584758
0.585406
0.586054
0.586701
0.587347
0.587993
0.588637
0.589281
0.589924
0.590567
0.591209
0.591850
0.592490
0.593129
0.593768
0.594406
0.595043
0.595679
0.596314
0.596949
0.597583
0.598217
0.598850
0.599482
0.600114
0.600745
0.601375
0.602004
0.602633
0.603262
0.603889
0.604516
0.605142
0.605768
0.606393
0.607018
0.607643
0.608266
0.608890
0.609512
0.610134
0.610755
0.611376
0.611996
0.612616
0.613235
0.613854
0.614473
0.615091
0.615709
0.616326
0.616943
0.617560
0.618176
0.618791
0.619406
0.620021
0.620635
0.621249
0.621862
0.622476
0.623089
0.623702
0.624315
0.624927
0.625539
0.626150
0.626762
0.627373
0.627984
0.628595
0.629205
0.629816
0.630426
0.631035
0.631645
0.632255
0.632864
0.633474
0.634084
0.634693
0.635303
0.635912
0.636522
0.637131
0.637740
0.638349
0.638958
0.639568
0.640177
0.640786
0.641396
0.642005
0.642615
0.643224
0.643834
0.644444
0.645054
0.645665
0.646276
0.646887
0.647498
0.648110
0.648721
0.649333
0.649944
0.650557
0.651170
0.651783
0.652396
0.653010
0.653624
0.654238
0.654853
0.655468
0.656084
0.656700
0.657317
0.657935
0.658553
0.659172
0.659791
0.660411
0.661031
0.661651
0.662272
0.662894
0.663517
0.664139
0.664763
0.665387
0.666012
0.666639
0.667266
0.667894
0.668523
0.669153
0.669783
0.670414
0.671046
0.671678
0.672311
0.672946
0.673581
0.674216
0.674853
0.675491
0.676130
0.676771
0.677413
0.678056
0.678700
0.679345
0.679991
0.680637
0.681285
0.681934
0.682583
0.683235
0.683886
0.684539
0.685194
0.685849
0.686506
0.687166
0.687826
0.688488
0.689151
0.689815
0.690480
0.691147
0.691815
0.692484
0.693154
0.693827
0.694500
0.695176
0.695852
0.696530
0.697209
0.697890
0.698572
0.699255
0.699940
0.700627
0.701316
0.702007
0.702700
0.703394
0.704089
0.704786
0.705484
0.706184
0.706885
0.707588
0.708293
0.708999
0.709708
0.710418
0.711130
0.711843
0.712558
0.713274
