0.000000
0.023086
0.081812
0.127057
0.163619
0.194320
0.220865
0.244311
0.265377
0.284541
0.302128
0.318399
0.333554
0.347776
0.361179
0.373867
0.385931
0.397461
0.408532
0.419208
0.429552
0.439628
0.449512
0.459282
0.469047
0.479009
0.489651
0.500976
0.509718
0.515049
0.519448
0.523777
0.528108
0.532445
0.536785
0.541130
0.545479
0.549829
0.554183
0.558538
0.562895
0.567254
0.571612
0.575970
0.580326
0.584686
0.589040
0.593395
0.597746
0.602097
0.606443
0.610786
0.615126
0.619461
0.623792
0.628116
0.632434
0.636752
0.641059
0.645361
0.649654
0.653942
0.658221
0.662492
0.666754
0.671007
0.675252
0.679486
0.683710
0.687924
0.692128
0.696318
0.700499
0.704666
0.708821
0.712964
0.717093
0.721207
0.725309
0.729397
0.733469
0.737526
0.741568
0.745594
0.749603
0.753596
0.757572
0.761530
0.765470
0.769391
0.773294
0.777179
0.781043
0.784887
0.788711
0.792514
0.796297
0.800056
0.803794
0.806727
0.810018
0.813557
0.817110
0.820651
0.824175
0.827682
0.831172
0.834642
0.838090
0.841518
0.844924
0.848306
0.851665
0.855001
0.858310
0.861593
0.864849
0.868080
0.871281
0.874453
0.877596
0.880709
0.883790
0.886839
0.889855
0.892838
0.895786
0.898699
0.901575
0.904415
0.907216
0.909978
0.912701
0.915382
0.918022
0.920619
0.923171
0.925679
0.928142
0.930558
0.932926
0.935246
0.937516
0.939736
0.941905
0.944022
0.946087
0.948098
0.950055
0.951959
0.953807
0.955600
0.957337
0.959018
0.960644
0.962213
0.963726
0.965184
0.966585
0.967932
0.969224
0.970461
0.971645
0.972775
0.973854
0.974881
0.975859
0.976787
0.977667
0.978501
0.979289
0.980033
0.980734
0.981395
0.982015
0.982598
0.983143
0.983653
0.984130
0.984574
0.984988
0.985373
0.985730
0.986061
0.986367
0.986650
0.986910
0.987151
0.987372
0.987574
0.987760
0.987931
0.988086
0.988228
0.988357
0.988475
0.988582
0.988679
0.988767
0.988846
0.988918
0.988982
0.989040
0.989093
0.989140
0.989182
0.989219
0.989253
0.989283
0.989310
0.989334
0.989355
0.989374
0.989390
0.989405
0.989418
0.989430
0.989440
0.989449
0.989457
0.989464
0.989470
0.989475
0.989480
0.989484
0.989487
0.989490
0.989493
0.989495
0.989497
0.989499
0.989500
0.989502
0.989503
0.989504
0.989505
0.989505
0.989506
0.989507
0.989507
0.989507
0.989508
0.989508
0.989508
0.989509
0.989509
0.989509
0.989509
0.989509
0.989509
0.989509
0.989509
0.989509
0.989509
0.989509
0.989509
0.989510
0.989510
0.989510
0.989510
0.989510
0.989510
0.989510
0.989510
0.989510
0.989510
0.989510
0.989510
0.989510
0.989510
0.989510
0.989510
0.989510
0.989510
0.989510
0.989510
0.989510
0.989510
0.989510
0.989510
0.989510
0.989510
0.989510
0.989510
0.989510
0.989510
0.989510
0.989510
0.989510
0.989510
0.989510
0.989510
0.989510
0.989510
0.989510
0.989510
0.989510
0.989510
0.989510
0.989510
0.989510
0.989510
0.989510
0.989510
0.989510
0.989510
0.989510
0.989510
0.989510
0.989510
0.989510
0.989510
0.989510
0.989510
0.989510
0.989510
0.989510
0.989510
0.989510
0.989510
0.989510
0.989510
0.989510
0.989510
0.989510
0.989510
0.989510
0.989510
0.989510
0.989510
0.989510
0.989510
0.989510
0.989510
0.989510
0.989510
0.989510
0.989510
0.989510
0.989510
0.989510
0.989510
0.989510
0.989510
0.989510
0.989510
0.989510
0.989510
0.989510
0.989510
0.989510
0.989510
0.989510
0.989510
0.989510
0.989510
0.989510
0.989510
0.989510
0.989510
0.989510
0.989510
0.989510
0.989510
0.989510
0.989510
0.989510
0.989510
0.989510
0.989510
0.989510
0.989510
0.989510
0.989510
0.989510
0.989510
0.989510
0.989510
0.989510
0.989510
0.989510
0.989510
0.989510
0.989510
0.989510
0.989510
0.989510
0.989510
0.989510
0.989510
0.989510
0.989510
0.989510
0.989510
0.989510
0.989510
0.989510
0.989510
0.989510
0.989510
0.989510
0.989510
0.989510
0.989510
0.989510
0.989510
0.989510
0.989510
0.989510
0.989510
0.989510
0.989510
0.989510
0.989510
0.989510
0.989510
0.989510
0.989510
0.989510
0.989510
0.989510
0.989510
0.989510
0.989510
0.989510
0.989510
0.989510
0.989510
0.989510
0.989510
0.989510
0.989510
0.989510
0.989510
0.989510
0.989510
0.989510
0.989510
0.989510
0.989510
0.989510
0.989510
0.989510
0.989510
0.989510
0.989510
0.989510
0.989510
0.989510
0.989510
0.989510
0.989510
0.989510
0.989510
0.989510
0.989510
0.989510
0.989510
0.989510
0.989510
0.989510
0.989510
0.989510
0.989510
0.989510
0.989510
0.989510
0.989510
0.989510
0.989510
0.989510
0.989510
0.989510
0.989510
0.989510
0.989510
0.989510
0.989510
0.989510
0.989510
0.989510
0.989510
0.989510
0.989510
0.989510
0.989510
0.989510
0.989510
0.989510
0.989510
0.989510
0.989510
0.989510
0.989510
0.989510
0.989510
0.989510
0.989510
0.989510
0.989510
0.989510
0.989510
0.989510
0.989510
0.989510
0.989510
0.989510
0.989510
0.989510
0.989510
0.989510
0.989510
0.989510
0.989510
0.989510
0.989510
0.989510
0.989510
0.989510
0.989510
0.989510
0.989510
0.989510
0.989510
0.989510
0.989510
0.989510
0.989510
0.989510
0.989510
0.989510
0.989510
0.989510
0.989510
0.989510
0.989510
0.989510
0.989510
0.989510
0.989510
0.989510
0.989510
0.989510
0.989510
0.989510
0.989510
0.989510
0.989510
0.989510
0.989510
0.989510
0.989510
0.989510
0.989510
0.989510
0.989510
0.989510
0.989510
0.989510
0.989510
0.989510
0.989510
0.989510
0.989510
0.989510
0.989510
0.989510
0.989510
0.989510
0.989510
0.989510
0.989510
0.989510
0.989510
0.989510
0.989510
0.989510
0.989510
0.989510
0.989510
0.989510
0.989510
0.989510
0.989510
0.989510
0.989510
0.989510
0.989510
0.989510
0.989510
0.989510
0.989510
0.989510
0.989510
0.989510
0.989510
0.989510
0.989510
0.989510
