0.000000
0.000000
0.000283
0.000566
0.000849
0.001132
0.001415
0.001699
0.001982
0.002265
0.002548
0.002831
0.003115
0.003398
0.003681
0.003964
0.004248
0.004531
0.004815
0.005098
0.005382
0.005665
0.005949
0.006232
0.006516
0.006800
0.007084
0.007367
0.007651
0.007935
0.008219
0.008503
0.008787
0.009071
0.009355
0.009640
0.009924
0.010208
0.010493
0.010777
0.011062
0.011346
0.011631
0.011915
0.012200
0.012485
0.012770
0.013055
0.013340
0.013625
0.013911
0.014196
0.014481
0.014767
0.015052
0.015338
0.015624
0.015909
0.016195
0.016481
0.016767
0.017053
0.017340
0.017626
0.017912
0.018199
0.018486
0.018772
0.019059
0.019346
0.019633
0.019920
0.020207
0.020495
0.020782
0.021069
0.021357
0.021645
0.021932
0.022220
0.022508
0.022796
0.023085
0.023373
0.023661
0.023950
0.024238
0.024527
0.024816
0.025105
0.025394
0.025683
0.025973
0.026262
0.026552
0.026841
0.027131
0.027421
0.027711
0.028002
0.028292
0.028582
0.028873
0.029164
0.029455
0.029746
0.030037
0.030328
0.030620
0.030911
0.031203
0.031495
0.031787
0.032080
0.032372
0.032664
0.032957
0.033250
0.033543
0.033836
0.034130
0.034423
0.034717
0.035011
0.035305
0.035599
0.035893
0.036188
0.036483
0.036778
0.037073
0.037368
0.037663
0.037959
0.038255
0.038551
0.038847
0.039144
0.039440
0.039737
0.040034
0.040331
0.040629
0.040926
0.041224
0.041522
0.041820
0.042119
0.042417
0.042716
0.043015
0.043314
0.043614
0.043913
0.044213
0.044514
0.044814
0.045114
0.045415
0.045716
0.046017
0.046319
0.046621
0.046922
0.047225
0.047527
0.047830
0.048132
0.048435
0.048739
0.049042
0.049346
0.049650
0.049954
0.050259
0.050564
0.050869
0.051174
0.051479
0.051785
0.052091
0.052398
0.052704
0.053011
0.053318
0.053625
0.053933
0.054241
0.054549
0.054857
0.055166
0.055475
0.055784
0.056094
0.056404
0.056714
0.057024
0.057335
0.057646
0.057957
0.058268
0.058580
0.058892
0.059205
0.059518
0.059831
0.060144
0.060458
0.060772
0.061086
0.061400
0.061715
0.062031
0.062346
0.062662
0.062978
0.063295
0.063612
0.063929
0.064246
0.064564
0.064882
0.065201
0.065520
0.065839
0.066158
0.066478
0.066798
0.067119
0.067440
0.067761
0.068083
0.068405
0.068727
0.069050
0.069373
0.069697
0.070020
0.070345
0.070669
0.070994
0.071320
0.071645
0.071971
0.072298
0.072625
0.072952
0.073280
0.073608
0.073936
0.074265
0.074595
0.074924
0.075254
0.075585
0.075916
0.076247
0.076579
0.076911
0.077244
0.077577
0.077910
0.078244
0.078578
0.078913
0.079248
0.079584
0.079920
0.080257
0.080594
0.080931
0.081269
0.081607
0.081946
0.082285
0.082625
0.082965
0.083306
0.083647
0.083989
0.084331
0.084673
0.085016
0.085360
0.085704
0.086048
0.086393
0.086739
0.087085
0.087431
0.087778
0.088126
0.088474
0.088823
0.089172
0.089521
0.089871
0.090222
0.090573
0.090925
0.091277
0.091630
0.091983
0.092337
0.092692
0.093047
0.093402
0.093758
0.094115
0.094472
0.094830
0.095188
0.095547
0.095906
0.096267
0.096627
0.096988
0.097350
0.097713
0.098076
0.098439
0.098803
0.099168
0.099534
0.099900
0.100266
0.100634
0.101001
0.101370
0.101739
0.102109
0.102479
0.102850
0.103222
0.103594
0.103967
0.104341
0.104715
0.105090
0.105466
0.105842
0.106219
0.106597
0.106975
0.107354
0.107734
0.108114
0.108495
0.108877
0.109259
0.109643
0.110027
0.110411
0.110797
0.111183
0.111569
0.111957
0.112345
0.112734
0.113124
0.113515
0.113906
0.114298
0.114691
0.115084
0.115479
0.115874
0.116270
0.116666
0.117064
0.117462
0.117861
0.118261
0.118662
0.119063
0.119466
0.119869
0.120273
0.120678
0.121083
0.121490
0.121897
0.122305
0.122715
0.123125
0.123535
0.123947
0.124360
0.124773
0.125187
0.125603
0.126019
0.126436
0.126854
0.127273
0.127693
0.128113
0.128535
0.128958
0.129381
0.129806
0.130231
0.130658
0.131085
0.131513
0.131943
0.132373
0.132805
0.133237
0.133670
0.134105
0.134540
0.134976
0.135414
0.135852
0.136292
0.136732
0.137174
0.137617
0.138061
0.138505
0.138951
0.139398
0.139846
0.140296
0.140746
0.141197
0.141650
0.142104
0.142559
0.143014
0.143472
0.143930
0.144389
0.144850
0.145312
0.145775
0.146239
0.146704
0.147171
0.147639
0.148108
0.148578
0.149050
0.149523
0.149997
0.150472
0.150949
0.151426
0.151906
0.152386
0.152868
0.153351
0.153835
0.154321
0.154808
0.155297
0.155787
0.156278
0.156770
0.157264
0.157760
0.158257
0.158755
0.159254
0.159756
0.160258
0.160762
0.161267
0.161774
0.162283
0.162793
0.163304
0.163817
0.164332
0.164848
0.165365
0.165884
0.166405
0.166927
0.167451
0.167977
0.168504
0.169032
0.169563
0.170095
0.170628
0.171164
0.171701
0.172239
0.172780
0.173322
0.173865
0.174411
0.174958
0.175507
0.176058
0.176611
0.177165
0.177722
0.178280
0.178840
0.179402
0.179965
0.180531
0.181098
0.181668
0.182239
0.182812
0.183387
0.183964
0.184544
0.185125
0.185708
0.186293
0.186880
0.187469
0.188061
0.188654
0.189250
0.189847
0.190447
0.191049
0.191653
0.192259
0.192868
0.193478
0.194091
0.194706
0.195324
0.195943
0.196565
0.197190
0.197816
0.198445
0.199077
0.199711
0.200347
0.200985
0.201626
0.202270
0.202916
0.203565
0.204216
0.204869
0.205525
0.206184
0.206845
0.207509
0.208176
0.208845
0.209517
0.210192
0.210869
0.211549
0.212232
0.212918
0.213606
0.214298
0.214992
0.215689
0.216389
0.217092
0.217797
0.218506
0.219218
0.219932
0.220650
0.221371
0.222095
0.222821
0.223551
0.224284
0.225021
0.225760
0.226503
0.227249
0.227998
0.228750
0.229506
0.230265
0.231027
0.231793
0.232562
0.233334
0.234110
0.234889
0.235672
0.236459
0.237249
0.238043
0.238840
0.239641
0.240446
0.241254
0.242066
0.242882
0.243702
0.244525
0.245353
0.246184
0.247020
0.247859
0.248703
0.249551
0.250402
0.251258
0.252118
0.252983
0.253851
0.254724
0.255601
0.256483
0.257369
0.258260
0.259155
0.260055
0.260959
0.261869
0.262782
0.263701
0.264624
0.265553
0.266486
0.267424
0.268367
0.269316
0.270269
0.271228
0.272191
0.273161
0.274135
0.275115
0.276100
0.277091
0.278087
0.279089
0.280097
0.281111
0.282130
0.283155
0.284186
0.285223
0.286267
0.287316
0.288371
0.289433
0.290501
0.291576
0.292656
0.293744
0.294838
0.295939
0.297046
0.298160
0.299281
0.300409
0.301544
0.302686
0.303836
0.304992
0.306156
0.307327
0.308506
0.309693
0.310887
0.312089
0.313298
0.314516
0.315742
0.316976
0.318218
0.319469
0.320728
0.321996
0.323272
0.324557
0.325851
0.327154
0.328467
0.329788
0.331119
0.332460
0.333810
0.335170
0.336539
0.337919
0.339309
0.340709
0.342120
0.343541
0.344973
0.346416
0.347870
0.349335
0.350811
0.352299
0.353798
0.355309
0.356831
0.358366
0.359912
0.361471
0.363042
0.364626
0.366222
0.367831
0.369453
0.371088
0.372736
0.374397
0.376071
0.377759
0.379461
0.381176
0.382906
0.384649
0.386407
0.388180
0.389967
0.391769
0.393585
0.395418
0.397265
0.399128
0.401007
0.402903
0.404814
0.406742
0.408687
0.410649
0.412628
0.414624
0.416639
0.418671
0.420722
0.422791
0.424879
0.426986
0.429113
0.431259
0.433425
0.435611
0.437818
0.440046
0.442295
0.444565
0.446857
0.449171
0.451507
0.453866
0.456248
0.458653
0.461082
0.463535
0.466013
0.468515
0.471042
0.473594
0.476172
0.478777
0.481407
0.484064
0.486748
0.489458
0.492195
0.494959
0.497749
0.500567
0.503410
0.506279
0.509175
0.512096
0.515042
0.518014
0.521013
0.524037
0.527088
0.530167
0.533275
0.536412
0.539580
0.542780
0.546014
0.549282
0.552587
0.555929
0.559310
0.562732
0.566194
0.569699
0.573248
0.576841
0.580480
0.584166
0.587899
0.591681
0.595513
0.599396
0.603331
0.607320
0.611362
0.615460
0.619616
0.623829
0.628102
0.632436
0.636832
0.641292
0.645818
0.650411
0.655072
0.659803
0.664606
0.669483
0.674435
0.679465
0.684573
0.689762
0.695034
0.700391
0.705834
0.711366
0.716990
0.722706
0.728517
0.734426
0.740435
0.746545
0.752759
0.759079
0.765506
0.772042
0.778688
0.785444
0.792309
0.799284
0.806364
0.813546
0.820825
0.828192
0.835640
0.843154
0.850721
0.858323
0.865940
0.873548
0.881123
0.888635
0.896054
0.903349
0.910487
0.917435
0.924161
0.930633
0.936822
0.942703
0.948253
0.953453
0.958291
0.962758
0.966850
0.970570
0.973924
0.976922
0.979580
0.981917
0.983953
0.985712
0.987218
0.988495
0.989569
0.990464
0.991202
0.991806
0.992295
0.992688
0.993000
0.993246
0.993439
0.993588
0.993702
0.993789
0.993854
0.993904
0.993940
0.993968
0.993988
0.994003
0.994014
0.994022
0.994029
0.994034
0.994038
0.994041
0.994044
0.994047
0.994049
0.994051
0.994053
0.994055
0.994057
0.994059
0.994061
0.994063
0.994065
0.994067
0.994069
0.994071
0.994073
0.994075
0.994077
0.994079
0.994080
0.994082
0.994084
0.994086
0.994088
0.994090
0.994092
0.994094
0.994096
0.994098
0.994100
0.994102
0.994104
0.994105
0.994107
0.994109
0.994111
0.994113
0.994115
0.994117
0.994119
0.994121
0.994123
0.994125
0.994126
0.994128
0.994130
0.994132
0.994134
0.994136
0.994138
0.994140
0.994142
0.994144
0.994146
0.994148
0.994149
0.994151
0.994153
0.994155
0.994157
0.994159
0.994161
0.994163
0.994165
0.994167
0.994168
0.994170
0.994172
0.994174
0.994176
0.994178
0.994180
0.994182
0.994184
0.994186
0.994187
0.994189
0.994191
0.994193
0.994195
0.994197
0.994199
0.994201
0.994203
0.994205
0.994206
0.994208
0.994210
0.994212
0.994214
0.994216
0.994218
0.994220
0.994222
0.994223
0.994225
0.994227
0.994229
0.994231
0.994233
0.994235
0.994237
0.994238
0.994240
0.994242
0.994244
0.994246
0.994248
0.994250
0.994252
0.994254
0.994255
0.994257
0.994259
0.994261
0.994263
0.994265
0.994267
0.994269
0.994270
0.994272
0.994274
0.994276
0.994278
0.994280
0.994282
0.994284
0.994285
0.994287
0.994289
0.994291
0.994293
0.994295
0.994297
0.994298
0.994300
0.994302
0.994304
0.994306
0.994308
0.994310
0.994312
0.994313
0.994315
0.994317
0.994319
0.994321
0.994323
0.994325
0.994326
0.994328
0.994330
0.994332
0.994334
0.994336
0.994338
0.994339
0.994341
0.994343
0.994345
0.994347
0.994349
0.994351
0.994352
0.994354
0.994356
0.994358
0.994360
0.994362
0.994364
0.994365
0.994367
0.994369
0.994371
0.994373
0.994375
0.994376
0.994378
0.994380
0.994382
0.994384
0.994386
0.994388
0.994389
0.994391
0.994393
0.994395
0.994397
0.994399
0.994400
0.994402
0.994404
0.994406
0.994408
0.994410
0.994411
0.994413
0.994415
0.994417
0.994419
0.994421
0.994422
0.994424
0.994426
0.994428
0.994430
0.994432
0.994433
0.994435
0.994437
0.994439
0.994441
0.994443
0.994444
0.994446
0.994448
0.994450
0.994452
0.994454
0.994455
0.994457
0.994459
0.994461
0.994463
0.994464
0.994466
0.994468
0.994470
0.994472
0.994474
0.994475
0.994477
0.994479
0.994481
0.994483
0.994485
0.994486
0.994488
0.994490
0.994492
0.994494
0.994495
0.994497
0.994499
0.994501
0.994503
0.994504
0.994506
0.994508
0.994510
0.994512
0.994514
0.994515
0.994517
0.994519
0.994521
0.994523
0.994524
0.994526
0.994528
0.994530
0.994532
0.994533
0.994535
0.994537
0.994539
0.994541
0.994542
0.994544
0.994546
0.994548
0.994550
0.994551
0.994553
0.994555
0.994557
0.994559
0.994560
0.994562
0.994564
0.994566
0.994568
0.994569
0.994571
0.994573
0.994575
0.994576
0.994578
0.994580
0.994582
0.994584
0.994585
0.994587
0.994589
0.994591
0.994593
0.994594
0.994596
0.994598
0.994600
0.994602
0.994603
0.994605
0.994607
0.994609
0.994610
0.994612
0.994614
0.994616
0.994618
0.994619
0.994621
0.994623
0.994625
0.994626
0.994628
0.994630
0.994632
0.994634
0.994635
0.994637
0.994639
0.994641
0.994642
0.994644
0.994646
0.994648
0.994650
0.994651
0.994653
0.994655
0.994657
0.994658
0.994660
0.994662
0.994664
0.994665
0.994667
0.994669
0.994671
0.994672
0.994674
0.994676
0.994678
0.994680
0.994681
0.994683
0.994685
0.994687
0.994688
0.994690
0.994692
0.994694
0.994695
0.994697
0.994699
0.994701
0.994702
0.994704
0.994706
0.994708
0.994709
0.994711
0.994713
0.994715
0.994716
0.994718
0.994720
0.994722
0.994723
0.994725
0.994727
0.994729
0.994730
0.994732
0.994734
0.994736
0.994737
0.994739
0.994741
0.994743
0.994744
0.994746
0.994748
0.994750
0.994751
0.994753
0.994755
0.994757
0.994758
0.994760
0.994762
0.994764
0.994765
0.994767
0.994769
0.994771
0.994772
0.994774
0.994776
0.994777
0.994779
0.994781
0.994783
0.994784
0.994786
0.994788
0.994790
0.994791
0.994793
0.994795
0.994797
0.994798
0.994800
0.994802
0.994803
0.994805
0.994807
0.994809
0.994810
0.994812
0.994814
0.994816
0.994817
0.994819
0.994821
0.994822
0.994824
0.994826
0.994828
0.994829
0.994831
0.994833
0.994834
0.994836
0.994838
0.994840
0.994841
0.994843
0.994845
0.994846
0.994848
0.994850
0.994852
0.994853
0.994855
0.994857
0.994858
0.994860
0.994862
0.994864
0.994865
0.994867
0.994869
0.994870
0.994872
0.994874
0.994876
0.994877
0.994879
0.994881
0.994882
0.994884
0.994886
0.994888
0.994889
0.994891
0.994893
0.994894
0.994896
0.994898
0.994899
0.994901
0.994903
0.994905
0.994906
0.994908
0.994910
0.994911
0.994913
0.994915
0.994916
0.994918
0.994920
0.994922
0.994923
0.994925
0.994927
0.994928
0.994930
0.994932
0.994933
0.994935
0.994937
0.994938
0.994940
0.994942
0.994944
0.994945
0.994947
0.994949
0.994950
0.994952
0.994954
0.994955
0.994957
0.994959
0.994960
0.994962
0.994964
0.994965
0.994967
0.994969
0.994970
0.994972
0.994974
0.994975
0.994977
0.994979
0.994981
0.994982
0.994984
0.994986
0.994987
0.994989
0.994991
0.994992
0.994994
0.994996
0.994997
0.994999
0.995001
0.995002
0.995004
0.995006
0.995007
0.995009
0.995011
0.995012
0.995014
0.995016
0.995017
0.995019
0.995021
0.995022
0.995024
0.995026
0.995027
0.995029
0.995031
0.995032
0.995034
0.995036
0.995037
0.995039
0.995041
0.995042
0.995044
0.995046
0.995047
0.995049
0.995051
0.995052
0.995054
0.995056
0.995057
0.995059
0.995061
0.995062
0.995064
0.995065
0.995067
0.995069
0.995070
0.995072
0.995074
0.995075
0.995077
0.995079
0.995080
0.995082
0.995084
0.995085
0.995087
0.995089
0.995090
0.995092
0.995094
0.995095
0.995097
0.995098
0.995100
0.995102
0.995103
0.995105
0.995107
0.995108
0.995110
0.995112
0.995113
0.995115
0.995116
0.995118
0.995120
0.995121
0.995123
0.995125
0.995126
0.995128
0.995130
0.995131
0.995133
0.995134
0.995136
0.995138
0.995139
0.995141
0.995143
0.995144
0.995146
0.995148
0.995149
0.995151
0.995152
0.995154
0.995156
0.995157
0.995159
0.995161
0.995162
0.995164
0.995165
0.995167
0.995169
0.995170
0.995172
0.995174
0.995175
0.995177
0.995178
0.995180
0.995182
0.995183
0.995185
0.995187
0.995188
0.995190
0.995191
0.995193
0.995195
0.995196
0.995198
0.995199
0.995201
0.995203
0.995204
0.995206
0.995208
0.995209
0.995211
0.995212
0.995214
0.995216
0.995217
0.995219
0.995220
0.995222
0.995224
0.995225
0.995227
0.995228
0.995230
0.995232
0.995233
0.995235
0.995236
0.995238
0.995240
0.995241
0.995243
0.995244
0.995246
0.995248
0.995249
0.995251
0.995252
0.995254
0.995256
0.995257
0.995259
0.995260
0.995262
0.995264
0.995265
0.995267
0.995268
0.995270
0.995272
0.995273
0.995275
0.995276
0.995278
0.995280
0.995281
0.995283
0.995284
0.995286
0.995288
0.995289
0.995291
0.995292
0.995294
0.995295
0.995297
0.995299
0.995300
0.995302
0.995303
0.995305
0.995307
0.995308
0.995310
0.995311
0.995313
0.995314
0.995316
0.995318
0.995319
0.995321
0.995322
0.995324
0.995326
0.995327
0.995329
0.995330
0.995332
0.995333
0.995335
0.995337
0.995338
0.995340
0.995341
0.995343
0.995344
0.995346
0.995348
0.995349
0.995351
0.995352
0.995354
0.995355
0.995357
0.995359
0.995360
0.995362
0.995363
0.995365
0.995366
0.995368
0.995370
0.995371
0.995373
0.995374
0.995376
0.995377
0.995379
0.995380
0.995382
0.995384
0.995385
0.995387
0.995388
0.995390
0.995391
0.995393
0.995395
0.995396
0.995398
0.995399
0.995401
0.995402
0.995404
0.995405
0.995407
0.995409
0.995410
0.995412
0.995413
0.995415
0.995416
0.995418
0.995419
0.995421
0.995422
0.995424
0.995426
0.995427
0.995429
0.995430
0.995432
0.995433
0.995435
0.995436
0.995438
0.995439
0.995441
0.995443
0.995444
0.995446
0.995447
0.995449
0.995450
0.995452
0.995453
0.995455
0.995456
0.995458
0.995460
0.995461
0.995463
0.995464
0.995466
0.995467
0.995469
0.995470
0.995472
0.995473
0.995475
0.995476
0.995478
0.995479
0.995481
0.995483
0.995484
0.995486
0.995487
0.995489
0.995490
0.995492
0.995493
0.995495
0.995496
0.995498
0.995499
0.995501
0.995502
0.995504
0.995505
0.995507
0.995509
0.995510
0.995512
0.995513
0.995515
0.995516
0.995518
0.995519
0.995521
0.995522
0.995524
0.995525
0.995527
0.995528
0.995530
0.995531
0.995533
0.995534
0.995536
0.995537
0.995539
0.995540
0.995542
0.995543
0.995545
0.995546
0.995548
0.995549
0.995551
0.995553
0.995554
0.995556
0.995557
0.995559
0.995560
0.995562
0.995563
0.995565
0.995566
0.995568
0.995569
0.995571
0.995572
0.995574
0.995575
0.995577
0.995578
0.995580
0.995581
0.995583
0.995584
0.995586
0.995587
0.995589
0.995590
0.995592
0.995593
0.995595
0.995596
0.995598
0.995599
0.995601
0.995602
0.995604
0.995605
0.995607
0.995608
0.995610
0.995611
0.995613
0.995614
0.995616
0.995617
0.995619
0.995620
0.995622
0.995623
0.995625
0.995626
0.995627
0.995629
0.995630
0.995632
0.995633
0.995635
0.995636
0.995638
0.995639
0.995641
0.995642
0.995644
0.995645
0.995647
0.995648
0.995650
0.995651
0.995653
0.995654
0.995656
0.995657
0.995659
0.995660
0.995662
0.995663
0.995665
0.995666
0.995668
0.995669
0.995670
0.995672
0.995673
0.995675
0.995676
0.995678
0.995679
0.995681
0.995682
0.995684
0.995685
0.995687
0.995688
0.995690
0.995691
0.995693
0.995694
0.995695
0.995697
0.995698
0.995700
0.995701
0.995703
0.995704
0.995706
0.995707
0.995709
0.995710
0.995712
0.995713
0.995715
0.995716
0.995717
0.995719
0.995720
0.995722
0.995723
0.995725
0.995726
0.995728
0.995729
0.995731
0.995732
0.995733
0.995735
0.995736
0.995738
0.995739
0.995741
0.995742
0.995744
0.995745
0.995747
0.995748
0.995749
0.995751
0.995752
0.995754
0.995755
0.995757
0.995758
0.995760
0.995761
0.995763
0.995764
0.995765
0.995767
0.995768
0.995770
0.995771
0.995773
0.995774
0.995776
0.995777
0.995778
0.995780
0.995781
0.995783
0.995784
0.995786
0.995787
0.995789
0.995790
0.995791
0.995793
0.995794
0.995796
0.995797
0.995799
0.995800
0.995801
0.995803
0.995804
0.995806
0.995807
0.995809
0.995810
0.995811
0.995813
0.995814
0.995816
0.995817
0.995819
0.995820
0.995821
0.995823
0.995824
0.995826
0.995827
0.995829
0.995830
0.995831
0.995833
0.995834
0.995836
0.995837
0.995839
0.995840
0.995841
0.995843
0.995844
0.995846
0.995847
0.995849
0.995850
0.995851
0.995853
0.995854
0.995856
0.995857
0.995859
0.995860
0.995861
0.995863
0.995864
0.995866
0.995867
0.995868
0.995870
0.995871
0.995873
0.995874
0.995876
0.995877
0.995878
0.995880
0.995881
0.995883
0.995884
0.995885
0.995887
0.995888
0.995890
0.995891
0.995892
0.995894
0.995895
0.995897
0.995898
0.995899
0.995901
0.995902
0.995904
0.995905
0.995906
0.995908
0.995909
0.995911
0.995912
0.995914
0.995915
0.995916
0.995918
0.995919
0.995921
0.995922
0.995923
0.995925
0.995926
0.995927
0.995929
0.995930
0.995932
0.995933
0.995934
0.995936
0.995937
0.995939
0.995940
0.995941
0.995943
0.995944
0.995946
0.995947
0.995948
0.995950
0.995951
0.995953
0.995954
0.995955
0.995957
0.995958
0.995960
0.995961
0.995962
0.995964
0.995965
0.995966
0.995968
0.995969
0.995971
0.995972
0.995973
0.995975
0.995976
0.995978
0.995979
0.995980
0.995982
0.995983
0.995984
0.995986
0.995987
0.995989
0.995990
0.995991
0.995993
0.995994
0.995995
0.995997
0.995998
0.996000
0.996001
0.996002
0.996004
0.996005
0.996006
0.996008
0.996009
0.996011
0.996012
0.996013
0.996015
0.996016
0.996017
0.996019
0.996020
0.996022
0.996023
0.996024
0.996026
0.996027
0.996028
0.996030
0.996031
0.996032
0.996034
0.996035
0.996037
0.996038
0.996039
0.996041
0.996042
0.996043
0.996045
0.996046
0.996047
0.996049
0.996050
0.996052
0.996053
0.996054
0.996056
0.996057
0.996058
0.996060
0.996061
0.996062
0.996064
0.996065
0.996066
0.996068
0.996069
0.996070
0.996072
0.996073
0.996075
0.996076
0.996077
0.996079
0.996080
0.996081
0.996083
0.996084
0.996085
0.996087
0.996088
0.996089
0.996091
0.996092
0.996093
0.996095
0.996096
0.996097
0.996099
0.996100
0.996102
0.996103
0.996104
0.996106
0.996107
0.996108
0.996110
0.996111
0.996112
0.996114
0.996115
0.996116
0.996118
0.996119
0.996120
0.996122
0.996123
0.996124
0.996126
0.996127
0.996128
0.996130
0.996131
0.996132
0.996134
0.996135
0.996136
0.996138
0.996139
0.996140
0.996142
0.996143
0.996144
0.996146
0.996147
0.996148
0.996150
0.996151
0.996152
0.996154
0.996155
0.996156
0.996158
0.996159
0.996160
0.996162
0.996163
0.996164
0.996166
0.996167
0.996168
0.996169
0.996171
0.996172
0.996173
0.996175
0.996176
0.996177
0.996179
0.996180
0.996181
0.996183
0.996184
0.996185
0.996187
0.996188
0.996189
0.996191
0.996192
0.996193
0.996195
0.996196
0.996197
0.996198
0.996200
0.996201
0.996202
0.996204
0.996205
0.996206
0.996208
0.996209
0.996210
0.996212
0.996213
0.996214
0.996216
0.996217
0.996218
0.996219
0.996221
0.996222
0.996223
0.996225
0.996226
0.996227
0.996229
0.996230
0.996231
0.996232
0.996234
0.996235
0.996236
0.996238
0.996239
0.996240
0.996242
0.996243
0.996244
0.996245
0.996247
0.996248
0.996249
0.996251
0.996252
0.996253
0.996255
0.996256
0.996257
0.996258
0.996260
0.996261
0.996262
0.996264
0.996265
0.996266
0.996267
0.996269
0.996270
0.996271
0.996273
0.996274
0.996275
0.996277
0.996278
0.996279
0.996280
0.996282
0.996283
0.996284
0.996286
0.996287
0.996288
0.996289
0.996291
0.996292
0.996293
0.996295
0.996296
0.996297
0.996298
0.996300
0.996301
0.996302
0.996303
0.996305
0.996306
0.996307
0.996309
0.996310
0.996311
0.996312
0.996314
0.996315
0.996316
0.996318
0.996319
0.996320
0.996321
0.996323
0.996324
0.996325
0.996326
0.996328
0.996329
0.996330
0.996332
0.996333
0.996334
0.996335
0.996337
0.996338
0.996339
0.996340
0.996342
0.996343
0.996344
0.996346
0.996347
0.996348
0.996349
0.996351
0.996352
0.996353
0.996354
0.996356
0.996357
0.996358
0.996359
0.996361
0.996362
0.996363
0.996364
0.996366
0.996367
0.996368
0.996370
0.996371
0.996372
0.996373
0.996375
0.996376
0.996377
0.996378
0.996380
0.996381
0.996382
0.996383
0.996385
0.996386
0.996387
0.996388
0.996390
0.996391
0.996392
0.996393
0.996395
0.996396
0.996397
0.996398
0.996400
0.996401
0.996402
0.996403
0.996405
0.996406
0.996407
0.996408
0.996410
0.996411
0.996412
0.996413
0.996415
0.996416
0.996417
0.996418
0.996420
0.996421
0.996422
0.996423
0.996425
0.996426
0.996427
0.996428
0.996430
0.996431
0.996432
0.996433
0.996434
0.996436
0.996437
0.996438
0.996439
0.996441
0.996442
0.996443
0.996444
0.996446
0.996447
0.996448
0.996449
0.996451
0.996452
0.996453
0.996454
0.996455
0.996457
0.996458
0.996459
0.996460
0.996462
0.996463
0.996464
0.996465
0.996467
0.996468
0.996469
0.996470
0.996471
0.996473
0.996474
0.996475
0.996476
0.996478
0.996479
0.996480
0.996481
0.996482
0.996484
0.996485
0.996486
0.996487
0.996489
0.996490
0.996491
0.996492
0.996493
0.996495
0.996496
0.996497
0.996498
0.996500
0.996501
0.996502
0.996503
0.996504
0.996506
0.996507
0.996508
0.996509
0.996511
0.996512
0.996513
0.996514
0.996515
0.996517
0.996518
0.996519
0.996520
0.996521
0.996523
0.996524
0.996525
0.996526
0.996527
0.996529
0.996530
0.996531
0.996532
0.996534
0.996535
0.996536
0.996537
0.996538
0.996540
0.996541
0.996542
0.996543
0.996544
0.996546
0.996547
0.996548
0.996549
0.996550
0.996552
0.996553
0.996554
0.996555
0.996556
0.996558
0.996559
0.996560
0.996561
0.996562
0.996564
0.996565
0.996566
0.996567
0.996568
0.996570
0.996571
0.996572
0.996573
0.996574
0.996576
0.996577
0.996578
0.996579
0.996580
0.996581
0.996583
0.996584
0.996585
0.996586
0.996587
0.996589
0.996590
0.996591
0.996592
0.996593
0.996595
0.996596
0.996597
0.996598
0.996599
0.996601
0.996602
0.996603
0.996604
0.996605
0.996606
0.996608
0.996609
0.996610
0.996611
0.996612
0.996614
0.996615
0.996616
0.996617
0.996618
0.996619
0.996621
0.996622
0.996623
0.996624
0.996625
0.996626
0.996628
0.996629
0.996630
0.996631
0.996632
0.996634
0.996635
0.996636
0.996637
0.996638
0.996639
0.996641
0.996642
0.996643
0.996644
0.996645
0.996646
0.996648
0.996649
0.996650
0.996651
0.996652
0.996653
0.996655
0.996656
0.996657
0.996658
0.996659
0.996660
0.996662
0.996663
0.996664
0.996665
0.996666
0.996667
0.996669
0.996670
0.996671
0.996672
0.996673
0.996674
0.996676
0.996677
0.996678
0.996679
0.996680
0.996681
0.996683
0.996684
0.996685
0.996686
0.996687
0.996688
0.996689
0.996691
0.996692
0.996693
0.996694
0.996695
0.996696
0.996698
0.996699
0.996700
0.996701
0.996702
0.996703
0.996704
0.996706
0.996707
0.996708
0.996709
0.996710
0.996711
0.996713
0.996714
0.996715
0.996716
0.996717
0.996718
0.996719
0.996721
0.996722
0.996723
0.996724
0.996725
0.996726
0.996727
0.996729
0.996730
0.996731
0.996732
0.996733
0.996734
0.996735
0.996737
0.996738
0.996739
0.996740
0.996741
0.996742
0.996743
0.996745
0.996746
0.996747
0.996748
0.996749
0.996750
0.996751
0.996753
0.996754
0.996755
0.996756
0.996757
0.996758
0.996759
0.996760
0.996762
0.996763
0.996764
0.996765
0.996766
0.996767
0.996768
0.996770
0.996771
0.996772
0.996773
0.996774
0.996775
0.996776
0.996777
0.996779
0.996780
0.996781
0.996782
0.996783
0.996784
0.996785
0.996786
0.996788
0.996789
0.996790
0.996791
0.996792
0.996793
0.996794
0.996795
0.996797
0.996798
0.996799
0.996800
0.996801
0.996802
0.996803
0.996804
0.996806
0.996807
0.996808
0.996809
0.996810
0.996811
0.996812
0.996813
0.996814
0.996816
0.996817
0.996818
0.996819
0.996820
0.996821
0.996822
0.996823
0.996824
0.996826
0.996827
0.996828
0.996829
0.996830
0.996831
0.996832
0.996833
0.996834
0.996836
0.996837
0.996838
0.996839
0.996840
0.996841
0.996842
0.996843
0.996844
0.996846
0.996847
0.996848
0.996849
0.996850
0.996851
0.996852
0.996853
0.996854
0.996856
0.996857
0.996858
0.996859
0.996860
0.996861
0.996862
0.996863
0.996864
0.996865
0.996867
0.996868
0.996869
0.996870
0.996871
0.996872
0.996873
0.996874
0.996875
0.996876
0.996877
0.996879
0.996880
0.996881
0.996882
0.996883
0.996884
0.996885
0.996886
0.996887
0.996888
0.996890
0.996891
0.996892
0.996893
0.996894
0.996895
0.996896
0.996897
0.996898
0.996899
0.996900
0.996901
0.996903
0.996904
0.996905
0.996906
0.996907
0.996908
0.996909
0.996910
0.996911
0.996912
0.996913
0.996915
0.996916
0.996917
0.996918
0.996919
0.996920
0.996921
0.996922
0.996923
0.996924
0.996925
0.996926
0.996927
0.996929
0.996930
0.996931
0.996932
0.996933
0.996934
0.996935
0.996936
0.996937
0.996938
0.996939
0.996940
0.996941
0.996943
0.996944
0.996945
0.996946
0.996947
0.996948
0.996949
0.996950
0.996951
0.996952
0.996953
0.996954
0.996955
0.996956
0.996958
0.996959
0.996960
0.996961
0.996962
0.996963
0.996964
0.996965
0.996966
0.996967
0.996968
0.996969
0.996970
0.996971
0.996972
0.996974
0.996975
0.996976
0.996977
0.996978
0.996979
0.996980
0.996981
0.996982
0.996983
0.996984
0.996985
0.996986
0.996987
0.996988
0.996989
0.996990
0.996992
0.996993
0.996994
0.996995
0.996996
0.996997
0.996998
0.996999
0.997000
0.997001
0.997002
0.997003
0.997004
0.997005
0.997006
0.997007
0.997008
0.997009
0.997011
0.997012
0.997013
0.997014
0.997015
0.997016
0.997017
0.997018
0.997019
0.997020
0.997021
0.997022
0.997023
0.997024
0.997025
0.997026
0.997027
0.997028
0.997029
0.997030
0.997031
0.997033
0.997034
0.997035
0.997036
0.997037
0.997038
0.997039
0.997040
0.997041
0.997042
0.997043
0.997044
0.997045
0.997046
0.997047
0.997048
0.997049
0.997050
0.997051
0.997052
0.997053
0.997054
0.997055
0.997056
0.997057
0.997059
0.997060
0.997061
0.997062
0.997063
0.997064
0.997065
0.997066
0.997067
0.997068
0.997069
0.997070
0.997071
0.997072
0.997073
0.997074
0.997075
0.997076
0.997077
0.997078
0.997079
0.997080
0.997081
0.997082
0.997083
0.997084
0.997085
0.997086
0.997087
0.997088
0.997089
0.997090
0.997091
0.997092
0.997093
0.997095
0.997096
0.997097
0.997098
0.997099
0.997100
0.997101
0.997102
0.997103
0.997104
0.997105
0.997106
0.997107
0.997108
0.997109
0.997110
0.997111
0.997112
0.997113
0.997114
0.997115
0.997116
0.997117
0.997118
0.997119
0.997120
0.997121
0.997122
0.997123
0.997124
0.997125
0.997126
0.997127
0.997128
0.997129
0.997130
0.997131
0.997132
0.997133
0.997134
0.997135
0.997136
0.997137
0.997138
0.997139
0.997140
0.997141
0.997142
0.997143
0.997144
0.997145
0.997146
0.997147
0.997148
0.997149
0.997150
0.997151
0.997152
0.997153
0.997154
0.997155
0.997156
0.997157
0.997158
0.997159
0.997160
0.997161
0.997162
0.997163
0.997164
0.997165
0.997166
0.997167
0.997168
0.997169
0.997170
0.997171
0.997172
0.997173
0.997174
0.997175
0.997176
0.997177
0.997178
0.997179
0.997180
0.997181
0.997182
0.997183
0.997184
0.997185
0.997186
0.997187
0.997188
0.997189
0.997190
0.997191
0.997192
0.997193
0.997194
0.997195
0.997196
0.997197
0.997198
0.997199
0.997200
0.997201
0.997202
0.997203
0.997204
0.997205
0.997206
0.997207
0.997208
0.997209
0.997210
0.997211
0.997212
0.997213
0.997214
0.997215
0.997216
0.997217
0.997218
0.997219
0.997220
0.997221
0.997222
0.997223
0.997224
0.997225
0.997226
0.997227
0.997228
0.997229
0.997230
0.997231
0.997231
0.997232
0.997233
0.997234
0.997235
0.997236
0.997237
0.997238
0.997239
0.997240
0.997241
0.997242
0.997243
0.997244
0.997245
0.997246
0.997247
0.997248
0.997249
0.997250
0.997251
0.997252
0.997253
0.997254
0.997255
0.997256
0.997257
0.997258
0.997259
0.997260
0.997261
0.997262
0.997263
0.997264
0.997265
0.997265
0.997266
0.997267
0.997268
0.997269
0.997270
0.997271
0.997272
0.997273
0.997274
0.997275
0.997276
0.997277
0.997278
0.997279
0.997280
0.997281
0.997282
0.997283
0.997284
0.997285
0.997286
0.997287
0.997288
0.997289
0.997289
0.997290
0.997291
0.997292
0.997293
0.997294
0.997295
0.997296
0.997297
0.997298
0.997299
0.997300
0.997301
0.997302
0.997303
0.997304
0.997305
0.997306
0.997307
0.997308
0.997309
0.997310
0.997310
0.997311
0.997312
0.997313
0.997314
0.997315
0.997316
0.997317
0.997318
0.997319
0.997320
0.997321
0.997322
0.997323
0.997324
0.997325
0.997326
0.997327
0.997328
0.997328
0.997329
0.997330
0.997331
0.997332
0.997333
0.997334
0.997335
0.997336
0.997337
0.997338
0.997339
0.997340
0.997341
0.997342
0.997343
0.997344
0.997344
0.997345
0.997346
0.997347
0.997348
0.997349
0.997350
0.997351
0.997352
0.997353
0.997354
0.997355
0.997356
0.997357
0.997358
0.997359
0.997359
0.997360
0.997361
0.997362
0.997363
0.997364
0.997365
0.997366
0.997367
0.997368
0.997369
0.997370
0.997371
0.997372
0.997372
0.997373
0.997374
0.997375
0.997376
0.997377
0.997378
0.997379
0.997380
0.997381
0.997382
0.997383
0.997384
0.997385
0.997385
0.997386
0.997387
0.997388
0.997389
0.997390
0.997391
0.997392
0.997393
0.997394
0.997395
0.997396
0.997397
0.997397
0.997398
0.997399
0.997400
0.997401
0.997402
0.997403
0.997404
0.997405
0.997406
0.997407
0.997408
0.997408
0.997409
0.997410
0.997411
0.997412
0.997413
0.997414
0.997415
0.997416
0.997417
0.997418
0.997419
0.997419
0.997420
0.997421
0.997422
0.997423
0.997424
0.997425
0.997426
0.997427
0.997428
0.997429
0.997429
0.997430
0.997431
0.997432
0.997433
0.997434
0.997435
0.997436
0.997437
0.997438
0.997439
0.997439
0.997440
0.997441
0.997442
0.997443
0.997444
0.997445
0.997446
0.997447
0.997448
0.997448
0.997449
0.997450
0.997451
0.997452
0.997453
0.997454
0.997455
0.997456
0.997457
0.997457
0.997458
0.997459
0.997460
0.997461
0.997462
0.997463
0.997464
0.997465
0.997466
0.997466
0.997467
0.997468
0.997469
0.997470
0.997471
0.997472
0.997473
0.997474
0.997475
0.997475
0.997476
0.997477
0.997478
0.997479
0.997480
0.997481
0.997482
0.997483
0.997483
0.997484
0.997485
0.997486
0.997487
0.997488
0.997489
0.997490
0.997491
0.997491
0.997492
0.997493
0.997494
0.997495
0.997496
0.997497
0.997498
0.997499
0.997499
0.997500
0.997501
0.997502
0.997503
0.997504
0.997505
0.997506
0.997506
0.997507
0.997508
0.997509
0.997510
0.997511
0.997512
0.997513
0.997514
0.997514
0.997515
0.997516
0.997517
0.997518
0.997519
0.997520
0.997521
0.997521
0.997522
0.997523
0.997524
0.997525
0.997526
0.997527
0.997528
0.997528
0.997529
0.997530
0.997531
0.997532
0.997533
0.997534
0.997535
0.997535
0.997536
0.997537
0.997538
0.997539
0.997540
0.997541
0.997542
0.997542
0.997543
0.997544
0.997545
0.997546
0.997547
0.997548
0.997548
0.997549
0.997550
0.997551
0.997552
0.997553
0.997554
0.997555
0.997555
0.997556
0.997557
0.997558
0.997559
0.997560
0.997561
0.997561
0.997562
0.997563
0.997564
0.997565
0.997566
0.997567
0.997568
0.997568
0.997569
0.997570
0.997571
0.997572
0.997573
0.997574
0.997574
0.997575
0.997576
0.997577
0.997578
0.997579
0.997580
0.997580
0.997581
0.997582
0.997583
0.997584
0.997585
0.997586
0.997586
0.997587
0.997588
0.997589
0.997590
0.997591
0.997592
0.997592
0.997593
0.997594
0.997595
0.997596
0.997597
0.997597
0.997598
0.997599
0.997600
0.997601
0.997602
0.997603
0.997603
0.997604
0.997605
0.997606
0.997607
0.997608
0.997609
0.997609
0.997610
0.997611
0.997612
0.997613
0.997614
0.997614
0.997615
0.997616
0.997617
0.997618
0.997619
0.997619
0.997620
0.997621
0.997622
0.997623
0.997624
0.997625
0.997625
0.997626
0.997627
0.997628
0.997629
0.997630
0.997630
0.997631
0.997632
0.997633
0.997634
0.997635
0.997635
0.997636
0.997637
0.997638
0.997639
0.997640
0.997640
0.997641
0.997642
0.997643
0.997644
0.997645
0.997645
0.997646
0.997647
0.997648
0.997649
0.997650
0.997650
0.997651
0.997652
0.997653
0.997654
0.997655
0.997655
0.997656
0.997657
0.997658
0.997659
0.997660
0.997660
0.997661
0.997662
0.997663
0.997664
0.997665
0.997665
0.997666
0.997667
0.997668
0.997669
0.997670
0.997670
0.997671
0.997672
0.997673
0.997674
0.997675
0.997675
0.997676
0.997677
0.997678
0.997679
0.997679
0.997680
0.997681
0.997682
0.997683
0.997684
0.997684
0.997685
0.997686
0.997687
0.997688
0.997688
0.997689
0.997690
0.997691
0.997692
0.997693
0.997693
0.997694
0.997695
0.997696
0.997697
0.997697
0.997698
0.997699
0.997700
0.997701
0.997702
0.997702
0.997703
0.997704
0.997705
0.997706
0.997706
0.997707
0.997708
0.997709
0.997710
0.997710
0.997711
0.997712
0.997713
0.997714
0.997715
0.997715
0.997716
0.997717
0.997718
0.997719
0.997719
0.997720
0.997721
0.997722
0.997723
0.997723
0.997724
0.997725
0.997726
0.997727
0.997727
0.997728
0.997729
0.997730
0.997731
0.997731
0.997732
0.997733
0.997734
0.997735
0.997735
0.997736
0.997737
0.997738
0.997739
0.997739
0.997740
0.997741
0.997742
0.997743
0.997743
0.997744
0.997745
0.997746
0.997747
0.997747
0.997748
0.997749
0.997750
0.997751
0.997751
0.997752
0.997753
0.997754
0.997755
0.997755
0.997756
0.997757
0.997758
0.997759
0.997759
0.997760
0.997761
0.997762
0.997763
0.997763
0.997764
0.997765
0.997766
0.997767
0.997767
0.997768
0.997769
0.997770
0.997771
0.997771
0.997772
0.997773
0.997774
0.997774
0.997775
0.997776
0.997777
0.997778
0.997778
0.997779
0.997780
0.997781
0.997782
0.997782
0.997783
0.997784
0.997785
0.997785
0.997786
0.997787
0.997788
0.997789
0.997789
0.997790
0.997791
0.997792
0.997793
0.997793
0.997794
0.997795
0.997796
0.997796
0.997797
0.997798
0.997799
0.997800
0.997800
0.997801
0.997802
0.997803
0.997803
0.997804
0.997805
0.997806
0.997807
0.997807
0.997808
0.997809
0.997810
0.997810
0.997811
0.997812
0.997813
0.997814
0.997814
0.997815
0.997816
0.997817
0.997817
0.997818
0.997819
0.997820
0.997820
0.997821
0.997822
0.997823
0.997824
0.997824
0.997825
0.997826
0.997827
0.997827
0.997828
0.997829
0.997830
0.997831
0.997831
0.997832
0.997833
0.997834
0.997834
0.997835
0.997836
0.997837
0.997837
0.997838
0.997839
0.997840
0.997840
0.997841
0.997842
0.997843
0.997844
0.997844
0.997845
0.997846
0.997847
0.997847
0.997848
0.997849
0.997850
0.997850
0.997851
0.997852
0.997853
0.997853
0.997854
0.997855
0.997856
0.997856
0.997857
0.997858
0.997859
0.997860
0.997860
0.997861
0.997862
0.997863
0.997863
0.997864
0.997865
0.997866
0.997866
0.997867
0.997868
0.997869
0.997869
0.997870
0.997871
0.997872
0.997872
0.997873
0.997874
0.997875
0.997875
0.997876
0.997877
0.997878
0.997878
0.997879
0.997880
0.997881
0.997881
0.997882
0.997883
0.997884
0.997884
0.997885
0.997886
0.997887
0.997887
0.997888
0.997889
0.997890
0.997890
0.997891
0.997892
0.997893
0.997893
0.997894
0.997895
0.997896
0.997896
0.997897
0.997898
0.997899
0.997899
0.997900
0.997901
0.997902
0.997902
0.997903
0.997904
0.997905
0.997905
0.997906
0.997907
0.997907
0.997908
0.997909
0.997910
0.997910
0.997911
0.997912
0.997913
0.997913
0.997914
0.997915
0.997916
0.997916
0.997917
0.997918
0.997919
0.997919
0.997920
0.997921
0.997922
0.997922
0.997923
0.997924
0.997924
0.997925
0.997926
0.997927
0.997927
0.997928
0.997929
0.997930
0.997930
0.997931
0.997932
0.997933
0.997933
0.997934
0.997935
0.997935
0.997936
0.997937
0.997938
0.997938
0.997939
0.997940
0.997941
0.997941
0.997942
0.997943
0.997943
0.997944
0.997945
0.997946
0.997946
0.997947
0.997948
0.997949
0.997949
0.997950
0.997951
0.997951
0.997952
0.997953
0.997954
0.997954
0.997955
0.997956
0.997957
0.997957
0.997958
0.997959
0.997959
