0.180699
0.398434
0.621227
0.694063
0.721598
0.744456
0.763887
0.780660
0.795371
0.808447
0.820200
0.830859
0.840592
0.849528
0.857768
0.865396
0.872484
0.879089
0.885265
0.891053
0.896491
0.901611
0.906441
0.911005
0.915325
0.919419
0.923302
0.926990
0.930493
0.933822
0.936986
0.939995
0.942858
0.945581
0.948174
0.950645
0.953019
0.955251
0.957385
0.959429
0.961389
0.963273
0.965087
0.966836
0.968517
0.970109
0.971565
0.972816
0.973800
0.974498
0.974940
0.975190
0.975317
0.975374
0.975398
0.975407
0.975410
0.975411
0.975411
0.975411
0.975411
0.975411
0.975411
0.975411
0.975411
0.975411
0.975411
0.975411
0.975411
0.975411
0.975411
0.975411
0.975411
0.975411
0.975411
0.975411
0.975411
0.975411
0.975411
0.975411
0.975411
0.975411
0.975411
0.975411
0.975411
0.975411
0.975411
0.975411
0.975411
0.975411
0.975411
0.975411
0.975411
0.975411
0.975411
0.975411
0.975411
0.975411
0.975411
0.975411
0.975411
0.975411
0.975411
0.975411
0.975411
0.975411
0.975411
0.975411
0.975411
0.975411
0.975411
0.975411
0.975411
0.975411
0.975411
0.975411
0.975411
0.975411
0.975411
0.975411
0.975411
0.975411
0.975411
0.975411
0.975411
0.975411
0.975411
0.975411
0.975411
0.975411
0.975411
0.975411
0.975411
0.975411
0.975411
0.975411
0.975411
0.975411
0.975411
0.975411
0.975411
0.975411
0.975411
0.975411
0.975411
0.975411
0.975411
0.975411
0.975411
0.975411
0.975411
0.975411
0.975411
0.975411
0.975411
0.975411
0.975411
0.975411
0.975411
0.975411
0.975411
0.975411
0.975411
0.975411
0.975411
0.975411
0.975411
0.975411
0.975411
0.975411
0.975411
0.975411
0.975411
0.975411
0.975411
0.975411
0.975411
0.975411
0.975411
0.975411
0.975411
0.975411
0.975411
0.975411
0.975411
0.975411
0.975411
0.975411
0.975411
0.975411
0.975411
0.975411
0.975411
0.975411
0.975411
0.975411
0.975411
0.975411
0.975411
0.975411
0.975411
0.975411
0.975411
0.975411
0.975411
0.975411
0.975411
0.975411
0.975411
0.975411
0.975411
0.975411
0.975411
0.975411
0.975411
0.975411
0.975411
0.975411
0.975411
0.975411
0.975411
0.975411
0.975411
0.975411
0.975411
0.975411
0.975411
0.975411
0.975411
0.975411
0.975411
0.975411
0.975411
0.975411
0.975411
0.975411
0.975411
0.975411
0.975411
0.975411
0.975411
0.975411
0.975411
0.975411
0.975411
0.975411
0.975411
0.975411
0.975411
0.975411
0.975411
0.975411
0.975411
0.975411
0.975411
0.975411
0.975411
0.975411
0.975411
0.975411
0.975411
0.975411
0.975411
0.975411
0.975411
0.975411
0.975411
0.975411
0.975411
0.975411
0.975411
0.975411
0.975411
0.975411
0.975411
0.975411
0.975411
0.975411
0.975411
0.975411
0.975411
0.975411
0.975411
0.975411
0.975411
0.975411
0.975411
0.975411
0.975411
0.975411
0.975411
0.975411
0.975411
0.975411
0.975411
0.975411
0.975411
0.975411
0.975411
0.975411
0.975411
0.975411
0.975411
0.975411
0.975411
0.975411
0.975411
0.975411
0.975411
0.975411
0.975411
0.975411
0.975411
0.975411
0.975411
0.975411
0.975411
0.975411
0.975411
0.975411
0.975411
0.975411
0.975411
0.975411
0.975411
0.975411
0.975411
0.975411
0.975411
0.975411
0.975411
0.975411
0.975411
0.975411
0.975411
0.975411
0.975411
0.975411
0.975411
0.975411
0.975411
0.975411
0.975411
0.975411
0.975411
0.975411
0.975411
0.975411
0.975411
0.975411
0.975411
0.975411
0.975411
0.975411
0.975411
0.975411
0.975411
0.975411
0.975411
0.975411
0.975411
0.975411
0.975411
0.975411
0.975411
0.975411
0.975411
0.975411
0.975411
0.975411
0.975411
0.975411
0.975411
0.975411
0.975411
0.975411
0.975411
0.975411
0.975411
0.975411
0.975411
0.975411
0.975411
0.975411
0.975411
0.975411
0.975411
0.975411
0.975411
0.975411
0.975411
0.975411
0.975411
0.975411
0.975411
0.975411
0.975411
0.975411
0.975411
0.975411
0.975411
0.975411
0.975411
0.975411
0.975411
0.975411
0.975411
0.975411
0.975411
0.975411
0.975411
0.975411
0.975411
0.975411
0.975411
0.975411
0.975411
0.975411
0.975411
0.975411
0.975411
0.975411
0.975411
0.975411
0.975411
0.975411
0.975411
0.975411
0.975411
0.975411
0.975411
0.975411
0.975411
0.975411
0.975411
0.975411
0.975411
0.975411
0.975411
0.975411
0.975411
0.975411
0.975411
0.975411
0.975411
0.975411
0.975411
0.975411
0.975411
0.975411
0.975411
0.975411
0.975411
0.975411
0.975411
0.975411
0.975411
0.975411
0.975411
0.975411
0.975411
0.975411
0.975411
0.975411
0.975411
0.975411
0.975411
0.975411
0.975411
0.975411
0.975411
0.975411
0.975411
0.975411
0.975411
0.975411
0.975411
0.975411
0.975411
0.975411
0.975411
0.975411
0.975411
0.975411
0.975411
0.975411
0.975411
0.975411
0.975411
0.975411
0.975411
0.975411
0.975411
0.975411
0.975411
0.975411
0.975411
0.975411
0.975411
0.975411
0.975411
0.975411
0.975411
0.975411
0.975411
0.975411
0.975411
0.975411
0.975411
0.975411
0.975411
0.975411
0.975411
0.975411
0.975411
0.975411
0.975411
0.975411
0.975411
0.975411
0.975411
0.975411
0.975411
0.975411
0.975411
0.975411
0.975411
0.975411
0.975411
0.975411
0.975411
0.975411
0.975411
0.975411
0.975411
0.975411
0.975411
0.975411
0.975411
0.975411
0.975411
0.975411
0.975411
0.975411
0.975411
0.975411
0.975411
0.975411
0.975411
0.975411
0.975411
0.975411
0.975411
0.975411
0.975411
0.975411
0.975411
0.975411
0.975411
0.975411
0.975411
0.975411
0.975411
0.975411
0.975411
0.975411
0.975411
0.975411
0.975411
0.975411
0.975411
0.975411
0.975411
0.975411
0.975411
0.975411
0.975411
0.975411
0.975411
0.975411
0.975411
0.975411
0.975411
0.975411
0.975411
0.975411
0.975411
0.975411
0.975411
0.975411
0.975411
0.975411
0.975411
0.975411
0.975411
0.975411
0.975411
0.975411
0.975411
0.975411
