0.000000
0.000000
0.000086
0.000255
0.000503
0.000826
0.001223
0.001691
0.002228
0.002833
0.003502
0.004235
0.005029
0.005883
0.006797
0.007767
0.008794
0.009876
0.011013
0.012202
0.013444
0.014737
0.016081
0.017475
0.018919
0.020412
0.021954
0.023544
0.025183
0.026870
0.028605
0.030387
0.032218
0.034097
0.036024
0.038000
0.040025
0.042099
0.044223
0.046399
0.048626
0.050907
0.053241
0.055632
0.058079
0.060584
0.063150
0.065779
0.068472
0.071232
0.074062
0.076964
0.079942
0.082998
0.086137
0.089363
0.092681
0.096095
0.099610
0.103234
0.106972
0.110833
0.114824
0.118955
0.123237
0.127681
0.132301
0.137110
0.142121
0.147349
0.152805
0.158506
0.164473
0.170736
0.177331
0.184296
0.191676
0.199523
0.207893
0.216851
0.226462
0.236786
0.247852
0.259618
0.271970
0.284737
0.297680
0.310578
0.323273
0.335675
0.347749
0.359490
0.370905
0.382002
0.392790
0.403278
0.413473
0.423385
0.433020
0.442387
0.451494
0.460348
0.468955
0.477323
0.485459
0.493370
0.501061
0.508539
0.515809
0.522879
0.529753
0.536437
0.542936
0.549256
0.555402
0.561379
0.567190
0.572843
0.578339
0.583685
0.588884
0.593941
0.598859
0.603643
0.608296
0.612822
0.617224
0.621507
0.625673
0.629726
0.633669
0.637505
0.641237
0.644869
0.648402
0.651840
0.655185
0.658440
0.661608
0.664691
0.667692
0.670612
0.673454
0.676221
0.678914
0.681536
0.684088
0.686572
0.688991
0.691346
0.693639
0.695872
0.698046
0.700164
0.702226
0.704234
0.706190
0.708096
0.709952
0.711761
0.713522
0.715239
0.716911
0.718541
0.720129
0.721677
0.723185
0.724656
0.726089
0.727487
0.728849
0.730178
0.731473
0.732737
0.733969
0.735170
0.736343
0.737486
0.738602
0.739690
0.740753
0.741789
0.742801
0.743789
0.744753
0.745694
0.746613
0.747510
0.748387
0.749243
0.750079
0.750897
0.751695
0.752475
0.753237
0.753982
0.754710
0.755422
0.756119
0.756799
0.757465
0.758116
0.758753
0.759376
0.759986
0.760583
0.761167
0.761739
0.762298
0.762846
0.763383
0.763909
0.764424
0.764929
0.765424
0.765909
0.766384
0.766850
0.767307
0.767756
0.768196
0.768627
0.769051
0.769466
0.769874
0.770275
0.770668
0.771055
0.771434
0.771807
0.772173
0.772534
0.772888
0.773236
0.773578
0.773915
0.774246
0.774572
0.774893
0.775208
0.775519
0.775825
0.776127
0.776423
0.776716
0.777004
0.777288
0.777568
0.777844
0.778116
0.778384
0.778649
0.778910
0.779167
0.779422
0.779672
0.779920
0.780165
0.780406
0.780644
0.780880
0.781113
0.781342
0.781569
0.781794
0.782016
0.782235
0.782452
0.782666
0.782878
0.783087
0.783295
0.783500
0.783703
0.783904
0.784103
0.784300
0.784495
0.784688
0.784880
0.785069
0.785257
0.785443
0.785627
0.785809
0.785990
0.786170
0.786348
0.786524
0.786699
0.786872
0.787044
0.787215
0.787385
0.787553
0.787720
0.787886
0.788051
0.788214
0.788376
0.788538
0.788697
0.788856
0.789014
0.789171
0.789327
0.789482
0.789635
0.789788
0.789940
0.790091
0.790241
0.790391
0.790539
0.790687
0.790833
0.790979
0.791125
0.791269
0.791413
0.791556
0.791699
0.791841
0.791982
0.792123
0.792263
0.792403
0.792542
0.792681
0.792819
0.792957
0.793095
0.793232
0.793368
0.793505
0.793641
0.793777
0.793912
0.794047
0.794182
0.794316
0.794451
0.794584
0.794718
0.794851
0.794984
0.795117
0.795250
0.795382
0.795514
0.795646
0.795778
0.795909
0.796040
0.796171
0.796302
0.796433
0.796563
0.796694
0.796824
0.796953
0.797083
0.797213
0.797342
0.797472
0.797601
0.797729
0.797858
0.797986
0.798114
0.798243
0.798370
0.798498
0.798626
0.798753
0.798880
0.799007
0.799134
0.799261
0.799387
0.799514
0.799640
0.799765
0.799891
0.800017
0.800142
0.800268
0.800393
0.800518
0.800643
0.800768
0.800893
0.801017
0.801141
0.801265
0.801390
0.801513
0.801637
0.801760
0.801884
