0.000000
0.000000
0.000092
0.000274
0.000544
0.000899
0.001337
0.001855
0.002450
0.003121
0.003865
0.004681
0.005565
0.006517
0.007535
0.008618
0.009762
0.010969
0.012235
0.013560
0.014943
0.016383
0.017879
0.019430
0.021035
0.022695
0.024407
0.026173
0.027991
0.029862
0.031785
0.033760
0.035787
0.037867
0.039999
0.042184
0.044422
0.046714
0.049060
0.051462
0.053920
0.056435
0.059008
0.061640
0.064334
0.067090
0.069910
0.072796
0.075751
0.078777
0.081875
0.085050
0.088304
0.091640
0.095063
0.098576
0.102185
0.105894
0.109709
0.113636
0.117683
0.121857
0.126168
0.130625
0.135240
0.140024
0.144991
0.150155
0.155531
0.161132
0.166970
0.173059
0.179423
0.186093
0.193104
0.200499
0.208323
0.216631
0.225482
0.234943
0.245082
0.255959
0.267598
0.279955
0.292908
0.306288
0.319873
0.333431
0.346786
0.359837
0.372543
0.384897
0.396905
0.408575
0.419917
0.430941
0.441655
0.452068
0.462188
0.472024
0.481584
0.490875
0.499905
0.508682
0.517212
0.525502
0.533559
0.541390
0.549002
0.556400
0.563590
0.570579
0.577372
0.583974
0.590391
0.596629
0.602692
0.608585
0.614314
0.619882
0.625295
0.630556
0.635670
0.640642
0.645474
0.650172
0.654739
0.659179
0.663495
0.667691
0.671770
0.675735
0.679590
0.683338
0.686982
0.690525
0.693969
0.697318
0.700575
0.703740
0.706819
0.709812
0.712722
0.715552
0.718304
0.720980
0.723583
0.726113
0.728574
0.730967
0.733294
0.735558
0.737759
0.739900
0.741983
0.744008
0.745978
0.747894
0.749758
0.751571
0.753335
0.755051
0.756719
0.758343
0.759923
0.761459
0.762954
0.764409
0.765824
0.767202
0.768542
0.769846
0.771114
0.772349
0.773551
0.774720
0.775858
0.776966
0.778044
0.779094
0.780115
0.781109
0.782077
0.783020
0.783937
0.784830
0.785700
0.786546
0.787371
0.788174
0.788955
0.789717
0.790458
0.791180
0.791884
0.792569
0.793237
0.793887
0.794520
0.795137
0.795739
0.796325
0.796896
0.797452
0.797994
0.798522
0.799037
0.799540
0.800029
0.800506
0.800971
0.801424
0.801867
0.802298
0.802718
0.803128
0.803528
0.803918
0.804299
0.804670
0.805032
0.805385
0.805730
0.806067
0.806395
0.806716
0.807029
0.807334
0.807633
0.807924
0.808208
0.808486
0.808757
0.809022
0.809281
0.809534
0.809781
0.810023
0.810259
0.810489
0.810714
0.810934
0.811150
0.811360
0.811566
0.811767
0.811964
0.812156
0.812344
0.812528
0.812708
0.812884
0.813057
0.813225
0.813390
0.813552
0.813710
0.813865
0.814017
0.814165
0.814311
0.814453
0.814593
0.814730
0.814864
0.814995
0.815124
0.815251
0.815374
0.815496
0.815615
0.815732
0.815846
0.815959
0.816069
0.816177
0.816284
0.816388
0.816490
0.816591
0.816690
0.816787
0.816882
0.816976
0.817067
0.817158
0.817246
0.817334
0.817419
0.817503
0.817586
0.817667
0.817747
0.817825
0.817903
0.817978
0.818053
0.818126
0.818198
0.818269
0.818339
0.818408
0.818475
0.818541
0.818607
0.818671
0.818735
0.818797
0.818858
0.818919
0.818978
0.819037
0.819094
0.819151
0.819207
0.819262
0.819316
0.819370
0.819422
0.819474
0.819525
0.819576
0.819625
0.819674
0.819722
0.819770
0.819817
0.819863
0.819908
0.819953
0.819997
0.820040
0.820083
0.820125
0.820166
0.820207
0.820247
0.820287
0.820326
0.820365
0.820403
0.820440
0.820477
0.820513
0.820549
0.820584
0.820619
0.820653
0.820687
0.820720
0.820753
0.820785
0.820817
0.820848
0.820879
0.820910
0.820940
0.820970
0.820999
0.821028
0.821056
0.821084
0.821112
0.821140
0.821167
0.821193
0.821220
0.821246
0.821272
0.821297
0.821322
0.821347
0.821371
0.821396
0.821420
0.821443
0.821467
0.821490
0.821513
0.821536
0.821558
0.821581
0.821603
0.821625
0.821646
0.821668
0.821689
0.821710
0.821731
0.821751
0.821772
0.821792
0.821813
0.821833
0.821852
0.821872
0.821892
0.821911
0.821930
0.821949
