0.000000
0.000000
0.000056
0.000167
0.000332
0.000550
0.000819
0.001138
0.001506
0.001923
0.002387
0.002897
0.003452
0.004051
0.004694
0.005380
0.006107
0.006876
0.007685
0.008534
0.009422
0.010350
0.011315
0.012319
0.013360
0.014438
0.015554
0.016706
0.017895
0.019120
0.020382
0.021679
0.023014
0.024384
0.025792
0.027236
0.028718
0.030238
0.031796
0.033392
0.035028
0.036704
0.038421
0.040180
0.041982
0.043827
0.045718
0.047655
0.049641
0.051675
0.053762
0.055901
0.058095
0.060347
0.062659
0.065033
0.067473
0.069983
0.072565
0.075225
0.077966
0.080793
0.083713
0.086732
0.089856
0.093094
0.096454
0.099947
0.103583
0.107371
0.111321
0.115439
0.119740
0.124244
0.128973
0.133957
0.139228
0.144826
0.150797
0.157195
0.164088
0.171548
0.179636
0.188349
0.197593
0.207183
0.216918
0.226628
0.236208
0.245611
0.254827
0.263851
0.272686
0.281332
0.289792
0.298069
0.306166
0.314087
0.321836
0.329417
0.336834
0.344091
0.351190
0.358133
0.364922
0.371558
0.378043
0.384380
0.390572
0.396621
0.402532
0.408308
0.413952
0.419468
0.424858
0.430127
0.435277
0.440312
0.445233
0.450044
0.454747
0.459346
0.463842
0.468238
0.472538
0.476743
0.480856
0.484879
0.488815
0.492666
0.496433
0.500120
0.503728
0.507260
0.510716
0.514100
0.517412
0.520656
0.523832
0.526942
0.529989
0.532973
0.535896
0.538760
0.541566
0.544316
0.547011
0.549652
0.552241
0.554778
0.557266
0.559705
0.562097
0.564443
0.566744
0.569002
0.571216
0.573390
0.575523
0.577617
0.579672
0.581690
0.583672
0.585618
0.587529
0.589407
0.591252
0.593065
0.594847
0.596598
0.598319
0.600012
0.601676
0.603313
0.604922
0.606506
0.608064
0.609597
0.611106
0.612590
0.614052
0.615492
0.616909
0.618304
0.619679
0.621033
0.622367
0.623681
0.624977
0.626253
0.627512
0.628753
0.629976
0.631182
0.632372
0.633546
0.634703
0.635846
0.636973
0.638085
0.639184
0.640268
0.641338
0.642395
0.643439
0.644470
0.645489
0.646495
0.647489
0.648472
0.649443
0.650403
0.651352
0.652290
0.653218
0.654135
0.655042
0.655940
0.656828
0.657706
0.658576
0.659436
0.660288
0.661131
0.661966
0.662793
0.663612
0.664423
0.665226
0.666022
0.666811
0.667593
0.668367
0.669135
0.669897
0.670651
0.671400
0.672142
0.672878
0.673608
0.674332
0.675050
0.675763
0.676470
0.677171
0.677868
0.678559
0.679245
0.679926
0.680602
0.681273
0.681939
0.682601
0.683258
0.683910
0.684558
0.685202
0.685841
0.686476
0.687107
0.687733
0.688356
0.688974
0.689589
0.690199
0.690806
0.691410
0.692009
0.692605
0.693198
0.693787
0.694372
0.694954
0.695533
0.696109
0.696682
0.697251
0.697818
0.698381
0.698941
0.699499
0.700053
0.700605
0.701154
0.701700
0.702243
0.702784
0.703321
0.703856
0.704389
0.704919
0.705446
0.705970
0.706492
0.707012
0.707529
0.708043
0.708555
0.709065
0.709572
0.710077
0.710580
0.711080
0.711578
0.712074
0.712567
0.713059
0.713548
0.714035
0.714520
0.715003
0.715484
0.715963
0.716440
0.716915
0.717389
0.717860
0.718330
0.718798
0.719264
0.719728
0.720191
0.720652
0.721112
0.721570
0.722026
0.722480
0.722933
0.723384
0.723833
0.724281
0.724727
0.725172
0.725614
0.726056
0.726496
0.726934
0.727371
0.727806
0.728240
0.728672
0.729102
0.729532
0.729959
0.730385
0.730810
0.731233
0.731655
0.732075
0.732494
0.732912
0.733328
0.733742
0.734155
0.734567
0.734977
0.735386
0.735794
0.736200
0.736605
0.737009
0.737411
0.737812
0.738212
0.738610
0.739007
0.739403
0.739797
0.740191
0.740582
0.740973
0.741363
0.741751
0.742138
0.742524
0.742908
0.743292
0.743674
0.744055
0.744435
0.744814
0.745192
0.745568
0.745944
0.746318
0.746691
0.747063
0.747434
0.747804
0.748173
0.748541
0.748907
0.749273
0.749637
0.750001
0.750363
0.750724
0.751085
0.751444
0.751802
