0.000000
0.135274
0.203333
0.248709
0.281929
0.307755
0.328674
0.346089
0.360910
0.373747
0.385000
0.394974
0.403908
0.411985
0.419345
0.426110
0.432389
0.438276
0.443853
0.449210
0.454467
0.459781
0.465427
0.471810
0.477385
0.479515
0.479801
0.479816
0.479817
0.479817
0.479817
0.479817
0.479817
0.479817
0.479817
0.479817
0.479817
0.479817
0.479817
0.479817
0.479817
0.479817
0.479817
0.479817
0.479817
0.479817
0.479817
0.479817
0.479817
0.479817
0.479817
0.479817
0.479817
0.479817
0.479817
0.479817
0.479817
0.479817
0.479817
0.479817
0.479817
0.479817
0.479817
0.479817
0.479817
0.479817
0.479817
0.479817
0.479817
0.479817
0.479817
0.479817
0.479817
0.479817
0.479817
0.479817
0.479817
0.479817
0.479817
0.479817
0.479817
0.479817
0.479817
0.479817
0.479817
0.479817
0.479817
0.479817
0.479817
0.479817
0.479817
0.479817
0.479817
0.479817
0.479817
0.479817
0.479817
0.479817
0.479817
0.479817
0.479817
0.479817
0.479817
0.479817
0.479817
0.479817
0.479817
0.479817
0.479817
0.479817
0.479817
0.479817
0.479817
0.479817
0.479817
0.479817
0.479817
0.479817
0.479817
0.479817
0.479817
0.479817
0.479817
0.479817
0.479817
0.479817
0.479817
0.479817
0.479817
0.479817
0.479817
0.479817
0.479817
0.479817
0.479817
0.479817
0.479817
0.479817
0.479817
0.479817
0.479817
0.479817
0.479817
0.479817
0.479817
0.479817
0.479817
0.479817
0.479817
0.479817
0.479817
0.479817
0.479817
0.479817
0.479817
0.479817
0.479817
0.479817
0.479817
0.479817
0.479817
0.479817
0.479817
0.479817
0.479817
0.479817
0.479817
0.479817
0.479817
0.479817
0.479817
0.479817
0.479817
0.479817
0.479817
0.479817
0.479817
0.479817
0.479817
0.479817
0.479817
0.479817
0.479817
0.479817
0.479817
0.479817
0.479817
0.479817
0.479817
0.479817
0.479817
0.479817
0.479817
0.479817
0.479817
0.479817
0.479817
0.479817
0.479817
0.479817
0.479817
0.479817
0.479817
0.479817
0.479817
0.479817
0.479817
0.479817
0.479817
0.479817
0.479817
0.479817
0.479817
0.479817
0.479817
0.479817
0.479817
0.479817
0.479817
0.479817
0.479817
0.479817
0.479817
0.479817
0.479817
0.479817
0.479817
0.479817
0.479817
0.479817
0.479817
0.479817
0.479817
0.479817
0.479817
0.479817
0.479817
0.479817
0.479817
0.479817
0.479817
0.479817
0.479817
0.479817
0.479817
0.479817
0.479817
0.479817
0.479817
0.479817
0.479817
0.479817
0.479817
0.479817
0.479817
0.479817
0.479817
0.479817
0.479817
0.479817
0.479817
0.479817
0.479817
0.479817
0.479817
0.479817
0.479817
0.479817
0.479817
0.479817
0.479817
0.479817
0.479817
0.479817
0.479817
0.479817
0.479817
0.479817
0.479817
0.479817
0.479817
0.479817
0.479817
0.479817
0.479817
0.479817
0.479817
0.479817
0.479817
0.479817
0.479817
0.479817
0.479817
0.479817
0.479817
0.479817
0.479817
0.479817
0.479817
0.479817
0.479817
0.479817
0.479817
0.479817
0.479817
0.479817
0.479817
0.479817
0.479817
0.479817
0.479817
0.479817
0.479817
0.479817
0.479817
0.479817
0.479817
0.479817
0.479817
0.479817
0.479817
0.479817
0.479817
0.479817
0.479817
0.479817
0.479817
0.479817
0.479817
0.479817
0.479817
0.479817
0.479817
0.479817
0.479817
0.479817
0.479817
0.479817
0.479817
0.479817
0.479817
0.479817
0.479817
0.479817
0.479817
0.479817
0.479817
0.479817
0.479817
0.479817
0.479817
0.479817
0.479817
0.479817
0.479817
0.479817
0.479817
0.479817
0.479817
0.479817
0.479817
0.479817
0.479817
0.479817
0.479817
0.479817
0.479817
0.479817
0.479817
0.479817
0.479817
0.479817
0.479817
0.479817
0.479817
0.479817
0.479817
0.479817
0.479817
0.479817
0.479817
0.479817
0.479817
0.479817
0.479817
0.479817
0.479817
0.479817
0.479817
0.479817
0.479817
0.479817
0.479817
0.479817
0.479817
0.479817
0.479817
0.479817
0.479817
0.479817
0.479817
0.479817
0.479817
0.479817
0.479817
0.479817
0.479817
0.479817
0.479817
0.479817
0.479817
0.479817
0.479817
0.479817
0.479817
0.479817
0.479817
0.479817
0.479817
0.479817
0.479817
0.479817
0.479817
0.479817
0.479817
0.479817
0.479817
0.479817
0.479817
0.479817
0.479817
0.479817
0.479817
0.479817
0.479817
0.479817
0.479817
0.479817
0.479817
0.479817
0.479817
0.479817
0.479817
0.479817
0.479817
0.479817
0.479817
0.479817
0.479817
0.479817
0.479817
0.479817
0.479817
0.479817
0.479817
0.479817
0.479817
0.479817
0.479817
0.479817
0.479817
0.479817
0.479817
0.479817
0.479817
0.479817
0.479817
0.479817
0.479817
0.479817
0.479817
0.479817
0.479817
0.479817
0.479817
0.479817
0.479817
0.479817
0.479817
0.479817
0.479817
0.479817
0.479817
0.479817
0.479817
0.479817
0.479817
0.479817
0.479817
0.479817
0.479817
0.479817
0.479817
0.479817
0.479817
0.479817
0.479817
0.479817
0.479817
0.479817
0.479817
0.479817
0.479817
0.479817
0.479817
0.479817
0.479817
0.479817
0.479817
0.479817
0.479817
0.479817
0.479817
0.479817
0.479817
0.479817
0.479817
0.479817
0.479817
0.479817
0.479817
0.479817
0.479817
0.479817
0.479817
0.479817
0.479817
0.479817
0.479817
0.479817
0.479817
0.479817
0.479817
0.479817
0.479817
0.479817
0.479817
0.479817
0.479817
0.479817
0.479817
0.479817
0.479817
0.479817
0.479817
0.479817
0.479817
0.479817
0.479817
0.479817
0.479817
0.479817
0.479817
0.479817
0.479817
0.479817
0.479817
0.479817
0.479817
0.479817
0.479817
0.479817
0.479817
0.479817
0.479817
0.479817
0.479817
0.479817
0.479817
0.479817
0.479817
0.479817
0.479817
0.479817
0.479817
0.479817
0.479817
0.479817
0.479817
0.479817
0.479817
0.479817
0.479817
0.479817
0.479817
0.479817
0.479817
0.479817
0.479817
0.479817
0.479817
0.479817
0.479817
0.479817
0.479817
0.479817
0.479817
0.479817
0.479817
0.479817
