0.000000
0.022338
0.045664
0.071440
0.104321
0.146669
0.188865
0.218470
0.233769
0.241508
0.248307
0.257480
0.261307
0.263289
0.265266
0.267237
0.269202
0.271160
0.273113
0.275059
0.277000
0.278934
0.280862
0.282785
0.284701
0.286612
0.288516
0.290415
0.292309
0.294197
0.296079
0.297956
0.299827
0.301694
0.303555
0.305411
0.307261
0.309107
0.310947
0.312825
0.314504
0.316177
0.317847
0.319512
0.321173
0.322831
0.324484
0.326133
0.327778
0.329420
0.331057
0.332690
0.334319
0.335945
0.337567
0.339184
0.340798
0.342408
0.344015
0.345617
0.347216
0.348811
0.350402
0.351990
0.353574
0.355154
0.356730
0.358303
0.359872
0.361438
0.363000
0.364558
0.366113
0.367664
0.369212
0.370756
0.372297
0.373834
0.375368
0.376899
0.378426
0.379949
0.381469
0.382986
0.384500
0.386010
0.387517
0.389020
0.390521
0.392018
0.393512
0.395002
0.396490
0.397974
0.399455
0.400933
0.402408
0.403879
0.405348
0.406814
0.408276
0.409735
0.411192
0.412645
0.414096
0.415543
0.416988
0.418430
0.419869
0.421305
0.422738
0.424168
0.425595
0.427020
0.428442
0.429861
0.431277
0.432691
0.434102
0.435510
0.436916
0.438319
0.439719
0.441117
0.442512
0.443905
0.445295
0.446682
0.448067
0.449450
0.450830
0.452208
0.453583
0.454956
0.456326
0.457694
0.459060
0.460424
0.461785
0.463144
0.464500
0.465855
0.467207
0.468557
0.469904
0.471250
0.472593
0.473935
0.475274
0.476611
0.477946
0.479279
0.480610
0.481940
0.483267
0.484592
0.485915
0.487236
0.488555
0.489873
0.491189
0.492502
0.493814
0.495124
0.496433
0.497739
0.499044
0.500347
0.501649
0.502949
0.504247
0.505543
0.506838
0.508131
0.509423
0.510713
0.512001
0.513288
0.514574
0.515858
0.517140
0.518421
0.519701
0.520979
0.522256
0.523531
0.524805
0.526078
0.527350
0.528620
0.529888
0.531156
0.532422
0.533687
0.534951
0.536214
0.537475
0.538735
0.539995
0.541253
0.542510
0.543765
0.545020
0.546274
0.547526
0.548778
0.550029
0.551278
0.552527
0.553774
0.555021
0.556267
0.557512
0.558756
0.559999
0.561241
0.562483
0.563723
0.564963
0.566202
0.567440
0.568677
0.569914
0.571150
0.572385
0.573619
0.574853
0.576086
0.577318
0.578550
0.579781
0.581011
0.582241
0.583470
0.584698
0.585926
0.587154
0.588380
0.589607
0.590832
0.592057
0.593282
0.594506
0.595730
0.596953
0.598176
0.599398
0.600619
0.601841
0.603062
0.604282
0.605502
0.606722
0.607941
0.609160
0.610378
0.611596
0.612814
0.614031
0.615248
0.616465
0.617681
0.618897
0.620112
0.621328
0.622543
0.623757
0.624972
0.626186
0.627400
0.628613
0.629826
0.631039
0.632252
0.633465
0.634677
0.635889
0.637100
0.638312
0.639523
0.640734
0.641944
0.643155
0.644365
0.645575
0.646785
0.647994
0.649203
0.650412
0.651621
0.652830
0.654038
0.655246
0.656454
0.657661
0.658868
0.660076
0.661282
0.662489
0.663695
0.664901
0.666107
0.667313
0.668518
0.669723
0.670928
0.672133
0.673337
0.674541
0.675744
0.676948
0.678151
0.679354
0.680556
0.681758
0.682960
0.684162
0.685363
0.686564
0.687764
0.688965
0.690164
0.691364
0.692563
0.693761
0.694960
0.696157
0.697355
0.698552
0.699748
0.700945
0.702140
0.703335
0.704530
0.705724
0.706918
0.708111
0.709304
0.710496
0.711687
0.712878
0.714069
0.715259
0.716448
0.717636
0.718824
0.720012
0.721198
0.722384
0.723569
0.724754
0.725938
0.727121
0.728303
0.729485
0.730666
0.731846
0.733025
0.734203
0.735380
0.736557
0.737733
0.738907
0.740081
0.741254
0.742426
0.743597
0.744767
0.745936
0.747104
0.748271
0.749436
0.750601
0.751765
0.752927
0.754088
0.755248
0.756407
0.757565
0.758721
0.759876
0.761030
0.762183
0.763334
0.764484
0.765632
0.766779
0.767925
0.769069
0.770212
0.771353
0.772493
0.773631
0.774768
0.775903
0.777037
0.778169
0.779299
0.780427
0.781554
0.782680
0.783803
0.784925
0.786045
0.787163
0.788279
0.789393
0.790506
0.791617
0.792725
0.793832
0.794937
0.796039
0.797140
0.798239
0.799335
0.800430
0.801522
0.802613
0.803701
0.804786
0.805870
0.806951
0.808030
0.809107
0.810182
0.811254
0.812324
0.813391
0.814456
0.815518
0.816578
0.817636
0.818691
0.819743
0.820793
0.821840
0.822885
0.823927
0.824966
0.826003
0.827037
0.828068
0.829096
0.830122
0.831145
0.832165
0.833182
0.834196
0.835207
0.836216
0.837221
0.838224
0.839223
0.840219
0.841213
0.842203
0.843190
0.844174
0.845155
0.846133
0.847108
0.848079
0.849047
0.850012
0.850974
0.851932
0.852887
0.853839
0.854787
0.855732
0.856674
0.857612
0.858547
0.859478
0.860406
0.861330
0.862251
0.863168
0.864082
0.864992
0.865899
0.866802
0.867701
0.868597
0.869489
0.870377
0.871262
0.872143
0.873020
0.873893
0.874763
0.875629
0.876491
0.877349
0.878204
0.879054
0.879901
0.880744
0.881583
0.882418
0.883249
0.884077
0.884900
0.885719
0.886535
0.887346
0.888154
0.888957
0.889756
0.890552
0.891343
0.892130
0.892914
0.893693
0.894468
0.895239
0.896006
0.896768
0.897527
0.898282
0.899032
0.899778
0.900520
0.901258
0.901992
0.902722
0.903447
0.904168
0.904885
0.905598
0.906307
0.907011
0.907711
0.908407
0.909099
0.909787
0.910470
0.911149
0.911824
0.912495
0.913161
0.913823
0.914481
0.915135
0.915784
0.916429
0.917070
0.917707
0.918339
0.918967
0.919591
0.920211
0.920826
0.921437
0.922044
0.922647
0.923245
0.923840
0.924430
0.925015
0.925597
0.926174
0.926747
0.927316
0.927881
0.928441
0.928998
0.929550
0.930098
0.930641
0.931181
0.931716
0.932248
0.932775
0.933298
0.933817
0.934331
0.934842
0.935348
0.935851
0.936349
0.936843
0.937333
0.937819
0.938301
0.938779
0.939253
0.939723
0.940189
0.940651
0.941109
0.941563
0.942013
0.942459
0.942901
0.943339
0.943773
0.944204
0.944630
