0.000000
0.089448
0.201914
0.258122
0.144124
0.142995
0.158395
0.172499
0.185530
0.197681
0.209114
0.219968
0.230336
0.240305
0.250005
0.259582
0.269233
0.279328
0.290647
0.298752
0.302855
0.306669
0.310524
0.314420
0.318357
0.322336
0.326356
0.330416
0.334518
0.338660
0.342842
0.347065
0.351327
0.355629
0.359970
0.364350
0.368768
0.373224
0.377717
0.382367
0.386753
0.391194
0.395675
0.400196
0.404755
0.409351
0.413983
0.418650
0.423351
0.428085
0.432850
0.437647
0.442472
0.447327
0.452208
0.457116
0.462049
0.467006
0.471984
0.476984
0.482004
0.487042
0.492098
0.497169
0.502254
0.507353
0.512462
0.517582
0.522710
0.527846
0.532986
0.538131
0.543279
0.548427
0.553575
0.558721
0.563864
0.569001
0.574132
0.579254
0.584367
0.589469
0.594558
0.599633
0.604692
0.609735
0.614758
0.619762
0.624744
0.629703
0.634639
0.639548
0.644431
0.649285
0.654110
0.658904
0.663666
0.668394
0.673088
0.677746
0.682368
0.686952
0.691496
0.696001
0.700465
0.704886
0.709265
0.713600
0.717891
0.722136
0.726334
0.730486
0.734589
0.738645
0.742651
0.746608
0.750514
0.754370
0.758175
0.761927
0.765628
0.769276
0.772872
0.776414
0.779903
0.783338
0.786720
0.790047
0.793321
0.796540
0.799706
0.802817
0.805873
0.808876
0.811825
0.814719
0.817560
0.820348
0.823081
0.825762
0.828390
0.830965
0.833487
0.835958
0.838377
0.840745
0.843061
0.845328
0.847544
0.849711
0.851829
0.853898
0.855919
0.857893
0.859820
0.861700
0.863535
0.865324
0.867069
0.868770
0.870427
0.872042
0.873615
0.875146
0.876637
0.878087
0.879498
0.880870
0.882204
0.883501
0.884761
0.885985
0.887174
0.888328
0.889448
0.890535
0.891589
0.892611
0.893602
0.894563
0.895494
0.896395
0.897268
0.898113
0.898931
0.899722
0.900487
0.901227
0.901943
0.902634
0.903302
0.903947
0.904570
0.905171
0.905751
0.906311
0.906851
0.907371
0.907873
0.908357
0.908823
0.909271
0.909703
0.910119
0.910519
0.910904
0.911274
0.911630
0.911972
0.912301
0.912617
0.912920
0.913211
0.913491
0.913759
0.914016
0.914263
0.914499
0.914726
0.914943
0.915151
0.915351
0.915542
0.915724
0.915899
0.916066
0.916226
0.916379
0.916525
0.916664
0.916798
0.916925
0.917046
0.917162
0.917273
0.917379
0.917479
0.917575
0.917667
0.917754
0.917837
0.917916
0.917991
0.918063
0.918131
0.918196
0.918257
0.918316
0.918372
0.918424
0.918475
0.918522
0.918568
0.918611
0.918651
0.918690
0.918727
0.918762
0.918795
0.918826
0.918855
0.918883
0.918910
0.918935
0.918959
0.918981
0.919002
0.919022
0.919041
0.919059
0.919076
0.919092
0.919107
0.919121
0.919135
0.919147
0.919159
0.919170
0.919181
0.919191
0.919200
0.919209
0.919218
0.919225
0.919233
0.919240
0.919246
0.919252
0.919258
0.919264
0.919269
0.919273
0.919278
0.919282
0.919286
0.919290
0.919293
0.919296
0.919299
0.919302
0.919305
0.919307
0.919310
0.919312
0.919314
0.919316
0.919318
0.919319
0.919321
0.919322
0.919324
0.919325
0.919326
0.919327
0.919328
0.919329
0.919330
0.919331
0.919332
0.919332
0.919333
0.919334
0.919334
0.919335
0.919335
0.919336
0.919336
0.919337
0.919337
0.919337
0.919338
0.919338
0.919338
0.919338
0.919339
0.919339
0.919339
0.919339
0.919340
0.919340
0.919340
0.919340
0.919340
0.919340
0.919340
0.919340
0.919341
0.919341
0.919341
0.919341
0.919341
0.919341
0.919341
0.919341
0.919341
0.919341
0.919341
0.919341
0.919341
0.919341
0.919341
0.919341
0.919341
0.919341
0.919341
0.919341
0.919341
0.919341
0.919341
0.919341
0.919341
0.919341
0.919341
0.919342
0.919342
0.919342
0.919342
0.919342
0.919342
0.919342
0.919342
0.919342
0.919342
0.919342
0.919342
0.919342
0.919342
0.919342
0.919342
0.919342
0.919342
0.919342
0.919342
0.919342
0.919342
0.919342
0.919342
0.919342
0.919342
0.919342
0.919342
0.919342
0.919342
0.919342
0.919342
0.919342
0.919342
0.919342
0.919342
0.919342
0.919342
0.919342
0.919342
0.919342
0.919342
0.919342
0.919342
0.919342
0.919342
0.919342
0.919342
0.919342
0.919342
0.919342
0.919342
0.919342
0.919342
0.919342
0.919342
0.919342
0.919342
0.919342
0.919342
0.919342
0.919342
0.919342
0.919342
0.919342
0.919342
0.919342
0.919342
0.919342
0.919342
0.919342
0.919342
0.919342
0.919342
0.919342
0.919342
0.919342
0.919342
0.919342
0.919342
0.919342
0.919342
0.919342
0.919342
0.919342
0.919342
0.919342
0.919342
0.919342
0.919342
0.919342
0.919342
0.919342
0.919342
0.919342
0.919342
0.919342
0.919342
0.919342
0.919342
0.919342
0.919342
0.919342
0.919342
0.919342
0.919342
0.919342
0.919342
0.919342
0.919342
0.919342
0.919342
0.919342
0.919342
0.919342
0.919342
0.919342
0.919342
0.919342
0.919342
0.919342
0.919342
0.919342
0.919342
0.919342
0.919342
0.919342
0.919342
0.919342
0.919342
0.919342
0.919342
0.919342
0.919342
0.919342
0.919342
0.919342
0.919342
0.919342
0.919342
0.919342
0.919342
0.919342
0.919342
0.919342
0.919342
0.919342
0.919342
0.919342
0.919342
0.919342
0.919342
0.919342
0.919342
0.919342
0.919342
0.919342
0.919342
0.919342
0.919342
0.919342
0.919342
0.919342
0.919342
0.919342
0.919342
0.919342
0.919342
0.919342
0.919342
0.919342
0.919342
0.919342
0.919342
0.919342
0.919342
0.919342
0.919342
0.919342
0.919342
0.919342
0.919342
0.919342
0.919342
0.919342
0.919342
0.919342
0.919342
0.919342
0.919342
0.919342
0.919342
0.919342
0.919342
0.919342
0.919342
0.919342
0.919342
0.919342
0.919342
0.919342
0.919342
0.919342
0.919342
0.919342
0.919342
0.919342
0.919342
0.919342
0.919342
0.919342
0.919342
0.919342
0.919342
0.919342
0.919342
0.919342
0.919342
0.919342
0.919342
0.919342
0.919342
0.919342
0.919342
0.919342
0.919342
0.919342
