0.000000
0.089377
0.191470
0.188413
0.109391
0.116531
0.131499
0.145128
0.157652
0.169265
0.180135
0.190400
0.200155
0.209489
0.218530
0.227429
0.236378
0.245756
0.256333
0.263529
0.266813
0.269824
0.272859
0.275920
0.279008
0.282123
0.285264
0.288432
0.291628
0.294851
0.298102
0.301381
0.304688
0.308023
0.311386
0.314778
0.318199
0.321649
0.325127
0.328707
0.332046
0.335437
0.338861
0.342318
0.345806
0.349326
0.352877
0.356460
0.360074
0.363718
0.367394
0.371099
0.374834
0.378599
0.382394
0.386217
0.390069
0.393950
0.397858
0.401793
0.405756
0.409745
0.413760
0.417801
0.421866
0.425956
0.430070
0.434207
0.438367
0.442548
0.446751
0.450974
0.455217
0.459479
0.463760
0.468058
0.472373
0.476704
0.481051
0.485412
0.489786
0.494173
0.498572
0.502982
0.507402
0.511832
0.516269
0.520714
0.525166
0.529622
0.534084
0.538549
0.543016
0.547486
0.551955
0.556425
0.560893
0.565359
0.569822
0.574281
0.578734
0.583181
0.587621
0.592053
0.596475
0.600888
0.605289
0.609678
0.614055
0.618417
0.622764
0.627096
0.631411
0.635708
0.639986
0.644245
0.648484
0.652701
0.656896
0.661068
0.665217
0.669341
0.673439
0.677511
0.681557
0.685574
0.689563
0.693523
0.697453
0.701352
0.705221
0.709057
0.712861
0.716632
0.720369
0.724071
0.727739
0.731372
0.734969
0.738530
0.742053
0.745540
0.748989
0.752400
0.755772
0.759106
0.762401
0.765656
0.768872
0.772048
0.775183
0.778278
0.781333
0.784347
0.787319
0.790251
0.793142
0.795991
0.798799
0.801565
0.804290
0.806974
0.809616
0.812217
0.814776
0.817294
0.819771
0.822206
0.824601
0.826955
0.829267
0.831540
0.833772
0.835963
0.838115
0.840227
0.842299
0.844332
0.846326
0.848282
0.850199
0.852077
0.853918
0.855722
0.857488
0.859218
0.860911
0.862568
0.864189
0.865775
0.867327
0.868843
0.870326
0.871775
0.873191
0.874574
0.875924
0.877243
0.878530
0.879786
0.881011
0.882207
0.883372
0.884509
0.885617
0.886696
0.887748
0.888772
0.889769
0.890740
0.891685
0.892605
0.893499
0.894369
0.895215
0.896038
0.896837
0.897613
0.898368
0.899100
0.899812
0.900502
0.901172
0.901822
0.902452
0.903064
0.903656
0.904231
0.904787
0.905327
0.905849
0.906354
0.906844
0.907318
0.907776
0.908220
0.908648
0.909063
0.909464
0.909851
0.910225
0.910586
0.910935
0.911272
0.911597
0.911911
0.912213
0.912505
0.912786
0.913057
0.913319
0.913571
0.913813
0.914047
0.914271
0.914488
0.914696
0.914896
0.915089
0.915274
0.915452
0.915623
0.915787
0.915945
0.916096
0.916242
0.916381
0.916515
0.916644
0.916767
0.916885
0.916998
0.917107
0.917211
0.917310
0.917406
0.917497
0.917584
0.917668
0.917747
0.917824
0.917897
0.917967
0.918033
0.918097
0.918158
0.918216
0.918271
0.918324
0.918374
0.918423
0.918468
0.918512
0.918554
0.918593
0.918631
0.918667
0.918701
0.918734
0.918765
0.918794
0.918823
0.918849
0.918874
0.918899
0.918921
0.918943
0.918964
0.918983
0.919002
0.919019
0.919036
0.919052
0.919067
0.919081
0.919094
0.919107
0.919119
0.919131
0.919141
0.919152
0.919161
0.919170
0.919179
0.919187
0.919195
0.919202
0.919209
0.919215
0.919222
0.919227
0.919233
0.919238
0.919243
0.919247
0.919252
0.919256
0.919259
0.919263
0.919266
0.919269
0.919272
0.919275
0.919278
0.919280
0.919283
0.919285
0.919287
0.919289
0.919291
0.919292
0.919294
0.919295
0.919297
0.919298
0.919299
0.919300
0.919301
0.919302
0.919303
0.919304
0.919305
0.919306
0.919306
0.919307
0.919308
0.919308
0.919309
0.919309
0.919310
0.919310
0.919311
0.919311
0.919311
0.919312
0.919312
0.919312
0.919313
0.919313
0.919313
0.919313
0.919313
0.919314
0.919314
0.919314
0.919314
0.919314
0.919314
0.919314
0.919315
0.919315
0.919315
0.919315
0.919315
0.919315
0.919315
0.919315
0.919315
0.919315
0.919315
0.919315
0.919315
0.919315
0.919315
0.919316
0.919316
0.919316
0.919316
0.919316
0.919316
0.919316
0.919316
0.919316
0.919316
0.919316
0.919316
0.919316
0.919316
0.919316
0.919316
0.919316
0.919316
0.919316
0.919316
0.919316
0.919316
0.919316
0.919316
0.919316
0.919316
0.919316
0.919316
0.919316
0.919316
0.919316
0.919316
0.919316
0.919316
0.919316
0.919316
0.919316
0.919316
0.919316
0.919316
0.919316
0.919316
0.919316
0.919316
0.919316
0.919316
0.919316
0.919316
0.919316
0.919316
0.919316
0.919316
0.919316
0.919316
0.919316
0.919316
0.919316
0.919316
0.919316
0.919316
0.919316
0.919316
0.919316
0.919316
0.919316
0.919316
0.919316
0.919316
0.919316
0.919316
0.919316
0.919316
0.919316
0.919316
0.919316
0.919316
0.919316
0.919316
0.919316
0.919316
0.919316
0.919316
0.919316
0.919316
0.919316
0.919316
0.919316
0.919316
0.919316
0.919316
0.919316
0.919316
0.919316
0.919316
0.919316
0.919316
0.919316
0.919316
0.919316
0.919316
0.919316
0.919316
0.919316
0.919316
0.919316
0.919316
0.919316
0.919316
0.919316
0.919316
0.919316
0.919316
0.919316
0.919316
0.919316
0.919316
0.919316
0.919316
0.919316
0.919316
0.919316
0.919316
0.919316
0.919316
0.919316
0.919316
0.919316
0.919316
0.919316
0.919316
0.919316
0.919316
0.919316
0.919316
0.919316
0.919316
0.919316
0.919316
0.919316
0.919316
0.919316
0.919316
0.919316
0.919316
0.919316
0.919316
0.919316
0.919316
0.919316
0.919316
0.919316
0.919316
0.919316
0.919316
0.919316
0.919316
0.919316
0.919316
0.919316
0.919316
0.919316
0.919316
0.919316
0.919316
0.919316
0.919316
0.919316
0.919316
0.919316
0.919316
0.919316
0.919316
0.919316
0.919316
0.919316
0.919316
0.919316
0.919316
0.919316
0.919316
0.919316
0.919316
0.919316
0.919316
0.919316
0.919316
0.919316
0.919316
0.919316
0.919316
0.919316
0.919316
0.919316
0.919316
0.919316
0.919316
