0.000000
0.139025
0.209240
0.256007
0.290156
0.316671
0.338103
0.355926
0.371092
0.384214
0.395706
0.405890
0.415011
0.423253
0.430762
0.437668
0.444082
0.450099
0.455799
0.461289
0.466703
0.472227
0.478228
0.485005
0.489777
0.490950
0.491040
0.491042
0.491043
0.491043
0.491043
0.491043
0.491043
0.491043
0.491043
0.491043
0.491043
0.491043
0.491043
0.491043
0.491043
0.491043
0.491043
0.491043
0.491043
0.491043
0.491043
0.491043
0.491043
0.491043
0.491043
0.491043
0.491043
0.491043
0.491043
0.491043
0.491043
0.491043
0.491043
0.491043
0.491043
0.491043
0.491043
0.491043
0.491043
0.491043
0.491043
0.491043
0.491043
0.491043
0.491043
0.491043
0.491043
0.491043
0.491043
0.491043
0.491043
0.491043
0.491043
0.491043
0.491043
0.491043
0.491043
0.491043
0.491043
0.491043
0.491043
0.491043
0.491043
0.491043
0.491043
0.491043
0.491043
0.491043
0.491043
0.491043
0.491043
0.491043
0.491043
0.491043
0.491043
0.491043
0.491043
0.491043
0.491043
0.491043
0.491043
0.491043
0.491043
0.491043
0.491043
0.491043
0.491043
0.491043
0.491043
0.491043
0.491043
0.491043
0.491043
0.491043
0.491043
0.491043
0.491043
0.491043
0.491043
0.491043
0.491043
0.491043
0.491043
0.491043
0.491043
0.491043
0.491043
0.491043
0.491043
0.491043
0.491043
0.491043
0.491043
0.491043
0.491043
0.491043
0.491043
0.491043
0.491043
0.491043
0.491043
0.491043
0.491043
0.491043
0.491043
0.491043
0.491043
0.491043
0.491043
0.491043
0.491043
0.491043
0.491043
0.491043
0.491043
0.491043
0.491043
0.491043
0.491043
0.491043
0.491043
0.491043
0.491043
0.491043
0.491043
0.491043
0.491043
0.491043
0.491043
0.491043
0.491043
0.491043
0.491043
0.491043
0.491043
0.491043
0.491043
0.491043
0.491043
0.491043
0.491043
0.491043
0.491043
0.491043
0.491043
0.491043
0.491043
0.491043
0.491043
0.491043
0.491043
0.491043
0.491043
0.491043
0.491043
0.491043
0.491043
0.491043
0.491043
0.491043
0.491043
0.491043
0.491043
0.491043
0.491043
0.491043
0.491043
0.491043
0.491043
0.491043
0.491043
0.491043
0.491043
0.491043
0.491043
0.491043
0.491043
0.491043
0.491043
0.491043
0.491043
0.491043
0.491043
0.491043
0.491043
0.491043
0.491043
0.491043
0.491043
0.491043
0.491043
0.491043
0.491043
0.491043
0.491043
0.491043
0.491043
0.491043
0.491043
0.491043
0.491043
0.491043
0.491043
0.491043
0.491043
0.491043
0.491043
0.491043
0.491043
0.491043
0.491043
0.491043
0.491043
0.491043
0.491043
0.491043
0.491043
0.491043
0.491043
0.491043
0.491043
0.491043
0.491043
0.491043
0.491043
0.491043
0.491043
0.491043
0.491043
0.491043
0.491043
0.491043
0.491043
0.491043
0.491043
0.491043
0.491043
0.491043
0.491043
0.491043
0.491043
0.491043
0.491043
0.491043
0.491043
0.491043
0.491043
0.491043
0.491043
0.491043
0.491043
0.491043
0.491043
0.491043
0.491043
0.491043
0.491043
0.491043
0.491043
0.491043
0.491043
0.491043
0.491043
0.491043
0.491043
0.491043
0.491043
0.491043
0.491043
0.491043
0.491043
0.491043
0.491043
0.491043
0.491043
0.491043
0.491043
0.491043
0.491043
0.491043
0.491043
0.491043
0.491043
0.491043
0.491043
0.491043
0.491043
0.491043
0.491043
0.491043
0.491043
0.491043
0.491043
0.491043
0.491043
0.491043
0.491043
0.491043
0.491043
0.491043
0.491043
0.491043
0.491043
0.491043
0.491043
0.491043
0.491043
0.491043
0.491043
0.491043
0.491043
0.491043
0.491043
0.491043
0.491043
0.491043
0.491043
0.491043
0.491043
0.491043
0.491043
0.491043
0.491043
0.491043
0.491043
0.491043
0.491043
0.491043
0.491043
0.491043
0.491043
0.491043
0.491043
0.491043
0.491043
0.491043
0.491043
0.491043
0.491043
0.491043
0.491043
0.491043
0.491043
0.491043
0.491043
0.491043
0.491043
0.491043
0.491043
0.491043
0.491043
0.491043
0.491043
0.491043
0.491043
0.491043
0.491043
0.491043
0.491043
0.491043
0.491043
0.491043
0.491043
0.491043
0.491043
0.491043
0.491043
0.491043
0.491043
0.491043
0.491043
0.491043
0.491043
0.491043
0.491043
0.491043
0.491043
0.491043
0.491043
0.491043
0.491043
0.491043
0.491043
0.491043
0.491043
0.491043
0.491043
0.491043
0.491043
0.491043
0.491043
0.491043
0.491043
0.491043
0.491043
0.491043
0.491043
0.491043
0.491043
0.491043
0.491043
0.491043
0.491043
0.491043
0.491043
0.491043
0.491043
0.491043
0.491043
0.491043
0.491043
0.491043
0.491043
0.491043
0.491043
0.491043
0.491043
0.491043
0.491043
0.491043
0.491043
0.491043
0.491043
0.491043
0.491043
0.491043
0.491043
0.491043
0.491043
0.491043
0.491043
0.491043
0.491043
0.491043
0.491043
0.491043
0.491043
0.491043
0.491043
0.491043
0.491043
0.491043
0.491043
0.491043
0.491043
0.491043
0.491043
0.491043
0.491043
0.491043
0.491043
0.491043
0.491043
0.491043
0.491043
0.491043
0.491043
0.491043
0.491043
0.491043
0.491043
0.491043
0.491043
0.491043
0.491043
0.491043
0.491043
0.491043
0.491043
0.491043
0.491043
0.491043
0.491043
0.491043
0.491043
0.491043
0.491043
0.491043
0.491043
0.491043
0.491043
0.491043
0.491043
0.491043
0.491043
0.491043
0.491043
0.491043
0.491043
0.491043
0.491043
0.491043
0.491043
0.491043
0.491043
0.491043
0.491043
0.491043
0.491043
0.491043
0.491043
0.491043
0.491043
0.491043
0.491043
0.491043
0.491043
0.491043
0.491043
0.491043
0.491043
0.491043
0.491043
0.491043
0.491043
0.491043
0.491043
0.491043
0.491043
0.491043
0.491043
0.491043
0.491043
0.491043
0.491043
0.491043
0.491043
0.491043
0.491043
0.491043
0.491043
0.491043
0.491043
0.491043
0.491043
0.491043
0.491043
0.491043
0.491043
0.491043
0.491043
0.491043
0.491043
0.491043
0.491043
0.491043
0.491043
0.491043
0.491043
0.491043
0.491043
0.491043
0.491043
0.491043
