0.000000
0.012315
0.025033
0.038439
0.053213
0.070393
0.080650
0.091986
0.106116
0.125564
0.152418
0.185132
0.217729
0.243405
0.258947
0.265855
0.268084
0.269070
0.270394
0.272190
0.274147
0.276115
0.278077
0.280034
0.281984
0.283929
0.285869
0.287802
0.289731
0.291653
0.293571
0.295483
0.297389
0.299291
0.301186
0.303077
0.304963
0.306843
0.308718
0.310636
0.312352
0.314058
0.315760
0.317458
0.319151
0.320840
0.322525
0.324206
0.325883
0.327555
0.329223
0.330888
0.332548
0.334204
0.335856
0.337503
0.339147
0.340787
0.342423
0.344055
0.345682
0.347306
0.348926
0.350542
0.352154
0.353762
0.355366
0.356966
0.358562
0.360155
0.361743
0.363328
0.364909
0.366486
0.368060
0.369629
0.371195
0.372757
0.374316
0.375870
0.377421
0.378969
0.380512
0.382052
0.383588
0.385121
0.386650
0.388175
0.389697
0.391216
0.392730
0.394241
0.395749
0.397253
0.398754
0.400251
0.401745
0.403235
0.404722
0.406205
0.407685
0.409162
0.410635
0.412105
0.413571
0.415034
0.416494
0.417950
0.419404
0.420854
0.422300
0.423744
0.425184
0.426621
0.428055
0.429485
0.430913
0.432337
0.433758
0.435176
0.436591
0.438003
0.439411
0.440817
0.442220
0.443619
0.445016
0.446409
0.447800
0.449187
0.450572
0.451954
0.453332
0.454708
0.456081
0.457451
0.458818
0.460183
0.461544
0.462903
0.464258
0.465611
0.466962
0.468309
0.469654
0.470996
0.472335
0.473672
0.475005
0.476336
0.477665
0.478991
0.480314
0.481635
0.482953
0.484268
0.485581
0.486891
0.488199
0.489504
0.490807
0.492107
0.493404
0.494699
0.495992
0.497282
0.498570
0.499856
0.501139
0.502419
0.503698
0.504974
0.506247
0.507518
0.508787
0.510054
0.511318
0.512580
0.513840
0.515097
0.516353
0.517606
0.518857
0.520105
0.521352
0.522596
0.523838
0.525078
0.526316
0.527552
0.528786
0.530017
0.531247
0.532474
0.533700
0.534923
0.536144
0.537364
0.538581
0.539797
0.541010
0.542222
0.543431
0.544639
0.545844
0.547048
0.548250
0.549450
0.550648
0.551845
0.553039
0.554232
0.555423
0.556612
0.557799
0.558984
0.560168
0.561350
0.562530
0.563709
0.564885
0.566060
0.567234
0.568405
0.569575
0.570744
0.571910
0.573075
0.574239
0.575401
0.576561
0.577719
0.578876
0.580032
0.581186
0.582338
0.583489
0.584638
0.585786
0.586932
0.588077
0.589220
0.590361
0.591502
0.592640
0.593778
0.594914
0.596048
0.597181
0.598313
0.599443
0.600572
0.601699
0.602825
0.603950
0.605073
0.606195
0.607316
0.608435
0.609553
0.610670
0.611785
0.612899
0.614012
0.615123
0.616233
0.617342
0.618450
0.619556
0.620661
0.621765
0.622868
0.623969
0.625069
0.626168
0.627266
0.628362
0.629458
0.630552
0.631645
0.632737
0.633828
0.634917
0.636005
0.637093
0.638179
0.639263
0.640347
0.641430
0.642511
0.643592
0.644671
0.645749
0.646826
0.647902
0.648977
0.650051
0.651124
0.652195
0.653266
0.654335
0.655404
0.656471
0.657537
0.658602
0.659667
0.660730
0.661792
0.662853
0.663913
0.664972
0.666030
0.667086
0.668142
0.669197
0.670251
0.671304
0.672355
0.673406
0.674456
0.675504
0.676552
0.677599
0.678644
0.679689
0.680732
0.681775
0.682817
0.683857
0.684897
0.685935
0.686973
0.688009
0.689045
0.690079
0.691113
0.692145
0.693177
0.694208
0.695237
0.696266
0.697293
0.698319
0.699345
0.700369
0.701393
0.702415
0.703437
0.704457
0.705477
0.706495
0.707512
0.708529
0.709544
0.710558
0.711571
0.712584
0.713595
0.714605
0.715614
0.716622
0.717629
0.718635
0.719640
0.720644
0.721647
0.722649
0.723649
0.724649
0.725647
0.726645
0.727641
0.728637
0.729631
0.730624
0.731616
0.732607
0.733597
0.734586
0.735573
0.736560
0.737545
0.738530
0.739513
0.740495
0.741476
0.742455
0.743434
0.744411
0.745388
0.746363
0.747337
0.748309
0.749281
0.750251
0.751220
0.752188
0.753155
0.754121
0.755085
0.756048
0.757010
0.757970
0.758930
0.759888
0.760845
0.761800
0.762755
0.763708
0.764659
0.765610
0.766559
0.767507
0.768453
0.769398
0.770342
0.771285
0.772226
0.773166
0.774104
0.775041
0.775977
0.776911
0.777844
0.778776
0.779706
0.780634
0.781562
0.782487
0.783412
0.784335
0.785256
0.786176
0.787095
0.788012
0.788927
0.789841
0.790754
0.791665
0.792574
0.793482
0.794389
0.795294
0.796197
0.797099
0.797999
0.798897
0.799794
0.800690
0.801584
0.802476
0.803366
0.804255
0.805142
0.806028
0.806912
0.807794
0.808674
0.809553
0.810430
0.811306
0.812180
0.813052
0.813922
0.814790
0.815657
0.816522
0.817385
0.818247
0.819106
0.819964
0.820820
0.821674
0.822527
0.823377
0.824226
0.825073
0.825917
0.826761
0.827602
0.828441
0.829278
0.830114
0.830947
0.831779
0.832609
0.833436
0.834262
0.835086
0.835908
0.836728
0.837546
0.838361
0.839175
0.839987
0.840797
0.841605
0.842410
0.843214
0.844016
0.844815
0.845613
0.846408
0.847201
0.847992
0.848782
0.849568
0.850353
0.851136
0.851916
0.852695
0.853471
0.854245
0.855017
0.855787
0.856554
0.857319
0.858083
0.858843
0.859602
0.860358
0.861113
0.861864
0.862614
0.863362
0.864107
0.864850
0.865590
0.866328
0.867064
0.867798
0.868529
0.869258
0.869985
0.870709
0.871431
0.872151
0.872869
0.873583
0.874296
0.875006
0.875714
0.876420
0.877123
0.877823
0.878522
0.879218
0.879911
0.880602
0.881291
0.881977
0.882661
0.883342
0.884021
0.884697
0.885371
0.886042
0.886711
0.887378
0.888042
0.888704
0.889363
0.890019
0.890673
0.891325
0.891974
0.892620
0.893264
0.893906
0.894545
0.895181
0.895815
0.896447
0.897076
0.897702
0.898326
0.898947
0.899566
0.900182
0.900795
0.901406
0.902015
0.902621
0.903224
0.903825
0.904423
0.905018
0.905611
0.906202
0.906790
0.907375
0.907958
0.908538
0.909115
0.909690
0.910262
0.910832
0.911399
0.911964
0.912525
