0.000000
0.002536
0.009788
0.019218
0.029621
0.041760
0.062402
0.122221
0.212740
0.244240
0.256969
0.261013
0.264323
0.268258
0.273333
0.275919
0.278285
0.280662
0.283051
0.285449
0.287857
0.290274
0.292700
0.295134
0.297578
0.300031
0.302494
0.304966
0.307450
0.309944
0.312450
0.314968
0.317498
0.320041
0.322598
0.325168
0.327753
0.330352
0.332965
0.335671
0.338145
0.340626
0.343123
0.345640
0.348174
0.350727
0.353299
0.355889
0.358499
0.361127
0.363775
0.366441
0.369128
0.371833
0.374559
0.377303
0.380068
0.382852
0.385656
0.388480
0.391324
0.394187
0.397071
0.399974
0.402897
0.405840
0.408802
0.411784
0.414786
0.417807
0.420847
0.423907
0.426986
0.430083
0.433200
0.436335
0.439489
0.442661
0.445852
0.449060
0.452286
0.455529
0.458790
0.462068
0.465362
0.468673
0.472000
0.475343
0.478702
0.482075
0.485464
0.488868
0.492285
0.495717
0.499162
0.502621
0.506092
0.509575
0.513071
0.516578
0.520097
0.523626
0.527165
0.530715
0.534274
0.537842
0.541418
0.545003
0.548595
0.552195
0.555801
0.559413
0.563031
0.566654
0.570282
0.573914
0.577550
0.581189
0.584831
0.588475
0.592120
0.595767
0.599414
0.603062
0.606709
0.610355
0.613999
0.617642
0.621282
0.624919
0.628553
0.632182
0.635807
0.639427
0.643041
0.646649
0.650250
0.653844
0.657431
0.661009
0.664579
0.668140
0.671691
0.675232
0.678762
0.682281
0.685788
0.689284
0.692767
0.696237
0.699694
0.703137
0.706566
0.709980
0.713379
0.716762
0.720129
0.723480
0.726815
0.730132
0.733432
0.736713
0.739977
0.743222
0.746448
0.749654
0.752841
0.756009
0.759155
0.762282
0.765387
0.768471
0.771534
0.774575
0.777594
0.780591
0.783565
0.786516
0.789445
0.792350
0.795232
0.798091
0.800925
0.803736
0.806523
0.809285
0.812022
0.814736
0.817424
0.820087
0.822726
0.825339
0.827927
0.830490
0.833027
0.835539
0.838025
0.840485
0.842920
0.845329
0.847712
0.850070
0.852401
0.854707
0.856987
0.859241
0.861469
0.863671
0.865847
0.867998
0.870123
0.872222
0.874295
0.876343
0.878365
0.880361
0.882333
0.884278
0.886199
0.888094
0.889965
0.891810
0.893630
0.895426
0.897197
0.898943
0.900665
0.902363
0.904036
0.905686
0.907312
0.908914
0.910492
0.912047
0.913579
0.915088
0.916573
0.918036
0.919477
0.920895
0.922291
0.923665
0.925017
0.926347
0.927656
0.928944
0.930211
0.931456
0.932681
0.933886
0.935070
0.936234
0.937379
0.938503
0.939609
0.940695
0.941762
0.942810
0.943839
0.944850
0.945843
0.946818
0.947776
0.948715
0.949638
0.950543
0.951431
0.952303
0.953158
0.953997
0.954820
0.955627
0.956419
0.957195
0.957956
0.958702
0.959433
0.960150
0.960852
0.961540
0.962215
0.962875
0.963522
0.964156
0.964777
0.965385
0.965980
0.966562
0.967133
0.967691
0.968237
0.968772
0.969295
0.969807
0.970307
0.970797
0.971276
0.971744
0.972202
0.972650
0.973088
0.973516
0.973934
0.974343
0.974742
0.975132
0.975513
0.975886
0.976250
0.976605
0.976952
0.977290
0.977621
0.977944
0.978259
0.978567
0.978867
0.979160
0.979446
0.979724
0.979996
0.980262
0.980520
0.980773
0.981019
0.981258
0.981492
0.981720
0.981942
0.982159
0.982370
0.982575
0.982775
0.982970
0.983160
0.983345
0.983526
0.983701
0.983872
0.984038
0.984200
0.984357
0.984511
0.984660
0.984805
0.984946
0.985084
0.985217
0.985347
0.985473
0.985596
0.985716
0.985832
0.985945
0.986054
0.986161
0.986265
0.986365
0.986463
0.986558
0.986651
0.986740
0.986827
0.986912
0.986994
0.987074
0.987151
0.987226
0.987299
0.987369
0.987438
0.987505
0.987569
0.987632
0.987693
0.987752
0.987809
0.987864
0.987918
0.987970
0.988020
0.988069
0.988117
0.988162
0.988207
0.988250
0.988292
0.988332
0.988371
0.988409
0.988446
0.988482
0.988516
0.988549
0.988582
0.988613
0.988643
0.988672
0.988701
0.988728
0.988754
0.988780
0.988805
0.988829
0.988852
0.988874
0.988896
0.988917
0.988937
0.988956
0.988975
0.988993
0.989011
0.989028
0.989044
0.989060
0.989075
0.989090
0.989104
0.989118
0.989132
0.989144
0.989157
0.989169
0.989180
0.989191
0.989202
0.989212
0.989222
0.989232
0.989241
0.989250
0.989259
0.989267
0.989275
0.989283
0.989290
0.989297
0.989304
0.989311
0.989317
0.989324
0.989330
0.989335
0.989341
0.989346
0.989351
0.989356
0.989361
0.989365
0.989370
0.989374
0.989378
0.989382
0.989386
0.989389
0.989393
0.989396
0.989399
0.989402
0.989405
0.989408
0.989411
0.989413
0.989416
0.989418
0.989421
0.989423
0.989425
0.989427
0.989429
0.989431
0.989433
0.989435
0.989436
0.989438
0.989439
0.989441
0.989442
0.989444
0.989445
0.989446
0.989447
0.989449
0.989450
0.989451
0.989452
0.989453
0.989454
0.989455
0.989455
0.989456
0.989457
0.989458
0.989459
0.989459
0.989460
0.989461
0.989461
0.989462
0.989462
0.989463
0.989463
0.989464
0.989464
0.989465
0.989465
0.989465
0.989466
0.989466
0.989467
0.989467
0.989467
0.989468
0.989468
0.989468
0.989468
0.989469
0.989469
0.989469
0.989469
0.989470
0.989470
0.989470
0.989470
0.989470
0.989471
0.989471
0.989471
0.989471
0.989471
0.989471
0.989471
0.989472
0.989472
0.989472
0.989472
0.989472
0.989472
0.989472
0.989472
0.989472
0.989472
0.989472
0.989473
0.989473
0.989473
0.989473
0.989473
0.989473
0.989473
0.989473
0.989473
0.989473
0.989473
0.989473
0.989473
0.989473
0.989473
0.989473
0.989473
0.989473
0.989473
0.989473
0.989473
0.989473
0.989473
0.989473
0.989474
0.989474
0.989474
0.989474
0.989474
0.989474
0.989474
0.989474
0.989474
0.989474
0.989474
0.989474
0.989474
0.989474
0.989474
0.989474
0.989474
0.989474
0.989474
0.989474
0.989474
0.989474
0.989474
0.989474
0.989474
0.989474
0.989474
0.989474
0.989474
0.989474
0.989474
0.989474
