0.000000
0.014101
0.028498
0.058906
0.074515
0.084268
0.095021
0.106964
0.120328
0.135383
0.152488
0.172137
0.195002
0.221996
0.254392
0.294203
0.344335
0.406596
0.470710
0.489470
0.411931
0.320759
0.298610
0.299585
0.301853
0.304142
0.306441
0.308748
0.311064
0.313389
0.315722
0.318064
0.320415
0.322775
0.325145
0.327524
0.329914
0.332313
0.334724
0.337152
0.339366
0.341634
0.343918
0.346214
0.348525
0.350848
0.353186
0.355537
0.357902
0.360282
0.362675
0.365083
0.367506
0.369943
0.372395
0.374861
0.377343
0.379839
0.382351
0.384877
0.387419
0.389976
0.392548
0.395136
0.397739
0.400357
0.402990
0.405639
0.408303
0.410982
0.413677
0.416387
0.419111
0.421851
0.424606
0.427375
0.430160
0.432959
0.435772
0.438600
0.441442
0.444298
0.447168
0.450052
0.452950
0.455861
0.458785
0.461722
0.464672
0.467635
0.470610
0.473597
0.476596
0.479607
0.482629
0.485662
0.488706
0.491760
0.494825
0.497900
0.500984
0.504077
0.507180
0.510291
0.513411
0.516539
0.519674
0.522817
0.525966
0.529123
0.532285
0.535454
0.538628
0.541807
0.544991
0.548180
0.551372
0.554569
0.557768
0.560970
0.564175
0.567382
0.570591
0.573801
0.577012
0.580224
0.583436
0.586647
0.589858
0.593068
0.596276
0.599483
0.602687
0.605889
0.609088
0.612284
0.615475
0.618663
0.621846
0.625024
0.628197
0.631365
0.634526
0.637681
0.640829
0.643970
0.647104
0.650230
0.653347
0.656456
0.659557
0.662648
0.665730
0.668801
0.671863
0.674914
0.677955
0.680984
0.684002
0.687008
0.690003
0.692985
0.695954
0.698911
0.701854
0.704784
0.707701
0.710604
0.713492
0.716367
0.719226
0.722071
0.724901
0.727716
0.730515
0.733298
0.736066
0.738817
0.741552
0.744271
0.746973
0.749659
0.752327
0.754979
0.757613
0.760230
0.762829
0.765411
0.767974
0.770520
0.773048
0.775558
0.778049
0.780523
0.782977
0.785414
0.787831
0.790230
0.792610
0.794972
0.797314
0.799638
0.801943
0.804228
0.806495
0.808742
0.810970
0.813180
0.815370
0.817540
0.819692
0.821824
0.823938
0.826032
0.828106
0.830162
0.832198
0.834216
0.836214
0.838193
0.840153
0.842094
0.844015
0.845918
0.847802
0.849667
0.851514
0.853341
0.855150
0.856940
0.858712
0.860464
0.862199
0.863915
0.865613
0.867293
0.868954
0.870597
0.872223
0.873830
0.875420
0.876992
0.878546
0.880083
0.881602
0.883104
0.884589
0.886057
0.887507
0.888941
0.890358
0.891758
0.893141
0.894508
0.895859
0.897194
0.898512
0.899814
0.901100
0.902371
0.903626
0.904865
0.906089
0.907297
0.908491
0.909669
0.910832
0.911981
0.913114
0.914234
0.915338
0.916429
0.917505
0.918567
0.919616
0.920650
0.921671
0.922678
0.923672
0.924652
0.925619
0.926573
0.927515
0.928443
0.929359
0.930262
0.931153
0.932031
0.932898
0.933752
0.934594
0.935425
0.936244
0.937051
0.937847
0.938632
0.939406
0.940168
0.940920
0.941660
0.942390
0.943110
0.943819
0.944518
0.945206
0.945885
0.946553
0.947212
0.947861
0.948500
0.949130
0.949750
0.950361
0.950963
0.951556
0.952140
0.952715
0.953281
0.953839
0.954388
0.954929
0.955461
0.955986
0.956502
0.957010
0.957510
0.958003
0.958488
0.958965
0.959435
0.959898
0.960353
0.960801
0.961242
0.961676
0.962103
0.962523
0.962937
0.963344
0.963744
0.964138
0.964526
0.964907
0.965282
0.965651
0.966014
0.966371
0.966722
0.967068
0.967408
0.967742
0.968071
0.968394
0.968712
0.969025
0.969332
0.969635
0.969932
0.970224
0.970512
0.970794
0.971072
0.971345
0.971614
0.971878
0.972137
0.972392
0.972643
0.972890
0.973132
0.973370
0.973604
0.973834
0.974060
0.974282
0.974500
0.974714
0.974925
0.975132
0.975336
0.975536
0.975732
0.975925
0.976114
0.976301
0.976483
0.976663
0.976840
0.977013
0.977183
0.977351
0.977515
0.977676
0.977835
0.977990
0.978143
0.978293
0.978441
0.978585
0.978727
0.978867
0.979004
0.979138
0.979270
0.979400
0.979527
0.979652
0.979775
0.979895
0.980014
0.980130
0.980244
0.980355
0.980465
0.980573
0.980678
0.980782
0.980884
0.980984
0.981082
0.981178
0.981272
0.981365
0.981456
0.981545
0.981633
0.981718
0.981803
0.981885
0.981966
0.982046
0.982124
0.982200
0.982275
0.982349
0.982421
0.982492
0.982562
0.982630
0.982697
0.982762
0.982826
0.982889
0.982951
0.983012
0.983071
0.983130
0.983187
0.983243
0.983298
0.983352
0.983405
0.983456
0.983507
0.983557
0.983606
0.983653
0.983700
0.983746
0.983791
0.983836
0.983879
0.983921
0.983963
0.984004
0.984043
0.984083
0.984121
0.984159
0.984195
0.984232
0.984267
0.984302
0.984336
0.984369
0.984401
0.984433
0.984465
0.984495
0.984525
0.984555
0.984584
0.984612
0.984639
0.984667
0.984693
0.984719
0.984745
0.984770
0.984794
0.984818
0.984841
0.984864
0.984887
0.984909
0.984930
0.984951
0.984972
0.984992
0.985012
0.985031
0.985050
0.985069
0.985087
0.985105
0.985123
0.985140
0.985156
0.985173
0.985189
0.985204
0.985220
0.985235
0.985250
0.985264
0.985278
0.985292
0.985305
0.985319
0.985331
0.985344
0.985357
0.985369
0.985381
0.985392
0.985403
0.985415
0.985425
0.985436
0.985447
0.985457
0.985467
0.985476
0.985486
0.985495
0.985504
0.985513
0.985522
0.985531
0.985539
0.985547
0.985555
0.985563
0.985571
0.985578
0.985585
0.985592
0.985599
0.985606
0.985613
0.985620
0.985626
0.985632
0.985638
0.985644
0.985650
0.985656
0.985661
0.985667
0.985672
0.985677
0.985683
0.985688
0.985692
0.985697
0.985702
0.985706
0.985711
0.985715
0.985719
0.985724
0.985728
0.985732
0.985736
0.985739
0.985743
0.985747
0.985750
0.985754
0.985757
0.985760
0.985764
0.985767
0.985770
0.985773
0.985776
0.985779
0.985781
0.985784
0.985787
0.985789
0.985792
0.985795
0.985797
0.985799
0.985802
0.985804
0.985806
0.985808
0.985810
