0.000000
0.017359
0.035276
0.054050
0.074125
0.096176
0.121789
0.153975
0.194198
0.236107
0.260229
0.268206
0.266835
0.264631
0.264960
0.266738
0.268711
0.270682
0.272647
0.274606
0.276560
0.278508
0.280450
0.282387
0.284318
0.286244
0.288165
0.290080
0.291990
0.293895
0.295795
0.297689
0.299579
0.301464
0.303345
0.305220
0.307091
0.308957
0.310818
0.312714
0.314407
0.316100
0.317789
0.319475
0.321157
0.322835
0.324510
0.326182
0.327850
0.329515
0.331176
0.332834
0.334488
0.336139
0.337787
0.339431
0.341072
0.342710
0.344345
0.345977
0.347605
0.349230
0.350853
0.352472
0.354088
0.355701
0.357311
0.358918
0.360523
0.362124
0.363722
0.365318
0.366911
0.368501
0.370089
0.371673
0.373255
0.374834
0.376411
0.377985
0.379557
0.381126
0.382692
0.384256
0.385818
0.387377
0.388934
0.390488
0.392040
0.393590
0.395138
0.396683
0.398226
0.399767
0.401305
0.402842
0.404377
0.405909
0.407439
0.408968
0.410494
0.412019
0.413541
0.415062
0.416581
0.418098
0.419613
0.421127
0.422639
0.424149
0.425657
0.427164
0.428669
0.430172
0.431674
0.433175
0.434674
0.436171
0.437667
0.439162
0.440655
0.442147
0.443637
0.445126
0.446614
0.448101
0.449586
0.451070
0.452553
0.454035
0.455516
0.456996
0.458474
0.459952
0.461428
0.462904
0.464379
0.465852
0.467325
0.468797
0.470268
0.471738
0.473207
0.474676
0.476144
0.477611
0.479077
0.480543
0.482008
0.483472
0.484936
0.486399
0.487861
0.489323
0.490784
0.492245
0.493705
0.495165
0.496625
0.498084
0.499542
0.501000
0.502458
0.503915
0.505372
0.506829
0.508285
0.509741
0.511197
0.512652
0.514108
0.515563
0.517018
0.518472
0.519927
0.521381
0.522835
0.524289
0.525743
0.527196
0.528650
0.530103
0.531557
0.533010
0.534463
0.535917
0.537370
0.538823
0.540276
0.541729
0.543182
0.544636
0.546089
0.547542
0.548995
0.550449
0.551902
0.553355
0.554809
0.556262
0.557716
0.559169
0.560623
0.562077
0.563531
0.564985
0.566439
0.567893
0.569347
0.570802
0.572256
0.573711
0.575166
0.576620
0.578075
0.579530
0.580985
0.582440
0.583896
0.585351
0.586807
0.588262
0.589718
0.591174
0.592629
0.594085
0.595541
0.596997
0.598453
0.599909
0.601365
0.602821
0.604278
0.605734
0.607190
0.608646
0.610102
0.611559
0.613015
0.614471
0.615927
0.617383
0.618839
0.620295
0.621750
0.623206
0.624661
0.626117
0.627572
0.629027
0.630482
0.631937
0.633391
0.634845
0.636299
0.637753
0.639206
0.640660
0.642112
0.643565
0.645017
0.646469
0.647920
0.649371
0.650822
0.652272
0.653722
0.655171
0.656620
0.658068
0.659516
0.660963
0.662409
0.663855
0.665300
0.666745
0.668189
0.669632
0.671075
0.672516
0.673957
0.675398
0.676837
0.678275
0.679713
0.681150
0.682586
0.684020
0.685454
0.686887
0.688319
0.689750
0.691180
0.692608
0.694036
0.695462
0.696887
0.698311
0.699733
0.701155
0.702575
0.703994
0.705411
0.706827
0.708241
0.709654
0.711066
0.712476
0.713885
0.715291
0.716697
0.718100
0.719503
0.720903
0.722301
0.723698
0.725093
0.726487
0.727878
0.729268
0.730655
0.732041
0.733424
0.734806
0.736186
0.737563
0.738939
0.740312
0.741683
0.743052
0.744419
0.745783
0.747146
0.748505
0.749863
0.751218
0.752571
0.753921
0.755269
0.756614
0.757957
0.759297
0.760634
0.761969
0.763301
0.764630
0.765957
0.767281
0.768602
0.769921
0.771236
0.772548
0.773858
0.775165
0.776468
0.777769
0.779066
0.780361
0.781652
0.782941
0.784226
0.785507
0.786786
0.788061
0.789333
0.790602
0.791867
0.793129
0.794388
0.795643
0.796895
0.798143
0.799387
0.800628
0.801866
0.803100
0.804330
0.805556
0.806779
0.807998
0.809214
0.810425
0.811633
0.812837
0.814037
0.815233
0.816425
0.817613
0.818798
0.819978
0.821155
0.822327
0.823495
0.824659
0.825819
0.826975
0.828127
0.829274
0.830418
0.831557
0.832692
0.833822
0.834949
0.836071
0.837188
0.838301
0.839410
0.840515
0.841615
0.842711
0.843802
0.844889
0.845971
0.847048
0.848122
0.849190
0.850254
0.851314
0.852369
0.853419
0.854464
0.855505
0.856542
0.857573
0.858600
0.859622
0.860640
0.861653
0.862661
0.863664
0.864662
0.865656
0.866645
0.867629
0.868608
0.869582
0.870552
0.871516
0.872476
0.873431
0.874381
0.875326
0.876266
0.877201
0.878132
0.879057
0.879977
0.880893
0.881803
0.882709
0.883609
0.884505
0.885396
0.886281
0.887162
0.888038
0.888908
0.889774
0.890634
0.891490
0.892341
0.893186
0.894027
0.894862
0.895693
0.896518
0.897339
0.898154
0.898965
0.899770
0.900571
0.901366
0.902156
0.902942
0.903722
0.904497
0.905267
0.906033
0.906793
0.907548
0.908299
0.909044
0.909784
0.910519
0.911250
0.911975
0.912695
0.913411
0.914121
0.914827
0.915527
0.916223
0.916914
0.917599
0.918280
0.918956
0.919627
0.920294
0.920955
0.921611
0.922263
0.922910
0.923552
0.924189
0.924821
0.925448
0.926071
0.926689
0.927302
0.927910
0.928514
0.929113
0.929707
0.930297
0.930882
0.931462
0.932037
0.932608
0.933174
0.933736
0.934293
0.934845
0.935393
0.935936
0.936475
0.937009
0.937539
0.938064
0.938585
0.939101
0.939613
0.940120
0.940623
0.941121
0.941616
0.942106
0.942591
0.943072
0.943549
0.944022
0.944490
0.944954
0.945414
0.945870
0.946321
0.946769
0.947212
0.947651
0.948086
0.948517
0.948944
0.949366
0.949785
0.950200
0.950611
0.951018
0.951420
0.951819
0.952214
0.952606
0.952993
0.953376
0.953756
0.954132
0.954504
0.954872
0.955237
0.955598
0.955955
0.956309
0.956659
0.957005
0.957348
0.957687
0.958023
0.958355
0.958684
0.959009
0.959330
0.959649
0.959963
0.960275
0.960583
0.960888
0.961189
0.961487
0.961782
0.962074
0.962362
0.962647
0.962929
0.963208
0.963484
0.963757
0.964026
0.964293
0.964556
0.964816
0.965074
0.965328
