0.000000
0.010939
0.022649
0.035690
0.050917
0.069932
0.098592
0.157876
0.227783
0.247867
0.259293
0.263795
0.267837
0.272894
0.279632
0.282354
0.284768
0.287194
0.289631
0.292078
0.294534
0.296998
0.299472
0.301954
0.304444
0.306944
0.309453
0.311972
0.314501
0.317042
0.319594
0.322159
0.324736
0.327327
0.329932
0.332550
0.335184
0.337832
0.340496
0.343248
0.345770
0.348304
0.350856
0.353428
0.356018
0.358628
0.361257
0.363906
0.366575
0.369263
0.371972
0.374700
0.377448
0.380217
0.383006
0.385816
0.388645
0.391495
0.394366
0.397257
0.400168
0.403100
0.406053
0.409025
0.412018
0.415031
0.418064
0.421118
0.424191
0.427284
0.430397
0.433529
0.436681
0.439851
0.443041
0.446250
0.449477
0.452723
0.455987
0.459269
0.462569
0.465886
0.469220
0.472571
0.475938
0.479322
0.482722
0.486137
0.489568
0.493013
0.496474
0.499948
0.503436
0.506937
0.510451
0.513978
0.517517
0.521068
0.524630
0.528203
0.531786
0.535379
0.538981
0.542593
0.546213
0.549841
0.553476
0.557119
0.560768
0.564423
0.568083
0.571749
0.575418
0.579092
0.582769
0.586449
0.590132
0.593816
0.597501
0.601187
0.604873
0.608558
0.612243
0.615926
0.619608
0.623286
0.626962
0.630633
0.634301
0.637964
0.641621
0.645273
0.648918
0.652556
0.656187
0.659810
0.663424
0.667030
0.670626
0.674211
0.677787
0.681351
0.684904
0.688444
0.691972
0.695488
0.698989
0.702477
0.705950
0.709409
0.712852
0.716280
0.719691
0.723086
0.726463
0.729824
0.733166
0.736490
0.739796
0.743083
0.746350
0.749598
0.752826
0.756033
0.759219
0.762385
0.765529
0.768651
0.771752
0.774830
0.777885
0.780918
0.783928
0.786915
0.789877
0.792817
0.795732
0.798623
0.801489
0.804331
0.807148
0.809940
0.812707
0.815449
0.818165
0.820856
0.823521
0.826160
0.828773
0.831360
0.833921
0.836456
0.838964
0.841446
0.843902
0.846331
0.848734
0.851110
0.853460
0.855783
0.858080
0.860350
0.862593
0.864810
0.867000
0.869164
0.871302
0.873413
0.875497
0.877556
0.879588
0.881594
0.883573
0.885527
0.887455
0.889357
0.891234
0.893084
0.894910
0.896710
0.898484
0.900234
0.901959
0.903658
0.905333
0.906984
0.908610
0.910212
0.911790
0.913344
0.914874
0.916381
0.917864
0.919325
0.920762
0.922176
0.923568
0.924937
0.926284
0.927609
0.928912
0.930194
0.931454
0.932693
0.933910
0.935107
0.936284
0.937440
0.938576
0.939692
0.940788
0.941865
0.942922
0.943961
0.944980
0.945981
0.946963
0.947928
0.948874
0.949803
0.950714
0.951608
0.952485
0.953345
0.954188
0.955015
0.955826
0.956621
0.957400
0.958164
0.958912
0.959646
0.960365
0.961069
0.961758
0.962434
0.963095
0.963743
0.964377
0.964998
0.965606
0.966200
0.966783
0.967352
0.967910
0.968455
0.968988
0.969510
0.970020
0.970519
0.971007
0.971484
0.971950
0.972406
0.972852
0.973287
0.973712
0.974128
0.974534
0.974930
0.975318
0.975696
0.976065
0.976426
0.976778
0.977121
0.977457
0.977784
0.978103
0.978415
0.978719
0.979015
0.979305
0.979587
0.979862
0.980130
0.980392
0.980647
0.980895
0.981137
0.981373
0.981603
0.981827
0.982046
0.982258
0.982466
0.982667
0.982864
0.983055
0.983241
0.983422
0.983599
0.983771
0.983938
0.984100
0.984258
0.984412
0.984562
0.984708
0.984849
0.984987
0.985121
0.985251
0.985378
0.985501
0.985620
0.985736
0.985849
0.985959
0.986065
0.986169
0.986270
0.986367
0.986462
0.986554
0.986643
0.986730
0.986814
0.986896
0.986975
0.987052
0.987127
0.987199
0.987270
0.987338
0.987404
0.987468
0.987530
0.987590
0.987649
0.987705
0.987760
0.987813
0.987865
0.987915
0.987963
0.988010
0.988056
0.988100
0.988142
0.988183
0.988223
0.988262
0.988299
0.988335
0.988370
0.988404
0.988437
0.988469
0.988499
0.988529
0.988558
0.988586
0.988612
0.988638
0.988664
0.988688
0.988711
0.988734
0.988756
0.988777
0.988797
0.988817
0.988836
0.988855
0.988872
0.988890
0.988906
0.988922
0.988938
0.988952
0.988967
0.988981
0.988994
0.989007
0.989020
0.989032
0.989043
0.989054
0.989065
0.989076
0.989086
0.989095
0.989105
0.989114
0.989122
0.989131
0.989139
0.989146
0.989154
0.989161
0.989168
0.989175
0.989181
0.989187
0.989193
0.989199
0.989204
0.989210
0.989215
0.989220
0.989224
0.989229
0.989233
0.989237
0.989241
0.989245
0.989249
0.989253
0.989256
0.989259
0.989263
0.989266
0.989269
0.989271
0.989274
0.989277
0.989279
0.989282
0.989284
0.989286
0.989288
0.989290
0.989292
0.989294
0.989296
0.989298
0.989299
0.989301
0.989302
0.989304
0.989305
0.989307
0.989308
0.989309
0.989310
0.989311
0.989313
0.989314
0.989315
0.989316
0.989316
0.989317
0.989318
0.989319
0.989320
0.989321
0.989321
0.989322
0.989323
0.989323
0.989324
0.989324
0.989325
0.989325
0.989326
0.989326
0.989327
0.989327
0.989328
0.989328
0.989328
0.989329
0.989329
0.989329
0.989330
0.989330
0.989330
0.989331
0.989331
0.989331
0.989331
0.989332
0.989332
0.989332
0.989332
0.989332
0.989333
0.989333
0.989333
0.989333
0.989333
0.989333
0.989334
0.989334
0.989334
0.989334
0.989334
0.989334
0.989334
0.989334
0.989334
0.989335
0.989335
0.989335
0.989335
0.989335
0.989335
0.989335
0.989335
0.989335
0.989335
0.989335
0.989335
0.989335
0.989335
0.989335
0.989335
0.989335
0.989336
0.989336
0.989336
0.989336
0.989336
0.989336
0.989336
0.989336
0.989336
0.989336
0.989336
0.989336
0.989336
0.989336
0.989336
0.989336
0.989336
0.989336
0.989336
0.989336
0.989336
0.989336
0.989336
0.989336
0.989336
0.989336
0.989336
0.989336
0.989336
0.989336
0.989336
0.989336
0.989336
0.989336
0.989336
0.989336
0.989336
0.989336
0.989336
0.989336
0.989336
0.989336
0.989336
0.989336
0.989336
0.989336
0.989336
0.989336
0.989336
0.989336
0.989336
