0.000000
0.047372
0.100672
0.155603
0.181939
0.174696
0.168097
0.174453
0.184241
0.193543
0.202336
0.210737
0.218880
0.226931
0.235119
0.244163
0.253215
0.256493
0.258487
0.260465
0.262439
0.264411
0.266380
0.268345
0.270308
0.272268
0.274225
0.276179
0.278132
0.280081
0.282029
0.283975
0.285918
0.287861
0.289801
0.291740
0.293678
0.295614
0.297549
0.299511
0.301266
0.303036
0.304809
0.306582
0.308355
0.310129
0.311904
0.313679
0.315455
0.317233
0.319011
0.320790
0.322571
0.324353
0.326137
0.327922
0.329708
0.331497
0.333287
0.335079
0.336873
0.338669
0.340467
0.342268
0.344071
0.345876
0.347684
0.349495
0.351308
0.353124
0.354943
0.356765
0.358590
0.360418
0.362250
0.364084
0.365922
0.367764
0.369609
0.371458
0.373311
0.375167
0.377027
0.378891
0.380760
0.382632
0.384509
0.386389
0.388275
0.390164
0.392058
0.393957
0.395860
0.397767
0.399680
0.401597
0.403520
0.405447
0.407379
0.409316
0.411258
0.413205
0.415158
0.417115
0.419078
0.421047
0.423020
0.424999
0.426984
0.428974
0.430970
0.432971
0.434978
0.436990
0.439008
0.441032
0.443061
0.445096
0.447137
0.449184
0.451236
0.453295
0.455359
0.457429
0.459505
0.461586
0.463674
0.465767
0.467866
0.469971
0.472082
0.474199
0.476321
0.478450
0.480584
0.482724
0.484870
0.487021
0.489178
0.491341
0.493509
0.495683
0.497863
0.500048
0.502239
0.504435
0.506637
0.508844
0.511056
0.513274
0.515497
0.517725
0.519958
0.522197
0.524440
0.526688
0.528941
0.531199
0.533462
0.535729
0.538001
0.540277
0.542558
0.544843
0.547132
0.549426
0.551723
0.554025
0.556330
0.558639
0.560952
0.563269
0.565589
0.567912
0.570238
0.572568
0.574901
0.577237
0.579575
0.581916
0.584260
0.586606
0.588955
0.591306
0.593658
0.596013
0.598370
0.600728
0.603088
0.605449
0.607812
0.610175
0.612540
0.614906
0.617272
0.619639
0.622006
0.624374
0.626742
0.629110
0.631477
0.633844
0.636211
0.638578
0.640943
0.643308
0.645671
0.648033
0.650394
0.652754
0.655111
0.657467
0.659821
0.662172
0.664521
0.666868
0.669212
0.671553
0.673892
0.676227
0.678558
0.680887
0.683211
0.685532
0.687849
0.690161
0.692470
0.694774
0.697073
0.699367
0.701657
0.703941
0.706221
0.708494
0.710762
0.713025
0.715281
0.717532
0.719776
0.722013
0.724245
0.726469
0.728687
0.730897
0.733101
0.735297
0.737485
0.739666
0.741840
0.744005
0.746162
0.748311
0.750452
0.752584
0.754707
0.756822
0.758928
0.761025
0.763112
0.765190
0.767259
0.769318
0.771368
0.773407
0.775437
0.777456
0.779465
0.781464
0.783453
0.785430
0.787398
0.789354
0.791299
0.793234
0.795157
0.797069
0.798970
0.800859
0.802737
0.804603
0.806457
0.808299
0.810130
0.811948
0.813755
0.815549
0.817331
0.819101
0.820858
0.822603
0.824336
0.826055
0.827763
0.829457
0.831138
0.832807
0.834463
0.836106
0.837735
0.839352
0.840956
0.842546
0.844123
0.845687
0.847238
0.848775
0.850299
0.851810
0.853307
0.854791
0.856261
0.857718
0.859162
0.860592
0.862008
0.863411
0.864801
0.866176
0.867539
0.868888
0.870223
0.871545
0.872853
0.874148
0.875429
0.876697
0.877951
0.879192
0.880419
0.881633
0.882834
0.884021
0.885195
0.886356
0.887503
0.888637
0.889758
0.890866
0.891961
0.893043
0.894111
0.895167
0.896209
0.897239
0.898256
0.899261
0.900252
0.901231
0.902197
0.903151
0.904092
0.905021
0.905938
0.906842
0.907734
0.908614
0.909482
0.910337
0.911181
0.912013
0.912834
0.913642
0.914439
0.915225
0.915999
0.916761
0.917513
0.918253
0.918982
0.919700
0.920407
0.921103
0.921789
0.922463
0.923128
0.923781
0.924425
0.925058
0.925681
0.926293
0.926896
0.927489
0.928072
0.928645
0.929209
0.929763
0.930307
0.930843
0.931369
0.931886
0.932393
0.932892
0.933383
0.933864
0.934337
0.934801
0.935256
0.935704
0.936143
0.936574
0.936997
0.937412
0.937819
0.938219
0.938610
0.938995
0.939371
0.939741
0.940103
0.940458
0.940806
0.941147
0.941481
0.941809
0.942130
0.942444
0.942752
0.943053
0.943348
0.943637
0.943920
0.944197
0.944468
0.944733
0.944992
0.945246
0.945494
0.945737
0.945975
0.946207
0.946434
0.946655
0.946872
0.947084
0.947291
0.947494
0.947691
0.947884
0.948073
0.948257
0.948437
0.948612
0.948784
0.948951
0.949114
0.949273
0.949429
0.949580
0.949728
0.949872
0.950013
0.950150
0.950283
0.950413
0.950540
0.950664
0.950784
0.950901
0.951016
0.951127
0.951235
0.951341
0.951443
0.951543
0.951641
0.951735
0.951827
0.951917
0.952004
0.952089
0.952171
0.952251
0.952329
0.952405
0.952478
0.952550
0.952619
0.952686
0.952752
0.952815
0.952877
0.952937
0.952995
0.953052
0.953106
0.953160
0.953211
0.953261
0.953310
0.953357
0.953402
0.953446
0.953489
0.953531
0.953571
0.953610
0.953648
0.953684
0.953719
0.953754
0.953787
0.953819
0.953850
0.953880
0.953909
0.953937
0.953964
0.953991
0.954016
0.954041
0.954064
0.954087
0.954110
0.954131
0.954152
0.954172
0.954191
0.954210
0.954228
0.954245
0.954262
0.954278
0.954293
0.954308
0.954323
0.954337
0.954350
0.954363
0.954376
0.954388
0.954399
0.954411
0.954421
0.954432
0.954442
0.954451
0.954461
0.954470
0.954478
0.954486
0.954494
0.954502
0.954509
0.954516
0.954523
0.954529
0.954536
0.954542
0.954547
0.954553
0.954558
0.954563
0.954568
0.954573
0.954578
0.954582
0.954586
0.954590
0.954594
0.954597
0.954601
0.954604
0.954607
0.954611
0.954614
0.954616
0.954619
0.954622
0.954624
0.954626
0.954629
0.954631
0.954633
0.954635
0.954637
0.954639
0.954640
0.954642
0.954644
0.954645
0.954647
0.954648
0.954649
0.954651
0.954652
0.954653
0.954654
0.954655
0.954656
0.954657
0.954658
0.954659
0.954660
0.954660
0.954661
0.954662
0.954662
0.954663
0.954664
0.954664
