0.000000
0.012335
0.025071
0.038494
0.053405
0.071834
0.087560
0.112127
0.145853
0.182833
0.215339
0.238773
0.253036
0.260713
0.264746
0.267216
0.269204
0.271124
0.273072
0.275041
0.277013
0.278978
0.280938
0.282893
0.284841
0.286783
0.288720
0.290651
0.292577
0.294497
0.296411
0.298320
0.300224
0.302122
0.304015
0.305902
0.307784
0.309661
0.311533
0.313453
0.315176
0.316882
0.318582
0.320278
0.321969
0.323656
0.325339
0.327017
0.328691
0.330361
0.332026
0.333687
0.335345
0.336997
0.338646
0.340290
0.341931
0.343567
0.345199
0.346826
0.348450
0.350070
0.351685
0.353296
0.354903
0.356507
0.358106
0.359701
0.361291
0.362878
0.364461
0.366040
0.367615
0.369186
0.370752
0.372315
0.373874
0.375429
0.376980
0.378527
0.380070
0.381609
0.383145
0.384676
0.386204
0.387727
0.389247
0.390763
0.392275
0.393783
0.395288
0.396788
0.398285
0.399778
0.401267
0.402753
0.404235
0.405712
0.407187
0.408657
0.410124
0.411587
0.413046
0.414502
0.415954
0.417402
0.418847
0.420288
0.421725
0.423158
0.424588
0.426015
0.427438
0.428857
0.430273
0.431685
0.433093
0.434498
0.435899
0.437297
0.438692
0.440082
0.441470
0.442853
0.444234
0.445611
0.446984
0.448354
0.449720
0.451083
0.452443
0.453799
0.455151
0.456501
0.457847
0.459189
0.460528
0.461864
0.463196
0.464526
0.465851
0.467174
0.468493
0.469808
0.471121
0.472430
0.473736
0.475038
0.476338
0.477634
0.478927
0.480216
0.481503
0.482786
0.484066
0.485342
0.486616
0.487886
0.489153
0.490417
0.491678
0.492936
0.494190
0.495441
0.496690
0.497935
0.499177
0.500416
0.501652
0.502884
0.504114
0.505341
0.506564
0.507785
0.509002
0.510217
0.511428
0.512637
0.513842
0.515045
0.516244
0.517441
0.518634
0.519825
0.521013
0.522197
0.523379
0.524558
0.525734
0.526907
0.528077
0.529244
0.530408
0.531570
0.532729
0.533884
0.535037
0.536187
0.537335
0.538479
0.539621
0.540760
0.541896
0.543029
0.544159
0.545287
0.546412
0.547534
0.548653
0.549770
0.550884
0.551995
0.553104
0.554210
0.555313
0.556413
0.557511
0.558606
0.559699
0.560789
0.561876
0.562960
0.564042
0.565121
0.566198
0.567272
0.568344
0.569412
0.570479
0.571543
0.572604
0.573662
0.574718
0.575772
0.576823
0.577871
0.578917
0.579961
0.581002
0.582040
0.583076
0.584110
0.585141
0.586169
0.587195
0.588219
0.589240
0.590259
0.591276
0.592290
0.593301
0.594311
0.595317
0.596322
0.597324
0.598324
0.599321
0.600316
0.601309
0.602299
0.603287
0.604273
0.605256
0.606237
0.607216
0.608193
0.609167
0.610139
0.611109
0.612076
0.613041
0.614004
0.614965
0.615924
0.616880
0.617834
0.618786
0.619736
0.620684
0.621629
0.622572
0.623513
0.624452
0.625389
0.626324
0.627256
0.628186
0.629115
0.630041
0.630965
0.631887
0.632807
0.633725
0.634640
0.635554
0.636466
0.637375
0.638283
0.639188
0.640092
0.640993
0.641893
0.642790
0.643686
0.644579
0.645471
0.646360
0.647248
0.648133
0.649017
0.649899
0.650778
0.651656
0.652532
0.653406
0.654278
0.655149
0.656017
0.656883
0.657748
0.658611
0.659472
0.660331
0.661188
0.662043
0.662896
0.663748
0.664598
0.665446
0.666292
0.667136
0.667979
0.668820
0.669659
0.670496
0.671332
0.672165
0.672997
0.673828
0.674656
0.675483
0.676308
0.677132
0.677953
0.678773
0.679591
0.680408
0.681223
0.682036
0.682848
0.683658
0.684466
0.685272
0.686077
0.686881
0.687682
0.688483
0.689281
0.690078
0.690873
0.691667
0.692459
0.693250
0.694038
0.694826
0.695612
0.696396
0.697179
0.697960
0.698739
0.699518
0.700294
0.701069
0.701843
0.702615
0.703386
0.704155
0.704922
0.705688
0.706453
0.707216
0.707978
0.708738
0.709497
0.710255
0.711011
0.711765
0.712518
0.713270
0.714020
0.714769
0.715517
0.716263
0.717008
0.717751
0.718493
0.719234
0.719973
0.720711
0.721447
0.722183
0.722916
0.723649
0.724380
0.725110
0.725839
0.726566
0.727292
0.728017
0.728740
0.729462
0.730183
0.730903
0.731621
0.732338
0.733054
0.733768
0.734482
0.735194
0.735904
0.736614
0.737322
0.738030
0.738735
0.739440
0.740144
0.740846
0.741547
0.742247
0.742946
0.743643
0.744340
0.745035
0.745729
0.746422
0.747114
0.747804
0.748494
0.749182
0.749869
0.750555
0.751240
0.751924
0.752607
0.753288
0.753969
0.754648
0.755326
0.756004
0.756680
0.757355
0.758029
0.758702
0.759373
0.760044
0.760714
0.761382
0.762050
0.762717
0.763382
0.764046
0.764710
0.765372
0.766034
0.766694
0.767353
0.768012
0.768669
0.769325
0.769980
0.770635
0.771288
0.771940
0.772592
0.773242
0.773891
0.774540
0.775187
0.775833
0.776479
0.777123
0.777767
0.778410
0.779051
0.779692
0.780332
0.780970
0.781608
0.782245
0.782881
0.783516
0.784150
0.784784
0.785416
0.786047
0.786678
0.787307
0.787936
0.788564
0.789191
0.789816
0.790442
0.791066
0.791689
0.792311
0.792933
0.793553
0.794173
0.794792
0.795410
0.796027
0.796643
0.797259
0.797873
0.798487
0.799100
0.799711
0.800322
0.800933
0.801542
0.802150
0.802758
0.803365
0.803971
0.804576
0.805180
0.805784
0.806386
0.806988
0.807589
0.808189
0.808788
0.809387
0.809984
0.810581
0.811177
0.811772
0.812366
0.812960
0.813553
0.814144
0.814735
0.815326
0.815915
0.816504
0.817091
0.817678
0.818264
0.818850
0.819434
0.820018
0.820601
0.821183
0.821764
0.822345
0.822924
0.823503
0.824081
0.824659
0.825235
0.825811
0.826386
0.826960
0.827533
0.828105
0.828677
0.829248
0.829818
0.830387
0.830956
0.831523
0.832090
0.832656
0.833221
0.833786
0.834350
0.834912
0.835474
0.836036
0.836596
0.837156
0.837715
0.838273
0.838830
0.839386
0.839942
0.840497
0.841051
0.841604
0.842157
0.842708
0.843259
0.843809
0.844358
0.844907
0.845454
0.846001
0.846547
0.847092
0.847637
