0.000000
0.012312
0.025027
0.038431
0.053204
0.070383
0.080624
0.091813
0.105303
0.123214
0.147974
0.179358
0.212499
0.240247
0.257962
0.266044
0.268408
0.269101
0.270196
0.271923
0.273874
0.275841
0.277804
0.279760
0.281711
0.283656
0.285596
0.287530
0.289458
0.291381
0.293299
0.295211
0.297118
0.299019
0.300916
0.302807
0.304693
0.306574
0.308449
0.310366
0.312082
0.313788
0.315491
0.317189
0.318882
0.320572
0.322258
0.323939
0.325616
0.327289
0.328959
0.330624
0.332284
0.333941
0.335594
0.337243
0.338888
0.340529
0.342166
0.343799
0.345428
0.347053
0.348674
0.350291
0.351905
0.353514
0.355120
0.356722
0.358320
0.359915
0.361505
0.363092
0.364675
0.366254
0.367830
0.369402
0.370970
0.372535
0.374096
0.375653
0.377207
0.378757
0.380303
0.381846
0.383385
0.384921
0.386453
0.387982
0.389507
0.391029
0.392548
0.394062
0.395574
0.397082
0.398587
0.400088
0.401586
0.403080
0.404572
0.406060
0.407544
0.409026
0.410504
0.411979
0.413450
0.414919
0.416384
0.417846
0.419305
0.420760
0.422213
0.423662
0.425109
0.426552
0.427992
0.429429
0.430864
0.432295
0.433723
0.435148
0.436570
0.437989
0.439405
0.440819
0.442229
0.443637
0.445041
0.446443
0.447842
0.449238
0.450632
0.452022
0.453410
0.454795
0.456177
0.457557
0.458934
0.460308
0.461679
0.463048
0.464414
0.465778
0.467139
0.468497
0.469853
0.471206
0.472557
0.473905
0.475251
0.476594
0.477934
0.479273
0.480608
0.481941
0.483272
0.484601
0.485927
0.487251
0.488572
0.489891
0.491208
0.492522
0.493834
0.495144
0.496451
0.497757
0.499060
0.500360
0.501659
0.502955
0.504250
0.505542
0.506832
0.508120
0.509405
0.510689
0.511971
0.513250
0.514527
0.515803
0.517076
0.518347
0.519617
0.520884
0.522150
0.523413
0.524675
0.525934
0.527192
0.528448
0.529702
0.530954
0.532204
0.533452
0.534699
0.535943
0.537186
0.538427
0.539667
0.540904
0.542140
0.543374
0.544606
0.545837
0.547066
0.548293
0.549519
0.550743
0.551965
0.553186
0.554405
0.555622
0.556838
0.558053
0.559265
0.560476
0.561686
0.562894
0.564101
0.565306
0.566509
0.567711
0.568912
0.570111
0.571308
0.572504
0.573699
0.574892
0.576084
0.577275
0.578464
0.579652
0.580838
0.582023
0.583206
0.584389
0.585570
0.586749
0.587927
0.589104
0.590280
0.591454
0.592627
0.593799
0.594970
0.596139
0.597307
0.598474
0.599640
0.600804
0.601967
0.603129
0.604290
0.605449
0.606608
0.607765
0.608921
0.610076
0.611230
0.612382
0.613534
0.614684
0.615833
0.616981
0.618128
0.619274
0.620419
0.621562
0.622705
0.623846
0.624987
0.626126
0.627264
0.628401
0.629537
0.630673
0.631807
0.632939
0.634071
0.635202
0.636332
0.637461
0.638589
0.639716
0.640841
0.641966
0.643090
0.644213
0.645334
0.646455
0.647575
0.648693
0.649811
0.650928
0.652044
0.653158
0.654272
0.655385
0.656497
0.657608
0.658718
0.659827
0.660934
0.662041
0.663147
0.664252
0.665356
0.666459
0.667562
0.668663
0.669763
0.670862
0.671960
0.673057
0.674154
0.675249
0.676343
0.677437
0.678529
0.679621
0.680711
0.681800
0.682889
0.683976
0.685063
0.686148
0.687233
0.688316
0.689399
0.690481
0.691561
0.692641
0.693719
0.694797
0.695873
0.696949
0.698024
0.699097
0.700170
0.701241
0.702312
0.703381
0.704449
0.705517
0.706583
0.707648
0.708713
0.709776
0.710838
0.711899
0.712959
0.714018
0.715076
0.716132
0.717188
0.718242
0.719296
0.720348
0.721399
0.722449
0.723498
0.724546
0.725593
0.726639
0.727683
0.728726
0.729768
0.730809
0.731849
0.732888
0.733925
0.734961
0.735996
0.737030
0.738062
0.739094
0.740124
0.741153
0.742180
0.743207
0.744232
0.745255
0.746278
0.747299
0.748319
0.749338
0.750355
0.751371
0.752386
0.753399
0.754411
0.755422
0.756431
0.757439
0.758445
0.759451
0.760454
0.761457
0.762458
0.763457
0.764455
0.765452
0.766447
0.767440
0.768433
0.769423
0.770412
0.771400
0.772386
0.773371
0.774354
0.775336
0.776316
0.777294
0.778271
0.779247
0.780220
0.781192
0.782163
0.783132
0.784099
0.785065
0.786029
0.786991
0.787952
0.788911
0.789868
0.790823
0.791777
0.792729
0.793680
0.794628
0.795575
0.796520
0.797464
0.798405
0.799345
0.800283
0.801219
0.802153
0.803086
0.804016
0.804945
0.805872
0.806797
0.807720
0.808641
0.809560
0.810477
0.811393
0.812306
0.813218
0.814127
0.815035
0.815940
0.816844
0.817745
0.818645
0.819542
0.820438
0.821331
0.822222
0.823112
0.823999
0.824884
0.825767
0.826647
0.827526
0.828403
0.829277
0.830149
0.831019
0.831887
0.832753
0.833617
0.834478
0.835337
0.836194
0.837049
0.837901
0.838751
0.839599
0.840445
0.841288
0.842129
0.842968
0.843804
0.844638
0.845470
0.846300
0.847127
0.847951
0.848774
0.849594
0.850411
0.851226
0.852039
0.852850
0.853657
0.854463
0.855266
0.856067
0.856865
0.857661
0.858454
0.859245
0.860033
0.860819
0.861602
0.862383
0.863161
0.863937
0.864710
0.865480
0.866249
0.867014
0.867777
0.868537
0.869295
0.870050
0.870803
0.871553
0.872300
0.873045
0.873787
0.874527
0.875264
0.875998
0.876730
0.877459
0.878185
0.878909
0.879630
0.880348
0.881064
0.881777
0.882487
0.883194
0.883899
0.884601
0.885301
0.885998
0.886691
0.887383
0.888071
0.888757
0.889440
0.890120
0.890798
0.891473
0.892145
0.892814
0.893480
0.894144
0.894805
0.895463
0.896119
0.896771
0.897421
0.898068
0.898712
0.899354
0.899993
0.900628
0.901261
0.901892
0.902519
0.903144
0.903766
0.904384
0.905001
0.905614
0.906225
0.906832
0.907437
0.908039
0.908638
0.909235
0.909829
0.910419
0.911007
0.911592
0.912175
0.912754
0.913331
0.913904
0.914475
0.915044
0.915609
0.916171
0.916731
0.917288
0.917842
0.918393
0.918941
0.919487
0.920029
0.920569
0.921106
0.921641
