0.000000
0.017369
0.035294
0.054076
0.074185
0.096634
0.124104
0.159754
0.201708
0.240567
0.259494
0.265012
0.264646
0.264179
0.265259
0.267133
0.269107
0.271077
0.273041
0.274999
0.276951
0.278898
0.280838
0.282772
0.284701
0.286624
0.288542
0.290454
0.292361
0.294262
0.296158
0.298049
0.299934
0.301815
0.303690
0.305560
0.307426
0.309286
0.311142
0.313034
0.314725
0.316412
0.318095
0.319775
0.321450
0.323122
0.324790
0.326454
0.328114
0.329770
0.331423
0.333072
0.334717
0.336358
0.337996
0.339630
0.341260
0.342887
0.344510
0.346130
0.347746
0.349358
0.350967
0.352572
0.354174
0.355773
0.357368
0.358959
0.360548
0.362132
0.363714
0.365292
0.366867
0.368438
0.370007
0.371572
0.373134
0.374692
0.376248
0.377800
0.379349
0.380895
0.382438
0.383978
0.385515
0.387049
0.388580
0.390108
0.391633
0.393155
0.394674
0.396190
0.397704
0.399215
0.400722
0.402227
0.403730
0.405229
0.406726
0.408220
0.409711
0.411200
0.412686
0.414170
0.415651
0.417129
0.418605
0.420078
0.421549
0.423018
0.424484
0.425947
0.427409
0.428867
0.430324
0.431778
0.433230
0.434679
0.436127
0.437572
0.439015
0.440455
0.441894
0.443330
0.444765
0.446197
0.447627
0.449055
0.450481
0.451905
0.453327
0.454748
0.456166
0.457582
0.458997
0.460409
0.461820
0.463229
0.464636
0.466041
0.467445
0.468847
0.470247
0.471645
0.473042
0.474437
0.475831
0.477223
0.478613
0.480002
0.481389
0.482775
0.484159
0.485542
0.486923
0.488303
0.489682
0.491059
0.492434
0.493809
0.495182
0.496554
0.497924
0.499293
0.500661
0.502028
0.503393
0.504758
0.506121
0.507483
0.508844
0.510203
0.511562
0.512920
0.514276
0.515632
0.516986
0.518339
0.519692
0.521043
0.522394
0.523743
0.525092
0.526440
0.527787
0.529132
0.530478
0.531822
0.533165
0.534508
0.535850
0.537191
0.538531
0.539870
0.541209
0.542547
0.543885
0.545221
0.546557
0.547892
0.549227
0.550561
0.551894
0.553227
0.554559
0.555891
0.557221
0.558552
0.559882
0.561211
0.562539
0.563868
0.565195
0.566522
0.567849
0.569175
0.570501
0.571826
0.573151
0.574475
0.575799
0.577122
0.578445
0.579768
0.581090
0.582411
0.583733
0.585054
0.586374
0.587694
0.589014
0.590333
0.591652
0.592971
0.594289
0.595607
0.596924
0.598242
0.599559
0.600875
0.602191
0.603507
0.604823
0.606138
0.607453
0.608767
0.610081
0.611395
0.612709
0.614022
0.615335
0.616647
0.617960
0.619271
0.620583
0.621894
0.623205
0.624516
0.625826
0.627136
0.628446
0.629755
0.631064
0.632372
0.633680
0.634988
0.636296
0.637603
0.638910
0.640216
0.641522
0.642828
0.644133
0.645438
0.646742
0.648046
0.649349
0.650653
0.651955
0.653258
0.654559
0.655861
0.657162
0.658462
0.659762
0.661061
0.662360
0.663659
0.664957
0.666254
0.667551
0.668847
0.670143
0.671438
0.672732
0.674026
0.675319
0.676612
0.677904
0.679195
0.680486
0.681776
0.683065
0.684354
0.685642
0.686929
0.688215
0.689501
0.690786
0.692070
0.693353
0.694635
0.695917
0.697197
0.698477
0.699756
0.701034
0.702311
0.703587
0.704862
0.706137
0.707410
0.708682
0.709953
0.711223
0.712492
0.713760
0.715027
0.716293
0.717557
0.718820
0.720083
0.721344
0.722603
0.723862
0.725119
0.726375
0.727630
0.728883
0.730135
0.731386
0.732635
0.733883
0.735129
0.736374
0.737617
0.738859
0.740100
0.741339
0.742576
0.743812
0.745046
0.746278
0.747509
0.748738
0.749966
0.751192
0.752416
0.753638
0.754858
0.756077
0.757294
0.758509
0.759722
0.760933
0.762142
0.763350
0.764555
0.765758
0.766960
0.768159
0.769356
0.770551
0.771744
0.772935
0.774124
0.775311
0.776495
0.777677
0.778857
0.780034
0.781210
0.782383
0.783553
0.784721
0.785887
0.787050
0.788211
0.789370
0.790526
0.791679
0.792830
0.793979
0.795124
0.796267
0.797408
0.798546
0.799681
0.800814
0.801943
0.803070
0.804195
0.805316
0.806435
0.807550
0.808663
0.809773
0.810881
0.811985
0.813086
0.814184
0.815280
0.816372
0.817461
0.818547
0.819630
0.820710
0.821787
0.822861
0.823931
0.824999
0.826063
0.827124
0.828182
0.829236
0.830287
0.831335
0.832379
0.833420
0.834458
0.835493
0.836523
0.837551
0.838575
0.839596
0.840613
0.841626
0.842636
0.843643
0.844646
0.845645
0.846641
0.847634
0.848622
0.849607
0.850588
0.851566
0.852540
0.853510
0.854477
0.855439
0.856398
0.857354
0.858305
0.859253
0.860196
0.861136
0.862073
0.863005
0.863933
0.864858
0.865778
0.866695
0.867608
0.868517
0.869422
0.870323
0.871220
0.872113
0.873002
0.873886
0.874767
0.875644
0.876517
0.877386
0.878251
0.879112
0.879968
0.880821
0.881669
0.882514
0.883354
0.884190
0.885022
0.885850
0.886673
0.887493
0.888308
0.889119
0.889927
0.890729
0.891528
0.892323
0.893113
0.893899
0.894681
0.895458
0.896232
0.897001
0.897766
0.898527
0.899284
0.900036
0.900784
0.901528
0.902268
0.903003
0.903734
0.904461
0.905184
0.905902
0.906616
0.907326
0.908032
0.908733
0.909431
0.910124
0.910812
0.911497
0.912177
0.912853
0.913525
0.914192
0.914856
0.915515
0.916169
0.916820
0.917466
0.918109
0.918747
0.919380
0.920010
0.920635
0.921256
0.921873
0.922486
0.923095
0.923699
0.924299
0.924895
0.925487
0.926075
0.926659
0.927238
0.927814
0.928385
0.928952
0.929515
0.930074
0.930629
0.931180
0.931727
0.932269
0.932808
0.933343
0.933873
0.934400
0.934922
0.935441
0.935955
0.936466
0.936973
0.937475
0.937974
0.938469
0.938960
0.939446
0.939930
0.940409
0.940884
0.941355
0.941823
0.942287
0.942747
0.943203
0.943655
0.944104
0.944549
0.944990
0.945427
0.945861
0.946290
0.946717
0.947139
0.947558
0.947973
0.948385
0.948793
0.949197
0.949598
0.949995
0.950389
0.950779
0.951165
0.951548
0.951928
0.952304
0.952677
0.953046
0.953411
