0.000000
0.088848
0.166148
0.133416
0.091387
0.103080
0.117786
0.131129
0.143346
0.154634
0.165162
0.175070
0.184450
0.193393
0.202030
0.210508
0.219019
0.227948
0.238059
0.244680
0.247445
0.249943
0.252453
0.254976
0.257514
0.260065
0.262631
0.265212
0.267808
0.270418
0.273045
0.275687
0.278345
0.281020
0.283711
0.286419
0.289145
0.291888
0.294648
0.297471
0.300068
0.302707
0.305368
0.308049
0.310752
0.313476
0.316221
0.318987
0.321775
0.324584
0.327414
0.330267
0.333140
0.336036
0.338954
0.341893
0.344854
0.347837
0.350842
0.353870
0.356918
0.359989
0.363082
0.366196
0.369333
0.372491
0.375670
0.378871
0.382093
0.385337
0.388601
0.391887
0.395193
0.398520
0.401867
0.405235
0.408622
0.412029
0.415456
0.418901
0.422366
0.425849
0.429351
0.432870
0.436408
0.439962
0.443534
0.447122
0.450726
0.454347
0.457983
0.461633
0.465299
0.468978
0.472672
0.476378
0.480098
0.483830
0.487573
0.491328
0.495094
0.498870
0.502656
0.506451
0.510254
0.514066
0.517886
0.521712
0.525545
0.529383
0.533227
0.537076
0.540928
0.544784
0.548643
0.552504
0.556367
0.560230
0.564094
0.567958
0.571820
0.575681
0.579540
0.583396
0.587248
0.591096
0.594940
0.598778
0.602609
0.606434
0.610252
0.614062
0.617862
0.621654
0.625436
0.629207
0.632966
0.636714
0.640450
0.644172
0.647881
0.651575
0.655254
0.658918
0.662566
0.666197
0.669811
0.673407
0.676985
0.680544
0.684083
0.687602
0.691101
0.694579
0.698035
0.701469
0.704880
0.708269
0.711633
0.714974
0.718291
0.721583
0.724849
0.728090
0.731304
0.734493
0.737654
0.740788
0.743895
0.746973
0.750024
0.753045
0.756038
0.759002
0.761936
0.764841
0.767716
0.770560
0.773375
0.776158
0.778911
0.781633
0.784323
0.786982
0.789610
0.792206
0.794770
0.797303
0.799803
0.802272
0.804708
0.807113
0.809485
0.811825
0.814132
0.816408
0.818651
0.820861
0.823040
0.825187
0.827301
0.829383
0.831434
0.833452
0.835439
0.837394
0.839317
0.841209
0.843069
0.844899
0.846697
0.848465
0.850201
0.851908
0.853584
0.855230
0.856846
0.858432
0.859989
0.861516
0.863015
0.864485
0.865926
0.867339
0.868724
0.870082
0.871412
0.872715
0.873990
0.875240
0.876463
0.877660
0.878831
0.879977
0.881098
0.882194
0.883266
0.884313
0.885337
0.886337
0.887314
0.888268
0.889200
0.890110
0.890997
0.891864
0.892709
0.893533
0.894337
0.895120
0.895884
0.896628
0.897353
0.898060
0.898747
0.899417
0.900069
0.900703
0.901321
0.901921
0.902505
0.903073
0.903624
0.904161
0.904682
0.905188
0.905680
0.906157
0.906620
0.907070
0.907506
0.907930
0.908340
0.908738
0.909124
0.909498
0.909860
0.910211
0.910551
0.910880
0.911199
0.911507
0.911805
0.912094
0.912373
0.912642
0.912903
0.913155
0.913399
0.913634
0.913861
0.914080
0.914292
0.914496
0.914693
0.914883
0.915066
0.915242
0.915413
0.915577
0.915735
0.915887
0.916033
0.916174
0.916310
0.916440
0.916566
0.916687
0.916803
0.916914
0.917021
0.917124
0.917223
0.917318
0.917409
0.917496
0.917580
0.917661
0.917738
0.917812
0.917883
0.917950
0.918015
0.918078
0.918137
0.918194
0.918249
0.918301
0.918351
0.918399
0.918445
0.918488
0.918530
0.918570
0.918608
0.918644
0.918678
0.918711
0.918743
0.918773
0.918801
0.918829
0.918855
0.918879
0.918903
0.918925
0.918947
0.918967
0.918986
0.919005
0.919022
0.919039
0.919054
0.919069
0.919084
0.919097
0.919110
0.919122
0.919134
0.919144
0.919155
0.919165
0.919174
0.919183
0.919191
0.919199
0.919206
0.919213
0.919220
0.919226
0.919232
0.919238
0.919243
0.919248
0.919253
0.919257
0.919262
0.919266
0.919269
0.919273
0.919276
0.919279
0.919282
0.919285
0.919288
0.919290
0.919293
0.919295
0.919297
0.919299
0.919301
0.919302
0.919304
0.919305
0.919307
0.919308
0.919309
0.919310
0.919312
0.919313
0.919314
0.919314
0.919315
0.919316
0.919317
0.919317
0.919318
0.919319
0.919319
0.919320
0.919320
0.919321
0.919321
0.919322
0.919322
0.919322
0.919323
0.919323
0.919323
0.919323
0.919324
0.919324
0.919324
0.919324
0.919324
0.919325
0.919325
0.919325
0.919325
0.919325
0.919325
0.919325
0.919325
0.919326
0.919326
0.919326
0.919326
0.919326
0.919326
0.919326
0.919326
0.919326
0.919326
0.919326
0.919326
0.919326
0.919326
0.919326
0.919326
0.919326
0.919326
0.919326
0.919326
0.919326
0.919326
0.919327
0.919327
0.919327
0.919327
0.919327
0.919327
0.919327
0.919327
0.919327
0.919327
0.919327
0.919327
0.919327
0.919327
0.919327
0.919327
0.919327
0.919327
0.919327
0.919327
0.919327
0.919327
0.919327
0.919327
0.919327
0.919327
0.919327
0.919327
0.919327
0.919327
0.919327
0.919327
0.919327
0.919327
0.919327
0.919327
0.919327
0.919327
0.919327
0.919327
0.919327
0.919327
0.919327
0.919327
0.919327
0.919327
0.919327
0.919327
0.919327
0.919327
0.919327
0.919327
0.919327
0.919327
0.919327
0.919327
0.919327
0.919327
0.919327
0.919327
0.919327
0.919327
0.919327
0.919327
0.919327
0.919327
0.919327
0.919327
0.919327
0.919327
0.919327
0.919327
0.919327
0.919327
0.919327
0.919327
0.919327
0.919327
0.919327
0.919327
0.919327
0.919327
0.919327
0.919327
0.919327
0.919327
0.919327
0.919327
0.919327
0.919327
0.919327
0.919327
0.919327
0.919327
0.919327
0.919327
0.919327
0.919327
0.919327
0.919327
0.919327
0.919327
0.919327
0.919327
0.919327
0.919327
0.919327
0.919327
0.919327
0.919327
0.919327
0.919327
0.919327
0.919327
0.919327
0.919327
0.919327
0.919327
0.919327
0.919327
0.919327
0.919327
0.919327
0.919327
0.919327
0.919327
0.919327
0.919327
0.919327
0.919327
0.919327
0.919327
0.919327
0.919327
0.919327
0.919327
0.919327
0.919327
0.919327
0.919327
0.919327
0.919327
0.919327
0.919327
0.919327
