0.000000
0.013031
0.021635
0.026638
0.031895
0.037493
0.043507
0.050024
0.057155
0.065031
0.073806
0.083656
0.094815
0.107598
0.122425
0.139843
0.160618
0.185973
0.217896
0.259707
0.317180
0.400828
0.508204
0.541849
0.499203
0.490819
0.495051
0.499922
0.504925
0.510037
0.515246
0.520540
0.525911
0.531351
0.536856
0.542419
0.548037
0.553704
0.559418
0.565361
0.571020
0.576730
0.582479
0.588263
0.594080
0.599924
0.605792
0.611681
0.617588
0.623508
0.629439
0.635377
0.641320
0.647263
0.653203
0.659138
0.665064
0.670978
0.676877
0.682757
0.688617
0.694452
0.700261
0.706039
0.711785
0.717496
0.723168
0.728800
0.734389
0.739933
0.745429
0.750875
0.756268
0.761607
0.766890
0.772115
0.777280
0.782383
0.787422
0.792397
0.797305
0.802146
0.806918
0.811619
0.816250
0.820808
0.825293
0.829705
0.834042
0.838304
0.842490
0.846600
0.850634
0.854591
0.858472
0.862275
0.866002
0.869651
0.873224
0.876721
0.880141
0.883485
0.886753
0.889946
0.893065
0.896110
0.899081
0.901979
0.904805
0.907560
0.910245
0.912860
0.915406
0.917884
0.920296
0.922641
0.924922
0.927138
0.929292
0.931384
0.933415
0.935387
0.937300
0.939156
0.940955
0.942700
0.944390
0.946028
0.947614
0.949150
0.950637
0.952075
0.953466
0.954811
0.956112
0.957369
0.958583
0.959756
0.960889
0.961982
0.963038
0.964056
0.965038
0.965985
0.966899
0.967779
0.968627
0.969444
0.970231
0.970989
0.971718
0.972420
0.973096
0.973746
0.974371
0.974972
0.975550
0.976105
0.976639
0.977152
0.977644
0.978117
0.978571
0.979007
0.979425
0.979827
0.980212
0.980581
0.980936
0.981276
0.981601
0.981913
0.982213
0.982499
0.982774
0.983037
0.983289
0.983531
0.983762
0.983983
0.984195
0.984397
0.984591
0.984776
0.984954
0.985124
0.985286
0.985441
0.985590
0.985731
0.985867
0.985997
0.986120
0.986239
0.986352
0.986460
0.986563
0.986662
0.986756
0.986846
0.986931
0.987013
0.987091
0.987166
0.987237
0.987305
0.987370
0.987432
0.987491
0.987548
0.987601
0.987653
0.987702
0.987748
0.987793
0.987835
0.987876
0.987914
0.987951
0.987986
0.988020
0.988052
0.988082
0.988111
0.988139
0.988165
0.988190
0.988214
0.988237
0.988258
0.988279
0.988299
0.988318
0.988335
0.988353
0.988369
0.988384
0.988399
0.988413
0.988426
0.988439
0.988451
0.988463
0.988474
0.988484
0.988494
0.988504
0.988513
0.988522
0.988530
0.988538
0.988545
0.988552
0.988559
0.988565
0.988572
0.988577
0.988583
0.988588
0.988593
0.988598
0.988603
0.988607
0.988611
0.988615
0.988619
0.988623
0.988626
0.988629
0.988632
0.988635
0.988638
0.988641
0.988643
0.988646
0.988648
0.988650
0.988653
0.988655
0.988656
0.988658
0.988660
0.988662
0.988663
0.988665
0.988666
0.988667
0.988669
0.988670
0.988671
0.988672
0.988673
0.988674
0.988675
0.988676
0.988677
0.988678
0.988679
0.988680
0.988680
0.988681
0.988682
0.988682
0.988683
0.988683
0.988684
0.988684
0.988685
0.988685
0.988686
0.988686
0.988687
0.988687
0.988688
0.988688
0.988688
0.988689
0.988689
0.988689
0.988689
0.988690
0.988690
0.988690
0.988690
0.988691
0.988691
0.988691
0.988691
0.988691
0.988692
0.988692
0.988692
0.988692
0.988692
0.988692
0.988692
0.988693
0.988693
0.988693
0.988693
0.988693
0.988693
0.988693
0.988693
0.988693
0.988694
0.988694
0.988694
0.988694
0.988694
0.988694
0.988694
0.988694
0.988694
0.988694
0.988694
0.988694
0.988694
0.988694
0.988694
0.988694
0.988694
0.988694
0.988694
0.988695
0.988695
0.988695
0.988695
0.988695
0.988695
0.988695
0.988695
0.988695
0.988695
0.988695
0.988695
0.988695
0.988695
0.988695
0.988695
0.988695
0.988695
0.988695
0.988695
0.988695
0.988695
0.988695
0.988695
0.988695
0.988695
0.988695
0.988695
0.988695
0.988695
0.988695
0.988695
0.988695
0.988695
0.988695
0.988695
0.988695
0.988695
0.988695
0.988695
0.988695
0.988695
0.988695
0.988695
0.988695
0.988695
0.988695
0.988695
0.988695
0.988695
0.988695
0.988695
0.988695
0.988695
0.988695
0.988695
0.988695
0.988695
0.988695
0.988695
0.988695
0.988695
0.988695
0.988695
0.988695
0.988695
0.988695
0.988695
0.988695
0.988695
0.988695
0.988695
0.988695
0.988695
0.988695
0.988695
0.988695
0.988695
0.988695
0.988695
0.988695
0.988695
0.988695
0.988695
0.988695
0.988695
0.988695
0.988695
0.988695
0.988695
0.988695
0.988695
0.988695
0.988695
0.988695
0.988695
0.988695
0.988695
0.988695
0.988695
0.988695
0.988695
0.988695
0.988695
0.988695
0.988695
0.988695
0.988695
0.988695
0.988695
0.988695
0.988695
0.988695
0.988695
0.988695
0.988695
0.988695
0.988695
0.988695
0.988695
0.988695
0.988695
0.988695
0.988695
0.988695
0.988695
0.988695
0.988695
0.988695
0.988695
0.988695
0.988695
0.988695
0.988695
0.988695
0.988695
0.988695
0.988695
0.988695
0.988695
0.988695
0.988695
0.988695
0.988695
0.988695
0.988695
0.988695
0.988695
0.988695
0.988695
0.988695
0.988695
0.988695
0.988695
0.988695
0.988695
0.988695
0.988695
0.988695
0.988695
0.988695
0.988695
0.988695
0.988695
0.988695
0.988695
0.988695
0.988695
0.988695
0.988695
0.988695
0.988695
0.988695
0.988695
0.988695
0.988695
0.988695
0.988695
0.988695
0.988695
0.988695
0.988695
0.988695
0.988695
0.988695
0.988695
0.988695
0.988695
0.988695
0.988695
0.988695
0.988695
0.988695
0.988695
0.988695
0.988695
0.988695
0.988695
0.988695
0.988695
0.988695
0.988695
0.988695
0.988695
0.988695
0.988695
0.988695
0.988695
0.988695
0.988695
0.988695
0.988695
0.988695
0.988695
0.988695
0.988695
0.988695
0.988695
0.988695
0.988695
0.988695
0.988695
0.988695
0.988695
0.988695
0.988695
0.988695
0.988695
0.988695
0.988695
0.988695
0.988695
0.988695
0.988695
0.988695
0.988695
