0.000000
0.024022
0.048821
0.074823
0.102646
0.133072
0.167124
0.206083
0.251400
0.315279
0.350319
0.348404
0.316173
0.283447
0.270865
0.271100
0.273174
0.275275
0.277366
0.279445
0.281512
0.283568
0.285611
0.287642
0.289663
0.291672
0.293672
0.295661
0.297642
0.299615
0.301579
0.303537
0.305488
0.307432
0.309371
0.311304
0.313232
0.315155
0.317074
0.319004
0.320726
0.322473
0.324221
0.325967
0.327710
0.329452
0.331191
0.332929
0.334665
0.336400
0.338133
0.339864
0.341594
0.343324
0.345052
0.346779
0.348505
0.350230
0.351954
0.353678
0.355401
0.357123
0.358845
0.360566
0.362287
0.364007
0.365728
0.367448
0.369167
0.370887
0.372607
0.374327
0.376046
0.377766
0.379486
0.381206
0.382927
0.384648
0.386369
0.388091
0.389813
0.391536
0.393260
0.394984
0.396709
0.398434
0.400161
0.401888
0.403617
0.405346
0.407077
0.408808
0.410541
0.412275
0.414010
0.415746
0.417484
0.419223
0.420963
0.422705
0.424449
0.426194
0.427940
0.429688
0.431438
0.433189
0.434943
0.436698
0.438454
0.440213
0.441974
0.443736
0.445500
0.447267
0.449035
0.450805
0.452577
0.454352
0.456128
0.457907
0.459688
0.461471
0.463256
0.465043
0.466832
0.468624
0.470418
0.472214
0.474013
0.475814
0.477617
0.479422
0.481230
0.483040
0.484852
0.486667
0.488484
0.490304
0.492125
0.493950
0.495776
0.497605
0.499436
0.501269
0.503105
0.504943
0.506784
0.508626
0.510471
0.512319
0.514168
0.516020
0.517874
0.519730
0.521589
0.523449
0.525312
0.527177
0.529044
0.530913
0.532784
0.534657
0.536533
0.538410
0.540289
0.542170
0.544053
0.545938
0.547825
0.549713
0.551603
0.553495
0.555389
0.557284
0.559181
0.561079
0.562979
0.564880
0.566783
0.568687
0.570592
0.572499
0.574407
0.576316
0.578226
0.580137
0.582050
0.583963
0.585877
0.587792
0.589708
0.591625
0.593542
0.595460
0.597379
0.599298
0.601217
0.603137
0.605057
0.606978
0.608898
0.610819
0.612740
0.614661
0.616582
0.618503
0.620423
0.622343
0.624263
0.626183
0.628102
0.630021
0.631939
0.633856
0.635773
0.637688
0.639603
0.641517
0.643430
0.645342
0.647253
0.649162
0.651070
0.652977
0.654882
0.656786
0.658688
0.660588
0.662486
0.664383
0.666278
0.668171
0.670062
0.671950
0.673837
0.675721
0.677602
0.679482
0.681358
0.683233
0.685104
0.686973
0.688839
0.690702
0.692562
0.694419
0.696272
0.698123
0.699970
0.701814
0.703655
0.705492
0.707326
0.709155
0.710982
0.712804
0.714622
0.716437
0.718248
0.720054
0.721856
0.723654
0.725448
0.727237
0.729022
0.730803
0.732579
0.734350
0.736116
0.737878
0.739635
0.741387
0.743134
0.744876
0.746613
0.748344
0.750071
0.751792
0.753507
0.755218
0.756922
0.758622
0.760315
0.762003
0.763685
0.765362
0.767032
0.768697
0.770355
0.772008
0.773655
0.775295
0.776929
0.778557
0.780179
0.781794
0.783403
0.785006
0.786602
0.788191
0.789774
0.791350
0.792920
0.794482
0.796038
0.797587
0.799130
0.800665
0.802194
0.803715
0.805229
0.806737
0.808237
0.809730
0.811216
0.812695
0.814166
0.815630
0.817087
0.818536
0.819979
0.821413
0.822840
0.824260
0.825672
0.827077
0.828474
0.829864
0.831245
0.832620
0.833986
0.835345
0.836696
0.838040
0.839376
0.840704
0.842024
0.843336
0.844641
0.845937
0.847226
0.848507
0.849780
0.851046
0.852303
0.853552
0.854794
0.856027
0.857253
0.858471
0.859680
0.860882
0.862076
0.863262
0.864440
0.865609
0.866771
0.867925
0.869071
0.870209
0.871339
0.872461
0.873575
0.874681
0.875779
0.876869
0.877951
0.879026
0.880092
0.881150
0.882200
0.883243
0.884277
0.885304
0.886323
0.887334
0.888337
0.889332
0.890319
0.891299
0.892270
0.893234
0.894190
0.895138
0.896079
0.897012
0.897937
0.898855
0.899764
0.900666
0.901561
0.902448
0.903327
0.904199
0.905063
0.905920
0.906769
0.907611
0.908445
0.909272
0.910091
0.910903
0.911708
0.912506
0.913296
0.914079
0.914855
0.915623
0.916384
0.917139
0.917886
0.918626
0.919359
0.920085
0.920804
0.921516
0.922221
0.922919
0.923611
0.924295
0.924973
0.925644
0.926309
0.926966
0.927617
0.928262
0.928900
0.929531
0.930156
0.930774
0.931386
0.931992
0.932591
0.933184
0.933771
0.934351
0.934925
0.935493
0.936055
0.936611
0.937161
0.937705
0.938243
0.938775
0.939301
0.939821
0.940335
0.940844
0.941347
0.941844
0.942336
0.942821
0.943302
0.943777
0.944246
0.944710
0.945169
0.945622
0.946070
0.946512
0.946950
0.947382
0.947809
0.948230
0.948647
0.949059
0.949466
0.949868
0.950264
0.950656
0.951044
0.951426
0.951804
0.952176
0.952545
0.952908
0.953267
0.953622
0.953972
0.954317
0.954658
0.954995
0.955327
0.955655
0.955979
0.956299
0.956614
0.956925
0.957232
0.957535
0.957834
0.958129
0.958420
0.958707
0.958990
0.959270
0.959545
0.959817
0.960085
0.960350
0.960610
0.960868
0.961121
0.961371
0.961618
0.961861
0.962100
0.962337
0.962570
0.962799
0.963025
0.963248
0.963468
0.963685
0.963898
0.964109
0.964316
0.964521
0.964722
0.964920
0.965116
0.965308
0.965498
0.965685
0.965869
0.966050
0.966228
0.966404
0.966577
0.966748
0.966915
0.967081
0.967244
0.967404
0.967562
0.967717
0.967870
0.968020
0.968168
0.968314
0.968458
0.968599
0.968738
0.968875
0.969009
0.969142
0.969272
0.969400
0.969526
0.969650
0.969772
0.969892
0.970010
0.970126
0.970241
0.970353
0.970463
0.970572
0.970679
0.970784
0.970887
0.970988
0.971088
0.971186
0.971283
0.971378
0.971471
0.971562
0.971652
0.971741
0.971827
0.971913
0.971997
0.972079
0.972160
0.972240
0.972318
0.972395
0.972470
0.972544
0.972617
0.972688
0.972758
0.972827
0.972895
0.972961
0.973027
0.973091
0.973154
0.973215
0.973276
0.973335
0.973394
0.973451
0.973507
0.973563
0.973617
0.973670
0.973722
0.973773
