0.000000
0.013176
0.021672
0.026789
0.032187
0.037952
0.044160
0.050895
0.058267
0.066408
0.075477
0.085653
0.097170
0.110346
0.125608
0.143518
0.164846
0.190813
0.223410
0.265895
0.323381
0.398916
0.456380
0.418861
0.368757
0.363649
0.367000
0.370678
0.374436
0.378264
0.382158
0.386112
0.390123
0.394189
0.398307
0.402475
0.406692
0.410957
0.415268
0.419736
0.423948
0.428225
0.432550
0.436921
0.441336
0.445794
0.450294
0.454835
0.459415
0.464034
0.468689
0.473379
0.478104
0.482861
0.487650
0.492469
0.497316
0.502190
0.507090
0.512014
0.516960
0.521927
0.526913
0.531917
0.536937
0.541971
0.547019
0.552077
0.557145
0.562220
0.567302
0.572388
0.577477
0.582567
0.587656
0.592743
0.597827
0.602905
0.607975
0.613037
0.618089
0.623129
0.628155
0.633166
0.638161
0.643138
0.648095
0.653032
0.657946
0.662836
0.667702
0.672541
0.677353
0.682135
0.686888
0.691610
0.696299
0.700955
0.705576
0.710162
0.714711
0.719223
0.723696
0.728130
0.732525
0.736878
0.741190
0.745460
0.749686
0.753869
0.758008
0.762103
0.766152
0.770155
0.774113
0.778024
0.781888
0.785704
0.789474
0.793196
0.796869
0.800495
0.804073
0.807602
0.811082
0.814515
0.817898
0.821233
0.824520
0.827758
0.830948
0.834090
0.837183
0.840229
0.843227
0.846177
0.849080
0.851936
0.854745
0.857508
0.860225
0.862896
0.865521
0.868101
0.870636
0.873127
0.875574
0.877978
0.880338
0.882655
0.884931
0.887164
0.889356
0.891507
0.893618
0.895688
0.897720
0.899712
0.901666
0.903582
0.905460
0.907302
0.909107
0.910876
0.912610
0.914309
0.915974
0.917605
0.919202
0.920767
0.922300
0.923800
0.925270
0.926709
0.928117
0.929496
0.930846
0.932167
0.933460
0.934725
0.935963
0.937174
0.938359
0.939518
0.940652
0.941761
0.942846
0.943907
0.944945
0.945959
0.946951
0.947921
0.948869
0.949796
0.950702
0.951588
0.952454
0.953300
0.954127
0.954936
0.955726
0.956497
0.957252
0.957989
0.958709
0.959412
0.960100
0.960771
0.961427
0.962068
0.962694
0.963305
0.963902
0.964485
0.965055
0.965611
0.966155
0.966685
0.967204
0.967710
0.968204
0.968686
0.969158
0.969618
0.970067
0.970506
0.970934
0.971352
0.971760
0.972159
0.972548
0.972928
0.973299
0.973661
0.974015
0.974360
0.974697
0.975026
0.975347
0.975660
0.975966
0.976265
0.976557
0.976841
0.977119
0.977391
0.977655
0.977914
0.978166
0.978412
0.978653
0.978888
0.979117
0.979340
0.979558
0.979772
0.979979
0.980183
0.980381
0.980574
0.980763
0.980947
0.981127
0.981303
0.981474
0.981642
0.981805
0.981964
0.982120
0.982272
0.982420
0.982565
0.982707
0.982845
0.982979
0.983111
0.983239
0.983365
0.983487
0.983607
0.983723
0.983837
0.983948
0.984057
0.984163
0.984266
0.984367
0.984466
0.984562
0.984656
0.984748
0.984837
0.984925
0.985010
0.985094
0.985175
0.985255
0.985332
0.985408
0.985482
0.985555
0.985625
0.985694
0.985762
0.985827
0.985892
0.985954
0.986016
0.986075
0.986134
0.986191
0.986247
0.986301
0.986354
0.986406
0.986457
0.986506
0.986555
0.986602
0.986648
0.986693
0.986737
0.986780
0.986822
0.986863
0.986903
0.986943
0.986981
0.987018
0.987055
0.987091
0.987125
0.987159
0.987193
0.987225
0.987257
0.987288
0.987318
0.987348
0.987377
0.987405
0.987433
0.987460
0.987486
0.987512
0.987537
0.987562
0.987586
0.987610
0.987633
0.987655
0.987677
0.987698
0.987719
0.987740
0.987760
0.987780
0.987799
0.987817
0.987836
0.987854
0.987871
0.987888
0.987905
0.987921
0.987937
0.987953
0.987968
0.987983
0.987997
0.988012
0.988026
0.988039
0.988052
0.988065
0.988078
0.988091
0.988103
0.988115
0.988126
0.988138
0.988149
0.988160
0.988170
0.988181
0.988191
0.988201
0.988210
0.988220
0.988229
0.988238
0.988247
0.988256
0.988264
0.988273
0.988281
0.988289
0.988296
0.988304
0.988311
0.988319
0.988326
0.988333
0.988340
0.988346
0.988353
0.988359
0.988365
0.988371
0.988377
0.988383
0.988389
0.988395
0.988400
0.988405
0.988411
0.988416
0.988421
0.988426
0.988430
0.988435
0.988440
0.988444
0.988448
0.988453
0.988457
0.988461
0.988465
0.988469
0.988473
0.988477
0.988480
0.988484
0.988487
0.988491
0.988494
0.988497
0.988501
0.988504
0.988507
0.988510
0.988513
0.988516
0.988519
0.988521
0.988524
0.988527
0.988529
0.988532
0.988534
0.988537
0.988539
0.988542
0.988544
0.988546
0.988548
0.988550
0.988552
0.988555
0.988557
0.988558
0.988560
0.988562
0.988564
0.988566
0.988568
0.988569
0.988571
0.988573
0.988574
0.988576
0.988578
0.988579
0.988581
0.988582
0.988583
0.988585
0.988586
0.988588
0.988589
0.988590
0.988591
0.988593
0.988594
0.988595
0.988596
0.988597
0.988598
0.988599
0.988600
0.988602
0.988603
0.988604
0.988604
0.988605
0.988606
0.988607
0.988608
0.988609
0.988610
0.988611
0.988612
0.988612
0.988613
0.988614
0.988615
0.988615
0.988616
0.988617
0.988618
0.988618
0.988619
0.988620
0.988620
0.988621
0.988621
0.988622
0.988623
0.988623
0.988624
0.988624
0.988625
0.988625
0.988626
0.988626
0.988627
0.988627
0.988628
0.988628
0.988629
0.988629
0.988630
0.988630
0.988630
0.988631
0.988631
0.988632
0.988632
0.988632
0.988633
0.988633
0.988634
0.988634
0.988634
0.988635
0.988635
0.988635
0.988635
0.988636
0.988636
0.988636
0.988637
0.988637
0.988637
0.988637
0.988638
0.988638
0.988638
0.988639
0.988639
0.988639
0.988639
0.988639
0.988640
0.988640
0.988640
0.988640
0.988641
0.988641
0.988641
0.988641
0.988641
0.988642
0.988642
0.988642
0.988642
0.988642
0.988642
0.988643
0.988643
0.988643
0.988643
0.988643
0.988643
0.988643
0.988644
0.988644
0.988644
0.988644
0.988644
0.988644
0.988644
0.988645
0.988645
0.988645
0.988645
0.988645
0.988645
0.988645
0.988645
