0.000000
0.017366
0.035288
0.054067
0.074159
0.096417
0.123095
0.157463
0.198972
0.239051
0.259706
0.265942
0.265246
0.264274
0.265144
0.266991
0.268965
0.270935
0.272899
0.274858
0.276810
0.278757
0.280698
0.282633
0.284562
0.286486
0.288404
0.290317
0.292225
0.294127
0.296024
0.297915
0.299802
0.301684
0.303560
0.305432
0.307299
0.309161
0.311018
0.312911
0.314602
0.316290
0.317975
0.319656
0.321334
0.323007
0.324677
0.326343
0.328005
0.329664
0.331319
0.332970
0.334618
0.336262
0.337902
0.339539
0.341172
0.342802
0.344428
0.346051
0.347670
0.349286
0.350899
0.352508
0.354114
0.355716
0.357315
0.358911
0.360504
0.362093
0.363679
0.365262
0.366842
0.368419
0.369992
0.371563
0.373130
0.374695
0.376256
0.377814
0.379370
0.380922
0.382472
0.384019
0.385562
0.387103
0.388641
0.390177
0.391709
0.393239
0.394766
0.396291
0.397813
0.399332
0.400848
0.402362
0.403873
0.405382
0.406888
0.408392
0.409894
0.411392
0.412889
0.414383
0.415875
0.417364
0.418851
0.420336
0.421818
0.423299
0.424777
0.426253
0.427726
0.429198
0.430667
0.432135
0.433600
0.435063
0.436525
0.437984
0.439441
0.440897
0.442350
0.443802
0.445251
0.446699
0.448145
0.449589
0.451032
0.452473
0.453912
0.455349
0.456785
0.458219
0.459651
0.461082
0.462511
0.463939
0.465365
0.466790
0.468213
0.469634
0.471055
0.472473
0.473891
0.475307
0.476722
0.478135
0.479547
0.480958
0.482368
0.483776
0.485183
0.486589
0.487994
0.489398
0.490800
0.492201
0.493602
0.495001
0.496399
0.497796
0.499193
0.500588
0.501982
0.503375
0.504768
0.506159
0.507550
0.508939
0.510328
0.511716
0.513103
0.514489
0.515875
0.517260
0.518644
0.520027
0.521410
0.522792
0.524173
0.525554
0.526934
0.528313
0.529692
0.531070
0.532447
0.533824
0.535200
0.536576
0.537951
0.539326
0.540700
0.542074
0.543447
0.544820
0.546193
0.547564
0.548936
0.550307
0.551678
0.553048
0.554418
0.555787
0.557156
0.558525
0.559893
0.561262
0.562629
0.563997
0.565364
0.566731
0.568097
0.569463
0.570829
0.572195
0.573560
0.574925
0.576290
0.577655
0.579019
0.580383
0.581747
0.583111
0.584474
0.585838
0.587200
0.588563
0.589926
0.591288
0.592650
0.594012
0.595374
0.596735
0.598097
0.599458
0.600819
0.602179
0.603540
0.604900
0.606260
0.607620
0.608980
0.610339
0.611698
0.613057
0.614416
0.615775
0.617133
0.618491
0.619849
0.621207
0.622564
0.623921
0.625278
0.626635
0.627991
0.629348
0.630703
0.632059
0.633414
0.634769
0.636124
0.637478
0.638832
0.640186
0.641539
0.642892
0.644245
0.645597
0.646949
0.648301
0.649652
0.651003
0.652353
0.653703
0.655052
0.656401
0.657750
0.659098
0.660446
0.661793
0.663139
0.664485
0.665830
0.667175
0.668520
0.669863
0.671206
0.672549
0.673891
0.675232
0.676572
0.677912
0.679251
0.680589
0.681927
0.683264
0.684600
0.685935
0.687270
0.688603
0.689936
0.691268
0.692599
0.693929
0.695258
0.696586
0.697914
0.699240
0.700565
0.701890
0.703213
0.704535
0.705856
0.707176
0.708495
0.709812
0.711129
0.712444
0.713758
0.715071
0.716383
0.717693
0.719002
0.720309
0.721616
0.722921
0.724224
0.725526
0.726827
0.728126
0.729423
0.730719
0.732014
0.733307
0.734598
0.735888
0.737176
0.738463
0.739747
0.741030
0.742312
0.743591
0.744869
0.746145
0.747419
0.748691
0.749961
0.751229
0.752496
0.753760
0.755023
0.756283
0.757541
0.758797
0.760052
0.761304
0.762553
0.763801
0.765046
0.766290
0.767531
0.768769
0.770006
0.771240
0.772471
0.773700
0.774927
0.776152
0.777374
0.778593
0.779810
0.781024
0.782236
0.783445
0.784652
0.785855
0.787057
0.788255
0.789451
0.790644
0.791834
0.793021
0.794206
0.795388
0.796567
0.797742
0.798915
0.800085
0.801253
0.802417
0.803578
0.804736
0.805890
0.807042
0.808191
0.809336
0.810479
0.811618
0.812754
0.813886
0.815015
0.816142
0.817264
0.818384
0.819500
0.820612
0.821722
0.822827
0.823930
0.825029
0.826124
0.827216
0.828304
0.829389
0.830470
0.831547
0.832621
0.833692
0.834758
0.835821
0.836880
0.837936
0.838988
0.840036
0.841080
0.842120
0.843157
0.844189
0.845218
0.846243
0.847264
0.848281
0.849295
0.850304
0.851309
0.852311
0.853308
0.854301
0.855291
0.856276
0.857257
0.858234
0.859207
0.860176
0.861141
0.862102
0.863058
0.864010
0.864959
0.865903
0.866842
0.867778
0.868709
0.869636
0.870559
0.871478
0.872392
0.873302
0.874208
0.875110
0.876007
0.876899
0.877788
0.878672
0.879552
0.880427
0.881298
0.882165
0.883027
0.883885
0.884739
0.885588
0.886432
0.887273
0.888108
0.888940
0.889767
0.890589
0.891407
0.892221
0.893030
0.893835
0.894635
0.895431
0.896222
0.897009
0.897791
0.898569
0.899342
0.900111
0.900875
0.901635
0.902391
0.903142
0.903888
0.904630
0.905367
0.906100
0.906829
0.907553
0.908272
0.908987
0.909698
0.910404
0.911105
0.911802
0.912495
0.913183
0.913867
0.914546
0.915220
0.915891
0.916556
0.917218
0.917875
0.918527
0.919175
0.919819
0.920458
0.921093
0.921723
0.922349
0.922971
0.923588
0.924201
0.924809
0.925413
0.926013
0.926608
0.927199
0.927786
0.928368
0.928946
0.929520
0.930090
0.930655
0.931216
0.931772
0.932325
0.932873
0.933417
0.933957
0.934492
0.935024
0.935551
0.936074
0.936592
0.937107
0.937618
0.938124
0.938626
0.939125
0.939619
0.940109
0.940595
0.941077
0.941555
0.942029
0.942499
0.942965
0.943427
0.943885
0.944339
0.944790
0.945236
0.945678
0.946117
0.946552
0.946983
0.947410
0.947833
0.948253
0.948668
0.949080
0.949488
0.949893
0.950294
0.950691
0.951084
0.951474
0.951860
0.952243
0.952622
0.952997
0.953369
0.953737
0.954102
0.954464
0.954821
0.955176
0.955526
0.955874
0.956218
0.956559
0.956896
0.957230
0.957560
0.957888
