0.000000
0.004863
0.009398
0.013796
0.018179
0.022636
0.027247
0.032099
0.037273
0.042859
0.048956
0.055674
0.063138
0.071497
0.080951
0.091766
0.104271
0.118895
0.136306
0.157493
0.183906
0.218046
0.264567
0.332506
0.441518
0.627239
0.849560
0.948704
0.960814
0.961880
0.962645
0.963416
0.964187
0.964955
0.965717
0.966471
0.967215
0.967947
0.968665
0.969369
0.970058
0.970731
0.971388
0.972027
0.972649
0.973254
0.973841
0.974409
0.974960
0.975492
0.976007
0.976503
0.976982
0.977443
0.977887
0.978313
0.978723
0.979116
0.979493
0.979854
0.980200
0.980531
0.980847
0.981148
0.981436
0.981710
0.981971
0.982220
0.982456
0.982681
0.982895
0.983097
0.983289
0.983471
0.983644
0.983807
0.983961
0.984107
0.984244
0.984374
0.984497
0.984613
0.984722
0.984824
0.984921
0.985011
0.985097
0.985177
0.985252
0.985322
0.985389
0.985451
0.985509
0.985563
0.985614
0.985662
0.985706
0.985748
0.985787
0.985823
0.985857
0.985888
0.985917
0.985945
0.985970
0.985994
0.986016
0.986037
0.986056
0.986073
0.986090
0.986105
0.986119
0.986132
0.986145
0.986156
0.986166
0.986176
0.986185
0.986193
0.986201
0.986208
0.986214
0.986220
0.986226
0.986231
0.986236
0.986240
0.986244
0.986248
0.986252
0.986255
0.986258
0.986260
0.986263
0.986265
0.986267
0.986269
0.986271
0.986272
0.986274
0.986275
0.986276
0.986278
0.986279
0.986280
0.986280
0.986281
0.986282
0.986283
0.986283
0.986284
0.986284
0.986285
0.986285
0.986286
0.986286
0.986286
0.986287
0.986287
0.986287
0.986287
0.986288
0.986288
0.986288
0.986288
0.986288
0.986288
0.986289
0.986289
0.986289
0.986289
0.986289
0.986289
0.986289
0.986289
0.986289
0.986289
0.986289
0.986289
0.986289
0.986289
0.986289
0.986289
0.986289
0.986289
0.986289
0.986289
0.986290
0.986290
0.986290
0.986290
0.986290
0.986290
0.986290
0.986290
0.986290
0.986290
0.986290
0.986290
0.986290
0.986290
0.986290
0.986290
0.986290
0.986290
0.986290
0.986290
0.986290
0.986290
0.986290
0.986290
0.986290
0.986290
0.986290
0.986290
0.986290
0.986290
0.986290
0.986290
0.986290
0.986290
0.986290
0.986290
0.986290
0.986290
0.986290
0.986290
0.986290
0.986290
0.986290
0.986290
0.986290
0.986290
0.986290
0.986290
0.986290
0.986290
0.986290
0.986290
0.986290
0.986290
0.986290
0.986290
0.986290
0.986290
0.986290
0.986290
0.986290
0.986290
0.986290
0.986290
0.986290
0.986290
0.986290
0.986290
0.986290
0.986290
0.986290
0.986290
0.986290
0.986290
0.986290
0.986290
0.986290
0.986290
0.986290
0.986290
0.986290
0.986290
0.986290
0.986290
0.986290
0.986290
0.986290
0.986290
0.986290
0.986290
0.986290
0.986290
0.986290
0.986290
0.986290
0.986290
0.986290
0.986290
0.986290
0.986290
0.986290
0.986290
0.986290
0.986290
0.986290
0.986290
0.986290
0.986290
0.986290
0.986290
0.986290
0.986290
0.986290
0.986290
0.986290
0.986290
0.986290
0.986290
0.986290
0.986290
0.986290
0.986290
0.986290
0.986290
0.986290
0.986290
0.986290
0.986290
0.986290
0.986290
0.986290
0.986290
0.986290
0.986290
0.986290
0.986290
0.986290
0.986290
0.986290
0.986290
0.986290
0.986290
0.986290
0.986290
0.986290
0.986290
0.986290
0.986290
0.986290
0.986290
0.986290
0.986290
0.986290
0.986290
0.986290
0.986290
0.986290
0.986290
0.986290
0.986290
0.986290
0.986290
0.986290
0.986290
0.986290
0.986290
0.986290
0.986290
0.986290
0.986290
0.986290
0.986290
0.986290
0.986290
0.986290
0.986290
0.986290
0.986290
0.986290
0.986290
0.986290
0.986290
0.986290
0.986290
0.986290
0.986290
0.986290
0.986290
0.986290
0.986290
0.986290
0.986290
0.986290
0.986290
0.986290
0.986290
0.986290
0.986290
0.986290
0.986290
0.986290
0.986290
0.986290
0.986290
0.986290
0.986290
0.986290
0.986290
0.986290
0.986290
0.986290
0.986290
0.986290
0.986290
0.986290
0.986290
0.986290
0.986290
0.986290
0.986290
0.986290
0.986290
0.986290
0.986290
0.986290
0.986290
0.986290
0.986290
0.986290
0.986290
0.986290
0.986290
0.986290
0.986290
0.986290
0.986290
0.986290
0.986290
0.986290
0.986290
0.986290
0.986290
0.986290
0.986290
0.986290
0.986290
0.986290
0.986290
0.986290
0.986290
0.986290
0.986290
0.986290
0.986290
0.986290
0.986290
0.986290
0.986290
0.986290
0.986290
0.986290
0.986290
0.986290
0.986290
0.986290
0.986290
0.986290
0.986290
0.986290
0.986290
0.986290
0.986290
0.986290
0.986290
0.986290
0.986290
0.986290
0.986290
0.986290
0.986290
0.986290
0.986290
0.986290
0.986290
0.986290
0.986290
0.986290
0.986290
0.986290
0.986290
0.986290
0.986290
0.986290
0.986290
0.986290
0.986290
0.986290
0.986290
0.986290
0.986290
0.986290
0.986290
0.986290
0.986290
0.986290
0.986290
0.986290
0.986290
0.986290
0.986290
0.986290
0.986290
0.986290
0.986290
0.986290
0.986290
0.986290
0.986290
0.986290
0.986290
0.986290
0.986290
0.986290
0.986290
0.986290
0.986290
0.986290
0.986290
0.986290
0.986290
0.986290
0.986290
0.986290
0.986290
0.986290
0.986290
0.986290
0.986290
0.986290
0.986290
0.986290
0.986290
0.986290
0.986290
0.986290
0.986290
0.986290
0.986290
0.986290
0.986290
0.986290
0.986290
0.986290
0.986290
0.986290
0.986290
0.986290
0.986290
0.986290
0.986290
0.986290
0.986290
0.986290
0.986290
0.986290
0.986290
0.986290
0.986290
0.986290
0.986290
0.986290
0.986290
0.986290
0.986290
0.986290
0.986290
0.986290
0.986290
0.986290
0.986290
0.986290
0.986290
0.986290
0.986290
0.986290
0.986290
0.986290
0.986290
0.986290
0.986290
0.986290
0.986290
0.986290
0.986290
0.986290
0.986290
0.986290
0.986290
0.986290
0.986290
0.986290
0.986290
0.986290
0.986290
0.986290
0.986290
0.986290
0.986290
0.986290
0.986290
0.986290
0.986290
