0.000000
0.005023
0.009726
0.014300
0.018873
0.023541
0.028391
0.033516
0.038989
0.044904
0.051363
0.058488
0.066414
0.075300
0.085361
0.096883
0.110238
0.125895
0.144570
0.167375
0.196016
0.233334
0.284544
0.359710
0.479167
0.657021
0.808589
0.854879
0.860899
0.863679
0.866456
0.869273
0.872114
0.874968
0.877827
0.880682
0.883528
0.886358
0.889170
0.892064
0.894799
0.897507
0.900186
0.902831
0.905440
0.908012
0.910543
0.913033
0.915479
0.917880
0.920235
0.922542
0.924801
0.927011
0.929172
0.931281
0.933341
0.935348
0.937305
0.939210
0.941064
0.942866
0.944617
0.946318
0.947967
0.949567
0.951117
0.952617
0.954069
0.955474
0.956831
0.958142
0.959407
0.960628
0.961804
0.962938
0.964030
0.965080
0.966091
0.967062
0.967995
0.968892
0.969751
0.970576
0.971367
0.972125
0.972850
0.973544
0.974209
0.974844
0.975451
0.976031
0.976584
0.977112
0.977616
0.978097
0.978554
0.978990
0.979405
0.979800
0.980176
0.980533
0.980873
0.981195
0.981501
0.981792
0.982067
0.982329
0.982576
0.982811
0.983033
0.983244
0.983443
0.983631
0.983809
0.983978
0.984137
0.984287
0.984429
0.984562
0.984689
0.984808
0.984920
0.985026
0.985125
0.985219
0.985307
0.985390
0.985468
0.985542
0.985611
0.985675
0.985736
0.985793
0.985847
0.985897
0.985945
0.985989
0.986030
0.986069
0.986106
0.986140
0.986172
0.986201
0.986229
0.986255
0.986280
0.986303
0.986324
0.986344
0.986362
0.986380
0.986396
0.986411
0.986425
0.986438
0.986450
0.986462
0.986472
0.986482
0.986492
0.986500
0.986508
0.986515
0.986522
0.986529
0.986535
0.986540
0.986545
0.986550
0.986555
0.986559
0.986563
0.986566
0.986569
0.986572
0.986575
0.986578
0.986580
0.986582
0.986585
0.986586
0.986588
0.986590
0.986591
0.986593
0.986594
0.986595
0.986596
0.986597
0.986598
0.986599
0.986600
0.986601
0.986602
0.986602
0.986603
0.986603
0.986604
0.986604
0.986605
0.986605
0.986605
0.986606
0.986606
0.986606
0.986607
0.986607
0.986607
0.986607
0.986608
0.986608
0.986608
0.986608
0.986608
0.986608
0.986608
0.986608
0.986609
0.986609
0.986609
0.986609
0.986609
0.986609
0.986609
0.986609
0.986609
0.986609
0.986609
0.986609
0.986609
0.986609
0.986609
0.986609
0.986609
0.986609
0.986609
0.986609
0.986609
0.986609
0.986609
0.986610
0.986610
0.986610
0.986610
0.986610
0.986610
0.986610
0.986610
0.986610
0.986610
0.986610
0.986610
0.986610
0.986610
0.986610
0.986610
0.986610
0.986610
0.986610
0.986610
0.986610
0.986610
0.986610
0.986610
0.986610
0.986610
0.986610
0.986610
0.986610
0.986610
0.986610
0.986610
0.986610
0.986610
0.986610
0.986610
0.986610
0.986610
0.986610
0.986610
0.986610
0.986610
0.986610
0.986610
0.986610
0.986610
0.986610
0.986610
0.986610
0.986610
0.986610
0.986610
0.986610
0.986610
0.986610
0.986610
0.986610
0.986610
0.986610
0.986610
0.986610
0.986610
0.986610
0.986610
0.986610
0.986610
0.986610
0.986610
0.986610
0.986610
0.986610
0.986610
0.986610
0.986610
0.986610
0.986610
0.986610
0.986610
0.986610
0.986610
0.986610
0.986610
0.986610
0.986610
0.986610
0.986610
0.986610
0.986610
0.986610
0.986610
0.986610
0.986610
0.986610
0.986610
0.986610
0.986610
0.986610
0.986610
0.986610
0.986610
0.986610
0.986610
0.986610
0.986610
0.986610
0.986610
0.986610
0.986610
0.986610
0.986610
0.986610
0.986610
0.986610
0.986610
0.986610
0.986610
0.986610
0.986610
0.986610
0.986610
0.986610
0.986610
0.986610
0.986610
0.986610
0.986610
0.986610
0.986610
0.986610
0.986610
0.986610
0.986610
0.986610
0.986610
0.986610
0.986610
0.986610
0.986610
0.986610
0.986610
0.986610
0.986610
0.986610
0.986610
0.986610
0.986610
0.986610
0.986610
0.986610
0.986610
0.986610
0.986610
0.986610
0.986610
0.986610
0.986610
0.986610
0.986610
0.986610
0.986610
0.986610
0.986610
0.986610
0.986610
0.986610
0.986610
0.986610
0.986610
0.986610
0.986610
0.986610
0.986610
0.986610
0.986610
0.986610
0.986610
0.986610
0.986610
0.986610
0.986610
0.986610
0.986610
0.986610
0.986610
0.986610
0.986610
0.986610
0.986610
0.986610
0.986610
0.986610
0.986610
0.986610
0.986610
0.986610
0.986610
0.986610
0.986610
0.986610
0.986610
0.986610
0.986610
0.986610
0.986610
0.986610
0.986610
0.986610
0.986610
0.986610
0.986610
0.986610
0.986610
0.986610
0.986610
0.986610
0.986610
0.986610
0.986610
0.986610
0.986610
0.986610
0.986610
0.986610
0.986610
0.986610
0.986610
0.986610
0.986610
0.986610
0.986610
0.986610
0.986610
0.986610
0.986610
0.986610
0.986610
0.986610
0.986610
0.986610
0.986610
0.986610
0.986610
0.986610
0.986610
0.986610
0.986610
0.986610
0.986610
0.986610
0.986610
0.986610
0.986610
0.986610
0.986610
0.986610
0.986610
0.986610
0.986610
0.986610
0.986610
0.986610
0.986610
0.986610
0.986610
0.986610
0.986610
0.986610
0.986610
0.986610
0.986610
0.986610
0.986610
0.986610
0.986610
0.986610
0.986610
0.986610
0.986610
0.986610
0.986610
0.986610
0.986610
0.986610
0.986610
0.986610
0.986610
0.986610
0.986610
0.986610
0.986610
0.986610
0.986610
0.986610
0.986610
0.986610
0.986610
0.986610
0.986610
0.986610
0.986610
0.986610
0.986610
0.986610
0.986610
0.986610
0.986610
0.986610
0.986610
0.986610
0.986610
0.986610
0.986610
0.986610
0.986610
0.986610
0.986610
0.986610
0.986610
0.986610
0.986610
0.986610
0.986610
0.986610
0.986610
0.986610
0.986610
0.986610
0.986610
0.986610
0.986610
0.986610
0.986610
0.986610
0.986610
0.986610
0.986610
0.986610
0.986610
0.986610
0.986610
0.986610
0.986610
0.986610
0.986610
0.986610
0.986610
0.986610
0.986610
0.986610
0.986610
0.986610
0.986610
0.986610
0.986610
0.986610
0.986610
0.986610
0.986610
0.986610
