0.000000
0.004725
0.009658
0.014787
0.020209
0.026017
0.032381
0.043201
0.050392
0.058091
0.068875
0.088045
0.124092
0.177835
0.230615
0.259582
0.267168
0.270107
0.272356
0.274392
0.276417
0.278436
0.280448
0.282455
0.284455
0.286450
0.288440
0.290425
0.292405
0.294381
0.296352
0.298321
0.300285
0.302246
0.304205
0.306160
0.308113
0.310063
0.312010
0.314006
0.315794
0.317573
0.319349
0.321125
0.322900
0.324674
0.326448
0.328221
0.329994
0.331767
0.333540
0.335312
0.337085
0.338858
0.340630
0.342404
0.344177
0.345951
0.347726
0.349501
0.351276
0.353053
0.354830
0.356608
0.358388
0.360168
0.361949
0.363732
0.365516
0.367301
0.369088
0.370877
0.372666
0.374458
0.376251
0.378046
0.379843
0.381642
0.383443
0.385246
0.387051
0.388859
0.390668
0.392480
0.394294
0.396111
0.397930
0.399752
0.401577
0.403404
0.405234
0.407067
0.408902
0.410741
0.412582
0.414427
0.416274
0.418125
0.419979
0.421835
0.423696
0.425559
0.427426
0.429296
0.431169
0.433046
0.434926
0.436810
0.438698
0.440588
0.442483
0.444381
0.446283
0.448188
0.450097
0.452009
0.453926
0.455846
0.457769
0.459697
0.461628
0.463563
0.465502
0.467445
0.469391
0.471341
0.473295
0.475252
0.477214
0.479179
0.481148
0.483121
0.485097
0.487077
0.489061
0.491049
0.493040
0.495035
0.497033
0.499035
0.501041
0.503051
0.505063
0.507080
0.509100
0.511123
0.513150
0.515180
0.517213
0.519250
0.521290
0.523334
0.525380
0.527430
0.529482
0.531538
0.533597
0.535658
0.537723
0.539790
0.541860
0.543933
0.546008
0.548087
0.550167
0.552250
0.554336
0.556424
0.558514
0.560606
0.562700
0.564797
0.566896
0.568996
0.571098
0.573202
0.575308
0.577416
0.579524
0.581635
0.583747
0.585860
0.587974
0.590089
0.592206
0.594323
0.596442
0.598561
0.600681
0.602801
0.604922
0.607044
0.609165
0.611287
0.613409
0.615532
0.617654
0.619776
0.621898
0.624020
0.626141
0.628261
0.630382
0.632501
0.634620
0.636737
0.638854
0.640970
0.643084
0.645198
0.647309
0.649420
0.651529
0.653636
0.655741
0.657845
0.659946
0.662046
0.664143
0.666238
0.668331
0.670421
0.672509
0.674594
0.676676
0.678756
0.680832
0.682906
0.684976
0.687043
0.689107
0.691167
0.693224
0.695277
0.697326
0.699372
0.701413
0.703451
0.705484
0.707514
0.709539
0.711559
0.713575
0.715587
0.717594
0.719596
0.721593
0.723586
0.725573
0.727555
0.729532
0.731504
0.733470
0.735431
0.737386
0.739336
0.741280
0.743218
0.745151
0.747077
0.748998
0.750912
0.752820
0.754722
0.756617
0.758506
0.760389
0.762265
0.764134
0.765997
0.767853
0.769702
0.771544
0.773379
0.775208
0.777028
0.778842
0.780649
0.782448
0.784240
0.786024
0.787801
0.789571
0.791333
0.793087
0.794833
0.796572
0.798303
0.800026
0.801741
0.803448
0.805147
0.806837
0.808520
0.810195
0.811861
0.813519
0.815169
0.816811
0.818444
0.820069
0.821685
0.823293
0.824892
0.826482
0.828064
0.829638
0.831203
0.832759
0.834306
0.835844
0.837374
0.838895
0.840407
0.841911
0.843405
0.844890
0.846367
0.847835
0.849293
0.850743
0.852184
0.853615
0.855038
0.856452
0.857856
0.859252
0.860638
0.862015
0.863384
0.864743
0.866093
0.867434
0.868766
0.870088
0.871402
0.872706
0.874002
0.875288
0.876565
0.877833
0.879092
0.880342
0.881582
0.882814
0.884036
0.885250
0.886454
0.887649
0.888836
0.890013
0.891181
0.892340
0.893490
0.894631
0.895763
0.896887
0.898001
0.899106
0.900202
0.901290
0.902369
0.903438
0.904499
0.905552
0.906595
0.907630
0.908656
0.909673
0.910681
0.911681
0.912672
0.913655
0.914629
0.915594
0.916551
0.917500
0.918440
0.919371
0.920295
0.921209
0.922116
0.923014
0.923904
0.924786
0.925659
0.926525
0.927382
0.928231
0.929072
0.929905
0.930730
0.931547
0.932357
0.933158
0.933951
0.934737
0.935515
0.936285
0.937048
0.937803
0.938550
0.939290
0.940023
0.940748
0.941465
0.942175
0.942878
0.943573
0.944262
0.944943
0.945616
0.946283
0.946943
0.947595
0.948241
0.948880
0.949512
0.950137
0.950755
0.951366
0.951971
0.952569
0.953160
0.953745
0.954323
0.954895
0.955461
0.956020
0.956572
0.957119
0.957659
0.958193
0.958720
0.959242
0.959757
0.960267
0.960771
0.961268
0.961760
0.962246
0.962726
0.963201
0.963669
0.964132
0.964590
0.965042
0.965488
0.965929
0.966365
0.966795
0.967220
0.967639
0.968054
0.968463
0.968867
0.969266
0.969660
0.970049
0.970433
0.970812
0.971186
0.971556
0.971920
0.972280
0.972636
0.972986
0.973332
0.973674
0.974011
0.974343
0.974671
0.974995
0.975315
0.975630
0.975941
0.976247
0.976550
0.976848
0.977143
0.977433
0.977719
0.978002
0.978280
0.978555
0.978826
0.979093
0.979356
0.979615
0.979871
0.980124
0.980372
0.980618
0.980859
0.981098
0.981332
0.981564
0.981792
0.982017
0.982238
0.982456
0.982671
0.982883
0.983092
0.983298
0.983501
0.983700
0.983897
0.984091
0.984281
0.984469
0.984654
0.984837
0.985016
0.985193
0.985367
0.985539
0.985707
0.985874
0.986037
0.986198
0.986357
0.986513
0.986667
0.986818
0.986967
0.987113
0.987258
0.987399
0.987539
0.987677
0.987812
0.987945
0.988076
0.988205
0.988331
0.988456
0.988579
0.988699
0.988818
0.988935
0.989049
0.989162
0.989273
0.989382
0.989490
0.989595
0.989699
0.989801
0.989902
0.990000
0.990097
0.990193
0.990286
0.990378
0.990469
0.990558
0.990645
0.990731
0.990816
0.990899
0.990980
0.991060
0.991139
0.991217
0.991293
0.991367
0.991441
0.991513
0.991583
0.991653
0.991721
0.991788
0.991854
0.991919
0.991982
0.992045
0.992106
0.992166
0.992225
0.992283
0.992340
0.992396
0.992450
0.992504
0.992557
0.992609
0.992660
0.992709
0.992758
0.992807
0.992854
0.992900
0.992945
0.992990
0.993034
0.993076
0.993119
0.993160
0.993200
