0.014544
0.031641
0.051053
0.074774
0.106784
0.166062
0.238182
0.275928
0.289435
0.294810
0.300044
0.305169
0.310213
0.315206
0.320169
0.325334
0.333081
0.338333
0.341794
0.345259
0.348761
0.352298
0.355870
0.359477
0.363117
0.366793
0.370502
0.374246
0.378025
0.381840
0.385690
0.389575
0.393497
0.397455
0.401450
0.405481
0.409548
0.413653
0.417793
0.422109
0.426154
0.430231
0.434349
0.438506
0.442702
0.446937
0.451209
0.455518
0.459863
0.464244
0.468660
0.473110
0.477593
0.482109
0.486656
0.491234
0.495841
0.500478
0.505142
0.509833
0.514550
0.519291
0.524057
0.528844
0.533654
0.538483
0.543332
0.548198
0.553081
0.557980
0.562893
0.567818
0.572755
0.577703
0.582660
0.587624
0.592595
0.597570
0.602550
0.607532
0.612515
0.617497
0.622478
0.627456
0.632429
0.637397
0.642357
0.647309
0.652251
0.657183
0.662102
0.667007
0.671897
0.676771
0.681627
0.686465
0.691282
0.696079
0.700853
0.705603
0.710329
0.715028
0.719701
0.724345
0.728960
0.733545
0.738099
0.742621
0.747109
0.751563
0.755982
0.760365
0.764711
0.769020
0.773290
0.777520
0.781711
0.785861
0.789970
0.794037
0.798061
0.802042
0.805979
0.809872
0.813720
0.817522
0.821279
0.824990
0.828655
0.832272
0.835843
0.839366
0.842841
0.846269
0.849648
0.852980
0.856263
0.859497
0.862683
0.865820
0.868909
0.871949
0.874941
0.877884
0.880778
0.883624
0.886422
0.889172
0.891874
0.894528
0.897135
0.899695
0.902207
0.904673
0.907092
0.909465
0.911793
0.914075
0.916312
0.918504
0.920652
0.922756
0.924816
0.926833
0.928808
0.930741
0.932632
0.934481
0.936290
0.938059
0.939788
0.941477
0.943128
0.944741
0.946316
0.947854
0.949355
0.950820
0.952250
0.953645
0.955005
0.956332
0.957625
0.958886
0.960114
0.961311
0.962477
0.963612
0.964717
0.965793
0.966840
0.967859
0.968850
0.969814
0.970752
0.971663
0.972548
0.973409
0.974245
0.975058
0.975847
0.976612
0.977356
0.978078
0.978778
0.979457
0.980116
0.980755
0.981374
0.981975
0.982557
0.983121
0.983667
0.984196
0.984708
0.985204
0.985684
0.986149
0.986598
0.987033
0.987454
0.987861
0.988254
0.988634
0.989001
0.989356
0.989699
0.990030
0.990350
0.990659
0.990957
0.991245
0.991522
0.991790
0.992048
0.992297
0.992537
0.992768
0.992991
0.993206
0.993413
0.993613
0.993805
0.993990
0.994168
0.994339
0.994504
0.994663
0.994815
0.994962
0.995103
0.995239
0.995369
0.995495
0.995615
0.995731
0.995842
0.995948
0.996051
0.996149
0.996244
0.996334
0.996421
0.996504
0.996584
0.996661
0.996734
0.996805
0.996872
0.996937
0.996999
0.997058
0.997115
0.997170
0.997222
0.997272
0.997319
0.997365
0.997409
0.997450
0.997490
0.997528
0.997565
0.997600
0.997633
0.997665
0.997695
0.997724
0.997752
0.997779
0.997804
0.997828
0.997851
0.997873
0.997894
0.997914
0.997933
0.997951
0.997968
0.997985
0.998001
0.998016
0.998030
0.998044
0.998056
0.998069
0.998080
0.998092
0.998102
0.998112
0.998122
0.998131
0.998140
0.998148
0.998156
0.998163
0.998170
0.998177
0.998183
0.998190
0.998195
0.998201
0.998206
0.998211
0.998216
0.998220
0.998224
0.998228
0.998232
0.998236
0.998239
0.998242
0.998245
0.998248
0.998251
0.998253
0.998256
0.998258
0.998260
0.998263
0.998264
0.998266
0.998268
0.998270
0.998271
0.998273
0.998274
0.998276
0.998277
0.998278
0.998279
0.998280
0.998281
0.998282
0.998283
0.998284
0.998285
0.998285
0.998286
0.998287
0.998287
0.998288
0.998289
0.998289
0.998290
0.998290
0.998290
0.998291
0.998291
0.998292
0.998292
0.998292
0.998293
0.998293
0.998293
0.998293
0.998294
0.998294
0.998294
0.998294
0.998295
0.998295
0.998295
0.998295
0.998295
0.998295
0.998295
0.998296
0.998296
0.998296
0.998296
0.998296
0.998296
0.998296
0.998296
0.998296
0.998296
0.998296
0.998296
0.998297
0.998297
0.998297
0.998297
0.998297
0.998297
0.998297
0.998297
0.998297
0.998297
0.998297
0.998297
0.998297
0.998297
0.998297
0.998297
0.998297
0.998297
0.998297
0.998297
0.998297
0.998297
0.998297
0.998297
0.998297
0.998297
0.998297
0.998297
0.998297
0.998297
0.998297
0.998297
0.998297
0.998297
0.998297
0.998297
0.998297
0.998297
0.998297
0.998297
0.998297
0.998297
0.998297
0.998297
0.998297
0.998297
0.998297
0.998297
0.998297
0.998297
0.998297
0.998297
0.998297
0.998297
0.998297
0.998297
0.998297
0.998297
0.998297
0.998297
0.998297
0.998297
0.998297
0.998297
0.998297
0.998297
0.998297
0.998297
0.998297
0.998297
0.998297
0.998297
0.998297
0.998297
0.998297
0.998297
0.998297
0.998297
0.998297
0.998297
0.998297
0.998297
0.998297
0.998297
0.998297
0.998297
0.998297
0.998297
0.998297
0.998297
0.998297
0.998297
0.998297
0.998297
0.998297
0.998297
0.998297
0.998297
0.998297
0.998297
0.998297
0.998297
0.998297
0.998297
0.998297
0.998297
0.998297
0.998297
0.998297
0.998297
0.998297
0.998297
0.998297
0.998297
0.998297
0.998297
0.998297
0.998297
0.998297
0.998297
0.998297
0.998297
0.998297
0.998297
0.998297
0.998297
0.998297
0.998297
0.998297
0.998297
0.998297
0.998297
0.998297
0.998297
0.998297
0.998297
0.998297
0.998297
0.998297
0.998297
0.998297
0.998297
0.998297
0.998297
0.998297
0.998297
0.998297
0.998297
0.998297
0.998297
0.998297
0.998297
0.998297
0.998297
0.998297
0.998297
0.998297
0.998297
0.998297
0.998297
0.998297
0.998297
0.998297
0.998297
0.998297
0.998297
0.998297
0.998297
0.998297
0.998297
0.998297
0.998297
0.998297
0.998297
0.998297
0.998297
0.998297
0.998297
0.998297
0.998297
0.998297
0.998297
0.998297
0.998297
0.998297
0.998297
0.998297
0.998297
0.998297
0.998297
0.998297
0.998297
0.998297
0.998297
0.998297
0.998297
0.998297
0.998297
0.998297
0.998297
0.998297
