0.000000
0.014250
0.028856
0.044108
0.060521
0.079814
0.106398
0.143526
0.179904
0.214176
0.239532
0.254325
0.261338
0.264395
0.266175
0.267864
0.269720
0.271678
0.273652
0.275621
0.277584
0.279541
0.281491
0.283436
0.285375
0.287309
0.289236
0.291158
0.293074
0.294985
0.296890
0.298789
0.300683
0.302572
0.304455
0.306333
0.308206
0.310074
0.311936
0.313843
0.315552
0.317248
0.318938
0.320625
0.322307
0.323985
0.325658
0.327327
0.328992
0.330653
0.332310
0.333962
0.335610
0.337254
0.338894
0.340530
0.342161
0.343789
0.345412
0.347032
0.348647
0.350258
0.351865
0.353468
0.355067
0.356662
0.358253
0.359840
0.361423
0.363002
0.364577
0.366148
0.367715
0.369278
0.370837
0.372393
0.373944
0.375492
0.377035
0.378575
0.380111
0.381643
0.383172
0.384696
0.386217
0.387734
0.389247
0.390756
0.392262
0.393764
0.395262
0.396756
0.398247
0.399734
0.401217
0.402697
0.404173
0.405645
0.407113
0.408578
0.410040
0.411498
0.412952
0.414402
0.415849
0.417293
0.418732
0.420169
0.421602
0.423031
0.424457
0.425879
0.427298
0.428713
0.430125
0.431533
0.432938
0.434339
0.435738
0.437132
0.438523
0.439911
0.441296
0.442677
0.444055
0.445429
0.446800
0.448168
0.449533
0.450894
0.452252
0.453606
0.454958
0.456306
0.457651
0.458992
0.460331
0.461666
0.462998
0.464327
0.465653
0.466975
0.468295
0.469611
0.470924
0.472234
0.473541
0.474845
0.476145
0.477443
0.478738
0.480029
0.481318
0.482603
0.483885
0.485165
0.486441
0.487715
0.488985
0.490253
0.491517
0.492779
0.494038
0.495294
0.496547
0.497797
0.499044
0.500288
0.501529
0.502768
0.504004
0.505237
0.506467
0.507694
0.508918
0.510140
0.511359
0.512575
0.513789
0.514999
0.516207
0.517412
0.518615
0.519815
0.521012
0.522207
0.523398
0.524588
0.525774
0.526958
0.528139
0.529318
0.530494
0.531668
0.532839
0.534007
0.535173
0.536336
0.537497
0.538655
0.539811
0.540964
0.542115
0.543263
0.544409
0.545553
0.546694
0.547832
0.548968
0.550102
0.551233
0.552362
0.553489
0.554613
0.555735
0.556854
0.557971
0.559086
0.560199
0.561309
0.562417
0.563523
0.564626
0.565727
0.566826
0.567923
0.569017
0.570109
0.571199
0.572287
0.573373
0.574456
0.575538
0.576617
0.577694
0.578769
0.579842
0.580912
0.581981
0.583047
0.584112
0.585174
0.586234
0.587293
0.588349
0.589403
0.590455
0.591505
0.592554
0.593600
0.594644
0.595686
0.596727
0.597765
0.598801
0.599836
0.600869
0.601899
0.602928
0.603955
0.604980
0.606003
0.607025
0.608044
0.609062
0.610078
0.611092
0.612104
0.613114
0.614123
0.615130
0.616135
0.617138
0.618140
0.619140
0.620138
0.621135
0.622129
0.623122
0.624114
0.625103
0.626091
0.627078
0.628062
0.629046
0.630027
0.631007
0.631985
0.632962
0.633937
0.634910
0.635882
0.636852
0.637821
0.638788
0.639754
0.640718
0.641680
0.642641
0.643601
0.644559
0.645515
0.646470
0.647424
0.648376
0.649327
0.650276
0.651224
0.652170
0.653115
0.654059
0.655001
0.655942
0.656881
0.657819
0.658756
0.659691
0.660625
0.661557
0.662488
0.663418
0.664347
0.665274
0.666200
0.667124
0.668048
0.668970
0.669890
0.670810
0.671728
0.672645
0.673561
0.674475
0.675388
0.676300
0.677211
0.678120
0.679029
0.679936
0.680842
0.681746
0.682650
0.683552
0.684453
0.685353
0.686252
0.687150
0.688047
0.688942
0.689836
0.690729
0.691621
0.692512
0.693402
0.694291
0.695178
0.696065
0.696950
0.697834
0.698718
0.699600
0.700481
0.701361
0.702240
0.703118
0.703995
0.704871
0.705745
0.706619
0.707492
0.708364
0.709234
0.710104
0.710973
0.711840
0.712707
0.713573
0.714437
0.715301
0.716164
0.717025
0.717886
0.718746
0.719605
0.720463
0.721319
0.722175
0.723030
0.723884
0.724737
0.725590
0.726441
0.727291
0.728140
0.728989
0.729836
0.730683
0.731528
0.732373
0.733216
0.734059
0.734901
0.735742
0.736582
0.737421
0.738260
0.739097
0.739933
0.740769
0.741604
0.742437
0.743270
0.744102
0.744933
0.745763
0.746593
0.747421
0.748249
0.749075
0.749901
0.750726
0.751550
0.752373
0.753195
0.754016
0.754837
0.755656
0.756475
0.757292
0.758109
0.758925
0.759740
0.760555
0.761368
0.762181
0.762992
0.763803
0.764613
0.765421
0.766230
0.767037
0.767843
0.768648
0.769453
0.770256
0.771059
0.771861
0.772662
0.773462
0.774261
0.775059
0.775857
0.776653
0.777448
0.778243
0.779037
0.779830
0.780621
0.781412
0.782202
0.782992
0.783780
0.784567
0.785354
0.786139
0.786923
0.787707
0.788490
0.789271
0.790052
0.790832
0.791611
0.792389
0.793166
0.793942
0.794717
0.795491
0.796264
0.797036
0.797807
0.798578
0.799347
0.800115
0.800882
0.801649
0.802414
0.803178
0.803941
0.804703
0.805465
0.806225
0.806984
0.807742
0.808499
0.809255
0.810010
0.810764
0.811517
0.812269
0.813020
0.813770
0.814519
0.815266
0.816013
0.816758
0.817503
0.818246
0.818988
0.819729
0.820469
0.821208
0.821946
0.822682
0.823418
0.824152
0.824885
0.825617
0.826348
0.827078
0.827806
0.828534
0.829260
0.829985
0.830709
0.831431
0.832153
0.832873
0.833592
0.834310
0.835026
0.835742
0.836456
0.837169
0.837880
0.838590
0.839299
0.840007
0.840714
0.841419
0.842123
0.842825
0.843527
0.844227
0.844926
0.845623
0.846319
0.847014
0.847707
0.848399
0.849090
0.849779
0.850467
0.851153
0.851838
0.852522
0.853205
0.853885
0.854565
0.855243
0.855920
0.856595
0.857269
0.857941
0.858612
0.859282
0.859950
0.860616
0.861281
0.861945
0.862607
0.863267
0.863926
0.864584
0.865240
0.865894
0.866547
0.867199
0.867848
0.868497
0.869143
0.869789
0.870432
0.871074
0.871714
0.872353
0.872990
0.873626
0.874260
0.874892
0.875523
0.876152
0.876779
0.877405
0.878029
0.878652
0.879272
0.879892
0.880509
0.881125
0.881739
