0.000000
0.014231
0.028821
0.044052
0.060268
0.077904
0.098184
0.122989
0.146882
0.178010
0.212258
0.241112
0.258669
0.265587
0.266870
0.267137
0.268251
0.270057
0.272024
0.273993
0.275956
0.277913
0.279864
0.281809
0.283748
0.285682
0.287611
0.289533
0.291450
0.293362
0.295268
0.297170
0.299065
0.300956
0.302841
0.304721
0.306596
0.308466
0.310331
0.312235
0.313938
0.315635
0.317327
0.319015
0.320699
0.322378
0.324054
0.325726
0.327394
0.329057
0.330717
0.332373
0.334024
0.335672
0.337316
0.338956
0.340592
0.342224
0.343853
0.345477
0.347098
0.348715
0.350328
0.351937
0.353543
0.355144
0.356743
0.358337
0.359928
0.361515
0.363098
0.364678
0.366254
0.367827
0.369396
0.370961
0.372523
0.374081
0.375636
0.377188
0.378735
0.380280
0.381821
0.383358
0.384893
0.386423
0.387951
0.389475
0.390996
0.392513
0.394027
0.395538
0.397046
0.398550
0.400051
0.401549
0.403044
0.404536
0.406024
0.407509
0.408992
0.410471
0.411947
0.413420
0.414890
0.416357
0.417821
0.419282
0.420740
0.422195
0.423647
0.425096
0.426542
0.427986
0.429426
0.430864
0.432299
0.433731
0.435161
0.436587
0.438011
0.439432
0.440851
0.442267
0.443680
0.445090
0.446498
0.447903
0.449306
0.450706
0.452103
0.453498
0.454891
0.456281
0.457668
0.459053
0.460435
0.461816
0.463193
0.464569
0.465941
0.467312
0.468680
0.470046
0.471410
0.472771
0.474130
0.475487
0.476842
0.478194
0.479544
0.480892
0.482238
0.483582
0.484923
0.486263
0.487600
0.488936
0.490269
0.491600
0.492929
0.494257
0.495582
0.496905
0.498226
0.499546
0.500863
0.502179
0.503493
0.504804
0.506114
0.507422
0.508729
0.510033
0.511336
0.512637
0.513936
0.515234
0.516530
0.517824
0.519116
0.520407
0.521696
0.522983
0.524269
0.525553
0.526836
0.528117
0.529397
0.530675
0.531951
0.533226
0.534499
0.535771
0.537041
0.538310
0.539578
0.540844
0.542109
0.543372
0.544634
0.545894
0.547153
0.548411
0.549668
0.550923
0.552177
0.553429
0.554680
0.555930
0.557179
0.558426
0.559673
0.560918
0.562162
0.563404
0.564646
0.565886
0.567125
0.568363
0.569600
0.570835
0.572070
0.573303
0.574536
0.575767
0.576997
0.578226
0.579454
0.580681
0.581907
0.583132
0.584356
0.585579
0.586801
0.588022
0.589242
0.590461
0.591679
0.592896
0.594112
0.595327
0.596541
0.597755
0.598967
0.600179
0.601389
0.602599
0.603808
0.605016
0.606223
0.607429
0.608634
0.609839
0.611043
0.612245
0.613447
0.614648
0.615849
0.617048
0.618247
0.619445
0.620642
0.621838
0.623033
0.624228
0.625422
0.626615
0.627807
0.628999
0.630189
0.631379
0.632568
0.633757
0.634944
0.636131
0.637317
0.638503
0.639687
0.640871
0.642054
0.643236
0.644418
0.645599
0.646779
0.647958
0.649136
0.650314
0.651491
0.652667
0.653843
0.655018
0.656192
0.657365
0.658537
0.659709
0.660880
0.662050
0.663219
0.664388
0.665556
0.666723
0.667889
0.669055
0.670220
0.671384
0.672547
0.673709
0.674871
0.676031
0.677191
0.678351
0.679509
0.680666
0.681823
0.682979
0.684134
0.685288
0.686442
0.687594
0.688746
0.689897
0.691047
0.692196
0.693344
0.694491
0.695638
0.696783
0.697928
0.699072
0.700214
0.701356
0.702497
0.703637
0.704776
0.705914
0.707051
0.708187
0.709323
0.710457
0.711590
0.712722
0.713853
0.714983
0.716112
0.717240
0.718367
0.719493
0.720618
0.721742
0.722864
0.723986
0.725106
0.726225
0.727343
0.728460
0.729576
0.730691
0.731804
0.732916
0.734028
0.735137
0.736246
0.737353
0.738459
0.739564
0.740668
0.741770
0.742871
0.743971
0.745069
0.746166
0.747262
0.748356
0.749449
0.750540
0.751631
0.752719
0.753807
0.754892
0.755977
0.757060
0.758141
0.759221
0.760299
0.761376
0.762452
0.763525
0.764598
0.765668
0.766737
0.767805
0.768871
0.769935
0.770997
0.772058
0.773117
0.774175
0.775231
0.776285
0.777337
0.778388
0.779437
0.780484
0.781529
0.782572
0.783614
0.784654
0.785692
0.786728
0.787762
0.788794
0.789824
0.790853
0.791879
0.792904
0.793926
0.794947
0.795966
0.796982
0.797997
0.799009
0.800019
0.801028
0.802034
0.803038
0.804040
0.805040
0.806038
0.807033
0.808027
0.809018
0.810007
0.810993
0.811978
0.812960
0.813940
0.814918
0.815893
0.816866
0.817837
0.818805
0.819771
0.820735
0.821696
0.822655
0.823612
0.824566
0.825517
0.826466
0.827413
0.828357
0.829299
0.830238
0.831174
0.832109
0.833040
0.833969
0.834895
0.835819
0.836740
0.837659
0.838575
0.839488
0.840399
0.841307
0.842212
0.843114
0.844014
0.844911
0.845806
0.846697
0.847586
0.848472
0.849355
0.850236
0.851114
0.851988
0.852860
0.853730
0.854596
0.855459
0.856320
0.857178
0.858032
0.858884
0.859733
0.860579
0.861422
0.862262
0.863099
0.863934
0.864765
0.865593
0.866418
0.867240
0.868059
0.868876
0.869689
0.870499
0.871306
0.872109
0.872910
0.873708
0.874503
0.875294
0.876082
0.876868
0.877650
0.878429
0.879205
0.879977
0.880747
0.881513
0.882277
0.883037
0.883793
0.884547
0.885297
0.886045
0.886789
0.887530
0.888267
0.889001
0.889733
0.890460
0.891185
0.891906
0.892625
0.893339
0.894051
0.894759
0.895464
0.896166
0.896865
0.897560
0.898252
0.898940
0.899626
0.900308
0.900986
0.901662
0.902334
0.903003
0.903668
0.904330
0.904989
0.905645
0.906297
0.906946
0.907591
0.908234
0.908872
0.909508
0.910140
0.910769
0.911395
0.912017
0.912636
0.913251
0.913864
0.914473
0.915078
0.915681
0.916280
0.916875
0.917467
0.918056
0.918642
0.919224
0.919803
0.920379
0.920951
0.921521
0.922086
0.922649
0.923208
0.923764
0.924316
0.924865
0.925411
0.925954
0.926493
0.927030
0.927562
0.928092
0.928618
0.929141
0.929661
0.930177
0.930691
0.931201
0.931707
0.932211
0.932711
0.933208
0.933702
0.934193
0.934680
0.935164
