0.000000
0.005059
0.009806
0.014432
0.019064
0.023800
0.028731
0.033948
0.039524
0.045552
0.052137
0.059401
0.067486
0.076551
0.086818
0.098578
0.112213
0.128208
0.147289
0.170597
0.199910
0.238180
0.290734
0.367856
0.488676
0.651664
0.766016
0.795785
0.800931
0.804467
0.808057
0.811705
0.815394
0.819112
0.822846
0.826589
0.830332
0.834069
0.837795
0.841643
0.845289
0.848917
0.852519
0.856093
0.859634
0.863139
0.866606
0.870032
0.873414
0.876750
0.880038
0.883276
0.886462
0.889595
0.892673
0.895695
0.898659
0.901566
0.904413
0.907201
0.909928
0.912594
0.915199
0.917742
0.920223
0.922643
0.925001
0.927297
0.929533
0.931707
0.933820
0.935873
0.937867
0.939802
0.941678
0.943497
0.945259
0.946965
0.948615
0.950212
0.951756
0.953247
0.954687
0.956076
0.957417
0.958710
0.959955
0.961155
0.962310
0.963421
0.964490
0.965518
0.966505
0.967454
0.968364
0.969238
0.970076
0.970879
0.971649
0.972386
0.973092
0.973767
0.974413
0.975031
0.975622
0.976186
0.976725
0.977239
0.977730
0.978198
0.978644
0.979069
0.979474
0.979860
0.980227
0.980577
0.980909
0.981225
0.981526
0.981811
0.982082
0.982340
0.982584
0.982816
0.983035
0.983244
0.983441
0.983628
0.983805
0.983973
0.984132
0.984282
0.984424
0.984559
0.984685
0.984805
0.984919
0.985026
0.985127
0.985222
0.985312
0.985397
0.985477
0.985552
0.985623
0.985690
0.985753
0.985812
0.985868
0.985920
0.985970
0.986016
0.986060
0.986101
0.986139
0.986175
0.986209
0.986241
0.986271
0.986299
0.986326
0.986350
0.986374
0.986395
0.986416
0.986435
0.986453
0.986469
0.986485
0.986500
0.986514
0.986526
0.986538
0.986550
0.986560
0.986570
0.986579
0.986588
0.986596
0.986603
0.986610
0.986617
0.986623
0.986629
0.986634
0.986639
0.986644
0.986648
0.986652
0.986656
0.986660
0.986663
0.986666
0.986669
0.986671
0.986674
0.986676
0.986678
0.986680
0.986682
0.986684
0.986686
0.986687
0.986689
0.986690
0.986691
0.986692
0.986693
0.986694
0.986695
0.986696
0.986697
0.986698
0.986698
0.986699
0.986700
0.986700
0.986701
0.986701
0.986702
0.986702
0.986702
0.986703
0.986703
0.986703
0.986704
0.986704
0.986704
0.986705
0.986705
0.986705
0.986705
0.986705
0.986705
0.986706
0.986706
0.986706
0.986706
0.986706
0.986706
0.986706
0.986706
0.986707
0.986707
0.986707
0.986707
0.986707
0.986707
0.986707
0.986707
0.986707
0.986707
0.986707
0.986707
0.986707
0.986707
0.986707
0.986707
0.986707
0.986707
0.986707
0.986707
0.986707
0.986708
0.986708
0.986708
0.986708
0.986708
0.986708
0.986708
0.986708
0.986708
0.986708
0.986708
0.986708
0.986708
0.986708
0.986708
0.986708
0.986708
0.986708
0.986708
0.986708
0.986708
0.986708
0.986708
0.986708
0.986708
0.986708
0.986708
0.986708
0.986708
0.986708
0.986708
0.986708
0.986708
0.986708
0.986708
0.986708
0.986708
0.986708
0.986708
0.986708
0.986708
0.986708
0.986708
0.986708
0.986708
0.986708
0.986708
0.986708
0.986708
0.986708
0.986708
0.986708
0.986708
0.986708
0.986708
0.986708
0.986708
0.986708
0.986708
0.986708
0.986708
0.986708
0.986708
0.986708
0.986708
0.986708
0.986708
0.986708
0.986708
0.986708
0.986708
0.986708
0.986708
0.986708
0.986708
0.986708
0.986708
0.986708
0.986708
0.986708
0.986708
0.986708
0.986708
0.986708
0.986708
0.986708
0.986708
0.986708
0.986708
0.986708
0.986708
0.986708
0.986708
0.986708
0.986708
0.986708
0.986708
0.986708
0.986708
0.986708
0.986708
0.986708
0.986708
0.986708
0.986708
0.986708
0.986708
0.986708
0.986708
0.986708
0.986708
0.986708
0.986708
0.986708
0.986708
0.986708
0.986708
0.986708
0.986708
0.986708
0.986708
0.986708
0.986708
0.986708
0.986708
0.986708
0.986708
0.986708
0.986708
0.986708
0.986708
0.986708
0.986708
0.986708
0.986708
0.986708
0.986708
0.986708
0.986708
0.986708
0.986708
0.986708
0.986708
0.986708
0.986708
0.986708
0.986708
0.986708
0.986708
0.986708
0.986708
0.986708
0.986708
0.986708
0.986708
0.986708
0.986708
0.986708
0.986708
0.986708
0.986708
0.986708
0.986708
0.986708
0.986708
0.986708
0.986708
0.986708
0.986708
0.986708
0.986708
0.986708
0.986708
0.986708
0.986708
0.986708
0.986708
0.986708
0.986708
0.986708
0.986708
0.986708
0.986708
0.986708
0.986708
0.986708
0.986708
0.986708
0.986708
0.986708
0.986708
0.986708
0.986708
0.986708
0.986708
0.986708
0.986708
0.986708
0.986708
0.986708
0.986708
0.986708
0.986708
0.986708
0.986708
0.986708
0.986708
0.986708
0.986708
0.986708
0.986708
0.986708
0.986708
0.986708
0.986708
0.986708
0.986708
0.986708
0.986708
0.986708
0.986708
0.986708
0.986708
0.986708
0.986708
0.986708
0.986708
0.986708
0.986708
0.986708
0.986708
0.986708
0.986708
0.986708
0.986708
0.986708
0.986708
0.986708
0.986708
0.986708
0.986708
0.986708
0.986708
0.986708
0.986708
0.986708
0.986708
0.986708
0.986708
0.986708
0.986708
0.986708
0.986708
0.986708
0.986708
0.986708
0.986708
0.986708
0.986708
0.986708
0.986708
0.986708
0.986708
0.986708
0.986708
0.986708
0.986708
0.986708
0.986708
0.986708
0.986708
0.986708
0.986708
0.986708
0.986708
0.986708
0.986708
0.986708
0.986708
0.986708
0.986708
0.986708
0.986708
0.986708
0.986708
0.986708
0.986708
0.986708
0.986708
0.986708
0.986708
0.986708
0.986708
0.986708
0.986708
0.986708
0.986708
0.986708
0.986708
0.986708
0.986708
0.986708
0.986708
0.986708
0.986708
0.986708
0.986708
0.986708
0.986708
0.986708
0.986708
0.986708
0.986708
0.986708
0.986708
0.986708
0.986708
0.986708
0.986708
0.986708
0.986708
0.986708
0.986708
0.986708
0.986708
0.986708
0.986708
0.986708
0.986708
0.986708
0.986708
0.986708
0.986708
0.986708
0.986708
0.986708
0.986708
