0.000000
0.002291
0.006516
0.007729
0.008971
0.010220
0.011519
0.013009
0.014614
0.016373
0.018327
0.020544
0.023098
0.025973
0.029261
0.033056
0.037805
0.043725
0.051189
0.061071
0.074778
0.095536
0.133436
0.250341
0.459818
0.538198
0.547492
0.552699
0.558011
0.563446
0.568985
0.574614
0.580322
0.586099
0.591938
0.597832
0.603774
0.609760
0.615783
0.622084
0.628065
0.634069
0.640099
0.646152
0.652222
0.658306
0.664397
0.670493
0.676588
0.682680
0.688764
0.694835
0.700891
0.706928
0.712941
0.718928
0.724885
0.730808
0.736695
0.742541
0.748345
0.754102
0.759810
0.765466
0.771068
0.776613
0.782098
0.787520
0.792879
0.798172
0.803395
0.808549
0.813631
0.818639
0.823571
0.828427
0.833205
0.837904
0.842523
0.847060
0.851515
0.855888
0.860177
0.864383
0.868504
0.872541
0.876493
0.880360
0.884142
0.887840
0.891453
0.894982
0.898427
0.901788
0.905067
0.908263
0.911377
0.914410
0.917363
0.920237
0.923032
0.925750
0.928391
0.930957
0.933448
0.935866
0.938212
0.940487
0.942692
0.944829
0.946898
0.948902
0.950841
0.952717
0.954532
0.956285
0.957980
0.959616
0.961196
0.962722
0.964193
0.965612
0.966980
0.968298
0.969569
0.970792
0.971969
0.973102
0.974192
0.975240
0.976248
0.977216
0.978146
0.979040
0.979897
0.980720
0.981510
0.982267
0.982993
0.983689
0.984356
0.984995
0.985606
0.986192
0.986752
0.987288
0.987801
0.988291
0.988760
0.989207
0.989635
0.990044
0.990434
0.990806
0.991162
0.991501
0.991824
0.992132
0.992426
0.992707
0.992974
0.993228
0.993470
0.993701
0.993920
0.994129
0.994328
0.994517
0.994697
0.994868
0.995030
0.995185
0.995331
0.995471
0.995603
0.995729
0.995849
0.995962
0.996070
0.996172
0.996268
0.996360
0.996448
0.996530
0.996608
0.996683
0.996753
0.996820
0.996883
0.996943
0.996999
0.997053
0.997104
0.997152
0.997198
0.997241
0.997281
0.997320
0.997356
0.997391
0.997424
0.997455
0.997484
0.997511
0.997537
0.997562
0.997585
0.997607
0.997628
0.997648
0.997666
0.997684
0.997700
0.997716
0.997731
0.997745
0.997758
0.997770
0.997782
0.997793
0.997804
0.997814
0.997823
0.997832
0.997840
0.997848
0.997855
0.997862
0.997869
0.997875
0.997881
0.997886
0.997891
0.997896
0.997901
0.997905
0.997909
0.997913
0.997917
0.997920
0.997923
0.997926
0.997929
0.997932
0.997935
0.997937
0.997939
0.997941
0.997943
0.997945
0.997947
0.997949
0.997950
0.997952
0.997953
0.997955
0.997956
0.997957
0.997958
0.997959
0.997960
0.997961
0.997962
0.997963
0.997964
0.997964
0.997965
0.997966
0.997966
0.997967
0.997967
0.997968
0.997968
0.997969
0.997969
0.997970
0.997970
0.997970
0.997971
0.997971
0.997971
0.997972
0.997972
0.997972
0.997972
0.997973
0.997973
0.997973
0.997973
0.997973
0.997973
0.997974
0.997974
0.997974
0.997974
0.997974
0.997974
0.997974
0.997974
0.997975
0.997975
0.997975
0.997975
0.997975
0.997975
0.997975
0.997975
0.997975
0.997975
0.997975
0.997975
0.997975
0.997975
0.997975
0.997975
0.997976
0.997976
0.997976
0.997976
0.997976
0.997976
0.997976
0.997976
0.997976
0.997976
0.997976
0.997976
0.997976
0.997976
0.997976
0.997976
0.997976
0.997976
0.997976
0.997976
0.997976
0.997976
0.997976
0.997976
0.997976
0.997976
0.997976
0.997976
0.997976
0.997976
0.997976
0.997976
0.997976
0.997976
0.997976
0.997976
0.997976
0.997976
0.997976
0.997976
0.997976
0.997976
0.997976
0.997976
0.997976
0.997976
0.997976
0.997976
0.997976
0.997976
0.997976
0.997976
0.997976
0.997976
0.997976
0.997976
0.997976
0.997976
0.997976
0.997976
0.997976
0.997976
0.997976
0.997976
0.997976
0.997976
0.997976
0.997976
0.997976
0.997976
0.997976
0.997976
0.997976
0.997976
0.997976
0.997976
0.997976
0.997976
0.997976
0.997976
0.997976
0.997976
0.997976
0.997976
0.997976
0.997976
0.997976
0.997976
0.997976
0.997976
0.997976
0.997976
0.997976
0.997976
0.997976
0.997976
0.997976
0.997976
0.997976
0.997976
0.997976
0.997976
0.997976
0.997976
0.997976
0.997976
0.997976
0.997976
0.997976
0.997976
0.997976
0.997976
0.997976
0.997976
0.997976
0.997976
0.997976
0.997976
0.997976
0.997976
0.997976
0.997976
0.997976
0.997976
0.997976
0.997976
0.997976
0.997976
0.997976
0.997976
0.997976
0.997976
0.997976
0.997976
0.997976
0.997976
0.997976
0.997976
0.997976
0.997976
0.997976
0.997976
0.997976
0.997976
0.997976
0.997976
0.997976
0.997976
0.997976
0.997976
0.997976
0.997976
0.997976
0.997976
0.997976
0.997976
0.997976
0.997976
0.997976
0.997976
0.997976
0.997976
0.997976
0.997976
0.997976
0.997976
0.997976
0.997976
0.997976
0.997976
0.997976
0.997976
0.997976
0.997976
0.997976
0.997976
0.997976
0.997976
0.997976
0.997976
0.997976
0.997976
0.997976
0.997976
0.997976
0.997976
0.997976
0.997976
0.997976
0.997976
0.997976
0.997976
0.997976
0.997976
0.997976
0.997976
0.997976
0.997976
0.997976
0.997976
0.997976
0.997976
0.997976
0.997976
0.997976
0.997976
0.997976
0.997976
0.997976
0.997976
0.997976
0.997976
0.997976
0.997976
0.997976
0.997976
0.997976
0.997976
0.997976
0.997976
0.997976
0.997976
0.997976
0.997976
0.997976
0.997976
0.997976
0.997976
0.997976
0.997976
0.997976
0.997976
0.997976
0.997976
0.997976
0.997976
0.997976
0.997976
0.997976
0.997976
0.997976
0.997976
0.997976
0.997976
0.997976
0.997976
0.997976
0.997976
0.997976
0.997976
0.997976
0.997976
0.997976
0.997976
0.997976
0.997976
0.997976
0.997976
0.997976
0.997976
0.997976
0.997976
0.997976
0.997976
0.997976
0.997976
0.997976
0.997976
0.997976
0.997976
0.997976
0.997976
0.997976
0.997976
0.997976
0.997976
0.997976
0.997976
0.997976
0.997976
0.997976
0.997976
0.997976
0.997976
0.997976
