0.000000
0.014222
0.028803
0.044026
0.060234
0.077843
0.097839
0.121245
0.141682
0.168655
0.201821
0.234390
0.257469
0.267544
0.268713
0.267625
0.267912
0.269537
0.271495
0.273464
0.275427
0.277384
0.279336
0.281282
0.283223
0.285158
0.287087
0.289012
0.290930
0.292844
0.294752
0.296656
0.298554
0.300447
0.302335
0.304218
0.306096
0.307969
0.309837
0.311742
0.313445
0.315144
0.316839
0.318530
0.320218
0.321902
0.323581
0.325257
0.326930
0.328598
0.330263
0.331924
0.333581
0.335234
0.336884
0.338530
0.340173
0.341812
0.343448
0.345079
0.346708
0.348333
0.349954
0.351572
0.353186
0.354798
0.356405
0.358009
0.359610
0.361208
0.362802
0.364393
0.365981
0.367566
0.369147
0.370725
0.372300
0.373872
0.375441
0.377007
0.378569
0.380129
0.381685
0.383239
0.384789
0.386337
0.387881
0.389423
0.390962
0.392498
0.394031
0.395562
0.397089
0.398614
0.400136
0.401655
0.403172
0.404686
0.406198
0.407706
0.409212
0.410716
0.412217
0.413716
0.415212
0.416705
0.418196
0.419685
0.421171
0.422655
0.424137
0.425616
0.427093
0.428567
0.430040
0.431510
0.432978
0.434443
0.435907
0.437368
0.438828
0.440285
0.441740
0.443193
0.444644
0.446093
0.447540
0.448985
0.450428
0.451870
0.453309
0.454747
0.456182
0.457616
0.459048
0.460478
0.461907
0.463334
0.464759
0.466182
0.467604
0.469024
0.470442
0.471859
0.473274
0.474688
0.476100
0.477511
0.478920
0.480327
0.481734
0.483138
0.484542
0.485944
0.487344
0.488743
0.490141
0.491538
0.492933
0.494327
0.495720
0.497111
0.498501
0.499890
0.501278
0.502665
0.504050
0.505435
0.506818
0.508200
0.509581
0.510961
0.512340
0.513718
0.515095
0.516471
0.517846
0.519220
0.520593
0.521965
0.523336
0.524706
0.526076
0.527444
0.528812
0.530178
0.531544
0.532909
0.534274
0.535637
0.537000
0.538362
0.539723
0.541084
0.542443
0.543802
0.545161
0.546518
0.547875
0.549231
0.550587
0.551942
0.553296
0.554649
0.556002
0.557355
0.558706
0.560058
0.561408
0.562758
0.564108
0.565456
0.566805
0.568152
0.569500
0.570846
0.572192
0.573538
0.574883
0.576227
0.577571
0.578915
0.580258
0.581600
0.582942
0.584284
0.585625
0.586966
0.588306
0.589645
0.590984
0.592323
0.593661
0.594999
0.596336
0.597673
0.599010
0.600346
0.601681
0.603016
0.604350
0.605685
0.607018
0.608351
0.609684
0.611016
0.612348
0.613679
0.615010
0.616340
0.617670
0.619000
0.620329
0.621657
0.622985
0.624313
0.625639
0.626966
0.628292
0.629617
0.630942
0.632267
0.633591
0.634914
0.636237
0.637559
0.638881
0.640202
0.641522
0.642842
0.644162
0.645481
0.646799
0.648117
0.649434
0.650750
0.652066
0.653381
0.654695
0.656009
0.657322
0.658635
0.659946
0.661257
0.662568
0.663877
0.665186
0.666494
0.667801
0.669108
0.670414
0.671719
0.673023
0.674326
0.675629
0.676930
0.678231
0.679531
0.680830
0.682128
0.683425
0.684721
0.686016
0.687310
0.688604
0.689896
0.691187
0.692477
0.693766
0.695054
0.696341
0.697627
0.698912
0.700196
0.701478
0.702759
0.704039
0.705318
0.706596
0.707872
0.709148
0.710422
0.711694
0.712966
0.714235
0.715504
0.716771
0.718037
0.719302
0.720565
0.721826
0.723087
0.724345
0.725602
0.726858
0.728112
0.729365
0.730616
0.731865
0.733113
0.734359
0.735603
0.736846
0.738087
0.739326
0.740564
0.741800
0.743034
0.744266
0.745496
0.746725
0.747952
0.749176
0.750399
0.751620
0.752839
0.754056
0.755271
0.756484
0.757695
0.758904
0.760111
0.761316
0.762518
0.763719
0.764917
0.766113
0.767307
0.768499
0.769688
0.770875
0.772060
0.773242
0.774423
0.775600
0.776776
0.777949
0.779120
0.780288
0.781453
0.782617
0.783777
0.784936
0.786091
0.787244
0.788395
0.789543
0.790688
0.791830
0.792970
0.794108
0.795242
0.796374
0.797503
0.798629
0.799753
0.800873
0.801991
0.803106
0.804218
0.805327
0.806433
0.807537
0.808637
0.809734
0.810829
0.811920
0.813009
0.814094
0.815176
0.816255
0.817331
0.818404
0.819474
0.820541
0.821604
0.822664
0.823721
0.824775
0.825826
0.826873
0.827917
0.828958
0.829995
0.831029
0.832060
0.833087
0.834111
0.835132
0.836149
0.837162
0.838173
0.839179
0.840183
0.841183
0.842179
0.843172
0.844161
0.845147
0.846129
0.847107
0.848082
0.849054
0.850021
0.850986
0.851946
0.852903
0.853856
0.854805
0.855751
0.856693
0.857632
0.858566
0.859497
0.860424
0.861347
0.862267
0.863183
0.864095
0.865003
0.865907
0.866808
0.867704
0.868597
0.869486
0.870371
0.871253
0.872130
0.873003
0.873873
0.874739
0.875600
0.876458
0.877312
0.878162
0.879008
0.879850
0.880688
0.881522
0.882353
0.883179
0.884001
0.884819
0.885633
0.886444
0.887250
0.888052
0.888850
0.889645
0.890435
0.891221
0.892003
0.892781
0.893556
0.894326
0.895092
0.895854
0.896612
0.897366
0.898116
0.898861
0.899603
0.900341
0.901075
0.901804
0.902530
0.903252
0.903969
0.904683
0.905392
0.906098
0.906799
0.907496
0.908190
0.908879
0.909564
0.910245
0.910922
0.911596
0.912265
0.912930
0.913591
0.914248
0.914901
0.915550
0.916195
0.916836
0.917473
0.918106
0.918735
0.919360
0.919981
0.920599
0.921212
0.921821
0.922426
0.923028
0.923625
0.924218
0.924808
0.925393
0.925975
0.926553
0.927127
0.927697
0.928263
0.928825
0.929384
0.929938
0.930489
0.931036
0.931579
0.932118
0.932653
0.933185
0.933712
0.934236
0.934757
0.935273
0.935786
0.936295
0.936800
0.937301
0.937799
0.938293
0.938784
0.939270
0.939753
0.940233
0.940708
0.941180
0.941649
0.942114
0.942575
0.943033
0.943487
0.943938
0.944385
0.944828
0.945268
0.945704
0.946137
0.946567
0.946993
0.947416
0.947835
0.948250
0.948663
0.949072
0.949477
0.949879
0.950278
0.950673
0.951065
0.951454
0.951840
0.952222
0.952601
0.952977
0.953349
