0.282323
0.599533
0.567734
0.607740
0.643329
0.673215
0.698935
0.721432
0.741385
0.759301
0.775547
0.790395
0.804065
0.816747
0.828591
0.839701
0.850170
0.860130
0.869710
0.879021
0.888894
0.906798
0.921970
0.925630
0.927766
0.929802
0.931762
0.933648
0.935460
0.937201
0.938872
0.940473
0.942007
0.943475
0.944879
0.946219
0.947498
0.948716
0.949876
0.951023
0.952066
0.953056
0.953996
0.954885
0.955727
0.956522
0.957274
0.957982
0.958649
0.959277
0.959867
0.960422
0.960942
0.961429
0.961885
0.962311
0.962710
0.963082
0.963428
0.963751
0.964051
0.964330
0.964590
0.964830
0.965053
0.965259
0.965450
0.965626
0.965789
0.965939
0.966077
0.966204
0.966321
0.966429
0.966527
0.966618
0.966701
0.966777
0.966846
0.966909
0.966967
0.967020
0.967068
0.967112
0.967152
0.967188
0.967221
0.967251
0.967278
0.967302
0.967324
0.967344
0.967362
0.967379
0.967393
0.967407
0.967419
0.967429
0.967439
0.967448
0.967456
0.967463
0.967469
0.967474
0.967479
0.967484
0.967488
0.967491
0.967495
0.967497
0.967500
0.967502
0.967504
0.967506
0.967507
0.967509
0.967510
0.967511
0.967512
0.967513
0.967514
0.967514
0.967515
0.967516
0.967516
0.967516
0.967517
0.967517
0.967517
0.967518
0.967518
0.967518
0.967518
0.967518
0.967518
0.967518
0.967519
0.967519
0.967519
0.967519
0.967519
0.967519
0.967519
0.967519
0.967519
0.967519
0.967519
0.967519
0.967519
0.967519
0.967519
0.967519
0.967519
0.967519
0.967519
0.967519
0.967519
0.967519
0.967519
0.967519
0.967519
0.967519
0.967519
0.967519
0.967519
0.967519
0.967519
0.967519
0.967519
0.967519
0.967519
0.967519
0.967519
0.967519
0.967519
0.967519
0.967519
0.967519
0.967519
0.967519
0.967519
0.967519
0.967519
0.967519
0.967519
0.967519
0.967519
0.967519
0.967519
0.967519
0.967519
0.967519
0.967519
0.967519
0.967519
0.967519
0.967519
0.967519
0.967519
0.967519
0.967519
0.967519
0.967519
0.967519
0.967519
0.967519
0.967519
0.967519
0.967519
0.967519
0.967519
0.967519
0.967519
0.967519
0.967519
0.967519
0.967519
0.967519
0.967519
0.967519
0.967519
0.967519
0.967519
0.967519
0.967519
0.967519
0.967519
0.967519
0.967519
0.967519
0.967519
0.967519
0.967519
0.967519
0.967519
0.967519
0.967519
0.967519
0.967519
0.967519
0.967519
0.967519
0.967519
0.967519
0.967519
0.967519
0.967519
0.967519
0.967519
0.967519
0.967519
0.967519
0.967519
0.967519
0.967519
0.967519
0.967519
0.967519
0.967519
0.967519
0.967519
0.967519
0.967519
0.967519
0.967519
0.967519
0.967519
0.967519
0.967519
0.967519
0.967519
0.967519
0.967519
0.967519
0.967519
0.967519
0.967519
0.967519
0.967519
0.967519
0.967519
0.967519
0.967519
0.967519
0.967519
0.967519
0.967519
0.967519
0.967519
0.967519
0.967519
0.967519
0.967519
0.967519
0.967519
0.967519
0.967519
0.967519
0.967519
0.967519
0.967519
0.967519
0.967519
0.967519
0.967519
0.967519
0.967519
0.967519
0.967519
0.967519
0.967519
0.967519
0.967519
0.967519
0.967519
0.967519
0.967519
0.967519
0.967519
0.967519
0.967519
0.967519
0.967519
0.967519
0.967519
0.967519
0.967519
0.967519
0.967519
0.967519
0.967519
0.967519
0.967519
0.967519
0.967519
0.967519
0.967519
0.967519
0.967519
0.967519
0.967519
0.967519
0.967519
0.967519
0.967519
0.967519
0.967519
0.967519
0.967519
0.967519
0.967519
0.967519
0.967519
0.967519
0.967519
0.967519
0.967519
0.967519
0.967519
0.967519
0.967519
0.967519
0.967519
0.967519
0.967519
0.967519
0.967519
0.967519
0.967519
0.967519
0.967519
0.967519
0.967519
0.967519
0.967519
0.967519
0.967519
0.967519
0.967519
0.967519
0.967519
0.967519
0.967519
0.967519
0.967519
0.967519
0.967519
0.967519
0.967519
0.967519
0.967519
0.967519
0.967519
0.967519
0.967519
0.967519
0.967519
0.967519
0.967519
0.967519
0.967519
0.967519
0.967519
0.967519
0.967519
0.967519
0.967519
0.967519
0.967519
0.967519
0.967519
0.967519
0.967519
0.967519
0.967519
0.967519
0.967519
0.967519
0.967519
0.967519
0.967519
0.967519
0.967519
0.967519
0.967519
0.967519
0.967519
0.967519
0.967519
0.967519
0.967519
0.967519
0.967519
0.967519
0.967519
0.967519
0.967519
0.967519
0.967519
0.967519
0.967519
0.967519
0.967519
0.967519
0.967519
0.967519
0.967519
0.967519
0.967519
0.967519
0.967519
0.967519
0.967519
0.967519
0.967519
0.967519
0.967519
0.967519
0.967519
0.967519
0.967519
0.967519
0.967519
0.967519
0.967519
0.967519
0.967519
0.967519
0.967519
0.967519
0.967519
0.967519
0.967519
0.967519
0.967519
0.967519
0.967519
0.967519
0.967519
0.967519
0.967519
0.967519
0.967519
0.967519
0.967519
0.967519
0.967519
0.967519
0.967519
0.967519
0.967519
0.967519
0.967519
0.967519
0.967519
0.967519
0.967519
0.967519
0.967519
0.967519
0.967519
0.967519
0.967519
0.967519
0.967519
0.967519
0.967519
0.967519
0.967519
0.967519
0.967519
0.967519
0.967519
0.967519
0.967519
0.967519
0.967519
0.967519
0.967519
0.967519
0.967519
0.967519
0.967519
0.967519
0.967519
0.967519
0.967519
0.967519
0.967519
0.967519
0.967519
0.967519
0.967519
0.967519
0.967519
0.967519
0.967519
0.967519
0.967519
0.967519
0.967519
0.967519
0.967519
0.967519
0.967519
0.967519
0.967519
0.967519
0.967519
0.967519
0.967519
0.967519
0.967519
0.967519
0.967519
0.967519
0.967519
0.967519
0.967519
0.967519
0.967519
0.967519
0.967519
0.967519
0.967519
0.967519
0.967519
0.967519
0.967519
0.967519
0.967519
0.967519
0.967519
0.967519
0.967519
0.967519
0.967519
0.967519
0.967519
0.967519
0.967519
0.967519
0.967519
0.967519
0.967519
0.967519
0.967519
0.967519
0.967519
0.967519
0.967519
0.967519
0.967519
0.967519
0.967519
0.967519
0.967519
0.967519
0.967519
0.967519
