0.000000
0.134941
0.311058
0.499167
0.183815
0.136033
0.157027
0.176209
0.193863
0.210254
0.225607
0.240105
0.253869
0.266994
0.279612
0.291856
0.303843
0.315752
0.333062
0.355189
0.362695
0.367928
0.373189
0.378493
0.383839
0.389224
0.394647
0.400105
0.405598
0.411125
0.416686
0.422278
0.427902
0.433555
0.439238
0.444949
0.450686
0.456448
0.462233
0.468214
0.473902
0.479629
0.485379
0.491150
0.496939
0.502742
0.508558
0.514384
0.520218
0.526056
0.531896
0.537735
0.543572
0.549403
0.555225
0.561036
0.566834
0.572617
0.578380
0.584122
0.589841
0.595534
0.601198
0.606832
0.612432
0.617997
0.623524
0.629012
0.634457
0.639858
0.645212
0.650519
0.655775
0.660980
0.666131
0.671226
0.676264
0.681244
0.686163
0.691021
0.695816
0.700547
0.705212
0.709811
0.714343
0.718805
0.723199
0.727522
0.731774
0.735955
0.740064
0.744099
0.748062
0.751951
0.755767
0.759509
0.763176
0.766770
0.770289
0.773734
0.777105
0.780403
0.783626
0.786777
0.789855
0.792860
0.795794
0.798655
0.801447
0.804167
0.806819
0.809401
0.811915
0.814362
0.816743
0.819057
0.821307
0.823494
0.825617
0.827678
0.829678
0.831619
0.833500
0.835324
0.837091
0.838802
0.840459
0.842062
0.843613
0.845113
0.846562
0.847962
0.849315
0.850621
0.851881
0.853096
0.854268
0.855398
0.856486
0.857535
0.858544
0.859516
0.860451
0.861349
0.862213
0.863044
0.863841
0.864607
0.865342
0.866047
0.866724
0.867372
0.867994
0.868589
0.869159
0.869705
0.870228
0.870727
0.871205
0.871662
0.872099
0.872516
0.872914
0.873294
0.873656
0.874002
0.874332
0.874646
0.874945
0.875230
0.875502
0.875760
0.876006
0.876240
0.876462
0.876673
0.876874
0.877064
0.877245
0.877417
0.877580
0.877734
0.877881
0.878019
0.878151
0.878275
0.878393
0.878504
0.878610
0.878710
0.878804
0.878893
0.878977
0.879057
0.879132
0.879203
0.879269
0.879332
0.879392
0.879448
0.879501
0.879550
0.879597
0.879641
0.879682
0.879721
0.879758
0.879792
0.879825
0.879855
0.879884
0.879910
0.879936
0.879959
0.879981
0.880002
0.880021
0.880039
0.880056
0.880072
0.880087
0.880101
0.880114
0.880126
0.880138
0.880148
0.880158
0.880168
0.880176
0.880184
0.880192
0.880199
0.880206
0.880212
0.880217
0.880223
0.880228
0.880232
0.880236
0.880240
0.880244
0.880248
0.880251
0.880254
0.880256
0.880259
0.880261
0.880264
0.880266
0.880267
0.880269
0.880271
0.880272
0.880274
0.880275
0.880276
0.880277
0.880278
0.880279
0.880280
0.880281
0.880282
0.880282
0.880283
0.880284
0.880284
0.880285
0.880285
0.880286
0.880286
0.880286
0.880287
0.880287
0.880287
0.880287
0.880288
0.880288
0.880288
0.880288
0.880288
0.880289
0.880289
0.880289
0.880289
0.880289
0.880289
0.880289
0.880289
0.880289
0.880290
0.880290
0.880290
0.880290
0.880290
0.880290
0.880290
0.880290
0.880290
0.880290
0.880290
0.880290
0.880290
0.880290
0.880290
0.880290
0.880290
0.880290
0.880290
0.880290
0.880290
0.880290
0.880290
0.880290
0.880290
0.880290
0.880290
0.880290
0.880290
0.880290
0.880290
0.880290
0.880290
0.880290
0.880290
0.880290
0.880290
0.880290
0.880290
0.880290
0.880290
0.880290
0.880290
0.880290
0.880290
0.880290
0.880290
0.880290
0.880290
0.880290
0.880290
0.880290
0.880290
0.880290
0.880290
0.880290
0.880290
0.880290
0.880290
0.880290
0.880290
0.880290
0.880290
0.880290
0.880290
0.880290
0.880290
0.880290
0.880290
0.880290
0.880290
0.880290
0.880290
0.880290
0.880290
0.880290
0.880290
0.880290
0.880290
0.880290
0.880290
0.880290
0.880290
0.880290
0.880290
0.880290
0.880290
0.880290
0.880290
0.880290
0.880290
0.880290
0.880290
0.880290
0.880290
0.880290
0.880290
0.880290
0.880290
0.880290
0.880290
0.880290
0.880290
0.880290
0.880290
0.880290
0.880290
0.880290
0.880290
0.880290
0.880290
0.880290
0.880290
0.880290
0.880290
0.880290
0.880290
0.880290
0.880290
0.880290
0.880290
0.880290
0.880290
0.880290
0.880290
0.880290
0.880290
0.880290
0.880290
0.880290
0.880290
0.880290
0.880290
0.880290
0.880290
0.880290
0.880290
0.880290
0.880290
0.880290
0.880290
0.880290
0.880290
0.880290
0.880290
0.880290
0.880290
0.880290
0.880290
0.880290
0.880290
0.880290
0.880290
0.880290
0.880290
0.880290
0.880290
0.880290
0.880290
0.880290
0.880290
0.880290
0.880290
0.880290
0.880290
0.880290
0.880290
0.880290
0.880290
0.880290
0.880290
0.880290
0.880290
0.880290
0.880290
0.880290
0.880290
0.880290
0.880290
0.880290
0.880290
0.880290
0.880290
0.880290
0.880290
0.880290
0.880290
0.880290
0.880290
0.880290
0.880290
0.880290
0.880290
0.880290
0.880290
0.880290
0.880290
0.880290
0.880290
0.880290
0.880290
0.880290
0.880290
0.880290
0.880290
0.880290
0.880290
0.880290
0.880290
0.880290
0.880290
0.880290
0.880290
0.880290
0.880290
0.880290
0.880290
0.880290
0.880290
0.880290
0.880290
0.880290
0.880290
0.880290
0.880290
0.880290
0.880290
0.880290
0.880290
0.880290
0.880290
0.880290
0.880290
0.880290
0.880290
0.880290
0.880290
0.880290
0.880290
0.880290
0.880290
0.880290
0.880290
0.880290
0.880290
0.880290
0.880290
0.880290
0.880290
0.880290
0.880290
0.880290
0.880290
0.880290
0.880290
0.880290
0.880290
0.880290
0.880290
0.880290
0.880290
0.880290
0.880290
0.880290
0.880290
0.880290
0.880290
0.880290
0.880290
0.880290
0.880290
0.880290
0.880290
0.880290
0.880290
0.880290
0.880290
0.880290
0.880290
0.880290
0.880290
0.880290
0.880290
0.880290
0.880290
0.880290
0.880290
0.880290
0.880290
0.880290
0.880290
0.880290
0.880290
0.880290
0.880290
0.880290
0.880290
0.880290
0.880290
0.880290
0.880290
0.880290
0.880290
0.880290
0.880290
0.880290
0.880290
0.880290
0.880290
0.880290
0.880290
