0.000000
0.022366
0.047009
0.081590
0.128603
0.173794
0.204795
0.222169
0.232300
0.240227
0.248467
0.258441
0.262424
0.264415
0.266393
0.268365
0.270331
0.272290
0.274244
0.276191
0.278132
0.280067
0.281996
0.283918
0.285835
0.287746
0.289650
0.291549
0.293443
0.295330
0.297212
0.299088
0.300959
0.302824
0.304684
0.306539
0.308388
0.310232
0.312071
0.313952
0.315636
0.317309
0.318978
0.320642
0.322302
0.323958
0.325610
0.327257
0.328900
0.330539
0.332174
0.333805
0.335431
0.337054
0.338672
0.340287
0.341897
0.343503
0.345105
0.346703
0.348297
0.349887
0.351473
0.353055
0.354633
0.356207
0.357777
0.359344
0.360906
0.362464
0.364019
0.365569
0.367116
0.368659
0.370198
0.371733
0.373264
0.374792
0.376316
0.377835
0.379352
0.380864
0.382372
0.383877
0.385378
0.386876
0.388369
0.389859
0.391346
0.392828
0.394307
0.395782
0.397254
0.398722
0.400186
0.401647
0.403104
0.404558
0.406008
0.407454
0.408897
0.410336
0.411772
0.413205
0.414633
0.416059
0.417481
0.418899
0.420314
0.421725
0.423134
0.424538
0.425939
0.427337
0.428732
0.430123
0.431511
0.432895
0.434276
0.435654
0.437028
0.438399
0.439767
0.441132
0.442493
0.443851
0.445206
0.446558
0.447906
0.449251
0.450593
0.451932
0.453268
0.454601
0.455930
0.457256
0.458579
0.459899
0.461216
0.462530
0.463841
0.465149
0.466454
0.467755
0.469054
0.470350
0.471642
0.472932
0.474219
0.475503
0.476783
0.478061
0.479336
0.480608
0.481878
0.483144
0.484407
0.485668
0.486926
0.488181
0.489433
0.490682
0.491929
0.493172
0.494413
0.495651
0.496887
0.498120
0.499350
0.500577
0.501802
0.503024
0.504243
0.505459
0.506673
0.507885
0.509094
0.510300
0.511503
0.512704
0.513903
0.515098
0.516292
0.517483
0.518671
0.519857
0.521040
0.522221
0.523399
0.524575
0.525749
0.526920
0.528088
0.529254
0.530418
0.531580
0.532739
0.533896
0.535050
0.536202
0.537352
0.538500
0.539645
0.540788
0.541929
0.543067
0.544203
0.545337
0.546469
0.547599
0.548726
0.549852
0.550975
0.552096
0.553215
0.554332
0.555446
0.556559
0.557669
0.558778
0.559884
0.560989
0.562091
0.563192
0.564290
0.565386
0.566481
0.567573
0.568664
0.569752
0.570839
0.571924
0.573007
0.574088
0.575167
0.576244
0.577320
0.578394
0.579465
0.580535
0.581604
0.582670
0.583735
0.584798
0.585859
0.586919
0.587977
0.589033
0.590087
0.591140
0.592191
0.593241
0.594289
0.595335
0.596379
0.597422
0.598464
0.599504
0.600542
0.601579
0.602614
0.603648
0.604680
0.605711
0.606740
0.607768
0.608795
0.609820
0.610843
0.611865
0.612886
0.613905
0.614923
0.615940
0.616955
0.617969
0.618981
0.619992
0.621002
0.622011
0.623018
0.624024
0.625029
0.626033
0.627035
0.628036
0.629036
0.630035
0.631032
0.632029
0.633024
0.634018
0.635011
0.636002
0.636993
0.637982
0.638971
0.639958
0.640944
0.641930
0.642914
0.643897
0.644879
0.645860
0.646840
0.647819
0.648797
0.649774
0.650750
0.651726
0.652700
0.653673
0.654645
0.655617
0.656587
0.657557
0.658526
0.659494
0.660461
0.661427
0.662392
0.663357
0.664320
0.665283
0.666245
0.667206
0.668167
0.669127
0.670085
0.671043
0.672001
0.672957
0.673913
0.674868
0.675823
0.676777
0.677730
0.678682
0.679633
0.680584
0.681535
0.682484
0.683433
0.684381
0.685329
0.686276
0.687222
0.688168
0.689113
0.690058
0.691002
0.691945
0.692888
0.693830
0.694771
0.695712
0.696653
0.697592
0.698532
0.699471
0.700409
0.701346
0.702283
0.703220
0.704156
0.705092
0.706027
0.706961
0.707895
0.708829
0.709762
0.710694
0.711626
0.712558
0.713489
0.714419
0.715349
0.716279
0.717208
0.718137
0.719065
0.719993
0.720920
0.721847
0.722773
0.723699
0.724625
0.725550
0.726474
0.727398
0.728322
0.729245
0.730168
0.731091
0.732012
0.732934
0.733855
0.734775
0.735696
0.736615
0.737534
0.738453
0.739372
0.740289
0.741207
0.742124
0.743041
0.743957
0.744872
0.745787
0.746702
0.747617
0.748530
0.749444
0.750357
0.751269
0.752181
0.753093
0.754004
0.754914
0.755824
0.756734
0.757643
0.758551
0.759459
0.760367
0.761274
0.762181
0.763087
0.763992
0.764897
0.765802
0.766706
0.767609
0.768512
0.769414
0.770316
0.771217
0.772117
0.773017
0.773917
0.774816
0.775714
0.776611
0.777508
0.778405
0.779301
0.780196
0.781090
0.781984
0.782877
0.783769
0.784661
0.785552
0.786443
0.787332
0.788221
0.789110
0.789997
0.790884
0.791770
0.792655
0.793539
0.794423
0.795306
0.796188
0.797069
0.797950
0.798829
0.799708
0.800586
0.801463
0.802339
0.803214
0.804089
0.804962
0.805835
0.806706
0.807577
0.808446
0.809315
0.810182
0.811049
0.811915
0.812779
0.813643
0.814505
0.815367
0.816227
0.817086
0.817944
0.818801
0.819657
0.820512
0.821366
0.822218
0.823069
0.823919
0.824768
0.825615
0.826461
0.827306
0.828150
0.828993
0.829834
0.830673
0.831512
0.832349
0.833185
0.834019
0.834852
0.835683
0.836513
0.837342
0.838169
0.838995
0.839819
0.840641
0.841463
0.842282
0.843100
0.843917
0.844731
0.845545
0.846356
0.847166
0.847975
0.848781
0.849586
0.850389
0.851191
0.851991
0.852789
0.853585
0.854379
0.855172
0.855963
0.856752
0.857539
0.858324
0.859108
0.859889
0.860669
0.861447
0.862222
0.862996
0.863768
0.864538
0.865305
0.866071
0.866835
0.867596
0.868356
0.869113
0.869869
0.870622
0.871373
0.872122
0.872868
0.873613
0.874355
0.875095
0.875833
0.876569
0.877302
0.878033
0.878762
0.879488
0.880212
0.880934
0.881653
0.882370
0.883085
0.883797
0.884507
0.885214
0.885919
0.886622
0.887322
0.888019
0.888714
0.889406
0.890096
0.890784
0.891468
0.892150
0.892830
0.893507
0.894181
0.894853
0.895522
0.896189
0.896852
0.897514
0.898172
0.898828
0.899481
0.900131
0.900778
0.901423
