0.000000
0.012292
0.024987
0.038376
0.053137
0.070315
0.080545
0.091571
0.104092
0.118631
0.136339
0.159173
0.188436
0.221664
0.251383
0.269501
0.274349
0.272064
0.270087
0.270767
0.272612
0.274580
0.276545
0.278504
0.280459
0.282408
0.284352
0.286291
0.288225
0.290154
0.292078
0.293997
0.295912
0.297821
0.299726
0.301626
0.303521
0.305412
0.307299
0.309220
0.310937
0.312652
0.314364
0.316073
0.317779
0.319480
0.321179
0.322873
0.324565
0.326253
0.327937
0.329618
0.331296
0.332971
0.334642
0.336310
0.337975
0.339636
0.341295
0.342950
0.344602
0.346251
0.347898
0.349541
0.351181
0.352818
0.354452
0.356084
0.357712
0.359338
0.360961
0.362581
0.364198
0.365813
0.367425
0.369034
0.370641
0.372245
0.373847
0.375446
0.377043
0.378637
0.380228
0.381818
0.383405
0.384989
0.386572
0.388152
0.389730
0.391305
0.392879
0.394450
0.396019
0.397586
0.399151
0.400714
0.402275
0.403834
0.405391
0.406947
0.408500
0.410051
0.411601
0.413149
0.414695
0.416239
0.417782
0.419323
0.420862
0.422400
0.423936
0.425471
0.427004
0.428536
0.430066
0.431594
0.433122
0.434647
0.436172
0.437695
0.439217
0.440737
0.442257
0.443775
0.445292
0.446807
0.448322
0.449835
0.451348
0.452859
0.454369
0.455878
0.457387
0.458894
0.460400
0.461905
0.463410
0.464913
0.466416
0.467918
0.469419
0.470919
0.472418
0.473917
0.475415
0.476912
0.478409
0.479905
0.481400
0.482894
0.484388
0.485882
0.487374
0.488867
0.490358
0.491849
0.493340
0.494830
0.496320
0.497809
0.499298
0.500786
0.502274
0.503761
0.505248
0.506735
0.508221
0.509708
0.511193
0.512679
0.514164
0.515648
0.517133
0.518617
0.520101
0.521584
0.523068
0.524551
0.526034
0.527517
0.528999
0.530481
0.531963
0.533445
0.534927
0.536408
0.537890
0.539371
0.540852
0.542332
0.543813
0.545294
0.546774
0.548254
0.549734
0.551214
0.552694
0.554173
0.555653
0.557132
0.558611
0.560090
0.561569
0.563048
0.564526
0.566005
0.567483
0.568961
0.570439
0.571917
0.573395
0.574872
0.576349
0.577826
0.579303
0.580780
0.582257
0.583733
0.585209
0.586685
0.588161
0.589636
0.591111
0.592586
0.594061
0.595536
0.597010
0.598484
0.599957
0.601431
0.602904
0.604376
0.605848
0.607320
0.608792
0.610263
0.611734
0.613204
0.614674
0.616144
0.617613
0.619082
0.620550
0.622017
0.623485
0.624951
0.626417
0.627883
0.629348
0.630812
0.632276
0.633739
0.635201
0.636663
0.638124
0.639585
0.641045
0.642504
0.643962
0.645419
0.646876
0.648332
0.649787
0.651241
0.652694
0.654146
0.655598
0.657048
0.658498
0.659946
0.661394
0.662840
0.664286
0.665730
0.667173
0.668615
0.670056
0.671496
0.672935
0.674372
0.675808
0.677243
0.678677
0.680109
0.681540
0.682969
0.684398
0.685824
0.687250
0.688673
0.690096
0.691516
0.692936
0.694353
0.695770
0.697184
0.698597
0.700008
0.701417
0.702825
0.704231
0.705635
0.707038
0.708438
0.709837
0.711234
0.712629
0.714021
0.715412
0.716801
0.718188
0.719573
0.720956
0.722337
0.723715
0.725092
0.726466
0.727838
0.729208
0.730575
0.731940
0.733303
0.734664
0.736022
0.737378
0.738731
0.740082
0.741430
0.742776
0.744120
0.745460
0.746799
0.748134
0.749467
0.750797
0.752125
0.753450
0.754772
0.756091
0.757407
0.758721
0.760032
0.761340
0.762645
0.763947
0.765246
0.766542
0.767835
0.769125
0.770412
0.771696
0.772977
0.774254
0.775529
0.776800
0.778068
0.779333
0.780595
0.781853
0.783108
0.784360
0.785608
0.786853
0.788095
0.789333
0.790567
0.791799
0.793026
0.794250
0.795471
0.796688
0.797902
0.799112
0.800318
0.801520
0.802719
0.803915
0.805106
0.806294
0.807478
0.808658
0.809835
0.811008
0.812176
0.813341
0.814503
0.815660
0.816813
0.817963
0.819108
0.820250
0.821387
0.822521
0.823650
0.824776
0.825897
0.827015
0.828128
0.829237
0.830342
0.831443
0.832540
0.833633
0.834721
0.835806
0.836886
0.837962
0.839033
0.840101
0.841164
0.842223
0.843277
0.844328
0.845374
0.846415
0.847453
0.848486
0.849515
0.850539
0.851559
0.852574
0.853586
0.854592
0.855595
0.856593
0.857586
0.858575
0.859560
0.860540
0.861515
0.862487
0.863453
0.864416
0.865373
0.866326
0.867275
0.868219
0.869159
0.870094
0.871025
0.871951
0.872872
0.873789
0.874702
0.875609
0.876513
0.877411
0.878306
0.879195
0.880080
0.880961
0.881836
0.882708
0.883574
0.884437
0.885294
0.886147
0.886995
0.887839
0.888678
0.889513
0.890343
0.891168
0.891989
0.892805
0.893617
0.894424
0.895227
0.896024
0.896818
0.897607
0.898391
0.899170
0.899945
0.900716
0.901482
0.902243
0.903000
0.903752
0.904500
0.905243
0.905982
0.906716
0.907446
0.908171
0.908892
0.909608
0.910319
0.911027
0.911729
0.912427
0.913121
0.913810
0.914495
0.915176
0.915852
0.916523
0.917190
0.917853
0.918511
0.919165
0.919815
0.920460
0.921100
0.921737
0.922369
0.922997
0.923620
0.924239
0.924854
0.925465
0.926071
0.926673
0.927271
0.927864
0.928453
0.929038
0.929619
0.930196
0.930768
0.931336
0.931901
0.932461
0.933016
0.933568
0.934116
0.934659
0.935199
0.935734
0.936265
0.936793
0.937316
0.937835
0.938351
0.938862
0.939369
0.939873
0.940372
0.940868
0.941359
0.941847
0.942331
0.942811
0.943287
0.943760
0.944228
0.944693
0.945154
0.945611
0.946065
0.946514
0.946961
0.947403
0.947842
0.948277
0.948708
0.949136
0.949560
0.949980
0.950397
0.950811
0.951221
0.951627
0.952030
0.952429
0.952825
0.953218
0.953607
0.953992
0.954374
0.954753
0.955129
0.955501
0.955869
0.956235
0.956597
0.956956
0.957312
0.957664
0.958013
0.958359
0.958702
0.959042
0.959378
0.959711
0.960042
0.960369
0.960693
0.961014
0.961332
0.961647
0.961959
0.962268
0.962574
0.962877
0.963177
0.963474
0.963769
0.964060
0.964349
