0.000000
0.031263
0.063955
0.099047
0.137725
0.181528
0.232942
0.294637
0.359041
0.385794
0.336510
0.280983
0.268461
0.269261
0.271445
0.273640
0.275835
0.278029
0.280218
0.282401
0.284578
0.286746
0.288906
0.291058
0.293203
0.295339
0.297470
0.299593
0.301712
0.303826
0.305935
0.308042
0.310145
0.312247
0.314347
0.316447
0.318546
0.320645
0.322745
0.324851
0.326747
0.328685
0.330629
0.332576
0.334527
0.336482
0.338441
0.340405
0.342373
0.344346
0.346323
0.348306
0.350294
0.352287
0.354286
0.356291
0.358301
0.360317
0.362340
0.364368
0.366403
0.368444
0.370491
0.372546
0.374606
0.376674
0.378748
0.380830
0.382918
0.385014
0.387117
0.389227
0.391344
0.393469
0.395602
0.397742
0.399889
0.402044
0.404207
0.406378
0.408557
0.410743
0.412937
0.415140
0.417350
0.419568
0.421794
0.424029
0.426271
0.428522
0.430780
0.433047
0.435321
0.437604
0.439895
0.442194
0.444501
0.446816
0.449139
0.451470
0.453809
0.456156
0.458511
0.460874
0.463244
0.465622
0.468008
0.470402
0.472803
0.475211
0.477627
0.480051
0.482481
0.484919
0.487364
0.489816
0.492275
0.494741
0.497214
0.499693
0.502178
0.504671
0.507169
0.509674
0.512184
0.514701
0.517223
0.519751
0.522285
0.524824
0.527368
0.529918
0.532472
0.535031
0.537595
0.540163
0.542736
0.545313
0.547894
0.550479
0.553067
0.555659
0.558254
0.560853
0.563454
0.566059
0.568666
0.571275
0.573887
0.576500
0.579116
0.581733
0.584352
0.586972
0.589594
0.592216
0.594839
0.597462
0.600086
0.602709
0.605333
0.607957
0.610580
0.613202
0.615823
0.618443
0.621062
0.623680
0.626295
0.628909
0.631521
0.634130
0.636736
0.639340
0.641941
0.644539
0.647133
0.649724
0.652311
0.654894
0.657473
0.660047
0.662617
0.665182
0.667742
0.670296
0.672846
0.675389
0.677927
0.680459
0.682984
0.685504
0.688016
0.690522
0.693021
0.695513
0.697997
0.700474
0.702943
0.705405
0.707858
0.710303
0.712740
0.715168
0.717587
0.719998
0.722399
0.724791
0.727174
0.729547
0.731910
0.734264
0.736607
0.738940
0.741263
0.743576
0.745878
0.748169
0.750449
0.752718
0.754976
0.757223
0.759458
0.761682
0.763894
0.766094
0.768283
0.770459
0.772624
0.774776
0.776915
0.779043
0.781157
0.783260
0.785349
0.787426
0.789489
0.791540
0.793577
0.795602
0.797613
0.799611
0.801596
0.803567
0.805524
0.807468
0.809399
0.811315
0.813218
0.815107
0.816982
0.818844
0.820691
0.822525
0.824344
0.826149
0.827941
0.829718
0.831481
0.833230
0.834964
0.836685
0.838391
0.840083
0.841760
0.843424
0.845073
0.846707
0.848328
0.849934
0.851526
0.853104
0.854667
0.856216
0.857751
0.859271
0.860778
0.862270
0.863748
0.865212
0.866661
0.868097
0.869518
0.870926
0.872319
0.873698
0.875064
0.876415
0.877753
0.879076
0.880386
0.881683
0.882965
0.884234
0.885489
0.886731
0.887959
0.889174
0.890375
0.891563
0.892738
0.893899
0.895048
0.896183
0.897306
0.898415
0.899511
0.900595
0.901666
0.902724
0.903770
0.904803
0.905824
0.906832
0.907828
0.908811
0.909783
0.910743
0.911690
0.912626
0.913549
0.914461
0.915362
0.916251
0.917128
0.917994
0.918848
0.919692
0.920524
0.921345
0.922155
0.922954
0.923743
0.924520
0.925287
0.926044
0.926790
0.927526
0.928251
0.928967
0.929672
0.930367
0.931053
0.931728
0.932394
0.933050
0.933697
0.934334
0.934962
0.935581
0.936190
0.936791
0.937382
0.937965
0.938539
0.939104
0.939660
0.940208
0.940748
0.941279
0.941802
0.942317
0.942824
0.943323
0.943814
0.944297
0.944772
0.945240
0.945700
0.946153
0.946599
0.947037
0.947468
0.947892
0.948309
0.948719
0.949122
0.949519
0.949909
0.950292
0.950669
0.951039
0.951404
0.951761
0.952113
0.952459
0.952798
0.953132
0.953460
0.953782
0.954099
0.954410
0.954715
0.955015
0.955309
0.955599
0.955883
0.956161
0.956435
0.956704
0.956968
0.957227
0.957481
0.957731
0.957976
0.958216
0.958452
0.958683
0.958910
0.959133
0.959351
0.959566
0.959776
0.959982
0.960184
0.960382
0.960577
0.960768
0.960954
0.961138
0.961317
0.961493
0.961666
0.961835
0.962001
0.962163
0.962322
0.962478
0.962631
0.962781
0.962927
0.963071
0.963212
0.963349
0.963484
0.963616
0.963746
0.963872
0.963996
0.964118
0.964236
0.964353
0.964467
0.964578
0.964687
0.964794
0.964898
0.965000
0.965100
0.965198
0.965294
0.965387
0.965479
0.965568
0.965656
0.965741
0.965825
0.965907
0.965987
0.966065
0.966141
0.966216
0.966289
0.966360
0.966430
0.966498
0.966564
0.966630
0.966693
0.966755
0.966816
0.966875
0.966933
0.966989
0.967044
0.967098
0.967151
0.967202
0.967252
0.967301
0.967349
0.967395
0.967441
0.967485
0.967529
0.967571
0.967612
0.967652
0.967692
0.967730
0.967767
0.967804
0.967839
0.967874
0.967908
0.967941
0.967973
0.968004
0.968034
0.968064
0.968093
0.968121
0.968149
0.968176
0.968202
0.968227
0.968252
0.968276
0.968300
0.968323
0.968345
0.968367
0.968388
0.968409
0.968429
0.968448
0.968467
0.968486
0.968504
0.968522
0.968539
0.968555
0.968572
0.968587
0.968603
0.968618
0.968632
0.968646
0.968660
0.968673
0.968686
0.968699
0.968711
0.968723
0.968735
0.968746
0.968757
0.968768
0.968778
0.968788
0.968798
0.968807
0.968817
0.968826
0.968834
0.968843
0.968851
0.968859
0.968867
0.968874
0.968882
0.968889
0.968896
0.968902
0.968909
0.968915
0.968921
0.968927
0.968933
0.968939
0.968944
0.968949
0.968954
0.968959
0.968964
0.968969
0.968973
0.968978
0.968982
0.968986
0.968990
0.968994
0.968998
0.969002
0.969005
0.969009
0.969012
0.969015
0.969018
0.969021
0.969024
0.969027
0.969030
0.969032
0.969035
0.969038
0.969040
0.969042
0.969045
0.969047
0.969049
0.969051
0.969053
0.969055
0.969057
0.969059
0.969060
0.969062
0.969064
0.969065
