0.000000
0.004881
0.009439
0.013860
0.018268
0.022751
0.027390
0.032275
0.037485
0.043111
0.049250
0.056017
0.063537
0.071959
0.081487
0.092387
0.104996
0.119747
0.137314
0.158705
0.185401
0.219945
0.267077
0.335986
0.446586
0.633389
0.850396
0.943240
0.954281
0.955466
0.956399
0.957340
0.958282
0.959223
0.960157
0.961082
0.961995
0.962895
0.963780
0.964649
0.965501
0.966334
0.967148
0.967942
0.968716
0.969469
0.970201
0.970912
0.971601
0.972270
0.972916
0.973542
0.974146
0.974729
0.975291
0.975832
0.976353
0.976854
0.977335
0.977797
0.978240
0.978665
0.979071
0.979460
0.979832
0.980187
0.980525
0.980849
0.981157
0.981450
0.981729
0.981995
0.982247
0.982487
0.982714
0.982930
0.983134
0.983328
0.983511
0.983685
0.983849
0.984003
0.984150
0.984288
0.984418
0.984540
0.984656
0.984765
0.984867
0.984963
0.985054
0.985139
0.985219
0.985294
0.985364
0.985430
0.985491
0.985549
0.985603
0.985654
0.985701
0.985745
0.985786
0.985825
0.985861
0.985895
0.985926
0.985955
0.985982
0.986008
0.986031
0.986053
0.986073
0.986092
0.986110
0.986126
0.986141
0.986156
0.986169
0.986181
0.986192
0.986202
0.986212
0.986221
0.986229
0.986237
0.986244
0.986250
0.986257
0.986262
0.986267
0.986272
0.986276
0.986280
0.986284
0.986288
0.986291
0.986294
0.986296
0.986299
0.986301
0.986303
0.986305
0.986307
0.986309
0.986310
0.986311
0.986313
0.986314
0.986315
0.986316
0.986317
0.986318
0.986318
0.986319
0.986320
0.986320
0.986321
0.986321
0.986322
0.986322
0.986323
0.986323
0.986323
0.986323
0.986324
0.986324
0.986324
0.986324
0.986325
0.986325
0.986325
0.986325
0.986325
0.986325
0.986325
0.986325
0.986326
0.986326
0.986326
0.986326
0.986326
0.986326
0.986326
0.986326
0.986326
0.986326
0.986326
0.986326
0.986326
0.986326
0.986326
0.986326
0.986326
0.986326
0.986326
0.986326
0.986326
0.986326
0.986326
0.986326
0.986326
0.986326
0.986326
0.986326
0.986326
0.986326
0.986326
0.986326
0.986326
0.986326
0.986326
0.986326
0.986326
0.986326
0.986326
0.986326
0.986326
0.986326
0.986326
0.986326
0.986326
0.986326
0.986326
0.986326
0.986326
0.986326
0.986326
0.986326
0.986326
0.986326
0.986326
0.986326
0.986326
0.986326
0.986326
0.986326
0.986326
0.986326
0.986326
0.986326
0.986326
0.986326
0.986326
0.986326
0.986326
0.986326
0.986326
0.986326
0.986326
0.986326
0.986326
0.986326
0.986326
0.986326
0.986326
0.986326
0.986326
0.986326
0.986326
0.986326
0.986326
0.986326
0.986326
0.986326
0.986326
0.986326
0.986326
0.986326
0.986326
0.986326
0.986326
0.986326
0.986326
0.986326
0.986326
0.986326
0.986326
0.986326
0.986326
0.986326
0.986326
0.986326
0.986326
0.986326
0.986326
0.986326
0.986326
0.986326
0.986326
0.986326
0.986326
0.986326
0.986326
0.986326
0.986326
0.986326
0.986326
0.986326
0.986326
0.986326
0.986326
0.986326
0.986326
0.986326
0.986326
0.986326
0.986326
0.986326
0.986326
0.986326
0.986326
0.986326
0.986326
0.986326
0.986326
0.986326
0.986326
0.986326
0.986326
0.986326
0.986326
0.986326
0.986326
0.986326
0.986326
0.986326
0.986326
0.986326
0.986326
0.986326
0.986326
0.986326
0.986326
0.986326
0.986326
0.986326
0.986326
0.986326
0.986326
0.986326
0.986326
0.986326
0.986326
0.986326
0.986326
0.986326
0.986326
0.986326
0.986326
0.986326
0.986326
0.986326
0.986326
0.986326
0.986326
0.986326
0.986326
0.986326
0.986326
0.986326
0.986326
0.986326
0.986326
0.986326
0.986326
0.986326
0.986326
0.986326
0.986326
0.986326
0.986326
0.986326
0.986326
0.986326
0.986326
0.986326
0.986326
0.986326
0.986326
0.986326
0.986326
0.986326
0.986326
0.986326
0.986326
0.986326
0.986326
0.986326
0.986326
0.986326
0.986326
0.986326
0.986326
0.986326
0.986326
0.986326
0.986326
0.986326
0.986326
0.986326
0.986326
0.986326
0.986326
0.986326
0.986326
0.986326
0.986326
0.986326
0.986326
0.986326
0.986326
0.986326
0.986326
0.986326
0.986326
0.986326
0.986326
0.986326
0.986326
0.986326
0.986326
0.986326
0.986326
0.986326
0.986326
0.986326
0.986326
0.986326
0.986326
0.986326
0.986326
0.986326
0.986326
0.986326
0.986326
0.986326
0.986326
0.986326
0.986326
0.986326
0.986326
0.986326
0.986326
0.986326
0.986326
0.986326
0.986326
0.986326
0.986326
0.986326
0.986326
0.986326
0.986326
0.986326
0.986326
0.986326
0.986326
0.986326
0.986326
0.986326
0.986326
0.986326
0.986326
0.986326
0.986326
0.986326
0.986326
0.986326
0.986326
0.986326
0.986326
0.986326
0.986326
0.986326
0.986326
0.986326
0.986326
0.986326
0.986326
0.986326
0.986326
0.986326
0.986326
0.986326
0.986326
0.986326
0.986326
0.986326
0.986326
0.986326
0.986326
0.986326
0.986326
0.986326
0.986326
0.986326
0.986326
0.986326
0.986326
0.986326
0.986326
0.986326
0.986326
0.986326
0.986326
0.986326
0.986326
0.986326
0.986326
0.986326
0.986326
0.986326
0.986326
0.986326
0.986326
0.986326
0.986326
0.986326
0.986326
0.986326
0.986326
0.986326
0.986326
0.986326
0.986326
0.986326
0.986326
0.986326
0.986326
0.986326
0.986326
0.986326
0.986326
0.986326
0.986326
0.986326
0.986326
0.986326
0.986326
0.986326
0.986326
0.986326
0.986326
0.986326
0.986326
0.986326
0.986326
0.986326
0.986326
0.986326
0.986326
0.986326
0.986326
0.986326
0.986326
0.986326
0.986326
0.986326
0.986326
0.986326
0.986326
0.986326
0.986326
0.986326
0.986326
0.986326
0.986326
0.986326
0.986326
0.986326
0.986326
0.986326
0.986326
0.986326
0.986326
0.986326
0.986326
0.986326
0.986326
0.986326
0.986326
0.986326
0.986326
0.986326
0.986326
0.986326
0.986326
0.986326
0.986326
0.986326
0.986326
0.986326
0.986326
0.986326
0.986326
0.986326
0.986326
0.986326
0.986326
