0.000000
0.003416
0.010476
0.012182
0.013990
0.015924
0.018007
0.020262
0.022745
0.025473
0.028520
0.031944
0.035828
0.040289
0.045480
0.051603
0.058950
0.067998
0.079530
0.094900
0.116530
0.149101
0.201017
0.305745
0.483381
0.553193
0.562072
0.567257
0.572545
0.577950
0.583455
0.589046
0.594712
0.600444
0.606234
0.612075
0.617961
0.623887
0.629847
0.636072
0.641986
0.647920
0.653877
0.659853
0.665841
0.671839
0.677841
0.683843
0.689841
0.695831
0.701809
0.707772
0.713714
0.719634
0.725527
0.731389
0.737217
0.743009
0.748760
0.754468
0.760129
0.765742
0.771302
0.776807
0.782255
0.787643
0.792968
0.798230
0.803424
0.808551
0.813606
0.818590
0.823500
0.828334
0.833092
0.837772
0.842373
0.846894
0.851334
0.855692
0.859967
0.864159
0.868268
0.872293
0.876234
0.880090
0.883862
0.887550
0.891154
0.894673
0.898109
0.901462
0.904732
0.907920
0.911026
0.914051
0.916996
0.919861
0.922649
0.925358
0.927991
0.930549
0.933032
0.935442
0.937779
0.940046
0.942243
0.944371
0.946432
0.948427
0.950357
0.952224
0.954029
0.955774
0.957459
0.959086
0.960656
0.962172
0.963633
0.965043
0.966401
0.967709
0.968969
0.970182
0.971349
0.972472
0.973552
0.974590
0.975587
0.976545
0.977465
0.978348
0.979196
0.980009
0.980788
0.981535
0.982251
0.982937
0.983594
0.984223
0.984825
0.985401
0.985951
0.986478
0.986981
0.987462
0.987922
0.988360
0.988779
0.989179
0.989561
0.989925
0.990272
0.990603
0.990918
0.991218
0.991505
0.991777
0.992037
0.992284
0.992519
0.992743
0.992955
0.993158
0.993350
0.993533
0.993706
0.993871
0.994028
0.994177
0.994318
0.994452
0.994579
0.994700
0.994814
0.994923
0.995026
0.995124
0.995216
0.995304
0.995387
0.995465
0.995540
0.995610
0.995677
0.995740
0.995800
0.995857
0.995910
0.995961
0.996009
0.996054
0.996097
0.996137
0.996175
0.996212
0.996246
0.996278
0.996308
0.996337
0.996364
0.996390
0.996414
0.996437
0.996459
0.996479
0.996498
0.996516
0.996534
0.996550
0.996565
0.996579
0.996593
0.996606
0.996618
0.996629
0.996640
0.996650
0.996659
0.996668
0.996676
0.996684
0.996692
0.996699
0.996706
0.996712
0.996718
0.996723
0.996728
0.996733
0.996738
0.996742
0.996746
0.996750
0.996754
0.996757
0.996761
0.996764
0.996766
0.996769
0.996772
0.996774
0.996776
0.996778
0.996780
0.996782
0.996784
0.996786
0.996787
0.996789
0.996790
0.996791
0.996792
0.996794
0.996795
0.996796
0.996797
0.996798
0.996798
0.996799
0.996800
0.996801
0.996801
0.996802
0.996802
0.996803
0.996804
0.996804
0.996804
0.996805
0.996805
0.996806
0.996806
0.996806
0.996807
0.996807
0.996807
0.996807
0.996808
0.996808
0.996808
0.996808
0.996809
0.996809
0.996809
0.996809
0.996809
0.996809
0.996809
0.996810
0.996810
0.996810
0.996810
0.996810
0.996810
0.996810
0.996810
0.996810
0.996810
0.996811
0.996811
0.996811
0.996811
0.996811
0.996811
0.996811
0.996811
0.996811
0.996811
0.996811
0.996811
0.996811
0.996811
0.996811
0.996811
0.996811
0.996811
0.996811
0.996811
0.996811
0.996811
0.996811
0.996811
0.996811
0.996811
0.996811
0.996811
0.996811
0.996811
0.996811
0.996811
0.996811
0.996811
0.996811
0.996811
0.996811
0.996811
0.996811
0.996811
0.996812
0.996812
0.996812
0.996812
0.996812
0.996812
0.996812
0.996812
0.996812
0.996812
0.996812
0.996812
0.996812
0.996812
0.996812
0.996812
0.996812
0.996812
0.996812
0.996812
0.996812
0.996812
0.996812
0.996812
0.996812
0.996812
0.996812
0.996812
0.996812
0.996812
0.996812
0.996812
0.996812
0.996812
0.996812
0.996812
0.996812
0.996812
0.996812
0.996812
0.996812
0.996812
0.996812
0.996812
0.996812
0.996812
0.996812
0.996812
0.996812
0.996812
0.996812
0.996812
0.996812
0.996812
0.996812
0.996812
0.996812
0.996812
0.996812
0.996812
0.996812
0.996812
0.996812
0.996812
0.996812
0.996812
0.996812
0.996812
0.996812
0.996812
0.996812
0.996812
0.996812
0.996812
0.996812
0.996812
0.996812
0.996812
0.996812
0.996812
0.996812
0.996812
0.996812
0.996812
0.996812
0.996812
0.996812
0.996812
0.996812
0.996812
0.996812
0.996812
0.996812
0.996812
0.996812
0.996812
0.996812
0.996812
0.996812
0.996812
0.996812
0.996812
0.996812
0.996812
0.996812
0.996812
0.996812
0.996812
0.996812
0.996812
0.996812
0.996812
0.996812
0.996812
0.996812
0.996812
0.996812
0.996812
0.996812
0.996812
0.996812
0.996812
0.996812
0.996812
0.996812
0.996812
0.996812
0.996812
0.996812
0.996812
0.996812
0.996812
0.996812
0.996812
0.996812
0.996812
0.996812
0.996812
0.996812
0.996812
0.996812
0.996812
0.996812
0.996812
0.996812
0.996812
0.996812
0.996812
0.996812
0.996812
0.996812
0.996812
0.996812
0.996812
0.996812
0.996812
0.996812
0.996812
0.996812
0.996812
0.996812
0.996812
0.996812
0.996812
0.996812
0.996812
0.996812
0.996812
0.996812
0.996812
0.996812
0.996812
0.996812
0.996812
0.996812
0.996812
0.996812
0.996812
0.996812
0.996812
0.996812
0.996812
0.996812
0.996812
0.996812
0.996812
0.996812
0.996812
0.996812
0.996812
0.996812
0.996812
0.996812
0.996812
0.996812
0.996812
0.996812
0.996812
0.996812
0.996812
0.996812
0.996812
0.996812
0.996812
0.996812
0.996812
0.996812
0.996812
0.996812
0.996812
0.996812
0.996812
0.996812
0.996812
0.996812
0.996812
0.996812
0.996812
0.996812
0.996812
0.996812
0.996812
0.996812
0.996812
0.996812
0.996812
0.996812
0.996812
0.996812
0.996812
0.996812
0.996812
0.996812
0.996812
0.996812
0.996812
0.996812
0.996812
0.996812
0.996812
0.996812
0.996812
0.996812
0.996812
0.996812
0.996812
0.996812
0.996812
0.996812
0.996812
0.996812
0.996812
0.996812
0.996812
0.996812
0.996812
0.996812
0.996812
0.996812
0.996812
0.996812
