0.000000
0.005881
0.007206
0.008547
0.009923
0.011350
0.012850
0.014449
0.016172
0.018047
0.020095
0.022376
0.024923
0.027774
0.031005
0.034708
0.038995
0.044017
0.050009
0.057318
0.066460
0.078354
0.094784
0.119497
0.160628
0.250769
0.559907
0.903456
0.979012
0.982695
0.983174
0.983631
0.984088
0.984541
0.984990
0.985432
0.985867
0.986294
0.986711
0.987118
0.987515
0.987901
0.988277
0.988641
0.988994
0.989335
0.989665
0.989983
0.990290
0.990585
0.990869
0.991142
0.991404
0.991656
0.991896
0.992126
0.992346
0.992556
0.992757
0.992948
0.993130
0.993303
0.993468
0.993624
0.993772
0.993913
0.994046
0.994173
0.994292
0.994405
0.994512
0.994612
0.994707
0.994797
0.994881
0.994961
0.995035
0.995106
0.995171
0.995233
0.995291
0.995346
0.995397
0.995445
0.995489
0.995531
0.995570
0.995606
0.995640
0.995672
0.995702
0.995729
0.995755
0.995779
0.995801
0.995822
0.995841
0.995859
0.995876
0.995891
0.995905
0.995919
0.995931
0.995942
0.995953
0.995962
0.995971
0.995980
0.995987
0.995995
0.996001
0.996007
0.996013
0.996018
0.996023
0.996027
0.996031
0.996035
0.996038
0.996041
0.996044
0.996047
0.996049
0.996051
0.996053
0.996055
0.996057
0.996058
0.996060
0.996061
0.996062
0.996064
0.996065
0.996065
0.996066
0.996067
0.996068
0.996068
0.996069
0.996070
0.996070
0.996071
0.996071
0.996071
0.996072
0.996072
0.996072
0.996072
0.996073
0.996073
0.996073
0.996073
0.996073
0.996074
0.996074
0.996074
0.996074
0.996074
0.996074
0.996074
0.996074
0.996074
0.996074
0.996074
0.996075
0.996075
0.996075
0.996075
0.996075
0.996075
0.996075
0.996075
0.996075
0.996075
0.996075
0.996075
0.996075
0.996075
0.996075
0.996075
0.996075
0.996075
0.996075
0.996075
0.996075
0.996075
0.996075
0.996075
0.996075
0.996075
0.996075
0.996075
0.996075
0.996075
0.996075
0.996075
0.996075
0.996075
0.996075
0.996075
0.996075
0.996075
0.996075
0.996075
0.996075
0.996075
0.996075
0.996075
0.996075
0.996075
0.996075
0.996075
0.996075
0.996075
0.996075
0.996075
0.996075
0.996075
0.996075
0.996075
0.996075
0.996075
0.996075
0.996075
0.996075
0.996075
0.996075
0.996075
0.996075
0.996075
0.996075
0.996075
0.996075
0.996075
0.996075
0.996075
0.996075
0.996075
0.996075
0.996075
0.996075
0.996075
0.996075
0.996075
0.996075
0.996075
0.996075
0.996075
0.996075
0.996075
0.996075
0.996075
0.996075
0.996075
0.996075
0.996075
0.996075
0.996075
0.996075
0.996075
0.996075
0.996075
0.996075
0.996075
0.996075
0.996075
0.996075
0.996075
0.996075
0.996075
0.996075
0.996075
0.996075
0.996075
0.996075
0.996075
0.996075
0.996075
0.996075
0.996075
0.996075
0.996075
0.996075
0.996075
0.996075
0.996075
0.996075
0.996075
0.996075
0.996075
0.996075
0.996075
0.996075
0.996075
0.996075
0.996075
0.996075
0.996075
0.996075
0.996075
0.996075
0.996075
0.996075
0.996075
0.996075
0.996075
0.996075
0.996075
0.996075
0.996075
0.996075
0.996075
0.996075
0.996075
0.996075
0.996075
0.996075
0.996075
0.996075
0.996075
0.996075
0.996075
0.996075
0.996075
0.996075
0.996075
0.996075
0.996075
0.996075
0.996075
0.996075
0.996075
0.996075
0.996075
0.996075
0.996075
0.996075
0.996075
0.996075
0.996075
0.996075
0.996075
0.996075
0.996075
0.996075
0.996075
0.996075
0.996075
0.996075
0.996075
0.996075
0.996075
0.996075
0.996075
0.996075
0.996075
0.996075
0.996075
0.996075
0.996075
0.996075
0.996075
0.996075
0.996075
0.996075
0.996075
0.996075
0.996075
0.996075
0.996075
0.996075
0.996075
0.996075
0.996075
0.996075
0.996075
0.996075
0.996075
0.996075
0.996075
0.996075
0.996075
0.996075
0.996075
0.996075
0.996075
0.996075
0.996075
0.996075
0.996075
0.996075
0.996075
0.996075
0.996075
0.996075
0.996075
0.996075
0.996075
0.996075
0.996075
0.996075
0.996075
0.996075
0.996075
0.996075
0.996075
0.996075
0.996075
0.996075
0.996075
0.996075
0.996075
0.996075
0.996075
0.996075
0.996075
0.996075
0.996075
0.996075
0.996075
0.996075
0.996075
0.996075
0.996075
0.996075
0.996075
0.996075
0.996075
0.996075
0.996075
0.996075
0.996075
0.996075
0.996075
0.996075
0.996075
0.996075
0.996075
0.996075
0.996075
0.996075
0.996075
0.996075
0.996075
0.996075
0.996075
0.996075
0.996075
0.996075
0.996075
0.996075
0.996075
0.996075
0.996075
0.996075
0.996075
0.996075
0.996075
0.996075
0.996075
0.996075
0.996075
0.996075
0.996075
0.996075
0.996075
0.996075
0.996075
0.996075
0.996075
0.996075
0.996075
0.996075
0.996075
0.996075
0.996075
0.996075
0.996075
0.996075
0.996075
0.996075
0.996075
0.996075
0.996075
0.996075
0.996075
0.996075
0.996075
0.996075
0.996075
0.996075
0.996075
0.996075
0.996075
0.996075
0.996075
0.996075
0.996075
0.996075
0.996075
0.996075
0.996075
0.996075
0.996075
0.996075
0.996075
0.996075
0.996075
0.996075
0.996075
0.996075
0.996075
0.996075
0.996075
0.996075
0.996075
0.996075
0.996075
0.996075
0.996075
0.996075
0.996075
0.996075
0.996075
0.996075
0.996075
0.996075
0.996075
0.996075
0.996075
0.996075
0.996075
0.996075
0.996075
0.996075
0.996075
0.996075
0.996075
0.996075
0.996075
0.996075
0.996075
0.996075
0.996075
0.996075
0.996075
0.996075
0.996075
0.996075
0.996075
0.996075
0.996075
0.996075
0.996075
0.996075
0.996075
0.996075
0.996075
0.996075
0.996075
0.996075
0.996075
0.996075
0.996075
0.996075
0.996075
0.996075
0.996075
0.996075
0.996075
0.996075
0.996075
0.996075
0.996075
0.996075
0.996075
0.996075
0.996075
0.996075
0.996075
0.996075
0.996075
0.996075
0.996075
0.996075
0.996075
0.996075
0.996075
0.996075
0.996075
0.996075
0.996075
0.996075
0.996075
0.996075
0.996075
0.996075
0.996075
0.996075
0.996075
