0.000000
0.017352
0.035263
0.054031
0.074098
0.096066
0.121103
0.151689
0.190407
0.233388
0.260866
0.271011
0.269009
0.265250
0.264848
0.266528
0.268501
0.270473
0.272441
0.274402
0.276358
0.278308
0.280253
0.282193
0.284127
0.286056
0.287980
0.289899
0.291813
0.293722
0.295626
0.297526
0.299421
0.301311
0.303196
0.305077
0.306954
0.308826
0.310694
0.312595
0.314292
0.315990
0.317686
0.319379
0.321068
0.322754
0.324437
0.326117
0.327794
0.329467
0.331137
0.332804
0.334469
0.336130
0.337788
0.339444
0.341096
0.342746
0.344392
0.346036
0.347678
0.349316
0.350952
0.352585
0.354216
0.355844
0.357469
0.359092
0.360712
0.362331
0.363946
0.365559
0.367170
0.368779
0.370385
0.371989
0.373591
0.375191
0.376789
0.378384
0.379978
0.381569
0.383159
0.384746
0.386332
0.387916
0.389497
0.391078
0.392656
0.394233
0.395807
0.397381
0.398952
0.400522
0.402091
0.403658
0.405223
0.406787
0.408350
0.409911
0.411471
0.413029
0.414586
0.416142
0.417697
0.419251
0.420803
0.422354
0.423904
0.425454
0.427002
0.428549
0.430095
0.431640
0.433185
0.434728
0.436271
0.437813
0.439354
0.440894
0.442434
0.443973
0.445512
0.447049
0.448586
0.450123
0.451659
0.453195
0.454730
0.456265
0.457799
0.459333
0.460866
0.462400
0.463933
0.465465
0.466998
0.468530
0.470062
0.471593
0.473125
0.474657
0.476188
0.477719
0.479251
0.480782
0.482313
0.483844
0.485375
0.486907
0.488438
0.489969
0.491501
0.493033
0.494564
0.496096
0.497628
0.499161
0.500693
0.502226
0.503759
0.505292
0.506826
0.508360
0.509894
0.511428
0.512963
0.514498
0.516034
0.517570
0.519106
0.520643
0.522180
0.523717
0.525255
0.526794
0.528332
0.529872
0.531411
0.532951
0.534492
0.536033
0.537574
0.539116
0.540659
0.542202
0.543745
0.545289
0.546834
0.548379
0.549924
0.551470
0.553016
0.554563
0.556111
0.557659
0.559207
0.560756
0.562305
0.563855
0.565406
0.566956
0.568508
0.570059
0.571612
0.573164
0.574717
0.576271
0.577825
0.579379
0.580934
0.582489
0.584044
0.585600
0.587157
0.588713
0.590270
0.591827
0.593385
0.594943
0.596501
0.598060
0.599618
0.601177
0.602736
0.604296
0.605855
0.607415
0.608975
0.610535
0.612095
0.613655
0.615215
0.616776
0.618336
0.619896
0.621457
0.623017
0.624577
0.626137
0.627698
0.629257
0.630817
0.632377
0.633936
0.635495
0.637054
0.638613
0.640171
0.641729
0.643287
0.644844
0.646401
0.647957
0.649513
0.651069
0.652623
0.654178
0.655731
0.657285
0.658837
0.660389
0.661940
0.663490
0.665039
0.666588
0.668136
0.669683
0.671229
0.672774
0.674318
0.675861
0.677403
0.678943
0.680483
0.682022
0.683559
0.685095
0.686630
0.688164
0.689696
0.691227
0.692756
0.694284
0.695811
0.697336
0.698859
0.700381
0.701901
0.703420
0.704936
0.706452
0.707965
0.709476
0.710986
0.712493
0.713999
0.715503
0.717005
0.718504
0.720002
0.721497
0.722991
0.724482
0.725970
0.727457
0.728941
0.730423
0.731902
0.733379
0.734854
0.736326
0.737795
0.739262
0.740726
0.742187
0.743646
0.745102
0.746555
0.748005
0.749453
0.750897
0.752339
0.753777
0.755213
0.756645
0.758075
0.759501
0.760924
0.762343
0.763760
0.765173
0.766583
0.767990
0.769393
0.770792
0.772188
0.773581
0.774970
0.776356
0.777737
0.779116
0.780490
0.781861
0.783228
0.784591
0.785950
0.787306
0.788657
0.790005
0.791348
0.792688
0.794023
0.795355
0.796682
0.798005
0.799324
0.800639
0.801949
0.803256
0.804557
0.805855
0.807148
0.808437
0.809721
0.811001
0.812277
0.813548
0.814814
0.816076
0.817333
0.818586
0.819833
0.821077
0.822315
0.823549
0.824778
0.826002
0.827221
0.828436
0.829646
0.830850
0.832050
0.833245
0.834435
0.835620
0.836800
0.837975
0.839145
0.840310
0.841469
0.842624
0.843773
0.844918
0.846057
0.847191
0.848319
0.849443
0.850561
0.851674
0.852782
0.853884
0.854981
0.856073
0.857160
0.858241
0.859316
0.860387
0.861451
0.862511
0.863565
0.864614
0.865657
0.866694
0.867727
0.868753
0.869775
0.870790
0.871801
0.872805
0.873804
0.874798
0.875786
0.876769
0.877746
0.878717
0.879683
0.880643
0.881598
0.882547
0.883490
0.884428
0.885360
0.886287
0.887208
0.888124
0.889033
0.889938
0.890836
0.891729
0.892617
0.893498
0.894375
0.895245
0.896110
0.896969
0.897823
0.898671
0.899514
0.900351
0.901182
0.902008
0.902828
0.903643
0.904452
0.905255
0.906053
0.906845
0.907632
0.908413
0.909189
0.909959
0.910724
0.911483
0.912236
0.912984
0.913727
0.914464
0.915196
0.915922
0.916643
0.917358
0.918068
0.918773
0.919472
0.920166
0.920854
0.921537
0.922215
0.922887
0.923555
0.924216
0.924873
0.925524
0.926170
0.926811
0.927446
0.928077
0.928702
0.929322
0.929936
0.930546
0.931151
0.931750
0.932344
0.932934
0.933518
0.934097
0.934671
0.935240
0.935804
0.936364
0.936918
0.937467
0.938012
0.938552
0.939086
0.939616
0.940141
0.940662
0.941177
0.941688
0.942194
0.942696
0.943193
0.943685
0.944172
0.944655
0.945133
0.945607
0.946076
0.946541
0.947001
0.947457
0.947908
0.948355
0.948797
0.949235
0.949669
0.950098
0.950523
0.950944
0.951360
0.951773
0.952181
0.952585
0.952984
0.953380
0.953772
0.954159
0.954542
0.954922
0.955297
0.955669
0.956036
0.956400
0.956759
0.957115
0.957467
0.957815
0.958159
0.958500
0.958837
0.959170
0.959499
0.959825
0.960147
0.960466
0.960780
0.961092
0.961400
0.961704
0.962005
0.962302
0.962596
0.962887
0.963174
0.963458
0.963738
0.964016
0.964290
0.964560
0.964828
0.965092
0.965353
0.965611
0.965866
0.966118
0.966367
0.966613
0.966855
0.967095
0.967332
0.967566
0.967797
0.968025
0.968250
0.968472
0.968692
0.968909
0.969123
0.969334
0.969543
0.969749
0.969952
0.970153
0.970351
0.970546
0.970739
0.970929
