0.000000
0.689491
0.713252
0.728879
0.740274
0.749115
0.756278
0.762243
0.767315
0.771705
0.775552
0.778957
0.782000
0.784747
0.787244
0.789514
0.791612
0.793562
0.795386
0.797108
0.798752
0.800345
0.801918
0.803663
0.806515
0.809567
0.810681
0.810824
0.810831
0.810832
0.810832
0.810832
0.810832
0.810832
0.810832
0.810832
0.810832
0.810832
0.810832
0.810832
0.810832
0.810832
0.810832
0.810832
0.810832
0.810832
0.810832
0.810832
0.810832
0.810832
0.810832
0.810832
0.810832
0.810832
0.810832
0.810832
0.810832
0.810832
0.810832
0.810832
0.810832
0.810832
0.810832
0.810832
0.810832
0.810832
0.810832
0.810832
0.810832
0.810832
0.810832
0.810832
0.810832
0.810832
0.810832
0.810832
0.810832
0.810832
0.810832
0.810832
0.810832
0.810832
0.810832
0.810832
0.810832
0.810832
0.810832
0.810832
0.810832
0.810832
0.810832
0.810832
0.810832
0.810832
0.810832
0.810832
0.810832
0.810832
0.810832
0.810832
0.810832
0.810832
0.810832
0.810832
0.810832
0.810832
0.810832
0.810832
0.810832
0.810832
0.810832
0.810832
0.810832
0.810832
0.810832
0.810832
0.810832
0.810832
0.810832
0.810832
0.810832
0.810832
0.810832
0.810832
0.810832
0.810832
0.810832
0.810832
0.810832
0.810832
0.810832
0.810832
0.810832
0.810832
0.810832
0.810832
0.810832
0.810832
0.810832
0.810832
0.810832
0.810832
0.810832
0.810832
0.810832
0.810832
0.810832
0.810832
0.810832
0.810832
0.810832
0.810832
0.810832
0.810832
0.810832
0.810832
0.810832
0.810832
0.810832
0.810832
0.810832
0.810832
0.810832
0.810832
0.810832
0.810832
0.810832
0.810832
0.810832
0.810832
0.810832
0.810832
0.810832
0.810832
0.810832
0.810832
0.810832
0.810832
0.810832
0.810832
0.810832
0.810832
0.810832
0.810832
0.810832
0.810832
0.810832
0.810832
0.810832
0.810832
0.810832
0.810832
0.810832
0.810832
0.810832
0.810832
0.810832
0.810832
0.810832
0.810832
0.810832
0.810832
0.810832
0.810832
0.810832
0.810832
0.810832
0.810832
0.810832
0.810832
0.810832
0.810832
0.810832
0.810832
0.810832
0.810832
0.810832
0.810832
0.810832
0.810832
0.810832
0.810832
0.810832
0.810832
0.810832
0.810832
0.810832
0.810832
0.810832
0.810832
0.810832
0.810832
0.810832
0.810832
0.810832
0.810832
0.810832
0.810832
0.810832
0.810832
0.810832
0.810832
0.810832
0.810832
0.810832
0.810832
0.810832
0.810832
0.810832
0.810832
0.810832
0.810832
0.810832
0.810832
0.810832
0.810832
0.810832
0.810832
0.810832
0.810832
0.810832
0.810832
0.810832
0.810832
0.810832
0.810832
0.810832
0.810832
0.810832
0.810832
0.810832
0.810832
0.810832
0.810832
0.810832
0.810832
0.810832
0.810832
0.810832
0.810832
0.810832
0.810832
0.810832
0.810832
0.810832
0.810832
0.810832
0.810832
0.810832
0.810832
0.810832
0.810832
0.810832
0.810832
0.810832
0.810832
0.810832
0.810832
0.810832
0.810832
0.810832
0.810832
0.810832
0.810832
0.810832
0.810832
0.810832
0.810832
0.810832
0.810832
0.810832
0.810832
0.810832
0.810832
0.810832
0.810832
0.810832
0.810832
0.810832
0.810832
0.810832
0.810832
0.810832
0.810832
0.810832
0.810832
0.810832
0.810832
0.810832
0.810832
0.810832
0.810832
0.810832
0.810832
0.810832
0.810832
0.810832
0.810832
0.810832
0.810832
0.810832
0.810832
0.810832
0.810832
0.810832
0.810832
0.810832
0.810832
0.810832
0.810832
0.810832
0.810832
0.810832
0.810832
0.810832
0.810832
0.810832
0.810832
0.810832
0.810832
0.810832
0.810832
0.810832
0.810832
0.810832
0.810832
0.810832
0.810832
0.810832
0.810832
0.810832
0.810832
0.810832
0.810832
0.810832
0.810832
0.810832
0.810832
0.810832
0.810832
0.810832
0.810832
0.810832
0.810832
0.810832
0.810832
0.810832
0.810832
0.810832
0.810832
0.810832
0.810832
0.810832
0.810832
0.810832
0.810832
0.810832
0.810832
0.810832
0.810832
0.810832
0.810832
0.810832
0.810832
0.810832
0.810832
0.810832
0.810832
0.810832
0.810832
0.810832
0.810832
0.810832
0.810832
0.810832
0.810832
0.810832
0.810832
0.810832
0.810832
0.810832
0.810832
0.810832
0.810832
0.810832
0.810832
0.810832
0.810832
0.810832
0.810832
0.810832
0.810832
0.810832
0.810832
0.810832
0.810832
0.810832
0.810832
0.810832
0.810832
0.810832
0.810832
0.810832
0.810832
0.810832
0.810832
0.810832
0.810832
0.810832
0.810832
0.810832
0.810832
0.810832
0.810832
0.810832
0.810832
0.810832
0.810832
0.810832
0.810832
0.810832
0.810832
0.810832
0.810832
0.810832
0.810832
0.810832
0.810832
0.810832
0.810832
0.810832
0.810832
0.810832
0.810832
0.810832
0.810832
0.810832
0.810832
0.810832
0.810832
0.810832
0.810832
0.810832
0.810832
0.810832
0.810832
0.810832
0.810832
0.810832
0.810832
0.810832
0.810832
0.810832
0.810832
0.810832
0.810832
0.810832
0.810832
0.810832
0.810832
0.810832
0.810832
0.810832
0.810832
0.810832
0.810832
0.810832
0.810832
0.810832
0.810832
0.810832
0.810832
0.810832
0.810832
0.810832
0.810832
0.810832
0.810832
0.810832
0.810832
0.810832
0.810832
0.810832
0.810832
0.810832
0.810832
0.810832
0.810832
0.810832
0.810832
0.810832
0.810832
0.810832
0.810832
0.810832
0.810832
0.810832
0.810832
0.810832
0.810832
0.810832
0.810832
0.810832
0.810832
0.810832
0.810832
0.810832
0.810832
0.810832
0.810832
0.810832
0.810832
0.810832
0.810832
0.810832
0.810832
0.810832
0.810832
0.810832
0.810832
0.810832
0.810832
0.810832
0.810832
0.810832
0.810832
0.810832
0.810832
0.810832
0.810832
0.810832
0.810832
0.810832
0.810832
0.810832
0.810832
0.810832
0.810832
0.810832
0.810832
0.810832
0.810832
0.810832
0.810832
0.810832
0.810832
0.810832
0.810832
0.810832
0.810832
0.810832
0.810832
0.810832
0.810832
0.810832
0.810832
0.810832
0.810832
0.810832
0.810832
