0.000000
0.079159
0.662719
0.714673
0.726559
0.737096
0.746639
0.755405
0.763551
0.771190
0.778404
0.785275
0.791790
0.798037
0.804048
0.809836
0.815420
0.820831
0.826095
0.831239
0.836500
0.843778
0.849980
0.853413
0.856473
0.859442
0.862323
0.865117
0.867822
0.870439
0.872969
0.875412
0.877768
0.880038
0.882223
0.884324
0.886342
0.888278
0.890133
0.891984
0.893674
0.895290
0.896833
0.898305
0.899707
0.901041
0.902310
0.903514
0.904657
0.905740
0.906765
0.907734
0.908650
0.909514
0.910329
0.911096
0.911818
0.912497
0.913134
0.913732
0.914293
0.914817
0.915308
0.915766
0.916194
0.916593
0.916965
0.917312
0.917634
0.917933
0.918211
0.918468
0.918707
0.918928
0.919132
0.919321
0.919495
0.919656
0.919804
0.919940
0.920065
0.920181
0.920286
0.920383
0.920472
0.920554
0.920628
0.920697
0.920759
0.920816
0.920867
0.920915
0.920958
0.920997
0.921032
0.921064
0.921094
0.921120
0.921144
0.921166
0.921186
0.921203
0.921219
0.921234
0.921247
0.921259
0.921269
0.921279
0.921287
0.921295
0.921302
0.921308
0.921313
0.921318
0.921323
0.921327
0.921330
0.921333
0.921336
0.921339
0.921341
0.921343
0.921345
0.921346
0.921347
0.921349
0.921350
0.921351
0.921352
0.921352
0.921353
0.921354
0.921354
0.921355
0.921355
0.921355
0.921356
0.921356
0.921356
0.921356
0.921357
0.921357
0.921357
0.921357
0.921357
0.921357
0.921357
0.921357
0.921357
0.921357
0.921357
0.921358
0.921358
0.921358
0.921358
0.921358
0.921358
0.921358
0.921358
0.921358
0.921358
0.921358
0.921358
0.921358
0.921358
0.921358
0.921358
0.921358
0.921358
0.921358
0.921358
0.921358
0.921358
0.921358
0.921358
0.921358
0.921358
0.921358
0.921358
0.921358
0.921358
0.921358
0.921358
0.921358
0.921358
0.921358
0.921358
0.921358
0.921358
0.921358
0.921358
0.921358
0.921358
0.921358
0.921358
0.921358
0.921358
0.921358
0.921358
0.921358
0.921358
0.921358
0.921358
0.921358
0.921358
0.921358
0.921358
0.921358
0.921358
0.921358
0.921358
0.921358
0.921358
0.921358
0.921358
0.921358
0.921358
0.921358
0.921358
0.921358
0.921358
0.921358
0.921358
0.921358
0.921358
0.921358
0.921358
0.921358
0.921358
0.921358
0.921358
0.921358
0.921358
0.921358
0.921358
0.921358
0.921358
0.921358
0.921358
0.921358
0.921358
0.921358
0.921358
0.921358
0.921358
0.921358
0.921358
0.921358
0.921358
0.921358
0.921358
0.921358
0.921358
0.921358
0.921358
0.921358
0.921358
0.921358
0.921358
0.921358
0.921358
0.921358
0.921358
0.921358
0.921358
0.921358
0.921358
0.921358
0.921358
0.921358
0.921358
0.921358
0.921358
0.921358
0.921358
0.921358
0.921358
0.921358
0.921358
0.921358
0.921358
0.921358
0.921358
0.921358
0.921358
0.921358
0.921358
0.921358
0.921358
0.921358
0.921358
0.921358
0.921358
0.921358
0.921358
0.921358
0.921358
0.921358
0.921358
0.921358
0.921358
0.921358
0.921358
0.921358
0.921358
0.921358
0.921358
0.921358
0.921358
0.921358
0.921358
0.921358
0.921358
0.921358
0.921358
0.921358
0.921358
0.921358
0.921358
0.921358
0.921358
0.921358
0.921358
0.921358
0.921358
0.921358
0.921358
0.921358
0.921358
0.921358
0.921358
0.921358
0.921358
0.921358
0.921358
0.921358
0.921358
0.921358
0.921358
0.921358
0.921358
0.921358
0.921358
0.921358
0.921358
0.921358
0.921358
0.921358
0.921358
0.921358
0.921358
0.921358
0.921358
0.921358
0.921358
0.921358
0.921358
0.921358
0.921358
0.921358
0.921358
0.921358
0.921358
0.921358
0.921358
0.921358
0.921358
0.921358
0.921358
0.921358
0.921358
0.921358
0.921358
0.921358
0.921358
0.921358
0.921358
0.921358
0.921358
0.921358
0.921358
0.921358
0.921358
0.921358
0.921358
0.921358
0.921358
0.921358
0.921358
0.921358
0.921358
0.921358
0.921358
0.921358
0.921358
0.921358
0.921358
0.921358
0.921358
0.921358
0.921358
0.921358
0.921358
0.921358
0.921358
0.921358
0.921358
0.921358
0.921358
0.921358
0.921358
0.921358
0.921358
0.921358
0.921358
0.921358
0.921358
0.921358
0.921358
0.921358
0.921358
0.921358
0.921358
0.921358
0.921358
0.921358
0.921358
0.921358
0.921358
0.921358
0.921358
0.921358
0.921358
0.921358
0.921358
0.921358
0.921358
0.921358
0.921358
0.921358
0.921358
0.921358
0.921358
0.921358
0.921358
0.921358
0.921358
0.921358
0.921358
0.921358
0.921358
0.921358
0.921358
0.921358
0.921358
0.921358
0.921358
0.921358
0.921358
0.921358
0.921358
0.921358
0.921358
0.921358
0.921358
0.921358
0.921358
0.921358
0.921358
0.921358
0.921358
0.921358
0.921358
0.921358
0.921358
0.921358
0.921358
0.921358
0.921358
0.921358
0.921358
0.921358
0.921358
0.921358
0.921358
0.921358
0.921358
0.921358
0.921358
0.921358
0.921358
0.921358
0.921358
0.921358
0.921358
0.921358
0.921358
0.921358
0.921358
0.921358
0.921358
0.921358
0.921358
0.921358
0.921358
0.921358
0.921358
0.921358
0.921358
0.921358
0.921358
0.921358
0.921358
0.921358
0.921358
0.921358
0.921358
0.921358
0.921358
0.921358
0.921358
0.921358
0.921358
0.921358
0.921358
0.921358
0.921358
0.921358
0.921358
0.921358
0.921358
0.921358
0.921358
0.921358
0.921358
0.921358
0.921358
0.921358
0.921358
0.921358
0.921358
0.921358
0.921358
0.921358
0.921358
0.921358
0.921358
0.921358
0.921358
0.921358
0.921358
0.921358
0.921358
0.921358
0.921358
0.921358
0.921358
0.921358
0.921358
0.921358
0.921358
0.921358
0.921358
0.921358
0.921358
0.921358
0.921358
0.921358
0.921358
0.921358
0.921358
0.921358
0.921358
0.921358
0.921358
0.921358
0.921358
0.921358
0.921358
0.921358
0.921358
0.921358
0.921358
0.921358
0.921358
0.921358
0.921358
0.921358
0.921358
0.921358
0.921358
0.921358
0.921358
0.921358
0.921358
0.921358
0.921358
0.921358
0.921358
0.921358
