0.000000
0.013041
0.021636
0.026648
0.031915
0.037526
0.043554
0.050086
0.057235
0.065131
0.073927
0.083802
0.094987
0.107800
0.122661
0.140117
0.160936
0.186341
0.218320
0.260195
0.317744
0.401344
0.506599
0.534243
0.489121
0.480719
0.484916
0.489735
0.494684
0.499741
0.504893
0.510131
0.515446
0.520832
0.526282
0.531791
0.537356
0.542973
0.548637
0.554530
0.560138
0.565801
0.571505
0.577248
0.583024
0.588831
0.594665
0.600522
0.606400
0.612296
0.618205
0.624125
0.630052
0.635984
0.641916
0.647847
0.653773
0.659690
0.665596
0.671488
0.677362
0.683217
0.689048
0.694854
0.700631
0.706376
0.712088
0.717763
0.723398
0.728993
0.734543
0.740047
0.745502
0.750907
0.756259
0.761557
0.766798
0.771980
0.777103
0.782163
0.787161
0.792094
0.796960
0.801760
0.806491
0.811152
0.815743
0.820263
0.824710
0.829084
0.833385
0.837611
0.841763
0.845840
0.849841
0.853767
0.857618
0.861392
0.865091
0.868714
0.872262
0.875734
0.879131
0.882453
0.885702
0.888876
0.891977
0.895005
0.897962
0.900846
0.903660
0.906404
0.909078
0.911685
0.914223
0.916695
0.919101
0.921443
0.923720
0.925935
0.928088
0.930180
0.932213
0.934186
0.936103
0.937963
0.939767
0.941517
0.943215
0.944860
0.946454
0.947999
0.949494
0.950943
0.952345
0.953701
0.955013
0.956283
0.957510
0.958696
0.959842
0.960950
0.962020
0.963053
0.964050
0.965012
0.965941
0.966836
0.967700
0.968533
0.969336
0.970110
0.970856
0.971574
0.972266
0.972932
0.973574
0.974191
0.974785
0.975357
0.975907
0.976435
0.976944
0.977432
0.977902
0.978354
0.978787
0.979204
0.979604
0.979989
0.980358
0.980712
0.981052
0.981378
0.981691
0.981992
0.982280
0.982556
0.982821
0.983075
0.983319
0.983552
0.983776
0.983990
0.984196
0.984393
0.984581
0.984762
0.984935
0.985100
0.985259
0.985410
0.985556
0.985695
0.985828
0.985955
0.986077
0.986193
0.986305
0.986411
0.986513
0.986611
0.986704
0.986793
0.986878
0.986960
0.987038
0.987112
0.987183
0.987251
0.987316
0.987379
0.987438
0.987495
0.987549
0.987601
0.987650
0.987697
0.987742
0.987785
0.987827
0.987866
0.987903
0.987939
0.987973
0.988006
0.988037
0.988067
0.988095
0.988123
0.988148
0.988173
0.988197
0.988219
0.988241
0.988261
0.988281
0.988300
0.988317
0.988335
0.988351
0.988366
0.988381
0.988395
0.988409
0.988422
0.988434
0.988446
0.988457
0.988467
0.988478
0.988487
0.988497
0.988505
0.988514
0.988522
0.988530
0.988537
0.988544
0.988551
0.988557
0.988563
0.988569
0.988574
0.988580
0.988585
0.988589
0.988594
0.988598
0.988603
0.988607
0.988610
0.988614
0.988617
0.988621
0.988624
0.988627
0.988630
0.988633
0.988635
0.988638
0.988640
0.988642
0.988644
0.988647
0.988649
0.988650
0.988652
0.988654
0.988656
0.988657
0.988659
0.988660
0.988661
0.988663
0.988664
0.988665
0.988666
0.988667
0.988668
0.988669
0.988670
0.988671
0.988672
0.988673
0.988674
0.988674
0.988675
0.988676
0.988676
0.988677
0.988678
0.988678
0.988679
0.988679
0.988680
0.988680
0.988681
0.988681
0.988682
0.988682
0.988682
0.988683
0.988683
0.988683
0.988684
0.988684
0.988684
0.988685
0.988685
0.988685
0.988685
0.988686
0.988686
0.988686
0.988686
0.988686
0.988687
0.988687
0.988687
0.988687
0.988687
0.988687
0.988688
0.988688
0.988688
0.988688
0.988688
0.988688
0.988688
0.988688
0.988688
0.988689
0.988689
0.988689
0.988689
0.988689
0.988689
0.988689
0.988689
0.988689
0.988689
0.988689
0.988689
0.988689
0.988689
0.988690
0.988690
0.988690
0.988690
0.988690
0.988690
0.988690
0.988690
0.988690
0.988690
0.988690
0.988690
0.988690
0.988690
0.988690
0.988690
0.988690
0.988690
0.988690
0.988690
0.988690
0.988690
0.988690
0.988690
0.988690
0.988690
0.988690
0.988690
0.988690
0.988690
0.988690
0.988690
0.988690
0.988690
0.988690
0.988690
0.988690
0.988690
0.988690
0.988690
0.988690
0.988690
0.988690
0.988690
0.988691
0.988691
0.988691
0.988691
0.988691
0.988691
0.988691
0.988691
0.988691
0.988691
0.988691
0.988691
0.988691
0.988691
0.988691
0.988691
0.988691
0.988691
0.988691
0.988691
0.988691
0.988691
0.988691
0.988691
0.988691
0.988691
0.988691
0.988691
0.988691
0.988691
0.988691
0.988691
0.988691
0.988691
0.988691
0.988691
0.988691
0.988691
0.988691
0.988691
0.988691
0.988691
0.988691
0.988691
0.988691
0.988691
0.988691
0.988691
0.988691
0.988691
0.988691
0.988691
0.988691
0.988691
0.988691
0.988691
0.988691
0.988691
0.988691
0.988691
0.988691
0.988691
0.988691
0.988691
0.988691
0.988691
0.988691
0.988691
0.988691
0.988691
0.988691
0.988691
0.988691
0.988691
0.988691
0.988691
0.988691
0.988691
0.988691
0.988691
0.988691
0.988691
0.988691
0.988691
0.988691
0.988691
0.988691
0.988691
0.988691
0.988691
0.988691
0.988691
0.988691
0.988691
0.988691
0.988691
0.988691
0.988691
0.988691
0.988691
0.988691
0.988691
0.988691
0.988691
0.988691
0.988691
0.988691
0.988691
0.988691
0.988691
0.988691
0.988691
0.988691
0.988691
0.988691
0.988691
0.988691
0.988691
0.988691
0.988691
0.988691
0.988691
0.988691
0.988691
0.988691
0.988691
0.988691
0.988691
0.988691
0.988691
0.988691
0.988691
0.988691
0.988691
0.988691
0.988691
0.988691
0.988691
0.988691
0.988691
0.988691
0.988691
0.988691
0.988691
0.988691
0.988691
0.988691
0.988691
0.988691
0.988691
0.988691
0.988691
0.988691
0.988691
0.988691
0.988691
0.988691
0.988691
0.988691
0.988691
0.988691
0.988691
0.988691
0.988691
0.988691
0.988691
0.988691
0.988691
0.988691
0.988691
0.988691
0.988691
0.988691
0.988691
0.988691
0.988691
0.988691
0.988691
0.988691
0.988691
0.988691
0.988691
0.988691
0.988691
0.988691
0.988691
0.988691
0.988691
0.988691
0.988691
