0.000000
0.005957
0.012185
0.018684
0.025633
0.033233
0.041741
0.051559
0.064166
0.088221
0.127202
0.184717
0.237836
0.261545
0.266500
0.269477
0.271620
0.273681
0.275737
0.277787
0.279830
0.281867
0.283899
0.285924
0.287944
0.289958
0.291968
0.293974
0.295975
0.297973
0.299967
0.301959
0.303947
0.305933
0.307917
0.309899
0.311880
0.313859
0.315836
0.317863
0.319681
0.321491
0.323301
0.325111
0.326922
0.328734
0.330547
0.332360
0.334175
0.335991
0.337808
0.339627
0.341448
0.343269
0.345093
0.346919
0.348746
0.350576
0.352407
0.354241
0.356078
0.357916
0.359758
0.361601
0.363448
0.365297
0.367149
0.369005
0.370863
0.372724
0.374589
0.376456
0.378328
0.380202
0.382080
0.383962
0.385848
0.387737
0.389630
0.391527
0.393428
0.395332
0.397241
0.399155
0.401072
0.402994
0.404920
0.406850
0.408785
0.410724
0.412668
0.414617
0.416570
0.418528
0.420491
0.422458
0.424431
0.426408
0.428390
0.430377
0.432369
0.434366
0.436368
0.438375
0.440388
0.442405
0.444427
0.446455
0.448488
0.450526
0.452569
0.454617
0.456671
0.458729
0.460793
0.462862
0.464937
0.467016
0.469101
0.471191
0.473286
0.475386
0.477491
0.479601
0.481717
0.483837
0.485963
0.488093
0.490229
0.492369
0.494515
0.496665
0.498820
0.500980
0.503144
0.505314
0.507487
0.509666
0.511849
0.514036
0.516228
0.518425
0.520625
0.522830
0.525039
0.527252
0.529469
0.531690
0.533915
0.536143
0.538376
0.540612
0.542852
0.545095
0.547341
0.549591
0.551844
0.554100
0.556359
0.558622
0.560887
0.563154
0.565425
0.567698
0.569973
0.572251
0.574531
0.576813
0.579097
0.581383
0.583671
0.585960
0.588251
0.590544
0.592838
0.595133
0.597429
0.599727
0.602025
0.604324
0.606623
0.608923
0.611224
0.613525
0.615826
0.618127
0.620427
0.622728
0.625028
0.627328
0.629627
0.631926
0.634224
0.636520
0.638816
0.641110
0.643403
0.645694
0.647984
0.650272
0.652558
0.654843
0.657125
0.659404
0.661682
0.663956
0.666229
0.668498
0.670764
0.673028
0.675288
0.677545
0.679798
0.682048
0.684294
0.686536
0.688775
0.691009
0.693239
0.695465
0.697686
0.699903
0.702115
0.704322
0.706525
0.708722
0.710914
0.713101
0.715282
0.717458
0.719628
0.721793
0.723951
0.726104
0.728250
0.730391
0.732525
0.734652
0.736773
0.738887
0.740995
0.743096
0.745189
0.747276
0.749355
0.751428
0.753493
0.755550
0.757600
0.759642
0.761676
0.763703
0.765721
0.767732
0.769735
0.771729
0.773715
0.775692
0.777662
0.779622
0.781574
0.783517
0.785452
0.787378
0.789294
0.791202
0.793101
0.794990
0.796871
0.798742
0.800603
0.802456
0.804298
0.806132
0.807955
0.809769
0.811574
0.813368
0.815153
0.816928
0.818693
0.820448
0.822193
0.823928
0.825653
0.827367
0.829072
0.830766
0.832450
0.834124
0.835787
0.837441
0.839083
0.840715
0.842337
0.843948
0.845549
0.847139
0.848719
0.850288
0.851846
0.853394
0.854931
0.856458
0.857974
0.859479
0.860973
0.862457
0.863930
0.865393
0.866844
0.868285
0.869715
0.871135
0.872543
0.873941
0.875328
0.876705
0.878071
0.879426
0.880770
0.882103
0.883426
0.884738
0.886040
0.887331
0.888611
0.889880
0.891139
0.892388
0.893625
0.894853
0.896069
0.897275
0.898471
0.899656
0.900831
0.901995
0.903149
0.904292
0.905426
0.906548
0.907661
0.908763
0.909855
0.910937
0.912009
0.913071
0.914122
0.915164
0.916196
0.917217
0.918229
0.919231
0.920223
0.921205
0.922177
0.923140
0.924093
0.925036
0.925970
0.926894
0.927809
0.928714
0.929610
0.930497
0.931374
0.932242
0.933101
0.933951
0.934791
0.935623
0.936446
0.937259
0.938064
0.938860
0.939647
0.940425
0.941195
0.941956
0.942709
0.943453
0.944188
0.944915
0.945634
0.946345
0.947047
0.947741
0.948427
0.949105
0.949775
0.950437
0.951091
0.951737
0.952376
0.953007
0.953630
0.954246
0.954854
0.955454
0.956047
0.956633
0.957212
0.957783
0.958347
0.958904
0.959454
0.959997
0.960533
0.961062
0.961584
0.962100
0.962609
0.963111
0.963607
0.964096
0.964579
0.965055
0.965525
0.965988
0.966446
0.966897
0.967342
0.967781
0.968215
0.968642
0.969063
0.969479
0.969888
0.970292
0.970691
0.971084
0.971471
0.971853
0.972229
0.972600
0.972966
0.973327
0.973682
0.974032
0.974378
0.974718
0.975053
0.975383
0.975709
0.976029
0.976345
0.976656
0.976963
0.977265
0.977562
0.977855
0.978143
0.978428
0.978707
0.978983
0.979254
0.979521
0.979784
0.980043
0.980298
0.980549
0.980796
0.981039
0.981278
0.981513
0.981745
0.981973
0.982197
0.982418
0.982635
0.982849
0.983059
0.983266
0.983470
0.983670
0.983867
0.984060
0.984251
0.984438
0.984622
0.984803
0.984981
0.985156
0.985328
0.985497
0.985664
0.985827
0.985988
0.986146
0.986301
0.986454
0.986604
0.986751
0.986896
0.987038
0.987178
0.987315
0.987450
0.987583
0.987713
0.987841
0.987966
0.988090
0.988211
0.988330
0.988447
0.988561
0.988674
0.988784
0.988893
0.989000
0.989104
0.989207
0.989308
0.989407
0.989504
0.989599
0.989693
0.989784
0.989874
0.989963
0.990049
0.990135
0.990218
0.990300
0.990380
0.990459
0.990536
0.990612
0.990686
0.990759
0.990830
0.990900
0.990969
0.991036
0.991102
0.991167
0.991230
0.991293
0.991354
0.991413
0.991472
0.991529
0.991585
0.991641
0.991694
0.991747
0.991799
0.991850
0.991900
0.991948
0.991996
0.992043
0.992088
0.992133
0.992177
0.992220
0.992262
0.992303
0.992344
0.992383
0.992422
0.992460
0.992497
0.992533
0.992569
0.992603
0.992637
0.992671
0.992703
0.992735
0.992766
0.992797
0.992826
0.992856
0.992884
0.992912
0.992939
0.992966
0.992992
0.993018
0.993043
0.993067
0.993091
0.993114
0.993137
0.993159
0.993181
0.993202
0.993223
0.993244
0.993263
0.993283
0.993302
0.993320
0.993339
0.993356
0.993374
0.993391
