0.005317
0.011389
0.017495
0.023982
0.030926
0.038522
0.047024
0.056776
0.068697
0.089575
0.122189
0.176566
0.235454
0.265231
0.271442
0.274850
0.277050
0.279134
0.281214
0.283289
0.285359
0.287424
0.289484
0.291540
0.293592
0.295640
0.297685
0.299727
0.301766
0.303803
0.305839
0.307872
0.309905
0.311937
0.313968
0.315999
0.318029
0.320060
0.322092
0.324174
0.326047
0.327913
0.329781
0.331651
0.333524
0.335400
0.337278
0.339160
0.341044
0.342931
0.344822
0.346716
0.348614
0.350516
0.352421
0.354330
0.356243
0.358160
0.360082
0.362008
0.363938
0.365873
0.367812
0.369756
0.371706
0.373660
0.375619
0.377583
0.379553
0.381528
0.383508
0.385494
0.387485
0.389482
0.391485
0.393494
0.395508
0.397529
0.399556
0.401588
0.403627
0.405672
0.407724
0.409782
0.411846
0.413917
0.415994
0.418078
0.420168
0.422265
0.424369
0.426480
0.428597
0.430721
0.432852
0.434990
0.437134
0.439286
0.441444
0.443609
0.445781
0.447961
0.450147
0.452340
0.454539
0.456746
0.458960
0.461181
0.463408
0.465642
0.467883
0.470131
0.472386
0.474648
0.476916
0.479191
0.481472
0.483760
0.486055
0.488356
0.490663
0.492977
0.495297
0.497623
0.499956
0.502294
0.504639
0.506990
0.509346
0.511709
0.514077
0.516450
0.518829
0.521214
0.523604
0.525999
0.528400
0.530805
0.533215
0.535630
0.538050
0.540475
0.542904
0.545337
0.547775
0.550217
0.552662
0.555112
0.557565
0.560022
0.562483
0.564947
0.567414
0.569884
0.572357
0.574833
0.577311
0.579792
0.582276
0.584761
0.587249
0.589738
0.592229
0.594722
0.597217
0.599712
0.602209
0.604706
0.607205
0.609704
0.612204
0.614704
0.617204
0.619704
0.622204
0.624703
0.627202
0.629700
0.632198
0.634695
0.637190
0.639684
0.642176
0.644667
0.647156
0.649643
0.652128
0.654610
0.657090
0.659568
0.662042
0.664513
0.666982
0.669446
0.671908
0.674365
0.676819
0.679269
0.681714
0.684156
0.686592
0.689025
0.691452
0.693874
0.696291
0.698703
0.701109
0.703510
0.705905
0.708294
0.710677
0.713054
0.715425
0.717789
0.720146
0.722496
0.724840
0.727176
0.729505
0.731827
0.734141
0.736448
0.738747
0.741038
0.743321
0.745595
0.747861
0.750119
0.752369
0.754609
0.756841
0.759064
0.761278
0.763483
0.765678
0.767864
0.770041
0.772208
0.774365
0.776512
0.778650
0.780777
0.782894
0.785001
0.787098
0.789185
0.791261
0.793326
0.795381
0.797424
0.799458
0.801480
0.803491
0.805491
0.807480
0.809458
0.811424
0.813379
0.815323
0.817255
0.819176
0.821085
0.822982
0.824868
0.826742
0.828604
0.830454
0.832293
0.834119
0.835933
0.837736
0.839526
0.841304
0.843070
0.844824
0.846565
0.848295
0.850012
0.851717
0.853409
0.855089
0.856757
0.858412
0.860055
0.861686
0.863304
0.864910
0.866503
0.868084
0.869652
0.871208
0.872752
0.874283
0.875802
0.877308
0.878802
0.880283
0.881752
0.883208
0.884652
0.886084
0.887504
0.888911
0.890305
0.891688
0.893058
0.894416
0.895761
0.897095
0.898416
0.899725
0.901022
0.902307
0.903580
0.904840
0.906089
0.907326
0.908551
0.909764
0.910965
0.912155
0.913332
0.914498
0.915653
0.916795
0.917926
0.919046
0.920154
0.921251
0.922336
0.923410
0.924473
0.925525
0.926565
0.927594
0.928613
0.929620
0.930616
0.931602
0.932576
0.933540
0.934493
0.935436
0.936368
0.937290
0.938201
0.939101
0.939992
0.940872
0.941742
0.942602
0.943451
0.944291
0.945121
0.945941
0.946752
0.947552
0.948343
0.949124
0.949896
0.950659
0.951412
0.952155
0.952890
0.953615
0.954332
0.955039
0.955738
0.956427
0.957108
0.957780
0.958443
0.959098
0.959744
0.960382
0.961012
0.961633
0.962246
0.962851
0.963448
0.964037
0.964618
0.965191
0.965756
0.966314
0.966864
0.967407
0.967942
0.968469
0.968990
0.969503
0.970008
0.970507
0.970999
0.971484
0.971961
0.972432
0.972896
0.973354
0.973805
0.974249
0.974687
0.975118
0.975544
0.975962
0.976375
0.976782
0.977182
0.977576
0.977965
0.978347
0.978724
0.979095
0.979461
0.979821
0.980175
0.980524
0.980867
0.981205
0.981538
0.981866
0.982188
0.982506
0.982818
0.983125
0.983428
0.983725
0.984018
0.984306
0.984590
0.984869
0.985143
0.985413
0.985679
0.985940
0.986196
0.986449
0.986697
0.986941
0.987182
0.987418
0.987650
0.987878
0.988102
0.988323
0.988539
0.988752
0.988962
0.989168
0.989370
0.989568
0.989764
0.989956
0.990144
0.990329
0.990511
0.990690
0.990865
0.991038
0.991207
0.991373
0.991537
0.991697
0.991854
0.992009
0.992161
0.992310
0.992456
0.992600
0.992741
0.992879
0.993015
0.993148
0.993279
0.993407
0.993533
0.993657
0.993778
0.993897
0.994014
0.994129
0.994241
0.994351
0.994459
0.994565
0.994669
0.994771
0.994871
0.994969
0.995065
0.995159
0.995252
0.995342
0.995431
0.995518
0.995603
0.995687
0.995769
0.995849
0.995928
0.996005
0.996080
0.996154
0.996227
0.996298
0.996367
0.996436
0.996502
0.996568
0.996632
0.996694
0.996756
0.996816
0.996875
0.996932
0.996989
0.997044
0.997098
0.997151
0.997203
0.997254
0.997303
0.997352
0.997400
0.997446
0.997492
0.997536
0.997580
0.997622
0.997664
0.997705
0.997745
0.997784
0.997822
0.997859
0.997896
0.997931
0.997966
0.998001
0.998034
0.998066
0.998098
0.998130
0.998160
0.998190
0.998219
0.998247
0.998275
0.998302
0.998329
0.998355
0.998380
0.998405
0.998429
0.998453
0.998476
0.998498
0.998520
0.998542
0.998563
0.998583
0.998603
0.998623
0.998642
0.998661
0.998679
0.998697
0.998714
0.998731
0.998747
0.998764
0.998779
0.998795
0.998810
0.998824
0.998839
0.998852
0.998866
0.998879
0.998892
0.998905
0.998917
0.998929
0.998941
0.998952
0.998963
0.998974
0.998985
0.998995
0.999005
0.999015
0.999024
0.999034
0.999043
0.999051
0.999060
0.999068
0.999077
0.999085
0.999092
