0.000000
0.013141
0.021659
0.026748
0.032111
0.037835
0.043994
0.050675
0.057987
0.066063
0.075059
0.085156
0.096586
0.109668
0.124828
0.142624
0.163825
0.189654
0.222103
0.264482
0.322373
0.402401
0.477112
0.453276
0.399433
0.392929
0.396575
0.400635
0.404792
0.409035
0.413355
0.417746
0.422204
0.426724
0.431305
0.435943
0.440636
0.445381
0.450179
0.455160
0.459877
0.464660
0.469494
0.474377
0.479307
0.484281
0.489297
0.494355
0.499451
0.504585
0.509754
0.514956
0.520189
0.525452
0.530743
0.536059
0.541398
0.546759
0.552140
0.557538
0.562951
0.568377
0.573815
0.579261
0.584715
0.590173
0.595634
0.601096
0.606556
0.612013
0.617464
0.622907
0.628341
0.633763
0.639171
0.644563
0.649937
0.655292
0.660626
0.665936
0.671221
0.676479
0.681709
0.686908
0.692075
0.697208
0.702306
0.707368
0.712391
0.717375
0.722318
0.727219
0.732076
0.736889
0.741655
0.746375
0.751047
0.755669
0.760242
0.764764
0.769234
0.773652
0.778017
0.782327
0.786584
0.790785
0.794931
0.799021
0.803054
0.807031
0.810950
0.814813
0.818617
0.822364
0.826054
0.829685
0.833258
0.836773
0.840231
0.843630
0.846972
0.850257
0.853484
0.856653
0.859766
0.862823
0.865823
0.868767
0.871656
0.874489
0.877268
0.879992
0.882663
0.885281
0.887846
0.890358
0.892819
0.895229
0.897589
0.899898
0.902158
0.904370
0.906534
0.908650
0.910719
0.912743
0.914721
0.916655
0.918544
0.920390
0.922194
0.923956
0.925676
0.927356
0.928996
0.930597
0.932159
0.933684
0.935172
0.936623
0.938039
0.939420
0.940767
0.942079
0.943359
0.944607
0.945823
0.947008
0.948163
0.949288
0.950385
0.951452
0.952492
0.953505
0.954491
0.955451
0.956386
0.957296
0.958182
0.959044
0.959883
0.960700
0.961494
0.962267
0.963019
0.963750
0.964462
0.965154
0.965827
0.966481
0.967117
0.967736
0.968338
0.968922
0.969491
0.970043
0.970581
0.971103
0.971610
0.972103
0.972582
0.973047
0.973500
0.973939
0.974366
0.974781
0.975184
0.975575
0.975956
0.976325
0.976684
0.977032
0.977370
0.977699
0.978018
0.978328
0.978629
0.978921
0.979205
0.979480
0.979748
0.980007
0.980259
0.980504
0.980742
0.980973
0.981197
0.981414
0.981625
0.981830
0.982029
0.982222
0.982409
0.982591
0.982768
0.982939
0.983106
0.983267
0.983424
0.983576
0.983724
0.983867
0.984006
0.984141
0.984272
0.984400
0.984523
0.984643
0.984759
0.984872
0.984982
0.985088
0.985191
0.985291
0.985389
0.985483
0.985575
0.985664
0.985750
0.985834
0.985915
0.985994
0.986070
0.986145
0.986217
0.986287
0.986355
0.986421
0.986485
0.986547
0.986608
0.986666
0.986723
0.986778
0.986832
0.986884
0.986934
0.986983
0.987031
0.987077
0.987122
0.987166
0.987208
0.987249
0.987289
0.987328
0.987365
0.987402
0.987437
0.987472
0.987505
0.987538
0.987569
0.987600
0.987629
0.987658
0.987686
0.987713
0.987740
0.987766
0.987791
0.987815
0.987838
0.987861
0.987883
0.987905
0.987926
0.987946
0.987966
0.987985
0.988004
0.988022
0.988039
0.988056
0.988073
0.988089
0.988105
0.988120
0.988135
0.988149
0.988163
0.988177
0.988190
0.988203
0.988215
0.988227
0.988239
0.988251
0.988262
0.988273
0.988283
0.988293
0.988303
0.988313
0.988322
0.988331
0.988340
0.988349
0.988357
0.988365
0.988373
0.988381
0.988388
0.988396
0.988403
0.988409
0.988416
0.988423
0.988429
0.988435
0.988441
0.988447
0.988452
0.988458
0.988463
0.988468
0.988474
0.988478
0.988483
0.988488
0.988492
0.988497
0.988501
0.988505
0.988509
0.988513
0.988517
0.988521
0.988524
0.988528
0.988531
0.988535
0.988538
0.988541
0.988544
0.988547
0.988550
0.988553
0.988556
0.988558
0.988561
0.988563
0.988566
0.988568
0.988571
0.988573
0.988575
0.988577
0.988579
0.988581
0.988583
0.988585
0.988587
0.988589
0.988591
0.988592
0.988594
0.988596
0.988597
0.988599
0.988600
0.988602
0.988603
0.988605
0.988606
0.988607
0.988609
0.988610
0.988611
0.988612
0.988614
0.988615
0.988616
0.988617
0.988618
0.988619
0.988620
0.988621
0.988622
0.988623
0.988624
0.988625
0.988625
0.988626
0.988627
0.988628
0.988629
0.988629
0.988630
0.988631
0.988631
0.988632
0.988633
0.988633
0.988634
0.988635
0.988635
0.988636
0.988636
0.988637
0.988637
0.988638
0.988638
0.988639
0.988639
0.988640
0.988640
0.988641
0.988641
0.988642
0.988642
0.988642
0.988643
0.988643
0.988643
0.988644
0.988644
0.988645
0.988645
0.988645
0.988645
0.988646
0.988646
0.988646
0.988647
0.988647
0.988647
0.988647
0.988648
0.988648
0.988648
0.988648
0.988649
0.988649
0.988649
0.988649
0.988650
0.988650
0.988650
0.988650
0.988650
0.988651
0.988651
0.988651
0.988651
0.988651
0.988651
0.988652
0.988652
0.988652
0.988652
0.988652
0.988652
0.988652
0.988653
0.988653
0.988653
0.988653
0.988653
0.988653
0.988653
0.988653
0.988653
0.988654
0.988654
0.988654
0.988654
0.988654
0.988654
0.988654
0.988654
0.988654
0.988654
0.988655
0.988655
0.988655
0.988655
0.988655
0.988655
0.988655
0.988655
0.988655
0.988655
0.988655
0.988655
0.988655
0.988655
0.988655
0.988656
0.988656
0.988656
0.988656
0.988656
0.988656
0.988656
0.988656
0.988656
0.988656
0.988656
0.988656
0.988656
0.988656
0.988656
0.988656
0.988656
0.988656
0.988656
0.988656
0.988656
0.988656
0.988656
0.988656
0.988657
0.988657
0.988657
0.988657
0.988657
0.988657
0.988657
0.988657
0.988657
0.988657
0.988657
0.988657
0.988657
0.988657
0.988657
0.988657
0.988657
0.988657
0.988657
0.988657
0.988657
0.988657
0.988657
0.988657
0.988657
0.988657
0.988657
0.988657
0.988657
0.988657
0.988657
0.988657
0.988657
0.988657
0.988657
0.988657
0.988657
0.988657
0.988657
0.988657
0.988657
0.988657
0.988657
0.988657
0.988657
0.988657
0.988657
0.988657
