0.000000
0.014268
0.029214
0.048631
0.080621
0.126327
0.175773
0.217821
0.240309
0.252520
0.258826
0.262317
0.264713
0.266771
0.268754
0.270731
0.272710
0.274686
0.276658
0.278623
0.280582
0.282535
0.284482
0.286423
0.288358
0.290287
0.292211
0.294129
0.296041
0.297947
0.299848
0.301744
0.303634
0.305519
0.307398
0.309272
0.311141
0.313004
0.314863
0.316771
0.318483
0.320178
0.321866
0.323550
0.325229
0.326904
0.328575
0.330242
0.331904
0.333562
0.335216
0.336865
0.338510
0.340151
0.341788
0.343421
0.345050
0.346674
0.348295
0.349911
0.351523
0.353131
0.354735
0.356335
0.357930
0.359522
0.361110
0.362693
0.364273
0.365848
0.367420
0.368987
0.370551
0.372111
0.373666
0.375218
0.376766
0.378309
0.379849
0.381385
0.382917
0.384445
0.385969
0.387490
0.389006
0.390519
0.392028
0.393533
0.395034
0.396531
0.398025
0.399514
0.401000
0.402482
0.403961
0.405435
0.406906
0.408373
0.409837
0.411296
0.412752
0.414205
0.415653
0.417098
0.418539
0.419977
0.421411
0.422841
0.424267
0.425690
0.427110
0.428526
0.429938
0.431346
0.432751
0.434153
0.435551
0.436945
0.438336
0.439723
0.441106
0.442487
0.443863
0.445237
0.446606
0.447972
0.449335
0.450694
0.452050
0.453403
0.454752
0.456097
0.457439
0.458778
0.460113
0.461445
0.462774
0.464099
0.465421
0.466739
0.468054
0.469366
0.470674
0.471979
0.473281
0.474580
0.475875
0.477167
0.478455
0.479741
0.481023
0.482301
0.483577
0.484849
0.486119
0.487384
0.488647
0.489907
0.491163
0.492416
0.493666
0.494913
0.496156
0.497397
0.498634
0.499868
0.501099
0.502327
0.503552
0.504774
0.505992
0.507208
0.508420
0.509630
0.510836
0.512039
0.513240
0.514437
0.515631
0.516822
0.518010
0.519195
0.520378
0.521557
0.522733
0.523906
0.525076
0.526243
0.527408
0.528569
0.529727
0.530883
0.532036
0.533185
0.534332
0.535476
0.536617
0.537755
0.538890
0.540022
0.541152
0.542279
0.543402
0.544523
0.545642
0.546757
0.547869
0.548979
0.550086
0.551190
0.552291
0.553390
0.554486
0.555579
0.556669
0.557757
0.558841
0.559924
0.561003
0.562080
0.563153
0.564225
0.565293
0.566359
0.567422
0.568483
0.569541
0.570596
0.571648
0.572698
0.573746
0.574790
0.575832
0.576872
0.577908
0.578943
0.579974
0.581003
0.582030
0.583054
0.584075
0.585094
0.586110
0.587124
0.588135
0.589143
0.590149
0.591153
0.592154
0.593153
0.594149
0.595142
0.596133
0.597122
0.598108
0.599092
0.600073
0.601052
0.602029
0.603003
0.603974
0.604943
0.605910
0.606874
0.607836
0.608796
0.609753
0.610708
0.611660
0.612610
0.613558
0.614503
0.615446
0.616387
0.617325
0.618262
0.619195
0.620127
0.621056
0.621983
0.622907
0.623829
0.624749
0.625667
0.626583
0.627496
0.628407
0.629316
0.630222
0.631126
0.632028
0.632928
0.633826
0.634721
0.635615
0.636506
0.637395
0.638281
0.639166
0.640048
0.640928
0.641806
0.642682
0.643556
0.644428
0.645297
0.646165
0.647030
0.647893
0.648754
0.649614
0.650470
0.651325
0.652178
0.653029
0.653878
0.654724
0.655569
0.656411
0.657252
0.658090
0.658927
0.659761
0.660594
0.661424
0.662253
0.663079
0.663904
0.664726
0.665547
0.666365
0.667182
0.667997
0.668809
0.669620
0.670429
0.671236
0.672041
0.672844
0.673645
0.674445
0.675242
0.676038
0.676831
0.677623
0.678413
0.679201
0.679987
0.680771
0.681554
0.682335
0.683113
0.683890
0.684666
0.685439
0.686210
0.686980
0.687748
0.688514
0.689279
0.690041
0.690802
0.691561
0.692318
0.693074
0.693828
0.694580
0.695330
0.696079
0.696826
0.697571
0.698314
0.699056
0.699796
0.700534
0.701271
0.702006
0.702739
0.703471
0.704201
0.704929
0.705656
0.706381
0.707104
0.707826
0.708546
0.709265
0.709982
0.710697
0.711410
0.712123
0.712833
0.713542
0.714249
0.714955
0.715659
0.716362
0.717063
0.717762
0.718460
0.719157
0.719851
0.720545
0.721237
0.721927
0.722616
0.723303
0.723989
0.724673
0.725356
0.726037
0.726717
0.727395
0.728072
0.728748
0.729422
0.730094
0.730765
0.731435
0.732103
0.732770
0.733435
0.734099
0.734762
0.735423
0.736083
0.736741
0.737398
0.738054
0.738708
0.739361
0.740012
0.740662
0.741311
0.741958
0.742605
0.743249
0.743893
0.744535
0.745176
0.745815
0.746453
0.747090
0.747725
0.748360
0.748993
0.749624
0.750255
0.750884
0.751512
0.752138
0.752764
0.753388
0.754010
0.754632
0.755252
0.755872
0.756489
0.757106
0.757722
0.758336
0.758949
0.759561
0.760171
0.760781
0.761389
0.761996
0.762602
0.763207
0.763811
0.764413
0.765014
0.765615
0.766214
0.766811
0.767408
0.768004
0.768598
0.769192
0.769784
0.770375
0.770965
0.771554
0.772142
0.772729
0.773315
0.773899
0.774483
0.775065
0.775647
0.776227
0.776806
0.777385
0.777962
0.778538
0.779113
0.779687
0.780261
0.780833
0.781404
0.781974
0.782543
0.783111
0.783678
0.784244
0.784809
0.785373
0.785936
0.786499
0.787060
0.787620
0.788179
0.788738
0.789295
0.789851
0.790407
0.790961
0.791515
0.792068
0.792620
0.793170
0.793720
0.794269
0.794817
0.795365
0.795911
0.796456
0.797001
0.797544
0.798087
0.798629
0.799170
0.799710
0.800250
0.800788
0.801326
0.801862
0.802398
0.802933
0.803467
0.804001
0.804533
0.805065
0.805596
0.806126
0.806655
0.807183
0.807711
0.808238
0.808764
0.809289
0.809813
0.810337
0.810859
0.811381
0.811903
0.812423
0.812943
0.813462
0.813980
0.814497
0.815014
0.815530
0.816045
0.816559
0.817073
0.817586
0.818098
0.818609
0.819120
0.819630
0.820139
0.820648
0.821155
0.821662
0.822169
0.822674
0.823179
0.823683
0.824187
0.824690
0.825192
0.825693
0.826194
0.826694
0.827193
0.827692
0.828190
0.828687
0.829184
0.829680
0.830175
0.830669
0.831163
0.831657
0.832149
0.832641
0.833133
0.833623
0.834113
