0.000000
0.012333
0.025067
0.038486
0.053316
0.071108
0.084695
0.105601
0.136042
0.172217
0.206603
0.233117
0.250084
0.259416
0.264174
0.266841
0.268830
0.270718
0.272648
0.274613
0.276585
0.278551
0.280512
0.282466
0.284415
0.286359
0.288296
0.290228
0.292154
0.294075
0.295990
0.297899
0.299803
0.301702
0.303596
0.305484
0.307366
0.309244
0.311116
0.313037
0.314759
0.316465
0.318166
0.319862
0.321553
0.323241
0.324924
0.326603
0.328277
0.329947
0.331613
0.333275
0.334932
0.336586
0.338235
0.339880
0.341520
0.343157
0.344789
0.346417
0.348042
0.349662
0.351277
0.352889
0.354497
0.356100
0.357700
0.359295
0.360887
0.362474
0.364057
0.365637
0.367212
0.368783
0.370351
0.371914
0.373474
0.375029
0.376581
0.378128
0.379672
0.381211
0.382747
0.384279
0.385807
0.387332
0.388852
0.390368
0.391881
0.393390
0.394895
0.396396
0.397894
0.399387
0.400877
0.402363
0.403845
0.405324
0.406799
0.408270
0.409737
0.411201
0.412661
0.414117
0.415570
0.417019
0.418464
0.419906
0.421344
0.422778
0.424209
0.425636
0.427060
0.428480
0.429896
0.431309
0.432719
0.434124
0.435527
0.436925
0.438320
0.439712
0.441100
0.442485
0.443866
0.445244
0.446618
0.447989
0.449356
0.450720
0.452081
0.453438
0.454792
0.456142
0.457489
0.458833
0.460173
0.461510
0.462843
0.464174
0.465501
0.466824
0.468144
0.469461
0.470775
0.472085
0.473393
0.474696
0.475997
0.477294
0.478589
0.479880
0.481167
0.482452
0.483733
0.485011
0.486286
0.487558
0.488827
0.490092
0.491355
0.492614
0.493870
0.495123
0.496373
0.497620
0.498864
0.500104
0.501342
0.502577
0.503808
0.505037
0.506262
0.507485
0.508704
0.509920
0.511134
0.512344
0.513552
0.514756
0.515958
0.517157
0.518352
0.519545
0.520735
0.521922
0.523106
0.524287
0.525465
0.526641
0.527813
0.528983
0.530150
0.531314
0.532475
0.533634
0.534789
0.535942
0.537092
0.538239
0.539383
0.540525
0.541664
0.542800
0.543933
0.545064
0.546192
0.547317
0.548440
0.549560
0.550677
0.551791
0.552903
0.554012
0.555119
0.556223
0.557324
0.558422
0.559518
0.560612
0.561702
0.562791
0.563876
0.564959
0.566040
0.567118
0.568193
0.569266
0.570336
0.571404
0.572469
0.573532
0.574592
0.575650
0.576705
0.577758
0.578808
0.579856
0.580901
0.581944
0.582985
0.584023
0.585059
0.586092
0.587123
0.588152
0.589178
0.590202
0.591223
0.592242
0.593259
0.594273
0.595286
0.596295
0.597303
0.598308
0.599311
0.600311
0.601310
0.602306
0.603299
0.604291
0.605280
0.606267
0.607252
0.608235
0.609215
0.610193
0.611169
0.612143
0.613115
0.614084
0.615051
0.616016
0.616979
0.617940
0.618899
0.619855
0.620810
0.621762
0.622712
0.623661
0.624607
0.625551
0.626493
0.627433
0.628370
0.629306
0.630240
0.631172
0.632101
0.633029
0.633955
0.634879
0.635800
0.636720
0.637638
0.638554
0.639467
0.640379
0.641289
0.642197
0.643103
0.644008
0.644910
0.645810
0.646709
0.647605
0.648500
0.649393
0.650284
0.651173
0.652060
0.652946
0.653829
0.654711
0.655591
0.656469
0.657345
0.658220
0.659093
0.659964
0.660833
0.661700
0.662566
0.663430
0.664292
0.665153
0.666011
0.666868
0.667724
0.668577
0.669429
0.670279
0.671128
0.671975
0.672820
0.673663
0.674505
0.675345
0.676184
0.677021
0.677856
0.678690
0.679522
0.680352
0.681181
0.682008
0.682834
0.683658
0.684481
0.685302
0.686121
0.686939
0.687755
0.688570
0.689383
0.690195
0.691005
0.691814
0.692621
0.693427
0.694231
0.695034
0.695835
0.696635
0.697433
0.698230
0.699025
0.699819
0.700611
0.701403
0.702192
0.702980
0.703767
0.704553
0.705337
0.706119
0.706900
0.707680
0.708459
0.709236
0.710012
0.710786
0.711559
0.712331
0.713101
0.713870
0.714638
0.715404
0.716169
0.716933
0.717695
0.718456
0.719216
0.719975
0.720732
0.721488
0.722243
0.722996
0.723748
0.724499
0.725249
0.725998
0.726745
0.727491
0.728236
0.728979
0.729722
0.730463
0.731203
0.731941
0.732679
0.733415
0.734151
0.734885
0.735617
0.736349
0.737080
0.737809
0.738537
0.739264
0.739990
0.740715
0.741438
0.742161
0.742882
0.743603
0.744322
0.745040
0.745757
0.746473
0.747187
0.747901
0.748614
0.749325
0.750036
0.750745
0.751453
0.752160
0.752867
0.753572
0.754276
0.754979
0.755681
0.756382
0.757081
0.757780
0.758478
0.759175
0.759871
0.760565
0.761259
0.761952
0.762644
0.763334
0.764024
0.764713
0.765401
0.766087
0.766773
0.767458
0.768142
0.768825
0.769507
0.770187
0.770867
0.771546
0.772224
0.772901
0.773578
0.774253
0.774927
0.775600
0.776273
0.776944
0.777615
0.778284
0.778953
0.779620
0.780287
0.780953
0.781618
0.782282
0.782945
0.783607
0.784269
0.784929
0.785589
0.786247
0.786905
0.787562
0.788218
0.788873
0.789527
0.790180
0.790832
0.791484
0.792134
0.792784
0.793433
0.794081
0.794728
0.795374
0.796019
0.796664
0.797307
0.797950
0.798592
0.799233
0.799873
0.800512
0.801150
0.801788
0.802424
0.803060
0.803695
0.804329
0.804962
0.805595
0.806226
0.806857
0.807487
0.808116
0.808744
0.809371
0.809997
0.810623
0.811248
0.811872
0.812495
0.813117
0.813738
0.814358
0.814978
0.815597
0.816215
0.816832
0.817448
0.818063
0.818678
0.819292
0.819905
0.820517
0.821128
0.821738
0.822347
0.822956
0.823564
0.824171
0.824777
0.825382
0.825986
0.826590
0.827193
0.827794
0.828395
0.828995
0.829595
0.830193
0.830791
0.831387
0.831983
0.832578
0.833172
0.833765
0.834358
0.834949
0.835540
0.836130
0.836719
0.837307
0.837894
0.838480
0.839066
0.839650
0.840234
0.840817
0.841399
0.841980
0.842560
0.843140
0.843718
0.844296
0.844872
0.845448
0.846023
0.846597
0.847170
0.847742
0.848314
0.848884
0.849453
0.850022
0.850590
0.851156
0.851722
0.852287
0.852851
0.853415
