0.000000
0.019341
0.024868
0.030389
0.036004
0.041800
0.047870
0.054330
0.061282
0.068842
0.077136
0.086317
0.096550
0.108041
0.121069
0.136001
0.153298
0.173570
0.197772
0.227326
0.264343
0.312586
0.379373
0.480030
0.644414
0.853471
0.955400
0.965542
0.965859
0.966364
0.966876
0.967384
0.967886
0.968380
0.968865
0.969341
0.969807
0.970262
0.970705
0.971137
0.971557
0.971965
0.972360
0.972743
0.973114
0.973473
0.973819
0.974153
0.974475
0.974784
0.975082
0.975369
0.975643
0.975907
0.976160
0.976402
0.976633
0.976854
0.977065
0.977267
0.977459
0.977643
0.977817
0.977983
0.978141
0.978291
0.978433
0.978568
0.978696
0.978817
0.978932
0.979040
0.979143
0.979240
0.979331
0.979418
0.979499
0.979576
0.979648
0.979716
0.979780
0.979840
0.979897
0.979950
0.979999
0.980046
0.980090
0.980131
0.980169
0.980205
0.980239
0.980270
0.980300
0.980327
0.980353
0.980376
0.980399
0.980419
0.980439
0.980457
0.980473
0.980489
0.980503
0.980517
0.980529
0.980541
0.980552
0.980562
0.980571
0.980579
0.980587
0.980595
0.980601
0.980608
0.980614
0.980619
0.980624
0.980628
0.980633
0.980637
0.980640
0.980644
0.980647
0.980649
0.980652
0.980654
0.980657
0.980659
0.980660
0.980662
0.980664
0.980665
0.980666
0.980668
0.980669
0.980670
0.980671
0.980672
0.980672
0.980673
0.980674
0.980674
0.980675
0.980675
0.980676
0.980676
0.980677
0.980677
0.980677
0.980678
0.980678
0.980678
0.980678
0.980679
0.980679
0.980679
0.980679
0.980679
0.980679
0.980680
0.980680
0.980680
0.980680
0.980680
0.980680
0.980680
0.980680
0.980680
0.980680
0.980680
0.980680
0.980680
0.980680
0.980680
0.980680
0.980680
0.980680
0.980680
0.980680
0.980681
0.980681
0.980681
0.980681
0.980681
0.980681
0.980681
0.980681
0.980681
0.980681
0.980681
0.980681
0.980681
0.980681
0.980681
0.980681
0.980681
0.980681
0.980681
0.980681
0.980681
0.980681
0.980681
0.980681
0.980681
0.980681
0.980681
0.980681
0.980681
0.980681
0.980681
0.980681
0.980681
0.980681
0.980681
0.980681
0.980681
0.980681
0.980681
0.980681
0.980681
0.980681
0.980681
0.980681
0.980681
0.980681
0.980681
0.980681
0.980681
0.980681
0.980681
0.980681
0.980681
0.980681
0.980681
0.980681
0.980681
0.980681
0.980681
0.980681
0.980681
0.980681
0.980681
0.980681
0.980681
0.980681
0.980681
0.980681
0.980681
0.980681
0.980681
0.980681
0.980681
0.980681
0.980681
0.980681
0.980681
0.980681
0.980681
0.980681
0.980681
0.980681
0.980681
0.980681
0.980681
0.980681
0.980681
0.980681
0.980681
0.980681
0.980681
0.980681
0.980681
0.980681
0.980681
0.980681
0.980681
0.980681
0.980681
0.980681
0.980681
0.980681
0.980681
0.980681
0.980681
0.980681
0.980681
0.980681
0.980681
0.980681
0.980681
0.980681
0.980681
0.980681
0.980681
0.980681
0.980681
0.980681
0.980681
0.980681
0.980681
0.980681
0.980681
0.980681
0.980681
0.980681
0.980681
0.980681
0.980681
0.980681
0.980681
0.980681
0.980681
0.980681
0.980681
0.980681
0.980681
0.980681
0.980681
0.980681
0.980681
0.980681
0.980681
0.980681
0.980681
0.980681
0.980681
0.980681
0.980681
0.980681
0.980681
0.980681
0.980681
0.980681
0.980681
0.980681
0.980681
0.980681
0.980681
0.980681
0.980681
0.980681
0.980681
0.980681
0.980681
0.980681
0.980681
0.980681
0.980681
0.980681
0.980681
0.980681
0.980681
0.980681
0.980681
0.980681
0.980681
0.980681
0.980681
0.980681
0.980681
0.980681
0.980681
0.980681
0.980681
0.980681
0.980681
0.980681
0.980681
0.980681
0.980681
0.980681
0.980681
0.980681
0.980681
0.980681
0.980681
0.980681
0.980681
0.980681
0.980681
0.980681
0.980681
0.980681
0.980681
0.980681
0.980681
0.980681
0.980681
0.980681
0.980681
0.980681
0.980681
0.980681
0.980681
0.980681
0.980681
0.980681
0.980681
0.980681
0.980681
0.980681
0.980681
0.980681
0.980681
0.980681
0.980681
0.980681
0.980681
0.980681
0.980681
0.980681
0.980681
0.980681
0.980681
0.980681
0.980681
0.980681
0.980681
0.980681
0.980681
0.980681
0.980681
0.980681
0.980681
0.980681
0.980681
0.980681
0.980681
0.980681
0.980681
0.980681
0.980681
0.980681
0.980681
0.980681
0.980681
0.980681
0.980681
0.980681
0.980681
0.980681
0.980681
0.980681
0.980681
0.980681
0.980681
0.980681
0.980681
0.980681
0.980681
0.980681
0.980681
0.980681
0.980681
0.980681
0.980681
0.980681
0.980681
0.980681
0.980681
0.980681
0.980681
0.980681
0.980681
0.980681
0.980681
0.980681
0.980681
0.980681
0.980681
0.980681
0.980681
0.980681
0.980681
0.980681
0.980681
0.980681
0.980681
0.980681
0.980681
0.980681
0.980681
0.980681
0.980681
0.980681
0.980681
0.980681
0.980681
0.980681
0.980681
0.980681
0.980681
0.980681
0.980681
0.980681
0.980681
0.980681
0.980681
0.980681
0.980681
0.980681
0.980681
0.980681
0.980681
0.980681
0.980681
0.980681
0.980681
0.980681
0.980681
0.980681
0.980681
0.980681
0.980681
0.980681
0.980681
0.980681
0.980681
0.980681
0.980681
0.980681
0.980681
0.980681
0.980681
0.980681
0.980681
0.980681
0.980681
0.980681
0.980681
0.980681
0.980681
0.980681
0.980681
0.980681
0.980681
0.980681
0.980681
0.980681
0.980681
0.980681
0.980681
0.980681
0.980681
0.980681
0.980681
0.980681
0.980681
0.980681
0.980681
0.980681
0.980681
0.980681
0.980681
0.980681
0.980681
0.980681
0.980681
0.980681
0.980681
0.980681
0.980681
0.980681
0.980681
0.980681
0.980681
0.980681
0.980681
0.980681
0.980681
0.980681
0.980681
0.980681
0.980681
0.980681
0.980681
0.980681
0.980681
0.980681
0.980681
0.980681
0.980681
0.980681
0.980681
0.980681
0.980681
0.980681
0.980681
0.980681
0.980681
0.980681
0.980681
0.980681
0.980681
0.980681
0.980681
0.980681
0.980681
0.980681
0.980681
