0.000000
0.089407
0.195758
0.206949
0.117010
0.122284
0.137353
0.151094
0.163736
0.175475
0.186478
0.196882
0.206781
0.216265
0.225462
0.234521
0.243637
0.253186
0.263940
0.271352
0.274832
0.278035
0.281268
0.284530
0.287823
0.291147
0.294502
0.297887
0.301304
0.304752
0.308232
0.311743
0.315286
0.318860
0.322466
0.326104
0.329774
0.333476
0.337209
0.341059
0.344662
0.348319
0.352012
0.355740
0.359502
0.363299
0.367129
0.370993
0.374890
0.378819
0.382780
0.386774
0.390798
0.394853
0.398939
0.403054
0.407198
0.411371
0.415572
0.419801
0.424056
0.428337
0.432644
0.436975
0.441330
0.445708
0.450108
0.454530
0.458973
0.463436
0.467917
0.472416
0.476933
0.481466
0.486014
0.490576
0.495152
0.499740
0.504339
0.508948
0.513567
0.518194
0.522828
0.527468
0.532113
0.536762
0.541414
0.546067
0.550721
0.555375
0.560027
0.564676
0.569321
0.573962
0.578596
0.583223
0.587842
0.592452
0.597051
0.601638
0.606213
0.610774
0.615320
0.619850
0.624364
0.628859
0.633336
0.637792
0.642227
0.646641
0.651031
0.655397
0.659738
0.664054
0.668343
0.672604
0.676836
0.681039
0.685212
0.689354
0.693464
0.697541
0.701585
0.705595
0.709570
0.713510
0.717413
0.721279
0.725109
0.728900
0.732652
0.736366
0.740040
0.743674
0.747267
0.750819
0.754330
0.757799
0.761226
0.764610
0.767952
0.771250
0.774505
0.777716
0.780884
0.784007
0.787087
0.790122
0.793113
0.796059
0.798960
0.801817
0.804630
0.807397
0.810120
0.812799
0.815433
0.818022
0.820568
0.823069
0.825526
0.827939
0.830308
0.832634
0.834917
0.837157
0.839354
0.841508
0.843621
0.845691
0.847720
0.849708
0.851655
0.853561
0.855427
0.857254
0.859041
0.860789
0.862498
0.864170
0.865803
0.867400
0.868960
0.870483
0.871971
0.873423
0.874840
0.876224
0.877573
0.878888
0.880171
0.881422
0.882640
0.883827
0.884984
0.886110
0.887206
0.888273
0.889311
0.890321
0.891303
0.892258
0.893186
0.894088
0.894964
0.895816
0.896642
0.897445
0.898224
0.898979
0.899712
0.900423
0.901113
0.901781
0.902428
0.903056
0.903664
0.904252
0.904822
0.905373
0.905906
0.906422
0.906921
0.907404
0.907870
0.908321
0.908756
0.909177
0.909583
0.909975
0.910353
0.910719
0.911071
0.911410
0.911738
0.912053
0.912357
0.912650
0.912932
0.913204
0.913466
0.913717
0.913959
0.914192
0.914416
0.914632
0.914838
0.915037
0.915228
0.915412
0.915588
0.915757
0.915919
0.916075
0.916224
0.916367
0.916504
0.916636
0.916762
0.916882
0.916998
0.917108
0.917214
0.917316
0.917412
0.917505
0.917594
0.917678
0.917759
0.917836
0.917910
0.917981
0.918048
0.918112
0.918173
0.918232
0.918287
0.918340
0.918391
0.918439
0.918485
0.918529
0.918570
0.918610
0.918648
0.918683
0.918717
0.918750
0.918781
0.918810
0.918838
0.918864
0.918889
0.918913
0.918935
0.918957
0.918977
0.918996
0.919014
0.919032
0.919048
0.919064
0.919078
0.919092
0.919105
0.919118
0.919129
0.919140
0.919151
0.919161
0.919170
0.919179
0.919187
0.919195
0.919203
0.919210
0.919216
0.919223
0.919229
0.919234
0.919239
0.919244
0.919249
0.919253
0.919257
0.919261
0.919265
0.919268
0.919271
0.919274
0.919277
0.919280
0.919282
0.919285
0.919287
0.919289
0.919291
0.919293
0.919294
0.919296
0.919297
0.919299
0.919300
0.919301
0.919302
0.919303
0.919304
0.919305
0.919306
0.919307
0.919308
0.919309
0.919309
0.919310
0.919310
0.919311
0.919311
0.919312
0.919312
0.919313
0.919313
0.919313
0.919314
0.919314
0.919314
0.919315
0.919315
0.919315
0.919315
0.919315
0.919316
0.919316
0.919316
0.919316
0.919316
0.919316
0.919317
0.919317
0.919317
0.919317
0.919317
0.919317
0.919317
0.919317
0.919317
0.919317
0.919317
0.919317
0.919317
0.919317
0.919317
0.919318
0.919318
0.919318
0.919318
0.919318
0.919318
0.919318
0.919318
0.919318
0.919318
0.919318
0.919318
0.919318
0.919318
0.919318
0.919318
0.919318
0.919318
0.919318
0.919318
0.919318
0.919318
0.919318
0.919318
0.919318
0.919318
0.919318
0.919318
0.919318
0.919318
0.919318
0.919318
0.919318
0.919318
0.919318
0.919318
0.919318
0.919318
0.919318
0.919318
0.919318
0.919318
0.919318
0.919318
0.919318
0.919318
0.919318
0.919318
0.919318
0.919318
0.919318
0.919318
0.919318
0.919318
0.919318
0.919318
0.919318
0.919318
0.919318
0.919318
0.919318
0.919318
0.919318
0.919318
0.919318
0.919318
0.919318
0.919318
0.919318
0.919318
0.919318
0.919318
0.919318
0.919318
0.919318
0.919318
0.919318
0.919318
0.919318
0.919318
0.919318
0.919318
0.919318
0.919318
0.919318
0.919318
0.919318
0.919318
0.919318
0.919318
0.919318
0.919318
0.919318
0.919318
0.919318
0.919318
0.919318
0.919318
0.919318
0.919318
0.919318
0.919318
0.919318
0.919318
0.919318
0.919318
0.919318
0.919318
0.919318
0.919318
0.919318
0.919318
0.919318
0.919318
0.919318
0.919318
0.919318
0.919318
0.919318
0.919318
0.919318
0.919318
0.919318
0.919318
0.919318
0.919318
0.919318
0.919318
0.919318
0.919318
0.919318
0.919318
0.919318
0.919318
0.919318
0.919318
0.919318
0.919318
0.919318
0.919318
0.919318
0.919318
0.919318
0.919318
0.919318
0.919318
0.919318
0.919318
0.919318
0.919318
0.919318
0.919318
0.919318
0.919318
0.919318
0.919318
0.919318
0.919318
0.919318
0.919318
0.919318
0.919318
0.919318
0.919318
0.919318
0.919318
0.919318
0.919318
0.919318
0.919318
0.919318
0.919318
0.919318
0.919318
0.919318
0.919318
0.919318
0.919318
0.919318
0.919318
0.919318
0.919318
0.919318
0.919318
0.919318
0.919318
0.919318
0.919318
0.919318
0.919318
0.919318
0.919318
0.919318
0.919318
0.919318
0.919318
0.919318
0.919318
0.919318
0.919318
0.919318
0.919318
0.919318
0.919318
0.919318
0.919318
0.919318
0.919318
0.919318
