0.000000
0.017382
0.035319
0.054136
0.074791
0.100441
0.135290
0.177433
0.217693
0.247852
0.258994
0.262191
0.263170
0.264321
0.266028
0.267979
0.269955
0.271926
0.273890
0.275848
0.277799
0.279745
0.281685
0.283619
0.285546
0.287469
0.289385
0.291295
0.293200
0.295100
0.296994
0.298882
0.300765
0.302643
0.304515
0.306382
0.308244
0.310101
0.311953
0.313845
0.315538
0.317222
0.318902
0.320578
0.322250
0.323917
0.325581
0.327240
0.328895
0.330546
0.332193
0.333836
0.335475
0.337109
0.338740
0.340367
0.341990
0.343608
0.345223
0.346834
0.348441
0.350044
0.351643
0.353238
0.354830
0.356417
0.358001
0.359581
0.361157
0.362729
0.364297
0.365862
0.367423
0.368980
0.370533
0.372083
0.373629
0.375171
0.376710
0.378245
0.379776
0.381304
0.382828
0.384348
0.385865
0.387379
0.388888
0.390395
0.391897
0.393397
0.394892
0.396385
0.397873
0.399359
0.400841
0.402319
0.403794
0.405266
0.406734
0.408200
0.409661
0.411120
0.412575
0.414026
0.415475
0.416920
0.418362
0.419801
0.421236
0.422668
0.424097
0.425523
0.426946
0.428366
0.429782
0.431196
0.432606
0.434013
0.435417
0.436819
0.438217
0.439612
0.441004
0.442393
0.443779
0.445162
0.446542
0.447920
0.449294
0.450666
0.452034
0.453400
0.454763
0.456123
0.457481
0.458835
0.460187
0.461536
0.462882
0.464225
0.465566
0.466904
0.468240
0.469572
0.470902
0.472230
0.473555
0.474877
0.476197
0.477514
0.478828
0.480140
0.481449
0.482756
0.484061
0.485363
0.486662
0.487959
0.489254
0.490546
0.491836
0.493123
0.494408
0.495691
0.496971
0.498249
0.499525
0.500798
0.502069
0.503338
0.504605
0.505869
0.507132
0.508392
0.509650
0.510905
0.512159
0.513410
0.514659
0.515907
0.517152
0.518395
0.519636
0.520875
0.522111
0.523346
0.524579
0.525810
0.527039
0.528266
0.529491
0.530714
0.531936
0.533155
0.534372
0.535588
0.536802
0.538014
0.539224
0.540432
0.541639
0.542844
0.544047
0.545248
0.546448
0.547645
0.548842
0.550036
0.551229
0.552420
0.553609
0.554797
0.555984
0.557168
0.558351
0.559533
0.560713
0.561891
0.563068
0.564244
0.565417
0.566590
0.567761
0.568930
0.570098
0.571265
0.572430
0.573594
0.574756
0.575917
0.577077
0.578235
0.579392
0.580547
0.581701
0.582854
0.584006
0.585156
0.586305
0.587453
0.588600
0.589745
0.590889
0.592032
0.593174
0.594314
0.595454
0.596592
0.597729
0.598865
0.599999
0.601133
0.602266
0.603397
0.604527
0.605657
0.606785
0.607912
0.609038
0.610163
0.611287
0.612410
0.613532
0.614653
0.615773
0.616892
0.618010
0.619127
0.620243
0.621358
0.622472
0.623586
0.624698
0.625809
0.626920
0.628030
0.629138
0.630246
0.631353
0.632459
0.633565
0.634669
0.635773
0.636876
0.637978
0.639079
0.640179
0.641279
0.642377
0.643475
0.644572
0.645669
0.646764
0.647859
0.648953
0.650046
0.651139
0.652230
0.653321
0.654412
0.655501
0.656590
0.657678
0.658765
0.659852
0.660938
0.662023
0.663107
0.664191
0.665274
0.666357
0.667438
0.668519
0.669599
0.670679
0.671758
0.672836
0.673914
0.674990
0.676066
0.677142
0.678217
0.679291
0.680364
0.681437
0.682509
0.683581
0.684651
0.685721
0.686791
0.687860
0.688928
0.689995
0.691062
0.692128
0.693193
0.694258
0.695322
0.696385
0.697448
0.698510
0.699571
0.700631
0.701691
0.702751
0.703809
0.704867
0.705924
0.706980
0.708036
0.709091
0.710145
0.711199
0.712252
0.713304
0.714355
0.715406
0.716456
0.717505
0.718553
0.719601
0.720648
0.721694
0.722740
0.723784
0.724828
0.725871
0.726913
0.727955
0.728996
0.730035
0.731074
0.732113
0.733150
0.734187
0.735222
0.736257
0.737291
0.738324
0.739357
0.740388
0.741418
0.742448
0.743477
0.744504
0.745531
0.746557
0.747582
0.748606
0.749629
0.750651
0.751673
0.752693
0.753712
0.754730
0.755747
0.756763
0.757778
0.758792
0.759805
0.760817
0.761828
0.762838
0.763846
0.764854
0.765860
0.766865
0.767869
0.768872
0.769874
0.770875
0.771874
0.772872
0.773869
0.774865
0.775859
0.776853
0.777845
0.778835
0.779825
0.780813
0.781800
0.782785
0.783769
0.784752
0.785734
0.786714
0.787692
0.788670
0.789645
0.790620
0.791593
0.792564
0.793534
0.794503
0.795470
0.796435
0.797399
0.798362
0.799323
0.800282
0.801240
0.802196
0.803150
0.804103
0.805055
0.806004
0.806952
0.807898
0.808843
0.809786
0.810727
0.811666
0.812604
0.813540
0.814474
0.815406
0.816336
0.817265
0.818192
0.819116
0.820039
0.820961
0.821880
0.822797
0.823712
0.824626
0.825537
0.826447
0.827354
0.828260
0.829163
0.830064
0.830964
0.831861
0.832756
0.833649
0.834540
0.835429
0.836316
0.837200
0.838083
0.838963
0.839841
0.840717
0.841590
0.842462
0.843331
0.844198
0.845062
0.845924
0.846784
0.847642
0.848497
0.849350
0.850200
0.851048
0.851894
0.852737
0.853578
0.854417
0.855253
0.856086
0.856917
0.857746
0.858572
0.859395
0.860216
0.861035
0.861851
0.862664
0.863475
0.864283
0.865088
0.865891
0.866691
0.867489
0.868284
0.869076
0.869866
0.870653
0.871437
0.872218
0.872997
0.873773
0.874546
0.875317
0.876085
0.876849
0.877612
0.878371
0.879127
0.879881
0.880632
0.881380
0.882125
0.882867
0.883606
0.884343
0.885076
0.885807
0.886535
0.887260
0.887981
0.888700
0.889416
0.890129
0.890839
0.891546
0.892250
0.892951
0.893650
0.894345
0.895037
0.895726
0.896412
0.897094
0.897774
0.898451
0.899125
0.899795
0.900463
0.901128
0.901789
0.902447
0.903102
0.903755
0.904404
0.905049
0.905692
0.906332
0.906968
0.907602
0.908232
0.908859
0.909483
0.910104
0.910721
0.911336
0.911947
0.912555
0.913160
0.913762
0.914360
0.914956
0.915548
0.916137
0.916723
0.917306
0.917885
0.918461
0.919034
0.919604
0.920171
0.920734
0.921295
0.921852
0.922406
0.922957
0.923504
