0.000000
0.101599
0.000489
0.034104
0.062632
0.087244
0.108943
0.128405
0.146123
0.162460
0.177679
0.191982
0.205543
0.218508
0.230989
0.243066
0.254852
0.266486
0.278143
0.290098
0.303088
0.315185
0.322338
0.328312
0.334308
0.340352
0.346441
0.352575
0.358750
0.364964
0.371214
0.377498
0.383813
0.390157
0.396527
0.402920
0.409333
0.415764
0.422209
0.428890
0.435238
0.441607
0.447985
0.454371
0.460759
0.467146
0.473529
0.479904
0.486268
0.492617
0.498949
0.505259
0.511546
0.517805
0.524033
0.530227
0.536385
0.542502
0.548577
0.554607
0.560588
0.566517
0.572393
0.578212
0.583971
0.589670
0.595304
0.600872
0.606371
0.611800
0.617156
0.622438
0.627643
0.632771
0.637818
0.642785
0.647669
0.652469
0.657184
0.661814
0.666356
0.670810
0.675176
0.679453
0.683639
0.687736
0.691742
0.695657
0.699482
0.703216
0.706859
0.710411
0.713873
0.717245
0.720528
0.723722
0.726827
0.729845
0.732776
0.735621
0.738381
0.741057
0.743650
0.746161
0.748591
0.750941
0.753214
0.755409
0.757529
0.759575
0.761548
0.763449
0.765281
0.767045
0.768741
0.770373
0.771941
0.773447
0.774892
0.776278
0.777607
0.778881
0.780100
0.781267
0.782383
0.783450
0.784468
0.785441
0.786369
0.787253
0.788096
0.788899
0.789663
0.790389
0.791080
0.791736
0.792359
0.792950
0.793510
0.794041
0.794543
0.795019
0.795469
0.795894
0.796296
0.796675
0.797033
0.797370
0.797688
0.797987
0.798269
0.798534
0.798783
0.799016
0.799236
0.799441
0.799634
0.799815
0.799984
0.800143
0.800291
0.800429
0.800558
0.800678
0.800791
0.800896
0.800993
0.801084
0.801168
0.801247
0.801320
0.801388
0.801450
0.801509
0.801563
0.801612
0.801659
0.801701
0.801741
0.801777
0.801811
0.801842
0.801871
0.801897
0.801921
0.801944
0.801964
0.801983
0.802000
0.802016
0.802031
0.802044
0.802056
0.802067
0.802078
0.802087
0.802095
0.802103
0.802110
0.802117
0.802123
0.802128
0.802133
0.802137
0.802141
0.802145
0.802148
0.802151
0.802154
0.802156
0.802159
0.802161
0.802163
0.802164
0.802166
0.802167
0.802168
0.802169
0.802170
0.802171
0.802172
0.802173
0.802173
0.802174
0.802174
0.802175
0.802175
0.802176
0.802176
0.802176
0.802176
0.802177
0.802177
0.802177
0.802177
0.802177
0.802177
0.802178
0.802178
0.802178
0.802178
0.802178
0.802178
0.802178
0.802178
0.802178
0.802178
0.802178
0.802178
0.802178
0.802178
0.802178
0.802178
0.802178
0.802178
0.802178
0.802178
0.802178
0.802178
0.802178
0.802178
0.802178
0.802178
0.802178
0.802178
0.802178
0.802178
0.802178
0.802178
0.802178
0.802178
0.802178
0.802178
0.802178
0.802178
0.802178
0.802178
0.802178
0.802178
0.802178
0.802178
0.802178
0.802178
0.802178
0.802178
0.802178
0.802178
0.802178
0.802178
0.802178
0.802178
0.802178
0.802178
0.802178
0.802178
0.802178
0.802178
0.802178
0.802178
0.802178
0.802178
0.802178
0.802178
0.802178
0.802178
0.802178
0.802178
0.802178
0.802178
0.802178
0.802178
0.802178
0.802178
0.802178
0.802178
0.802178
0.802178
0.802178
0.802178
0.802178
0.802178
0.802178
0.802178
0.802178
0.802178
0.802178
0.802178
0.802178
0.802178
0.802178
0.802178
0.802178
0.802178
0.802178
0.802178
0.802178
0.802178
0.802178
0.802178
0.802178
0.802178
0.802178
0.802178
0.802178
0.802178
0.802178
0.802178
0.802178
0.802178
0.802178
0.802178
0.802178
0.802178
0.802178
0.802178
0.802178
0.802178
0.802178
0.802178
0.802178
0.802178
0.802178
0.802178
0.802178
0.802178
0.802178
0.802178
0.802178
0.802178
0.802178
0.802178
0.802178
0.802178
0.802178
0.802178
0.802178
0.802178
0.802178
0.802178
0.802178
0.802178
0.802178
0.802178
0.802178
0.802178
0.802178
0.802178
0.802178
0.802178
0.802178
0.802178
0.802178
0.802178
0.802178
0.802178
0.802178
0.802178
0.802178
0.802178
0.802178
0.802178
0.802178
0.802178
0.802178
0.802178
0.802178
0.802178
0.802178
0.802178
0.802178
0.802178
0.802178
0.802178
0.802178
0.802178
0.802178
0.802178
0.802178
0.802178
0.802178
0.802178
0.802178
0.802178
0.802178
0.802178
0.802178
0.802178
0.802178
0.802178
0.802178
0.802178
0.802178
0.802178
0.802178
0.802178
0.802178
0.802178
0.802178
0.802178
0.802178
0.802178
0.802178
0.802178
0.802178
0.802178
0.802178
0.802178
0.802178
0.802178
0.802178
0.802178
0.802178
0.802178
0.802178
0.802178
0.802178
0.802178
0.802178
0.802178
0.802178
0.802178
0.802178
0.802178
0.802178
0.802178
0.802178
0.802178
0.802178
0.802178
0.802178
0.802178
0.802178
0.802178
0.802178
0.802178
0.802178
0.802178
0.802178
0.802178
0.802178
0.802178
0.802178
0.802178
0.802178
0.802178
0.802178
0.802178
0.802178
0.802178
0.802178
0.802178
0.802178
0.802178
0.802178
0.802178
0.802178
0.802178
0.802178
0.802178
0.802178
0.802178
0.802178
0.802178
0.802178
0.802178
0.802178
0.802178
0.802178
0.802178
0.802178
0.802178
0.802178
0.802178
0.802178
0.802178
0.802178
0.802178
0.802178
0.802178
0.802178
0.802178
0.802178
0.802178
0.802178
0.802178
0.802178
0.802178
0.802178
0.802178
0.802178
0.802178
0.802178
0.802178
0.802178
0.802178
0.802178
0.802178
0.802178
0.802178
0.802178
0.802178
0.802178
0.802178
0.802178
0.802178
0.802178
0.802178
0.802178
0.802178
0.802178
0.802178
0.802178
0.802178
0.802178
0.802178
0.802178
0.802178
0.802178
0.802178
0.802178
0.802178
0.802178
0.802178
0.802178
0.802178
0.802178
0.802178
0.802178
0.802178
0.802178
0.802178
0.802178
0.802178
0.802178
0.802178
0.802178
0.802178
0.802178
0.802178
0.802178
0.802178
0.802178
0.802178
0.802178
0.802178
0.802178
0.802178
0.802178
0.802178
0.802178
0.802178
0.802178
0.802178
0.802178
0.802178
0.802178
0.802178
0.802178
0.802178
0.802178
