0.000000
0.089438
0.200644
0.242057
0.134428
0.135547
0.150834
0.164813
0.177711
0.189720
0.201005
0.211705
0.221912
0.231716
0.241244
0.250645
0.260113
0.270023
0.281150
0.289018
0.292910
0.296517
0.300162
0.303844
0.307564
0.311323
0.315119
0.318954
0.322826
0.326736
0.330685
0.334670
0.338694
0.342755
0.346853
0.350988
0.355160
0.359368
0.363613
0.368001
0.372131
0.376316
0.380542
0.384805
0.389107
0.393446
0.397820
0.402230
0.406674
0.411152
0.415663
0.420205
0.424779
0.429383
0.434016
0.438678
0.443367
0.448082
0.452822
0.457587
0.462374
0.467184
0.472015
0.476865
0.481733
0.486619
0.491522
0.496438
0.501369
0.506312
0.511265
0.516229
0.521200
0.526179
0.531164
0.536152
0.541144
0.546137
0.551130
0.556122
0.561112
0.566098
0.571078
0.576051
0.581017
0.585973
0.590918
0.595850
0.600770
0.605674
0.610562
0.615433
0.620284
0.625116
0.629925
0.634713
0.639476
0.644214
0.648925
0.653609
0.658265
0.662890
0.667484
0.672046
0.676575
0.681070
0.685530
0.689953
0.694339
0.698687
0.702996
0.707266
0.711494
0.715681
0.719826
0.723927
0.727985
0.731998
0.735967
0.739890
0.743766
0.747596
0.751378
0.755112
0.758799
0.762436
0.766025
0.769564
0.773054
0.776494
0.779883
0.783222
0.786511
0.789748
0.792935
0.796071
0.799156
0.802190
0.805172
0.808104
0.810985
0.813815
0.816594
0.819323
0.822001
0.824629
0.827207
0.829736
0.832214
0.834644
0.837024
0.839356
0.841640
0.843876
0.846064
0.848206
0.850300
0.852349
0.854352
0.856309
0.858222
0.860091
0.861916
0.863697
0.865436
0.867133
0.868788
0.870403
0.871976
0.873510
0.875005
0.876461
0.877879
0.879260
0.880604
0.881912
0.883184
0.884421
0.885624
0.886793
0.887929
0.889033
0.890105
0.891146
0.892156
0.893136
0.894087
0.895010
0.895904
0.896771
0.897611
0.898425
0.899213
0.899976
0.900715
0.901430
0.902122
0.902791
0.903438
0.904063
0.904667
0.905251
0.905815
0.906359
0.906885
0.907392
0.907882
0.908354
0.908809
0.909248
0.909671
0.910078
0.910471
0.910849
0.911212
0.911563
0.911899
0.912223
0.912535
0.912835
0.913123
0.913399
0.913665
0.913920
0.914165
0.914400
0.914626
0.914842
0.915050
0.915249
0.915440
0.915623
0.915798
0.915965
0.916126
0.916279
0.916426
0.916567
0.916702
0.916830
0.916953
0.917071
0.917183
0.917290
0.917392
0.917490
0.917583
0.917672
0.917757
0.917838
0.917915
0.917988
0.918058
0.918125
0.918188
0.918248
0.918306
0.918360
0.918412
0.918462
0.918509
0.918553
0.918596
0.918636
0.918674
0.918711
0.918745
0.918778
0.918809
0.918838
0.918866
0.918892
0.918917
0.918941
0.918964
0.918985
0.919005
0.919024
0.919042
0.919059
0.919075
0.919090
0.919104
0.919118
0.919131
0.919143
0.919154
0.919165
0.919175
0.919185
0.919194
0.919202
0.919210
0.919218
0.919225
0.919231
0.919238
0.919243
0.919249
0.919254
0.919259
0.919264
0.919268
0.919272
0.919276
0.919280
0.919283
0.919286
0.919289
0.919292
0.919294
0.919297
0.919299
0.919301
0.919303
0.919305
0.919307
0.919308
0.919310
0.919311
0.919313
0.919314
0.919315
0.919316
0.919317
0.919318
0.919319
0.919320
0.919321
0.919321
0.919322
0.919323
0.919323
0.919324
0.919324
0.919325
0.919325
0.919326
0.919326
0.919326
0.919327
0.919327
0.919327
0.919327
0.919328
0.919328
0.919328
0.919328
0.919329
0.919329
0.919329
0.919329
0.919329
0.919329
0.919329
0.919329
0.919330
0.919330
0.919330
0.919330
0.919330
0.919330
0.919330
0.919330
0.919330
0.919330
0.919330
0.919330
0.919330
0.919330
0.919330
0.919330
0.919330
0.919330
0.919330
0.919330
0.919330
0.919330
0.919330
0.919331
0.919331
0.919331
0.919331
0.919331
0.919331
0.919331
0.919331
0.919331
0.919331
0.919331
0.919331
0.919331
0.919331
0.919331
0.919331
0.919331
0.919331
0.919331
0.919331
0.919331
0.919331
0.919331
0.919331
0.919331
0.919331
0.919331
0.919331
0.919331
0.919331
0.919331
0.919331
0.919331
0.919331
0.919331
0.919331
0.919331
0.919331
0.919331
0.919331
0.919331
0.919331
0.919331
0.919331
0.919331
0.919331
0.919331
0.919331
0.919331
0.919331
0.919331
0.919331
0.919331
0.919331
0.919331
0.919331
0.919331
0.919331
0.919331
0.919331
0.919331
0.919331
0.919331
0.919331
0.919331
0.919331
0.919331
0.919331
0.919331
0.919331
0.919331
0.919331
0.919331
0.919331
0.919331
0.919331
0.919331
0.919331
0.919331
0.919331
0.919331
0.919331
0.919331
0.919331
0.919331
0.919331
0.919331
0.919331
0.919331
0.919331
0.919331
0.919331
0.919331
0.919331
0.919331
0.919331
0.919331
0.919331
0.919331
0.919331
0.919331
0.919331
0.919331
0.919331
0.919331
0.919331
0.919331
0.919331
0.919331
0.919331
0.919331
0.919331
0.919331
0.919331
0.919331
0.919331
0.919331
0.919331
0.919331
0.919331
0.919331
0.919331
0.919331
0.919331
0.919331
0.919331
0.919331
0.919331
0.919331
0.919331
0.919331
0.919331
0.919331
0.919331
0.919331
0.919331
0.919331
0.919331
0.919331
0.919331
0.919331
0.919331
0.919331
0.919331
0.919331
0.919331
0.919331
0.919331
0.919331
0.919331
0.919331
0.919331
0.919331
0.919331
0.919331
0.919331
0.919331
0.919331
0.919331
0.919331
0.919331
0.919331
0.919331
0.919331
0.919331
0.919331
0.919331
0.919331
0.919331
0.919331
0.919331
0.919331
0.919331
0.919331
0.919331
0.919331
0.919331
0.919331
0.919331
0.919331
0.919331
0.919331
0.919331
0.919331
0.919331
0.919331
0.919331
0.919331
0.919331
0.919331
0.919331
0.919331
0.919331
0.919331
0.919331
0.919331
0.919331
0.919331
0.919331
0.919331
0.919331
0.919331
0.919331
0.919331
0.919331
0.919331
0.919331
0.919331
0.919331
0.919331
0.919331
0.919331
0.919331
0.919331
0.919331
0.919331
0.919331
0.919331
0.919331
0.919331
0.919331
