0.000000
0.017384
0.035324
0.054170
0.075189
0.102262
0.139196
0.182111
0.221034
0.249136
0.259007
0.261941
0.263110
0.264445
0.266216
0.268175
0.270151
0.272122
0.274086
0.276044
0.277996
0.279942
0.281882
0.283815
0.285743
0.287665
0.289582
0.291492
0.293397
0.295296
0.297190
0.299078
0.300961
0.302839
0.304711
0.306578
0.308440
0.310296
0.312147
0.314040
0.315734
0.317418
0.319098
0.320774
0.322445
0.324113
0.325776
0.327435
0.329089
0.330740
0.332387
0.334029
0.335667
0.337302
0.338932
0.340558
0.342180
0.343798
0.345412
0.347022
0.348629
0.350231
0.351829
0.353423
0.355014
0.356600
0.358183
0.359762
0.361337
0.362908
0.364475
0.366038
0.367598
0.369154
0.370706
0.372254
0.373798
0.375339
0.376876
0.378409
0.379939
0.381465
0.382987
0.384506
0.386021
0.387532
0.389040
0.390544
0.392044
0.393541
0.395035
0.396525
0.398011
0.399494
0.400973
0.402449
0.403921
0.405390
0.406856
0.408318
0.409776
0.411231
0.412683
0.414132
0.415577
0.417018
0.418457
0.419892
0.421324
0.422752
0.424177
0.425599
0.427018
0.428433
0.429846
0.431255
0.432660
0.434063
0.435463
0.436859
0.438252
0.439642
0.441029
0.442413
0.443794
0.445172
0.446547
0.447918
0.449287
0.450653
0.452016
0.453375
0.454732
0.456086
0.457437
0.458785
0.460130
0.461472
0.462812
0.464148
0.465482
0.466813
0.468141
0.469466
0.470788
0.472108
0.473425
0.474739
0.476051
0.477359
0.478666
0.479969
0.481270
0.482568
0.483863
0.485156
0.486446
0.487734
0.489019
0.490302
0.491582
0.492859
0.494134
0.495406
0.496676
0.497944
0.499209
0.500472
0.501732
0.502989
0.504245
0.505498
0.506748
0.507997
0.509243
0.510486
0.511727
0.512966
0.514203
0.515438
0.516670
0.517900
0.519127
0.520353
0.521576
0.522797
0.524016
0.525233
0.526448
0.527661
0.528871
0.530079
0.531286
0.532490
0.533692
0.534892
0.536091
0.537287
0.538481
0.539673
0.540863
0.542052
0.543238
0.544422
0.545605
0.546786
0.547964
0.549141
0.550316
0.551489
0.552661
0.553830
0.554998
0.556164
0.557328
0.558491
0.559651
0.560810
0.561968
0.563123
0.564277
0.565429
0.566580
0.567729
0.568876
0.570022
0.571166
0.572308
0.573449
0.574589
0.575726
0.576863
0.577997
0.579131
0.580262
0.581392
0.582521
0.583648
0.584774
0.585898
0.587021
0.588143
0.589263
0.590382
0.591499
0.592615
0.593729
0.594843
0.595955
0.597065
0.598174
0.599282
0.600389
0.601494
0.602599
0.603701
0.604803
0.605903
0.607003
0.608101
0.609197
0.610293
0.611387
0.612481
0.613573
0.614664
0.615753
0.616842
0.617930
0.619016
0.620101
0.621186
0.622269
0.623351
0.624432
0.625512
0.626591
0.627669
0.628746
0.629821
0.630896
0.631970
0.633043
0.634115
0.635186
0.636256
0.637325
0.638393
0.639460
0.640526
0.641592
0.642656
0.643719
0.644782
0.645843
0.646904
0.647964
0.649023
0.650081
0.651139
0.652195
0.653250
0.654305
0.655359
0.656412
0.657464
0.658516
0.659566
0.660616
0.661665
0.662713
0.663761
0.664807
0.665853
0.666898
0.667943
0.668986
0.670029
0.671071
0.672112
0.673153
0.674192
0.675231
0.676270
0.677307
0.678344
0.679380
0.680415
0.681450
0.682484
0.683517
0.684549
0.685581
0.686612
0.687642
0.688672
0.689701
0.690729
0.691757
0.692783
0.693809
0.694835
0.695859
0.696883
0.697907
0.698929
0.699951
0.700972
0.701993
0.703012
0.704031
0.705050
0.706067
0.707084
0.708101
0.709116
0.710131
0.711145
0.712158
0.713171
0.714183
0.715194
0.716205
0.717215
0.718224
0.719232
0.720240
0.721247
0.722253
0.723259
0.724263
0.725267
0.726271
0.727273
0.728275
0.729276
0.730276
0.731275
0.732274
0.733272
0.734269
0.735265
0.736261
0.737256
0.738250
0.739243
0.740235
0.741227
0.742217
0.743207
0.744196
0.745184
0.746172
0.747158
0.748144
0.749129
0.750112
0.751095
0.752078
0.753059
0.754039
0.755018
0.755997
0.756974
0.757951
0.758927
0.759902
0.760875
0.761848
0.762820
0.763791
0.764761
0.765729
0.766697
0.767664
0.768630
0.769595
0.770558
0.771521
0.772482
0.773443
0.774402
0.775361
0.776318
0.777274
0.778229
0.779183
0.780135
0.781087
0.782037
0.782986
0.783934
0.784881
0.785827
0.786771
0.787714
0.788656
0.789597
0.790536
0.791474
0.792411
0.793346
0.794280
0.795213
0.796144
0.797075
0.798003
0.798931
0.799857
0.800781
0.801704
0.802626
0.803546
0.804465
0.805382
0.806298
0.807213
0.808126
0.809037
0.809947
0.810855
0.811762
0.812667
0.813571
0.814473
0.815373
0.816272
0.817169
0.818065
0.818958
0.819851
0.820741
0.821630
0.822517
0.823402
0.824286
0.825168
0.826048
0.826926
0.827803
0.828677
0.829550
0.830421
0.831291
0.832158
0.833023
0.833887
0.834749
0.835608
0.836466
0.837322
0.838176
0.839028
0.839878
0.840726
0.841572
0.842416
0.843258
0.844098
0.844936
0.845771
0.846605
0.847436
0.848266
0.849093
0.849918
0.850741
0.851562
0.852381
0.853197
0.854011
0.854823
0.855633
0.856440
0.857246
0.858049
0.858849
0.859648
0.860444
0.861238
0.862029
0.862818
0.863605
0.864389
0.865171
0.865951
0.866728
0.867502
0.868275
0.869044
0.869812
0.870577
0.871339
0.872099
0.872856
0.873611
0.874364
0.875114
0.875861
0.876606
0.877348
0.878087
0.878824
0.879559
0.880290
0.881020
0.881746
0.882470
0.883191
0.883910
0.884626
0.885339
0.886049
0.886757
0.887462
0.888164
0.888864
0.889561
0.890255
0.890946
0.891635
0.892321
0.893004
0.893684
0.894362
0.895036
0.895708
0.896377
0.897043
0.897707
0.898367
0.899025
0.899680
0.900332
0.900981
0.901627
0.902270
0.902911
0.903548
0.904183
0.904814
0.905443
0.906069
0.906692
0.907312
0.907929
0.908543
0.909154
0.909762
0.910368
0.910970
0.911569
0.912166
0.912759
0.913350
0.913937
0.914521
0.915103
0.915681
0.916257
