0.000000
0.017802
0.043599
0.088977
0.143617
0.188504
0.217670
0.235350
0.247721
0.258678
0.261703
0.263719
0.265703
0.267686
0.269671
0.271651
0.273625
0.275593
0.277554
0.279510
0.281459
0.283402
0.285339
0.287270
0.289195
0.291114
0.293028
0.294935
0.296837
0.298734
0.300624
0.302510
0.304389
0.306263
0.308132
0.309996
0.311854
0.313707
0.315555
0.317451
0.319153
0.320838
0.322516
0.324190
0.325860
0.327525
0.329186
0.330843
0.332495
0.334144
0.335788
0.337428
0.339063
0.340695
0.342322
0.343945
0.345564
0.347179
0.348790
0.350397
0.352000
0.353598
0.355193
0.356783
0.358369
0.359952
0.361530
0.363104
0.364675
0.366241
0.367803
0.369362
0.370916
0.372467
0.374013
0.375556
0.377094
0.378629
0.380160
0.381687
0.383210
0.384729
0.386244
0.387756
0.389263
0.390767
0.392267
0.393763
0.395255
0.396744
0.398229
0.399709
0.401187
0.402660
0.404130
0.405596
0.407058
0.408516
0.409971
0.411422
0.412870
0.414313
0.415753
0.417190
0.418622
0.420052
0.421477
0.422899
0.424317
0.425732
0.427143
0.428550
0.429954
0.431354
0.432751
0.434144
0.435534
0.436920
0.438302
0.439681
0.441057
0.442429
0.443797
0.445162
0.446524
0.447882
0.449237
0.450588
0.451936
0.453280
0.454621
0.455959
0.457293
0.458624
0.459951
0.461275
0.462596
0.463913
0.465227
0.466538
0.467845
0.469149
0.470450
0.471747
0.473041
0.474332
0.475620
0.476904
0.478185
0.479462
0.480737
0.482008
0.483276
0.484541
0.485803
0.487061
0.488316
0.489568
0.490817
0.492063
0.493305
0.494545
0.495781
0.497014
0.498244
0.499471
0.500694
0.501915
0.503133
0.504347
0.505558
0.506767
0.507972
0.509174
0.510373
0.511569
0.512763
0.513953
0.515140
0.516324
0.517505
0.518683
0.519858
0.521030
0.522199
0.523365
0.524528
0.525689
0.526846
0.528001
0.529152
0.530301
0.531446
0.532589
0.533729
0.534866
0.536000
0.537131
0.538260
0.539385
0.540508
0.541628
0.542745
0.543860
0.544971
0.546080
0.547185
0.548289
0.549389
0.550486
0.551581
0.552673
0.553762
0.554849
0.555933
0.557014
0.558092
0.559168
0.560240
0.561311
0.562378
0.563443
0.564505
0.565565
0.566621
0.567676
0.568727
0.569776
0.570822
0.571866
0.572907
0.573945
0.574981
0.576014
0.577045
0.578073
0.579098
0.580121
0.581142
0.582159
0.583175
0.584187
0.585197
0.586205
0.587210
0.588213
0.589213
0.590210
0.591206
0.592198
0.593188
0.594176
0.595161
0.596144
0.597124
0.598102
0.599078
0.600051
0.601021
0.601990
0.602955
0.603919
0.604880
0.605839
0.606795
0.607749
0.608700
0.609649
0.610596
0.611541
0.612483
0.613423
0.614360
0.615295
0.616228
0.617159
0.618087
0.619013
0.619937
0.620858
0.621777
0.622694
0.623609
0.624521
0.625432
0.626340
0.627245
0.628149
0.629050
0.629949
0.630846
0.631741
0.632633
0.633524
0.634412
0.635298
0.636182
0.637063
0.637943
0.638820
0.639695
0.640569
0.641440
0.642309
0.643175
0.644040
0.644903
0.645763
0.646622
0.647478
0.648332
0.649185
0.650035
0.650883
0.651729
0.652573
0.653415
0.654255
0.655093
0.655929
0.656763
0.657595
0.658425
0.659253
0.660080
0.660904
0.661726
0.662546
0.663364
0.664181
0.664995
0.665808
0.666618
0.667427
0.668233
0.669038
0.669841
0.670642
0.671441
0.672239
0.673034
0.673828
0.674619
0.675409
0.676197
0.676983
0.677768
0.678550
0.679331
0.680110
0.680887
0.681662
0.682436
0.683207
0.683977
0.684745
0.685512
0.686276
0.687039
0.687801
0.688560
0.689318
0.690073
0.690828
0.691580
0.692331
0.693080
0.693828
0.694573
0.695317
0.696060
0.696800
0.697539
0.698277
0.699012
0.699746
0.700479
0.701210
0.701939
0.702666
0.703392
0.704117
0.704839
0.705561
0.706280
0.706998
0.707715
0.708429
0.709143
0.709854
0.710565
0.711273
0.711980
0.712686
0.713390
0.714092
0.714793
0.715493
0.716191
0.716887
0.717583
0.718276
0.718968
0.719659
0.720348
0.721036
0.721722
0.722407
0.723090
0.723772
0.724453
0.725132
0.725809
0.726486
0.727161
0.727834
0.728506
0.729177
0.729846
0.730514
0.731181
0.731846
0.732510
0.733173
0.733834
0.734494
0.735153
0.735810
0.736466
0.737120
0.737774
0.738426
0.739077
0.739726
0.740374
0.741021
0.741667
0.742312
0.742955
0.743597
0.744237
0.744877
0.745515
0.746152
0.746788
0.747423
0.748056
0.748688
0.749319
0.749949
0.750578
0.751205
0.751832
0.752457
0.753081
0.753704
0.754325
0.754946
0.755565
0.756184
0.756801
0.757417
0.758032
0.758646
0.759259
0.759871
0.760481
0.761091
0.761699
0.762307
0.762913
0.763518
0.764122
0.764726
0.765328
0.765929
0.766529
0.767128
0.767726
0.768323
0.768919
0.769515
0.770109
0.770702
0.771294
0.771885
0.772475
0.773064
0.773653
0.774240
0.774826
0.775412
0.775996
0.776580
0.777162
0.777744
0.778325
0.778905
0.779484
0.780062
0.780639
0.781215
0.781790
0.782365
0.782939
0.783511
0.784083
0.784654
0.785225
0.785794
0.786363
0.786930
0.787497
0.788063
0.788628
0.789193
0.789756
0.790319
0.790881
0.791442
0.792003
0.792562
0.793121
0.793679
0.794237
0.794793
0.795349
0.795904
0.796458
0.797012
0.797564
0.798116
0.798668
0.799218
0.799768
0.800317
0.800866
0.801413
0.801960
0.802506
0.803052
0.803597
0.804141
0.804685
0.805227
0.805770
0.806311
0.806852
0.807392
0.807931
0.808470
0.809008
0.809546
0.810083
0.810619
0.811155
0.811690
0.812224
0.812758
0.813291
0.813823
0.814355
0.814886
0.815417
0.815947
0.816476
0.817005
0.817534
0.818061
0.818588
0.819115
0.819641
0.820166
0.820691
0.821215
0.821739
0.822262
0.822784
0.823306
0.823827
0.824348
0.824868
0.825388
0.825907
0.826426
0.826944
0.827462
0.827979
0.828495
0.829011
0.829527
0.830042
0.830556
0.831070
0.831583
0.832096
0.832608
0.833120
0.833632
0.834142
