0.000000
0.004981
0.009639
0.014163
0.018681
0.023286
0.028064
0.033106
0.038487
0.044301
0.050650
0.057650
0.065434
0.074160
0.084037
0.095345
0.108445
0.123793
0.142093
0.164426
0.192422
0.228824
0.278711
0.351893
0.468962
0.654048
0.833785
0.896021
0.903273
0.905389
0.907439
0.909512
0.911599
0.913690
0.915777
0.917856
0.919921
0.921969
0.923995
0.926075
0.928034
0.929966
0.931870
0.933742
0.935581
0.937386
0.939156
0.940889
0.942584
0.944240
0.945857
0.947435
0.948973
0.950470
0.951926
0.953342
0.954717
0.956052
0.957346
0.958600
0.959814
0.960988
0.962124
0.963221
0.964280
0.965301
0.966286
0.967234
0.968147
0.969025
0.969869
0.970680
0.971459
0.972206
0.972923
0.973609
0.974267
0.974896
0.975498
0.976074
0.976623
0.977148
0.977649
0.978127
0.978583
0.979017
0.979430
0.979823
0.980197
0.980553
0.980891
0.981212
0.981516
0.981805
0.982079
0.982339
0.982585
0.982819
0.983039
0.983248
0.983445
0.983632
0.983808
0.983974
0.984131
0.984279
0.984419
0.984551
0.984675
0.984792
0.984902
0.985005
0.985103
0.985194
0.985281
0.985361
0.985437
0.985509
0.985576
0.985638
0.985697
0.985752
0.985804
0.985852
0.985898
0.985940
0.985980
0.986017
0.986052
0.986084
0.986114
0.986143
0.986169
0.986194
0.986217
0.986238
0.986258
0.986277
0.986294
0.986310
0.986325
0.986339
0.986352
0.986364
0.986376
0.986386
0.986396
0.986405
0.986413
0.986421
0.986428
0.986435
0.986441
0.986447
0.986452
0.986457
0.986462
0.986466
0.986470
0.986474
0.986477
0.986480
0.986483
0.986486
0.986488
0.986490
0.986492
0.986494
0.986496
0.986498
0.986499
0.986501
0.986502
0.986503
0.986504
0.986505
0.986506
0.986507
0.986508
0.986509
0.986509
0.986510
0.986510
0.986511
0.986511
0.986512
0.986512
0.986513
0.986513
0.986513
0.986514
0.986514
0.986514
0.986514
0.986514
0.986515
0.986515
0.986515
0.986515
0.986515
0.986515
0.986515
0.986516
0.986516
0.986516
0.986516
0.986516
0.986516
0.986516
0.986516
0.986516
0.986516
0.986516
0.986516
0.986516
0.986516
0.986516
0.986516
0.986516
0.986516
0.986516
0.986516
0.986516
0.986516
0.986516
0.986516
0.986517
0.986517
0.986517
0.986517
0.986517
0.986517
0.986517
0.986517
0.986517
0.986517
0.986517
0.986517
0.986517
0.986517
0.986517
0.986517
0.986517
0.986517
0.986517
0.986517
0.986517
0.986517
0.986517
0.986517
0.986517
0.986517
0.986517
0.986517
0.986517
0.986517
0.986517
0.986517
0.986517
0.986517
0.986517
0.986517
0.986517
0.986517
0.986517
0.986517
0.986517
0.986517
0.986517
0.986517
0.986517
0.986517
0.986517
0.986517
0.986517
0.986517
0.986517
0.986517
0.986517
0.986517
0.986517
0.986517
0.986517
0.986517
0.986517
0.986517
0.986517
0.986517
0.986517
0.986517
0.986517
0.986517
0.986517
0.986517
0.986517
0.986517
0.986517
0.986517
0.986517
0.986517
0.986517
0.986517
0.986517
0.986517
0.986517
0.986517
0.986517
0.986517
0.986517
0.986517
0.986517
0.986517
0.986517
0.986517
0.986517
0.986517
0.986517
0.986517
0.986517
0.986517
0.986517
0.986517
0.986517
0.986517
0.986517
0.986517
0.986517
0.986517
0.986517
0.986517
0.986517
0.986517
0.986517
0.986517
0.986517
0.986517
0.986517
0.986517
0.986517
0.986517
0.986517
0.986517
0.986517
0.986517
0.986517
0.986517
0.986517
0.986517
0.986517
0.986517
0.986517
0.986517
0.986517
0.986517
0.986517
0.986517
0.986517
0.986517
0.986517
0.986517
0.986517
0.986517
0.986517
0.986517
0.986517
0.986517
0.986517
0.986517
0.986517
0.986517
0.986517
0.986517
0.986517
0.986517
0.986517
0.986517
0.986517
0.986517
0.986517
0.986517
0.986517
0.986517
0.986517
0.986517
0.986517
0.986517
0.986517
0.986517
0.986517
0.986517
0.986517
0.986517
0.986517
0.986517
0.986517
0.986517
0.986517
0.986517
0.986517
0.986517
0.986517
0.986517
0.986517
0.986517
0.986517
0.986517
0.986517
0.986517
0.986517
0.986517
0.986517
0.986517
0.986517
0.986517
0.986517
0.986517
0.986517
0.986517
0.986517
0.986517
0.986517
0.986517
0.986517
0.986517
0.986517
0.986517
0.986517
0.986517
0.986517
0.986517
0.986517
0.986517
0.986517
0.986517
0.986517
0.986517
0.986517
0.986517
0.986517
0.986517
0.986517
0.986517
0.986517
0.986517
0.986517
0.986517
0.986517
0.986517
0.986517
0.986517
0.986517
0.986517
0.986517
0.986517
0.986517
0.986517
0.986517
0.986517
0.986517
0.986517
0.986517
0.986517
0.986517
0.986517
0.986517
0.986517
0.986517
0.986517
0.986517
0.986517
0.986517
0.986517
0.986517
0.986517
0.986517
0.986517
0.986517
0.986517
0.986517
0.986517
0.986517
0.986517
0.986517
0.986517
0.986517
0.986517
0.986517
0.986517
0.986517
0.986517
0.986517
0.986517
0.986517
0.986517
0.986517
0.986517
0.986517
0.986517
0.986517
0.986517
0.986517
0.986517
0.986517
0.986517
0.986517
0.986517
0.986517
0.986517
0.986517
0.986517
0.986517
0.986517
0.986517
0.986517
0.986517
0.986517
0.986517
0.986517
0.986517
0.986517
0.986517
0.986517
0.986517
0.986517
0.986517
0.986517
0.986517
0.986517
0.986517
0.986517
0.986517
0.986517
0.986517
0.986517
0.986517
0.986517
0.986517
0.986517
0.986517
0.986517
0.986517
0.986517
0.986517
0.986517
0.986517
0.986517
0.986517
0.986517
0.986517
0.986517
0.986517
0.986517
0.986517
0.986517
0.986517
0.986517
0.986517
0.986517
0.986517
0.986517
0.986517
0.986517
0.986517
0.986517
0.986517
0.986517
0.986517
0.986517
0.986517
0.986517
0.986517
0.986517
0.986517
0.986517
0.986517
0.986517
0.986517
0.986517
0.986517
0.986517
0.986517
0.986517
0.986517
0.986517
0.986517
0.986517
0.986517
0.986517
0.986517
0.986517
0.986517
0.986517
0.986517
0.986517
0.986517
0.986517
0.986517
0.986517
0.986517
0.986517
