0.000000
0.033709
0.077772
0.149267
0.237164
0.330220
0.338969
0.347131
0.355015
0.362698
0.370174
0.377501
0.384732
0.391870
0.398944
0.405985
0.413020
0.420085
0.428345
0.437934
0.444139
0.449790
0.455488
0.461238
0.467037
0.472883
0.478775
0.484711
0.490689
0.496707
0.502763
0.508856
0.514984
0.521144
0.527335
0.533555
0.539800
0.546069
0.552359
0.558914
0.565122
0.571344
0.577584
0.583839
0.590106
0.596381
0.602661
0.608943
0.615224
0.621501
0.627770
0.634029
0.640275
0.646504
0.652714
0.658901
0.665064
0.671198
0.677302
0.683373
0.689407
0.695402
0.701355
0.707265
0.713128
0.718942
0.724705
0.730415
0.736068
0.741664
0.747200
0.752674
0.758085
0.763430
0.768708
0.773917
0.779056
0.784124
0.789118
0.794038
0.798883
0.803651
0.808341
0.812954
0.817487
0.821940
0.826313
0.830605
0.834816
0.838944
0.842991
0.846956
0.850839
0.854639
0.858357
0.861993
0.865547
0.869019
0.872410
0.875721
0.878951
0.882101
0.885173
0.888165
0.891080
0.893918
0.896680
0.899366
0.901978
0.904517
0.906983
0.909377
0.911702
0.913957
0.916144
0.918264
0.920318
0.922307
0.924233
0.926097
0.927900
0.929643
0.931328
0.932955
0.934527
0.936044
0.937508
0.938920
0.940281
0.941593
0.942857
0.944073
0.945244
0.946371
0.947454
0.948496
0.949497
0.950458
0.951381
0.952267
0.953116
0.953931
0.954713
0.955461
0.956178
0.956865
0.957522
0.958150
0.958752
0.959326
0.959875
0.960400
0.960901
0.961379
0.961835
0.962270
0.962685
0.963080
0.963456
0.963815
0.964156
0.964481
0.964789
0.965083
0.965362
0.965627
0.965879
0.966118
0.966345
0.966560
0.966764
0.966958
0.967141
0.967315
0.967479
0.967635
0.967782
0.967922
0.968053
0.968178
0.968296
0.968407
0.968512
0.968611
0.968704
0.968792
0.968875
0.968953
0.969027
0.969097
0.969162
0.969223
0.969281
0.969336
0.969387
0.969435
0.969480
0.969523
0.969562
0.969600
0.969635
0.969668
0.969698
0.969727
0.969754
0.969780
0.969803
0.969826
0.969846
0.969866
0.969884
0.969901
0.969917
0.969932
0.969945
0.969958
0.969970
0.969982
0.969992
0.970002
0.970011
0.970019
0.970027
0.970035
0.970041
0.970048
0.970054
0.970059
0.970064
0.970069
0.970073
0.970078
0.970081
0.970085
0.970088
0.970091
0.970094
0.970096
0.970099
0.970101
0.970103
0.970105
0.970107
0.970108
0.970110
0.970111
0.970113
0.970114
0.970115
0.970116
0.970117
0.970118
0.970119
0.970119
0.970120
0.970121
0.970121
0.970122
0.970122
0.970123
0.970123
0.970123
0.970124
0.970124
0.970124
0.970125
0.970125
0.970125
0.970125
0.970125
0.970126
0.970126
0.970126
0.970126
0.970126
0.970126
0.970126
0.970127
0.970127
0.970127
0.970127
0.970127
0.970127
0.970127
0.970127
0.970127
0.970127
0.970127
0.970127
0.970127
0.970127
0.970127
0.970127
0.970127
0.970127
0.970127
0.970127
0.970127
0.970127
0.970127
0.970127
0.970127
0.970127
0.970127
0.970127
0.970127
0.970127
0.970127
0.970127
0.970127
0.970127
0.970127
0.970127
0.970127
0.970127
0.970127
0.970127
0.970127
0.970127
0.970127
0.970127
0.970127
0.970127
0.970127
0.970127
0.970127
0.970127
0.970127
0.970127
0.970127
0.970127
0.970127
0.970127
0.970127
0.970127
0.970127
0.970127
0.970127
0.970127
0.970127
0.970127
0.970127
0.970127
0.970127
0.970127
0.970127
0.970127
0.970127
0.970127
0.970127
0.970127
0.970127
0.970127
0.970127
0.970127
0.970127
0.970127
0.970127
0.970127
0.970127
0.970127
0.970127
0.970127
0.970127
0.970127
0.970127
0.970127
0.970127
0.970127
0.970127
0.970127
0.970127
0.970127
0.970127
0.970127
0.970127
0.970127
0.970127
0.970127
0.970127
0.970127
0.970127
0.970127
0.970127
0.970127
0.970127
0.970127
0.970127
0.970127
0.970127
0.970127
0.970127
0.970127
0.970127
0.970127
0.970127
0.970127
0.970127
0.970127
0.970127
0.970127
0.970127
0.970127
0.970127
0.970127
0.970127
0.970127
0.970127
0.970127
0.970127
0.970127
0.970127
0.970127
0.970127
0.970127
0.970127
0.970127
0.970127
0.970127
0.970127
0.970127
0.970127
0.970127
0.970127
0.970127
0.970127
0.970127
0.970127
0.970127
0.970127
0.970127
0.970127
0.970127
0.970127
0.970127
0.970127
0.970127
0.970127
0.970127
0.970127
0.970127
0.970127
0.970127
0.970127
0.970127
0.970127
0.970127
0.970127
0.970127
0.970127
0.970127
0.970127
0.970127
0.970127
0.970127
0.970127
0.970127
0.970127
0.970127
0.970127
0.970127
0.970127
0.970127
0.970127
0.970127
0.970127
0.970127
0.970127
0.970127
0.970127
0.970127
0.970127
0.970127
0.970127
0.970127
0.970127
0.970127
0.970127
0.970127
0.970127
0.970127
0.970127
0.970127
0.970127
0.970127
0.970127
0.970127
0.970127
0.970127
0.970127
0.970127
0.970127
0.970127
0.970127
0.970127
0.970127
0.970127
0.970127
0.970127
0.970127
0.970127
0.970127
0.970127
0.970127
0.970127
0.970127
0.970127
0.970127
0.970127
0.970127
0.970127
0.970127
0.970127
0.970127
0.970127
0.970127
0.970127
0.970127
0.970127
0.970127
0.970127
0.970127
0.970127
0.970127
0.970127
0.970127
0.970127
0.970127
0.970127
0.970127
0.970127
0.970127
0.970127
0.970127
0.970127
0.970127
0.970127
0.970127
0.970127
0.970127
0.970127
0.970127
0.970127
0.970127
0.970127
0.970127
0.970127
0.970127
0.970127
0.970127
0.970127
0.970127
0.970127
0.970127
0.970127
0.970127
0.970127
0.970127
0.970127
0.970127
0.970127
0.970127
0.970127
0.970127
0.970127
0.970127
0.970127
0.970127
0.970127
0.970127
0.970127
0.970127
0.970127
0.970127
0.970127
0.970127
0.970127
0.970127
0.970127
0.970127
0.970127
0.970127
0.970127
0.970127
0.970127
0.970127
0.970127
0.970127
0.970127
0.970127
0.970127
0.970127
0.970127
0.970127
0.970127
0.970127
0.970127
0.970127
0.970127
0.970127
