0.000000
0.022311
0.045589
0.070485
0.097885
0.129680
0.168733
0.211390
0.243078
0.254459
0.254548
0.257915
0.260240
0.262145
0.264126
0.266104
0.268076
0.270043
0.272004
0.273960
0.275911
0.277857
0.279798
0.281733
0.283664
0.285589
0.287510
0.289426
0.291338
0.293245
0.295148
0.297046
0.298940
0.300830
0.302715
0.304597
0.306475
0.308349
0.310219
0.312119
0.313816
0.315517
0.317216
0.318913
0.320608
0.322299
0.323988
0.325675
0.327359
0.329041
0.330720
0.332397
0.334071
0.335743
0.337413
0.339081
0.340747
0.342411
0.344072
0.345732
0.347389
0.349045
0.350699
0.352351
0.354001
0.355649
0.357296
0.358941
0.360585
0.362227
0.363867
0.365506
0.367144
0.368780
0.370415
0.372049
0.373681
0.375313
0.376943
0.378572
0.380200
0.381827
0.383453
0.385078
0.386703
0.388326
0.389949
0.391571
0.393192
0.394813
0.396433
0.398052
0.399671
0.401290
0.402908
0.404526
0.406143
0.407761
0.409378
0.410994
0.412611
0.414227
0.415844
0.417460
0.419076
0.420693
0.422309
0.423926
0.425542
0.427159
0.428777
0.430394
0.432012
0.433630
0.435248
0.436867
0.438487
0.440107
0.441727
0.443348
0.444970
0.446592
0.448215
0.449839
0.451463
0.453088
0.454714
0.456341
0.457968
0.459597
0.461226
0.462857
0.464488
0.466120
0.467754
0.469388
0.471024
0.472660
0.474298
0.475937
0.477577
0.479218
0.480861
0.482504
0.484149
0.485795
0.487443
0.489092
0.490742
0.492393
0.494046
0.495700
0.497356
0.499013
0.500671
0.502331
0.503992
0.505655
0.507319
0.508985
0.510652
0.512320
0.513991
0.515662
0.517335
0.519010
0.520686
0.522363
0.524043
0.525723
0.527405
0.529089
0.530774
0.532461
0.534149
0.535838
0.537530
0.539222
0.540916
0.542612
0.544309
0.546007
0.547707
0.549409
0.551112
0.552816
0.554521
0.556229
0.557937
0.559647
0.561358
0.563070
0.564784
0.566499
0.568215
0.569933
0.571652
0.573372
0.575093
0.576815
0.578539
0.580264
0.581989
0.583716
0.585444
0.587173
0.588903
0.590634
0.592365
0.594098
0.595832
0.597566
0.599301
0.601037
0.602774
0.604511
0.606249
0.607988
0.609727
0.611467
0.613207
0.614948
0.616689
0.618430
0.620172
0.621915
0.623657
0.625400
0.627143
0.628886
0.630630
0.632373
0.634116
0.635860
0.637603
0.639346
0.641089
0.642832
0.644574
0.646316
0.648058
0.649799
0.651540
0.653281
0.655020
0.656760
0.658498
0.660236
0.661973
0.663709
0.665445
0.667179
0.668912
0.670645
0.672376
0.674106
0.675835
0.677563
0.679289
0.681014
0.682738
0.684460
0.686180
0.687899
0.689617
0.691332
0.693046
0.694758
0.696468
0.698176
0.699882
0.701586
0.703288
0.704988
0.706685
0.708381
0.710074
0.711764
0.713452
0.715137
0.716820
0.718500
0.720178
0.721852
0.723524
0.725193
0.726859
0.728522
0.730182
0.731839
0.733493
0.735143
0.736790
0.738434
0.740074
0.741711
0.743344
0.744974
0.746600
0.748222
0.749841
0.751455
0.753066
0.754673
0.756276
0.757875
0.759469
0.761060
0.762646
0.764228
0.765806
0.767379
0.768948
0.770513
0.772073
0.773628
0.775178
0.776724
0.778265
0.779802
0.781333
0.782860
0.784381
0.785898
0.787410
0.788916
0.790417
0.791913
0.793404
0.794890
0.796370
0.797844
0.799314
0.800778
0.802236
0.803689
0.805136
0.806577
0.808013
0.809443
0.810867
0.812285
0.813698
0.815104
0.816505
0.817900
0.819288
0.820671
0.822047
0.823417
0.824781
0.826139
0.827491
0.828836
0.830175
0.831508
0.832834
0.834154
0.835468
0.836775
0.838075
0.839369
0.840657
0.841938
0.843212
0.844479
0.845740
0.846994
0.848242
0.849483
0.850717
0.851944
0.853164
0.854378
0.855585
0.856785
0.857978
0.859164
0.860343
0.861515
0.862681
0.863839
0.864990
0.866135
0.867272
0.868402
0.869526
0.870642
0.871751
0.872853
0.873948
0.875036
0.876117
0.877191
0.878258
0.879317
0.880370
0.881415
0.882454
0.883485
0.884509
0.885525
0.886535
0.887538
0.888533
0.889521
0.890503
0.891477
0.892444
0.893403
0.894356
0.895302
0.896240
0.897172
0.898096
0.899013
0.899923
0.900826
0.901722
0.902611
0.903493
0.904368
0.905236
0.906096
0.906950
0.907797
0.908637
0.909470
0.910296
0.911115
0.911927
0.912732
0.913530
0.914322
0.915107
0.915884
0.916655
0.917420
0.918177
0.918928
0.919672
0.920409
0.921140
0.921863
0.922581
0.923291
0.923995
0.924693
0.925384
0.926068
0.926746
0.927418
0.928083
0.928741
0.929394
0.930040
0.930679
0.931312
0.931939
0.932560
0.933175
0.933783
0.934385
0.934981
0.935571
0.936155
0.936733
0.937304
0.937870
0.938430
0.938984
0.939532
0.940074
0.940611
0.941141
0.941666
0.942185
0.942699
0.943207
0.943709
0.944206
0.944697
0.945182
0.945662
0.946137
0.946606
0.947070
0.947529
0.947982
0.948430
0.948873
0.949311
0.949743
0.950170
0.950593
0.951010
0.951422
0.951829
0.952232
0.952629
0.953022
0.953410
0.953793
0.954171
0.954544
0.954913
0.955277
0.955637
0.955992
0.956343
0.956689
0.957030
0.957368
0.957701
0.958029
0.958353
0.958673
0.958989
0.959301
0.959608
0.959911
0.960211
0.960506
0.960797
0.961084
0.961368
0.961647
0.961923
0.962195
0.962463
0.962727
0.962988
0.963245
0.963498
0.963748
0.963994
0.964236
0.964476
0.964711
0.964944
0.965173
0.965398
0.965621
0.965840
0.966055
0.966268
0.966478
0.966684
0.966887
0.967087
0.967284
0.967478
0.967670
0.967858
0.968043
0.968226
0.968406
0.968582
0.968757
0.968928
0.969097
0.969263
0.969426
0.969587
0.969745
0.969901
0.970054
0.970205
0.970353
0.970499
0.970643
0.970784
0.970923
0.971059
0.971193
0.971325
0.971455
0.971583
0.971708
0.971832
0.971953
0.972072
0.972189
0.972305
0.972418
0.972529
0.972638
0.972746
0.972851
0.972955
0.973057
0.973157
0.973255
0.973352
0.973447
0.973540
0.973631
0.973721
0.973810
0.973896
