0.000000
0.004717
0.009647
0.014773
0.020192
0.025997
0.032358
0.043174
0.050363
0.057935
0.067888
0.084245
0.115589
0.167039
0.223524
0.257504
0.266655
0.269903
0.272235
0.274283
0.276321
0.278352
0.280378
0.282399
0.284414
0.286425
0.288432
0.290435
0.292433
0.294428
0.296421
0.298410
0.300396
0.302380
0.304362
0.306342
0.308320
0.310297
0.312272
0.314296
0.316111
0.317918
0.319724
0.321531
0.323337
0.325144
0.326952
0.328760
0.330569
0.332379
0.334190
0.336002
0.337815
0.339630
0.341445
0.343263
0.345082
0.346902
0.348724
0.350548
0.352374
0.354202
0.356032
0.357864
0.359699
0.361536
0.363375
0.365217
0.367062
0.368909
0.370759
0.372612
0.374467
0.376326
0.378188
0.380053
0.381922
0.383793
0.385669
0.387547
0.389429
0.391315
0.393204
0.395097
0.396994
0.398895
0.400800
0.402709
0.404621
0.406538
0.408459
0.410384
0.412314
0.414248
0.416186
0.418128
0.420075
0.422026
0.423982
0.425943
0.427908
0.429878
0.431852
0.433831
0.435815
0.437803
0.439796
0.441794
0.443797
0.445805
0.447817
0.449834
0.451856
0.453883
0.455915
0.457952
0.459993
0.462039
0.464091
0.466147
0.468208
0.470273
0.472344
0.474419
0.476500
0.478585
0.480674
0.482769
0.484868
0.486972
0.489080
0.491193
0.493311
0.495433
0.497560
0.499691
0.501827
0.503967
0.506111
0.508260
0.510413
0.512570
0.514731
0.516896
0.519065
0.521238
0.523415
0.525596
0.527781
0.529969
0.532161
0.534356
0.536555
0.538758
0.540963
0.543172
0.545384
0.547599
0.549817
0.552038
0.554262
0.556489
0.558718
0.560950
0.563184
0.565420
0.567659
0.569900
0.572143
0.574388
0.576635
0.578883
0.581133
0.583385
0.585638
0.587893
0.590149
0.592406
0.594663
0.596922
0.599182
0.601442
0.603703
0.605964
0.608226
0.610488
0.612750
0.615011
0.617273
0.619535
0.621796
0.624057
0.626317
0.628576
0.630834
0.633092
0.635348
0.637604
0.639857
0.642110
0.644361
0.646610
0.648857
0.651103
0.653346
0.655587
0.657826
0.660062
0.662296
0.664528
0.666756
0.668981
0.671204
0.673423
0.675639
0.677852
0.680061
0.682267
0.684468
0.686666
0.688860
0.691050
0.693236
0.695417
0.697594
0.699766
0.701934
0.704097
0.706255
0.708407
0.710555
0.712698
0.714835
0.716967
0.719093
0.721214
0.723328
0.725437
0.727540
0.729637
0.731728
0.733812
0.735890
0.737961
0.740026
0.742085
0.744136
0.746181
0.748218
0.750249
0.752272
0.754289
0.756297
0.758299
0.760293
0.762279
0.764258
0.766229
0.768192
0.770147
0.772095
0.774034
0.775965
0.777888
0.779802
0.781709
0.783606
0.785496
0.787376
0.789248
0.791112
0.792966
0.794812
0.796649
0.798477
0.800296
0.802106
0.803906
0.805698
0.807480
0.809253
0.811017
0.812771
0.814516
0.816252
0.817978
0.819694
0.821401
0.823098
0.824785
0.826463
0.828131
0.829789
0.831438
0.833076
0.834705
0.836323
0.837932
0.839531
0.841120
0.842699
0.844267
0.845826
0.847375
0.848913
0.850442
0.851960
0.853468
0.854966
0.856454
0.857931
0.859399
0.860856
0.862303
0.863740
0.865166
0.866582
0.867989
0.869384
0.870770
0.872146
0.873511
0.874866
0.876210
0.877545
0.878869
0.880184
0.881488
0.882781
0.884065
0.885338
0.886602
0.887855
0.889098
0.890331
0.891554
0.892767
0.893970
0.895163
0.896346
0.897519
0.898682
0.899835
0.900978
0.902111
0.903234
0.904348
0.905452
0.906546
0.907630
0.908705
0.909770
0.910825
0.911871
0.912907
0.913934
0.914951
0.915958
0.916957
0.917945
0.918925
0.919895
0.920856
0.921808
0.922750
0.923683
0.924608
0.925523
0.926429
0.927326
0.928214
0.929093
0.929964
0.930826
0.931679
0.932523
0.933358
0.934185
0.935003
0.935813
0.936615
0.937408
0.938192
0.938968
0.939736
0.940496
0.941248
0.941991
0.942726
0.943454
0.944173
0.944884
0.945588
0.946284
0.946972
0.947652
0.948325
0.948990
0.949647
0.950297
0.950939
0.951575
0.952202
0.952823
0.953436
0.954042
0.954641
0.955233
0.955818
0.956396
0.956967
0.957531
0.958089
0.958639
0.959183
0.959721
0.960251
0.960776
0.961293
0.961805
0.962310
0.962809
0.963301
0.963787
0.964267
0.964742
0.965210
0.965672
0.966128
0.966578
0.967022
0.967461
0.967894
0.968321
0.968743
0.969159
0.969570
0.969975
0.970375
0.970770
0.971159
0.971543
0.971922
0.972295
0.972664
0.973028
0.973386
0.973740
0.974089
0.974433
0.974772
0.975107
0.975436
0.975762
0.976082
0.976398
0.976710
0.977017
0.977320
0.977619
0.977913
0.978203
0.978489
0.978770
0.979048
0.979321
0.979591
0.979856
0.980118
0.980376
0.980630
0.980880
0.981126
0.981369
0.981608
0.981844
0.982076
0.982304
0.982529
0.982751
0.982969
0.983183
0.983395
0.983603
0.983808
0.984010
0.984209
0.984404
0.984597
0.984786
0.984973
0.985156
0.985337
0.985514
0.985689
0.985861
0.986031
0.986197
0.986361
0.986523
0.986681
0.986837
0.986991
0.987142
0.987290
0.987436
0.987580
0.987721
0.987860
0.987997
0.988131
0.988263
0.988393
0.988521
0.988646
0.988770
0.988891
0.989010
0.989127
0.989242
0.989356
0.989467
0.989576
0.989683
0.989789
0.989893
0.989995
0.990095
0.990193
0.990290
0.990385
0.990478
0.990569
0.990659
0.990748
0.990834
0.990920
0.991003
0.991085
0.991166
0.991245
0.991323
0.991399
0.991474
0.991548
0.991620
0.991691
0.991761
0.991829
0.991896
0.991962
0.992026
0.992090
0.992152
0.992213
0.992273
0.992331
0.992389
0.992445
0.992501
0.992555
0.992609
0.992661
0.992712
0.992762
0.992812
0.992860
0.992908
0.992954
0.993000
0.993044
0.993088
0.993131
0.993173
0.993215
0.993255
0.993295
0.993334
0.993372
0.993409
0.993446
0.993482
0.993517
0.993551
0.993585
0.993618
0.993651
0.993682
0.993713
0.993744
0.993774
0.993803
0.993831
0.993859
0.993887
0.993914
0.993940
0.993966
0.993991
0.994016
