0.000000
0.246592
0.243416
0.276679
0.305696
0.330899
0.353280
0.373475
0.391957
0.409071
0.425070
0.440142
0.454450
0.468130
0.481291
0.494009
0.506382
0.518542
0.530654
0.542973
0.556162
0.569135
0.577159
0.583328
0.589379
0.595381
0.601329
0.607218
0.613044
0.618803
0.624491
0.630103
0.635636
0.641087
0.646452
0.651728
0.656912
0.662001
0.666994
0.672078
0.676836
0.681495
0.686054
0.690510
0.694861
0.699106
0.703244
0.707274
0.711196
0.715009
0.718713
0.722308
0.725794
0.729171
0.732441
0.735604
0.738661
0.741613
0.744461
0.747207
0.749852
0.752397
0.754845
0.757196
0.759454
0.761620
0.763696
0.765684
0.767586
0.769405
0.771142
0.772800
0.774382
0.775889
0.777325
0.778690
0.779988
0.781221
0.782391
0.783501
0.784552
0.785548
0.786490
0.787380
0.788221
0.789015
0.789764
0.790469
0.791133
0.791758
0.792345
0.792896
0.793414
0.793900
0.794355
0.794781
0.795179
0.795552
0.795900
0.796225
0.796528
0.796811
0.797074
0.797318
0.797546
0.797757
0.797954
0.798136
0.798305
0.798461
0.798606
0.798740
0.798863
0.798978
0.799083
0.799180
0.799270
0.799352
0.799428
0.799498
0.799562
0.799621
0.799675
0.799724
0.799769
0.799811
0.799849
0.799883
0.799915
0.799944
0.799970
0.799994
0.800016
0.800036
0.800054
0.800070
0.800085
0.800099
0.800111
0.800122
0.800132
0.800141
0.800149
0.800157
0.800164
0.800170
0.800175
0.800180
0.800184
0.800188
0.800192
0.800195
0.800198
0.800201
0.800203
0.800205
0.800207
0.800208
0.800210
0.800211
0.800212
0.800214
0.800214
0.800215
0.800216
0.800217
0.800217
0.800218
0.800218
0.800219
0.800219
0.800219
0.800220
0.800220
0.800220
0.800220
0.800221
0.800221
0.800221
0.800221
0.800221
0.800221
0.800221
0.800221
0.800221
0.800221
0.800221
0.800222
0.800222
0.800222
0.800222
0.800222
0.800222
0.800222
0.800222
0.800222
0.800222
0.800222
0.800222
0.800222
0.800222
0.800222
0.800222
0.800222
0.800222
0.800222
0.800222
0.800222
0.800222
0.800222
0.800222
0.800222
0.800222
0.800222
0.800222
0.800222
0.800222
0.800222
0.800222
0.800222
0.800222
0.800222
0.800222
0.800222
0.800222
0.800222
0.800222
0.800222
0.800222
0.800222
0.800222
0.800222
0.800222
0.800222
0.800222
0.800222
0.800222
0.800222
0.800222
0.800222
0.800222
0.800222
0.800222
0.800222
0.800222
0.800222
0.800222
0.800222
0.800222
0.800222
0.800222
0.800222
0.800222
0.800222
0.800222
0.800222
0.800222
0.800222
0.800222
0.800222
0.800222
0.800222
0.800222
0.800222
0.800222
0.800222
0.800222
0.800222
0.800222
0.800222
0.800222
0.800222
0.800222
0.800222
0.800222
0.800222
0.800222
0.800222
0.800222
0.800222
0.800222
0.800222
0.800222
0.800222
0.800222
0.800222
0.800222
0.800222
0.800222
0.800222
0.800222
0.800222
0.800222
0.800222
0.800222
0.800222
0.800222
0.800222
0.800222
0.800222
0.800222
0.800222
0.800222
0.800222
0.800222
0.800222
0.800222
0.800222
0.800222
0.800222
0.800222
0.800222
0.800222
0.800222
0.800222
0.800222
0.800222
0.800222
0.800222
0.800222
0.800222
0.800222
0.800222
0.800222
0.800222
0.800222
0.800222
0.800222
0.800222
0.800222
0.800222
0.800222
0.800222
0.800222
0.800222
0.800222
0.800222
0.800222
0.800222
0.800222
0.800222
0.800222
0.800222
0.800222
0.800222
0.800222
0.800222
0.800222
0.800222
0.800222
0.800222
0.800222
0.800222
0.800222
0.800222
0.800222
0.800222
0.800222
0.800222
0.800222
0.800222
0.800222
0.800222
0.800222
0.800222
0.800222
0.800222
0.800222
0.800222
0.800222
0.800222
0.800222
0.800222
0.800222
0.800222
0.800222
0.800222
0.800222
0.800222
0.800222
0.800222
0.800222
0.800222
0.800222
0.800222
0.800222
0.800222
0.800222
0.800222
0.800222
0.800222
0.800222
0.800222
0.800222
0.800222
0.800222
0.800222
0.800222
0.800222
0.800222
0.800222
0.800222
0.800222
0.800222
0.800222
0.800222
0.800222
0.800222
0.800222
0.800222
0.800222
0.800222
0.800222
0.800222
0.800222
0.800222
0.800222
0.800222
0.800222
0.800222
0.800222
0.800222
0.800222
0.800222
0.800222
0.800222
0.800222
0.800222
0.800222
0.800222
0.800222
0.800222
0.800222
0.800222
0.800222
0.800222
0.800222
0.800222
0.800222
0.800222
0.800222
0.800222
0.800222
0.800222
0.800222
0.800222
0.800222
0.800222
0.800222
0.800222
0.800222
0.800222
0.800222
0.800222
0.800222
0.800222
0.800222
0.800222
0.800222
0.800222
0.800222
0.800222
0.800222
0.800222
0.800222
0.800222
0.800222
0.800222
0.800222
0.800222
0.800222
0.800222
0.800222
0.800222
0.800222
0.800222
0.800222
0.800222
0.800222
0.800222
0.800222
0.800222
0.800222
0.800222
0.800222
0.800222
0.800222
0.800222
0.800222
0.800222
0.800222
0.800222
0.800222
0.800222
0.800222
0.800222
0.800222
0.800222
0.800222
0.800222
0.800222
0.800222
0.800222
0.800222
0.800222
0.800222
0.800222
0.800222
0.800222
0.800222
0.800222
0.800222
0.800222
0.800222
0.800222
0.800222
0.800222
0.800222
0.800222
0.800222
0.800222
0.800222
0.800222
0.800222
0.800222
0.800222
0.800222
0.800222
0.800222
0.800222
0.800222
0.800222
0.800222
0.800222
0.800222
0.800222
0.800222
0.800222
0.800222
0.800222
0.800222
0.800222
0.800222
0.800222
0.800222
0.800222
0.800222
0.800222
0.800222
0.800222
0.800222
0.800222
0.800222
0.800222
0.800222
0.800222
0.800222
0.800222
0.800222
0.800222
0.800222
0.800222
0.800222
0.800222
0.800222
0.800222
0.800222
0.800222
0.800222
0.800222
0.800222
0.800222
0.800222
0.800222
0.800222
0.800222
0.800222
0.800222
0.800222
0.800222
0.800222
0.800222
0.800222
0.800222
0.800222
0.800222
0.800222
0.800222
0.800222
0.800222
0.800222
0.800222
0.800222
0.800222
0.800222
0.800222
0.800222
0.800222
0.800222
0.800222
