0.000000
0.001171
0.002271
0.003138
0.004121
0.005097
0.006085
0.007174
0.008298
0.009558
0.010884
0.012350
0.014002
0.015869
0.017984
0.020402
0.023153
0.026394
0.030295
0.035094
0.041143
0.048973
0.059812
0.076183
0.103599
0.183402
0.526449
0.894386
0.969641
0.973288
0.974007
0.974712
0.975418
0.976121
0.976819
0.977508
0.978189
0.978858
0.979514
0.980157
0.980786
0.981399
0.981998
0.982580
0.983146
0.983696
0.984228
0.984744
0.985244
0.985726
0.986191
0.986640
0.987073
0.987489
0.987888
0.988273
0.988641
0.988994
0.989333
0.989656
0.989966
0.990262
0.990544
0.990813
0.991069
0.991313
0.991546
0.991766
0.991976
0.992175
0.992364
0.992543
0.992712
0.992873
0.993025
0.993168
0.993304
0.993431
0.993552
0.993666
0.993773
0.993874
0.993968
0.994058
0.994141
0.994220
0.994294
0.994363
0.994428
0.994489
0.994546
0.994600
0.994650
0.994696
0.994740
0.994781
0.994819
0.994854
0.994887
0.994918
0.994947
0.994973
0.994998
0.995021
0.995043
0.995063
0.995082
0.995099
0.995115
0.995130
0.995143
0.995156
0.995168
0.995179
0.995189
0.995198
0.995207
0.995215
0.995222
0.995229
0.995236
0.995241
0.995247
0.995252
0.995256
0.995261
0.995264
0.995268
0.995271
0.995274
0.995277
0.995280
0.995282
0.995284
0.995286
0.995288
0.995290
0.995291
0.995293
0.995294
0.995295
0.995296
0.995297
0.995298
0.995299
0.995300
0.995300
0.995301
0.995302
0.995302
0.995303
0.995303
0.995303
0.995304
0.995304
0.995304
0.995305
0.995305
0.995305
0.995305
0.995306
0.995306
0.995306
0.995306
0.995306
0.995306
0.995307
0.995307
0.995307
0.995307
0.995307
0.995307
0.995307
0.995307
0.995307
0.995307
0.995307
0.995307
0.995307
0.995307
0.995307
0.995307
0.995307
0.995307
0.995307
0.995307
0.995307
0.995307
0.995307
0.995307
0.995307
0.995308
0.995308
0.995308
0.995308
0.995308
0.995308
0.995308
0.995308
0.995308
0.995308
0.995308
0.995308
0.995308
0.995308
0.995308
0.995308
0.995308
0.995308
0.995308
0.995308
0.995308
0.995308
0.995308
0.995308
0.995308
0.995308
0.995308
0.995308
0.995308
0.995308
0.995308
0.995308
0.995308
0.995308
0.995308
0.995308
0.995308
0.995308
0.995308
0.995308
0.995308
0.995308
0.995308
0.995308
0.995308
0.995308
0.995308
0.995308
0.995308
0.995308
0.995308
0.995308
0.995308
0.995308
0.995308
0.995308
0.995308
0.995308
0.995308
0.995308
0.995308
0.995308
0.995308
0.995308
0.995308
0.995308
0.995308
0.995308
0.995308
0.995308
0.995308
0.995308
0.995308
0.995308
0.995308
0.995308
0.995308
0.995308
0.995308
0.995308
0.995308
0.995308
0.995308
0.995308
0.995308
0.995308
0.995308
0.995308
0.995308
0.995308
0.995308
0.995308
0.995308
0.995308
0.995308
0.995308
0.995308
0.995308
0.995308
0.995308
0.995308
0.995308
0.995308
0.995308
0.995308
0.995308
0.995308
0.995308
0.995308
0.995308
0.995308
0.995308
0.995308
0.995308
0.995308
0.995308
0.995308
0.995308
0.995308
0.995308
0.995308
0.995308
0.995308
0.995308
0.995308
0.995308
0.995308
0.995308
0.995308
0.995308
0.995308
0.995308
0.995308
0.995308
0.995308
0.995308
0.995308
0.995308
0.995308
0.995308
0.995308
0.995308
0.995308
0.995308
0.995308
0.995308
0.995308
0.995308
0.995308
0.995308
0.995308
0.995308
0.995308
0.995308
0.995308
0.995308
0.995308
0.995308
0.995308
0.995308
0.995308
0.995308
0.995308
0.995308
0.995308
0.995308
0.995308
0.995308
0.995308
0.995308
0.995308
0.995308
0.995308
0.995308
0.995308
0.995308
0.995308
0.995308
0.995308
0.995308
0.995308
0.995308
0.995308
0.995308
0.995308
0.995308
0.995308
0.995308
0.995308
0.995308
0.995308
0.995308
0.995308
0.995308
0.995308
0.995308
0.995308
0.995308
0.995308
0.995308
0.995308
0.995308
0.995308
0.995308
0.995308
0.995308
0.995308
0.995308
0.995308
0.995308
0.995308
0.995308
0.995308
0.995308
0.995308
0.995308
0.995308
0.995308
0.995308
0.995308
0.995308
0.995308
0.995308
0.995308
0.995308
0.995308
0.995308
0.995308
0.995308
0.995308
0.995308
0.995308
0.995308
0.995308
0.995308
0.995308
0.995308
0.995308
0.995308
0.995308
0.995308
0.995308
0.995308
0.995308
0.995308
0.995308
0.995308
0.995308
0.995308
0.995308
0.995308
0.995308
0.995308
0.995308
0.995308
0.995308
0.995308
0.995308
0.995308
0.995308
0.995308
0.995308
0.995308
0.995308
0.995308
0.995308
0.995308
0.995308
0.995308
0.995308
0.995308
0.995308
0.995308
0.995308
0.995308
0.995308
0.995308
0.995308
0.995308
0.995308
0.995308
0.995308
0.995308
0.995308
0.995308
0.995308
0.995308
0.995308
0.995308
0.995308
0.995308
0.995308
0.995308
0.995308
0.995308
0.995308
0.995308
0.995308
0.995308
0.995308
0.995308
0.995308
0.995308
0.995308
0.995308
0.995308
0.995308
0.995308
0.995308
0.995308
0.995308
0.995308
0.995308
0.995308
0.995308
0.995308
0.995308
0.995308
0.995308
0.995308
0.995308
0.995308
0.995308
0.995308
0.995308
0.995308
0.995308
0.995308
0.995308
0.995308
0.995308
0.995308
0.995308
0.995308
0.995308
0.995308
0.995308
0.995308
0.995308
0.995308
0.995308
0.995308
0.995308
0.995308
0.995308
0.995308
0.995308
0.995308
0.995308
0.995308
0.995308
0.995308
0.995308
0.995308
0.995308
0.995308
0.995308
0.995308
0.995308
0.995308
0.995308
0.995308
0.995308
0.995308
0.995308
0.995308
0.995308
0.995308
0.995308
0.995308
0.995308
0.995308
0.995308
0.995308
0.995308
0.995308
0.995308
0.995308
0.995308
0.995308
0.995308
0.995308
0.995308
0.995308
0.995308
0.995308
0.995308
0.995308
0.995308
0.995308
0.995308
0.995308
0.995308
0.995308
0.995308
0.995308
0.995308
0.995308
0.995308
0.995308
0.995308
0.995308
0.995308
0.995308
0.995308
0.995308
0.995308
0.995308
0.995308
