0.000000
0.047968
0.102320
0.143279
0.156556
0.159103
0.164872
0.174323
0.184175
0.193464
0.202240
0.210620
0.218740
0.226764
0.234920
0.243934
0.252924
0.256133
0.258081
0.260012
0.261937
0.263858
0.265773
0.267683
0.269587
0.271487
0.273382
0.275271
0.277156
0.279036
0.280911
0.282781
0.284647
0.286509
0.288366
0.290219
0.292068
0.293913
0.295753
0.297622
0.299288
0.300961
0.302633
0.304301
0.305967
0.307630
0.309291
0.310948
0.312604
0.314256
0.315906
0.317554
0.319199
0.320842
0.322483
0.324121
0.325757
0.327391
0.329023
0.330652
0.332280
0.333906
0.335530
0.337152
0.338772
0.340390
0.342007
0.343622
0.345235
0.346847
0.348457
0.350065
0.351673
0.353279
0.354883
0.356486
0.358088
0.359689
0.361288
0.362887
0.364484
0.366081
0.367676
0.369271
0.370865
0.372458
0.374050
0.375642
0.377233
0.378823
0.380413
0.382002
0.383591
0.385179
0.386767
0.388355
0.389943
0.391530
0.393118
0.394705
0.396292
0.397879
0.399466
0.401054
0.402641
0.404229
0.405817
0.407406
0.408995
0.410584
0.412173
0.413764
0.415354
0.416946
0.418538
0.420131
0.421724
0.423319
0.424914
0.426510
0.428108
0.429706
0.431305
0.432905
0.434507
0.436110
0.437714
0.439319
0.440926
0.442534
0.444143
0.445754
0.447366
0.448980
0.450596
0.452213
0.453832
0.455453
0.457075
0.458699
0.460325
0.461953
0.463583
0.465215
0.466849
0.468485
0.470123
0.471763
0.473405
0.475049
0.476696
0.478345
0.479996
0.481650
0.483305
0.484964
0.486624
0.488287
0.489953
0.491621
0.493291
0.494964
0.496640
0.498318
0.499999
0.501682
0.503368
0.505057
0.506749
0.508443
0.510140
0.511839
0.513542
0.515247
0.516955
0.518666
0.520380
0.522096
0.523816
0.525538
0.527263
0.528991
0.530722
0.532455
0.534192
0.535931
0.537674
0.539419
0.541167
0.542918
0.544672
0.546429
0.548188
0.549951
0.551716
0.553484
0.555255
0.557029
0.558806
0.560586
0.562368
0.564153
0.565941
0.567732
0.569525
0.571321
0.573120
0.574922
0.576726
0.578533
0.580342
0.582154
0.583968
0.585785
0.587605
0.589427
0.591251
0.593078
0.594907
0.596738
0.598572
0.600407
0.602245
0.604086
0.605928
0.607772
0.609619
0.611467
0.613317
0.615169
0.617023
0.618879
0.620737
0.622596
0.624457
0.626319
0.628183
0.630048
0.631915
0.633783
0.635652
0.637522
0.639394
0.641267
0.643140
0.645015
0.646890
0.648767
0.650644
0.652521
0.654400
0.656278
0.658158
0.660037
0.661917
0.663797
0.665677
0.667557
0.669438
0.671318
0.673198
0.675077
0.676957
0.678836
0.680714
0.682592
0.684469
0.686345
0.688220
0.690095
0.691968
0.693841
0.695712
0.697581
0.699449
0.701316
0.703181
0.705045
0.706907
0.708766
0.710624
0.712480
0.714333
0.716185
0.718034
0.719880
0.721724
0.723565
0.725404
0.727239
0.729072
0.730902
0.732728
0.734551
0.736371
0.738187
0.740000
0.741809
0.743615
0.745416
0.747214
0.749007
0.750796
0.752581
0.754362
0.756138
0.757910
0.759677
0.761439
0.763196
0.764949
0.766696
0.768438
0.770175
0.771907
0.773633
0.775353
0.777068
0.778777
0.780480
0.782177
0.783869
0.785554
0.787233
0.788905
0.790571
0.792231
0.793884
0.795531
0.797170
0.798803
0.800429
0.802047
0.803659
0.805263
0.806860
0.808450
0.810032
0.811607
0.813174
0.814733
0.816285
0.817829
0.819364
0.820892
0.822412
0.823923
0.825426
0.826921
0.828407
0.829885
0.831355
0.832816
0.834268
0.835712
0.837146
0.838572
0.839989
0.841397
0.842796
0.844186
0.845567
0.846938
0.848301
0.849654
0.850997
0.852332
0.853656
0.854972
0.856278
0.857574
0.858861
0.860138
0.861405
0.862663
0.863910
0.865149
0.866377
0.867595
0.868804
0.870002
0.871191
0.872370
0.873538
0.874697
0.875846
0.876985
0.878113
0.879232
0.880341
0.881439
0.882527
0.883606
0.884674
0.885732
0.886780
0.887817
0.888845
0.889863
0.890870
0.891867
0.892855
0.893832
0.894799
0.895756
0.896703
0.897639
0.898566
0.899483
0.900390
0.901287
0.902173
0.903050
0.903917
0.904774
0.905622
0.906459
0.907287
0.908104
0.908913
0.909711
0.910500
0.911279
0.912048
0.912808
0.913559
0.914299
0.915031
0.915753
0.916466
0.917169
0.917863
0.918548
0.919224
0.919891
0.920548
0.921197
0.921837
0.922467
0.923089
0.923702
0.924307
0.924902
0.925489
0.926068
0.926638
0.927200
0.927753
0.928298
0.928834
0.929363
0.929883
0.930395
0.930900
0.931396
0.931885
0.932365
0.932838
0.933304
0.933762
0.934212
0.934655
0.935090
0.935518
0.935939
0.936353
0.936760
0.937160
0.937552
0.937938
0.938317
0.938690
0.939055
0.939415
0.939767
0.940114
0.940453
0.940787
0.941114
0.941436
0.941751
0.942060
0.942364
0.942661
0.942953
0.943239
0.943520
0.943795
0.944064
0.944328
0.944587
0.944841
0.945089
0.945332
0.945571
0.945804
0.946032
0.946256
0.946475
0.946689
0.946899
0.947104
0.947305
0.947501
0.947693
0.947881
0.948065
0.948244
0.948420
0.948591
0.948759
0.948922
0.949082
0.949238
0.949391
0.949540
0.949686
0.949828
0.949966
0.950102
0.950234
0.950362
0.950488
0.950611
0.950730
0.950847
0.950960
0.951071
0.951179
0.951284
0.951387
0.951487
0.951584
0.951679
0.951771
0.951861
0.951948
0.952033
0.952116
0.952197
0.952275
0.952352
0.952426
0.952498
0.952568
0.952636
0.952703
0.952767
0.952829
0.952890
0.952949
0.953007
0.953062
0.953116
0.953169
0.953220
0.953269
0.953317
0.953364
0.953409
0.953453
0.953495
0.953536
0.953576
0.953615
0.953652
0.953688
0.953723
0.953757
0.953790
0.953822
0.953853
0.953883
0.953912
0.953940
0.953967
0.953993
0.954018
0.954043
0.954067
0.954089
0.954112
0.954133
0.954153
0.954173
0.954193
0.954211
0.954229
0.954246
0.954263
0.954279
0.954295
0.954310
0.954324
0.954338
0.954351
0.954364
0.954377
0.954389
0.954400
