0.000000
0.079218
0.672442
0.725822
0.737502
0.747827
0.757155
0.765703
0.773627
0.781041
0.788029
0.794671
0.800957
0.806973
0.812752
0.818308
0.823659
0.828837
0.833869
0.838781
0.843801
0.850821
0.856849
0.860071
0.862906
0.865652
0.868312
0.870888
0.873379
0.875785
0.878108
0.880347
0.882503
0.884577
0.886571
0.888485
0.890320
0.892078
0.893760
0.895435
0.896963
0.898420
0.899810
0.901133
0.902392
0.903587
0.904722
0.905798
0.906816
0.907780
0.908690
0.909550
0.910361
0.911124
0.911843
0.912519
0.913153
0.913749
0.914307
0.914829
0.915318
0.915775
0.916202
0.916599
0.916970
0.917315
0.917636
0.917934
0.918211
0.918468
0.918706
0.918926
0.919129
0.919318
0.919491
0.919651
0.919799
0.919935
0.920060
0.920174
0.920280
0.920376
0.920465
0.920546
0.920620
0.920688
0.920750
0.920807
0.920858
0.920905
0.920948
0.920986
0.921022
0.921054
0.921083
0.921109
0.921133
0.921155
0.921174
0.921192
0.921207
0.921222
0.921235
0.921246
0.921257
0.921266
0.921275
0.921282
0.921289
0.921295
0.921300
0.921305
0.921310
0.921314
0.921317
0.921320
0.921323
0.921325
0.921328
0.921330
0.921331
0.921333
0.921334
0.921335
0.921336
0.921337
0.921338
0.921339
0.921340
0.921340
0.921341
0.921341
0.921341
0.921342
0.921342
0.921342
0.921343
0.921343
0.921343
0.921343
0.921343
0.921343
0.921344
0.921344
0.921344
0.921344
0.921344
0.921344
0.921344
0.921344
0.921344
0.921344
0.921344
0.921344
0.921344
0.921344
0.921344
0.921344
0.921344
0.921344
0.921344
0.921344
0.921344
0.921344
0.921344
0.921344
0.921344
0.921344
0.921344
0.921344
0.921344
0.921344
0.921344
0.921344
0.921344
0.921344
0.921344
0.921344
0.921344
0.921344
0.921344
0.921344
0.921344
0.921344
0.921344
0.921344
0.921344
0.921344
0.921344
0.921344
0.921344
0.921344
0.921344
0.921344
0.921344
0.921344
0.921344
0.921344
0.921344
0.921344
0.921344
0.921344
0.921344
0.921344
0.921344
0.921344
0.921344
0.921344
0.921344
0.921344
0.921344
0.921344
0.921344
0.921344
0.921344
0.921344
0.921344
0.921344
0.921344
0.921344
0.921344
0.921344
0.921344
0.921344
0.921344
0.921344
0.921344
0.921344
0.921344
0.921344
0.921344
0.921344
0.921344
0.921344
0.921344
0.921344
0.921344
0.921344
0.921344
0.921344
0.921344
0.921344
0.921344
0.921344
0.921344
0.921344
0.921344
0.921344
0.921344
0.921344
0.921344
0.921344
0.921344
0.921344
0.921344
0.921344
0.921344
0.921344
0.921344
0.921344
0.921344
0.921344
0.921344
0.921344
0.921344
0.921344
0.921344
0.921344
0.921344
0.921344
0.921344
0.921344
0.921344
0.921344
0.921344
0.921344
0.921344
0.921344
0.921344
0.921344
0.921344
0.921344
0.921344
0.921344
0.921344
0.921344
0.921344
0.921344
0.921344
0.921344
0.921344
0.921344
0.921344
0.921344
0.921344
0.921344
0.921344
0.921344
0.921344
0.921344
0.921344
0.921344
0.921344
0.921344
0.921344
0.921344
0.921344
0.921344
0.921344
0.921344
0.921344
0.921344
0.921344
0.921344
0.921344
0.921344
0.921344
0.921344
0.921344
0.921344
0.921344
0.921344
0.921344
0.921344
0.921344
0.921344
0.921344
0.921344
0.921344
0.921344
0.921344
0.921344
0.921344
0.921344
0.921344
0.921344
0.921344
0.921344
0.921344
0.921344
0.921344
0.921344
0.921344
0.921344
0.921344
0.921344
0.921344
0.921344
0.921344
0.921344
0.921344
0.921344
0.921344
0.921344
0.921344
0.921344
0.921344
0.921344
0.921344
0.921344
0.921344
0.921344
0.921344
0.921344
0.921344
0.921344
0.921344
0.921344
0.921344
0.921344
0.921344
0.921344
0.921344
0.921344
0.921344
0.921344
0.921344
0.921344
0.921344
0.921344
0.921344
0.921344
0.921344
0.921344
0.921344
0.921344
0.921344
0.921344
0.921344
0.921344
0.921344
0.921344
0.921344
0.921344
0.921344
0.921344
0.921344
0.921344
0.921344
0.921344
0.921344
0.921344
0.921344
0.921344
0.921344
0.921344
0.921344
0.921344
0.921344
0.921344
0.921344
0.921344
0.921344
0.921344
0.921344
0.921344
0.921344
0.921344
0.921344
0.921344
0.921344
0.921344
0.921344
0.921344
0.921344
0.921344
0.921344
0.921344
0.921344
0.921344
0.921344
0.921344
0.921344
0.921344
0.921344
0.921344
0.921344
0.921344
0.921344
0.921344
0.921344
0.921344
0.921344
0.921344
0.921344
0.921344
0.921344
0.921344
0.921344
0.921344
0.921344
0.921344
0.921344
0.921344
0.921344
0.921344
0.921344
0.921344
0.921344
0.921344
0.921344
0.921344
0.921344
0.921344
0.921344
0.921344
0.921344
0.921344
0.921344
0.921344
0.921344
0.921344
0.921344
0.921344
0.921344
0.921344
0.921344
0.921344
0.921344
0.921344
0.921344
0.921344
0.921344
0.921344
0.921344
0.921344
0.921344
0.921344
0.921344
0.921344
0.921344
0.921344
0.921344
0.921344
0.921344
0.921344
0.921344
0.921344
0.921344
0.921344
0.921344
0.921344
0.921344
0.921344
0.921344
0.921344
0.921344
0.921344
0.921344
0.921344
0.921344
0.921344
0.921344
0.921344
0.921344
0.921344
0.921344
0.921344
0.921344
0.921344
0.921344
0.921344
0.921344
0.921344
0.921344
0.921344
0.921344
0.921344
0.921344
0.921344
0.921344
0.921344
0.921344
0.921344
0.921344
0.921344
0.921344
0.921344
0.921344
0.921344
0.921344
0.921344
0.921344
0.921344
0.921344
0.921344
0.921344
0.921344
0.921344
0.921344
0.921344
0.921344
0.921344
0.921344
0.921344
0.921344
0.921344
0.921344
0.921344
0.921344
0.921344
0.921344
0.921344
0.921344
0.921344
0.921344
0.921344
0.921344
0.921344
0.921344
0.921344
0.921344
0.921344
0.921344
0.921344
0.921344
0.921344
0.921344
0.921344
0.921344
0.921344
0.921344
0.921344
0.921344
0.921344
0.921344
0.921344
0.921344
0.921344
0.921344
0.921344
0.921344
0.921344
0.921344
0.921344
0.921344
0.921344
0.921344
0.921344
0.921344
