0.000000
0.014204
0.028768
0.043976
0.060171
0.077768
0.097696
0.120584
0.138853
0.161263
0.190319
0.224583
0.255644
0.273034
0.274982
0.270333
0.267948
0.268936
0.270861
0.272833
0.274801
0.276763
0.278720
0.280672
0.282619
0.284561
0.286498
0.288430
0.290357
0.292280
0.294197
0.296111
0.298019
0.299924
0.301823
0.303719
0.305610
0.307497
0.309379
0.311295
0.313005
0.314717
0.316427
0.318134
0.319838
0.321538
0.323235
0.324930
0.326621
0.328309
0.329994
0.331677
0.333356
0.335033
0.336707
0.338378
0.340046
0.341711
0.343374
0.345035
0.346692
0.348347
0.350000
0.351650
0.353298
0.354943
0.356586
0.358226
0.359865
0.361501
0.363134
0.364766
0.366396
0.368023
0.369648
0.371271
0.372893
0.374512
0.376129
0.377745
0.379359
0.380971
0.382581
0.384189
0.385796
0.387401
0.389004
0.390606
0.392206
0.393805
0.395402
0.396998
0.398593
0.400186
0.401778
0.403368
0.404957
0.406545
0.408132
0.409718
0.411302
0.412886
0.414468
0.416050
0.417630
0.419210
0.420789
0.422367
0.423943
0.425520
0.427095
0.428670
0.430244
0.431817
0.433390
0.434962
0.436533
0.438104
0.439675
0.441244
0.442814
0.444383
0.445952
0.447520
0.449088
0.450656
0.452223
0.453790
0.455357
0.456924
0.458490
0.460056
0.461623
0.463189
0.464755
0.466321
0.467887
0.469453
0.471019
0.472585
0.474151
0.475717
0.477283
0.478850
0.480416
0.481983
0.483550
0.485117
0.486684
0.488252
0.489820
0.491388
0.492956
0.494525
0.496094
0.497663
0.499233
0.500803
0.502374
0.503944
0.505516
0.507087
0.508659
0.510232
0.511805
0.513378
0.514952
0.516526
0.518101
0.519676
0.521252
0.522828
0.524405
0.525982
0.527560
0.529138
0.530717
0.532296
0.533876
0.535456
0.537037
0.538618
0.540200
0.541782
0.543365
0.544948
0.546532
0.548116
0.549701
0.551287
0.552872
0.554459
0.556046
0.557633
0.559221
0.560809
0.562398
0.563987
0.565576
0.567166
0.568757
0.570347
0.571938
0.573530
0.575122
0.576714
0.578307
0.579900
0.581493
0.583086
0.584680
0.586274
0.587869
0.589463
0.591058
0.592653
0.594248
0.595843
0.597439
0.599034
0.600630
0.602225
0.603821
0.605417
0.607013
0.608609
0.610204
0.611800
0.613395
0.614991
0.616586
0.618181
0.619776
0.621371
0.622966
0.624560
0.626154
0.627748
0.629341
0.630934
0.632527
0.634119
0.635710
0.637301
0.638892
0.640482
0.642072
0.643660
0.645249
0.646836
0.648423
0.650009
0.651594
0.653179
0.654762
0.656345
0.657927
0.659508
0.661088
0.662667
0.664245
0.665821
0.667397
0.668971
0.670545
0.672117
0.673688
0.675257
0.676825
0.678392
0.679957
0.681521
0.683084
0.684645
0.686204
0.687762
0.689318
0.690872
0.692425
0.693976
0.695525
0.697073
0.698618
0.700162
0.701703
0.703243
0.704781
0.706316
0.707850
0.709381
0.710910
0.712437
0.713962
0.715484
0.717004
0.718522
0.720037
0.721550
0.723061
0.724568
0.726074
0.727576
0.729076
0.730574
0.732068
0.733560
0.735049
0.736536
0.738019
0.739499
0.740977
0.742451
0.743923
0.745391
0.746856
0.748319
0.749778
0.751233
0.752686
0.754135
0.755581
0.757023
0.758463
0.759898
0.761330
0.762759
0.764184
0.765606
0.767024
0.768438
0.769849
0.771256
0.772659
0.774058
0.775454
0.776845
0.778233
0.779617
0.780997
0.782373
0.783744
0.785112
0.786476
0.787836
0.789191
0.790542
0.791889
0.793232
0.794570
0.795905
0.797235
0.798560
0.799881
0.801198
0.802510
0.803818
0.805121
0.806419
0.807714
0.809003
0.810288
0.811568
0.812844
0.814115
0.815381
0.816642
0.817899
0.819151
0.820398
0.821640
0.822877
0.824109
0.825337
0.826559
0.827777
0.828990
0.830197
0.831400
0.832597
0.833790
0.834977
0.836159
0.837337
0.838509
0.839676
0.840837
0.841994
0.843145
0.844291
0.845432
0.846568
0.847698
0.848823
0.849943
0.851057
0.852166
0.853270
0.854368
0.855461
0.856549
0.857631
0.858708
0.859780
0.860846
0.861906
0.862961
0.864011
0.865055
0.866094
0.867128
0.868155
0.869178
0.870195
0.871206
0.872212
0.873212
0.874207
0.875196
0.876180
0.877158
0.878131
0.879098
0.880059
0.881016
0.881966
0.882911
0.883850
0.884784
0.885712
0.886635
0.887552
0.888464
0.889370
0.890271
0.891166
0.892055
0.892939
0.893817
0.894690
0.895557
0.896419
0.897275
0.898126
0.898971
0.899811
0.900645
0.901474
0.902297
0.903114
0.903927
0.904733
0.905535
0.906330
0.907121
0.907906
0.908685
0.909459
0.910228
0.910991
0.911749
0.912501
0.913248
0.913990
0.914726
0.915457
0.916183
0.916903
0.917619
0.918328
0.919033
0.919732
0.920426
0.921115
0.921798
0.922477
0.923150
0.923818
0.924481
0.925138
0.925791
0.926438
0.927081
0.927718
0.928350
0.928977
0.929599
0.930216
0.930828
0.931435
0.932038
0.932635
0.933227
0.933814
0.934397
0.934974
0.935547
0.936115
0.936678
0.937237
0.937790
0.938339
0.938883
0.939422
0.939957
0.940487
0.941012
0.941533
0.942049
0.942561
0.943068
0.943570
0.944068
0.944562
0.945051
0.945535
0.946015
0.946491
0.946962
0.947429
0.947892
0.948350
0.948804
0.949254
0.949699
0.950140
0.950577
0.951010
0.951439
0.951863
0.952284
0.952700
0.953112
0.953521
0.953925
0.954325
0.954722
0.955114
0.955502
0.955887
0.956268
0.956644
0.957018
0.957387
0.957752
0.958114
0.958472
0.958826
0.959177
0.959524
0.959867
0.960207
0.960543
0.960876
0.961205
0.961531
0.961853
0.962172
0.962487
0.962799
0.963107
0.963413
0.963714
0.964013
0.964308
0.964600
0.964889
0.965175
0.965457
0.965736
0.966012
0.966285
0.966555
0.966822
0.967086
0.967347
0.967605
0.967860
0.968112
0.968361
0.968607
0.968850
0.969090
0.969328
0.969563
0.969795
0.970024
0.970251
0.970475
0.970696
0.970915
0.971130
0.971344
0.971555
0.971763
0.971968
0.972172
0.972372
0.972570
0.972766
0.972959
