0.000000
0.136569
0.205354
0.251184
0.284703
0.310749
0.331831
0.349372
0.364300
0.377226
0.388552
0.398591
0.407583
0.415712
0.423118
0.429927
0.436249
0.442178
0.447794
0.453194
0.458501
0.463882
0.469641
0.476167
0.481525
0.483310
0.483511
0.483519
0.483519
0.483519
0.483519
0.483519
0.483519
0.483519
0.483519
0.483519
0.483519
0.483519
0.483519
0.483519
0.483519
0.483519
0.483519
0.483519
0.483519
0.483519
0.483519
0.483519
0.483519
0.483519
0.483519
0.483519
0.483519
0.483519
0.483519
0.483519
0.483519
0.483519
0.483519
0.483519
0.483519
0.483519
0.483519
0.483519
0.483519
0.483519
0.483519
0.483519
0.483519
0.483519
0.483519
0.483519
0.483519
0.483519
0.483519
0.483519
0.483519
0.483519
0.483519
0.483519
0.483519
0.483519
0.483519
0.483519
0.483519
0.483519
0.483519
0.483519
0.483519
0.483519
0.483519
0.483519
0.483519
0.483519
0.483519
0.483519
0.483519
0.483519
0.483519
0.483519
0.483519
0.483519
0.483519
0.483519
0.483519
0.483519
0.483519
0.483519
0.483519
0.483519
0.483519
0.483519
0.483519
0.483519
0.483519
0.483519
0.483519
0.483519
0.483519
0.483519
0.483519
0.483519
0.483519
0.483519
0.483519
0.483519
0.483519
0.483519
0.483519
0.483519
0.483519
0.483519
0.483519
0.483519
0.483519
0.483519
0.483519
0.483519
0.483519
0.483519
0.483519
0.483519
0.483519
0.483519
0.483519
0.483519
0.483519
0.483519
0.483519
0.483519
0.483519
0.483519
0.483519
0.483519
0.483519
0.483519
0.483519
0.483519
0.483519
0.483519
0.483519
0.483519
0.483519
0.483519
0.483519
0.483519
0.483519
0.483519
0.483519
0.483519
0.483519
0.483519
0.483519
0.483519
0.483519
0.483519
0.483519
0.483519
0.483519
0.483519
0.483519
0.483519
0.483519
0.483519
0.483519
0.483519
0.483519
0.483519
0.483519
0.483519
0.483519
0.483519
0.483519
0.483519
0.483519
0.483519
0.483519
0.483519
0.483519
0.483519
0.483519
0.483519
0.483519
0.483519
0.483519
0.483519
0.483519
0.483519
0.483519
0.483519
0.483519
0.483519
0.483519
0.483519
0.483519
0.483519
0.483519
0.483519
0.483519
0.483519
0.483519
0.483519
0.483519
0.483519
0.483519
0.483519
0.483519
0.483519
0.483519
0.483519
0.483519
0.483519
0.483519
0.483519
0.483519
0.483519
0.483519
0.483519
0.483519
0.483519
0.483519
0.483519
0.483519
0.483519
0.483519
0.483519
0.483519
0.483519
0.483519
0.483519
0.483519
0.483519
0.483519
0.483519
0.483519
0.483519
0.483519
0.483519
0.483519
0.483519
0.483519
0.483519
0.483519
0.483519
0.483519
0.483519
0.483519
0.483519
0.483519
0.483519
0.483519
0.483519
0.483519
0.483519
0.483519
0.483519
0.483519
0.483519
0.483519
0.483519
0.483519
0.483519
0.483519
0.483519
0.483519
0.483519
0.483519
0.483519
0.483519
0.483519
0.483519
0.483519
0.483519
0.483519
0.483519
0.483519
0.483519
0.483519
0.483519
0.483519
0.483519
0.483519
0.483519
0.483519
0.483519
0.483519
0.483519
0.483519
0.483519
0.483519
0.483519
0.483519
0.483519
0.483519
0.483519
0.483519
0.483519
0.483519
0.483519
0.483519
0.483519
0.483519
0.483519
0.483519
0.483519
0.483519
0.483519
0.483519
0.483519
0.483519
0.483519
0.483519
0.483519
0.483519
0.483519
0.483519
0.483519
0.483519
0.483519
0.483519
0.483519
0.483519
0.483519
0.483519
0.483519
0.483519
0.483519
0.483519
0.483519
0.483519
0.483519
0.483519
0.483519
0.483519
0.483519
0.483519
0.483519
0.483519
0.483519
0.483519
0.483519
0.483519
0.483519
0.483519
0.483519
0.483519
0.483519
0.483519
0.483519
0.483519
0.483519
0.483519
0.483519
0.483519
0.483519
0.483519
0.483519
0.483519
0.483519
0.483519
0.483519
0.483519
0.483519
0.483519
0.483519
0.483519
0.483519
0.483519
0.483519
0.483519
0.483519
0.483519
0.483519
0.483519
0.483519
0.483519
0.483519
0.483519
0.483519
0.483519
0.483519
0.483519
0.483519
0.483519
0.483519
0.483519
0.483519
0.483519
0.483519
0.483519
0.483519
0.483519
0.483519
0.483519
0.483519
0.483519
0.483519
0.483519
0.483519
0.483519
0.483519
0.483519
0.483519
0.483519
0.483519
0.483519
0.483519
0.483519
0.483519
0.483519
0.483519
0.483519
0.483519
0.483519
0.483519
0.483519
0.483519
0.483519
0.483519
0.483519
0.483519
0.483519
0.483519
0.483519
0.483519
0.483519
0.483519
0.483519
0.483519
0.483519
0.483519
0.483519
0.483519
0.483519
0.483519
0.483519
0.483519
0.483519
0.483519
0.483519
0.483519
0.483519
0.483519
0.483519
0.483519
0.483519
0.483519
0.483519
0.483519
0.483519
0.483519
0.483519
0.483519
0.483519
0.483519
0.483519
0.483519
0.483519
0.483519
0.483519
0.483519
0.483519
0.483519
0.483519
0.483519
0.483519
0.483519
0.483519
0.483519
0.483519
0.483519
0.483519
0.483519
0.483519
0.483519
0.483519
0.483519
0.483519
0.483519
0.483519
0.483519
0.483519
0.483519
0.483519
0.483519
0.483519
0.483519
0.483519
0.483519
0.483519
0.483519
0.483519
0.483519
0.483519
0.483519
0.483519
0.483519
0.483519
0.483519
0.483519
0.483519
0.483519
0.483519
0.483519
0.483519
0.483519
0.483519
0.483519
0.483519
0.483519
0.483519
0.483519
0.483519
0.483519
0.483519
0.483519
0.483519
0.483519
0.483519
0.483519
0.483519
0.483519
0.483519
0.483519
0.483519
0.483519
0.483519
0.483519
0.483519
0.483519
0.483519
0.483519
0.483519
0.483519
0.483519
0.483519
0.483519
0.483519
0.483519
0.483519
0.483519
0.483519
0.483519
0.483519
0.483519
0.483519
0.483519
0.483519
0.483519
0.483519
0.483519
0.483519
0.483519
0.483519
0.483519
0.483519
0.483519
0.483519
0.483519
0.483519
0.483519
0.483519
0.483519
0.483519
0.483519
0.483519
0.483519
0.483519
0.483519
0.483519
0.483519
0.483519
0.483519
0.483519
0.483519
0.483519
0.483519
0.483519
0.483519
0.483519
