0.000000
0.089461
0.203010
0.279930
0.159746
0.155094
0.170666
0.184961
0.198196
0.210561
0.222220
0.233308
0.243920
0.254143
0.264103
0.273948
0.283874
0.294250
0.305858
0.314321
0.318743
0.322868
0.327037
0.331253
0.335514
0.339820
0.344171
0.348567
0.353006
0.357490
0.362016
0.366586
0.371197
0.375850
0.380544
0.385278
0.390052
0.394864
0.399714
0.404739
0.409489
0.414294
0.419140
0.424024
0.428945
0.433902
0.438893
0.443917
0.448972
0.454058
0.459172
0.464314
0.469481
0.474672
0.479887
0.485122
0.490378
0.495651
0.500941
0.506245
0.511563
0.516893
0.522232
0.527579
0.532933
0.538292
0.543653
0.549016
0.554378
0.559738
0.565095
0.570445
0.575788
0.581122
0.586444
0.591755
0.597050
0.602330
0.607592
0.612834
0.618056
0.623254
0.628429
0.633577
0.638698
0.643790
0.648851
0.653881
0.658877
0.663838
0.668762
0.673649
0.678497
0.683305
0.688072
0.692795
0.697475
0.702110
0.706699
0.711241
0.715734
0.720179
0.724573
0.728917
0.733209
0.737449
0.741635
0.745768
0.749846
0.753869
0.757836
0.761747
0.765602
0.769399
0.773139
0.776821
0.780445
0.784011
0.787519
0.790967
0.794357
0.797688
0.800961
0.804174
0.807328
0.810424
0.813461
0.816440
0.819360
0.822222
0.825026
0.827773
0.830463
0.833096
0.835672
0.838192
0.840657
0.843066
0.845421
0.847721
0.849968
0.852162
0.854304
0.856393
0.858431
0.860419
0.862356
0.864244
0.866084
0.867875
0.869620
0.871317
0.872969
0.874576
0.876139
0.877658
0.879134
0.880568
0.881961
0.883313
0.884625
0.885899
0.887134
0.888332
0.889493
0.890619
0.891709
0.892765
0.893787
0.894777
0.895734
0.896661
0.897556
0.898422
0.899259
0.900068
0.900849
0.901603
0.902331
0.903033
0.903711
0.904364
0.904994
0.905601
0.906186
0.906750
0.907293
0.907815
0.908318
0.908802
0.909267
0.909714
0.910144
0.910557
0.910954
0.911335
0.911701
0.912052
0.912389
0.912713
0.913023
0.913320
0.913604
0.913877
0.914139
0.914389
0.914628
0.914857
0.915077
0.915286
0.915487
0.915678
0.915861
0.916036
0.916203
0.916363
0.916515
0.916660
0.916799
0.916931
0.917057
0.917176
0.917291
0.917400
0.917503
0.917602
0.917696
0.917785
0.917870
0.917951
0.918027
0.918100
0.918170
0.918235
0.918298
0.918357
0.918413
0.918467
0.918517
0.918565
0.918611
0.918654
0.918694
0.918733
0.918770
0.918804
0.918837
0.918868
0.918897
0.918925
0.918951
0.918975
0.918999
0.919021
0.919041
0.919061
0.919080
0.919097
0.919113
0.919129
0.919143
0.919157
0.919170
0.919182
0.919194
0.919205
0.919215
0.919224
0.919233
0.919242
0.919250
0.919257
0.919264
0.919270
0.919277
0.919282
0.919288
0.919293
0.919298
0.919302
0.919306
0.919310
0.919314
0.919317
0.919320
0.919323
0.919326
0.919329
0.919331
0.919333
0.919336
0.919338
0.919339
0.919341
0.919343
0.919344
0.919346
0.919347
0.919348
0.919349
0.919350
0.919351
0.919352
0.919353
0.919354
0.919355
0.919355
0.919356
0.919357
0.919357
0.919358
0.919358
0.919359
0.919359
0.919359
0.919360
0.919360
0.919360
0.919361
0.919361
0.919361
0.919361
0.919362
0.919362
0.919362
0.919362
0.919362
0.919362
0.919363
0.919363
0.919363
0.919363
0.919363
0.919363
0.919363
0.919363
0.919363
0.919363
0.919363
0.919363
0.919363
0.919363
0.919364
0.919364
0.919364
0.919364
0.919364
0.919364
0.919364
0.919364
0.919364
0.919364
0.919364
0.919364
0.919364
0.919364
0.919364
0.919364
0.919364
0.919364
0.919364
0.919364
0.919364
0.919364
0.919364
0.919364
0.919364
0.919364
0.919364
0.919364
0.919364
0.919364
0.919364
0.919364
0.919364
0.919364
0.919364
0.919364
0.919364
0.919364
0.919364
0.919364
0.919364
0.919364
0.919364
0.919364
0.919364
0.919364
0.919364
0.919364
0.919364
0.919364
0.919364
0.919364
0.919364
0.919364
0.919364
0.919364
0.919364
0.919364
0.919364
0.919364
0.919364
0.919364
0.919364
0.919364
0.919364
0.919364
0.919364
0.919364
0.919364
0.919364
0.919364
0.919364
0.919364
0.919364
0.919364
0.919364
0.919364
0.919364
0.919364
0.919364
0.919364
0.919364
0.919364
0.919364
0.919364
0.919364
0.919364
0.919364
0.919364
0.919364
0.919364
0.919364
0.919364
0.919364
0.919364
0.919364
0.919364
0.919364
0.919364
0.919364
0.919364
0.919364
0.919364
0.919364
0.919364
0.919364
0.919364
0.919364
0.919364
0.919364
0.919364
0.919364
0.919364
0.919364
0.919364
0.919364
0.919364
0.919364
0.919364
0.919364
0.919364
0.919364
0.919364
0.919364
0.919364
0.919364
0.919364
0.919364
0.919364
0.919364
0.919364
0.919364
0.919364
0.919364
0.919364
0.919364
0.919364
0.919364
0.919364
0.919364
0.919364
0.919364
0.919364
0.919364
0.919364
0.919364
0.919364
0.919364
0.919364
0.919364
0.919364
0.919364
0.919364
0.919364
0.919364
0.919364
0.919364
0.919364
0.919364
0.919364
0.919364
0.919364
0.919364
0.919364
0.919364
0.919364
0.919364
0.919364
0.919364
0.919364
0.919364
0.919364
0.919364
0.919364
0.919364
0.919364
0.919364
0.919364
0.919364
0.919364
0.919364
0.919364
0.919364
0.919364
0.919364
0.919364
0.919364
0.919364
0.919364
0.919364
0.919364
0.919364
0.919364
0.919364
0.919364
0.919364
0.919364
0.919364
0.919364
0.919364
0.919364
0.919364
0.919364
0.919364
0.919364
0.919364
0.919364
0.919364
0.919364
0.919364
0.919364
0.919364
0.919364
0.919364
0.919364
0.919364
0.919364
0.919364
0.919364
0.919364
0.919364
0.919364
0.919364
0.919364
0.919364
0.919364
0.919364
0.919364
0.919364
0.919364
0.919364
0.919364
0.919364
0.919364
0.919364
0.919364
0.919364
0.919364
0.919364
0.919364
0.919364
0.919364
0.919364
0.919364
0.919364
0.919364
0.919364
0.919364
0.919364
0.919364
0.919364
0.919364
0.919364
0.919364
0.919364
0.919364
0.919364
0.919364
