0.000000
0.014345
0.031774
0.062716
0.110926
0.163487
0.207167
0.238162
0.251181
0.257707
0.261362
0.263875
0.266001
0.268016
0.270006
0.271990
0.273970
0.275945
0.277913
0.279876
0.281833
0.283783
0.285728
0.287666
0.289599
0.291526
0.293447
0.295362
0.297272
0.299176
0.301075
0.302968
0.304855
0.306738
0.308615
0.310486
0.312353
0.314214
0.316069
0.317977
0.319689
0.321382
0.323068
0.324750
0.326427
0.328100
0.329769
0.331434
0.333094
0.334750
0.336402
0.338049
0.339693
0.341332
0.342967
0.344598
0.346224
0.347847
0.349465
0.351080
0.352690
0.354296
0.355898
0.357496
0.359090
0.360680
0.362265
0.363847
0.365425
0.366999
0.368568
0.370134
0.371696
0.373253
0.374807
0.376357
0.377903
0.379445
0.380983
0.382517
0.384047
0.385573
0.387096
0.388614
0.390129
0.391640
0.393147
0.394650
0.396149
0.397645
0.399137
0.400624
0.402109
0.403589
0.405066
0.406538
0.408007
0.409473
0.410934
0.412392
0.413847
0.415297
0.416744
0.418187
0.419626
0.421062
0.422494
0.423923
0.425348
0.426769
0.428187
0.429601
0.431011
0.432418
0.433821
0.435221
0.436617
0.438009
0.439399
0.440784
0.442166
0.443544
0.444919
0.446291
0.447659
0.449023
0.450384
0.451742
0.453096
0.454447
0.455794
0.457138
0.458478
0.459815
0.461149
0.462479
0.463806
0.465129
0.466449
0.467766
0.469079
0.470389
0.471696
0.472999
0.474299
0.475596
0.476889
0.478179
0.479466
0.480750
0.482030
0.483307
0.484581
0.485852
0.487119
0.488383
0.489644
0.490902
0.492156
0.493408
0.494656
0.495901
0.497143
0.498381
0.499617
0.500849
0.502079
0.503305
0.504528
0.505748
0.506964
0.508178
0.509389
0.510596
0.511801
0.513002
0.514200
0.515396
0.516588
0.517777
0.518963
0.520147
0.521327
0.522504
0.523678
0.524849
0.526018
0.527183
0.528345
0.529505
0.530661
0.531815
0.532965
0.534113
0.535258
0.536399
0.537538
0.538674
0.539807
0.540938
0.542065
0.543190
0.544311
0.545430
0.546546
0.547659
0.548770
0.549877
0.550982
0.552084
0.553183
0.554279
0.555373
0.556463
0.557551
0.558637
0.559719
0.560799
0.561876
0.562950
0.564022
0.565091
0.566157
0.567220
0.568281
0.569339
0.570394
0.571447
0.572497
0.573544
0.574589
0.575631
0.576670
0.577707
0.578741
0.579773
0.580802
0.581828
0.582851
0.583873
0.584891
0.585907
0.586920
0.587931
0.588939
0.589945
0.590948
0.591949
0.592947
0.593942
0.594935
0.595926
0.596914
0.597900
0.598883
0.599863
0.600841
0.601817
0.602790
0.603760
0.604729
0.605694
0.606658
0.607619
0.608577
0.609533
0.610487
0.611438
0.612387
0.613333
0.614277
0.615219
0.616158
0.617095
0.618029
0.618962
0.619891
0.620819
0.621744
0.622667
0.623587
0.624506
0.625421
0.626335
0.627246
0.628155
0.629062
0.629966
0.630868
0.631768
0.632666
0.633561
0.634454
0.635345
0.636233
0.637120
0.638004
0.638886
0.639765
0.640643
0.641518
0.642391
0.643262
0.644131
0.644997
0.645861
0.646724
0.647584
0.648441
0.649297
0.650151
0.651002
0.651851
0.652699
0.653544
0.654387
0.655227
0.656066
0.656903
0.657737
0.658570
0.659400
0.660228
0.661054
0.661879
0.662701
0.663521
0.664339
0.665155
0.665968
0.666780
0.667590
0.668398
0.669204
0.670008
0.670810
0.671609
0.672407
0.673203
0.673997
0.674789
0.675579
0.676367
0.677153
0.677937
0.678719
0.679499
0.680278
0.681054
0.681828
0.682601
0.683371
0.684140
0.684907
0.685672
0.686435
0.687196
0.687955
0.688712
0.689468
0.690222
0.690973
0.691723
0.692471
0.693218
0.693962
0.694705
0.695445
0.696184
0.696921
0.697657
0.698390
0.699122
0.699852
0.700580
0.701306
0.702031
0.702754
0.703475
0.704194
0.704911
0.705627
0.706341
0.707053
0.707764
0.708473
0.709180
0.709885
0.710589
0.711291
0.711991
0.712690
0.713386
0.714082
0.714775
0.715467
0.716157
0.716846
0.717532
0.718218
0.718901
0.719583
0.720263
0.720942
0.721619
0.722294
0.722968
0.723640
0.724310
0.724979
0.725646
0.726312
0.726976
0.727639
0.728299
0.728959
0.729617
0.730273
0.730927
0.731580
0.732232
0.732882
0.733530
0.734177
0.734823
0.735467
0.736109
0.736750
0.737389
0.738027
0.738663
0.739298
0.739931
0.740563
0.741193
0.741822
0.742450
0.743076
0.743700
0.744323
0.744945
0.745565
0.746183
0.746801
0.747416
0.748031
0.748644
0.749255
0.749865
0.750474
0.751082
0.751687
0.752292
0.752895
0.753497
0.754097
0.754696
0.755294
0.755890
0.756485
0.757078
0.757671
0.758262
0.758851
0.759439
0.760026
0.760612
0.761196
0.761779
0.762360
0.762940
0.763519
0.764097
0.764673
0.765248
0.765822
0.766395
0.766966
0.767536
0.768105
0.768672
0.769238
0.769803
0.770367
0.770929
0.771490
0.772050
0.772609
0.773167
0.773723
0.774278
0.774832
0.775384
0.775936
0.776486
0.777035
0.777583
0.778130
0.778675
0.779220
0.779763
0.780305
0.780846
0.781385
0.781924
0.782461
0.782997
0.783532
0.784066
0.784599
0.785131
0.785662
0.786191
0.786719
0.787247
0.787773
0.788298
0.788822
0.789345
0.789867
0.790387
0.790907
0.791425
0.791943
0.792459
0.792975
0.793489
0.794002
0.794515
0.795026
0.795536
0.796045
0.796553
0.797060
0.797566
0.798071
0.798575
0.799078
0.799580
0.800081
0.800581
0.801080
0.801578
0.802076
0.802572
0.803067
0.803561
0.804054
0.804546
0.805037
0.805528
0.806017
0.806506
0.806993
0.807480
0.807965
0.808450
0.808934
0.809416
0.809898
0.810379
0.810859
0.811339
0.811817
0.812294
0.812771
0.813246
0.813721
0.814195
0.814668
0.815140
0.815611
0.816082
0.816551
0.817020
0.817488
0.817955
0.818421
0.818886
0.819351
0.819814
0.820277
0.820739
0.821200
0.821660
0.822120
0.822579
0.823037
0.823494
0.823950
0.824405
0.824860
0.825314
0.825767
0.826220
0.826671
0.827122
0.827572
0.828021
0.828470
