0.000000
0.003406
0.010490
0.012194
0.013998
0.015928
0.018005
0.020255
0.022732
0.025449
0.028488
0.031902
0.035776
0.040225
0.045402
0.051508
0.058837
0.067862
0.079367
0.094703
0.116291
0.148797
0.200558
0.306616
0.490465
0.563579
0.572716
0.577909
0.583202
0.588611
0.594120
0.599712
0.605378
0.611108
0.616893
0.622728
0.628605
0.634519
0.640464
0.646672
0.652568
0.658483
0.664417
0.670366
0.676325
0.682289
0.688254
0.694216
0.700171
0.706113
0.712041
0.717948
0.723833
0.729691
0.735519
0.741312
0.747069
0.752785
0.758458
0.764084
0.769660
0.775183
0.780652
0.786063
0.791413
0.796701
0.801924
0.807080
0.812167
0.817182
0.822126
0.826995
0.831788
0.836504
0.841142
0.845700
0.850177
0.854573
0.858887
0.863118
0.867265
0.871328
0.875308
0.879202
0.883012
0.886738
0.890379
0.893935
0.897408
0.900796
0.904101
0.907324
0.910464
0.913522
0.916499
0.919397
0.922215
0.924955
0.927617
0.930203
0.932713
0.935150
0.937513
0.939804
0.942025
0.944176
0.946259
0.948275
0.950226
0.952112
0.953936
0.955698
0.957399
0.959043
0.960628
0.962158
0.963633
0.965055
0.966425
0.967745
0.969015
0.970238
0.971414
0.972546
0.973633
0.974678
0.975682
0.976646
0.977572
0.978460
0.979311
0.980128
0.980911
0.981661
0.982380
0.983068
0.983727
0.984357
0.984960
0.985537
0.986088
0.986615
0.987119
0.987599
0.988058
0.988496
0.988914
0.989313
0.989693
0.990056
0.990402
0.990731
0.991044
0.991343
0.991627
0.991898
0.992155
0.992400
0.992633
0.992854
0.993064
0.993264
0.993454
0.993634
0.993806
0.993968
0.994122
0.994269
0.994408
0.994539
0.994664
0.994782
0.994895
0.995001
0.995101
0.995197
0.995287
0.995372
0.995453
0.995530
0.995602
0.995671
0.995735
0.995797
0.995855
0.995909
0.995961
0.996010
0.996056
0.996100
0.996141
0.996180
0.996216
0.996251
0.996284
0.996315
0.996344
0.996371
0.996397
0.996421
0.996445
0.996466
0.996487
0.996506
0.996524
0.996541
0.996557
0.996573
0.996587
0.996600
0.996613
0.996625
0.996636
0.996647
0.996657
0.996666
0.996675
0.996683
0.996691
0.996699
0.996706
0.996712
0.996718
0.996724
0.996729
0.996735
0.996739
0.996744
0.996748
0.996752
0.996756
0.996759
0.996763
0.996766
0.996769
0.996771
0.996774
0.996776
0.996779
0.996781
0.996783
0.996785
0.996786
0.996788
0.996790
0.996791
0.996793
0.996794
0.996795
0.996796
0.996797
0.996798
0.996799
0.996800
0.996801
0.996802
0.996802
0.996803
0.996804
0.996804
0.996805
0.996805
0.996806
0.996806
0.996807
0.996807
0.996808
0.996808
0.996808
0.996809
0.996809
0.996809
0.996810
0.996810
0.996810
0.996810
0.996810
0.996811
0.996811
0.996811
0.996811
0.996811
0.996811
0.996812
0.996812
0.996812
0.996812
0.996812
0.996812
0.996812
0.996812
0.996812
0.996813
0.996813
0.996813
0.996813
0.996813
0.996813
0.996813
0.996813
0.996813
0.996813
0.996813
0.996813
0.996813
0.996813
0.996813
0.996813
0.996813
0.996813
0.996813
0.996813
0.996813
0.996813
0.996813
0.996813
0.996813
0.996813
0.996813
0.996813
0.996813
0.996813
0.996813
0.996813
0.996814
0.996814
0.996814
0.996814
0.996814
0.996814
0.996814
0.996814
0.996814
0.996814
0.996814
0.996814
0.996814
0.996814
0.996814
0.996814
0.996814
0.996814
0.996814
0.996814
0.996814
0.996814
0.996814
0.996814
0.996814
0.996814
0.996814
0.996814
0.996814
0.996814
0.996814
0.996814
0.996814
0.996814
0.996814
0.996814
0.996814
0.996814
0.996814
0.996814
0.996814
0.996814
0.996814
0.996814
0.996814
0.996814
0.996814
0.996814
0.996814
0.996814
0.996814
0.996814
0.996814
0.996814
0.996814
0.996814
0.996814
0.996814
0.996814
0.996814
0.996814
0.996814
0.996814
0.996814
0.996814
0.996814
0.996814
0.996814
0.996814
0.996814
0.996814
0.996814
0.996814
0.996814
0.996814
0.996814
0.996814
0.996814
0.996814
0.996814
0.996814
0.996814
0.996814
0.996814
0.996814
0.996814
0.996814
0.996814
0.996814
0.996814
0.996814
0.996814
0.996814
0.996814
0.996814
0.996814
0.996814
0.996814
0.996814
0.996814
0.996814
0.996814
0.996814
0.996814
0.996814
0.996814
0.996814
0.996814
0.996814
0.996814
0.996814
0.996814
0.996814
0.996814
0.996814
0.996814
0.996814
0.996814
0.996814
0.996814
0.996814
0.996814
0.996814
0.996814
0.996814
0.996814
0.996814
0.996814
0.996814
0.996814
0.996814
0.996814
0.996814
0.996814
0.996814
0.996814
0.996814
0.996814
0.996814
0.996814
0.996814
0.996814
0.996814
0.996814
0.996814
0.996814
0.996814
0.996814
0.996814
0.996814
0.996814
0.996814
0.996814
0.996814
0.996814
0.996814
0.996814
0.996814
0.996814
0.996814
0.996814
0.996814
0.996814
0.996814
0.996814
0.996814
0.996814
0.996814
0.996814
0.996814
0.996814
0.996814
0.996814
0.996814
0.996814
0.996814
0.996814
0.996814
0.996814
0.996814
0.996814
0.996814
0.996814
0.996814
0.996814
0.996814
0.996814
0.996814
0.996814
0.996814
0.996814
0.996814
0.996814
0.996814
0.996814
0.996814
0.996814
0.996814
0.996814
0.996814
0.996814
0.996814
0.996814
0.996814
0.996814
0.996814
0.996814
0.996814
0.996814
0.996814
0.996814
0.996814
0.996814
0.996814
0.996814
0.996814
0.996814
0.996814
0.996814
0.996814
0.996814
0.996814
0.996814
0.996814
0.996814
0.996814
0.996814
0.996814
0.996814
0.996814
0.996814
0.996814
0.996814
0.996814
0.996814
0.996814
0.996814
0.996814
0.996814
0.996814
0.996814
0.996814
0.996814
0.996814
0.996814
0.996814
0.996814
0.996814
0.996814
0.996814
0.996814
0.996814
0.996814
0.996814
0.996814
0.996814
0.996814
0.996814
0.996814
0.996814
0.996814
0.996814
0.996814
0.996814
0.996814
0.996814
0.996814
0.996814
0.996814
0.996814
0.996814
0.996814
0.996814
0.996814
0.996814
0.996814
