0.000000
0.152481
0.048368
0.082151
0.111059
0.136085
0.158230
0.178159
0.196363
0.213200
0.228931
0.243755
0.257843
0.271340
0.284357
0.296971
0.309293
0.321461
0.333650
0.346127
0.359617
0.372360
0.380142
0.386630
0.393120
0.399643
0.406198
0.412780
0.419386
0.426013
0.432656
0.439313
0.445979
0.452652
0.459327
0.466001
0.472670
0.479330
0.485979
0.492852
0.499372
0.505880
0.512369
0.518835
0.525272
0.531676
0.538045
0.544373
0.550658
0.556895
0.563082
0.569215
0.575291
0.581306
0.587257
0.593142
0.598958
0.604702
0.610371
0.615963
0.621476
0.626907
0.632255
0.637516
0.642691
0.647776
0.652770
0.657672
0.662481
0.667195
0.671814
0.676335
0.680760
0.685087
0.689315
0.693445
0.697475
0.701407
0.705239
0.708973
0.712608
0.716144
0.719583
0.722925
0.726170
0.729319
0.732373
0.735334
0.738202
0.740978
0.743664
0.746260
0.748769
0.751191
0.753528
0.755782
0.757954
0.760046
0.762060
0.763996
0.765858
0.767646
0.769363
0.771010
0.772589
0.774102
0.775550
0.776937
0.778262
0.779529
0.780739
0.781893
0.782995
0.784044
0.785044
0.785996
0.786902
0.787763
0.788580
0.789357
0.790094
0.790792
0.791454
0.792081
0.792675
0.793236
0.793766
0.794267
0.794739
0.795185
0.795605
0.796001
0.796374
0.796725
0.797054
0.797364
0.797655
0.797927
0.798183
0.798423
0.798647
0.798857
0.799054
0.799237
0.799409
0.799569
0.799718
0.799857
0.799986
0.800107
0.800219
0.800323
0.800420
0.800510
0.800594
0.800671
0.800743
0.800809
0.800870
0.800927
0.800979
0.801028
0.801073
0.801114
0.801152
0.801187
0.801219
0.801248
0.801276
0.801301
0.801324
0.801345
0.801364
0.801382
0.801398
0.801413
0.801426
0.801438
0.801450
0.801460
0.801469
0.801478
0.801486
0.801493
0.801499
0.801505
0.801510
0.801515
0.801520
0.801524
0.801527
0.801530
0.801533
0.801536
0.801538
0.801541
0.801542
0.801544
0.801546
0.801547
0.801549
0.801550
0.801551
0.801552
0.801552
0.801553
0.801554
0.801555
0.801555
0.801556
0.801556
0.801556
0.801557
0.801557
0.801557
0.801558
0.801558
0.801558
0.801558
0.801558
0.801558
0.801559
0.801559
0.801559
0.801559
0.801559
0.801559
0.801559
0.801559
0.801559
0.801559
0.801559
0.801559
0.801559
0.801559
0.801559
0.801559
0.801559
0.801559
0.801559
0.801559
0.801559
0.801559
0.801559
0.801559
0.801559
0.801559
0.801559
0.801559
0.801559
0.801559
0.801559
0.801559
0.801559
0.801559
0.801559
0.801559
0.801559
0.801559
0.801559
0.801559
0.801559
0.801559
0.801559
0.801559
0.801559
0.801559
0.801559
0.801559
0.801559
0.801559
0.801559
0.801559
0.801559
0.801559
0.801559
0.801559
0.801559
0.801559
0.801559
0.801559
0.801559
0.801559
0.801559
0.801559
0.801559
0.801559
0.801559
0.801559
0.801559
0.801559
0.801559
0.801559
0.801559
0.801559
0.801559
0.801559
0.801559
0.801559
0.801559
0.801559
0.801559
0.801559
0.801559
0.801559
0.801559
0.801559
0.801559
0.801559
0.801559
0.801559
0.801559
0.801559
0.801559
0.801559
0.801559
0.801559
0.801559
0.801559
0.801559
0.801559
0.801559
0.801559
0.801559
0.801559
0.801559
0.801559
0.801559
0.801559
0.801559
0.801559
0.801559
0.801559
0.801559
0.801559
0.801559
0.801559
0.801559
0.801559
0.801559
0.801559
0.801559
0.801559
0.801559
0.801559
0.801559
0.801559
0.801559
0.801559
0.801559
0.801559
0.801559
0.801559
0.801559
0.801559
0.801559
0.801559
0.801559
0.801559
0.801559
0.801559
0.801559
0.801559
0.801559
0.801559
0.801559
0.801559
0.801559
0.801559
0.801559
0.801559
0.801559
0.801559
0.801559
0.801559
0.801559
0.801559
0.801559
0.801559
0.801559
0.801559
0.801559
0.801559
0.801559
0.801559
0.801559
0.801559
0.801559
0.801559
0.801559
0.801559
0.801559
0.801559
0.801559
0.801559
0.801559
0.801559
0.801559
0.801559
0.801559
0.801559
0.801559
0.801559
0.801559
0.801559
0.801559
0.801559
0.801559
0.801559
0.801559
0.801559
0.801559
0.801559
0.801559
0.801559
0.801559
0.801559
0.801559
0.801559
0.801559
0.801559
0.801559
0.801559
0.801559
0.801559
0.801559
0.801559
0.801559
0.801559
0.801559
0.801559
0.801559
0.801559
0.801559
0.801559
0.801559
0.801559
0.801559
0.801559
0.801559
0.801559
0.801559
0.801559
0.801559
0.801559
0.801559
0.801559
0.801559
0.801559
0.801559
0.801559
0.801559
0.801559
0.801559
0.801559
0.801559
0.801559
0.801559
0.801559
0.801559
0.801559
0.801559
0.801559
0.801559
0.801559
0.801559
0.801559
0.801559
0.801559
0.801559
0.801559
0.801559
0.801559
0.801559
0.801559
0.801559
0.801559
0.801559
0.801559
0.801559
0.801559
0.801559
0.801559
0.801559
0.801559
0.801559
0.801559
0.801559
0.801559
0.801559
0.801559
0.801559
0.801559
0.801559
0.801559
0.801559
0.801559
0.801559
0.801559
0.801559
0.801559
0.801559
0.801559
0.801559
0.801559
0.801559
0.801559
0.801559
0.801559
0.801559
0.801559
0.801559
0.801559
0.801559
0.801559
0.801559
0.801559
0.801559
0.801559
0.801559
0.801559
0.801559
0.801559
0.801559
0.801559
0.801559
0.801559
0.801559
0.801559
0.801559
0.801559
0.801559
0.801559
0.801559
0.801559
0.801559
0.801559
0.801559
0.801559
0.801559
0.801559
0.801559
0.801559
0.801559
0.801559
0.801559
0.801559
0.801559
0.801559
0.801559
0.801559
0.801559
0.801559
0.801559
0.801559
0.801559
0.801559
0.801559
0.801559
0.801559
0.801559
0.801559
0.801559
0.801559
0.801559
0.801559
0.801559
0.801559
0.801559
0.801559
0.801559
0.801559
0.801559
0.801559
0.801559
0.801559
0.801559
0.801559
0.801559
0.801559
0.801559
0.801559
0.801559
0.801559
0.801559
0.801559
0.801559
0.801559
0.801559
0.801559
0.801559
0.801559
0.801559
0.801559
0.801559
0.801559
0.801559
0.801559
0.801559
0.801559
