0.000000
0.006004
0.012183
0.018676
0.025623
0.033222
0.041728
0.051514
0.063825
0.086636
0.123392
0.180097
0.235340
0.261018
0.266357
0.269464
0.271624
0.273692
0.275755
0.277812
0.279864
0.281909
0.283950
0.285984
0.288014
0.290039
0.292059
0.294076
0.296088
0.298098
0.300105
0.302109
0.304111
0.306111
0.308110
0.310106
0.312102
0.314097
0.316091
0.318135
0.319969
0.321797
0.323624
0.325453
0.327283
0.329114
0.330947
0.332782
0.334618
0.336456
0.338296
0.340137
0.341982
0.343828
0.345677
0.347528
0.349382
0.351239
0.353098
0.354960
0.356826
0.358694
0.360566
0.362440
0.364319
0.366200
0.368086
0.369975
0.371868
0.373764
0.375665
0.377569
0.379478
0.381390
0.383307
0.385229
0.387154
0.389084
0.391019
0.392958
0.394902
0.396851
0.398805
0.400763
0.402726
0.404695
0.406668
0.408647
0.410630
0.412619
0.414613
0.416613
0.418618
0.420628
0.422644
0.424665
0.426691
0.428724
0.430761
0.432805
0.434854
0.436908
0.438969
0.441035
0.443106
0.445184
0.447267
0.449356
0.451450
0.453551
0.455657
0.457769
0.459886
0.462010
0.464139
0.466274
0.468414
0.470560
0.472712
0.474870
0.477033
0.479202
0.481376
0.483556
0.485741
0.487932
0.490128
0.492329
0.494536
0.496748
0.498965
0.501188
0.503416
0.505648
0.507886
0.510129
0.512376
0.514628
0.516885
0.519147
0.521413
0.523684
0.525959
0.528239
0.530523
0.532811
0.535103
0.537399
0.539699
0.542003
0.544311
0.546622
0.548937
0.551255
0.553576
0.555901
0.558229
0.560560
0.562894
0.565230
0.567569
0.569911
0.572255
0.574602
0.576951
0.579302
0.581655
0.584009
0.586366
0.588724
0.591083
0.593444
0.595806
0.598169
0.600533
0.602898
0.605263
0.607629
0.609995
0.612362
0.614729
0.617096
0.619463
0.621829
0.624195
0.626561
0.628925
0.631289
0.633652
0.636014
0.638375
0.640734
0.643092
0.645448
0.647802
0.650154
0.652504
0.654852
0.657198
0.659541
0.661881
0.664219
0.666553
0.668885
0.671213
0.673538
0.675859
0.678177
0.680491
0.682801
0.685107
0.687408
0.689706
0.691999
0.694287
0.696570
0.698849
0.701123
0.703391
0.705654
0.707912
0.710165
0.712411
0.714652
0.716887
0.719116
0.721339
0.723555
0.725765
0.727969
0.730165
0.732355
0.734539
0.736715
0.738884
0.741046
0.743200
0.745347
0.747487
0.749618
0.751742
0.753858
0.755967
0.758067
0.760158
0.762242
0.764317
0.766384
0.768442
0.770491
0.772532
0.774563
0.776586
0.778600
0.780605
0.782600
0.784586
0.786563
0.788530
0.790488
0.792436
0.794375
0.796304
0.798223
0.800132
0.802031
0.803920
0.805799
0.807668
0.809526
0.811375
0.813213
0.815040
0.816858
0.818664
0.820461
0.822246
0.824021
0.825786
0.827539
0.829282
0.831014
0.832735
0.834446
0.836145
0.837833
0.839511
0.841177
0.842833
0.844477
0.846110
0.847732
0.849343
0.850943
0.852532
0.854109
0.855675
0.857230
0.858774
0.860307
0.861828
0.863338
0.864837
0.866324
0.867800
0.869265
0.870718
0.872161
0.873592
0.875011
0.876420
0.877817
0.879203
0.880577
0.881941
0.883293
0.884634
0.885964
0.887282
0.888590
0.889886
0.891171
0.892445
0.893708
0.894959
0.896200
0.897430
0.898649
0.899856
0.901053
0.902239
0.903414
0.904578
0.905732
0.906874
0.908006
0.909127
0.910238
0.911337
0.912427
0.913505
0.914573
0.915631
0.916678
0.917715
0.918742
0.919758
0.920764
0.921759
0.922745
0.923720
0.924686
0.925641
0.926586
0.927522
0.928447
0.929363
0.930269
0.931166
0.932052
0.932929
0.933797
0.934655
0.935503
0.936342
0.937172
0.937993
0.938804
0.939606
0.940399
0.941184
0.941959
0.942725
0.943482
0.944231
0.944970
0.945701
0.946424
0.947138
0.947843
0.948540
0.949229
0.949909
0.950581
0.951245
0.951901
0.952549
0.953188
0.953820
0.954444
0.955060
0.955668
0.956269
0.956862
0.957448
0.958026
0.958596
0.959160
0.959715
0.960264
0.960806
0.961340
0.961868
0.962388
0.962902
0.963408
0.963908
0.964401
0.964888
0.965368
0.965841
0.966308
0.966769
0.967223
0.967671
0.968112
0.968548
0.968977
0.969401
0.969818
0.970229
0.970635
0.971035
0.971429
0.971818
0.972200
0.972578
0.972950
0.973316
0.973677
0.974033
0.974383
0.974729
0.975069
0.975404
0.975734
0.976059
0.976379
0.976694
0.977005
0.977311
0.977612
0.977908
0.978200
0.978488
0.978771
0.979049
0.979324
0.979594
0.979859
0.980121
0.980378
0.980631
0.980880
0.981126
0.981367
0.981604
0.981838
0.982068
0.982294
0.982516
0.982735
0.982950
0.983161
0.983369
0.983574
0.983775
0.983973
0.984167
0.984359
0.984547
0.984731
0.984913
0.985092
0.985267
0.985440
0.985609
0.985776
0.985940
0.986101
0.986259
0.986414
0.986567
0.986717
0.986864
0.987009
0.987151
0.987290
0.987427
0.987562
0.987694
0.987824
0.987952
0.988077
0.988200
0.988320
0.988439
0.988555
0.988669
0.988781
0.988891
0.988999
0.989105
0.989209
0.989311
0.989411
0.989510
0.989606
0.989700
0.989793
0.989884
0.989973
0.990061
0.990147
0.990231
0.990313
0.990394
0.990474
0.990552
0.990628
0.990703
0.990776
0.990848
0.990919
0.990988
0.991055
0.991122
0.991187
0.991251
0.991313
0.991374
0.991434
0.991493
0.991551
0.991607
0.991662
0.991716
0.991769
0.991821
0.991872
0.991922
0.991971
0.992018
0.992065
0.992111
0.992156
0.992200
0.992243
0.992285
0.992326
0.992366
0.992405
0.992444
0.992482
0.992519
0.992555
0.992590
0.992625
0.992659
0.992692
0.992724
0.992756
0.992787
0.992817
0.992847
0.992876
0.992904
0.992932
0.992959
0.992986
0.993012
0.993037
0.993062
0.993086
0.993110
0.993133
0.993155
0.993177
0.993199
0.993220
0.993241
0.993261
0.993280
0.993300
0.993318
0.993337
0.993355
0.993372
0.993389
0.993406
0.993422
0.993438
0.993454
0.993469
0.993484
0.993498
0.993512
0.993526
0.993540
0.993553
