0.000000
0.019302
0.039040
0.059562
0.081254
0.104489
0.129989
0.175628
0.203782
0.233623
0.269543
0.311093
0.349737
0.365544
0.344610
0.305116
0.280414
0.276183
0.277931
0.280004
0.282069
0.284123
0.286166
0.288198
0.290220
0.292234
0.294238
0.296235
0.298224
0.300206
0.302181
0.304151
0.306115
0.308074
0.310028
0.311977
0.313923
0.315864
0.317802
0.319750
0.321490
0.323257
0.325025
0.326791
0.328556
0.330320
0.332082
0.333843
0.335602
0.337361
0.339118
0.340875
0.342631
0.344387
0.346141
0.347896
0.349649
0.351403
0.353156
0.354909
0.356662
0.358414
0.360167
0.361920
0.363672
0.365425
0.367179
0.368932
0.370686
0.372440
0.374195
0.375951
0.377707
0.379464
0.381221
0.382980
0.384739
0.386500
0.388261
0.390023
0.391787
0.393551
0.395317
0.397084
0.398853
0.400623
0.402394
0.404167
0.405942
0.407718
0.409496
0.411275
0.413057
0.414840
0.416625
0.418412
0.420201
0.421992
0.423784
0.425579
0.427376
0.429176
0.430977
0.432781
0.434587
0.436395
0.438206
0.440019
0.441834
0.443652
0.445472
0.447295
0.449120
0.450948
0.452778
0.454611
0.456447
0.458285
0.460126
0.461970
0.463816
0.465665
0.467516
0.469370
0.471227
0.473087
0.474950
0.476815
0.478683
0.480554
0.482427
0.484303
0.486182
0.488064
0.489948
0.491836
0.493726
0.495618
0.497514
0.499412
0.501312
0.503216
0.505122
0.507031
0.508942
0.510856
0.512772
0.514691
0.516613
0.518537
0.520464
0.522393
0.524324
0.526258
0.528194
0.530133
0.532074
0.534017
0.535962
0.537909
0.539859
0.541811
0.543765
0.545720
0.547678
0.549638
0.551599
0.553563
0.555528
0.557495
0.559463
0.561433
0.563405
0.565378
0.567353
0.569329
0.571307
0.573285
0.575265
0.577246
0.579228
0.581212
0.583196
0.585181
0.587167
0.589153
0.591141
0.593129
0.595117
0.597106
0.599096
0.601086
0.603076
0.605066
0.607057
0.609047
0.611038
0.613028
0.615019
0.617009
0.618998
0.620988
0.622976
0.624965
0.626952
0.628939
0.630926
0.632911
0.634895
0.636879
0.638861
0.640842
0.642822
0.644800
0.646777
0.648753
0.650726
0.652699
0.654669
0.656638
0.658604
0.660569
0.662531
0.664492
0.666450
0.668406
0.670359
0.672310
0.674258
0.676204
0.678146
0.680086
0.682023
0.683957
0.685888
0.687816
0.689740
0.691662
0.693579
0.695493
0.697404
0.699311
0.701214
0.703114
0.705009
0.706901
0.708788
0.710672
0.712551
0.714426
0.716296
0.718162
0.720024
0.721880
0.723733
0.725580
0.727423
0.729261
0.731093
0.732921
0.734744
0.736561
0.738373
0.740180
0.741982
0.743778
0.745568
0.747353
0.749132
0.750906
0.752673
0.754435
0.756191
0.757941
0.759685
0.761423
0.763154
0.764880
0.766599
0.768311
0.770018
0.771717
0.773411
0.775098
0.776778
0.778451
0.780118
0.781778
0.783431
0.785077
0.786716
0.788348
0.789973
0.791591
0.793202
0.794806
0.796403
0.797992
0.799574
0.801149
0.802716
0.804276
0.805828
0.807373
0.808910
0.810440
0.811962
0.813477
0.814984
0.816483
0.817974
0.819458
0.820933
0.822401
0.823861
0.825314
0.826758
0.828194
0.829623
0.831043
0.832456
0.833860
0.835256
0.836645
0.838025
0.839397
0.840761
0.842117
0.843464
0.844804
0.846135
0.847458
0.848773
0.850080
0.851379
0.852669
0.853951
0.855225
0.856490
0.857748
0.858997
0.860237
0.861470
0.862694
0.863910
0.865118
0.866317
0.867508
0.868691
0.869865
0.871032
0.872190
0.873339
0.874481
0.875614
0.876739
0.877856
0.878965
0.880065
0.881157
0.882241
0.883317
0.884384
0.885444
0.886495
0.887538
0.888573
0.889600
0.890619
0.891630
0.892633
0.893628
0.894614
0.895593
0.896564
0.897527
0.898481
0.899428
0.900367
0.901299
0.902222
0.903138
0.904045
0.904945
0.905838
0.906722
0.907599
0.908468
0.909330
0.910184
0.911030
0.911869
0.912700
0.913524
0.914340
0.915149
0.915951
0.916745
0.917531
0.918311
0.919083
0.919848
0.920606
0.921356
0.922100
0.922836
0.923565
0.924288
0.925003
0.925711
0.926413
0.927107
0.927795
0.928475
0.929149
0.929817
0.930477
0.931131
0.931778
0.932419
0.933053
0.933681
0.934302
0.934916
0.935525
0.936126
0.936722
0.937311
0.937894
0.938471
0.939042
0.939606
0.940165
0.940717
0.941264
0.941804
0.942339
0.942867
0.943390
0.943907
0.944419
0.944924
0.945424
0.945918
0.946407
0.946890
0.947368
0.947840
0.948307
0.948768
0.949224
0.949675
0.950120
0.950561
0.950996
0.951426
0.951850
0.952270
0.952685
0.953095
0.953500
0.953900
0.954295
0.954685
0.955071
0.955452
0.955828
0.956199
0.956566
0.956929
0.957287
0.957640
0.957989
0.958334
0.958674
0.959010
0.959341
0.959669
0.959992
0.960311
0.960626
0.960937
0.961243
0.961546
0.961845
0.962140
0.962431
0.962718
0.963001
0.963281
0.963557
0.963829
0.964098
0.964362
0.964624
0.964881
0.965136
0.965386
0.965634
0.965878
0.966118
0.966355
0.966589
0.966820
0.967047
0.967272
0.967493
0.967711
0.967926
0.968137
0.968346
0.968552
0.968755
0.968955
0.969152
0.969346
0.969538
0.969726
0.969912
0.970095
0.970276
0.970454
0.970629
0.970801
0.970971
0.971139
0.971304
0.971466
0.971626
0.971784
0.971939
0.972092
0.972243
0.972391
0.972537
0.972681
0.972822
0.972961
0.973099
0.973234
0.973367
0.973498
0.973626
0.973753
0.973878
0.974001
0.974122
0.974241
0.974358
0.974473
0.974586
0.974698
0.974807
0.974915
0.975022
0.975126
0.975229
0.975330
0.975429
0.975527
0.975623
0.975718
0.975811
0.975903
0.975993
0.976081
0.976168
0.976253
0.976338
0.976420
0.976501
0.976581
0.976660
0.976737
0.976813
0.976888
0.976961
0.977033
0.977104
0.977173
0.977241
0.977309
0.977375
0.977439
0.977503
0.977566
0.977627
0.977687
0.977747
0.977805
0.977862
0.977918
0.977974
0.978028
0.978081
0.978133
0.978184
0.978235
0.978284
0.978333
