0.000000
0.030858
0.063785
0.101394
0.146664
0.189070
0.211058
0.214693
0.215218
0.220179
0.227879
0.235939
0.244310
0.254115
0.260623
0.262751
0.264710
0.266663
0.268611
0.270554
0.272491
0.274423
0.276350
0.278271
0.280188
0.282099
0.284005
0.285906
0.287802
0.289694
0.291581
0.293463
0.295341
0.297214
0.299083
0.300948
0.302808
0.304665
0.306517
0.308399
0.310079
0.311763
0.313446
0.315125
0.316802
0.318476
0.320148
0.321816
0.323482
0.325145
0.326806
0.328463
0.330119
0.331772
0.333422
0.335070
0.336716
0.338360
0.340001
0.341640
0.343277
0.344911
0.346544
0.348174
0.349803
0.351430
0.353054
0.354677
0.356298
0.357917
0.359535
0.361150
0.362764
0.364377
0.365988
0.367597
0.369205
0.370812
0.372417
0.374021
0.375623
0.377224
0.378825
0.380423
0.382021
0.383618
0.385214
0.386808
0.388402
0.389995
0.391587
0.393178
0.394768
0.396358
0.397947
0.399536
0.401123
0.402711
0.404298
0.405884
0.407470
0.409055
0.410641
0.412226
0.413810
0.415395
0.416979
0.418564
0.420148
0.421732
0.423316
0.424901
0.426485
0.428069
0.429654
0.431239
0.432824
0.434410
0.435996
0.437582
0.439168
0.440755
0.442343
0.443931
0.445520
0.447109
0.448699
0.450290
0.451881
0.453473
0.455066
0.456660
0.458254
0.459849
0.461446
0.463043
0.464641
0.466241
0.467841
0.469442
0.471045
0.472648
0.474253
0.475859
0.477467
0.479075
0.480685
0.482296
0.483908
0.485522
0.487137
0.488753
0.490371
0.491991
0.493612
0.495234
0.496858
0.498483
0.500110
0.501738
0.503369
0.505000
0.506633
0.508268
0.509905
0.511543
0.513183
0.514824
0.516468
0.518113
0.519759
0.521408
0.523058
0.524710
0.526363
0.528019
0.529676
0.531335
0.532996
0.534658
0.536322
0.537988
0.539656
0.541326
0.542997
0.544670
0.546345
0.548022
0.549700
0.551381
0.553063
0.554746
0.556432
0.558119
0.559808
0.561499
0.563191
0.564885
0.566581
0.568278
0.569977
0.571678
0.573380
0.575084
0.576790
0.578497
0.580205
0.581916
0.583627
0.585340
0.587055
0.588771
0.590489
0.592208
0.593928
0.595649
0.597372
0.599096
0.600822
0.602549
0.604276
0.606005
0.607736
0.609467
0.611199
0.612932
0.614667
0.616402
0.618138
0.619875
0.621613
0.623352
0.625091
0.626832
0.628572
0.630314
0.632056
0.633799
0.635542
0.637285
0.639029
0.640774
0.642519
0.644264
0.646009
0.647754
0.649500
0.651245
0.652991
0.654736
0.656482
0.658227
0.659972
0.661717
0.663462
0.665206
0.666950
0.668693
0.670436
0.672178
0.673920
0.675660
0.677401
0.679140
0.680878
0.682616
0.684352
0.686088
0.687822
0.689555
0.691287
0.693018
0.694747
0.696474
0.698201
0.699925
0.701648
0.703370
0.705089
0.706807
0.708523
0.710237
0.711949
0.713658
0.715366
0.717071
0.718775
0.720475
0.722174
0.723869
0.725563
0.727253
0.728941
0.730626
0.732309
0.733988
0.735665
0.737338
0.739009
0.740676
0.742340
0.744000
0.745657
0.747311
0.748962
0.750608
0.752251
0.753891
0.755526
0.757158
0.758786
0.760409
0.762029
0.763645
0.765256
0.766864
0.768466
0.770065
0.771659
0.773249
0.774834
0.776414
0.777990
0.779560
0.781127
0.782688
0.784244
0.785795
0.787341
0.788882
0.790418
0.791948
0.793474
0.794993
0.796508
0.798017
0.799520
0.801018
0.802510
0.803996
0.805477
0.806951
0.808420
0.809883
0.811340
0.812791
0.814235
0.815674
0.817106
0.818532
0.819952
0.821365
0.822772
0.824173
0.825567
0.826954
0.828335
0.829710
0.831077
0.832438
0.833792
0.835139
0.836480
0.837813
0.839140
0.840459
0.841772
0.843078
0.844376
0.845667
0.846952
0.848229
0.849498
0.850761
0.852016
0.853264
0.854505
0.855738
0.856964
0.858182
0.859393
0.860597
0.861792
0.862981
0.864162
0.865335
0.866501
0.867659
0.868809
0.869952
0.871087
0.872214
0.873334
0.874446
0.875550
0.876647
0.877735
0.878816
0.879889
0.880955
0.882012
0.883062
0.884104
0.885138
0.886164
0.887182
0.888193
0.889196
0.890190
0.891177
0.892157
0.893128
0.894091
0.895047
0.895995
0.896935
0.897867
0.898791
0.899707
0.900616
0.901517
0.902410
0.903295
0.904173
0.905042
0.905904
0.906758
0.907605
0.908444
0.909275
0.910098
0.910914
0.911722
0.912522
0.913315
0.914100
0.914878
0.915648
0.916411
0.917166
0.917913
0.918653
0.919386
0.920111
0.920829
0.921540
0.922243
0.922939
0.923627
0.924309
0.924983
0.925650
0.926310
0.926962
0.927608
0.928246
0.928878
0.929502
0.930120
0.930731
0.931334
0.931931
0.932521
0.933104
0.933681
0.934251
0.934814
0.935370
0.935920
0.936463
0.937000
0.937530
0.938054
0.938572
0.939083
0.939588
0.940086
0.940579
0.941065
0.941545
0.942018
0.942486
0.942948
0.943404
0.943854
0.944297
0.944736
0.945168
0.945594
0.946015
0.946430
0.946840
0.947244
0.947642
0.948035
0.948423
0.948805
0.949182
0.949553
0.949919
0.950280
0.950636
0.950987
0.951333
0.951673
0.952009
0.952340
0.952666
0.952987
0.953303
0.953614
0.953921
0.954223
0.954521
0.954814
0.955103
0.955387
0.955666
0.955941
0.956212
0.956479
0.956741
0.957000
0.957254
0.957504
0.957750
0.957992
0.958230
0.958464
0.958694
0.958921
0.959143
0.959362
0.959578
0.959789
0.959997
0.960202
0.960403
0.960600
0.960794
0.960985
0.961172
0.961356
0.961537
0.961715
0.961889
0.962061
0.962229
0.962394
0.962556
0.962716
0.962872
0.963025
0.963176
0.963324
0.963469
0.963611
0.963751
0.963888
0.964022
0.964154
0.964284
0.964410
0.964535
0.964657
0.964776
0.964894
0.965008
0.965121
0.965232
0.965340
0.965446
0.965550
0.965652
0.965751
0.965849
0.965945
0.966038
0.966130
0.966220
0.966308
0.966394
0.966479
0.966561
0.966642
0.966721
0.966799
0.966874
0.966948
0.967021
0.967092
0.967161
0.967229
0.967296
0.967360
0.967424
0.967486
0.967547
0.967606
0.967664
