0.000000
0.022464
0.049577
0.091325
0.141996
0.183417
0.208875
0.223097
0.232371
0.240375
0.248809
0.258875
0.262869
0.264861
0.266839
0.268811
0.270777
0.272737
0.274691
0.276638
0.278579
0.280514
0.282443
0.284365
0.286282
0.288193
0.290098
0.291997
0.293890
0.295778
0.297659
0.299536
0.301407
0.303272
0.305132
0.306986
0.308836
0.310679
0.312518
0.314400
0.316086
0.317760
0.319429
0.321093
0.322754
0.324410
0.326061
0.327709
0.329352
0.330991
0.332626
0.334257
0.335884
0.337506
0.339124
0.340739
0.342349
0.343955
0.345557
0.347154
0.348748
0.350338
0.351924
0.353506
0.355083
0.356657
0.358227
0.359793
0.361355
0.362912
0.364466
0.366016
0.367563
0.369105
0.370643
0.372177
0.373708
0.375235
0.376758
0.378277
0.379792
0.381303
0.382811
0.384315
0.385815
0.387311
0.388803
0.390292
0.391777
0.393258
0.394736
0.396210
0.397680
0.399146
0.400609
0.402068
0.403523
0.404975
0.406423
0.407868
0.409309
0.410746
0.412180
0.413610
0.415037
0.416460
0.417879
0.419295
0.420708
0.422117
0.423522
0.424924
0.426322
0.427717
0.429109
0.430497
0.431882
0.433263
0.434641
0.436015
0.437386
0.438753
0.440118
0.441479
0.442836
0.444190
0.445541
0.446889
0.448233
0.449574
0.450911
0.452246
0.453577
0.454905
0.456229
0.457550
0.458869
0.460184
0.461495
0.462804
0.464109
0.465411
0.466710
0.468006
0.469299
0.470588
0.471875
0.473158
0.474438
0.475716
0.476990
0.478261
0.479529
0.480794
0.482056
0.483315
0.484570
0.485823
0.487073
0.488320
0.489564
0.490805
0.492043
0.493278
0.494511
0.495740
0.496966
0.498190
0.499411
0.500628
0.501843
0.503055
0.504265
0.505471
0.506675
0.507875
0.509073
0.510269
0.511461
0.512651
0.513838
0.515022
0.516203
0.517382
0.518558
0.519732
0.520902
0.522070
0.523236
0.524399
0.525559
0.526716
0.527871
0.529023
0.530173
0.531320
0.532464
0.533606
0.534746
0.535883
0.537017
0.538149
0.539278
0.540405
0.541529
0.542651
0.543771
0.544888
0.546002
0.547114
0.548224
0.549331
0.550436
0.551539
0.552639
0.553737
0.554832
0.555925
0.557016
0.558104
0.559191
0.560274
0.561356
0.562435
0.563512
0.564587
0.565660
0.566730
0.567798
0.568864
0.569928
0.570990
0.572049
0.573107
0.574162
0.575215
0.576266
0.577315
0.578361
0.579406
0.580448
0.581489
0.582527
0.583564
0.584598
0.585630
0.586661
0.587689
0.588716
0.589740
0.590762
0.591783
0.592801
0.593818
0.594833
0.595846
0.596857
0.597866
0.598873
0.599878
0.600882
0.601883
0.602883
0.603881
0.604877
0.605872
0.606865
0.607855
0.608845
0.609832
0.610818
0.611802
0.612784
0.613764
0.614743
0.615721
0.616696
0.617670
0.618642
0.619613
0.620582
0.621549
0.622515
0.623479
0.624442
0.625403
0.626363
0.627321
0.628277
0.629232
0.630186
0.631138
0.632088
0.633037
0.633985
0.634931
0.635876
0.636819
0.637761
0.638701
0.639640
0.640578
0.641514
0.642449
0.643383
0.644315
0.645246
0.646176
0.647104
0.648031
0.648957
0.649881
0.650805
0.651726
0.652647
0.653567
0.654485
0.655402
0.656318
0.657233
0.658146
0.659059
0.659970
0.660880
0.661789
0.662696
0.663603
0.664509
0.665413
0.666317
0.667219
0.668120
0.669020
0.669920
0.670818
0.671715
0.672611
0.673506
0.674400
0.675293
0.676185
0.677076
0.677967
0.678856
0.679744
0.680632
0.681518
0.682404
0.683288
0.684172
0.685055
0.685937
0.686818
0.687698
0.688578
0.689456
0.690334
0.691211
0.692087
0.692963
0.693837
0.694711
0.695584
0.696456
0.697328
0.698198
0.699068
0.699937
0.700806
0.701674
0.702541
0.703407
0.704273
0.705138
0.706002
0.706865
0.707728
0.708590
0.709452
0.710313
0.711173
0.712033
0.712892
0.713750
0.714608
0.715465
0.716322
0.717178
0.718033
0.718888
0.719742
0.720595
0.721448
0.722301
0.723153
0.724004
0.724855
0.725705
0.726555
0.727404
0.728253
0.729101
0.729948
0.730795
0.731642
0.732488
0.733334
0.734179
0.735023
0.735867
0.736711
0.737554
0.738397
0.739239
0.740080
0.740922
0.741762
0.742603
0.743442
0.744282
0.745121
0.745959
0.746797
0.747635
0.748472
0.749308
0.750144
0.750980
0.751816
0.752650
0.753485
0.754319
0.755152
0.755985
0.756818
0.757650
0.758482
0.759313
0.760144
0.760975
0.761805
0.762635
0.763464
0.764292
0.765121
0.765949
0.766776
0.767603
0.768430
0.769256
0.770081
0.770907
0.771731
0.772556
0.773380
0.774203
0.775026
0.775849
0.776671
0.777492
0.778313
0.779134
0.779954
0.780774
0.781593
0.782412
0.783230
0.784048
0.784865
0.785682
0.786498
0.787314
0.788129
0.788944
0.789758
0.790572
0.791385
0.792198
0.793010
0.793821
0.794632
0.795443
0.796252
0.797062
0.797870
0.798678
0.799486
0.800293
0.801099
0.801905
0.802710
0.803514
0.804318
0.805121
0.805924
0.806726
0.807527
0.808328
0.809127
0.809927
0.810725
0.811523
0.812320
0.813116
0.813912
0.814707
0.815501
0.816294
0.817087
0.817878
0.818669
0.819460
0.820249
0.821038
0.821825
0.822612
0.823398
0.824183
0.824968
0.825751
0.826534
0.827315
0.828096
0.828876
0.829655
0.830433
0.831210
0.831986
0.832760
0.833534
0.834307
0.835079
0.835850
0.836620
0.837389
0.838157
0.838923
0.839689
0.840454
0.841217
0.841979
0.842740
0.843500
0.844259
0.845016
0.845773
0.846528
0.847282
0.848034
0.848786
0.849536
0.850285
0.851033
0.851779
0.852524
0.853267
0.854010
0.854751
0.855490
0.856228
0.856965
0.857700
0.858434
0.859167
0.859898
0.860627
0.861355
0.862082
0.862807
0.863530
0.864252
0.864972
0.865691
0.866408
0.867124
0.867838
0.868550
0.869261
0.869970
0.870677
0.871383
0.872087
0.872789
0.873489
0.874188
0.874885
0.875580
0.876273
0.876965
0.877655
0.878342
0.879028
0.879713
0.880395
0.881075
0.881754
0.882430
0.883105
0.883777
0.884448
