0.000000
0.017392
0.035357
0.054829
0.080013
0.116436
0.161049
0.202534
0.233195
0.253384
0.259391
0.261702
0.263383
0.265156
0.267076
0.269052
0.271029
0.273000
0.274964
0.276923
0.278875
0.280820
0.282760
0.284694
0.286622
0.288544
0.290460
0.292371
0.294275
0.296174
0.298068
0.299956
0.301838
0.303716
0.305587
0.307454
0.309315
0.311171
0.313021
0.314916
0.316613
0.318298
0.319978
0.321653
0.323325
0.324992
0.326654
0.328313
0.329967
0.331617
0.333263
0.334905
0.336543
0.338176
0.339805
0.341430
0.343051
0.344668
0.346281
0.347890
0.349495
0.351095
0.352692
0.354285
0.355873
0.357458
0.359038
0.360615
0.362188
0.363756
0.365321
0.366882
0.368439
0.369992
0.371541
0.373086
0.374627
0.376165
0.377698
0.379228
0.380754
0.382276
0.383794
0.385309
0.386820
0.388326
0.389830
0.391329
0.392825
0.394317
0.395805
0.397289
0.398770
0.400247
0.401721
0.403191
0.404657
0.406119
0.407578
0.409033
0.410485
0.411933
0.413378
0.414819
0.416256
0.417690
0.419120
0.420547
0.421970
0.423390
0.424806
0.426219
0.427628
0.429034
0.430436
0.431835
0.433230
0.434623
0.436011
0.437396
0.438778
0.440157
0.441532
0.442904
0.444272
0.445638
0.446999
0.448358
0.449713
0.451065
0.452414
0.453759
0.455102
0.456440
0.457776
0.459109
0.460438
0.461764
0.463087
0.464407
0.465724
0.467037
0.468347
0.469655
0.470959
0.472260
0.473558
0.474853
0.476144
0.477433
0.478719
0.480001
0.481281
0.482558
0.483831
0.485102
0.486369
0.487634
0.488896
0.490155
0.491410
0.492663
0.493913
0.495161
0.496405
0.497646
0.498885
0.500120
0.501353
0.502583
0.503810
0.505035
0.506256
0.507475
0.508691
0.509904
0.511115
0.512322
0.513527
0.514730
0.515929
0.517126
0.518320
0.519512
0.520701
0.521887
0.523070
0.524251
0.525430
0.526605
0.527779
0.528949
0.530117
0.531283
0.532445
0.533606
0.534764
0.535919
0.537072
0.538222
0.539370
0.540515
0.541658
0.542799
0.543937
0.545072
0.546205
0.547336
0.548465
0.549591
0.550714
0.551836
0.552955
0.554071
0.555185
0.556297
0.557407
0.558515
0.559620
0.560723
0.561823
0.562921
0.564018
0.565111
0.566203
0.567293
0.568380
0.569465
0.570548
0.571629
0.572708
0.573784
0.574859
0.575931
0.577001
0.578069
0.579135
0.580199
0.581261
0.582321
0.583379
0.584435
0.585489
0.586540
0.587590
0.588638
0.589684
0.590728
0.591770
0.592810
0.593848
0.594884
0.595919
0.596951
0.597982
0.599011
0.600037
0.601062
0.602086
0.603107
0.604127
0.605144
0.606160
0.607174
0.608187
0.609197
0.610206
0.611213
0.612219
0.613223
0.614225
0.615225
0.616223
0.617220
0.618216
0.619209
0.620201
0.621192
0.622180
0.623168
0.624153
0.625137
0.626119
0.627100
0.628079
0.629057
0.630033
0.631008
0.631981
0.632952
0.633922
0.634891
0.635858
0.636824
0.637788
0.638750
0.639712
0.640671
0.641630
0.642587
0.643542
0.644497
0.645449
0.646401
0.647351
0.648300
0.649247
0.650193
0.651138
0.652081
0.653023
0.653964
0.654903
0.655842
0.656778
0.657714
0.658649
0.659582
0.660514
0.661444
0.662374
0.663302
0.664229
0.665155
0.666080
0.667003
0.667925
0.668847
0.669767
0.670685
0.671603
0.672520
0.673435
0.674350
0.675263
0.676175
0.677086
0.677996
0.678905
0.679813
0.680720
0.681625
0.682530
0.683434
0.684336
0.685238
0.686138
0.687038
0.687937
0.688834
0.689731
0.690626
0.691521
0.692415
0.693307
0.694199
0.695090
0.695980
0.696869
0.697757
0.698644
0.699530
0.700415
0.701300
0.702183
0.703066
0.703947
0.704828
0.705708
0.706587
0.707465
0.708342
0.709219
0.710094
0.710969
0.711843
0.712716
0.713588
0.714460
0.715330
0.716200
0.717069
0.717937
0.718805
0.719671
0.720537
0.721402
0.722266
0.723129
0.723992
0.724854
0.725715
0.726575
0.727435
0.728293
0.729151
0.730009
0.730865
0.731721
0.732576
0.733430
0.734283
0.735136
0.735988
0.736839
0.737690
0.738540
0.739389
0.740237
0.741085
0.741932
0.742778
0.743623
0.744468
0.745312
0.746155
0.746998
0.747839
0.748680
0.749521
0.750360
0.751199
0.752038
0.752875
0.753712
0.754548
0.755383
0.756218
0.757052
0.757885
0.758718
0.759550
0.760381
0.761211
0.762041
0.762870
0.763698
0.764526
0.765352
0.766178
0.767004
0.767828
0.768652
0.769475
0.770298
0.771120
0.771941
0.772761
0.773580
0.774399
0.775217
0.776034
0.776851
0.777667
0.778482
0.779296
0.780109
0.780922
0.781734
0.782545
0.783356
0.784165
0.784974
0.785782
0.786590
0.787396
0.788202
0.789007
0.789811
0.790614
0.791417
0.792219
0.793019
0.793820
0.794619
0.795417
0.796215
0.797011
0.797807
0.798602
0.799396
0.800190
0.800982
0.801774
0.802564
0.803354
0.804143
0.804931
0.805718
0.806504
0.807289
0.808074
0.808857
0.809640
0.810421
0.811202
0.811981
0.812760
0.813538
0.814314
0.815090
0.815865
0.816638
0.817411
0.818183
0.818954
0.819723
0.820492
0.821259
0.822026
0.822791
0.823556
0.824319
0.825082
0.825843
0.826603
0.827362
0.828120
0.828876
0.829632
0.830386
0.831140
0.831892
0.832643
0.833393
0.834141
0.834889
0.835635
0.836380
0.837124
0.837867
0.838608
0.839348
0.840087
0.840825
0.841561
0.842296
0.843030
0.843763
0.844494
0.845224
0.845952
0.846679
0.847405
0.848130
0.848853
0.849575
0.850295
0.851014
0.851732
0.852448
0.853163
0.853876
0.854588
0.855298
0.856007
0.856715
0.857421
0.858126
0.858829
0.859530
0.860230
0.860929
0.861626
0.862321
0.863015
0.863707
0.864398
0.865087
0.865775
0.866461
0.867145
0.867828
0.868509
0.869188
0.869866
0.870542
0.871217
0.871889
0.872560
0.873230
0.873897
0.874563
0.875227
0.875890
0.876550
0.877209
0.877867
0.878522
0.879175
0.879827
0.880477
0.881125
0.881772
0.882416
0.883059
0.883699
0.884338
0.884975
0.885610
