0.000000
0.089432
0.199769
0.233613
0.129816
0.132021
0.147252
0.161170
0.174002
0.185942
0.197155
0.207779
0.217907
0.227629
0.237072
0.246386
0.255764
0.265582
0.276614
0.284366
0.288153
0.291658
0.295198
0.298774
0.302386
0.306034
0.309719
0.313441
0.317198
0.320993
0.324823
0.328690
0.332593
0.336532
0.340508
0.344519
0.348566
0.352649
0.356766
0.361021
0.365020
0.369075
0.373169
0.377301
0.381471
0.385676
0.389918
0.394194
0.398505
0.402850
0.407228
0.411638
0.416079
0.420551
0.425053
0.429584
0.434143
0.438730
0.443342
0.447980
0.452643
0.457329
0.462037
0.466766
0.471516
0.476285
0.481072
0.485876
0.490695
0.495529
0.500377
0.505236
0.510107
0.514987
0.519876
0.524771
0.529673
0.534579
0.539489
0.544400
0.549313
0.554224
0.559134
0.564040
0.568942
0.573838
0.578727
0.583608
0.588478
0.593338
0.598185
0.603018
0.607837
0.612639
0.617424
0.622190
0.626936
0.631661
0.636364
0.641043
0.645697
0.650326
0.654928
0.659501
0.664046
0.668560
0.673043
0.677494
0.681911
0.686295
0.690643
0.694955
0.699230
0.703468
0.707667
0.711826
0.715945
0.720023
0.724060
0.728054
0.732006
0.735914
0.739777
0.743596
0.747370
0.751098
0.754780
0.758415
0.762003
0.765544
0.769037
0.772482
0.775878
0.779226
0.782526
0.785776
0.788977
0.792129
0.795232
0.798286
0.801289
0.804244
0.807149
0.810004
0.812811
0.815568
0.818276
0.820935
0.823545
0.826107
0.828620
0.831085
0.833503
0.835873
0.838195
0.840471
0.842700
0.844882
0.847019
0.849110
0.851157
0.853158
0.855116
0.857029
0.858900
0.860727
0.862512
0.864256
0.865958
0.867620
0.869241
0.870822
0.872365
0.873869
0.875335
0.876763
0.878155
0.879510
0.880830
0.882114
0.883365
0.884581
0.885764
0.886914
0.888032
0.889119
0.890175
0.891201
0.892196
0.893163
0.894102
0.895012
0.895895
0.896752
0.897582
0.898387
0.899166
0.899922
0.900653
0.901361
0.902047
0.902710
0.903352
0.903972
0.904573
0.905153
0.905713
0.906255
0.906778
0.907283
0.907770
0.908241
0.908694
0.909132
0.909554
0.909961
0.910353
0.910731
0.911095
0.911446
0.911783
0.912108
0.912421
0.912721
0.913010
0.913288
0.913555
0.913812
0.914058
0.914295
0.914523
0.914741
0.914950
0.915151
0.915344
0.915528
0.915705
0.915875
0.916038
0.916193
0.916342
0.916485
0.916622
0.916752
0.916877
0.916997
0.917111
0.917220
0.917324
0.917424
0.917519
0.917610
0.917696
0.917779
0.917858
0.917933
0.918005
0.918073
0.918138
0.918200
0.918259
0.918315
0.918369
0.918420
0.918468
0.918514
0.918558
0.918600
0.918639
0.918677
0.918712
0.918746
0.918778
0.918809
0.918838
0.918865
0.918891
0.918916
0.918939
0.918961
0.918982
0.919002
0.919021
0.919039
0.919055
0.919071
0.919086
0.919101
0.919114
0.919127
0.919139
0.919150
0.919161
0.919171
0.919180
0.919189
0.919197
0.919205
0.919213
0.919220
0.919227
0.919233
0.919239
0.919244
0.919249
0.919254
0.919259
0.919263
0.919267
0.919271
0.919275
0.919278
0.919281
0.919284
0.919287
0.919290
0.919292
0.919294
0.919297
0.919299
0.919300
0.919302
0.919304
0.919305
0.919307
0.919308
0.919309
0.919311
0.919312
0.919313
0.919314
0.919315
0.919315
0.919316
0.919317
0.919318
0.919318
0.919319
0.919319
0.919320
0.919320
0.919321
0.919321
0.919322
0.919322
0.919322
0.919323
0.919323
0.919323
0.919323
0.919324
0.919324
0.919324
0.919324
0.919324
0.919324
0.919325
0.919325
0.919325
0.919325
0.919325
0.919325
0.919325
0.919325
0.919325
0.919326
0.919326
0.919326
0.919326
0.919326
0.919326
0.919326
0.919326
0.919326
0.919326
0.919326
0.919326
0.919326
0.919326
0.919326
0.919326
0.919326
0.919326
0.919326
0.919326
0.919326
0.919326
0.919326
0.919326
0.919326
0.919326
0.919326
0.919326
0.919326
0.919326
0.919326
0.919326
0.919326
0.919326
0.919326
0.919326
0.919326
0.919326
0.919326
0.919326
0.919326
0.919326
0.919326
0.919326
0.919326
0.919326
0.919326
0.919326
0.919326
0.919326
0.919326
0.919326
0.919326
0.919326
0.919326
0.919326
0.919326
0.919326
0.919326
0.919326
0.919326
0.919326
0.919326
0.919326
0.919326
0.919326
0.919326
0.919326
0.919326
0.919326
0.919326
0.919326
0.919326
0.919326
0.919326
0.919326
0.919326
0.919326
0.919326
0.919326
0.919326
0.919326
0.919326
0.919326
0.919326
0.919326
0.919326
0.919326
0.919326
0.919326
0.919326
0.919326
0.919326
0.919326
0.919326
0.919326
0.919326
0.919326
0.919326
0.919326
0.919326
0.919326
0.919326
0.919326
0.919326
0.919326
0.919326
0.919326
0.919326
0.919326
0.919326
0.919326
0.919326
0.919326
0.919326
0.919326
0.919326
0.919326
0.919326
0.919326
0.919326
0.919326
0.919326
0.919326
0.919326
0.919326
0.919326
0.919326
0.919326
0.919326
0.919326
0.919326
0.919326
0.919326
0.919326
0.919326
0.919326
0.919326
0.919326
0.919326
0.919326
0.919326
0.919326
0.919326
0.919326
0.919326
0.919326
0.919326
0.919326
0.919326
0.919326
0.919326
0.919326
0.919326
0.919326
0.919326
0.919326
0.919326
0.919326
0.919326
0.919326
0.919326
0.919326
0.919326
0.919326
0.919326
0.919326
0.919326
0.919326
0.919326
0.919326
0.919326
0.919326
0.919326
0.919326
0.919326
0.919326
0.919326
0.919326
0.919326
0.919326
0.919326
0.919326
0.919326
0.919326
0.919326
0.919326
0.919326
0.919326
0.919326
0.919326
0.919326
0.919326
0.919326
0.919326
0.919326
0.919326
0.919326
0.919326
0.919326
0.919326
0.919326
0.919326
0.919326
0.919326
0.919326
0.919326
0.919326
0.919326
0.919326
0.919326
0.919326
0.919326
0.919326
0.919326
0.919326
0.919326
0.919326
0.919326
0.919326
0.919326
0.919326
0.919326
0.919326
0.919326
0.919326
0.919326
0.919326
0.919326
0.919326
0.919326
0.919326
0.919326
0.919326
0.919326
