0.000000
0.007813
0.015983
0.024853
0.034422
0.045367
0.058370
0.076413
0.110382
0.171491
0.232676
0.258003
0.265726
0.268852
0.270998
0.273134
0.275270
0.277406
0.279540
0.281672
0.283802
0.285929
0.288053
0.290175
0.292295
0.294412
0.296528
0.298643
0.300757
0.302872
0.304986
0.307101
0.309218
0.311336
0.313455
0.315577
0.317702
0.319829
0.321960
0.324147
0.326120
0.328091
0.330067
0.332049
0.334036
0.336030
0.338029
0.340035
0.342047
0.344065
0.346090
0.348122
0.350161
0.352207
0.354261
0.356321
0.358390
0.360466
0.362549
0.364641
0.366741
0.368848
0.370965
0.373089
0.375222
0.377363
0.379513
0.381672
0.383840
0.386017
0.388202
0.390397
0.392601
0.394814
0.397036
0.399268
0.401509
0.403760
0.406020
0.408290
0.410569
0.412858
0.415157
0.417465
0.419783
0.422111
0.424449
0.426796
0.429153
0.431520
0.433897
0.436283
0.438680
0.441086
0.443502
0.445927
0.448362
0.450807
0.453262
0.455725
0.458199
0.460682
0.463174
0.465676
0.468187
0.470707
0.473236
0.475774
0.478321
0.480877
0.483442
0.486015
0.488597
0.491188
0.493787
0.496394
0.499009
0.501632
0.504262
0.506901
0.509547
0.512200
0.514861
0.517529
0.520204
0.522886
0.525574
0.528269
0.530970
0.533677
0.536390
0.539109
0.541834
0.544564
0.547299
0.550039
0.552784
0.555534
0.558289
0.561047
0.563810
0.566576
0.569346
0.572119
0.574896
0.577675
0.580458
0.583243
0.586030
0.588819
0.591610
0.594403
0.597197
0.599993
0.602789
0.605586
0.608384
0.611182
0.613979
0.616777
0.619574
0.622371
0.625166
0.627961
0.630754
0.633545
0.636334
0.639122
0.641906
0.644689
0.647468
0.650245
0.653018
0.655787
0.658553
0.661315
0.664072
0.666825
0.669573
0.672317
0.675055
0.677787
0.680514
0.683235
0.685950
0.688659
0.691361
0.694056
0.696745
0.699426
0.702099
0.704765
0.707424
0.710074
0.712716
0.715349
0.717974
0.720589
0.723196
0.725794
0.728381
0.730960
0.733528
0.736087
0.738635
0.741172
0.743700
0.746216
0.748722
0.751216
0.753699
0.756171
0.758631
0.761079
0.763516
0.765940
0.768352
0.770752
0.773139
0.775514
0.777876
0.780225
0.782561
0.784884
0.787193
0.789489
0.791772
0.794041
0.796296
0.798537
0.800765
0.802978
0.805177
0.807362
0.809532
0.811688
0.813830
0.815957
0.818069
0.820167
0.822250
0.824317
0.826370
0.828408
0.830431
0.832438
0.834431
0.836408
0.838370
0.840317
0.842248
0.844164
0.846064
0.847949
0.849818
0.851672
0.853510
0.855333
0.857140
0.858932
0.860708
0.862468
0.864213
0.865942
0.867656
0.869354
0.871036
0.872703
0.874354
0.875990
0.877610
0.879214
0.880803
0.882377
0.883935
0.885477
0.887004
0.888516
0.890013
0.891494
0.892960
0.894410
0.895846
0.897266
0.898672
0.900062
0.901437
0.902798
0.904143
0.905474
0.906790
0.908091
0.909378
0.910650
0.911908
0.913151
0.914380
0.915595
0.916795
0.917981
0.919154
0.920312
0.921456
0.922587
0.923703
0.924807
0.925896
0.926972
0.928035
0.929084
0.930120
0.931143
0.932153
0.933150
0.934134
0.935106
0.936064
0.937010
0.937944
0.938865
0.939774
0.940671
0.941555
0.942428
0.943288
0.944137
0.944974
0.945800
0.946614
0.947416
0.948207
0.948988
0.949756
0.950514
0.951261
0.951997
0.952723
0.953438
0.954142
0.954836
0.955520
0.956193
0.956857
0.957510
0.958154
0.958787
0.959412
0.960026
0.960631
0.961227
0.961813
0.962390
0.962958
0.963518
0.964068
0.964610
0.965142
0.965667
0.966183
0.966690
0.967189
0.967681
0.968164
0.968639
0.969106
0.969565
0.970017
0.970461
0.970898
0.971327
0.971749
0.972164
0.972571
0.972972
0.973366
0.973752
0.974132
0.974506
0.974873
0.975233
0.975587
0.975935
0.976277
0.976612
0.976941
0.977265
0.977582
0.977894
0.978200
0.978501
0.978795
0.979085
0.979369
0.979648
0.979921
0.980190
0.980453
0.980711
0.980965
0.981214
0.981457
0.981697
0.981931
0.982161
0.982387
0.982608
0.982825
0.983037
0.983246
0.983450
0.983650
0.983847
0.984039
0.984227
0.984412
0.984593
0.984770
0.984944
0.985114
0.985281
0.985444
0.985604
0.985760
0.985913
0.986064
0.986211
0.986354
0.986495
0.986633
0.986768
0.986900
0.987029
0.987156
0.987280
0.987401
0.987519
0.987635
0.987749
0.987860
0.987968
0.988074
0.988178
0.988279
0.988379
0.988476
0.988571
0.988663
0.988754
0.988843
0.988929
0.989014
0.989097
0.989177
0.989256
0.989334
0.989409
0.989483
0.989555
0.989625
0.989694
0.989761
0.989826
0.989890
0.989952
0.990013
0.990073
0.990131
0.990188
0.990243
0.990297
0.990350
0.990401
0.990451
0.990500
0.990548
0.990595
0.990640
0.990685
0.990728
0.990770
0.990811
0.990851
0.990890
0.990929
0.990966
0.991002
0.991037
0.991072
0.991105
0.991138
0.991170
0.991201
0.991231
0.991261
0.991289
0.991317
0.991345
0.991371
0.991397
0.991422
0.991447
0.991471
0.991494
0.991517
0.991539
0.991560
0.991581
0.991601
0.991621
0.991640
0.991659
0.991677
0.991695
0.991712
0.991729
0.991745
0.991761
0.991777
0.991792
0.991806
0.991820
0.991834
0.991848
0.991861
0.991873
0.991886
0.991898
0.991909
0.991921
0.991932
0.991942
0.991953
0.991963
0.991973
0.991982
0.991991
0.992000
0.992009
0.992017
0.992026
0.992034
0.992041
0.992049
0.992056
0.992063
0.992070
0.992077
0.992083
0.992089
0.992096
0.992101
0.992107
0.992113
0.992118
0.992123
0.992128
0.992133
0.992138
0.992143
0.992147
0.992152
0.992156
0.992160
0.992164
0.992168
0.992171
0.992175
0.992179
0.992182
0.992185
0.992188
0.992191
0.992194
0.992197
0.992200
0.992203
0.992205
0.992208
0.992210
0.992213
0.992215
0.992217
0.992219
0.992221
0.992224
0.992225
0.992227
0.992229
0.992231
0.992233
0.992234
0.992236
0.992237
0.992239
0.992240
0.992242
0.992243
0.992244
0.992246
0.992247
