0.000000
0.022315
0.045595
0.070496
0.097963
0.130173
0.169859
0.211979
0.241853
0.252389
0.253340
0.257684
0.260287
0.262206
0.264186
0.266162
0.268132
0.270097
0.272056
0.274010
0.275958
0.277901
0.279839
0.281771
0.283699
0.285621
0.287538
0.289451
0.291358
0.293261
0.295160
0.297053
0.298943
0.300828
0.302708
0.304585
0.306457
0.308325
0.310189
0.312084
0.313776
0.315471
0.317165
0.318855
0.320543
0.322228
0.323910
0.325589
0.327265
0.328939
0.330610
0.332278
0.333944
0.335607
0.337268
0.338926
0.340582
0.342235
0.343886
0.345535
0.347181
0.348826
0.350468
0.352108
0.353746
0.355381
0.357015
0.358647
0.360277
0.361905
0.363531
0.365156
0.366778
0.368399
0.370018
0.371636
0.373252
0.374866
0.376479
0.378091
0.379701
0.381309
0.382917
0.384523
0.386127
0.387731
0.389333
0.390934
0.392535
0.394134
0.395732
0.397329
0.398925
0.400520
0.402115
0.403709
0.405301
0.406894
0.408485
0.410076
0.411666
0.413256
0.414845
0.416434
0.418022
0.419610
0.421198
0.422785
0.424372
0.425958
0.427545
0.429131
0.430717
0.432303
0.433889
0.435475
0.437061
0.438647
0.440233
0.441819
0.443405
0.444992
0.446578
0.448165
0.449753
0.451340
0.452928
0.454516
0.456105
0.457694
0.459283
0.460873
0.462464
0.464055
0.465647
0.467239
0.468832
0.470425
0.472020
0.473615
0.475210
0.476807
0.478404
0.480002
0.481601
0.483201
0.484801
0.486403
0.488005
0.489609
0.491213
0.492818
0.494424
0.496032
0.497640
0.499249
0.500860
0.502471
0.504084
0.505697
0.507312
0.508928
0.510545
0.512163
0.513783
0.515403
0.517025
0.518648
0.520272
0.521897
0.523524
0.525151
0.526780
0.528410
0.530042
0.531674
0.533308
0.534943
0.536579
0.538217
0.539856
0.541496
0.543137
0.544779
0.546423
0.548068
0.549714
0.551361
0.553009
0.554659
0.556310
0.557962
0.559615
0.561270
0.562925
0.564582
0.566239
0.567898
0.569558
0.571219
0.572881
0.574544
0.576209
0.577874
0.579540
0.581207
0.582875
0.584544
0.586214
0.587885
0.589557
0.591230
0.592903
0.594578
0.596253
0.597929
0.599605
0.601282
0.602960
0.604639
0.606318
0.607998
0.609678
0.611359
0.613041
0.614723
0.616405
0.618088
0.619771
0.621454
0.623138
0.624822
0.626507
0.628191
0.629876
0.631560
0.633245
0.634930
0.636615
0.638300
0.639985
0.641670
0.643354
0.645039
0.646723
0.648407
0.650090
0.651774
0.653456
0.655139
0.656821
0.658502
0.660183
0.661863
0.663542
0.665221
0.666899
0.668576
0.670252
0.671928
0.673602
0.675276
0.676948
0.678619
0.680289
0.681958
0.683626
0.685292
0.686957
0.688621
0.690283
0.691943
0.693602
0.695260
0.696915
0.698569
0.700222
0.701872
0.703521
0.705167
0.706812
0.708455
0.710095
0.711734
0.713370
0.715004
0.716635
0.718265
0.719891
0.721516
0.723138
0.724757
0.726374
0.727988
0.729599
0.731207
0.732813
0.734416
0.736016
0.737612
0.739206
0.740797
0.742384
0.743968
0.745549
0.747127
0.748701
0.750272
0.751839
0.753403
0.754963
0.756520
0.758072
0.759622
0.761167
0.762708
0.764246
0.765779
0.767309
0.768834
0.770356
0.771873
0.773386
0.774895
0.776399
0.777900
0.779395
0.780887
0.782373
0.783856
0.785333
0.786806
0.788274
0.789738
0.791197
0.792651
0.794100
0.795544
0.796983
0.798417
0.799846
0.801270
0.802689
0.804103
0.805511
0.806915
0.808312
0.809705
0.811092
0.812474
0.813850
0.815221
0.816586
0.817946
0.819300
0.820648
0.821991
0.823328
0.824659
0.825985
0.827304
0.828618
0.829926
0.831228
0.832524
0.833814
0.835098
0.836376
0.837648
0.838914
0.840173
0.841427
0.842674
0.843915
0.845150
0.846378
0.847600
0.848816
0.850026
0.851229
0.852426
0.853616
0.854800
0.855978
0.857149
0.858314
0.859472
0.860623
0.861768
0.862907
0.864039
0.865164
0.866283
0.867395
0.868500
0.869599
0.870691
0.871777
0.872855
0.873927
0.874993
0.876052
0.877104
0.878149
0.879187
0.880219
0.881244
0.882262
0.883274
0.884279
0.885277
0.886268
0.887252
0.888230
0.889201
0.890165
0.891122
0.892073
0.893017
0.893954
0.894884
0.895807
0.896724
0.897634
0.898537
0.899434
0.900323
0.901206
0.902083
0.902952
0.903815
0.904671
0.905520
0.906363
0.907199
0.908029
0.908851
0.909667
0.910477
0.911280
0.912076
0.912866
0.913649
0.914425
0.915195
0.915959
0.916715
0.917466
0.918210
0.918947
0.919678
0.920403
0.921121
0.921833
0.922538
0.923238
0.923930
0.924617
0.925297
0.925971
0.926639
0.927300
0.927955
0.928605
0.929248
0.929884
0.930515
0.931140
0.931759
0.932371
0.932978
0.933579
0.934173
0.934762
0.935345
0.935922
0.936493
0.937059
0.937619
0.938173
0.938721
0.939263
0.939800
0.940332
0.940857
0.941377
0.941892
0.942401
0.942905
0.943403
0.943896
0.944383
0.944865
0.945342
0.945814
0.946280
0.946741
0.947197
0.947647
0.948093
0.948534
0.948969
0.949400
0.949825
0.950246
0.950661
0.951072
0.951478
0.951879
0.952276
0.952667
0.953054
0.953436
0.953814
0.954187
0.954555
0.954919
0.955279
0.955634
0.955984
0.956331
0.956672
0.957010
0.957343
0.957672
0.957997
0.958318
0.958634
0.958947
0.959255
0.959559
0.959859
0.960156
0.960448
0.960737
0.961021
0.961302
0.961579
0.961853
0.962122
0.962388
0.962650
0.962909
0.963164
0.963416
0.963664
0.963908
0.964149
0.964387
0.964622
0.964853
0.965080
0.965305
0.965526
0.965744
0.965959
0.966171
0.966379
0.966585
0.966787
0.966987
0.967183
0.967377
0.967568
0.967755
0.967940
0.968123
0.968302
0.968479
0.968653
0.968824
0.968993
0.969159
0.969322
0.969483
0.969641
0.969797
0.969950
0.970101
0.970250
0.970396
0.970540
0.970681
0.970820
0.970957
0.971092
0.971224
0.971354
0.971483
0.971609
0.971732
0.971854
0.971974
0.972092
0.972208
0.972321
0.972433
0.972543
0.972651
0.972758
