0.000000
0.014369
0.043255
0.049920
0.057026
0.064672
0.072941
0.081947
0.091840
0.102800
0.115043
0.128822
0.144476
0.162465
0.183413
0.208138
0.237816
0.274356
0.320919
0.382950
0.470147
0.599653
0.755000
0.721395
0.563919
0.531731
0.535038
0.539826
0.544755
0.549796
0.554934
0.560156
0.565455
0.570821
0.576249
0.581733
0.587267
0.592848
0.598470
0.604304
0.609871
0.615487
0.621137
0.626816
0.632519
0.638244
0.643986
0.649741
0.655506
0.661277
0.667051
0.672824
0.678592
0.684352
0.690102
0.695836
0.701553
0.707249
0.712921
0.718566
0.724181
0.729762
0.735308
0.740815
0.746281
0.751702
0.757077
0.762404
0.767678
0.772900
0.778065
0.783173
0.788221
0.793208
0.798131
0.802989
0.807781
0.812505
0.817159
0.821743
0.826255
0.830695
0.835060
0.839352
0.843568
0.847708
0.851772
0.855758
0.859668
0.863500
0.867254
0.870931
0.874530
0.878051
0.881494
0.884860
0.888149
0.891362
0.894498
0.897558
0.900543
0.903454
0.906291
0.909054
0.911745
0.914365
0.916914
0.919393
0.921803
0.924145
0.926421
0.928630
0.930775
0.932857
0.934875
0.936833
0.938730
0.940568
0.942349
0.944073
0.945741
0.947355
0.948916
0.950425
0.951884
0.953293
0.954654
0.955968
0.957236
0.958460
0.959640
0.960778
0.961875
0.962932
0.963950
0.964931
0.965875
0.966783
0.967658
0.968498
0.969307
0.970084
0.970831
0.971548
0.972237
0.972899
0.973534
0.974144
0.974728
0.975289
0.975827
0.976343
0.976837
0.977311
0.977764
0.978199
0.978615
0.979013
0.979394
0.979758
0.980107
0.980441
0.980760
0.981065
0.981356
0.981634
0.981900
0.982154
0.982397
0.982629
0.982850
0.983061
0.983262
0.983454
0.983637
0.983812
0.983979
0.984137
0.984289
0.984433
0.984571
0.984702
0.984826
0.984945
0.985058
0.985166
0.985268
0.985366
0.985459
0.985547
0.985631
0.985711
0.985787
0.985860
0.985928
0.985994
0.986056
0.986115
0.986171
0.986225
0.986275
0.986323
0.986369
0.986413
0.986454
0.986493
0.986530
0.986566
0.986599
0.986631
0.986661
0.986690
0.986717
0.986743
0.986768
0.986791
0.986813
0.986834
0.986854
0.986873
0.986891
0.986907
0.986924
0.986939
0.986953
0.986967
0.986980
0.986992
0.987004
0.987015
0.987026
0.987035
0.987045
0.987054
0.987062
0.987070
0.987078
0.987085
0.987092
0.987098
0.987105
0.987110
0.987116
0.987121
0.987126
0.987131
0.987135
0.987139
0.987143
0.987147
0.987151
0.987154
0.987157
0.987160
0.987163
0.987166
0.987168
0.987171
0.987173
0.987175
0.987177
0.987179
0.987181
0.987183
0.987185
0.987186
0.987188
0.987189
0.987191
0.987192
0.987193
0.987194
0.987195
0.987196
0.987197
0.987198
0.987199
0.987200
0.987201
0.987201
0.987202
0.987203
0.987203
0.987204
0.987205
0.987205
0.987206
0.987206
0.987207
0.987207
0.987207
0.987208
0.987208
0.987208
0.987209
0.987209
0.987209
0.987210
0.987210
0.987210
0.987210
0.987211
0.987211
0.987211
0.987211
0.987211
0.987212
0.987212
0.987212
0.987212
0.987212
0.987212
0.987212
0.987213
0.987213
0.987213
0.987213
0.987213
0.987213
0.987213
0.987213
0.987213
0.987213
0.987213
0.987214
0.987214
0.987214
0.987214
0.987214
0.987214
0.987214
0.987214
0.987214
0.987214
0.987214
0.987214
0.987214
0.987214
0.987214
0.987214
0.987214
0.987214
0.987214
0.987214
0.987214
0.987214
0.987214
0.987214
0.987214
0.987214
0.987214
0.987214
0.987214
0.987215
0.987215
0.987215
0.987215
0.987215
0.987215
0.987215
0.987215
0.987215
0.987215
0.987215
0.987215
0.987215
0.987215
0.987215
0.987215
0.987215
0.987215
0.987215
0.987215
0.987215
0.987215
0.987215
0.987215
0.987215
0.987215
0.987215
0.987215
0.987215
0.987215
0.987215
0.987215
0.987215
0.987215
0.987215
0.987215
0.987215
0.987215
0.987215
0.987215
0.987215
0.987215
0.987215
0.987215
0.987215
0.987215
0.987215
0.987215
0.987215
0.987215
0.987215
0.987215
0.987215
0.987215
0.987215
0.987215
0.987215
0.987215
0.987215
0.987215
0.987215
0.987215
0.987215
0.987215
0.987215
0.987215
0.987215
0.987215
0.987215
0.987215
0.987215
0.987215
0.987215
0.987215
0.987215
0.987215
0.987215
0.987215
0.987215
0.987215
0.987215
0.987215
0.987215
0.987215
0.987215
0.987215
0.987215
0.987215
0.987215
0.987215
0.987215
0.987215
0.987215
0.987215
0.987215
0.987215
0.987215
0.987215
0.987215
0.987215
0.987215
0.987215
0.987215
0.987215
0.987215
0.987215
0.987215
0.987215
0.987215
0.987215
0.987215
0.987215
0.987215
0.987215
0.987215
0.987215
0.987215
0.987215
0.987215
0.987215
0.987215
0.987215
0.987215
0.987215
0.987215
0.987215
0.987215
0.987215
0.987215
0.987215
0.987215
0.987215
0.987215
0.987215
0.987215
0.987215
0.987215
0.987215
0.987215
0.987215
0.987215
0.987215
0.987215
0.987215
0.987215
0.987215
0.987215
0.987215
0.987215
0.987215
0.987215
0.987215
0.987215
0.987215
0.987215
0.987215
0.987215
0.987215
0.987215
0.987215
0.987215
0.987215
0.987215
0.987215
0.987215
0.987215
0.987215
0.987215
0.987215
0.987215
0.987215
0.987215
0.987215
0.987215
0.987215
0.987215
0.987215
0.987215
0.987215
0.987215
0.987215
0.987215
0.987215
0.987215
0.987215
0.987215
0.987215
0.987215
0.987215
0.987215
0.987215
0.987215
0.987215
0.987215
0.987215
0.987215
0.987215
0.987215
0.987215
0.987215
0.987215
0.987215
0.987215
0.987215
0.987215
0.987215
0.987215
0.987215
0.987215
0.987215
0.987215
0.987215
0.987215
0.987215
0.987215
0.987215
0.987215
0.987215
0.987215
0.987215
0.987215
0.987215
0.987215
0.987215
0.987215
0.987215
0.987215
0.987215
0.987215
0.987215
0.987215
0.987215
0.987215
0.987215
0.987215
0.987215
0.987215
0.987215
0.987215
0.987215
0.987215
0.987215
0.987215
0.987215
0.987215
0.987215
0.987215
