0.000000
0.147165
0.225160
0.278684
0.318680
0.350255
0.376043
0.397616
0.415992
0.431837
0.445630
0.457752
0.468500
0.478100
0.486742
0.494593
0.501795
0.508466
0.514711
0.520667
0.526496
0.532423
0.538914
0.546004
0.550032
0.550771
0.550874
0.550931
0.550976
0.551011
0.551038
0.551059
0.551075
0.551088
0.551097
0.551105
0.551110
0.551115
0.551118
0.551121
0.551122
0.551124
0.551125
0.551126
0.551126
0.551127
0.551127
0.551127
0.551127
0.551128
0.551128
0.551128
0.551128
0.551128
0.551128
0.551128
0.551128
0.551128
0.551128
0.551128
0.551128
0.551128
0.551128
0.551128
0.551128
0.551128
0.551128
0.551128
0.551128
0.551128
0.551128
0.551128
0.551128
0.551128
0.551128
0.551128
0.551128
0.551128
0.551128
0.551128
0.551128
0.551128
0.551128
0.551128
0.551128
0.551128
0.551128
0.551128
0.551128
0.551128
0.551128
0.551128
0.551128
0.551128
0.551128
0.551128
0.551128
0.551128
0.551128
0.551128
0.551128
0.551128
0.551128
0.551128
0.551128
0.551128
0.551128
0.551128
0.551128
0.551128
0.551128
0.551128
0.551128
0.551128
0.551128
0.551128
0.551128
0.551128
0.551128
0.551128
0.551128
0.551128
0.551128
0.551128
0.551128
0.551128
0.551128
0.551128
0.551128
0.551128
0.551128
0.551128
0.551128
0.551128
0.551128
0.551128
0.551128
0.551128
0.551128
0.551128
0.551128
0.551128
0.551128
0.551128
0.551128
0.551128
0.551128
0.551128
0.551128
0.551128
0.551128
0.551128
0.551128
0.551128
0.551128
0.551128
0.551128
0.551128
0.551128
0.551128
0.551128
0.551128
0.551128
0.551128
0.551128
0.551128
0.551128
0.551128
0.551128
0.551128
0.551128
0.551128
0.551128
0.551128
0.551128
0.551128
0.551128
0.551128
0.551128
0.551128
0.551128
0.551128
0.551128
0.551128
0.551128
0.551128
0.551128
0.551128
0.551128
0.551128
0.551128
0.551128
0.551128
0.551128
0.551128
0.551128
0.551128
0.551128
0.551128
0.551128
0.551128
0.551128
0.551128
0.551128
0.551128
0.551128
0.551128
0.551128
0.551128
0.551128
0.551128
0.551128
0.551128
0.551128
0.551128
0.551128
0.551128
0.551128
0.551128
0.551128
0.551128
0.551128
0.551128
0.551128
0.551128
0.551128
0.551128
0.551128
0.551128
0.551128
0.551128
0.551128
0.551128
0.551128
0.551128
0.551128
0.551128
0.551128
0.551128
0.551128
0.551128
0.551128
0.551128
0.551128
0.551128
0.551128
0.551128
0.551128
0.551128
0.551128
0.551128
0.551128
0.551128
0.551128
0.551128
0.551128
0.551128
0.551128
0.551128
0.551128
0.551128
0.551128
0.551128
0.551128
0.551128
0.551128
0.551128
0.551128
0.551128
0.551128
0.551128
0.551128
0.551128
0.551128
0.551128
0.551128
0.551128
0.551128
0.551128
0.551128
0.551128
0.551128
0.551128
0.551128
0.551128
0.551128
0.551128
0.551128
0.551128
0.551128
0.551128
0.551128
0.551128
0.551128
0.551128
0.551128
0.551128
0.551128
0.551128
0.551128
0.551128
0.551128
0.551128
0.551128
0.551128
0.551128
0.551128
0.551128
0.551128
0.551128
0.551128
0.551128
0.551128
0.551128
0.551128
0.551128
0.551128
0.551128
0.551128
0.551128
0.551128
0.551128
0.551128
0.551128
0.551128
0.551128
0.551128
0.551128
0.551128
0.551128
0.551128
0.551128
0.551128
0.551128
0.551128
0.551128
0.551128
0.551128
0.551128
0.551128
0.551128
0.551128
0.551128
0.551128
0.551128
0.551128
0.551128
0.551128
0.551128
0.551128
0.551128
0.551128
0.551128
0.551128
0.551128
0.551128
0.551128
0.551128
0.551128
0.551128
0.551128
0.551128
0.551128
0.551128
0.551128
0.551128
0.551128
0.551128
0.551128
0.551128
0.551128
0.551128
0.551128
0.551128
0.551128
0.551128
0.551128
0.551128
0.551128
0.551128
0.551128
0.551128
0.551128
0.551128
0.551128
0.551128
0.551128
0.551128
0.551128
0.551128
0.551128
0.551128
0.551128
0.551128
0.551128
0.551128
0.551128
0.551128
0.551128
0.551128
0.551128
0.551128
0.551128
0.551128
0.551128
0.551128
0.551128
0.551128
0.551128
0.551128
0.551128
0.551128
0.551128
0.551128
0.551128
0.551128
0.551128
0.551128
0.551128
0.551128
0.551128
0.551128
0.551128
0.551128
0.551128
0.551128
0.551128
0.551128
0.551128
0.551128
0.551128
0.551128
0.551128
0.551128
0.551128
0.551128
0.551128
0.551128
0.551128
0.551128
0.551128
0.551128
0.551128
0.551128
0.551128
0.551128
0.551128
0.551128
0.551128
0.551128
0.551128
0.551128
0.551128
0.551128
0.551128
0.551128
0.551128
0.551128
0.551128
0.551128
0.551128
0.551128
0.551128
0.551128
0.551128
0.551128
0.551128
0.551128
0.551128
0.551128
0.551128
0.551128
0.551128
0.551128
0.551128
0.551128
0.551128
0.551128
0.551128
0.551128
0.551128
0.551128
0.551128
0.551128
0.551128
0.551128
0.551128
0.551128
0.551128
0.551128
0.551128
0.551128
0.551128
0.551128
0.551128
0.551128
0.551128
0.551128
0.551128
0.551128
0.551128
0.551128
0.551128
0.551128
0.551128
0.551128
0.551128
0.551128
0.551128
0.551128
0.551128
0.551128
0.551128
0.551128
0.551128
0.551128
0.551128
0.551128
0.551128
0.551128
0.551128
0.551128
0.551128
0.551128
0.551128
0.551128
0.551128
0.551128
0.551128
0.551128
0.551128
0.551128
0.551128
0.551128
0.551128
0.551128
0.551128
0.551128
0.551128
0.551128
0.551128
0.551128
0.551128
0.551128
0.551128
0.551128
0.551128
0.551128
0.551128
0.551128
0.551128
0.551128
0.551128
0.551128
0.551128
0.551128
0.551128
0.551128
0.551128
0.551128
0.551128
0.551128
0.551128
0.551128
0.551128
0.551128
0.551128
0.551128
0.551128
0.551128
0.551128
0.551128
0.551128
0.551128
0.551128
0.551128
0.551128
0.551128
0.551128
0.551128
0.551128
0.551128
0.551128
0.551128
0.551128
0.551128
0.551128
0.551128
0.551128
0.551128
0.551128
0.551128
0.551128
0.551128
0.551128
0.551128
0.551128
0.551128
0.551128
0.551128
