0.000000
0.047311
0.100378
0.163833
0.234778
0.252330
0.198802
0.182818
0.192105
0.201609
0.210624
0.219264
0.227664
0.235990
0.244474
0.253815
0.263264
0.266969
0.269326
0.271677
0.274037
0.276408
0.278788
0.281178
0.283579
0.285990
0.288412
0.290845
0.293289
0.295745
0.298212
0.300692
0.303184
0.305689
0.308207
0.310737
0.313282
0.315840
0.318411
0.321036
0.323437
0.325877
0.328334
0.330808
0.333299
0.335806
0.338331
0.340873
0.343431
0.346008
0.348601
0.351212
0.353840
0.356487
0.359151
0.361832
0.364532
0.367250
0.369985
0.372739
0.375510
0.378300
0.381108
0.383933
0.386777
0.389639
0.392519
0.395417
0.398333
0.401266
0.404218
0.407187
0.410173
0.413177
0.416199
0.419238
0.422294
0.425367
0.428457
0.431563
0.434686
0.437825
0.440980
0.444152
0.447338
0.450541
0.453758
0.456991
0.460238
0.463500
0.466776
0.470066
0.473369
0.476686
0.480015
0.483358
0.486712
0.490079
0.493457
0.496847
0.500248
0.503659
0.507080
0.510511
0.513952
0.517401
0.520859
0.524326
0.527800
0.531281
0.534770
0.538265
0.541766
0.545272
0.548784
0.552300
0.555821
0.559345
0.562873
0.566403
0.569936
0.573471
0.577007
0.580544
0.584082
0.587619
0.591156
0.594692
0.598227
0.601759
0.605289
0.608816
0.612339
0.615858
0.619373
0.622883
0.626388
0.629886
0.633378
0.636864
0.640342
0.643811
0.647273
0.650726
0.654169
0.657603
0.661027
0.664439
0.667841
0.671231
0.674609
0.677975
0.681327
0.684667
0.687992
0.691303
0.694600
0.697881
0.701148
0.704398
0.707632
0.710849
0.714050
0.717233
0.720398
0.723546
0.726675
0.729785
0.732876
0.735947
0.738999
0.742030
0.745042
0.748032
0.751002
0.753950
0.756877
0.759782
0.762665
0.765526
0.768364
0.771180
0.773972
0.776742
0.779488
0.782210
0.784908
0.787583
0.790234
0.792860
0.795462
0.798039
0.800591
0.803119
0.805622
0.808099
0.810552
0.812979
0.815381
0.817757
0.820108
0.822434
0.824734
0.827008
0.829257
0.831479
0.833676
0.835848
0.837994
0.840113
0.842208
0.844276
0.846319
0.848336
0.850328
0.852294
0.854234
0.856149
0.858039
0.859903
0.861742
0.863556
0.865345
0.867109
0.868848
0.870562
0.872252
0.873917
0.875558
0.877174
0.878767
0.880335
0.881880
0.883401
0.884898
0.886372
0.887822
0.889250
0.890655
0.892037
0.893396
0.894733
0.896048
0.897341
0.898612
0.899862
0.901090
0.902297
0.903482
0.904647
0.905792
0.906916
0.908020
0.909103
0.910168
0.911212
0.912237
0.913243
0.914230
0.915199
0.916149
0.917081
0.917994
0.918890
0.919769
0.920630
0.921474
0.922301
0.923111
0.923905
0.924682
0.925444
0.926190
0.926920
0.927635
0.928335
0.929020
0.929690
0.930346
0.930988
0.931616
0.932230
0.932830
0.933417
0.933991
0.934552
0.935100
0.935636
0.936160
0.936671
0.937171
0.937659
0.938135
0.938601
0.939055
0.939498
0.939931
0.940353
0.940765
0.941167
0.941560
0.941942
0.942315
0.942679
0.943033
0.943379
0.943716
0.944044
0.944364
0.944675
0.944979
0.945274
0.945562
0.945842
0.946115
0.946381
0.946639
0.946891
0.947135
0.947373
0.947605
0.947830
0.948049
0.948262
0.948469
0.948670
0.948866
0.949056
0.949240
0.949420
0.949594
0.949763
0.949927
0.950087
0.950241
0.950392
0.950537
0.950679
0.950816
0.950949
0.951078
0.951204
0.951325
0.951443
0.951557
0.951668
0.951775
0.951879
0.951979
0.952077
0.952171
0.952263
0.952351
0.952437
0.952520
0.952600
0.952678
0.952753
0.952825
0.952896
0.952964
0.953029
0.953093
0.953154
0.953214
0.953271
0.953327
0.953380
0.953432
0.953482
0.953530
0.953577
0.953622
0.953665
0.953707
0.953747
0.953786
0.953824
0.953860
0.953895
0.953929
0.953962
0.953993
0.954023
0.954052
0.954080
0.954107
0.954133
0.954159
0.954183
0.954206
0.954228
0.954250
0.954271
0.954291
0.954310
0.954328
0.954346
0.954363
0.954379
0.954395
0.954410
0.954425
0.954439
0.954452
0.954465
0.954478
0.954490
0.954501
0.954512
0.954523
0.954533
0.954542
0.954552
0.954561
0.954569
0.954577
0.954585
0.954593
0.954600
0.954607
0.954614
0.954620
0.954626
0.954632
0.954637
0.954643
0.954648
0.954653
0.954658
0.954662
0.954666
0.954670
0.954674
0.954678
0.954682
0.954685
0.954688
0.954692
0.954695
0.954697
0.954700
0.954703
0.954705
0.954708
0.954710
0.954712
0.954714
0.954716
0.954718
0.954720
0.954722
0.954723
0.954725
0.954726
0.954728
0.954729
0.954730
0.954731
0.954733
0.954734
0.954735
0.954736
0.954737
0.954738
0.954739
0.954739
0.954740
0.954741
0.954742
0.954742
0.954743
0.954743
0.954744
0.954745
0.954745
0.954746
0.954746
0.954747
0.954747
0.954747
0.954748
0.954748
0.954748
0.954749
0.954749
0.954749
0.954750
0.954750
0.954750
0.954750
0.954751
0.954751
0.954751
0.954751
0.954751
0.954752
0.954752
0.954752
0.954752
0.954752
0.954752
0.954752
0.954753
0.954753
0.954753
0.954753
0.954753
0.954753
0.954753
0.954753
0.954753
0.954753
0.954753
0.954753
0.954754
0.954754
0.954754
0.954754
0.954754
0.954754
0.954754
0.954754
0.954754
0.954754
0.954754
0.954754
0.954754
0.954754
0.954754
0.954754
0.954754
0.954754
0.954754
0.954754
0.954754
0.954754
0.954754
0.954754
0.954754
0.954754
0.954754
0.954754
0.954754
0.954754
0.954754
0.954754
0.954754
0.954754
0.954754
0.954754
0.954754
0.954754
0.954754
0.954754
0.954754
0.954754
0.954754
0.954754
0.954754
0.954754
0.954754
0.954754
0.954754
0.954754
0.954754
0.954754
0.954754
0.954754
0.954754
0.954754
0.954754
0.954754
0.954754
0.954754
0.954754
0.954754
0.954754
0.954754
0.954754
0.954754
0.954754
0.954754
0.954754
0.954754
0.954754
0.954754
0.954754
0.954754
0.954754
0.954754
0.954754
0.954754
0.954754
0.954754
0.954754
0.954754
0.954754
0.954754
0.954754
