0.000000
0.012331
0.025063
0.038479
0.053279
0.070746
0.082932
0.100819
0.127759
0.162150
0.197491
0.226755
0.246595
0.257883
0.263571
0.266510
0.268501
0.270342
0.272246
0.274204
0.276176
0.278143
0.280104
0.282059
0.284009
0.285952
0.287890
0.289822
0.291749
0.293670
0.295586
0.297496
0.299401
0.301300
0.303194
0.305083
0.306966
0.308844
0.310717
0.312637
0.314359
0.316065
0.317766
0.319462
0.321154
0.322842
0.324525
0.326205
0.327879
0.329550
0.331216
0.332878
0.334536
0.336190
0.337839
0.339485
0.341126
0.342763
0.344395
0.346024
0.347649
0.349269
0.350885
0.352497
0.354105
0.355710
0.357309
0.358905
0.360497
0.362085
0.363669
0.365249
0.366824
0.368396
0.369964
0.371528
0.373088
0.374644
0.376196
0.377744
0.379288
0.380828
0.382365
0.383897
0.385426
0.386951
0.388472
0.389989
0.391502
0.393012
0.394517
0.396019
0.397517
0.399011
0.400502
0.401989
0.403472
0.404951
0.406427
0.407898
0.409367
0.410831
0.412292
0.413749
0.415202
0.416652
0.418098
0.419541
0.420980
0.422415
0.423847
0.425275
0.426699
0.428120
0.429538
0.430952
0.432362
0.433769
0.435172
0.436572
0.437968
0.439361
0.440750
0.442136
0.443518
0.444897
0.446273
0.447645
0.449013
0.450378
0.451740
0.453099
0.454454
0.455806
0.457154
0.458499
0.459841
0.461179
0.462514
0.463846
0.465174
0.466499
0.467821
0.469139
0.470455
0.471767
0.473076
0.474381
0.475684
0.476983
0.478279
0.479572
0.480861
0.482148
0.483431
0.484711
0.485988
0.487262
0.488533
0.489800
0.491065
0.492326
0.493584
0.494840
0.496092
0.497341
0.498587
0.499830
0.501070
0.502307
0.503541
0.504772
0.506000
0.507225
0.508447
0.509666
0.510883
0.512096
0.513306
0.514514
0.515718
0.516920
0.518118
0.519314
0.520507
0.521697
0.522884
0.524069
0.525250
0.526429
0.527605
0.528778
0.529948
0.531116
0.532280
0.533442
0.534601
0.535758
0.536911
0.538062
0.539211
0.540356
0.541499
0.542639
0.543777
0.544911
0.546043
0.547173
0.548300
0.549424
0.550545
0.551664
0.552780
0.553894
0.555005
0.556114
0.557220
0.558323
0.559424
0.560522
0.561618
0.562711
0.563802
0.564890
0.565976
0.567059
0.568139
0.569218
0.570293
0.571367
0.572437
0.573506
0.574572
0.575635
0.576696
0.577755
0.578812
0.579865
0.580917
0.581966
0.583013
0.584058
0.585100
0.586140
0.587177
0.588212
0.589245
0.590276
0.591304
0.592330
0.593354
0.594375
0.595395
0.596412
0.597426
0.598439
0.599449
0.600457
0.601463
0.602467
0.603469
0.604468
0.605465
0.606460
0.607453
0.608444
0.609433
0.610419
0.611404
0.612386
0.613366
0.614344
0.615320
0.616294
0.617266
0.618236
0.619204
0.620170
0.621133
0.622095
0.623055
0.624013
0.624968
0.625922
0.626874
0.627824
0.628771
0.629717
0.630661
0.631603
0.632543
0.633481
0.634418
0.635352
0.636284
0.637215
0.638144
0.639071
0.639995
0.640919
0.641840
0.642759
0.643677
0.644593
0.645507
0.646419
0.647329
0.648238
0.649144
0.650049
0.650953
0.651854
0.652754
0.653652
0.654548
0.655442
0.656335
0.657226
0.658116
0.659003
0.659889
0.660774
0.661656
0.662537
0.663416
0.664294
0.665170
0.666044
0.666917
0.667788
0.668658
0.669526
0.670392
0.671257
0.672120
0.672981
0.673841
0.674700
0.675557
0.676412
0.677266
0.678118
0.678969
0.679818
0.680666
0.681512
0.682356
0.683200
0.684041
0.684881
0.685720
0.686557
0.687393
0.688228
0.689060
0.689892
0.690722
0.691551
0.692378
0.693204
0.694028
0.694851
0.695673
0.696493
0.697312
0.698129
0.698945
0.699760
0.700573
0.701385
0.702196
0.703005
0.703813
0.704620
0.705425
0.706229
0.707032
0.707834
0.708634
0.709433
0.710230
0.711027
0.711822
0.712616
0.713408
0.714199
0.714989
0.715778
0.716566
0.717352
0.718137
0.718921
0.719704
0.720485
0.721266
0.722045
0.722822
0.723599
0.724375
0.725149
0.725922
0.726694
0.727465
0.728235
0.729003
0.729771
0.730537
0.731302
0.732066
0.732829
0.733590
0.734351
0.735110
0.735869
0.736626
0.737382
0.738137
0.738891
0.739644
0.740396
0.741147
0.741896
0.742645
0.743392
0.744139
0.744884
0.745629
0.746372
0.747114
0.747855
0.748595
0.749334
0.750073
0.750810
0.751546
0.752281
0.753015
0.753748
0.754480
0.755211
0.755941
0.756670
0.757397
0.758124
0.758850
0.759575
0.760299
0.761022
0.761744
0.762466
0.763186
0.763905
0.764623
0.765340
0.766056
0.766772
0.767486
0.768199
0.768912
0.769623
0.770334
0.771043
0.771752
0.772460
0.773166
0.773872
0.774577
0.775281
0.775984
0.776686
0.777387
0.778087
0.778787
0.779485
0.780183
0.780879
0.781575
0.782269
0.782963
0.783656
0.784348
0.785039
0.785729
0.786419
0.787107
0.787794
0.788481
0.789167
0.789851
0.790535
0.791218
0.791900
0.792581
0.793261
0.793941
0.794619
0.795297
0.795973
0.796649
0.797324
0.797998
0.798671
0.799343
0.800014
0.800685
0.801354
0.802023
0.802691
0.803358
0.804023
0.804688
0.805353
0.806016
0.806678
0.807340
0.808000
0.808660
0.809319
0.809977
0.810634
0.811290
0.811945
0.812599
0.813252
0.813905
0.814557
0.815207
0.815857
0.816506
0.817154
0.817801
0.818447
0.819092
0.819737
0.820380
0.821023
0.821664
0.822305
0.822945
0.823584
0.824221
0.824859
0.825495
0.826130
0.826764
0.827397
0.828030
0.828661
0.829292
0.829921
0.830550
0.831178
0.831805
0.832430
0.833055
0.833679
0.834302
0.834924
0.835545
0.836166
0.836785
0.837403
0.838020
0.838637
0.839252
0.839866
0.840480
0.841092
0.841704
0.842314
0.842923
0.843532
0.844139
0.844746
0.845352
0.845956
0.846560
0.847162
0.847764
0.848364
0.848964
0.849562
0.850160
0.850756
0.851352
0.851946
0.852539
0.853132
0.853723
0.854313
0.854903
0.855491
0.856078
0.856664
0.857249
0.857833
0.858416
0.858998
0.859579
0.860158
