0.000000
0.024002
0.048782
0.074768
0.102575
0.132989
0.167026
0.205971
0.251747
0.318993
0.363334
0.370962
0.336508
0.292398
0.272981
0.272221
0.274286
0.276401
0.278507
0.280601
0.282685
0.284757
0.286818
0.288868
0.290908
0.292937
0.294958
0.296970
0.298973
0.300969
0.302959
0.304942
0.306919
0.308891
0.310858
0.312821
0.314780
0.316735
0.318687
0.320648
0.322400
0.324181
0.325965
0.327747
0.329529
0.331309
0.333089
0.334869
0.336648
0.338427
0.340205
0.341983
0.343762
0.345540
0.347319
0.349098
0.350878
0.352658
0.354438
0.356220
0.358002
0.359785
0.361568
0.363353
0.365139
0.366926
0.368714
0.370503
0.372294
0.374086
0.375880
0.377675
0.379472
0.381271
0.383071
0.384873
0.386677
0.388483
0.390291
0.392101
0.393914
0.395728
0.397545
0.399364
0.401186
0.403010
0.404836
0.406665
0.408497
0.410331
0.412168
0.414008
0.415850
0.417696
0.419544
0.421396
0.423250
0.425107
0.426968
0.428831
0.430698
0.432567
0.434441
0.436317
0.438196
0.440079
0.441966
0.443855
0.445748
0.447645
0.449544
0.451448
0.453355
0.455265
0.457179
0.459096
0.461017
0.462941
0.464869
0.466801
0.468736
0.470674
0.472617
0.474562
0.476512
0.478465
0.480421
0.482381
0.484345
0.486312
0.488283
0.490257
0.492235
0.494216
0.496201
0.498189
0.500180
0.502175
0.504173
0.506175
0.508180
0.510188
0.512199
0.514214
0.516232
0.518253
0.520277
0.522304
0.524334
0.526367
0.528403
0.530442
0.532484
0.534529
0.536576
0.538626
0.540678
0.542734
0.544791
0.546851
0.548914
0.550979
0.553046
0.555115
0.557187
0.559260
0.561335
0.563413
0.565492
0.567573
0.569656
0.571740
0.573826
0.575914
0.578003
0.580093
0.582184
0.584277
0.586370
0.588465
0.590561
0.592657
0.594754
0.596852
0.598950
0.601049
0.603148
0.605248
0.607348
0.609447
0.611547
0.613647
0.615747
0.617846
0.619945
0.622043
0.624141
0.626239
0.628335
0.630431
0.632526
0.634619
0.636712
0.638803
0.640894
0.642982
0.645069
0.647155
0.649238
0.651320
0.653400
0.655478
0.657554
0.659627
0.661699
0.663767
0.665834
0.667897
0.669958
0.672016
0.674071
0.676123
0.678172
0.680217
0.682260
0.684299
0.686334
0.688365
0.690393
0.692417
0.694438
0.696454
0.698466
0.700473
0.702477
0.704476
0.706470
0.708460
0.710445
0.712426
0.714401
0.716372
0.718337
0.720297
0.722252
0.724202
0.726146
0.728085
0.730018
0.731945
0.733867
0.735783
0.737692
0.739596
0.741494
0.743385
0.745270
0.747149
0.749021
0.750887
0.752746
0.754599
0.756445
0.758284
0.760116
0.761941
0.763759
0.765570
0.767374
0.769170
0.770959
0.772741
0.774515
0.776282
0.778041
0.779793
0.781537
0.783273
0.785001
0.786722
0.788434
0.790139
0.791835
0.793523
0.795204
0.796875
0.798539
0.800195
0.801842
0.803480
0.805110
0.806732
0.808345
0.809950
0.811546
0.813133
0.814712
0.816282
0.817843
0.819395
0.820939
0.822474
0.823999
0.825516
0.827024
0.828523
0.830013
0.831493
0.832965
0.834428
0.835881
0.837326
0.838761
0.840187
0.841604
0.843012
0.844410
0.845800
0.847180
0.848550
0.849912
0.851264
0.852607
0.853941
0.855265
0.856580
0.857886
0.859182
0.860469
0.861747
0.863015
0.864274
0.865524
0.866764
0.867996
0.869217
0.870430
0.871633
0.872827
0.874012
0.875187
0.876353
0.877510
0.878658
0.879796
0.880926
0.882046
0.883157
0.884258
0.885351
0.886434
0.887509
0.888574
0.889630
0.890677
0.891715
0.892744
0.893765
0.894776
0.895778
0.896771
0.897756
0.898731
0.899698
0.900656
0.901606
0.902546
0.903478
0.904401
0.905316
0.906222
0.907119
0.908008
0.908889
0.909761
0.910624
0.911479
0.912326
0.913164
0.913995
0.914817
0.915630
0.916436
0.917233
0.918023
0.918804
0.919577
0.920343
0.921100
0.921850
0.922592
0.923326
0.924052
0.924771
0.925481
0.926185
0.926880
0.927569
0.928249
0.928923
0.929589
0.930247
0.930899
0.931543
0.932180
0.932809
0.933432
0.934048
0.934656
0.935258
0.935853
0.936441
0.937022
0.937596
0.938164
0.938724
0.939279
0.939827
0.940368
0.940903
0.941431
0.941953
0.942469
0.942978
0.943481
0.943978
0.944469
0.944954
0.945433
0.945906
0.946373
0.946834
0.947289
0.947739
0.948183
0.948621
0.949053
0.949480
0.949902
0.950318
0.950728
0.951134
0.951533
0.951928
0.952317
0.952702
0.953081
0.953455
0.953824
0.954188
0.954547
0.954901
0.955250
0.955595
0.955935
0.956270
0.956601
0.956927
0.957248
0.957565
0.957877
0.958185
0.958489
0.958788
0.959083
0.959374
0.959661
0.959943
0.960222
0.960496
0.960767
0.961033
0.961296
0.961554
0.961809
0.962060
0.962308
0.962551
0.962791
0.963028
0.963261
0.963490
0.963716
0.963938
0.964157
0.964373
0.964585
0.964794
0.965000
0.965202
0.965402
0.965598
0.965791
0.965981
0.966169
0.966353
0.966534
0.966712
0.966888
0.967061
0.967230
0.967398
0.967562
0.967724
0.967883
0.968039
0.968193
0.968345
0.968494
0.968640
0.968784
0.968926
0.969065
0.969202
0.969336
0.969469
0.969599
0.969727
0.969852
0.969976
0.970097
0.970217
0.970334
0.970449
0.970562
0.970673
0.970783
0.970890
0.970996
0.971099
0.971201
0.971301
0.971399
0.971496
0.971590
0.971683
0.971775
0.971864
0.971953
0.972039
0.972124
0.972207
0.972289
0.972369
0.972448
0.972526
0.972602
0.972676
0.972749
0.972821
0.972892
0.972961
0.973029
0.973095
0.973160
0.973224
0.973287
0.973349
0.973409
0.973468
0.973527
0.973584
0.973640
0.973694
0.973748
0.973801
0.973852
0.973903
0.973953
0.974001
0.974049
0.974096
0.974142
0.974187
0.974231
0.974274
0.974316
0.974357
0.974398
0.974438
0.974477
0.974515
0.974552
0.974589
0.974625
0.974660
0.974694
0.974728
0.974761
0.974793
0.974825
0.974856
0.974886
0.974915
0.974945
0.974973
0.975001
0.975028
0.975055
0.975081
