0.000000
0.002347
0.006572
0.007692
0.008973
0.010272
0.011600
0.013109
0.014740
0.016515
0.018482
0.020707
0.023263
0.026144
0.029473
0.033356
0.038202
0.044157
0.051649
0.061612
0.075376
0.096480
0.136465
0.250644
0.432422
0.496505
0.504666
0.509749
0.514945
0.520263
0.525687
0.531205
0.536805
0.542481
0.548225
0.554031
0.559894
0.565809
0.571772
0.578017
0.583945
0.589906
0.595906
0.601940
0.608005
0.614097
0.620210
0.626342
0.632488
0.638644
0.644808
0.650974
0.657140
0.663303
0.669457
0.675600
0.681729
0.687840
0.693929
0.699994
0.706030
0.712036
0.718008
0.723942
0.729837
0.735689
0.741495
0.747252
0.752959
0.758613
0.764210
0.769750
0.775229
0.780647
0.785999
0.791286
0.796505
0.801654
0.806732
0.811737
0.816668
0.821525
0.826304
0.831007
0.835631
0.840176
0.844641
0.849026
0.853330
0.857552
0.861693
0.865752
0.869728
0.873623
0.877435
0.881165
0.884813
0.888380
0.891866
0.895271
0.898595
0.901840
0.905005
0.908092
0.911101
0.914033
0.916889
0.919669
0.922375
0.925008
0.927568
0.930057
0.932476
0.934825
0.937106
0.939321
0.941469
0.943553
0.945574
0.947532
0.949430
0.951268
0.953048
0.954770
0.956437
0.958049
0.959608
0.961114
0.962570
0.963977
0.965335
0.966646
0.967911
0.969132
0.970309
0.971444
0.972538
0.973593
0.974608
0.975586
0.976528
0.977434
0.978306
0.979145
0.979952
0.980727
0.981473
0.982189
0.982877
0.983538
0.984173
0.984782
0.985367
0.985927
0.986466
0.986981
0.987476
0.987950
0.988405
0.988840
0.989257
0.989657
0.990039
0.990405
0.990756
0.991091
0.991412
0.991719
0.992012
0.992292
0.992561
0.992817
0.993062
0.993296
0.993519
0.993733
0.993937
0.994131
0.994317
0.994494
0.994664
0.994825
0.994979
0.995126
0.995266
0.995400
0.995527
0.995648
0.995764
0.995874
0.995980
0.996080
0.996175
0.996266
0.996352
0.996435
0.996513
0.996588
0.996659
0.996727
0.996791
0.996852
0.996911
0.996966
0.997019
0.997069
0.997117
0.997162
0.997205
0.997246
0.997285
0.997323
0.997358
0.997391
0.997423
0.997454
0.997482
0.997510
0.997536
0.997560
0.997584
0.997606
0.997627
0.997647
0.997667
0.997685
0.997702
0.997718
0.997734
0.997749
0.997763
0.997776
0.997789
0.997801
0.997812
0.997823
0.997833
0.997843
0.997852
0.997861
0.997869
0.997877
0.997885
0.997892
0.997898
0.997905
0.997911
0.997917
0.997922
0.997927
0.997932
0.997937
0.997942
0.997946
0.997950
0.997954
0.997957
0.997961
0.997964
0.997967
0.997970
0.997973
0.997975
0.997978
0.997980
0.997982
0.997985
0.997987
0.997988
0.997990
0.997992
0.997994
0.997995
0.997997
0.997998
0.997999
0.998001
0.998002
0.998003
0.998004
0.998005
0.998006
0.998007
0.998008
0.998009
0.998010
0.998010
0.998011
0.998012
0.998012
0.998013
0.998013
0.998014
0.998015
0.998015
0.998016
0.998016
0.998016
0.998017
0.998017
0.998018
0.998018
0.998018
0.998019
0.998019
0.998019
0.998019
0.998020
0.998020
0.998020
0.998020
0.998020
0.998021
0.998021
0.998021
0.998021
0.998021
0.998022
0.998022
0.998022
0.998022
0.998022
0.998022
0.998022
0.998022
0.998022
0.998023
0.998023
0.998023
0.998023
0.998023
0.998023
0.998023
0.998023
0.998023
0.998023
0.998023
0.998023
0.998023
0.998023
0.998024
0.998024
0.998024
0.998024
0.998024
0.998024
0.998024
0.998024
0.998024
0.998024
0.998024
0.998024
0.998024
0.998024
0.998024
0.998024
0.998024
0.998024
0.998024
0.998024
0.998024
0.998024
0.998024
0.998024
0.998024
0.998024
0.998024
0.998024
0.998024
0.998024
0.998024
0.998024
0.998024
0.998024
0.998024
0.998024
0.998024
0.998024
0.998024
0.998024
0.998024
0.998024
0.998024
0.998024
0.998024
0.998024
0.998024
0.998024
0.998024
0.998024
0.998024
0.998024
0.998024
0.998024
0.998024
0.998024
0.998024
0.998024
0.998024
0.998024
0.998024
0.998024
0.998024
0.998024
0.998024
0.998024
0.998024
0.998024
0.998024
0.998024
0.998024
0.998024
0.998024
0.998024
0.998024
0.998024
0.998024
0.998024
0.998024
0.998024
0.998024
0.998024
0.998024
0.998024
0.998024
0.998024
0.998024
0.998024
0.998024
0.998024
0.998024
0.998024
0.998024
0.998024
0.998024
0.998024
0.998024
0.998024
0.998024
0.998024
0.998024
0.998024
0.998024
0.998024
0.998024
0.998024
0.998024
0.998024
0.998024
0.998024
0.998024
0.998024
0.998024
0.998024
0.998024
0.998024
0.998024
0.998024
0.998024
0.998024
0.998024
0.998024
0.998024
0.998024
0.998024
0.998024
0.998024
0.998024
0.998024
0.998024
0.998024
0.998024
0.998024
0.998024
0.998024
0.998024
0.998024
0.998024
0.998024
0.998024
0.998024
0.998024
0.998024
0.998024
0.998024
0.998024
0.998024
0.998024
0.998024
0.998024
0.998024
0.998024
0.998024
0.998024
0.998024
0.998024
0.998024
0.998024
0.998024
0.998024
0.998024
0.998024
0.998024
0.998024
0.998024
0.998024
0.998024
0.998024
0.998024
0.998024
0.998024
0.998024
0.998024
0.998024
0.998024
0.998024
0.998024
0.998024
0.998024
0.998024
0.998024
0.998024
0.998024
0.998024
0.998024
0.998024
0.998024
0.998024
0.998024
0.998024
0.998024
0.998024
0.998024
0.998024
0.998024
0.998024
0.998024
0.998024
0.998024
0.998024
0.998024
0.998024
0.998024
0.998024
0.998024
0.998024
0.998024
0.998024
0.998024
0.998024
0.998024
0.998024
0.998024
0.998024
0.998024
0.998024
0.998024
0.998024
0.998024
0.998024
0.998024
0.998024
0.998024
0.998024
0.998024
0.998024
0.998024
0.998024
0.998024
0.998024
0.998024
0.998024
0.998024
0.998024
0.998024
0.998024
0.998024
0.998024
0.998024
0.998024
0.998024
0.998024
0.998024
0.998024
0.998024
0.998024
0.998024
0.998024
0.998024
0.998024
0.998024
0.998024
0.998024
0.998024
0.998024
0.998024
0.998024
0.998024
0.998024
0.998024
