0.000000
0.030833
0.063678
0.099998
0.142349
0.191466
0.231172
0.238157
0.225234
0.221410
0.227948
0.236016
0.244414
0.254239
0.260835
0.263008
0.265007
0.267003
0.268996
0.270986
0.272973
0.274956
0.276937
0.278915
0.280889
0.282862
0.284831
0.286798
0.288763
0.290726
0.292686
0.294645
0.296602
0.298558
0.300512
0.302465
0.304416
0.306366
0.308316
0.310293
0.312062
0.313846
0.315632
0.317419
0.319206
0.320994
0.322782
0.324571
0.326362
0.328153
0.329945
0.331738
0.333533
0.335329
0.337126
0.338925
0.340726
0.342528
0.344332
0.346138
0.347946
0.349756
0.351568
0.353382
0.355199
0.357018
0.358839
0.360663
0.362490
0.364319
0.366151
0.367986
0.369824
0.371665
0.373509
0.375356
0.377207
0.379060
0.380918
0.382778
0.384643
0.386510
0.388382
0.390257
0.392136
0.394019
0.395906
0.397797
0.399692
0.401591
0.403495
0.405402
0.407314
0.409230
0.411151
0.413076
0.415006
0.416940
0.418878
0.420822
0.422770
0.424722
0.426680
0.428642
0.430609
0.432581
0.434558
0.436539
0.438526
0.440518
0.442514
0.444516
0.446522
0.448534
0.450551
0.452573
0.454600
0.456631
0.458669
0.460711
0.462758
0.464810
0.466868
0.468931
0.470998
0.473071
0.475149
0.477232
0.479320
0.481413
0.483511
0.485614
0.487722
0.489835
0.491953
0.494075
0.496203
0.498336
0.500473
0.502615
0.504761
0.506913
0.509069
0.511229
0.513394
0.515564
0.517738
0.519916
0.522099
0.524286
0.526477
0.528672
0.530872
0.533075
0.535282
0.537493
0.539708
0.541927
0.544149
0.546374
0.548604
0.550836
0.553072
0.555311
0.557553
0.559799
0.562047
0.564298
0.566552
0.568808
0.571067
0.573329
0.575593
0.577859
0.580127
0.582397
0.584670
0.586944
0.589219
0.591497
0.593776
0.596056
0.598337
0.600620
0.602904
0.605188
0.607474
0.609760
0.612047
0.614334
0.616621
0.618908
0.621196
0.623483
0.625771
0.628058
0.630344
0.632630
0.634915
0.637199
0.639483
0.641765
0.644046
0.646325
0.648603
0.650880
0.653154
0.655427
0.657697
0.659966
0.662232
0.664495
0.666756
0.669015
0.671270
0.673522
0.675772
0.678017
0.680260
0.682499
0.684734
0.686965
0.689193
0.691416
0.693635
0.695850
0.698060
0.700266
0.702467
0.704663
0.706854
0.709039
0.711220
0.713395
0.715564
0.717728
0.719886
0.722038
0.724184
0.726324
0.728457
0.730584
0.732704
0.734818
0.736925
0.739025
0.741118
0.743204
0.745282
0.747354
0.749417
0.751473
0.753521
0.755562
0.757594
0.759619
0.761635
0.763643
0.765642
0.767633
0.769616
0.771590
0.773554
0.775511
0.777458
0.779396
0.781325
0.783244
0.785155
0.787055
0.788947
0.790828
0.792700
0.794563
0.796415
0.798257
0.800090
0.801912
0.803724
0.805526
0.807318
0.809099
0.810870
0.812631
0.814380
0.816120
0.817848
0.819566
0.821273
0.822969
0.824654
0.826328
0.827991
0.829644
0.831285
0.832915
0.834533
0.836141
0.837737
0.839322
0.840896
0.842458
0.844009
0.845548
0.847076
0.848593
0.850098
0.851591
0.853073
0.854544
0.856003
0.857450
0.858885
0.860309
0.861722
0.863122
0.864511
0.865889
0.867254
0.868608
0.869951
0.871282
0.872601
0.873908
0.875204
0.876488
0.877761
0.879022
0.880271
0.881509
0.882735
0.883949
0.885152
0.886344
0.887524
0.888693
0.889850
0.890995
0.892130
0.893253
0.894364
0.895465
0.896554
0.897631
0.898698
0.899753
0.900798
0.901831
0.902853
0.903864
0.904864
0.905854
0.906832
0.907799
0.908756
0.909702
0.910637
0.911562
0.912476
0.913380
0.914273
0.915155
0.916028
0.916889
0.917741
0.918583
0.919414
0.920235
0.921046
0.921847
0.922639
0.923420
0.924192
0.924954
0.925706
0.926448
0.927182
0.927905
0.928619
0.929324
0.930020
0.930706
0.931384
0.932052
0.932711
0.933362
0.934003
0.934636
0.935260
0.935875
0.936482
0.937080
0.937670
0.938252
0.938825
0.939390
0.939947
0.940496
0.941037
0.941570
0.942095
0.942612
0.943122
0.943624
0.944118
0.944605
0.945085
0.945557
0.946022
0.946480
0.946931
0.947374
0.947811
0.948241
0.948664
0.949080
0.949490
0.949893
0.950290
0.950680
0.951064
0.951441
0.951813
0.952178
0.952537
0.952890
0.953237
0.953578
0.953914
0.954244
0.954568
0.954886
0.955199
0.955507
0.955809
0.956106
0.956398
0.956684
0.956966
0.957242
0.957514
0.957780
0.958042
0.958299
0.958551
0.958799
0.959042
0.959280
0.959514
0.959744
0.959970
0.960191
0.960408
0.960621
0.960829
0.961034
0.961235
0.961432
0.961625
0.961814
0.962000
0.962182
0.962360
0.962535
0.962706
0.962874
0.963039
0.963200
0.963358
0.963513
0.963664
0.963812
0.963958
0.964100
0.964239
0.964376
0.964510
0.964640
0.964768
0.964894
0.965016
0.965136
0.965253
0.965368
0.965481
0.965591
0.965698
0.965803
0.965906
0.966007
0.966105
0.966201
0.966295
0.966387
0.966477
0.966564
0.966650
0.966734
0.966816
0.966896
0.966974
0.967050
0.967125
0.967198
0.967269
0.967338
0.967406
0.967472
0.967537
0.967600
0.967661
0.967721
0.967780
0.967837
0.967893
0.967947
0.968000
0.968052
0.968103
0.968152
0.968200
0.968247
0.968292
0.968337
0.968380
0.968422
0.968464
0.968504
0.968543
0.968581
0.968618
0.968654
0.968689
0.968724
0.968757
0.968790
0.968821
0.968852
0.968882
0.968911
0.968940
0.968967
0.968994
0.969020
0.969046
0.969071
0.969095
0.969118
0.969141
0.969163
0.969184
0.969205
0.969226
0.969246
0.969265
0.969283
0.969302
0.969319
0.969336
0.969353
0.969369
0.969385
0.969400
0.969415
0.969429
0.969443
0.969457
0.969470
0.969483
0.969495
0.969507
0.969519
0.969530
0.969541
0.969552
0.969562
0.969572
0.969582
0.969591
0.969600
0.969609
0.969618
0.969626
0.969634
0.969642
0.969649
0.969657
0.969664
0.969670
0.969677
0.969684
0.969690
0.969696
0.969702
0.969707
0.969713
0.969718
0.969723
0.969728
0.969733
