0.000000
0.047342
0.100428
0.162773
0.217927
0.214669
0.180991
0.177484
0.187070
0.196454
0.205338
0.213837
0.222087
0.230255
0.238569
0.247738
0.256968
0.260440
0.262591
0.264732
0.266875
0.269021
0.271171
0.273323
0.275479
0.277638
0.279801
0.281968
0.284138
0.286314
0.288494
0.290678
0.292868
0.295063
0.297263
0.299469
0.301681
0.303900
0.306124
0.308384
0.310430
0.312504
0.314587
0.316680
0.318780
0.320890
0.323009
0.325137
0.327274
0.329420
0.331576
0.333741
0.335917
0.338102
0.340297
0.342503
0.344719
0.346945
0.349182
0.351429
0.353687
0.355956
0.358237
0.360528
0.362830
0.365144
0.367469
0.369806
0.372154
0.374513
0.376885
0.379268
0.381663
0.384069
0.386488
0.388919
0.391361
0.393816
0.396282
0.398761
0.401252
0.403754
0.406269
0.408796
0.411335
0.413887
0.416450
0.419025
0.421612
0.424212
0.426823
0.429446
0.432081
0.434727
0.437386
0.440056
0.442737
0.445430
0.448135
0.450850
0.453577
0.456315
0.459064
0.461824
0.464595
0.467376
0.470167
0.472969
0.475782
0.478604
0.481436
0.484278
0.487129
0.489990
0.492860
0.495738
0.498626
0.501522
0.504427
0.507340
0.510261
0.513190
0.516126
0.519070
0.522021
0.524978
0.527942
0.530913
0.533890
0.536873
0.539861
0.542855
0.545853
0.548857
0.551865
0.554878
0.557895
0.560915
0.563939
0.566966
0.569996
0.573028
0.576063
0.579100
0.582138
0.585178
0.588219
0.591261
0.594303
0.597346
0.600388
0.603430
0.606471
0.609511
0.612550
0.615587
0.618622
0.621654
0.624684
0.627711
0.630735
0.633755
0.636771
0.639783
0.642790
0.645793
0.648790
0.651781
0.654767
0.657747
0.660720
0.663687
0.666646
0.669598
0.672542
0.675479
0.678407
0.681326
0.684236
0.687138
0.690029
0.692911
0.695783
0.698645
0.701495
0.704335
0.707164
0.709981
0.712787
0.715580
0.718361
0.721130
0.723886
0.726628
0.729358
0.732074
0.734776
0.737464
0.740138
0.742797
0.745441
0.748071
0.750685
0.753285
0.755868
0.758436
0.760987
0.763523
0.766042
0.768545
0.771031
0.773500
0.775952
0.778386
0.780803
0.783203
0.785585
0.787949
0.790296
0.792624
0.794933
0.797225
0.799498
0.801752
0.803988
0.806204
0.808402
0.810581
0.812741
0.814881
0.817003
0.819105
0.821187
0.823250
0.825293
0.827317
0.829322
0.831306
0.833271
0.835216
0.837141
0.839047
0.840933
0.842798
0.844644
0.846470
0.848277
0.850063
0.851830
0.853576
0.855303
0.857010
0.858698
0.860365
0.862013
0.863641
0.865250
0.866839
0.868408
0.869958
0.871489
0.873000
0.874492
0.875965
0.877418
0.878853
0.880268
0.881665
0.883042
0.884402
0.885742
0.887064
0.888367
0.889652
0.890919
0.892168
0.893398
0.894611
0.895806
0.896983
0.898143
0.899285
0.900410
0.901518
0.902609
0.903682
0.904739
0.905780
0.906804
0.907811
0.908802
0.909778
0.910737
0.911680
0.912608
0.913520
0.914417
0.915298
0.916165
0.917017
0.917854
0.918676
0.919484
0.920277
0.921057
0.921822
0.922574
0.923311
0.924036
0.924747
0.925445
0.926129
0.926801
0.927461
0.928107
0.928742
0.929364
0.929973
0.930571
0.931158
0.931732
0.932296
0.932847
0.933388
0.933918
0.934437
0.934945
0.935443
0.935931
0.936408
0.936875
0.937332
0.937780
0.938218
0.938647
0.939066
0.939476
0.939877
0.940270
0.940653
0.941028
0.941395
0.941753
0.942103
0.942446
0.942780
0.943107
0.943426
0.943737
0.944042
0.944339
0.944629
0.944912
0.945189
0.945458
0.945722
0.945978
0.946229
0.946473
0.946711
0.946944
0.947170
0.947391
0.947607
0.947816
0.948021
0.948220
0.948414
0.948603
0.948787
0.948966
0.949141
0.949311
0.949476
0.949637
0.949794
0.949946
0.950095
0.950239
0.950379
0.950516
0.950649
0.950778
0.950903
0.951025
0.951143
0.951258
0.951370
0.951479
0.951584
0.951687
0.951786
0.951883
0.951976
0.952067
0.952156
0.952241
0.952325
0.952405
0.952483
0.952559
0.952633
0.952704
0.952773
0.952840
0.952905
0.952968
0.953029
0.953088
0.953145
0.953200
0.953254
0.953306
0.953356
0.953405
0.953452
0.953497
0.953541
0.953584
0.953625
0.953665
0.953703
0.953741
0.953776
0.953811
0.953845
0.953877
0.953909
0.953939
0.953968
0.953996
0.954024
0.954050
0.954075
0.954100
0.954123
0.954146
0.954168
0.954189
0.954210
0.954230
0.954249
0.954267
0.954285
0.954302
0.954318
0.954334
0.954349
0.954363
0.954378
0.954391
0.954404
0.954417
0.954429
0.954440
0.954452
0.954462
0.954473
0.954483
0.954492
0.954501
0.954510
0.954519
0.954527
0.954535
0.954542
0.954549
0.954556
0.954563
0.954569
0.954575
0.954581
0.954587
0.954592
0.954598
0.954603
0.954607
0.954612
0.954616
0.954620
0.954624
0.954628
0.954632
0.954635
0.954639
0.954642
0.954645
0.954648
0.954651
0.954654
0.954656
0.954659
0.954661
0.954663
0.954666
0.954668
0.954670
0.954671
0.954673
0.954675
0.954677
0.954678
0.954680
0.954681
0.954683
0.954684
0.954685
0.954686
0.954687
0.954688
0.954690
0.954690
0.954691
0.954692
0.954693
0.954694
0.954695
0.954695
0.954696
0.954697
0.954697
0.954698
0.954699
0.954699
0.954700
0.954700
0.954701
0.954701
0.954702
0.954702
0.954702
0.954703
0.954703
0.954703
0.954704
0.954704
0.954704
0.954704
0.954705
0.954705
0.954705
0.954705
0.954706
0.954706
0.954706
0.954706
0.954706
0.954706
0.954707
0.954707
0.954707
0.954707
0.954707
0.954707
0.954707
0.954707
0.954708
0.954708
0.954708
0.954708
0.954708
0.954708
0.954708
0.954708
0.954708
0.954708
0.954708
0.954708
0.954708
0.954708
0.954708
0.954708
0.954708
0.954709
0.954709
0.954709
0.954709
0.954709
0.954709
0.954709
0.954709
0.954709
0.954709
0.954709
0.954709
0.954709
0.954709
0.954709
0.954709
0.954709
0.954709
0.954709
0.954709
0.954709
0.954709
0.954709
0.954709
0.954709
0.954709
0.954709
