0.000000
0.012267
0.024940
0.038310
0.053054
0.070228
0.080455
0.091467
0.103953
0.118270
0.134944
0.154866
0.179588
0.210657
0.246050
0.276179
0.288616
0.282690
0.273212
0.270686
0.272177
0.274153
0.276135
0.278114
0.280089
0.282060
0.284027
0.285991
0.287951
0.289908
0.291861
0.293810
0.295757
0.297699
0.299639
0.301576
0.303509
0.305439
0.307367
0.309324
0.311074
0.312830
0.314586
0.316340
0.318092
0.319843
0.321592
0.323339
0.325085
0.326830
0.328573
0.330314
0.332055
0.333794
0.335531
0.337268
0.339004
0.340739
0.342472
0.344205
0.345937
0.347668
0.349399
0.351129
0.352858
0.354587
0.356315
0.358043
0.359771
0.361498
0.363225
0.364952
0.366679
0.368406
0.370132
0.371859
0.373586
0.375313
0.377040
0.378768
0.380496
0.382224
0.383953
0.385682
0.387412
0.389142
0.390873
0.392605
0.394337
0.396070
0.397805
0.399540
0.401275
0.403012
0.404750
0.406489
0.408229
0.409971
0.411713
0.413457
0.415202
0.416948
0.418696
0.420445
0.422196
0.423948
0.425701
0.427456
0.429213
0.430971
0.432731
0.434493
0.436256
0.438021
0.439788
0.441557
0.443327
0.445099
0.446873
0.448649
0.450427
0.452207
0.453989
0.455773
0.457558
0.459346
0.461136
0.462928
0.464721
0.466517
0.468315
0.470115
0.471917
0.473721
0.475527
0.477336
0.479146
0.480958
0.482773
0.484590
0.486408
0.488229
0.490052
0.491877
0.493704
0.495533
0.497365
0.499198
0.501033
0.502870
0.504710
0.506551
0.508394
0.510240
0.512087
0.513936
0.515787
0.517640
0.519495
0.521352
0.523210
0.525071
0.526933
0.528797
0.530662
0.532529
0.534398
0.536269
0.538141
0.540015
0.541890
0.543767
0.545645
0.547524
0.549405
0.551288
0.553171
0.555056
0.556942
0.558829
0.560718
0.562607
0.564498
0.566389
0.568282
0.570175
0.572069
0.573964
0.575860
0.577757
0.579654
0.581551
0.583450
0.585349
0.587248
0.589147
0.591047
0.592948
0.594848
0.596749
0.598650
0.600550
0.602451
0.604352
0.606252
0.608153
0.610053
0.611953
0.613852
0.615751
0.617650
0.619548
0.621445
0.623342
0.625238
0.627133
0.629027
0.630921
0.632813
0.634704
0.636594
0.638483
0.640371
0.642257
0.644142
0.646026
0.647907
0.649788
0.651667
0.653543
0.655419
0.657292
0.659163
0.661033
0.662900
0.664765
0.666628
0.668489
0.670347
0.672203
0.674057
0.675908
0.677756
0.679602
0.681445
0.683285
0.685122
0.686957
0.688788
0.690617
0.692442
0.694264
0.696083
0.697898
0.699710
0.701519
0.703324
0.705125
0.706923
0.708718
0.710508
0.712295
0.714077
0.715856
0.717631
0.719401
0.721168
0.722930
0.724688
0.726442
0.728192
0.729937
0.731677
0.733413
0.735144
0.736871
0.738593
0.740310
0.742022
0.743730
0.745432
0.747130
0.748822
0.750510
0.752192
0.753869
0.755541
0.757207
0.758868
0.760524
0.762174
0.763819
0.765458
0.767092
0.768719
0.770342
0.771958
0.773569
0.775174
0.776773
0.778366
0.779953
0.781535
0.783110
0.784679
0.786242
0.787799
0.789349
0.790894
0.792432
0.793964
0.795490
0.797009
0.798521
0.800028
0.801528
0.803021
0.804508
0.805988
0.807462
0.808929
0.810389
0.811843
0.813290
0.814730
0.816164
0.817590
0.819010
0.820423
0.821830
0.823229
0.824621
0.826007
0.827386
0.828757
0.830122
0.831479
0.832830
0.834174
0.835510
0.836840
0.838162
0.839477
0.840785
0.842086
0.843380
0.844667
0.845946
0.847219
0.848484
0.849742
0.850993
0.852237
0.853473
0.854702
0.855924
0.857139
0.858346
0.859546
0.860739
0.861925
0.863104
0.864275
0.865439
0.866596
0.867745
0.868887
0.870022
0.871150
0.872271
0.873384
0.874490
0.875589
0.876680
0.877764
0.878841
0.879911
0.880974
0.882029
0.883078
0.884119
0.885153
0.886179
0.887199
0.888212
0.889217
0.890215
0.891206
0.892190
0.893167
0.894137
0.895100
0.896055
0.897004
0.897946
0.898880
0.899808
0.900729
0.901643
0.902550
0.903450
0.904343
0.905229
0.906108
0.906981
0.907846
0.908705
0.909558
0.910403
0.911242
0.912073
0.912899
0.913717
0.914529
0.915335
0.916133
0.916925
0.917711
0.918490
0.919263
0.920029
0.920789
0.921542
0.922289
0.923029
0.923763
0.924491
0.925213
0.925928
0.926637
0.927340
0.928036
0.928727
0.929411
0.930090
0.930762
0.931428
0.932088
0.932742
0.933391
0.934033
0.934669
0.935300
0.935925
0.936544
0.937157
0.937764
0.938366
0.938962
0.939552
0.940137
0.940716
0.941290
0.941858
0.942421
0.942978
0.943530
0.944077
0.944618
0.945153
0.945684
0.946209
0.946729
0.947244
0.947753
0.948258
0.948757
0.949252
0.949741
0.950225
0.950705
0.951179
0.951649
0.952113
0.952573
0.953028
0.953478
0.953924
0.954365
0.954801
0.955233
0.955660
0.956082
0.956500
0.956913
0.957322
0.957727
0.958127
0.958522
0.958914
0.959301
0.959684
0.960062
0.960437
0.960807
0.961173
0.961535
0.961893
0.962247
0.962597
0.962942
0.963284
0.963622
0.963957
0.964287
0.964613
0.964936
0.965255
0.965571
0.965882
0.966190
0.966494
0.966795
0.967092
0.967386
0.967676
0.967963
0.968246
0.968526
0.968802
0.969076
0.969345
0.969612
0.969875
0.970135
0.970392
0.970646
0.970897
0.971144
0.971388
0.971630
0.971868
0.972104
0.972336
0.972565
0.972792
0.973016
0.973237
0.973455
0.973670
0.973882
0.974092
0.974299
0.974504
0.974705
0.974905
0.975101
0.975295
0.975486
0.975675
0.975862
0.976046
0.976227
0.976406
0.976583
0.976757
0.976929
0.977099
0.977266
0.977431
0.977594
0.977755
0.977914
0.978070
0.978224
0.978376
0.978526
0.978674
0.978820
0.978964
0.979105
0.979245
0.979383
0.979519
0.979653
0.979785
0.979916
0.980044
0.980171
0.980295
0.980418
0.980540
0.980659
0.980777
0.980893
0.981007
0.981120
0.981231
0.981341
0.981449
0.981555
0.981660
0.981763
0.981865
0.981965
0.982063
0.982161
0.982256
0.982351
0.982444
