0.000000
0.011444
0.023874
0.041316
0.058437
0.087214
0.125755
0.166068
0.200797
0.226559
0.243644
0.254167
0.260495
0.264475
0.267286
0.269576
0.271658
0.273667
0.275652
0.277628
0.279598
0.281563
0.283523
0.285477
0.287425
0.289367
0.291304
0.293235
0.295160
0.297080
0.298994
0.300903
0.302807
0.304705
0.306598
0.308485
0.310367
0.312244
0.314115
0.316042
0.317772
0.319481
0.321182
0.322879
0.324571
0.326259
0.327943
0.329622
0.331297
0.332967
0.334634
0.336296
0.337954
0.339608
0.341257
0.342902
0.344544
0.346180
0.347813
0.349442
0.351066
0.352686
0.354302
0.355914
0.357522
0.359126
0.360726
0.362322
0.363913
0.365501
0.367084
0.368663
0.370239
0.371810
0.373378
0.374941
0.376500
0.378056
0.379607
0.381155
0.382698
0.384238
0.385774
0.387306
0.388833
0.390357
0.391878
0.393394
0.394906
0.396415
0.397919
0.399420
0.400917
0.402410
0.403900
0.405385
0.406867
0.408345
0.409820
0.411290
0.412757
0.414220
0.415679
0.417135
0.418587
0.420035
0.421479
0.422920
0.424357
0.425791
0.427221
0.428647
0.430069
0.431488
0.432904
0.434315
0.435723
0.437128
0.438529
0.439926
0.441320
0.442710
0.444097
0.445480
0.446860
0.448236
0.449609
0.450978
0.452344
0.453706
0.455065
0.456420
0.457772
0.459120
0.460465
0.461807
0.463145
0.464479
0.465811
0.467139
0.468463
0.469784
0.471102
0.472416
0.473728
0.475035
0.476340
0.477641
0.478939
0.480233
0.481524
0.482812
0.484097
0.485378
0.486656
0.487931
0.489203
0.490471
0.491736
0.492998
0.494257
0.495512
0.496765
0.498014
0.499260
0.500502
0.501742
0.502978
0.504212
0.505442
0.506669
0.507893
0.509113
0.510331
0.511546
0.512757
0.513966
0.515171
0.516373
0.517572
0.518768
0.519962
0.521152
0.522339
0.523523
0.524704
0.525882
0.527057
0.528229
0.529398
0.530564
0.531727
0.532887
0.534044
0.535198
0.536350
0.537498
0.538644
0.539786
0.540926
0.542062
0.543196
0.544327
0.545455
0.546581
0.547703
0.548822
0.549939
0.551053
0.552164
0.553272
0.554377
0.555480
0.556579
0.557676
0.558770
0.559862
0.560950
0.562036
0.563119
0.564200
0.565277
0.566352
0.567424
0.568493
0.569560
0.570624
0.571685
0.572743
0.573799
0.574852
0.575903
0.576951
0.577996
0.579038
0.580078
0.581115
0.582150
0.583182
0.584211
0.585238
0.586262
0.587283
0.588302
0.589318
0.590332
0.591343
0.592352
0.593358
0.594361
0.595362
0.596360
0.597356
0.598349
0.599340
0.600328
0.601314
0.602297
0.603278
0.604256
0.605232
0.606205
0.607176
0.608144
0.609110
0.610074
0.611034
0.611993
0.612949
0.613903
0.614854
0.615803
0.616749
0.617693
0.618635
0.619574
0.620511
0.621445
0.622378
0.623307
0.624235
0.625160
0.626082
0.627003
0.627921
0.628836
0.629750
0.630661
0.631569
0.632476
0.633380
0.634282
0.635181
0.636079
0.636974
0.637866
0.638757
0.639645
0.640531
0.641414
0.642296
0.643175
0.644052
0.644927
0.645799
0.646670
0.647538
0.648404
0.649268
0.650129
0.650988
0.651846
0.652701
0.653553
0.654404
0.655253
0.656099
0.656943
0.657785
0.658625
0.659463
0.660299
0.661133
0.661964
0.662793
0.663621
0.664446
0.665269
0.666090
0.666909
0.667726
0.668541
0.669353
0.670164
0.670973
0.671779
0.672584
0.673386
0.674187
0.674985
0.675782
0.676576
0.677369
0.678159
0.678948
0.679734
0.680518
0.681301
0.682081
0.682860
0.683636
0.684411
0.685184
0.685954
0.686723
0.687490
0.688255
0.689018
0.689779
0.690538
0.691295
0.692050
0.692804
0.693555
0.694305
0.695052
0.695798
0.696542
0.697284
0.698024
0.698763
0.699499
0.700234
0.700966
0.701697
0.702426
0.703153
0.703879
0.704602
0.705324
0.706044
0.706762
0.707479
0.708193
0.708906
0.709617
0.710326
0.711033
0.711739
0.712442
0.713144
0.713845
0.714543
0.715240
0.715935
0.716628
0.717320
0.718009
0.718698
0.719384
0.720068
0.720751
0.721432
0.722112
0.722790
0.723466
0.724140
0.724813
0.725484
0.726153
0.726821
0.727487
0.728151
0.728814
0.729474
0.730134
0.730791
0.731447
0.732102
0.732755
0.733406
0.734055
0.734703
0.735349
0.735994
0.736637
0.737278
0.737918
0.738556
0.739193
0.739828
0.740462
0.741093
0.741724
0.742352
0.742980
0.743605
0.744229
0.744852
0.745473
0.746092
0.746710
0.747326
0.747941
0.748554
0.749166
0.749776
0.750385
0.750992
0.751598
0.752202
0.752805
0.753406
0.754006
0.754604
0.755201
0.755796
0.756390
0.756982
0.757573
0.758162
0.758750
0.759336
0.759921
0.760505
0.761087
0.761668
0.762247
0.762825
0.763401
0.763976
0.764550
0.765122
0.765693
0.766262
0.766830
0.767397
0.767962
0.768525
0.769088
0.769649
0.770208
0.770767
0.771323
0.771879
0.772433
0.772986
0.773537
0.774087
0.774636
0.775183
0.775729
0.776274
0.776817
0.777360
0.777900
0.778440
0.778978
0.779514
0.780050
0.780584
0.781117
0.781648
0.782179
0.782708
0.783235
0.783762
0.784287
0.784811
0.785333
0.785854
0.786374
0.786893
0.787411
0.787927
0.788442
0.788956
0.789468
0.789980
0.790490
0.790998
0.791506
0.792012
0.792517
0.793021
0.793524
0.794025
0.794526
0.795025
0.795523
0.796019
0.796515
0.797009
0.797502
0.797994
0.798485
0.798974
0.799463
0.799950
0.800436
0.800921
0.801405
0.801887
0.802369
0.802849
0.803328
0.803806
0.804283
0.804759
0.805233
0.805707
0.806179
0.806650
0.807120
0.807589
0.808057
0.808524
0.808990
0.809454
0.809918
0.810380
0.810841
0.811302
0.811761
0.812219
0.812676
0.813132
0.813586
0.814040
0.814493
0.814944
0.815395
0.815844
0.816293
0.816740
0.817187
0.817632
0.818076
0.818520
0.818962
0.819403
0.819843
0.820282
0.820720
0.821157
0.821593
0.822028
0.822463
0.822896
0.823328
0.823759
0.824189
0.824618
0.825046
0.825473
0.825899
0.826324
0.826748
0.827172
0.827594
