0.000000
0.022334
0.045636
0.070857
0.101134
0.140402
0.183447
0.216988
0.234965
0.242806
0.248709
0.257306
0.261005
0.262980
0.264957
0.266928
0.268892
0.270851
0.272804
0.274751
0.276691
0.278626
0.280554
0.282477
0.284394
0.286305
0.288211
0.290111
0.292005
0.293894
0.295777
0.297656
0.299528
0.301396
0.303259
0.305116
0.306969
0.308816
0.310658
0.312537
0.314215
0.315890
0.317561
0.319229
0.320892
0.322552
0.324207
0.325859
0.327507
0.329151
0.330791
0.332427
0.334060
0.335689
0.337314
0.338936
0.340554
0.342168
0.343778
0.345385
0.346989
0.348589
0.350185
0.351778
0.353367
0.354953
0.356535
0.358114
0.359689
0.361261
0.362830
0.364395
0.365957
0.367515
0.369071
0.370623
0.372172
0.373717
0.375260
0.376799
0.378335
0.379868
0.381397
0.382924
0.384447
0.385968
0.387485
0.389000
0.390511
0.392020
0.393525
0.395028
0.396528
0.398025
0.399519
0.401010
0.402498
0.403984
0.405467
0.406947
0.408424
0.409899
0.411371
0.412840
0.414307
0.415771
0.417232
0.418691
0.420148
0.421602
0.423053
0.424502
0.425949
0.427393
0.428835
0.430274
0.431711
0.433146
0.434578
0.436008
0.437436
0.438862
0.440285
0.441707
0.443126
0.444543
0.445958
0.447370
0.448781
0.450190
0.451596
0.453001
0.454404
0.455805
0.457203
0.458600
0.459995
0.461389
0.462780
0.464170
0.465557
0.466943
0.468328
0.469710
0.471091
0.472470
0.473848
0.475224
0.476598
0.477971
0.479342
0.480712
0.482080
0.483446
0.484812
0.486175
0.487538
0.488899
0.490258
0.491616
0.492973
0.494329
0.495683
0.497036
0.498388
0.499738
0.501088
0.502436
0.503783
0.505129
0.506473
0.507817
0.509159
0.510501
0.511841
0.513181
0.514519
0.515857
0.517193
0.518529
0.519863
0.521197
0.522530
0.523862
0.525193
0.526523
0.527853
0.529182
0.530510
0.531837
0.533163
0.534489
0.535814
0.537138
0.538462
0.539785
0.541108
0.542430
0.543751
0.545072
0.546392
0.547711
0.549030
0.550349
0.551667
0.552984
0.554301
0.555618
0.556934
0.558250
0.559565
0.560880
0.562194
0.563509
0.564822
0.566136
0.567449
0.568762
0.570074
0.571386
0.572698
0.574010
0.575321
0.576632
0.577943
0.579254
0.580564
0.581874
0.583184
0.584494
0.585803
0.587113
0.588422
0.589731
0.591040
0.592349
0.593657
0.594966
0.596274
0.597582
0.598890
0.600198
0.601506
0.602814
0.604122
0.605430
0.606737
0.608045
0.609352
0.610659
0.611966
0.613274
0.614581
0.615888
0.617195
0.618502
0.619809
0.621116
0.622422
0.623729
0.625036
0.626342
0.627649
0.628955
0.630262
0.631568
0.632875
0.634181
0.635487
0.636793
0.638099
0.639405
0.640711
0.642017
0.643323
0.644628
0.645934
0.647239
0.648545
0.649850
0.651155
0.652460
0.653765
0.655069
0.656374
0.657678
0.658983
0.660287
0.661590
0.662894
0.664198
0.665501
0.666804
0.668107
0.669409
0.670712
0.672014
0.673315
0.674617
0.675918
0.677219
0.678519
0.679820
0.681119
0.682419
0.683718
0.685017
0.686315
0.687613
0.688910
0.690207
0.691504
0.692800
0.694095
0.695390
0.696684
0.697978
0.699271
0.700564
0.701856
0.703148
0.704438
0.705729
0.707018
0.708307
0.709595
0.710882
0.712168
0.713454
0.714739
0.716023
0.717306
0.718589
0.719870
0.721151
0.722430
0.723709
0.724986
0.726263
0.727539
0.728813
0.730087
0.731359
0.732630
0.733900
0.735169
0.736437
0.737704
0.738969
0.740233
0.741495
0.742757
0.744017
0.745276
0.746533
0.747789
0.749043
0.750296
0.751547
0.752797
0.754045
0.755292
0.756537
0.757780
0.759022
0.760262
0.761501
0.762737
0.763972
0.765205
0.766436
0.767666
0.768893
0.770118
0.771342
0.772564
0.773783
0.775001
0.776216
0.777429
0.778641
0.779850
0.781057
0.782261
0.783464
0.784664
0.785862
0.787058
0.788251
0.789442
0.790630
0.791816
0.793000
0.794181
0.795359
0.796535
0.797709
0.798879
0.800047
0.801213
0.802376
0.803536
0.804693
0.805847
0.806999
0.808148
0.809294
0.810437
0.811577
0.812714
0.813848
0.814979
0.816107
0.817232
0.818354
0.819473
0.820589
0.821701
0.822810
0.823916
0.825019
0.826119
0.827215
0.828308
0.829397
0.830483
0.831566
0.832645
0.833721
0.834793
0.835861
0.836927
0.837988
0.839046
0.840100
0.841151
0.842198
0.843241
0.844281
0.845317
0.846349
0.847377
0.848401
0.849422
0.850439
0.851452
0.852460
0.853465
0.854467
0.855464
0.856457
0.857446
0.858431
0.859412
0.860389
0.861362
0.862330
0.863295
0.864255
0.865212
0.866164
0.867111
0.868055
0.868994
0.869930
0.870860
0.871787
0.872709
0.873627
0.874541
0.875450
0.876355
0.877255
0.878151
0.879043
0.879930
0.880813
0.881691
0.882565
0.883434
0.884299
0.885159
0.886015
0.886866
0.887713
0.888555
0.889393
0.890226
0.891054
0.891878
0.892697
0.893512
0.894322
0.895127
0.895928
0.896724
0.897516
0.898303
0.899085
0.899862
0.900635
0.901403
0.902167
0.902925
0.903680
0.904429
0.905174
0.905914
0.906649
0.907380
0.908105
0.908827
0.909543
0.910255
0.910962
0.911664
0.912362
0.913055
0.913743
0.914426
0.915105
0.915779
0.916449
0.917113
0.917773
0.918428
0.919079
0.919725
0.920366
0.921003
0.921634
0.922262
0.922884
0.923502
0.924115
0.924724
0.925328
0.925927
0.926522
0.927112
0.927697
0.928278
0.928854
0.929426
0.929993
0.930556
0.931113
0.931667
0.932216
0.932760
0.933300
0.933835
0.934366
0.934893
0.935415
0.935932
0.936445
0.936954
0.937458
0.937958
0.938453
0.938944
0.939431
0.939913
0.940391
0.940865
0.941334
0.941800
0.942260
0.942717
0.943169
0.943618
0.944062
0.944501
0.944937
0.945368
0.945796
0.946219
0.946638
0.947053
0.947464
0.947871
0.948274
0.948673
0.949068
0.949459
0.949846
0.950229
0.950608
0.950984
0.951355
0.951723
0.952086
0.952446
0.952803
0.953155
0.953504
0.953849
0.954190
0.954528
