0.000000
0.258069
0.320056
0.352703
0.381169
0.405820
0.427649
0.447285
0.465194
0.481720
0.497114
0.511563
0.525224
0.538233
0.550701
0.562704
0.574335
0.585726
0.597040
0.608524
0.620818
0.633083
0.640472
0.645768
0.650900
0.655958
0.660939
0.665840
0.670656
0.675386
0.680025
0.684572
0.689024
0.693379
0.697635
0.701790
0.705843
0.709793
0.713638
0.717526
0.721139
0.724650
0.728057
0.731361
0.734561
0.737659
0.740653
0.743545
0.746336
0.749026
0.751617
0.754111
0.756508
0.758811
0.761020
0.763139
0.765168
0.767110
0.768967
0.770741
0.772435
0.774049
0.775588
0.777052
0.778445
0.779768
0.781025
0.782217
0.783347
0.784416
0.785428
0.786385
0.787289
0.788141
0.788945
0.789703
0.790416
0.791086
0.791716
0.792307
0.792862
0.793382
0.793869
0.794325
0.794751
0.795149
0.795520
0.795867
0.796189
0.796490
0.796770
0.797029
0.797271
0.797495
0.797703
0.797895
0.798073
0.798238
0.798390
0.798531
0.798661
0.798781
0.798891
0.798992
0.799086
0.799172
0.799251
0.799323
0.799389
0.799450
0.799506
0.799557
0.799603
0.799646
0.799685
0.799720
0.799752
0.799782
0.799808
0.799833
0.799855
0.799875
0.799893
0.799910
0.799924
0.799938
0.799950
0.799961
0.799971
0.799980
0.799988
0.799996
0.800002
0.800008
0.800014
0.800018
0.800023
0.800027
0.800030
0.800033
0.800036
0.800038
0.800041
0.800043
0.800044
0.800046
0.800047
0.800049
0.800050
0.800051
0.800052
0.800052
0.800053
0.800054
0.800054
0.800055
0.800055
0.800056
0.800056
0.800056
0.800056
0.800057
0.800057
0.800057
0.800057
0.800057
0.800057
0.800058
0.800058
0.800058
0.800058
0.800058
0.800058
0.800058
0.800058
0.800058
0.800058
0.800058
0.800058
0.800058
0.800058
0.800058
0.800058
0.800058
0.800058
0.800058
0.800058
0.800058
0.800058
0.800058
0.800058
0.800058
0.800058
0.800058
0.800058
0.800058
0.800058
0.800058
0.800058
0.800058
0.800058
0.800058
0.800058
0.800058
0.800058
0.800058
0.800058
0.800058
0.800058
0.800058
0.800058
0.800058
0.800058
0.800058
0.800058
0.800058
0.800058
0.800058
0.800058
0.800058
0.800058
0.800058
0.800058
0.800058
0.800058
0.800058
0.800058
0.800058
0.800058
0.800058
0.800058
0.800058
0.800058
0.800058
0.800058
0.800058
0.800058
0.800058
0.800058
0.800058
0.800058
0.800058
0.800058
0.800058
0.800058
0.800058
0.800058
0.800058
0.800058
0.800058
0.800058
0.800058
0.800058
0.800058
0.800058
0.800058
0.800058
0.800058
0.800058
0.800058
0.800058
0.800058
0.800058
0.800058
0.800058
0.800058
0.800058
0.800058
0.800058
0.800058
0.800058
0.800058
0.800058
0.800058
0.800058
0.800058
0.800058
0.800058
0.800058
0.800058
0.800058
0.800058
0.800058
0.800058
0.800058
0.800058
0.800058
0.800058
0.800058
0.800058
0.800058
0.800058
0.800058
0.800058
0.800058
0.800058
0.800058
0.800058
0.800058
0.800058
0.800058
0.800058
0.800058
0.800058
0.800058
0.800058
0.800058
0.800058
0.800058
0.800058
0.800058
0.800058
0.800058
0.800058
0.800058
0.800058
0.800058
0.800058
0.800058
0.800058
0.800058
0.800058
0.800058
0.800058
0.800058
0.800058
0.800058
0.800058
0.800058
0.800058
0.800058
0.800058
0.800058
0.800058
0.800058
0.800058
0.800058
0.800058
0.800058
0.800058
0.800058
0.800058
0.800058
0.800058
0.800058
0.800058
0.800058
0.800058
0.800058
0.800058
0.800058
0.800058
0.800058
0.800058
0.800058
0.800058
0.800058
0.800058
0.800058
0.800058
0.800058
0.800058
0.800058
0.800058
0.800058
0.800058
0.800058
0.800058
0.800058
0.800058
0.800058
0.800058
0.800058
0.800058
0.800058
0.800058
0.800058
0.800058
0.800058
0.800058
0.800058
0.800058
0.800058
0.800058
0.800058
0.800058
0.800058
0.800058
0.800058
0.800058
0.800058
0.800058
0.800058
0.800058
0.800058
0.800058
0.800058
0.800058
0.800058
0.800058
0.800058
0.800058
0.800058
0.800058
0.800058
0.800058
0.800058
0.800058
0.800058
0.800058
0.800058
0.800058
0.800058
0.800058
0.800058
0.800058
0.800058
0.800058
0.800058
0.800058
0.800058
0.800058
0.800058
0.800058
0.800058
0.800058
0.800058
0.800058
0.800058
0.800058
0.800058
0.800058
0.800058
0.800058
0.800058
0.800058
0.800058
0.800058
0.800058
0.800058
0.800058
0.800058
0.800058
0.800058
0.800058
0.800058
0.800058
0.800058
0.800058
0.800058
0.800058
0.800058
0.800058
0.800058
0.800058
0.800058
0.800058
0.800058
0.800058
0.800058
0.800058
0.800058
0.800058
0.800058
0.800058
0.800058
0.800058
0.800058
0.800058
0.800058
0.800058
0.800058
0.800058
0.800058
0.800058
0.800058
0.800058
0.800058
0.800058
0.800058
0.800058
0.800058
0.800058
0.800058
0.800058
0.800058
0.800058
0.800058
0.800058
0.800058
0.800058
0.800058
0.800058
0.800058
0.800058
0.800058
0.800058
0.800058
0.800058
0.800058
0.800058
0.800058
0.800058
0.800058
0.800058
0.800058
0.800058
0.800058
0.800058
0.800058
0.800058
0.800058
0.800058
0.800058
0.800058
0.800058
0.800058
0.800058
0.800058
0.800058
0.800058
0.800058
0.800058
0.800058
0.800058
0.800058
0.800058
0.800058
0.800058
0.800058
0.800058
0.800058
0.800058
0.800058
0.800058
0.800058
0.800058
0.800058
0.800058
0.800058
0.800058
0.800058
0.800058
0.800058
0.800058
0.800058
0.800058
0.800058
0.800058
0.800058
0.800058
0.800058
0.800058
0.800058
0.800058
0.800058
0.800058
0.800058
0.800058
0.800058
0.800058
0.800058
0.800058
0.800058
0.800058
0.800058
0.800058
0.800058
0.800058
0.800058
0.800058
0.800058
0.800058
0.800058
0.800058
0.800058
0.800058
0.800058
0.800058
0.800058
0.800058
0.800058
0.800058
0.800058
0.800058
0.800058
0.800058
0.800058
0.800058
0.800058
0.800058
0.800058
0.800058
0.800058
0.800058
0.800058
0.800058
0.800058
0.800058
0.800058
