0.000000
0.013153
0.021663
0.026761
0.032135
0.037872
0.044048
0.050746
0.058077
0.066174
0.075194
0.085316
0.096775
0.109888
0.125081
0.142914
0.164157
0.190032
0.222530
0.264952
0.322777
0.401650
0.471147
0.442401
0.389356
0.383273
0.386827
0.390769
0.394802
0.398916
0.403104
0.407360
0.411680
0.416060
0.420498
0.424991
0.429538
0.434136
0.438785
0.443609
0.448172
0.452801
0.457480
0.462208
0.466981
0.471800
0.476661
0.481563
0.486505
0.491485
0.496501
0.501551
0.506634
0.511749
0.516892
0.522063
0.527259
0.532479
0.537721
0.542982
0.548262
0.553558
0.558868
0.564190
0.569523
0.574864
0.580211
0.585562
0.590916
0.596271
0.601623
0.606973
0.612317
0.617653
0.622980
0.628297
0.633600
0.638888
0.644160
0.649413
0.654646
0.659857
0.665044
0.670207
0.675342
0.680448
0.685525
0.690570
0.695582
0.700560
0.705502
0.710406
0.715272
0.720099
0.724884
0.729628
0.734328
0.738984
0.743596
0.748161
0.752679
0.757149
0.761570
0.765942
0.770264
0.774536
0.778755
0.782923
0.787039
0.791102
0.795111
0.799067
0.802969
0.806816
0.810609
0.814348
0.818031
0.821660
0.825233
0.828752
0.832215
0.835623
0.838977
0.842276
0.845520
0.848709
0.851844
0.854925
0.857953
0.860927
0.863847
0.866715
0.869531
0.872294
0.875006
0.877666
0.880276
0.882835
0.885344
0.887805
0.890216
0.892579
0.894895
0.897163
0.899385
0.901560
0.903691
0.905776
0.907818
0.909815
0.911770
0.913683
0.915553
0.917383
0.919172
0.920921
0.922632
0.924303
0.925937
0.927534
0.929094
0.930618
0.932106
0.933560
0.934980
0.936367
0.937720
0.939042
0.940332
0.941591
0.942819
0.944018
0.945188
0.946329
0.947442
0.948528
0.949587
0.950620
0.951627
0.952608
0.953566
0.954499
0.955408
0.956295
0.957159
0.958001
0.958821
0.959621
0.960399
0.961158
0.961897
0.962617
0.963319
0.964002
0.964667
0.965315
0.965946
0.966560
0.967158
0.967740
0.968307
0.968859
0.969396
0.969919
0.970428
0.970924
0.971406
0.971875
0.972332
0.972776
0.973209
0.973630
0.974039
0.974437
0.974825
0.975202
0.975569
0.975926
0.976274
0.976611
0.976940
0.977260
0.977571
0.977873
0.978167
0.978454
0.978732
0.979003
0.979266
0.979522
0.979771
0.980014
0.980249
0.980478
0.980701
0.980918
0.981129
0.981334
0.981533
0.981727
0.981916
0.982099
0.982277
0.982451
0.982619
0.982783
0.982943
0.983098
0.983248
0.983395
0.983537
0.983676
0.983811
0.983942
0.984070
0.984193
0.984314
0.984431
0.984545
0.984656
0.984764
0.984869
0.984971
0.985070
0.985166
0.985260
0.985351
0.985440
0.985526
0.985610
0.985692
0.985771
0.985848
0.985923
0.985996
0.986067
0.986136
0.986204
0.986269
0.986332
0.986394
0.986454
0.986513
0.986570
0.986625
0.986679
0.986731
0.986782
0.986832
0.986880
0.986927
0.986972
0.987017
0.987060
0.987102
0.987143
0.987183
0.987221
0.987259
0.987296
0.987331
0.987366
0.987400
0.987432
0.987464
0.987495
0.987526
0.987555
0.987584
0.987612
0.987639
0.987665
0.987691
0.987716
0.987740
0.987764
0.987787
0.987809
0.987831
0.987853
0.987873
0.987893
0.987913
0.987932
0.987951
0.987969
0.987986
0.988004
0.988020
0.988036
0.988052
0.988068
0.988083
0.988097
0.988112
0.988125
0.988139
0.988152
0.988165
0.988177
0.988189
0.988201
0.988213
0.988224
0.988235
0.988245
0.988256
0.988266
0.988276
0.988285
0.988295
0.988304
0.988312
0.988321
0.988329
0.988338
0.988346
0.988353
0.988361
0.988368
0.988375
0.988382
0.988389
0.988396
0.988402
0.988409
0.988415
0.988421
0.988427
0.988432
0.988438
0.988443
0.988448
0.988453
0.988458
0.988463
0.988468
0.988473
0.988477
0.988482
0.988486
0.988490
0.988494
0.988498
0.988502
0.988506
0.988509
0.988513
0.988516
0.988520
0.988523
0.988526
0.988529
0.988533
0.988536
0.988538
0.988541
0.988544
0.988547
0.988549
0.988552
0.988554
0.988557
0.988559
0.988562
0.988564
0.988566
0.988568
0.988570
0.988572
0.988574
0.988576
0.988578
0.988580
0.988582
0.988584
0.988585
0.988587
0.988589
0.988590
0.988592
0.988593
0.988595
0.988596
0.988598
0.988599
0.988600
0.988602
0.988603
0.988604
0.988605
0.988607
0.988608
0.988609
0.988610
0.988611
0.988612
0.988613
0.988614
0.988615
0.988616
0.988617
0.988618
0.988619
0.988620
0.988620
0.988621
0.988622
0.988623
0.988624
0.988624
0.988625
0.988626
0.988627
0.988627
0.988628
0.988629
0.988629
0.988630
0.988630
0.988631
0.988631
0.988632
0.988633
0.988633
0.988634
0.988634
0.988635
0.988635
0.988636
0.988636
0.988636
0.988637
0.988637
0.988638
0.988638
0.988639
0.988639
0.988639
0.988640
0.988640
0.988640
0.988641
0.988641
0.988641
0.988642
0.988642
0.988642
0.988643
0.988643
0.988643
0.988643
0.988644
0.988644
0.988644
0.988645
0.988645
0.988645
0.988645
0.988645
0.988646
0.988646
0.988646
0.988646
0.988647
0.988647
0.988647
0.988647
0.988647
0.988647
0.988648
0.988648
0.988648
0.988648
0.988648
0.988648
0.988649
0.988649
0.988649
0.988649
0.988649
0.988649
0.988649
0.988650
0.988650
0.988650
0.988650
0.988650
0.988650
0.988650
0.988650
0.988651
0.988651
0.988651
0.988651
0.988651
0.988651
0.988651
0.988651
0.988651
0.988651
0.988651
0.988652
0.988652
0.988652
0.988652
0.988652
0.988652
0.988652
0.988652
0.988652
0.988652
0.988652
0.988652
0.988652
0.988652
0.988653
0.988653
0.988653
0.988653
0.988653
0.988653
0.988653
0.988653
0.988653
0.988653
0.988653
0.988653
0.988653
0.988653
0.988653
0.988653
0.988653
0.988653
0.988653
0.988653
0.988653
0.988654
0.988654
0.988654
0.988654
0.988654
0.988654
0.988654
0.988654
0.988654
0.988654
0.988654
0.988654
0.988654
0.988654
0.988654
0.988654
0.988654
0.988654
0.988654
0.988654
0.988654
0.988654
0.988654
