0.000000
0.022396
0.048000
0.085896
0.135056
0.178697
0.206945
0.222650
0.232308
0.240276
0.248625
0.258652
0.262641
0.264633
0.266611
0.268583
0.270549
0.272509
0.274463
0.276410
0.278351
0.280286
0.282215
0.284137
0.286054
0.287965
0.289870
0.291769
0.293662
0.295549
0.297431
0.299308
0.301178
0.303044
0.304904
0.306758
0.308608
0.310451
0.312290
0.314172
0.315857
0.317530
0.319199
0.320863
0.322524
0.324180
0.325831
0.327479
0.329122
0.330761
0.332396
0.334027
0.335653
0.337276
0.338894
0.340508
0.342118
0.343724
0.345326
0.346924
0.348518
0.350108
0.351694
0.353276
0.354854
0.356427
0.357997
0.359563
0.361125
0.362683
0.364238
0.365788
0.367334
0.368877
0.370415
0.371950
0.373481
0.375008
0.376531
0.378050
0.379566
0.381078
0.382586
0.384090
0.385590
0.387087
0.388580
0.390069
0.391555
0.393037
0.394515
0.395989
0.397460
0.398927
0.400390
0.401850
0.403306
0.404759
0.406208
0.407653
0.409095
0.410533
0.411968
0.413399
0.414826
0.416250
0.417671
0.419088
0.420501
0.421911
0.423318
0.424721
0.426121
0.427517
0.428910
0.430299
0.431685
0.433067
0.434447
0.435822
0.437195
0.438564
0.439930
0.441292
0.442651
0.444007
0.445360
0.446709
0.448055
0.449398
0.450737
0.452074
0.453407
0.454737
0.456063
0.457387
0.458707
0.460024
0.461338
0.462649
0.463957
0.465261
0.466563
0.467861
0.469156
0.470448
0.471738
0.473024
0.474307
0.475587
0.476864
0.478138
0.479409
0.480677
0.481942
0.483204
0.484463
0.485720
0.486973
0.488223
0.489471
0.490715
0.491957
0.493196
0.494432
0.495665
0.496896
0.498123
0.499348
0.500570
0.501789
0.503005
0.504219
0.505430
0.506638
0.507843
0.509046
0.510246
0.511443
0.512638
0.513830
0.515019
0.516206
0.517390
0.518572
0.519750
0.520927
0.522100
0.523271
0.524440
0.525606
0.526769
0.527930
0.529089
0.530245
0.531398
0.532549
0.533697
0.534843
0.535987
0.537128
0.538267
0.539403
0.540537
0.541669
0.542798
0.543925
0.545050
0.546172
0.547292
0.548409
0.549524
0.550637
0.551748
0.552857
0.553963
0.555067
0.556169
0.557268
0.558366
0.559461
0.560554
0.561645
0.562733
0.563820
0.564904
0.565987
0.567067
0.568145
0.569221
0.570295
0.571367
0.572437
0.573505
0.574571
0.575635
0.576697
0.577757
0.578815
0.579871
0.580925
0.581977
0.583027
0.584076
0.585122
0.586167
0.587209
0.588250
0.589289
0.590326
0.591362
0.592395
0.593427
0.594457
0.595485
0.596512
0.597536
0.598559
0.599581
0.600600
0.601618
0.602634
0.603649
0.604661
0.605673
0.606682
0.607690
0.608697
0.609701
0.610704
0.611706
0.612706
0.613704
0.614701
0.615697
0.616691
0.617683
0.618674
0.619663
0.620651
0.621638
0.622623
0.623606
0.624588
0.625569
0.626549
0.627527
0.628503
0.629478
0.630452
0.631425
0.632396
0.633366
0.634335
0.635302
0.636268
0.637233
0.638196
0.639158
0.640119
0.641079
0.642038
0.642995
0.643951
0.644906
0.645860
0.646813
0.647764
0.648715
0.649664
0.650612
0.651559
0.652505
0.653450
0.654394
0.655336
0.656278
0.657219
0.658158
0.659097
0.660034
0.660971
0.661906
0.662841
0.663775
0.664707
0.665639
0.666570
0.667499
0.668428
0.669356
0.670283
0.671209
0.672135
0.673059
0.673983
0.674905
0.675827
0.676748
0.677668
0.678588
0.679506
0.680424
0.681341
0.682257
0.683173
0.684087
0.685001
0.685914
0.686827
0.687738
0.688649
0.689559
0.690469
0.691377
0.692285
0.693193
0.694100
0.695006
0.695911
0.696816
0.697720
0.698623
0.699526
0.700428
0.701329
0.702230
0.703130
0.704030
0.704929
0.705828
0.706725
0.707623
0.708519
0.709416
0.710311
0.711206
0.712101
0.712995
0.713888
0.714781
0.715673
0.716565
0.717456
0.718347
0.719237
0.720127
0.721016
0.721904
0.722793
0.723680
0.724567
0.725454
0.726340
0.727226
0.728111
0.728996
0.729880
0.730764
0.731648
0.732531
0.733413
0.734295
0.735177
0.736058
0.736938
0.737818
0.738698
0.739577
0.740456
0.741335
0.742213
0.743090
0.743967
0.744844
0.745720
0.746596
0.747471
0.748346
0.749220
0.750094
0.750967
0.751841
0.752713
0.753585
0.754457
0.755328
0.756199
0.757070
0.757939
0.758809
0.759678
0.760546
0.761415
0.762282
0.763149
0.764016
0.764882
0.765748
0.766613
0.767478
0.768343
0.769206
0.770070
0.770933
0.771795
0.772657
0.773518
0.774379
0.775239
0.776099
0.776958
0.777817
0.778675
0.779533
0.780390
0.781247
0.782103
0.782958
0.783813
0.784668
0.785521
0.786374
0.787227
0.788079
0.788930
0.789781
0.790631
0.791481
0.792329
0.793178
0.794025
0.794872
0.795718
0.796564
0.797409
0.798253
0.799096
0.799939
0.800781
0.801622
0.802463
0.803303
0.804142
0.804980
0.805817
0.806654
0.807490
0.808325
0.809159
0.809993
0.810825
0.811657
0.812488
0.813318
0.814147
0.814975
0.815803
0.816629
0.817454
0.818279
0.819103
0.819925
0.820747
0.821567
0.822387
0.823206
0.824023
0.824840
0.825655
0.826470
0.827283
0.828096
0.828907
0.829717
0.830526
0.831334
0.832140
0.832946
0.833750
0.834553
0.835355
0.836156
0.836955
0.837753
0.838550
0.839346
0.840140
0.840933
0.841725
0.842515
0.843304
0.844092
0.844878
0.845663
0.846446
0.847228
0.848009
0.848788
0.849566
0.850342
0.851117
0.851890
0.852661
0.853431
0.854200
0.854967
0.855732
0.856496
0.857258
0.858018
0.858777
0.859534
0.860290
0.861044
0.861796
0.862546
0.863295
0.864041
0.864786
0.865530
0.866271
0.867011
0.867749
0.868484
0.869219
0.869951
0.870681
0.871409
0.872136
0.872860
0.873583
0.874303
0.875022
0.875738
0.876453
0.877165
0.877876
0.878584
0.879290
0.879994
0.880697
0.881396
0.882094
0.882790
0.883483
0.884175
0.884864
0.885551
0.886235
0.886918
0.887598
0.888275
0.888951
0.889624
0.890295
0.890964
0.891630
0.892294
0.892956
