0.000000
0.011403
0.023634
0.038783
0.046157
0.053238
0.060995
0.069565
0.079111
0.089832
0.102038
0.116287
0.133534
0.155043
0.181659
0.212503
0.243655
0.268404
0.280573
0.279943
0.274357
0.272053
0.273252
0.275197
0.277172
0.279143
0.281109
0.283071
0.285029
0.286983
0.288933
0.290878
0.292819
0.294756
0.296689
0.298618
0.300543
0.302464
0.304382
0.306334
0.308078
0.309824
0.311568
0.313309
0.315048
0.316783
0.318517
0.320247
0.321975
0.323701
0.325424
0.327144
0.328862
0.330578
0.332291
0.334002
0.335711
0.337418
0.339122
0.340825
0.342525
0.344223
0.345920
0.347614
0.349307
0.350997
0.352686
0.354373
0.356058
0.357742
0.359424
0.361104
0.362783
0.364461
0.366136
0.367811
0.369484
0.371155
0.372826
0.374495
0.376162
0.377829
0.379494
0.381159
0.382822
0.384484
0.386145
0.387805
0.389464
0.391122
0.392780
0.394436
0.396092
0.397747
0.399401
0.401055
0.402708
0.404360
0.406012
0.407663
0.409313
0.410963
0.412613
0.414262
0.415911
0.417559
0.419207
0.420855
0.422502
0.424149
0.425796
0.427442
0.429088
0.430734
0.432380
0.434026
0.435672
0.437317
0.438963
0.440608
0.442253
0.443899
0.445544
0.447189
0.448835
0.450480
0.452126
0.453771
0.455417
0.457062
0.458708
0.460354
0.462000
0.463647
0.465293
0.466940
0.468586
0.470233
0.471880
0.473528
0.475175
0.476823
0.478471
0.480119
0.481768
0.483416
0.485065
0.486714
0.488364
0.490013
0.491663
0.493313
0.494963
0.496614
0.498264
0.499915
0.501566
0.503218
0.504869
0.506521
0.508173
0.509825
0.511477
0.513129
0.514782
0.516435
0.518088
0.519741
0.521394
0.523047
0.524700
0.526354
0.528007
0.529661
0.531314
0.532968
0.534621
0.536275
0.537928
0.539582
0.541235
0.542889
0.544542
0.546195
0.547848
0.549501
0.551153
0.552806
0.554458
0.556110
0.557762
0.559413
0.561064
0.562715
0.564365
0.566015
0.567665
0.569314
0.570963
0.572611
0.574259
0.575906
0.577553
0.579199
0.580844
0.582489
0.584133
0.585776
0.587419
0.589061
0.590702
0.592343
0.593982
0.595621
0.597258
0.598895
0.600531
0.602166
0.603800
0.605433
0.607064
0.608695
0.610324
0.611952
0.613580
0.615205
0.616830
0.618453
0.620075
0.621696
0.623315
0.624932
0.626549
0.628163
0.629777
0.631388
0.632998
0.634607
0.636213
0.637818
0.639422
0.641023
0.642623
0.644221
0.645817
0.647411
0.649003
0.650594
0.652182
0.653768
0.655353
0.656935
0.658515
0.660092
0.661668
0.663241
0.664813
0.666382
0.667948
0.669512
0.671074
0.672633
0.674190
0.675745
0.677297
0.678846
0.680393
0.681937
0.683478
0.685017
0.686553
0.688087
0.689617
0.691145
0.692670
0.694192
0.695711
0.697227
0.698741
0.700251
0.701758
0.703263
0.704764
0.706262
0.707757
0.709248
0.710737
0.712222
0.713704
0.715183
0.716658
0.718131
0.719599
0.721065
0.722527
0.723985
0.725440
0.726892
0.728339
0.729784
0.731225
0.732662
0.734095
0.735525
0.736952
0.738374
0.739793
0.741208
0.742619
0.744026
0.745430
0.746830
0.748225
0.749617
0.751005
0.752389
0.753770
0.755146
0.756518
0.757886
0.759250
0.760610
0.761965
0.763317
0.764665
0.766008
0.767347
0.768682
0.770013
0.771339
0.772662
0.773980
0.775293
0.776603
0.777908
0.779209
0.780505
0.781797
0.783085
0.784368
0.785647
0.786921
0.788191
0.789456
0.790717
0.791974
0.793225
0.794473
0.795716
0.796954
0.798188
0.799417
0.800641
0.801861
0.803077
0.804287
0.805493
0.806695
0.807892
0.809084
0.810271
0.811454
0.812632
0.813805
0.814974
0.816137
0.817297
0.818451
0.819601
0.820745
0.821886
0.823021
0.824151
0.825277
0.826398
0.827514
0.828626
0.829732
0.830834
0.831931
0.833023
0.834110
0.835193
0.836270
0.837343
0.838411
0.839474
0.840532
0.841586
0.842634
0.843678
0.844717
0.845751
0.846780
0.847804
0.848823
0.849838
0.850848
0.851852
0.852852
0.853847
0.854838
0.855823
0.856803
0.857779
0.858750
0.859716
0.860677
0.861633
0.862584
0.863531
0.864472
0.865409
0.866341
0.867268
0.868191
0.869108
0.870021
0.870929
0.871832
0.872730
0.873624
0.874512
0.875396
0.876275
0.877150
0.878019
0.878884
0.879744
0.880599
0.881450
0.882296
0.883137
0.883973
0.884805
0.885632
0.886454
0.887271
0.888084
0.888892
0.889696
0.890495
0.891289
0.892078
0.892863
0.893644
0.894419
0.895190
0.895957
0.896719
0.897476
0.898229
0.898977
0.899721
0.900460
0.901195
0.901925
0.902651
0.903372
0.904089
0.904801
0.905509
0.906212
0.906911
0.907606
0.908296
0.908981
0.909663
0.910340
0.911013
0.911681
0.912345
0.913005
0.913660
0.914311
0.914958
0.915601
0.916239
0.916873
0.917503
0.918129
0.918751
0.919368
0.919981
0.920590
0.921195
0.921796
0.922393
0.922986
0.923574
0.924159
0.924739
0.925316
0.925888
0.926457
0.927021
0.927582
0.928139
0.928691
0.929240
0.929785
0.930326
0.930863
0.931396
0.931926
0.932452
0.932973
0.933491
0.934006
0.934516
0.935023
0.935526
0.936025
0.936521
0.937013
0.937501
0.937986
0.938467
0.938945
0.939419
0.939889
0.940356
0.940819
0.941279
0.941735
0.942187
0.942637
0.943082
0.943525
0.943964
0.944399
0.944831
0.945260
0.945685
0.946107
0.946526
0.946942
0.947354
0.947763
0.948168
0.948571
0.948970
0.949366
0.949759
0.950148
0.950535
0.950918
0.951298
0.951675
0.952049
0.952420
0.952788
0.953153
0.953515
0.953874
0.954230
0.954583
0.954933
0.955280
0.955624
0.955965
0.956304
0.956639
0.956972
0.957302
0.957629
0.957953
0.958275
0.958593
0.958909
0.959222
0.959533
0.959841
0.960146
0.960449
0.960748
0.961046
0.961340
0.961632
0.961922
0.962209
0.962493
0.962775
0.963054
0.963331
0.963605
0.963877
0.964147
0.964414
0.964678
0.964941
0.965200
0.965458
0.965713
0.965966
0.966216
0.966464
0.966710
0.966954
0.967195
