0.000000
0.089467
0.203413
0.292845
0.170794
0.163727
0.179415
0.193836
0.207208
0.219717
0.231526
0.242772
0.253547
0.263939
0.274072
0.284095
0.294204
0.304765
0.316564
0.325267
0.329900
0.334229
0.338605
0.343030
0.347502
0.352022
0.356589
0.361202
0.365860
0.370564
0.375312
0.380104
0.384939
0.389816
0.394734
0.399693
0.404691
0.409727
0.414801
0.420060
0.425038
0.430069
0.435139
0.440247
0.445390
0.450567
0.455776
0.461015
0.466284
0.471580
0.476901
0.482246
0.487613
0.493001
0.498408
0.503831
0.509270
0.514722
0.520185
0.525658
0.531139
0.536627
0.542118
0.547611
0.553105
0.558597
0.564085
0.569569
0.575045
0.580512
0.585967
0.591410
0.596839
0.602250
0.607643
0.613016
0.618367
0.623694
0.628996
0.634270
0.639515
0.644730
0.649912
0.655060
0.660173
0.665249
0.670287
0.675284
0.680241
0.685154
0.690024
0.694848
0.699625
0.704355
0.709036
0.713666
0.718246
0.722773
0.727248
0.731668
0.736033
0.740343
0.744597
0.748793
0.752931
0.757011
0.761032
0.764994
0.768895
0.772737
0.776517
0.780237
0.783895
0.787491
0.791026
0.794499
0.797910
0.801260
0.804547
0.807772
0.810936
0.814038
0.817078
0.820058
0.822976
0.825833
0.828630
0.831367
0.834045
0.836663
0.839222
0.841723
0.844167
0.846553
0.848882
0.851155
0.853373
0.855536
0.857645
0.859701
0.861703
0.863654
0.865553
0.867402
0.869201
0.870950
0.872652
0.874306
0.875913
0.877475
0.878991
0.880463
0.881892
0.883278
0.884622
0.885926
0.887189
0.888413
0.889599
0.890747
0.891859
0.892935
0.893975
0.894982
0.895955
0.896895
0.897803
0.898681
0.899528
0.900346
0.901135
0.901896
0.902630
0.903338
0.904020
0.904677
0.905310
0.905920
0.906506
0.907070
0.907613
0.908135
0.908637
0.909119
0.909583
0.910028
0.910455
0.910865
0.911259
0.911636
0.911998
0.912345
0.912678
0.912996
0.913302
0.913594
0.913873
0.914141
0.914397
0.914642
0.914876
0.915099
0.915313
0.915517
0.915712
0.915898
0.916076
0.916245
0.916407
0.916560
0.916707
0.916847
0.916980
0.917107
0.917228
0.917343
0.917452
0.917556
0.917655
0.917749
0.917838
0.917923
0.918003
0.918080
0.918152
0.918221
0.918286
0.918348
0.918407
0.918463
0.918515
0.918565
0.918612
0.918657
0.918699
0.918739
0.918777
0.918813
0.918847
0.918879
0.918909
0.918938
0.918964
0.918990
0.919014
0.919036
0.919058
0.919078
0.919097
0.919114
0.919131
0.919147
0.919162
0.919176
0.919189
0.919201
0.919213
0.919224
0.919234
0.919244
0.919253
0.919261
0.919269
0.919277
0.919284
0.919291
0.919297
0.919302
0.919308
0.919313
0.919318
0.919322
0.919326
0.919330
0.919334
0.919337
0.919340
0.919343
0.919346
0.919349
0.919351
0.919353
0.919355
0.919357
0.919359
0.919361
0.919363
0.919364
0.919365
0.919367
0.919368
0.919369
0.919370
0.919371
0.919372
0.919373
0.919373
0.919374
0.919375
0.919375
0.919376
0.919377
0.919377
0.919377
0.919378
0.919378
0.919379
0.919379
0.919379
0.919380
0.919380
0.919380
0.919380
0.919381
0.919381
0.919381
0.919381
0.919381
0.919381
0.919381
0.919382
0.919382
0.919382
0.919382
0.919382
0.919382
0.919382
0.919382
0.919382
0.919382
0.919382
0.919382
0.919382
0.919383
0.919383
0.919383
0.919383
0.919383
0.919383
0.919383
0.919383
0.919383
0.919383
0.919383
0.919383
0.919383
0.919383
0.919383
0.919383
0.919383
0.919383
0.919383
0.919383
0.919383
0.919383
0.919383
0.919383
0.919383
0.919383
0.919383
0.919383
0.919383
0.919383
0.919383
0.919383
0.919383
0.919383
0.919383
0.919383
0.919383
0.919383
0.919383
0.919383
0.919383
0.919383
0.919383
0.919383
0.919383
0.919383
0.919383
0.919383
0.919383
0.919383
0.919383
0.919383
0.919383
0.919383
0.919383
0.919383
0.919383
0.919383
0.919383
0.919383
0.919383
0.919383
0.919383
0.919383
0.919383
0.919383
0.919383
0.919383
0.919383
0.919383
0.919383
0.919383
0.919383
0.919383
0.919383
0.919383
0.919383
0.919383
0.919383
0.919383
0.919383
0.919383
0.919383
0.919383
0.919383
0.919383
0.919383
0.919383
0.919383
0.919383
0.919383
0.919383
0.919383
0.919383
0.919383
0.919383
0.919383
0.919383
0.919383
0.919383
0.919383
0.919383
0.919383
0.919383
0.919383
0.919383
0.919383
0.919383
0.919383
0.919383
0.919383
0.919383
0.919383
0.919383
0.919383
0.919383
0.919383
0.919383
0.919383
0.919383
0.919383
0.919383
0.919383
0.919383
0.919383
0.919383
0.919383
0.919383
0.919383
0.919383
0.919383
0.919383
0.919383
0.919383
0.919383
0.919383
0.919383
0.919383
0.919383
0.919383
0.919383
0.919383
0.919383
0.919383
0.919383
0.919383
0.919383
0.919383
0.919383
0.919383
0.919383
0.919383
0.919383
0.919383
0.919383
0.919383
0.919383
0.919383
0.919383
0.919383
0.919383
0.919383
0.919383
0.919383
0.919383
0.919383
0.919383
0.919383
0.919383
0.919383
0.919383
0.919383
0.919383
0.919383
0.919383
0.919383
0.919383
0.919383
0.919383
0.919383
0.919383
0.919383
0.919383
0.919383
0.919383
0.919383
0.919383
0.919383
0.919383
0.919383
0.919383
0.919383
0.919383
0.919383
0.919383
0.919383
0.919383
0.919383
0.919383
0.919383
0.919383
0.919383
0.919383
0.919383
0.919383
0.919383
0.919383
0.919383
0.919383
0.919383
0.919383
0.919383
0.919383
0.919383
0.919383
0.919383
0.919383
0.919383
0.919383
0.919383
0.919383
0.919383
0.919383
0.919383
0.919383
0.919383
0.919383
0.919383
0.919383
0.919383
0.919383
0.919383
0.919383
0.919383
0.919383
0.919383
0.919383
0.919383
0.919383
0.919383
0.919383
0.919383
0.919383
0.919383
0.919383
0.919383
0.919383
0.919383
0.919383
0.919383
0.919383
0.919383
0.919383
0.919383
0.919383
0.919383
0.919383
0.919383
0.919383
0.919383
0.919383
0.919383
0.919383
0.919383
0.919383
0.919383
0.919383
