0.000000
0.022268
0.045506
0.070368
0.097638
0.128334
0.164308
0.208004
0.254732
0.282346
0.276565
0.264274
0.261025
0.262626
0.264649
0.266672
0.268694
0.270714
0.272731
0.274746
0.276759
0.278769
0.280777
0.282784
0.284788
0.286791
0.288791
0.290791
0.292789
0.294786
0.296781
0.298776
0.300770
0.302764
0.304757
0.306749
0.308741
0.310733
0.312725
0.314746
0.316557
0.318384
0.320215
0.322047
0.323880
0.325715
0.327552
0.329391
0.331232
0.333075
0.334920
0.336767
0.338617
0.340469
0.342323
0.344181
0.346040
0.347903
0.349769
0.351637
0.353509
0.355384
0.357262
0.359144
0.361029
0.362918
0.364810
0.366706
0.368606
0.370509
0.372417
0.374329
0.376244
0.378164
0.380089
0.382017
0.383950
0.385888
0.387830
0.389777
0.391728
0.393685
0.395646
0.397612
0.399582
0.401558
0.403539
0.405525
0.407516
0.409513
0.411514
0.413521
0.415534
0.417551
0.419574
0.421603
0.423637
0.425676
0.427721
0.429772
0.431828
0.433890
0.435958
0.438031
0.440109
0.442194
0.444284
0.446380
0.448481
0.450589
0.452701
0.454820
0.456944
0.459074
0.461210
0.463351
0.465498
0.467651
0.469809
0.471972
0.474142
0.476317
0.478497
0.480683
0.482874
0.485070
0.487272
0.489479
0.491692
0.493909
0.496132
0.498360
0.500593
0.502831
0.505074
0.507321
0.509574
0.511831
0.514093
0.516359
0.518630
0.520905
0.523185
0.525469
0.527757
0.530050
0.532346
0.534646
0.536950
0.539258
0.541569
0.543884
0.546203
0.548524
0.550849
0.553178
0.555509
0.557843
0.560180
0.562519
0.564861
0.567206
0.569553
0.571902
0.574253
0.576606
0.578961
0.581318
0.583677
0.586036
0.588398
0.590760
0.593124
0.595488
0.597854
0.600220
0.602586
0.604953
0.607321
0.609688
0.612055
0.614423
0.616790
0.619156
0.621522
0.623888
0.626252
0.628616
0.630978
0.633339
0.635699
0.638057
0.640414
0.642768
0.645121
0.647471
0.649820
0.652165
0.654509
0.656849
0.659187
0.661521
0.663853
0.666181
0.668506
0.670827
0.673144
0.675458
0.677767
0.680073
0.682374
0.684670
0.686962
0.689250
0.691532
0.693810
0.696082
0.698349
0.700611
0.702867
0.705117
0.707362
0.709600
0.711833
0.714059
0.716279
0.718493
0.720700
0.722900
0.725094
0.727280
0.729459
0.731632
0.733796
0.735954
0.738104
0.740246
0.742380
0.744506
0.746625
0.748735
0.750837
0.752930
0.755015
0.757092
0.759160
0.761219
0.763269
0.765311
0.767343
0.769366
0.771380
0.773384
0.775379
0.777364
0.779340
0.781306
0.783263
0.785209
0.787146
0.789072
0.790989
0.792895
0.794791
0.796677
0.798552
0.800417
0.802271
0.804115
0.805948
0.807770
0.809582
0.811383
0.813173
0.814952
0.816720
0.818477
0.820222
0.821957
0.823681
0.825393
0.827094
0.828784
0.830462
0.832129
0.833785
0.835429
0.837062
0.838683
0.840293
0.841891
0.843478
0.845053
0.846617
0.848168
0.849709
0.851237
0.852754
0.854259
0.855753
0.857235
0.858705
0.860163
0.861610
0.863045
0.864468
0.865880
0.867280
0.868668
0.870045
0.871410
0.872763
0.874104
0.875434
0.876752
0.878059
0.879354
0.880637
0.881909
0.883170
0.884418
0.885656
0.886881
0.888096
0.889299
0.890490
0.891671
0.892840
0.893997
0.895143
0.896279
0.897402
0.898515
0.899617
0.900707
0.901787
0.902856
0.903913
0.904960
0.905996
0.907021
0.908035
0.909038
0.910031
0.911014
0.911985
0.912946
0.913897
0.914837
0.915767
0.916687
0.917596
0.918495
0.919384
0.920263
0.921132
0.921990
0.922839
0.923679
0.924508
0.925327
0.926137
0.926938
0.927728
0.928510
0.929281
0.930044
0.930797
0.931541
0.932276
0.933001
0.933718
0.934426
0.935124
0.935814
0.936496
0.937168
0.937832
0.938487
0.939134
0.939772
0.940402
0.941024
0.941638
0.942243
0.942840
0.943430
0.944011
0.944584
0.945150
0.945708
0.946258
0.946801
0.947336
0.947864
0.948384
0.948897
0.949403
0.949901
0.950393
0.950877
0.951355
0.951825
0.952289
0.952746
0.953196
0.953640
0.954077
0.954508
0.954932
0.955350
0.955761
0.956167
0.956566
0.956959
0.957346
0.957728
0.958103
0.958472
0.958836
0.959194
0.959547
0.959894
0.960235
0.960571
0.960902
0.961227
0.961548
0.961863
0.962173
0.962477
0.962777
0.963072
0.963363
0.963648
0.963929
0.964204
0.964476
0.964743
0.965005
0.965263
0.965516
0.965765
0.966010
0.966251
0.966488
0.966720
0.966949
0.967173
0.967394
0.967610
0.967823
0.968032
0.968238
0.968439
0.968637
0.968832
0.969023
0.969211
0.969395
0.969576
0.969753
0.969927
0.970098
0.970266
0.970431
0.970593
0.970752
0.970907
0.971060
0.971210
0.971357
0.971502
0.971643
0.971782
0.971918
0.972052
0.972183
0.972311
0.972437
0.972561
0.972682
0.972800
0.972917
0.973031
0.973142
0.973252
0.973359
0.973465
0.973568
0.973669
0.973768
0.973865
0.973960
0.974053
0.974144
0.974233
0.974320
0.974406
0.974490
0.974572
0.974652
0.974731
0.974808
0.974883
0.974957
0.975029
0.975100
0.975169
0.975237
0.975303
0.975368
0.975431
0.975493
0.975554
0.975613
0.975671
0.975728
0.975783
0.975838
0.975891
0.975943
0.975993
0.976043
0.976091
0.976139
0.976185
0.976230
0.976275
0.976318
0.976360
0.976401
0.976442
0.976481
0.976520
0.976557
0.976594
0.976630
0.976665
0.976699
0.976732
0.976765
0.976797
0.976828
0.976858
0.976888
0.976917
0.976945
0.976972
0.976999
0.977025
0.977051
0.977076
0.977100
0.977124
0.977147
0.977170
0.977192
0.977213
0.977234
0.977254
0.977274
0.977294
0.977313
0.977331
0.977349
0.977367
0.977384
0.977400
0.977417
0.977432
0.977448
0.977463
0.977477
0.977491
0.977505
0.977519
0.977532
0.977545
0.977557
0.977569
0.977581
0.977593
0.977604
0.977615
0.977625
0.977636
0.977646
0.977655
0.977665
0.977674
0.977683
0.977692
0.977700
0.977709
0.977717
0.977725
0.977732
0.977740
0.977747
