0.070558
0.149849
0.752236
0.807067
0.818538
0.828649
0.837760
0.846088
0.853789
0.860978
0.867739
0.874152
0.880208
0.885995
0.891543
0.896867
0.901988
0.906935
0.911738
0.916422
0.921206
0.927969
0.933829
0.936846
0.939461
0.941990
0.944437
0.946802
0.949086
0.951289
0.953422
0.955459
0.957418
0.959301
0.961108
0.962841
0.964501
0.966089
0.967606
0.969054
0.970435
0.971750
0.973001
0.974190
0.975319
0.976390
0.977404
0.978363
0.979270
0.980126
0.980934
0.981696
0.982412
0.983086
0.983719
0.984313
0.984870
0.985391
0.985879
0.986335
0.986761
0.987158
0.987528
0.987873
0.988193
0.988491
0.988768
0.989024
0.989262
0.989481
0.989685
0.989873
0.990046
0.990206
0.990353
0.990489
0.990614
0.990728
0.990833
0.990930
0.991018
0.991099
0.991173
0.991241
0.991302
0.991359
0.991410
0.991457
0.991499
0.991538
0.991573
0.991605
0.991634
0.991660
0.991684
0.991705
0.991725
0.991742
0.991758
0.991772
0.991785
0.991797
0.991807
0.991816
0.991825
0.991832
0.991839
0.991845
0.991850
0.991855
0.991859
0.991863
0.991867
0.991870
0.991872
0.991875
0.991877
0.991879
0.991881
0.991882
0.991884
0.991885
0.991886
0.991887
0.991888
0.991888
0.991889
0.991889
0.991890
0.991890
0.991891
0.991891
0.991891
0.991892
0.991892
0.991892
0.991892
0.991892
0.991893
0.991893
0.991893
0.991893
0.991893
0.991893
0.991893
0.991893
0.991893
0.991893
0.991893
0.991893
0.991893
0.991893
0.991893
0.991893
0.991893
0.991893
0.991893
0.991893
0.991893
0.991893
0.991893
0.991893
0.991893
0.991893
0.991893
0.991893
0.991893
0.991893
0.991893
0.991893
0.991893
0.991893
0.991893
0.991893
0.991893
0.991893
0.991893
0.991893
0.991893
0.991893
0.991893
0.991893
0.991893
0.991893
0.991893
0.991893
0.991893
0.991893
0.991894
0.991894
0.991894
0.991894
0.991894
0.991894
0.991894
0.991894
0.991894
0.991894
0.991894
0.991894
0.991894
0.991894
0.991894
0.991894
0.991894
0.991894
0.991894
0.991894
0.991894
0.991894
0.991894
0.991894
0.991894
0.991894
0.991894
0.991894
0.991894
0.991894
0.991894
0.991894
0.991894
0.991894
0.991894
0.991894
0.991894
0.991894
0.991894
0.991894
0.991894
0.991894
0.991894
0.991894
0.991894
0.991894
0.991894
0.991894
0.991894
0.991894
0.991894
0.991894
0.991894
0.991894
0.991894
0.991894
0.991894
0.991894
0.991894
0.991894
0.991894
0.991894
0.991894
0.991894
0.991894
0.991894
0.991894
0.991894
0.991894
0.991894
0.991894
0.991894
0.991894
0.991894
0.991894
0.991894
0.991894
0.991894
0.991894
0.991894
0.991894
0.991894
0.991894
0.991894
0.991894
0.991894
0.991894
0.991894
0.991894
0.991894
0.991894
0.991894
0.991894
0.991894
0.991894
0.991894
0.991894
0.991894
0.991894
0.991894
0.991894
0.991894
0.991894
0.991894
0.991894
0.991894
0.991894
0.991894
0.991894
0.991894
0.991894
0.991894
0.991894
0.991894
0.991894
0.991894
0.991894
0.991894
0.991894
0.991894
0.991894
0.991894
0.991894
0.991894
0.991894
0.991894
0.991894
0.991894
0.991894
0.991894
0.991894
0.991894
0.991894
0.991894
0.991894
0.991894
0.991894
0.991894
0.991894
0.991894
0.991894
0.991894
0.991894
0.991894
0.991894
0.991894
0.991894
0.991894
0.991894
0.991894
0.991894
0.991894
0.991894
0.991894
0.991894
0.991894
0.991894
0.991894
0.991894
0.991894
0.991894
0.991894
0.991894
0.991894
0.991894
0.991894
0.991894
0.991894
0.991894
0.991894
0.991894
0.991894
0.991894
0.991894
0.991894
0.991894
0.991894
0.991894
0.991894
0.991894
0.991894
0.991894
0.991894
0.991894
0.991894
0.991894
0.991894
0.991894
0.991894
0.991894
0.991894
0.991894
0.991894
0.991894
0.991894
0.991894
0.991894
0.991894
0.991894
0.991894
0.991894
0.991894
0.991894
0.991894
0.991894
0.991894
0.991894
0.991894
0.991894
0.991894
0.991894
0.991894
0.991894
0.991894
0.991894
0.991894
0.991894
0.991894
0.991894
0.991894
0.991894
0.991894
0.991894
0.991894
0.991894
0.991894
0.991894
0.991894
0.991894
0.991894
0.991894
0.991894
0.991894
0.991894
0.991894
0.991894
0.991894
0.991894
0.991894
0.991894
0.991894
0.991894
0.991894
0.991894
0.991894
0.991894
0.991894
0.991894
0.991894
0.991894
0.991894
0.991894
0.991894
0.991894
0.991894
0.991894
0.991894
0.991894
0.991894
0.991894
0.991894
0.991894
0.991894
0.991894
0.991894
0.991894
0.991894
0.991894
0.991894
0.991894
0.991894
0.991894
0.991894
0.991894
0.991894
0.991894
0.991894
0.991894
0.991894
0.991894
0.991894
0.991894
0.991894
0.991894
0.991894
0.991894
0.991894
0.991894
0.991894
0.991894
0.991894
0.991894
0.991894
0.991894
0.991894
0.991894
0.991894
0.991894
0.991894
0.991894
0.991894
0.991894
0.991894
0.991894
0.991894
0.991894
0.991894
0.991894
0.991894
0.991894
0.991894
0.991894
0.991894
0.991894
0.991894
0.991894
0.991894
0.991894
0.991894
0.991894
0.991894
0.991894
0.991894
0.991894
0.991894
0.991894
0.991894
0.991894
0.991894
0.991894
0.991894
0.991894
0.991894
0.991894
0.991894
0.991894
0.991894
0.991894
0.991894
0.991894
0.991894
0.991894
0.991894
0.991894
0.991894
0.991894
0.991894
0.991894
0.991894
0.991894
0.991894
0.991894
0.991894
0.991894
0.991894
0.991894
0.991894
0.991894
0.991894
0.991894
0.991894
0.991894
0.991894
0.991894
0.991894
0.991894
0.991894
0.991894
0.991894
0.991894
0.991894
0.991894
0.991894
0.991894
0.991894
0.991894
0.991894
0.991894
0.991894
0.991894
0.991894
0.991894
0.991894
0.991894
0.991894
0.991894
0.991894
0.991894
0.991894
0.991894
0.991894
0.991894
0.991894
0.991894
0.991894
0.991894
0.991894
0.991894
0.991894
0.991894
0.991894
0.991894
0.991894
0.991894
0.991894
0.991894
0.991894
0.991894
0.991894
0.991894
0.991894
0.991894
