0.000000
0.011437
0.023697
0.038914
0.046617
0.055800
0.070279
0.092799
0.123137
0.157494
0.190536
0.218036
0.238219
0.251549
0.259704
0.264578
0.267684
0.269992
0.272013
0.273969
0.275927
0.277893
0.279859
0.281820
0.283776
0.285726
0.287670
0.289608
0.291541
0.293468
0.295390
0.297306
0.299217
0.301122
0.303023
0.304917
0.306807
0.308691
0.310570
0.312501
0.314233
0.315947
0.317655
0.319358
0.321056
0.322750
0.324440
0.326125
0.327806
0.329483
0.331155
0.332824
0.334488
0.336147
0.337803
0.339454
0.341101
0.342744
0.344383
0.346018
0.347648
0.349274
0.350896
0.352514
0.354128
0.355738
0.357344
0.358946
0.360543
0.362137
0.363726
0.365311
0.366893
0.368470
0.370043
0.371613
0.373178
0.374739
0.376297
0.377850
0.379400
0.380945
0.382487
0.384025
0.385558
0.387088
0.388614
0.390136
0.391655
0.393169
0.394679
0.396186
0.397689
0.399188
0.400683
0.402175
0.403663
0.405146
0.406627
0.408103
0.409576
0.411044
0.412510
0.413971
0.415429
0.416883
0.418333
0.419780
0.421223
0.422662
0.424098
0.425530
0.426958
0.428383
0.429804
0.431221
0.432635
0.434046
0.435452
0.436856
0.438255
0.439651
0.441044
0.442433
0.443818
0.445200
0.446579
0.447954
0.449325
0.450693
0.452058
0.453419
0.454777
0.456131
0.457482
0.458829
0.460173
0.461513
0.462851
0.464184
0.465515
0.466842
0.468165
0.469486
0.470803
0.472116
0.473427
0.474734
0.476037
0.477338
0.478635
0.479929
0.481219
0.482506
0.483790
0.485071
0.486349
0.487623
0.488894
0.490162
0.491427
0.492688
0.493946
0.495202
0.496454
0.497702
0.498948
0.500191
0.501430
0.502666
0.503899
0.505129
0.506356
0.507580
0.508801
0.510018
0.511233
0.512444
0.513653
0.514858
0.516061
0.517260
0.518456
0.519650
0.520840
0.522027
0.523212
0.524393
0.525571
0.526747
0.527919
0.529089
0.530255
0.531419
0.532580
0.533738
0.534893
0.536045
0.537194
0.538340
0.539483
0.540624
0.541761
0.542896
0.544028
0.545157
0.546283
0.547407
0.548527
0.549645
0.550760
0.551873
0.552982
0.554089
0.555193
0.556294
0.557392
0.558488
0.559581
0.560671
0.561758
0.562843
0.563925
0.565004
0.566081
0.567155
0.568226
0.569295
0.570361
0.571424
0.572485
0.573543
0.574598
0.575651
0.576701
0.577748
0.578793
0.579835
0.580875
0.581912
0.582947
0.583979
0.585008
0.586035
0.587059
0.588081
0.589100
0.590117
0.591131
0.592143
0.593152
0.594159
0.595163
0.596165
0.597164
0.598161
0.599155
0.600147
0.601136
0.602123
0.603108
0.604090
0.605070
0.606047
0.607022
0.607994
0.608964
0.609932
0.610897
0.611860
0.612821
0.613779
0.614735
0.615688
0.616640
0.617588
0.618535
0.619479
0.620421
0.621361
0.622298
0.623233
0.624166
0.625096
0.626024
0.626950
0.627874
0.628795
0.629714
0.630631
0.631546
0.632458
0.633369
0.634277
0.635182
0.636086
0.636987
0.637887
0.638784
0.639679
0.640571
0.641462
0.642350
0.643237
0.644121
0.645003
0.645883
0.646760
0.647636
0.648509
0.649381
0.650250
0.651117
0.651982
0.652845
0.653706
0.654565
0.655422
0.656277
0.657130
0.657980
0.658829
0.659676
0.660520
0.661363
0.662204
0.663042
0.663879
0.664713
0.665546
0.666377
0.667205
0.668032
0.668857
0.669680
0.670500
0.671319
0.672136
0.672951
0.673764
0.674576
0.675385
0.676192
0.676998
0.677801
0.678603
0.679403
0.680201
0.680997
0.681791
0.682583
0.683373
0.684162
0.684949
0.685734
0.686517
0.687298
0.688077
0.688855
0.689631
0.690405
0.691177
0.691948
0.692716
0.693483
0.694248
0.695011
0.695773
0.696533
0.697291
0.698047
0.698801
0.699554
0.700305
0.701055
0.701802
0.702548
0.703292
0.704035
0.704776
0.705515
0.706252
0.706988
0.707722
0.708454
0.709185
0.709914
0.710642
0.711367
0.712091
0.712814
0.713535
0.714254
0.714972
0.715687
0.716402
0.717115
0.717826
0.718535
0.719243
0.719950
0.720654
0.721358
0.722059
0.722759
0.723458
0.724155
0.724850
0.725544
0.726236
0.726927
0.727616
0.728304
0.728990
0.729675
0.730358
0.731040
0.731720
0.732399
0.733076
0.733752
0.734426
0.735099
0.735770
0.736440
0.737108
0.737775
0.738441
0.739105
0.739767
0.740428
0.741088
0.741746
0.742403
0.743058
0.743712
0.744365
0.745016
0.745666
0.746314
0.746961
0.747607
0.748251
0.748894
0.749536
0.750176
0.750815
0.751452
0.752088
0.752723
0.753356
0.753988
0.754619
0.755248
0.755876
0.756503
0.757129
0.757753
0.758375
0.758997
0.759617
0.760236
0.760854
0.761470
0.762085
0.762699
0.763311
0.763922
0.764532
0.765141
0.765748
0.766355
0.766960
0.767563
0.768166
0.768767
0.769367
0.769966
0.770563
0.771159
0.771755
0.772348
0.772941
0.773533
0.774123
0.774712
0.775300
0.775887
0.776472
0.777056
0.777640
0.778222
0.778802
0.779382
0.779961
0.780538
0.781114
0.781689
0.782263
0.782836
0.783407
0.783978
0.784547
0.785116
0.785683
0.786249
0.786814
0.787377
0.787940
0.788502
0.789062
0.789622
0.790180
0.790737
0.791293
0.791848
0.792402
0.792955
0.793507
0.794058
0.794607
0.795156
0.795703
0.796250
0.796795
0.797340
0.797883
0.798426
0.798967
0.799507
0.800046
0.800585
0.801122
0.801658
0.802193
0.802727
0.803260
0.803792
0.804323
0.804854
0.805383
0.805911
0.806438
0.806964
0.807489
0.808013
0.808536
0.809059
0.809580
0.810100
0.810619
0.811138
0.811655
0.812172
0.812687
0.813202
0.813715
0.814228
0.814739
0.815250
0.815760
0.816269
0.816777
0.817283
0.817790
0.818295
0.818799
0.819302
0.819804
0.820306
0.820806
0.821306
0.821805
0.822303
0.822799
0.823295
0.823791
0.824285
0.824778
0.825271
0.825762
0.826253
0.826743
0.827231
0.827719
0.828207
0.828693
0.829178
0.829663
0.830146
0.830629
0.831111
0.831592
0.832072
0.832552
0.833030
0.833508
0.833985
0.834461
0.834936
