0.000000
0.002146
0.004641
0.007168
0.010073
0.015169
0.017805
0.020064
0.022990
0.026363
0.030427
0.035392
0.043042
0.058096
0.088821
0.140119
0.200670
0.244862
0.261850
0.266575
0.269187
0.271230
0.273237
0.275239
0.277236
0.279229
0.281218
0.283202
0.285183
0.287160
0.289133
0.291103
0.293070
0.295034
0.296995
0.298953
0.300909
0.302862
0.304812
0.306815
0.308610
0.310390
0.312168
0.313945
0.315721
0.317496
0.319271
0.321044
0.322818
0.324591
0.326363
0.328136
0.329908
0.331680
0.333452
0.335224
0.336996
0.338769
0.340541
0.342314
0.344088
0.345862
0.347637
0.349412
0.351188
0.352965
0.354742
0.356521
0.358301
0.360082
0.361864
0.363647
0.365432
0.367218
0.369006
0.370795
0.372585
0.374378
0.376172
0.377968
0.379766
0.381565
0.383367
0.385171
0.386977
0.388785
0.390595
0.392408
0.394223
0.396041
0.397861
0.399683
0.401508
0.403336
0.405166
0.406999
0.408835
0.410673
0.412515
0.414359
0.416207
0.418057
0.419910
0.421767
0.423626
0.425489
0.427355
0.429224
0.431096
0.432971
0.434850
0.436732
0.438618
0.440507
0.442399
0.444294
0.446193
0.448095
0.450001
0.451911
0.453823
0.455739
0.457659
0.459582
0.461509
0.463439
0.465373
0.467310
0.469251
0.471195
0.473142
0.475093
0.477048
0.479006
0.480967
0.482932
0.484901
0.486872
0.488847
0.490826
0.492807
0.494792
0.496781
0.498772
0.500767
0.502765
0.504766
0.506771
0.508778
0.510789
0.512802
0.514819
0.516838
0.518861
0.520886
0.522914
0.524945
0.526978
0.529014
0.531053
0.533095
0.535138
0.537185
0.539234
0.541285
0.543338
0.545394
0.547451
0.549511
0.551573
0.553637
0.555703
0.557771
0.559840
0.561911
0.563984
0.566058
0.568134
0.570211
0.572290
0.574370
0.576451
0.578533
0.580616
0.582701
0.584786
0.586871
0.588958
0.591045
0.593133
0.595221
0.597310
0.599399
0.601488
0.603577
0.605667
0.607756
0.609845
0.611934
0.614023
0.616111
0.618199
0.620287
0.622373
0.624459
0.626544
0.628628
0.630712
0.632794
0.634875
0.636954
0.639032
0.641109
0.643184
0.645258
0.647330
0.649400
0.651468
0.653534
0.655598
0.657659
0.659719
0.661776
0.663830
0.665883
0.667932
0.669979
0.672022
0.674063
0.676101
0.678136
0.680168
0.682196
0.684221
0.686242
0.688260
0.690275
0.692285
0.694292
0.696295
0.698294
0.700289
0.702279
0.704266
0.706248
0.708226
0.710199
0.712168
0.714132
0.716091
0.718045
0.719995
0.721940
0.723879
0.725814
0.727743
0.729667
0.731586
0.733499
0.735407
0.737309
0.739205
0.741096
0.742981
0.744860
0.746733
0.748601
0.750462
0.752317
0.754165
0.756008
0.757844
0.759674
0.761497
0.763314
0.765124
0.766928
0.768725
0.770515
0.772298
0.774074
0.775844
0.777606
0.779362
0.781110
0.782851
0.784586
0.786312
0.788032
0.789744
0.791449
0.793146
0.794836
0.796518
0.798193
0.799860
0.801519
0.803171
0.804815
0.806451
0.808080
0.809700
0.811313
0.812918
0.814515
0.816104
0.817684
0.819257
0.820822
0.822378
0.823927
0.825467
0.826999
0.828523
0.830039
0.831546
0.833045
0.834536
0.836019
0.837493
0.838958
0.840416
0.841865
0.843305
0.844738
0.846161
0.847576
0.848983
0.850382
0.851771
0.853153
0.854525
0.855890
0.857245
0.858593
0.859931
0.861261
0.862583
0.863896
0.865201
0.866497
0.867784
0.869063
0.870333
0.871595
0.872848
0.874093
0.875329
0.876557
0.877776
0.878986
0.880188
0.881382
0.882567
0.883744
0.884912
0.886072
0.887223
0.888366
0.889500
0.890626
0.891743
0.892853
0.893954
0.895046
0.896130
0.897206
0.898274
0.899333
0.900384
0.901427
0.902461
0.903488
0.904506
0.905516
0.906518
0.907512
0.908498
0.909475
0.910445
0.911407
0.912360
0.913306
0.914244
0.915174
0.916096
0.917010
0.917917
0.918815
0.919706
0.920589
0.921465
0.922333
0.923193
0.924046
0.924891
0.925728
0.926558
0.927381
0.928196
0.929004
0.929804
0.930597
0.931383
0.932161
0.932933
0.933697
0.934454
0.935203
0.935946
0.936682
0.937410
0.938132
0.938847
0.939555
0.940256
0.940950
0.941638
0.942318
0.942992
0.943660
0.944321
0.944975
0.945622
0.946263
0.946898
0.947526
0.948148
0.948764
0.949373
0.949976
0.950572
0.951163
0.951747
0.952326
0.952898
0.953464
0.954024
0.954579
0.955127
0.955669
0.956206
0.956737
0.957262
0.957782
0.958296
0.958804
0.959307
0.959804
0.960296
0.960782
0.961263
0.961738
0.962208
0.962673
0.963133
0.963587
0.964037
0.964481
0.964920
0.965354
0.965783
0.966207
0.966626
0.967041
0.967450
0.967855
0.968255
0.968650
0.969041
0.969427
0.969808
0.970185
0.970557
0.970925
0.971288
0.971647
0.972002
0.972352
0.972699
0.973040
0.973378
0.973712
0.974041
0.974366
0.974687
0.975005
0.975318
0.975627
0.975933
0.976234
0.976532
0.976826
0.977116
0.977403
0.977686
0.977965
0.978241
0.978513
0.978781
0.979046
0.979308
0.979566
0.979821
0.980072
0.980320
0.980565
0.980806
0.981045
0.981280
0.981512
0.981741
0.981967
0.982189
0.982409
0.982626
0.982840
0.983051
0.983259
0.983464
0.983666
0.983866
0.984062
0.984256
0.984448
0.984636
0.984822
0.985006
0.985186
0.985365
0.985540
0.985714
0.985884
0.986053
0.986219
0.986382
0.986543
0.986702
0.986859
0.987013
0.987165
0.987315
0.987463
0.987608
0.987751
0.987893
0.988032
0.988169
0.988304
0.988437
0.988568
0.988697
0.988824
0.988949
0.989073
0.989194
0.989314
0.989432
0.989548
0.989662
0.989774
0.989885
0.989994
0.990102
0.990207
0.990312
0.990414
0.990515
0.990614
0.990712
0.990808
0.990903
0.990996
0.991088
0.991178
0.991267
0.991354
0.991441
0.991525
0.991609
0.991690
0.991771
0.991851
0.991929
0.992005
0.992081
0.992155
0.992228
0.992300
0.992371
0.992441
0.992509
0.992576
0.992642
0.992708
0.992772
0.992834
0.992896
0.992957
0.993017
