0.000000
0.004952
0.009578
0.014071
0.018553
0.023119
0.027851
0.032842
0.038168
0.043920
0.050200
0.057123
0.064822
0.073448
0.083211
0.094387
0.107327
0.122482
0.140546
0.162578
0.190161
0.225972
0.274993
0.346852
0.462047
0.649175
0.843374
0.915638
0.923901
0.925654
0.927292
0.928946
0.930609
0.932272
0.933930
0.935577
0.937210
0.938826
0.940421
0.942055
0.943592
0.945104
0.946589
0.948046
0.949474
0.950872
0.952239
0.953573
0.954875
0.956144
0.957380
0.958582
0.959749
0.960883
0.961983
0.963049
0.964082
0.965081
0.966046
0.966979
0.967879
0.968748
0.969585
0.970390
0.971166
0.971911
0.972628
0.973316
0.973976
0.974609
0.975215
0.975796
0.976352
0.976883
0.977391
0.977876
0.978339
0.978780
0.979201
0.979602
0.979984
0.980347
0.980693
0.981021
0.981333
0.981629
0.981910
0.982177
0.982429
0.982669
0.982895
0.983110
0.983313
0.983504
0.983685
0.983857
0.984018
0.984170
0.984314
0.984450
0.984577
0.984697
0.984811
0.984917
0.985017
0.985111
0.985200
0.985283
0.985361
0.985434
0.985502
0.985567
0.985627
0.985683
0.985736
0.985786
0.985832
0.985875
0.985916
0.985954
0.985989
0.986022
0.986053
0.986082
0.986108
0.986133
0.986157
0.986178
0.986199
0.986218
0.986235
0.986251
0.986267
0.986281
0.986294
0.986306
0.986317
0.986328
0.986337
0.986346
0.986355
0.986363
0.986370
0.986377
0.986383
0.986388
0.986394
0.986399
0.986403
0.986407
0.986411
0.986415
0.986418
0.986421
0.986424
0.986427
0.986429
0.986431
0.986433
0.986435
0.986437
0.986439
0.986440
0.986441
0.986443
0.986444
0.986445
0.986446
0.986447
0.986447
0.986448
0.986449
0.986450
0.986450
0.986451
0.986451
0.986452
0.986452
0.986452
0.986453
0.986453
0.986453
0.986454
0.986454
0.986454
0.986454
0.986455
0.986455
0.986455
0.986455
0.986455
0.986455
0.986455
0.986455
0.986456
0.986456
0.986456
0.986456
0.986456
0.986456
0.986456
0.986456
0.986456
0.986456
0.986456
0.986456
0.986456
0.986456
0.986456
0.986456
0.986456
0.986456
0.986456
0.986456
0.986456
0.986456
0.986456
0.986456
0.986456
0.986456
0.986456
0.986456
0.986456
0.986456
0.986456
0.986456
0.986456
0.986456
0.986456
0.986456
0.986456
0.986456
0.986456
0.986456
0.986456
0.986456
0.986457
0.986457
0.986457
0.986457
0.986457
0.986457
0.986457
0.986457
0.986457
0.986457
0.986457
0.986457
0.986457
0.986457
0.986457
0.986457
0.986457
0.986457
0.986457
0.986457
0.986457
0.986457
0.986457
0.986457
0.986457
0.986457
0.986457
0.986457
0.986457
0.986457
0.986457
0.986457
0.986457
0.986457
0.986457
0.986457
0.986457
0.986457
0.986457
0.986457
0.986457
0.986457
0.986457
0.986457
0.986457
0.986457
0.986457
0.986457
0.986457
0.986457
0.986457
0.986457
0.986457
0.986457
0.986457
0.986457
0.986457
0.986457
0.986457
0.986457
0.986457
0.986457
0.986457
0.986457
0.986457
0.986457
0.986457
0.986457
0.986457
0.986457
0.986457
0.986457
0.986457
0.986457
0.986457
0.986457
0.986457
0.986457
0.986457
0.986457
0.986457
0.986457
0.986457
0.986457
0.986457
0.986457
0.986457
0.986457
0.986457
0.986457
0.986457
0.986457
0.986457
0.986457
0.986457
0.986457
0.986457
0.986457
0.986457
0.986457
0.986457
0.986457
0.986457
0.986457
0.986457
0.986457
0.986457
0.986457
0.986457
0.986457
0.986457
0.986457
0.986457
0.986457
0.986457
0.986457
0.986457
0.986457
0.986457
0.986457
0.986457
0.986457
0.986457
0.986457
0.986457
0.986457
0.986457
0.986457
0.986457
0.986457
0.986457
0.986457
0.986457
0.986457
0.986457
0.986457
0.986457
0.986457
0.986457
0.986457
0.986457
0.986457
0.986457
0.986457
0.986457
0.986457
0.986457
0.986457
0.986457
0.986457
0.986457
0.986457
0.986457
0.986457
0.986457
0.986457
0.986457
0.986457
0.986457
0.986457
0.986457
0.986457
0.986457
0.986457
0.986457
0.986457
0.986457
0.986457
0.986457
0.986457
0.986457
0.986457
0.986457
0.986457
0.986457
0.986457
0.986457
0.986457
0.986457
0.986457
0.986457
0.986457
0.986457
0.986457
0.986457
0.986457
0.986457
0.986457
0.986457
0.986457
0.986457
0.986457
0.986457
0.986457
0.986457
0.986457
0.986457
0.986457
0.986457
0.986457
0.986457
0.986457
0.986457
0.986457
0.986457
0.986457
0.986457
0.986457
0.986457
0.986457
0.986457
0.986457
0.986457
0.986457
0.986457
0.986457
0.986457
0.986457
0.986457
0.986457
0.986457
0.986457
0.986457
0.986457
0.986457
0.986457
0.986457
0.986457
0.986457
0.986457
0.986457
0.986457
0.986457
0.986457
0.986457
0.986457
0.986457
0.986457
0.986457
0.986457
0.986457
0.986457
0.986457
0.986457
0.986457
0.986457
0.986457
0.986457
0.986457
0.986457
0.986457
0.986457
0.986457
0.986457
0.986457
0.986457
0.986457
0.986457
0.986457
0.986457
0.986457
0.986457
0.986457
0.986457
0.986457
0.986457
0.986457
0.986457
0.986457
0.986457
0.986457
0.986457
0.986457
0.986457
0.986457
0.986457
0.986457
0.986457
0.986457
0.986457
0.986457
0.986457
0.986457
0.986457
0.986457
0.986457
0.986457
0.986457
0.986457
0.986457
0.986457
0.986457
0.986457
0.986457
0.986457
0.986457
0.986457
0.986457
0.986457
0.986457
0.986457
0.986457
0.986457
0.986457
0.986457
0.986457
0.986457
0.986457
0.986457
0.986457
0.986457
0.986457
0.986457
0.986457
0.986457
0.986457
0.986457
0.986457
0.986457
0.986457
0.986457
0.986457
0.986457
0.986457
0.986457
0.986457
0.986457
0.986457
0.986457
0.986457
0.986457
0.986457
0.986457
0.986457
0.986457
0.986457
0.986457
0.986457
0.986457
0.986457
0.986457
0.986457
0.986457
0.986457
0.986457
0.986457
0.986457
0.986457
0.986457
0.986457
0.986457
0.986457
0.986457
0.986457
0.986457
0.986457
0.986457
0.986457
0.986457
0.986457
0.986457
0.986457
0.986457
0.986457
