0.000000
0.031280
0.063988
0.099095
0.137785
0.181598
0.232963
0.293675
0.352614
0.369468
0.319914
0.274848
0.267020
0.268103
0.270268
0.272442
0.274615
0.276785
0.278950
0.281108
0.283258
0.285400
0.287532
0.289655
0.291770
0.293876
0.295974
0.298064
0.300149
0.302227
0.304300
0.306368
0.308433
0.310494
0.312553
0.314609
0.316664
0.318718
0.320771
0.322830
0.324679
0.326568
0.328460
0.330356
0.332253
0.334153
0.336055
0.337961
0.339869
0.341781
0.343696
0.345615
0.347537
0.349463
0.351394
0.353328
0.355267
0.357210
0.359157
0.361109
0.363066
0.365028
0.366994
0.368966
0.370943
0.372925
0.374912
0.376905
0.378903
0.380906
0.382916
0.384931
0.386952
0.388979
0.391011
0.393050
0.395095
0.397146
0.399204
0.401267
0.403337
0.405414
0.407496
0.409586
0.411682
0.413784
0.415893
0.418009
0.420131
0.422260
0.424396
0.426539
0.428689
0.430845
0.433008
0.435178
0.437355
0.439539
0.441730
0.443928
0.446132
0.448343
0.450562
0.452787
0.455019
0.457257
0.459503
0.461755
0.464014
0.466280
0.468552
0.470831
0.473117
0.475409
0.477708
0.480013
0.482324
0.484642
0.486966
0.489296
0.491633
0.493975
0.496323
0.498678
0.501038
0.503404
0.505775
0.508152
0.510535
0.512923
0.515316
0.517714
0.520118
0.522526
0.524940
0.527358
0.529780
0.532207
0.534639
0.537075
0.539515
0.541958
0.544406
0.546858
0.549313
0.551772
0.554234
0.556699
0.559167
0.561638
0.564112
0.566589
0.569067
0.571549
0.574032
0.576518
0.579005
0.581494
0.583984
0.586476
0.588969
0.591463
0.593958
0.596453
0.598949
0.601445
0.603942
0.606439
0.608935
0.611431
0.613927
0.616422
0.618916
0.621408
0.623900
0.626391
0.628879
0.631366
0.633852
0.636335
0.638815
0.641294
0.643769
0.646242
0.648712
0.651179
0.653642
0.656102
0.658558
0.661011
0.663459
0.665903
0.668343
0.670778
0.673208
0.675633
0.678054
0.680469
0.682878
0.685283
0.687681
0.690073
0.692460
0.694840
0.697213
0.699580
0.701941
0.704294
0.706641
0.708980
0.711312
0.713636
0.715953
0.718262
0.720562
0.722855
0.725140
0.727416
0.729684
0.731942
0.734193
0.736434
0.738666
0.740889
0.743102
0.745306
0.747501
0.749686
0.751861
0.754025
0.756180
0.758325
0.760459
0.762583
0.764697
0.766800
0.768892
0.770973
0.773043
0.775103
0.777151
0.779188
0.781213
0.783227
0.785230
0.787221
0.789201
0.791168
0.793124
0.795068
0.797001
0.798921
0.800829
0.802724
0.804608
0.806479
0.808338
0.810185
0.812019
0.813840
0.815649
0.817446
0.819230
0.821001
0.822759
0.824505
0.826238
0.827958
0.829665
0.831359
0.833040
0.834709
0.836364
0.838006
0.839636
0.841252
0.842856
0.844446
0.846023
0.847587
0.849138
0.850677
0.852202
0.853713
0.855212
0.856698
0.858171
0.859630
0.861077
0.862511
0.863931
0.865339
0.866734
0.868115
0.869484
0.870840
0.872183
0.873513
0.874830
0.876135
0.877426
0.878705
0.879972
0.881225
0.882466
0.883695
0.884910
0.886114
0.887305
0.888483
0.889649
0.890803
0.891944
0.893074
0.894191
0.895296
0.896389
0.897469
0.898538
0.899595
0.900641
0.901674
0.902696
0.903706
0.904704
0.905691
0.906666
0.907630
0.908583
0.909525
0.910455
0.911374
0.912282
0.913179
0.914065
0.914940
0.915805
0.916659
0.917502
0.918334
0.919156
0.919968
0.920770
0.921561
0.922342
0.923112
0.923873
0.924624
0.925365
0.926096
0.926818
0.927529
0.928232
0.928925
0.929608
0.930282
0.930947
0.931603
0.932249
0.932887
0.933516
0.934136
0.934747
0.935350
0.935944
0.936529
0.937106
0.937675
0.938235
0.938788
0.939332
0.939868
0.940396
0.940917
0.941429
0.941934
0.942432
0.942921
0.943404
0.943879
0.944347
0.944807
0.945261
0.945707
0.946146
0.946579
0.947005
0.947424
0.947836
0.948242
0.948641
0.949034
0.949420
0.949801
0.950175
0.950543
0.950905
0.951260
0.951610
0.951955
0.952293
0.952626
0.952953
0.953275
0.953591
0.953902
0.954208
0.954508
0.954803
0.955093
0.955378
0.955658
0.955933
0.956203
0.956469
0.956730
0.956986
0.957237
0.957484
0.957727
0.957965
0.958199
0.958429
0.958655
0.958876
0.959093
0.959307
0.959516
0.959721
0.959923
0.960121
0.960315
0.960506
0.960692
0.960876
0.961056
0.961232
0.961405
0.961575
0.961741
0.961904
0.962064
0.962221
0.962375
0.962526
0.962674
0.962818
0.962960
0.963100
0.963236
0.963370
0.963501
0.963629
0.963755
0.963878
0.963998
0.964117
0.964232
0.964346
0.964457
0.964565
0.964672
0.964776
0.964878
0.964978
0.965076
0.965171
0.965265
0.965357
0.965446
0.965534
0.965620
0.965704
0.965786
0.965867
0.965945
0.966022
0.966098
0.966171
0.966243
0.966314
0.966383
0.966450
0.966516
0.966580
0.966643
0.966704
0.966764
0.966823
0.966881
0.966937
0.966991
0.967045
0.967097
0.967148
0.967198
0.967247
0.967295
0.967341
0.967387
0.967431
0.967474
0.967517
0.967558
0.967598
0.967637
0.967676
0.967713
0.967750
0.967786
0.967820
0.967854
0.967887
0.967920
0.967951
0.967982
0.968012
0.968041
0.968070
0.968098
0.968125
0.968151
0.968177
0.968202
0.968227
0.968251
0.968274
0.968297
0.968319
0.968341
0.968362
0.968382
0.968402
0.968421
0.968440
0.968459
0.968477
0.968494
0.968511
0.968528
0.968544
0.968560
0.968575
0.968590
0.968604
0.968618
0.968632
0.968646
0.968659
0.968671
0.968684
0.968696
0.968707
0.968719
0.968730
0.968740
0.968751
0.968761
0.968771
0.968780
0.968790
0.968799
0.968808
0.968816
0.968824
0.968833
0.968840
0.968848
0.968855
0.968863
0.968870
0.968876
0.968883
0.968890
0.968896
0.968902
0.968908
0.968913
0.968919
0.968924
0.968930
0.968935
0.968940
0.968944
0.968949
0.968954
0.968958
0.968962
0.968966
0.968970
0.968974
0.968978
0.968982
0.968985
0.968988
0.968992
0.968995
0.968998
0.969001
0.969004
