0.000000
0.017469
0.038182
0.072451
0.121943
0.171285
0.207868
0.230913
0.245905
0.257801
0.261058
0.263089
0.265055
0.267029
0.269011
0.270991
0.272967
0.274936
0.276898
0.278855
0.280805
0.282749
0.284687
0.286619
0.288546
0.290466
0.292380
0.294289
0.296192
0.298089
0.299981
0.301867
0.303748
0.305623
0.307493
0.309358
0.311217
0.313071
0.314919
0.316816
0.318517
0.320202
0.321882
0.323556
0.325227
0.326893
0.328554
0.330212
0.331865
0.333514
0.335159
0.336800
0.338436
0.340068
0.341696
0.343320
0.344940
0.346556
0.348167
0.349775
0.351378
0.352978
0.354573
0.356164
0.357751
0.359334
0.360913
0.362488
0.364059
0.365626
0.367189
0.368748
0.370303
0.371855
0.373402
0.374945
0.376484
0.378020
0.379551
0.381079
0.382603
0.384122
0.385638
0.387151
0.388659
0.390163
0.391664
0.393161
0.394654
0.396143
0.397628
0.399110
0.400588
0.402062
0.403533
0.404999
0.406462
0.407921
0.409377
0.410829
0.412277
0.413721
0.415162
0.416599
0.418033
0.419462
0.420888
0.422311
0.423730
0.425145
0.426557
0.427965
0.429370
0.430771
0.432168
0.433562
0.434953
0.436340
0.437723
0.439103
0.440479
0.441852
0.443221
0.444587
0.445949
0.447308
0.448664
0.450016
0.451365
0.452710
0.454052
0.455390
0.456725
0.458057
0.459385
0.460710
0.462031
0.463350
0.464665
0.465976
0.467284
0.468589
0.469891
0.471189
0.472484
0.473776
0.475064
0.476350
0.477631
0.478910
0.480186
0.481458
0.482727
0.483993
0.485255
0.486515
0.487771
0.489024
0.490274
0.491521
0.492765
0.494005
0.495243
0.496477
0.497708
0.498936
0.500161
0.501383
0.502601
0.503817
0.505030
0.506239
0.507446
0.508649
0.509850
0.511047
0.512242
0.513433
0.514622
0.515807
0.516989
0.518169
0.519345
0.520519
0.521690
0.522857
0.524022
0.525184
0.526343
0.527499
0.528652
0.529802
0.530949
0.532094
0.533236
0.534374
0.535510
0.536643
0.537774
0.538901
0.540025
0.541147
0.542266
0.543382
0.544496
0.545606
0.546714
0.547819
0.548922
0.550021
0.551118
0.552212
0.553304
0.554392
0.555478
0.556562
0.557642
0.558720
0.559795
0.560868
0.561938
0.563005
0.564070
0.565132
0.566191
0.567248
0.568302
0.569353
0.570402
0.571449
0.572493
0.573534
0.574572
0.575608
0.576642
0.577673
0.578701
0.579727
0.580751
0.581771
0.582790
0.583806
0.584819
0.585830
0.586838
0.587844
0.588848
0.589849
0.590848
0.591844
0.592837
0.593829
0.594818
0.595804
0.596788
0.597770
0.598749
0.599726
0.600701
0.601673
0.602643
0.603611
0.604576
0.605539
0.606499
0.607458
0.608414
0.609367
0.610318
0.611268
0.612214
0.613159
0.614101
0.615041
0.615979
0.616914
0.617848
0.618779
0.619708
0.620634
0.621559
0.622481
0.623401
0.624319
0.625234
0.626148
0.627059
0.627968
0.628876
0.629780
0.630683
0.631584
0.632483
0.633379
0.634273
0.635166
0.636056
0.636944
0.637830
0.638714
0.639596
0.640476
0.641354
0.642229
0.643103
0.643975
0.644845
0.645712
0.646578
0.647442
0.648304
0.649164
0.650021
0.650877
0.651731
0.652583
0.653433
0.654281
0.655128
0.655972
0.656814
0.657655
0.658493
0.659330
0.660165
0.660998
0.661829
0.662658
0.663485
0.664311
0.665135
0.665956
0.666776
0.667595
0.668411
0.669226
0.670039
0.670850
0.671659
0.672466
0.673272
0.674076
0.674878
0.675679
0.676478
0.677275
0.678070
0.678863
0.679655
0.680446
0.681234
0.682021
0.682806
0.683589
0.684371
0.685151
0.685930
0.686707
0.687482
0.688255
0.689027
0.689798
0.690567
0.691334
0.692099
0.692863
0.693626
0.694387
0.695146
0.695903
0.696660
0.697414
0.698167
0.698919
0.699669
0.700417
0.701165
0.701910
0.702654
0.703397
0.704138
0.704877
0.705615
0.706352
0.707087
0.707821
0.708553
0.709284
0.710014
0.710742
0.711468
0.712194
0.712918
0.713640
0.714361
0.715081
0.715799
0.716516
0.717232
0.717946
0.718659
0.719371
0.720081
0.720790
0.721498
0.722204
0.722909
0.723613
0.724315
0.725016
0.725716
0.726415
0.727112
0.727809
0.728503
0.729197
0.729890
0.730581
0.731271
0.731960
0.732647
0.733333
0.734019
0.734703
0.735385
0.736067
0.736747
0.737427
0.738105
0.738782
0.739458
0.740133
0.740806
0.741479
0.742150
0.742820
0.743489
0.744157
0.744824
0.745490
0.746155
0.746819
0.747482
0.748143
0.748804
0.749463
0.750122
0.750779
0.751436
0.752091
0.752745
0.753399
0.754051
0.754702
0.755353
0.756002
0.756651
0.757298
0.757944
0.758590
0.759234
0.759878
0.760521
0.761162
0.761803
0.762443
0.763082
0.763720
0.764357
0.764993
0.765629
0.766263
0.766896
0.767529
0.768161
0.768792
0.769422
0.770051
0.770679
0.771307
0.771933
0.772559
0.773184
0.773808
0.774431
0.775054
0.775675
0.776296
0.776916
0.777535
0.778154
0.778771
0.779388
0.780004
0.780619
0.781234
0.781848
0.782461
0.783073
0.783684
0.784295
0.784905
0.785514
0.786123
0.786731
0.787338
0.787944
0.788550
0.789155
0.789759
0.790362
0.790965
0.791567
0.792169
0.792769
0.793369
0.793969
0.794567
0.795165
0.795763
0.796359
0.796955
0.797551
0.798145
0.798739
0.799333
0.799925
0.800518
0.801109
0.801700
0.802290
0.802880
0.803469
0.804057
0.804645
0.805232
0.805818
0.806404
0.806989
0.807574
0.808158
0.808742
0.809325
0.809907
0.810489
0.811070
0.811650
0.812230
0.812809
0.813388
0.813966
0.814544
0.815121
0.815698
0.816274
0.816849
0.817424
0.817998
0.818572
0.819145
0.819717
0.820289
0.820861
0.821432
0.822002
0.822572
0.823141
0.823710
0.824278
0.824845
0.825412
0.825979
0.826545
0.827110
0.827675
0.828240
0.828803
0.829367
0.829929
0.830492
0.831053
0.831614
0.832175
0.832735
0.833295
0.833854
0.834412
0.834970
0.835527
0.836084
0.836641
0.837196
0.837752
0.838306
0.838861
0.839414
0.839967
0.840520
0.841072
0.841623
