0.000000
0.047338
0.100420
0.163090
0.221461
0.220759
0.183460
0.178172
0.187718
0.197119
0.206021
0.214540
0.222810
0.231000
0.239338
0.248531
0.257793
0.261298
0.263478
0.265648
0.267823
0.270001
0.272183
0.274369
0.276559
0.278754
0.280954
0.283159
0.285369
0.287585
0.289806
0.292033
0.294266
0.296506
0.298752
0.301005
0.303265
0.305533
0.307808
0.310120
0.312218
0.314345
0.316483
0.318630
0.320788
0.322956
0.325134
0.327323
0.329522
0.331731
0.333952
0.336183
0.338426
0.340679
0.342944
0.345220
0.347508
0.349808
0.352119
0.354443
0.356778
0.359126
0.361485
0.363857
0.366242
0.368639
0.371048
0.373470
0.375905
0.378353
0.380813
0.383286
0.385772
0.388271
0.390783
0.393308
0.395846
0.398397
0.400961
0.403538
0.406128
0.408731
0.411347
0.413976
0.416618
0.419273
0.421941
0.424621
0.427314
0.430020
0.432739
0.435470
0.438213
0.440969
0.443737
0.446517
0.449309
0.452114
0.454930
0.457757
0.460596
0.463447
0.466309
0.469182
0.472066
0.474960
0.477865
0.480781
0.483707
0.486643
0.489588
0.492544
0.495508
0.498482
0.501465
0.504457
0.507457
0.510466
0.513482
0.516507
0.519538
0.522578
0.525624
0.528677
0.531736
0.534802
0.537873
0.540951
0.544033
0.547121
0.550213
0.553310
0.556411
0.559516
0.562625
0.565736
0.568851
0.571968
0.575088
0.578209
0.581332
0.584457
0.587582
0.590708
0.593834
0.596960
0.600086
0.603211
0.606336
0.609458
0.612579
0.615698
0.618815
0.621928
0.625039
0.628146
0.631249
0.634348
0.637443
0.640533
0.643618
0.646697
0.649770
0.652837
0.655898
0.658951
0.661998
0.665037
0.668068
0.671091
0.674105
0.677111
0.680107
0.683094
0.686071
0.689038
0.691994
0.694940
0.697874
0.700797
0.703709
0.706609
0.709496
0.712371
0.715233
0.718082
0.720917
0.723739
0.726547
0.729341
0.732120
0.734885
0.737635
0.740369
0.743088
0.745792
0.748479
0.751150
0.753805
0.756444
0.759066
0.761670
0.764258
0.766828
0.769380
0.771915
0.774432
0.776931
0.779411
0.781873
0.784317
0.786741
0.789147
0.791534
0.793901
0.796250
0.798578
0.800888
0.803177
0.805447
0.807697
0.809927
0.812137
0.814326
0.816496
0.818645
0.820774
0.822882
0.824970
0.827038
0.829084
0.831111
0.833116
0.835101
0.837065
0.839008
0.840931
0.842832
0.844713
0.846574
0.848413
0.850232
0.852030
0.853807
0.855563
0.857299
0.859014
0.860709
0.862383
0.864036
0.865669
0.867281
0.868874
0.870445
0.871997
0.873529
0.875040
0.876531
0.878003
0.879455
0.880887
0.882299
0.883692
0.885065
0.886419
0.887754
0.889069
0.890366
0.891643
0.892902
0.894143
0.895364
0.896568
0.897753
0.898919
0.900068
0.901199
0.902313
0.903408
0.904487
0.905547
0.906591
0.907618
0.908628
0.909621
0.910598
0.911558
0.912502
0.913430
0.914342
0.915238
0.916119
0.916984
0.917834
0.918669
0.919489
0.920294
0.921084
0.921860
0.922622
0.923370
0.924103
0.924823
0.925530
0.926223
0.926902
0.927569
0.928222
0.928863
0.929491
0.930107
0.930711
0.931302
0.931882
0.932449
0.933005
0.933550
0.934084
0.934606
0.935118
0.935618
0.936108
0.936588
0.937057
0.937517
0.937966
0.938406
0.938835
0.939256
0.939667
0.940069
0.940462
0.940846
0.941221
0.941588
0.941946
0.942296
0.942638
0.942972
0.943298
0.943616
0.943927
0.944231
0.944527
0.944816
0.945098
0.945373
0.945641
0.945903
0.946158
0.946407
0.946650
0.946886
0.947117
0.947341
0.947560
0.947774
0.947981
0.948184
0.948381
0.948573
0.948760
0.948942
0.949119
0.949291
0.949459
0.949622
0.949781
0.949935
0.950086
0.950232
0.950374
0.950512
0.950646
0.950776
0.950903
0.951026
0.951146
0.951262
0.951375
0.951485
0.951591
0.951694
0.951795
0.951892
0.951987
0.952078
0.952167
0.952253
0.952337
0.952418
0.952497
0.952573
0.952647
0.952719
0.952788
0.952855
0.952920
0.952983
0.953045
0.953104
0.953161
0.953216
0.953270
0.953322
0.953372
0.953421
0.953468
0.953514
0.953558
0.953600
0.953641
0.953681
0.953719
0.953757
0.953792
0.953827
0.953861
0.953893
0.953924
0.953954
0.953983
0.954012
0.954039
0.954065
0.954090
0.954114
0.954138
0.954161
0.954182
0.954203
0.954224
0.954243
0.954262
0.954280
0.954298
0.954315
0.954331
0.954346
0.954361
0.954376
0.954390
0.954403
0.954416
0.954429
0.954441
0.954452
0.954463
0.954474
0.954484
0.954494
0.954503
0.954512
0.954521
0.954529
0.954537
0.954545
0.954552
0.954559
0.954566
0.954573
0.954579
0.954585
0.954591
0.954596
0.954602
0.954607
0.954612
0.954616
0.954621
0.954625
0.954629
0.954633
0.954637
0.954640
0.954644
0.954647
0.954650
0.954653
0.954656
0.954659
0.954662
0.954664
0.954667
0.954669
0.954671
0.954673
0.954675
0.954677
0.954679
0.954681
0.954682
0.954684
0.954686
0.954687
0.954688
0.954690
0.954691
0.954692
0.954693
0.954695
0.954696
0.954697
0.954698
0.954698
0.954699
0.954700
0.954701
0.954702
0.954702
0.954703
0.954704
0.954704
0.954705
0.954705
0.954706
0.954706
0.954707
0.954707
0.954708
0.954708
0.954709
0.954709
0.954709
0.954710
0.954710
0.954710
0.954711
0.954711
0.954711
0.954711
0.954711
0.954712
0.954712
0.954712
0.954712
0.954712
0.954713
0.954713
0.954713
0.954713
0.954713
0.954713
0.954713
0.954714
0.954714
0.954714
0.954714
0.954714
0.954714
0.954714
0.954714
0.954714
0.954714
0.954714
0.954714
0.954715
0.954715
0.954715
0.954715
0.954715
0.954715
0.954715
0.954715
0.954715
0.954715
0.954715
0.954715
0.954715
0.954715
0.954715
0.954715
0.954715
0.954715
0.954715
0.954715
0.954715
0.954715
0.954715
0.954715
0.954715
0.954715
0.954715
0.954715
0.954715
0.954715
0.954715
0.954715
0.954715
0.954715
0.954715
0.954715
0.954715
0.954715
0.954715
0.954715
0.954715
0.954715
0.954715
0.954715
