0.000000
0.014218
0.028796
0.044017
0.060223
0.077828
0.097794
0.120990
0.140706
0.166467
0.198895
0.232216
0.257077
0.268423
0.269620
0.267951
0.267851
0.269389
0.271341
0.273311
0.275274
0.277232
0.279185
0.281131
0.283073
0.285008
0.286939
0.288864
0.290784
0.292698
0.294608
0.296512
0.298412
0.300306
0.302195
0.304080
0.305959
0.307834
0.309704
0.311611
0.313314
0.315014
0.316711
0.318405
0.320094
0.321780
0.323462
0.325140
0.326815
0.328486
0.330153
0.331817
0.333477
0.335133
0.336786
0.338436
0.340082
0.341724
0.343364
0.344999
0.346632
0.348260
0.349886
0.351508
0.353127
0.354743
0.356355
0.357965
0.359571
0.361173
0.362773
0.364370
0.365963
0.367554
0.369141
0.370726
0.372307
0.373885
0.375461
0.377033
0.378603
0.380170
0.381734
0.383295
0.384854
0.386409
0.387962
0.389512
0.391060
0.392605
0.394147
0.395687
0.397224
0.398758
0.400290
0.401820
0.403347
0.404872
0.406394
0.407914
0.409431
0.410946
0.412459
0.413970
0.415478
0.416984
0.418488
0.419989
0.421489
0.422986
0.424481
0.425974
0.427466
0.428955
0.430442
0.431927
0.433410
0.434891
0.436370
0.437848
0.439323
0.440797
0.442269
0.443739
0.445208
0.446674
0.448139
0.449603
0.451064
0.452524
0.453983
0.455440
0.456895
0.458349
0.459801
0.461252
0.462701
0.464149
0.465595
0.467040
0.468484
0.469926
0.471367
0.472807
0.474245
0.475682
0.477118
0.478552
0.479986
0.481418
0.482849
0.484279
0.485708
0.487136
0.488562
0.489988
0.491412
0.492836
0.494259
0.495680
0.497101
0.498520
0.499939
0.501357
0.502774
0.504190
0.505605
0.507019
0.508433
0.509846
0.511258
0.512669
0.514079
0.515489
0.516898
0.518306
0.519714
0.521121
0.522527
0.523933
0.525337
0.526742
0.528146
0.529549
0.530951
0.532353
0.533754
0.535155
0.536556
0.537955
0.539355
0.540753
0.542152
0.543550
0.544947
0.546344
0.547740
0.549136
0.550532
0.551927
0.553321
0.554716
0.556109
0.557503
0.558896
0.560289
0.561681
0.563073
0.564465
0.565856
0.567247
0.568637
0.570027
0.571417
0.572807
0.574196
0.575585
0.576973
0.578361
0.579749
0.581137
0.582524
0.583911
0.585297
0.586684
0.588069
0.589455
0.590840
0.592225
0.593610
0.594994
0.596378
0.597762
0.599146
0.600529
0.601911
0.603294
0.604676
0.606058
0.607439
0.608820
0.610201
0.611581
0.612961
0.614341
0.615720
0.617099
0.618477
0.619855
0.621233
0.622610
0.623987
0.625364
0.626740
0.628115
0.629490
0.630865
0.632239
0.633613
0.634986
0.636359
0.637731
0.639103
0.640474
0.641845
0.643215
0.644584
0.645953
0.647322
0.648690
0.650057
0.651423
0.652789
0.654155
0.655519
0.656883
0.658246
0.659609
0.660971
0.662332
0.663692
0.665052
0.666410
0.667768
0.669126
0.670482
0.671837
0.673192
0.674546
0.675899
0.677250
0.678601
0.679951
0.681301
0.682649
0.683996
0.685342
0.686687
0.688031
0.689373
0.690715
0.692056
0.693395
0.694733
0.696071
0.697406
0.698741
0.700075
0.701407
0.702738
0.704067
0.705395
0.706722
0.708048
0.709372
0.710695
0.712016
0.713336
0.714654
0.715971
0.717286
0.718600
0.719912
0.721223
0.722532
0.723839
0.725145
0.726449
0.727751
0.729052
0.730350
0.731647
0.732943
0.734236
0.735527
0.736817
0.738105
0.739391
0.740675
0.741957
0.743236
0.744514
0.745790
0.747064
0.748336
0.749605
0.750873
0.752138
0.753401
0.754662
0.755921
0.757178
0.758432
0.759684
0.760933
0.762180
0.763425
0.764667
0.765907
0.767145
0.768380
0.769613
0.770843
0.772070
0.773295
0.774517
0.775737
0.776954
0.778169
0.779380
0.780589
0.781796
0.782999
0.784200
0.785398
0.786593
0.787785
0.788975
0.790161
0.791345
0.792525
0.793703
0.794878
0.796049
0.797218
0.798384
0.799546
0.800706
0.801862
0.803015
0.804165
0.805312
0.806456
0.807596
0.808733
0.809867
0.810998
0.812125
0.813249
0.814370
0.815487
0.816601
0.817711
0.818818
0.819922
0.821022
0.822118
0.823212
0.824301
0.825387
0.826470
0.827549
0.828624
0.829696
0.830764
0.831828
0.832889
0.833946
0.834999
0.836049
0.837095
0.838137
0.839176
0.840210
0.841241
0.842268
0.843291
0.844311
0.845326
0.846338
0.847346
0.848349
0.849349
0.850345
0.851337
0.852326
0.853310
0.854290
0.855266
0.856238
0.857206
0.858170
0.859130
0.860086
0.861038
0.861986
0.862930
0.863870
0.864805
0.865737
0.866664
0.867587
0.868506
0.869421
0.870332
0.871239
0.872141
0.873039
0.873933
0.874823
0.875709
0.876590
0.877467
0.878340
0.879209
0.880073
0.880933
0.881789
0.882641
0.883488
0.884332
0.885171
0.886005
0.886835
0.887661
0.888483
0.889301
0.890114
0.890923
0.891727
0.892528
0.893323
0.894115
0.894902
0.895685
0.896464
0.897239
0.898009
0.898774
0.899536
0.900293
0.901046
0.901794
0.902539
0.903279
0.904014
0.904745
0.905472
0.906195
0.906914
0.907628
0.908337
0.909043
0.909744
0.910441
0.911134
0.911822
0.912506
0.913186
0.913861
0.914533
0.915200
0.915863
0.916521
0.917175
0.917826
0.918471
0.919113
0.919750
0.920384
0.921013
0.921637
0.922258
0.922874
0.923487
0.924095
0.924699
0.925299
0.925894
0.926486
0.927073
0.927657
0.928236
0.928811
0.929382
0.929949
0.930512
0.931071
0.931625
0.932176
0.932723
0.933266
0.933805
0.934339
0.934870
0.935397
0.935920
0.936439
0.936954
0.937465
0.937972
0.938475
0.938975
0.939470
0.939962
0.940450
0.940934
0.941414
0.941891
0.942363
0.942832
0.943297
0.943759
0.944216
0.944670
0.945120
0.945567
0.946010
0.946449
0.946885
0.947317
0.947745
0.948170
0.948591
0.949008
0.949423
0.949833
0.950240
0.950644
0.951044
0.951440
0.951833
0.952223
0.952609
0.952992
0.953372
0.953748
0.954120
0.954490
0.954856
0.955219
0.955578
0.955934
0.956287
0.956637
0.956984
0.957327
0.957667
0.958004
0.958338
