0.002842
0.006227
0.013364
0.015062
0.016859
0.018779
0.020844
0.023083
0.025547
0.028247
0.031268
0.034663
0.038515
0.042940
0.048090
0.054164
0.061455
0.070436
0.081887
0.097154
0.118654
0.151033
0.202509
0.311060
0.507222
0.587106
0.596772
0.601963
0.607246
0.612644
0.618138
0.623712
0.629357
0.635060
0.640815
0.646614
0.652451
0.658318
0.664212
0.670361
0.676201
0.682052
0.687916
0.693789
0.699665
0.705540
0.711409
0.717267
0.723111
0.728937
0.734740
0.740518
0.746265
0.751978
0.757655
0.763291
0.768884
0.774430
0.779926
0.785369
0.790757
0.796087
0.801356
0.806561
0.811702
0.816775
0.821778
0.826710
0.831568
0.836352
0.841059
0.845688
0.850239
0.854709
0.859098
0.863405
0.867629
0.871770
0.875827
0.879800
0.883688
0.887491
0.891209
0.894843
0.898391
0.901856
0.905235
0.908532
0.911744
0.914874
0.917922
0.920888
0.923774
0.926580
0.929306
0.931955
0.934527
0.937023
0.939445
0.941792
0.944068
0.946272
0.948406
0.950471
0.952469
0.954402
0.956269
0.958074
0.959816
0.961498
0.963121
0.964686
0.966195
0.967649
0.969050
0.970399
0.971697
0.972946
0.974147
0.975302
0.976411
0.977477
0.978500
0.979482
0.980425
0.981328
0.982195
0.983025
0.983821
0.984582
0.985312
0.986009
0.986677
0.987315
0.987926
0.988509
0.989066
0.989598
0.990105
0.990590
0.991052
0.991493
0.991913
0.992314
0.992695
0.993059
0.993405
0.993734
0.994047
0.994345
0.994629
0.994898
0.995154
0.995397
0.995628
0.995848
0.996056
0.996254
0.996441
0.996619
0.996788
0.996947
0.997099
0.997242
0.997378
0.997507
0.997629
0.997744
0.997853
0.997957
0.998054
0.998147
0.998234
0.998316
0.998394
0.998468
0.998537
0.998603
0.998665
0.998724
0.998779
0.998831
0.998880
0.998926
0.998970
0.999011
0.999050
0.999087
0.999121
0.999154
0.999184
0.999213
0.999240
0.999266
0.999290
0.999312
0.999333
0.999353
0.999372
0.999390
0.999407
0.999422
0.999437
0.999451
0.999464
0.999476
0.999487
0.999498
0.999508
0.999518
0.999526
0.999535
0.999543
0.999550
0.999557
0.999563
0.999570
0.999575
0.999581
0.999586
0.999590
0.999595
0.999599
0.999603
0.999606
0.999610
0.999613
0.999616
0.999619
0.999621
0.999624
0.999626
0.999628
0.999630
0.999632
0.999634
0.999636
0.999637
0.999639
0.999640
0.999641
0.999643
0.999644
0.999645
0.999646
0.999647
0.999648
0.999648
0.999649
0.999650
0.999651
0.999651
0.999652
0.999652
0.999653
0.999653
0.999654
0.999654
0.999655
0.999655
0.999655
0.999656
0.999656
0.999656
0.999656
0.999657
0.999657
0.999657
0.999657
0.999657
0.999658
0.999658
0.999658
0.999658
0.999658
0.999658
0.999658
0.999659
0.999659
0.999659
0.999659
0.999659
0.999659
0.999659
0.999659
0.999659
0.999659
0.999659
0.999659
0.999659
0.999659
0.999660
0.999660
0.999660
0.999660
0.999660
0.999660
0.999660
0.999660
0.999660
0.999660
0.999660
0.999660
0.999660
0.999660
0.999660
0.999660
0.999660
0.999660
0.999660
0.999660
0.999660
0.999660
0.999660
0.999660
0.999660
0.999660
0.999660
0.999660
0.999660
0.999660
0.999660
0.999660
0.999660
0.999660
0.999660
0.999660
0.999660
0.999660
0.999660
0.999660
0.999660
0.999660
0.999660
0.999660
0.999660
0.999660
0.999660
0.999660
0.999660
0.999660
0.999660
0.999660
0.999660
0.999660
0.999660
0.999660
0.999660
0.999660
0.999660
0.999660
0.999660
0.999660
0.999660
0.999660
0.999660
0.999660
0.999660
0.999660
0.999660
0.999660
0.999660
0.999660
0.999660
0.999660
0.999660
0.999660
0.999660
0.999660
0.999660
0.999660
0.999660
0.999660
0.999660
0.999660
0.999660
0.999660
0.999660
0.999660
0.999660
0.999660
0.999660
0.999660
0.999660
0.999660
0.999660
0.999660
0.999660
0.999660
0.999660
0.999660
0.999660
0.999660
0.999660
0.999660
0.999660
0.999660
0.999660
0.999660
0.999660
0.999660
0.999660
0.999660
0.999660
0.999660
0.999660
0.999660
0.999660
0.999660
0.999660
0.999660
0.999660
0.999660
0.999660
0.999660
0.999660
0.999660
0.999660
0.999660
0.999660
0.999660
0.999660
0.999660
0.999660
0.999660
0.999660
0.999660
0.999660
0.999660
0.999660
0.999660
0.999660
0.999660
0.999660
0.999660
0.999660
0.999660
0.999660
0.999660
0.999660
0.999660
0.999660
0.999660
0.999660
0.999660
0.999660
0.999660
0.999660
0.999660
0.999660
0.999660
0.999660
0.999660
0.999660
0.999660
0.999660
0.999660
0.999660
0.999660
0.999660
0.999660
0.999660
0.999660
0.999660
0.999660
0.999660
0.999660
0.999660
0.999660
0.999660
0.999660
0.999660
0.999660
0.999660
0.999660
0.999660
0.999660
0.999660
0.999660
0.999660
0.999660
0.999660
0.999660
0.999660
0.999660
0.999660
0.999660
0.999660
0.999660
0.999660
0.999660
0.999660
0.999660
0.999660
0.999660
0.999660
0.999660
0.999660
0.999660
0.999660
0.999660
0.999660
0.999660
0.999660
0.999660
0.999660
0.999660
0.999660
0.999660
0.999660
0.999660
0.999660
0.999660
0.999660
0.999660
0.999660
0.999660
0.999660
0.999660
0.999660
0.999660
0.999660
0.999660
0.999660
0.999660
0.999660
0.999660
0.999660
0.999660
0.999660
0.999660
0.999660
0.999660
0.999660
0.999660
0.999660
0.999660
0.999660
0.999660
0.999660
0.999660
0.999660
0.999660
0.999660
0.999660
0.999660
0.999660
0.999660
0.999660
0.999660
0.999660
0.999660
0.999660
0.999660
0.999660
0.999660
0.999660
0.999660
0.999660
0.999660
0.999660
0.999660
0.999660
0.999660
0.999660
0.999660
0.999660
0.999660
0.999660
0.999660
0.999660
0.999660
0.999660
0.999660
0.999660
0.999660
0.999660
0.999660
0.999660
0.999660
0.999660
0.999660
0.999660
0.999660
0.999660
0.999660
0.999660
0.999660
0.999660
0.999660
0.999660
0.999660
0.999660
0.999660
0.999660
0.999660
0.999660
0.999660
0.999660
0.999660
