0.000000
0.014211
0.028782
0.043997
0.060198
0.077799
0.097737
0.120709
0.139474
0.163255
0.193989
0.228145
0.256327
0.270519
0.271937
0.268905
0.267824
0.269132
0.271073
0.273043
0.275008
0.276968
0.278922
0.280871
0.282814
0.284752
0.286685
0.288613
0.290536
0.292453
0.294366
0.296274
0.298177
0.300075
0.301969
0.303858
0.305742
0.307622
0.309497
0.311407
0.313112
0.314817
0.316519
0.318218
0.319913
0.321605
0.323293
0.324978
0.326659
0.328337
0.330012
0.331683
0.333351
0.335016
0.336677
0.338336
0.339991
0.341643
0.343292
0.344938
0.346580
0.348220
0.349857
0.351491
0.353122
0.354750
0.356375
0.357997
0.359616
0.361233
0.362847
0.364458
0.366067
0.367673
0.369276
0.370877
0.372475
0.374071
0.375664
0.377255
0.378843
0.380429
0.382012
0.383593
0.385172
0.386749
0.388323
0.389895
0.391465
0.393033
0.394599
0.396162
0.397724
0.399283
0.400841
0.402396
0.403950
0.405502
0.407051
0.408599
0.410146
0.411690
0.413233
0.414774
0.416313
0.417851
0.419387
0.420921
0.422454
0.423985
0.425515
0.427043
0.428570
0.430096
0.431620
0.433142
0.434664
0.436184
0.437703
0.439220
0.440736
0.442252
0.443766
0.445278
0.446790
0.448301
0.449810
0.451319
0.452826
0.454333
0.455839
0.457343
0.458847
0.460350
0.461852
0.463354
0.464854
0.466354
0.467853
0.469351
0.470848
0.472345
0.473841
0.475337
0.476832
0.478326
0.479820
0.481313
0.482806
0.484298
0.485790
0.487281
0.488772
0.490262
0.491752
0.493241
0.494731
0.496219
0.497708
0.499196
0.500684
0.502171
0.503659
0.505146
0.506632
0.508119
0.509605
0.511091
0.512577
0.514063
0.515549
0.517034
0.518520
0.520005
0.521490
0.522975
0.524460
0.525945
0.527429
0.528914
0.530399
0.531883
0.533368
0.534853
0.536337
0.537822
0.539306
0.540791
0.542275
0.543760
0.545244
0.546729
0.548214
0.549698
0.551183
0.552668
0.554153
0.555637
0.557122
0.558607
0.560092
0.561577
0.563062
0.564547
0.566033
0.567518
0.569003
0.570488
0.571974
0.573459
0.574944
0.576430
0.577915
0.579400
0.580886
0.582371
0.583857
0.585342
0.586828
0.588313
0.589799
0.591284
0.592769
0.594255
0.595740
0.597225
0.598710
0.600195
0.601680
0.603165
0.604649
0.606134
0.607618
0.609102
0.610587
0.612070
0.613554
0.615038
0.616521
0.618004
0.619486
0.620969
0.622451
0.623933
0.625415
0.626896
0.628377
0.629857
0.631337
0.632817
0.634296
0.635775
0.637253
0.638731
0.640209
0.641686
0.643162
0.644638
0.646113
0.647587
0.649061
0.650535
0.652007
0.653479
0.654950
0.656421
0.657890
0.659359
0.660827
0.662295
0.663761
0.665227
0.666691
0.668155
0.669618
0.671079
0.672540
0.674000
0.675458
0.676916
0.678372
0.679828
0.681282
0.682735
0.684187
0.685637
0.687086
0.688534
0.689981
0.691426
0.692870
0.694312
0.695753
0.697192
0.698630
0.700067
0.701502
0.702935
0.704367
0.705797
0.707225
0.708651
0.710076
0.711499
0.712921
0.714340
0.715758
0.717174
0.718587
0.719999
0.721409
0.722817
0.724223
0.725627
0.727028
0.728428
0.729825
0.731220
0.732613
0.734004
0.735392
0.736779
0.738162
0.739544
0.740923
0.742299
0.743673
0.745045
0.746414
0.747780
0.749144
0.750505
0.751864
0.753220
0.754573
0.755923
0.757271
0.758616
0.759958
0.761297
0.762634
0.763967
0.765297
0.766625
0.767949
0.769271
0.770589
0.771904
0.773216
0.774525
0.775831
0.777133
0.778432
0.779728
0.781021
0.782311
0.783597
0.784879
0.786158
0.787434
0.788706
0.789975
0.791241
0.792502
0.793760
0.795015
0.796266
0.797513
0.798757
0.799997
0.801233
0.802465
0.803694
0.804919
0.806140
0.807357
0.808570
0.809780
0.810985
0.812187
0.813384
0.814578
0.815767
0.816953
0.818134
0.819312
0.820485
0.821654
0.822819
0.823980
0.825137
0.826289
0.827437
0.828581
0.829721
0.830856
0.831987
0.833114
0.834236
0.835354
0.836468
0.837577
0.838682
0.839783
0.840879
0.841970
0.843057
0.844140
0.845218
0.846291
0.847360
0.848425
0.849484
0.850540
0.851590
0.852636
0.853678
0.854714
0.855746
0.856774
0.857797
0.858815
0.859828
0.860837
0.861841
0.862840
0.863834
0.864824
0.865809
0.866789
0.867765
0.868735
0.869701
0.870662
0.871618
0.872570
0.873516
0.874458
0.875395
0.876327
0.877254
0.878177
0.879094
0.880007
0.880914
0.881817
0.882715
0.883608
0.884497
0.885380
0.886259
0.887132
0.888001
0.888865
0.889724
0.890578
0.891427
0.892271
0.893110
0.893945
0.894774
0.895599
0.896418
0.897233
0.898043
0.898848
0.899648
0.900444
0.901234
0.902020
0.902800
0.903576
0.904347
0.905113
0.905874
0.906630
0.907382
0.908129
0.908870
0.909607
0.910339
0.911067
0.911789
0.912507
0.913220
0.913928
0.914631
0.915330
0.916024
0.916713
0.917397
0.918076
0.918751
0.919421
0.920087
0.920747
0.921403
0.922054
0.922701
0.923343
0.923980
0.924613
0.925241
0.925864
0.926483
0.927098
0.927707
0.928312
0.928913
0.929509
0.930100
0.930687
0.931270
0.931848
0.932421
0.932990
0.933555
0.934115
0.934671
0.935222
0.935769
0.936312
0.936850
0.937384
0.937914
0.938439
0.938960
0.939477
0.939990
0.940498
0.941002
0.941502
0.941998
0.942489
0.942977
0.943460
0.943939
0.944414
0.944885
0.945352
0.945815
0.946274
0.946728
0.947179
0.947626
0.948069
0.948508
0.948943
0.949374
0.949801
0.950225
0.950644
0.951060
0.951472
0.951880
0.952285
0.952686
0.953083
0.953476
0.953866
0.954252
0.954634
0.955013
0.955388
0.955759
0.956127
0.956492
0.956853
0.957210
0.957564
0.957915
0.958262
0.958605
0.958946
0.959283
0.959616
0.959946
0.960273
0.960597
0.960917
0.961235
0.961549
0.961859
0.962167
0.962471
0.962772
0.963071
0.963366
0.963658
0.963946
0.964232
0.964515
0.964795
0.965072
0.965346
0.965617
0.965885
0.966150
0.966413
0.966672
