0.000000
0.003395
0.010505
0.012207
0.014007
0.015932
0.018003
0.020248
0.022718
0.025427
0.028457
0.031861
0.035724
0.040161
0.045324
0.051415
0.058725
0.067728
0.079206
0.094507
0.116051
0.148494
0.200108
0.307441
0.497465
0.573936
0.583335
0.588530
0.593821
0.599228
0.604732
0.610319
0.615978
0.621698
0.627472
0.633292
0.639153
0.645047
0.650970
0.657153
0.663024
0.668911
0.674814
0.680729
0.686650
0.692573
0.698494
0.704408
0.710311
0.716199
0.722067
0.727913
0.733733
0.739522
0.745277
0.750996
0.756674
0.762308
0.767895
0.773432
0.778917
0.784347
0.789718
0.795029
0.800276
0.805459
0.810574
0.815620
0.820595
0.825496
0.830323
0.835074
0.839747
0.844342
0.848856
0.853290
0.857641
0.861911
0.866097
0.870199
0.874217
0.878151
0.881999
0.885764
0.889443
0.893037
0.896548
0.899973
0.903315
0.906574
0.909750
0.912843
0.915855
0.918786
0.921637
0.924409
0.927102
0.929719
0.932259
0.934724
0.937116
0.939434
0.941681
0.943858
0.945965
0.948005
0.949978
0.951886
0.953731
0.955513
0.957234
0.958895
0.960499
0.962045
0.963536
0.964973
0.966357
0.967690
0.968974
0.970209
0.971396
0.972538
0.973636
0.974690
0.975703
0.976675
0.977608
0.978503
0.979361
0.980184
0.980972
0.981727
0.982451
0.983143
0.983805
0.984439
0.985045
0.985624
0.986177
0.986706
0.987211
0.987693
0.988153
0.988591
0.989010
0.989409
0.989789
0.990152
0.990497
0.990826
0.991139
0.991436
0.991720
0.991989
0.992245
0.992489
0.992721
0.992941
0.993149
0.993348
0.993536
0.993715
0.993884
0.994045
0.994198
0.994342
0.994479
0.994609
0.994732
0.994849
0.994959
0.995064
0.995163
0.995256
0.995345
0.995429
0.995508
0.995583
0.995653
0.995720
0.995783
0.995843
0.995900
0.995953
0.996003
0.996051
0.996095
0.996138
0.996177
0.996215
0.996250
0.996284
0.996315
0.996345
0.996373
0.996400
0.996424
0.996448
0.996470
0.996491
0.996510
0.996529
0.996546
0.996562
0.996578
0.996592
0.996606
0.996618
0.996630
0.996642
0.996652
0.996662
0.996672
0.996680
0.996689
0.996697
0.996704
0.996711
0.996717
0.996723
0.996729
0.996734
0.996739
0.996744
0.996749
0.996753
0.996757
0.996760
0.996764
0.996767
0.996770
0.996773
0.996776
0.996778
0.996780
0.996783
0.996785
0.996787
0.996788
0.996790
0.996792
0.996793
0.996795
0.996796
0.996797
0.996798
0.996799
0.996801
0.996801
0.996802
0.996803
0.996804
0.996805
0.996805
0.996806
0.996807
0.996807
0.996808
0.996808
0.996809
0.996809
0.996810
0.996810
0.996810
0.996811
0.996811
0.996811
0.996812
0.996812
0.996812
0.996812
0.996813
0.996813
0.996813
0.996813
0.996813
0.996813
0.996814
0.996814
0.996814
0.996814
0.996814
0.996814
0.996814
0.996814
0.996814
0.996815
0.996815
0.996815
0.996815
0.996815
0.996815
0.996815
0.996815
0.996815
0.996815
0.996815
0.996815
0.996815
0.996815
0.996815
0.996815
0.996815
0.996815
0.996815
0.996815
0.996815
0.996815
0.996815
0.996815
0.996815
0.996815
0.996816
0.996816
0.996816
0.996816
0.996816
0.996816
0.996816
0.996816
0.996816
0.996816
0.996816
0.996816
0.996816
0.996816
0.996816
0.996816
0.996816
0.996816
0.996816
0.996816
0.996816
0.996816
0.996816
0.996816
0.996816
0.996816
0.996816
0.996816
0.996816
0.996816
0.996816
0.996816
0.996816
0.996816
0.996816
0.996816
0.996816
0.996816
0.996816
0.996816
0.996816
0.996816
0.996816
0.996816
0.996816
0.996816
0.996816
0.996816
0.996816
0.996816
0.996816
0.996816
0.996816
0.996816
0.996816
0.996816
0.996816
0.996816
0.996816
0.996816
0.996816
0.996816
0.996816
0.996816
0.996816
0.996816
0.996816
0.996816
0.996816
0.996816
0.996816
0.996816
0.996816
0.996816
0.996816
0.996816
0.996816
0.996816
0.996816
0.996816
0.996816
0.996816
0.996816
0.996816
0.996816
0.996816
0.996816
0.996816
0.996816
0.996816
0.996816
0.996816
0.996816
0.996816
0.996816
0.996816
0.996816
0.996816
0.996816
0.996816
0.996816
0.996816
0.996816
0.996816
0.996816
0.996816
0.996816
0.996816
0.996816
0.996816
0.996816
0.996816
0.996816
0.996816
0.996816
0.996816
0.996816
0.996816
0.996816
0.996816
0.996816
0.996816
0.996816
0.996816
0.996816
0.996816
0.996816
0.996816
0.996816
0.996816
0.996816
0.996816
0.996816
0.996816
0.996816
0.996816
0.996816
0.996816
0.996816
0.996816
0.996816
0.996816
0.996816
0.996816
0.996816
0.996816
0.996816
0.996816
0.996816
0.996816
0.996816
0.996816
0.996816
0.996816
0.996816
0.996816
0.996816
0.996816
0.996816
0.996816
0.996816
0.996816
0.996816
0.996816
0.996816
0.996816
0.996816
0.996816
0.996816
0.996816
0.996816
0.996816
0.996816
0.996816
0.996816
0.996816
0.996816
0.996816
0.996816
0.996816
0.996816
0.996816
0.996816
0.996816
0.996816
0.996816
0.996816
0.996816
0.996816
0.996816
0.996816
0.996816
0.996816
0.996816
0.996816
0.996816
0.996816
0.996816
0.996816
0.996816
0.996816
0.996816
0.996816
0.996816
0.996816
0.996816
0.996816
0.996816
0.996816
0.996816
0.996816
0.996816
0.996816
0.996816
0.996816
0.996816
0.996816
0.996816
0.996816
0.996816
0.996816
0.996816
0.996816
0.996816
0.996816
0.996816
0.996816
0.996816
0.996816
0.996816
0.996816
0.996816
0.996816
0.996816
0.996816
0.996816
0.996816
0.996816
0.996816
0.996816
0.996816
0.996816
0.996816
0.996816
0.996816
0.996816
0.996816
0.996816
0.996816
0.996816
0.996816
0.996816
0.996816
0.996816
0.996816
0.996816
0.996816
0.996816
0.996816
0.996816
0.996816
0.996816
0.996816
0.996816
0.996816
0.996816
0.996816
0.996816
0.996816
0.996816
0.996816
0.996816
0.996816
0.996816
0.996816
0.996816
0.996816
0.996816
0.996816
0.996816
0.996816
0.996816
0.996816
0.996816
0.996816
0.996816
0.996816
0.996816
