0.000000
0.047236
0.100259
0.163912
0.244643
0.303579
0.237743
0.196595
0.205108
0.214881
0.224189
0.233139
0.241869
0.250544
0.259395
0.269108
0.279013
0.283203
0.285993
0.288790
0.291608
0.294450
0.297313
0.300200
0.303109
0.306042
0.308998
0.311977
0.314981
0.318009
0.321061
0.324137
0.327239
0.330365
0.333517
0.336694
0.339897
0.343125
0.346378
0.349722
0.352829
0.355985
0.359170
0.362385
0.365628
0.368900
0.372201
0.375530
0.378887
0.382272
0.385685
0.389125
0.392593
0.396089
0.399611
0.403160
0.406736
0.410338
0.413966
0.417620
0.421299
0.425003
0.428731
0.432484
0.436261
0.440061
0.443883
0.447729
0.451596
0.455485
0.459394
0.463324
0.467274
0.471243
0.475231
0.479236
0.483260
0.487300
0.491356
0.495427
0.499514
0.503614
0.507728
0.511855
0.515994
0.520144
0.524304
0.528474
0.532653
0.536840
0.541035
0.545236
0.549443
0.553655
0.557871
0.562090
0.566312
0.570536
0.574761
0.578985
0.583209
0.587432
0.591652
0.595868
0.600081
0.604288
0.608490
0.612685
0.616873
0.621053
0.625223
0.629384
0.633534
0.637672
0.641799
0.645912
0.650011
0.654096
0.658165
0.662219
0.666255
0.670274
0.674274
0.678256
0.682217
0.686159
0.690079
0.693977
0.697853
0.701706
0.705536
0.709341
0.713121
0.716875
0.720604
0.724306
0.727981
0.731628
0.735247
0.738838
0.742399
0.745931
0.749432
0.752904
0.756344
0.759753
0.763131
0.766476
0.769790
0.773070
0.776318
0.779532
0.782713
0.785860
0.788973
0.792052
0.795097
0.798106
0.801081
0.804021
0.806926
0.809796
0.812630
0.815429
0.818192
0.820920
0.823612
0.826268
0.828889
0.831474
0.834023
0.836537
0.839015
0.841457
0.843864
0.846235
0.848572
0.850872
0.853138
0.855369
0.857564
0.859725
0.861852
0.863944
0.866002
0.868025
0.870015
0.871972
0.873895
0.875785
0.877641
0.879466
0.881257
0.883017
0.884744
0.886440
0.888105
0.889739
0.891342
0.892914
0.894456
0.895968
0.897451
0.898905
0.900330
0.901726
0.903094
0.904434
0.905746
0.907031
0.908290
0.909522
0.910727
0.911907
0.913061
0.914191
0.915295
0.916375
0.917431
0.918464
0.919473
0.920459
0.921422
0.922364
0.923283
0.924181
0.925057
0.925913
0.926748
0.927563
0.928359
0.929135
0.929891
0.930629
0.931349
0.932051
0.932735
0.933401
0.934051
0.934684
0.935300
0.935900
0.936485
0.937054
0.937608
0.938147
0.938672
0.939182
0.939679
0.940162
0.940632
0.941089
0.941533
0.941964
0.942384
0.942791
0.943187
0.943572
0.943945
0.944308
0.944660
0.945002
0.945334
0.945656
0.945968
0.946271
0.946565
0.946850
0.947126
0.947394
0.947654
0.947905
0.948149
0.948385
0.948614
0.948836
0.949050
0.949258
0.949459
0.949654
0.949842
0.950025
0.950201
0.950372
0.950536
0.950696
0.950850
0.950999
0.951143
0.951282
0.951417
0.951547
0.951672
0.951793
0.951910
0.952023
0.952132
0.952237
0.952339
0.952437
0.952531
0.952622
0.952710
0.952795
0.952877
0.952955
0.953031
0.953104
0.953175
0.953242
0.953308
0.953371
0.953431
0.953489
0.953545
0.953599
0.953651
0.953701
0.953749
0.953795
0.953840
0.953883
0.953924
0.953963
0.954001
0.954037
0.954072
0.954106
0.954138
0.954169
0.954199
0.954227
0.954255
0.954281
0.954306
0.954330
0.954354
0.954376
0.954397
0.954418
0.954437
0.954456
0.954474
0.954491
0.954508
0.954523
0.954539
0.954553
0.954567
0.954580
0.954593
0.954605
0.954617
0.954628
0.954638
0.954648
0.954658
0.954667
0.954676
0.954685
0.954693
0.954701
0.954708
0.954715
0.954722
0.954728
0.954734
0.954740
0.954746
0.954751
0.954756
0.954761
0.954766
0.954770
0.954774
0.954778
0.954782
0.954786
0.954789
0.954793
0.954796
0.954799
0.954801
0.954804
0.954807
0.954809
0.954812
0.954814
0.954816
0.954818
0.954820
0.954822
0.954823
0.954825
0.954827
0.954828
0.954829
0.954831
0.954832
0.954833
0.954834
0.954835
0.954836
0.954837
0.954838
0.954839
0.954840
0.954841
0.954842
0.954842
0.954843
0.954844
0.954844
0.954845
0.954845
0.954846
0.954846
0.954847
0.954847
0.954848
0.954848
0.954848
0.954849
0.954849
0.954849
0.954850
0.954850
0.954850
0.954850
0.954851
0.954851
0.954851
0.954851
0.954851
0.954852
0.954852
0.954852
0.954852
0.954852
0.954852
0.954852
0.954853
0.954853
0.954853
0.954853
0.954853
0.954853
0.954853
0.954853
0.954853
0.954853
0.954853
0.954854
0.954854
0.954854
0.954854
0.954854
0.954854
0.954854
0.954854
0.954854
0.954854
0.954854
0.954854
0.954854
0.954854
0.954854
0.954854
0.954854
0.954854
0.954854
0.954854
0.954854
0.954854
0.954854
0.954854
0.954854
0.954854
0.954854
0.954854
0.954854
0.954854
0.954854
0.954854
0.954854
0.954854
0.954854
0.954854
0.954854
0.954854
0.954854
0.954854
0.954854
0.954854
0.954854
0.954854
0.954854
0.954854
0.954854
0.954854
0.954854
0.954854
0.954854
0.954854
0.954854
0.954854
0.954854
0.954854
0.954854
0.954854
0.954854
0.954854
0.954854
0.954854
0.954854
0.954854
0.954854
0.954854
0.954854
0.954854
0.954854
0.954854
0.954854
0.954854
0.954854
0.954854
0.954854
0.954854
0.954854
0.954854
0.954854
0.954854
0.954854
0.954854
0.954854
0.954854
0.954854
0.954854
0.954854
0.954854
0.954854
0.954854
0.954854
0.954854
0.954854
0.954854
0.954854
0.954854
0.954854
0.954854
0.954854
0.954854
0.954854
0.954854
0.954854
0.954854
0.954854
0.954854
0.954854
0.954854
0.954854
0.954854
0.954854
0.954854
0.954854
0.954854
0.954854
0.954854
0.954854
0.954854
0.954854
0.954854
0.954854
0.954854
0.954854
0.954854
0.954854
0.954854
0.954854
0.954854
0.954854
0.954854
0.954854
0.954854
0.954854
0.954854
0.954854
0.954854
0.954854
0.954854
0.954854
0.954854
0.954854
0.954854
0.954854
0.954854
0.954854
0.954854
0.954854
0.954854
