0.000000
0.693857
0.717488
0.733047
0.744399
0.753211
0.760354
0.766305
0.771365
0.775746
0.779585
0.782983
0.786021
0.788763
0.791255
0.793522
0.795616
0.797562
0.799383
0.801101
0.802742
0.804332
0.805900
0.807623
0.810408
0.813491
0.814678
0.814839
0.814848
0.814848
0.814848
0.814848
0.814848
0.814848
0.814848
0.814848
0.814848
0.814848
0.814848
0.814848
0.814848
0.814848
0.814848
0.814848
0.814848
0.814848
0.814848
0.814848
0.814848
0.814848
0.814848
0.814848
0.814848
0.814848
0.814848
0.814848
0.814848
0.814848
0.814848
0.814848
0.814848
0.814848
0.814848
0.814848
0.814848
0.814848
0.814848
0.814848
0.814848
0.814848
0.814848
0.814848
0.814848
0.814848
0.814848
0.814848
0.814848
0.814848
0.814848
0.814848
0.814848
0.814848
0.814848
0.814848
0.814848
0.814848
0.814848
0.814848
0.814848
0.814848
0.814848
0.814848
0.814848
0.814848
0.814848
0.814848
0.814848
0.814848
0.814848
0.814848
0.814848
0.814848
0.814848
0.814848
0.814848
0.814848
0.814848
0.814848
0.814848
0.814848
0.814848
0.814848
0.814848
0.814848
0.814848
0.814848
0.814848
0.814848
0.814848
0.814848
0.814848
0.814848
0.814848
0.814848
0.814848
0.814848
0.814848
0.814848
0.814848
0.814848
0.814848
0.814848
0.814848
0.814848
0.814848
0.814848
0.814848
0.814848
0.814848
0.814848
0.814848
0.814848
0.814848
0.814848
0.814848
0.814848
0.814848
0.814848
0.814848
0.814848
0.814848
0.814848
0.814848
0.814848
0.814848
0.814848
0.814848
0.814848
0.814848
0.814848
0.814848
0.814848
0.814848
0.814848
0.814848
0.814848
0.814848
0.814848
0.814848
0.814848
0.814848
0.814848
0.814848
0.814848
0.814848
0.814848
0.814848
0.814848
0.814848
0.814848
0.814848
0.814848
0.814848
0.814848
0.814848
0.814848
0.814848
0.814848
0.814848
0.814848
0.814848
0.814848
0.814848
0.814848
0.814848
0.814848
0.814848
0.814848
0.814848
0.814848
0.814848
0.814848
0.814848
0.814848
0.814848
0.814848
0.814848
0.814848
0.814848
0.814848
0.814848
0.814848
0.814848
0.814848
0.814848
0.814848
0.814848
0.814848
0.814848
0.814848
0.814848
0.814848
0.814848
0.814848
0.814848
0.814848
0.814848
0.814848
0.814848
0.814848
0.814848
0.814848
0.814848
0.814848
0.814848
0.814848
0.814848
0.814848
0.814848
0.814848
0.814848
0.814848
0.814848
0.814848
0.814848
0.814848
0.814848
0.814848
0.814848
0.814848
0.814848
0.814848
0.814848
0.814848
0.814848
0.814848
0.814848
0.814848
0.814848
0.814848
0.814848
0.814848
0.814848
0.814848
0.814848
0.814848
0.814848
0.814848
0.814848
0.814848
0.814848
0.814848
0.814848
0.814848
0.814848
0.814848
0.814848
0.814848
0.814848
0.814848
0.814848
0.814848
0.814848
0.814848
0.814848
0.814848
0.814848
0.814848
0.814848
0.814848
0.814848
0.814848
0.814848
0.814848
0.814848
0.814848
0.814848
0.814848
0.814848
0.814848
0.814848
0.814848
0.814848
0.814848
0.814848
0.814848
0.814848
0.814848
0.814848
0.814848
0.814848
0.814848
0.814848
0.814848
0.814848
0.814848
0.814848
0.814848
0.814848
0.814848
0.814848
0.814848
0.814848
0.814848
0.814848
0.814848
0.814848
0.814848
0.814848
0.814848
0.814848
0.814848
0.814848
0.814848
0.814848
0.814848
0.814848
0.814848
0.814848
0.814848
0.814848
0.814848
0.814848
0.814848
0.814848
0.814848
0.814848
0.814848
0.814848
0.814848
0.814848
0.814848
0.814848
0.814848
0.814848
0.814848
0.814848
0.814848
0.814848
0.814848
0.814848
0.814848
0.814848
0.814848
0.814848
0.814848
0.814848
0.814848
0.814848
0.814848
0.814848
0.814848
0.814848
0.814848
0.814848
0.814848
0.814848
0.814848
0.814848
0.814848
0.814848
0.814848
0.814848
0.814848
0.814848
0.814848
0.814848
0.814848
0.814848
0.814848
0.814848
0.814848
0.814848
0.814848
0.814848
0.814848
0.814848
0.814848
0.814848
0.814848
0.814848
0.814848
0.814848
0.814848
0.814848
0.814848
0.814848
0.814848
0.814848
0.814848
0.814848
0.814848
0.814848
0.814848
0.814848
0.814848
0.814848
0.814848
0.814848
0.814848
0.814848
0.814848
0.814848
0.814848
0.814848
0.814848
0.814848
0.814848
0.814848
0.814848
0.814848
0.814848
0.814848
0.814848
0.814848
0.814848
0.814848
0.814848
0.814848
0.814848
0.814848
0.814848
0.814848
0.814848
0.814848
0.814848
0.814848
0.814848
0.814848
0.814848
0.814848
0.814848
0.814848
0.814848
0.814848
0.814848
0.814848
0.814848
0.814848
0.814848
0.814848
0.814848
0.814848
0.814848
0.814848
0.814848
0.814848
0.814848
0.814848
0.814848
0.814848
0.814848
0.814848
0.814848
0.814848
0.814848
0.814848
0.814848
0.814848
0.814848
0.814848
0.814848
0.814848
0.814848
0.814848
0.814848
0.814848
0.814848
0.814848
0.814848
0.814848
0.814848
0.814848
0.814848
0.814848
0.814848
0.814848
0.814848
0.814848
0.814848
0.814848
0.814848
0.814848
0.814848
0.814848
0.814848
0.814848
0.814848
0.814848
0.814848
0.814848
0.814848
0.814848
0.814848
0.814848
0.814848
0.814848
0.814848
0.814848
0.814848
0.814848
0.814848
0.814848
0.814848
0.814848
0.814848
0.814848
0.814848
0.814848
0.814848
0.814848
0.814848
0.814848
0.814848
0.814848
0.814848
0.814848
0.814848
0.814848
0.814848
0.814848
0.814848
0.814848
0.814848
0.814848
0.814848
0.814848
0.814848
0.814848
0.814848
0.814848
0.814848
0.814848
0.814848
0.814848
0.814848
0.814848
0.814848
0.814848
0.814848
0.814848
0.814848
0.814848
0.814848
0.814848
0.814848
0.814848
0.814848
0.814848
0.814848
0.814848
0.814848
0.814848
0.814848
0.814848
0.814848
0.814848
0.814848
0.814848
0.814848
0.814848
0.814848
0.814848
0.814848
0.814848
0.814848
0.814848
0.814848
0.814848
0.814848
0.814848
0.814848
0.814848
0.814848
0.814848
0.814848
0.814848
0.814848
0.814848
0.814848
