0.000000
0.313265
0.220935
0.262439
0.299477
0.330788
0.357909
0.381791
0.403122
0.422411
0.440027
0.456241
0.471276
0.485320
0.498525
0.510986
0.522801
0.534103
0.545017
0.555653
0.567084
0.587138
0.602304
0.606825
0.610222
0.613513
0.616709
0.619812
0.622822
0.625739
0.628564
0.631297
0.633939
0.636492
0.638955
0.641330
0.643617
0.645818
0.647934
0.650046
0.651986
0.653846
0.655628
0.657333
0.658963
0.660519
0.662004
0.663419
0.664765
0.666046
0.667263
0.668418
0.669512
0.670549
0.671530
0.672457
0.673333
0.674159
0.674938
0.675671
0.676360
0.677008
0.677617
0.678187
0.678722
0.679223
0.679691
0.680128
0.680537
0.680917
0.681272
0.681603
0.681910
0.682196
0.682461
0.682707
0.682934
0.683145
0.683341
0.683521
0.683688
0.683841
0.683983
0.684113
0.684233
0.684344
0.684445
0.684538
0.684623
0.684702
0.684773
0.684839
0.684898
0.684953
0.685003
0.685048
0.685090
0.685127
0.685162
0.685193
0.685221
0.685247
0.685270
0.685291
0.685310
0.685327
0.685343
0.685357
0.685369
0.685381
0.685391
0.685400
0.685409
0.685416
0.685423
0.685429
0.685434
0.685439
0.685443
0.685447
0.685451
0.685454
0.685456
0.685459
0.685461
0.685463
0.685465
0.685466
0.685468
0.685469
0.685470
0.685471
0.685472
0.685473
0.685473
0.685474
0.685474
0.685475
0.685475
0.685475
0.685476
0.685476
0.685476
0.685477
0.685477
0.685477
0.685477
0.685477
0.685477
0.685477
0.685477
0.685478
0.685478
0.685478
0.685478
0.685478
0.685478
0.685478
0.685478
0.685478
0.685478
0.685478
0.685478
0.685478
0.685478
0.685478
0.685478
0.685478
0.685478
0.685478
0.685478
0.685478
0.685478
0.685478
0.685478
0.685478
0.685478
0.685478
0.685478
0.685478
0.685478
0.685478
0.685478
0.685478
0.685478
0.685478
0.685478
0.685478
0.685478
0.685478
0.685478
0.685478
0.685478
0.685478
0.685478
0.685478
0.685478
0.685478
0.685478
0.685478
0.685478
0.685478
0.685478
0.685478
0.685478
0.685478
0.685478
0.685478
0.685478
0.685478
0.685478
0.685478
0.685478
0.685478
0.685478
0.685478
0.685478
0.685478
0.685478
0.685478
0.685478
0.685478
0.685478
0.685478
0.685478
0.685478
0.685478
0.685478
0.685478
0.685478
0.685478
0.685478
0.685478
0.685478
0.685478
0.685478
0.685478
0.685478
0.685478
0.685478
0.685478
0.685478
0.685478
0.685478
0.685478
0.685478
0.685478
0.685478
0.685478
0.685478
0.685478
0.685478
0.685478
0.685478
0.685478
0.685478
0.685478
0.685478
0.685478
0.685478
0.685478
0.685478
0.685478
0.685478
0.685478
0.685478
0.685478
0.685478
0.685478
0.685478
0.685478
0.685478
0.685478
0.685478
0.685478
0.685478
0.685478
0.685478
0.685478
0.685478
0.685478
0.685478
0.685478
0.685478
0.685478
0.685478
0.685478
0.685478
0.685478
0.685478
0.685478
0.685478
0.685478
0.685478
0.685478
0.685478
0.685478
0.685478
0.685478
0.685478
0.685478
0.685478
0.685478
0.685478
0.685478
0.685478
0.685478
0.685478
0.685478
0.685478
0.685478
0.685478
0.685478
0.685478
0.685478
0.685478
0.685478
0.685478
0.685478
0.685478
0.685478
0.685478
0.685478
0.685478
0.685478
0.685478
0.685478
0.685478
0.685478
0.685478
0.685478
0.685478
0.685478
0.685478
0.685478
0.685478
0.685478
0.685478
0.685478
0.685478
0.685478
0.685478
0.685478
0.685478
0.685478
0.685478
0.685478
0.685478
0.685478
0.685478
0.685478
0.685478
0.685478
0.685478
0.685478
0.685478
0.685478
0.685478
0.685478
0.685478
0.685478
0.685478
0.685478
0.685478
0.685478
0.685478
0.685478
0.685478
0.685478
0.685478
0.685478
0.685478
0.685478
0.685478
0.685478
0.685478
0.685478
0.685478
0.685478
0.685478
0.685478
0.685478
0.685478
0.685478
0.685478
0.685478
0.685478
0.685478
0.685478
0.685478
0.685478
0.685478
0.685478
0.685478
0.685478
0.685478
0.685478
0.685478
0.685478
0.685478
0.685478
0.685478
0.685478
0.685478
0.685478
0.685478
0.685478
0.685478
0.685478
0.685478
0.685478
0.685478
0.685478
0.685478
0.685478
0.685478
0.685478
0.685478
0.685478
0.685478
0.685478
0.685478
0.685478
0.685478
0.685478
0.685478
0.685478
0.685478
0.685478
0.685478
0.685478
0.685478
0.685478
0.685478
0.685478
0.685478
0.685478
0.685478
0.685478
0.685478
0.685478
0.685478
0.685478
0.685478
0.685478
0.685478
0.685478
0.685478
0.685478
0.685478
0.685478
0.685478
0.685478
0.685478
0.685478
0.685478
0.685478
0.685478
0.685478
0.685478
0.685478
0.685478
0.685478
0.685478
0.685478
0.685478
0.685478
0.685478
0.685478
0.685478
0.685478
0.685478
0.685478
0.685478
0.685478
0.685478
0.685478
0.685478
0.685478
0.685478
0.685478
0.685478
0.685478
0.685478
0.685478
0.685478
0.685478
0.685478
0.685478
0.685478
0.685478
0.685478
0.685478
0.685478
0.685478
0.685478
0.685478
0.685478
0.685478
0.685478
0.685478
0.685478
0.685478
0.685478
0.685478
0.685478
0.685478
0.685478
0.685478
0.685478
0.685478
0.685478
0.685478
0.685478
0.685478
0.685478
0.685478
0.685478
0.685478
0.685478
0.685478
0.685478
0.685478
0.685478
0.685478
0.685478
0.685478
0.685478
0.685478
0.685478
0.685478
0.685478
0.685478
0.685478
0.685478
0.685478
0.685478
0.685478
0.685478
0.685478
0.685478
0.685478
0.685478
0.685478
0.685478
0.685478
0.685478
0.685478
0.685478
0.685478
0.685478
0.685478
0.685478
0.685478
0.685478
0.685478
0.685478
0.685478
0.685478
0.685478
0.685478
0.685478
0.685478
0.685478
0.685478
0.685478
0.685478
0.685478
0.685478
0.685478
0.685478
0.685478
0.685478
0.685478
0.685478
0.685478
0.685478
0.685478
0.685478
0.685478
0.685478
0.685478
0.685478
0.685478
0.685478
0.685478
0.685478
0.685478
0.685478
0.685478
0.685478
0.685478
0.685478
0.685478
0.685478
0.685478
0.685478
0.685478
0.685478
0.685478
