0.000000
0.047246
0.100275
0.163926
0.244127
0.298648
0.232816
0.194714
0.203334
0.213073
0.222343
0.231254
0.239942
0.248572
0.257377
0.267043
0.276891
0.281019
0.283755
0.286496
0.289257
0.292039
0.294842
0.297667
0.300513
0.303381
0.306270
0.309182
0.312117
0.315074
0.318054
0.321057
0.324084
0.327134
0.330208
0.333307
0.336429
0.339576
0.342747
0.346003
0.349025
0.352094
0.355192
0.358318
0.361471
0.364652
0.367860
0.371095
0.374358
0.377647
0.380964
0.384307
0.387677
0.391073
0.394496
0.397944
0.401419
0.404919
0.408445
0.411996
0.415571
0.419171
0.422796
0.426444
0.430116
0.433811
0.437529
0.441270
0.445032
0.448816
0.452621
0.456446
0.460292
0.464157
0.468041
0.471944
0.475865
0.479803
0.483757
0.487728
0.491715
0.495717
0.499733
0.503762
0.507805
0.511859
0.515926
0.520003
0.524091
0.528188
0.532294
0.536408
0.540529
0.544657
0.548791
0.552929
0.557072
0.561219
0.565368
0.569519
0.573671
0.577823
0.581976
0.586127
0.590276
0.594422
0.598564
0.602702
0.606836
0.610963
0.615083
0.619196
0.623300
0.627396
0.631481
0.635556
0.639620
0.643671
0.647710
0.651735
0.655746
0.659742
0.663722
0.667685
0.671631
0.675560
0.679470
0.683360
0.687231
0.691081
0.694911
0.698718
0.702503
0.706265
0.710004
0.713719
0.717409
0.721073
0.724712
0.728325
0.731911
0.735470
0.739002
0.742505
0.745979
0.749425
0.752841
0.756227
0.759584
0.762909
0.766204
0.769468
0.772700
0.775900
0.779069
0.782205
0.785308
0.788379
0.791416
0.794420
0.797391
0.800328
0.803231
0.806101
0.808936
0.811737
0.814504
0.817237
0.819935
0.822599
0.825228
0.827822
0.830382
0.832908
0.835399
0.837855
0.840277
0.842665
0.845018
0.847337
0.849622
0.851873
0.854089
0.856272
0.858421
0.860537
0.862619
0.864668
0.866683
0.868666
0.870616
0.872534
0.874419
0.876272
0.878094
0.879883
0.881642
0.883369
0.885065
0.886731
0.888366
0.889971
0.891547
0.893093
0.894610
0.896097
0.897557
0.898987
0.900390
0.901765
0.903113
0.904434
0.905728
0.906995
0.908237
0.909453
0.910643
0.911808
0.912948
0.914065
0.915156
0.916225
0.917269
0.918291
0.919290
0.920267
0.921221
0.922154
0.923066
0.923956
0.924826
0.925676
0.926505
0.927315
0.928106
0.928877
0.929630
0.930365
0.931081
0.931780
0.932462
0.933126
0.933774
0.934405
0.935020
0.935620
0.936204
0.936773
0.937327
0.937867
0.938392
0.938903
0.939401
0.939885
0.940356
0.940814
0.941260
0.941693
0.942115
0.942525
0.942923
0.943310
0.943686
0.944051
0.944406
0.944751
0.945086
0.945411
0.945726
0.946032
0.946329
0.946618
0.946897
0.947169
0.947432
0.947687
0.947934
0.948174
0.948406
0.948631
0.948849
0.949061
0.949265
0.949464
0.949656
0.949841
0.950021
0.950195
0.950364
0.950527
0.950684
0.950837
0.950984
0.951127
0.951264
0.951397
0.951526
0.951651
0.951771
0.951887
0.951999
0.952107
0.952212
0.952312
0.952410
0.952504
0.952594
0.952682
0.952766
0.952848
0.952926
0.953002
0.953075
0.953145
0.953213
0.953278
0.953341
0.953401
0.953460
0.953516
0.953570
0.953622
0.953672
0.953720
0.953766
0.953811
0.953854
0.953895
0.953935
0.953973
0.954009
0.954045
0.954079
0.954111
0.954142
0.954172
0.954201
0.954229
0.954255
0.954281
0.954305
0.954329
0.954351
0.954373
0.954394
0.954413
0.954432
0.954451
0.954468
0.954485
0.954501
0.954516
0.954531
0.954545
0.954559
0.954572
0.954584
0.954596
0.954607
0.954618
0.954629
0.954638
0.954648
0.954657
0.954666
0.954674
0.954682
0.954690
0.954697
0.954704
0.954710
0.954717
0.954723
0.954728
0.954734
0.954739
0.954744
0.954749
0.954753
0.954758
0.954762
0.954766
0.954770
0.954773
0.954777
0.954780
0.954783
0.954786
0.954789
0.954791
0.954794
0.954796
0.954799
0.954801
0.954803
0.954805
0.954807
0.954809
0.954810
0.954812
0.954813
0.954815
0.954816
0.954818
0.954819
0.954820
0.954821
0.954822
0.954823
0.954824
0.954825
0.954826
0.954827
0.954828
0.954828
0.954829
0.954830
0.954831
0.954831
0.954832
0.954832
0.954833
0.954833
0.954834
0.954834
0.954835
0.954835
0.954835
0.954836
0.954836
0.954836
0.954837
0.954837
0.954837
0.954837
0.954838
0.954838
0.954838
0.954838
0.954838
0.954839
0.954839
0.954839
0.954839
0.954839
0.954839
0.954839
0.954840
0.954840
0.954840
0.954840
0.954840
0.954840
0.954840
0.954840
0.954840
0.954840
0.954840
0.954840
0.954841
0.954841
0.954841
0.954841
0.954841
0.954841
0.954841
0.954841
0.954841
0.954841
0.954841
0.954841
0.954841
0.954841
0.954841
0.954841
0.954841
0.954841
0.954841
0.954841
0.954841
0.954841
0.954841
0.954841
0.954841
0.954841
0.954841
0.954841
0.954841
0.954841
0.954841
0.954841
0.954841
0.954841
0.954841
0.954841
0.954841
0.954841
0.954841
0.954841
0.954841
0.954841
0.954841
0.954841
0.954841
0.954841
0.954841
0.954841
0.954841
0.954841
0.954841
0.954841
0.954841
0.954841
0.954841
0.954841
0.954841
0.954841
0.954841
0.954841
0.954841
0.954841
0.954841
0.954841
0.954841
0.954841
0.954841
0.954841
0.954841
0.954841
0.954841
0.954841
0.954841
0.954841
0.954841
0.954841
0.954841
0.954841
0.954841
0.954841
0.954841
0.954841
0.954841
0.954841
0.954841
0.954841
0.954841
0.954841
0.954841
0.954841
0.954841
0.954841
0.954841
0.954841
0.954841
0.954841
0.954841
0.954841
0.954841
0.954841
0.954841
0.954841
0.954841
0.954841
0.954841
0.954841
0.954841
0.954841
0.954841
0.954841
0.954841
0.954841
0.954841
0.954841
0.954841
0.954841
0.954841
0.954841
0.954841
0.954841
0.954841
0.954841
0.954841
0.954841
0.954841
0.954841
0.954841
0.954841
0.954841
0.954841
0.954841
0.954841
0.954841
0.954841
0.954841
0.954841
0.954841
0.954841
0.954841
0.954841
0.954841
