0.000000
0.004054
0.008135
0.012448
0.016932
0.025552
0.029971
0.033906
0.038383
0.043532
0.049537
0.056678
0.065641
0.078700
0.101728
0.142597
0.198768
0.246192
0.265206
0.269985
0.272874
0.274976
0.277023
0.279067
0.281108
0.283146
0.285182
0.287215
0.289247
0.291276
0.293304
0.295331
0.297357
0.299381
0.301405
0.303429
0.305452
0.307475
0.309497
0.311571
0.313434
0.315290
0.317146
0.319005
0.320865
0.322727
0.324591
0.326458
0.328327
0.330198
0.332071
0.333948
0.335827
0.337709
0.339594
0.341482
0.343373
0.345268
0.347166
0.349068
0.350973
0.352882
0.354794
0.356711
0.358632
0.360556
0.362485
0.364419
0.366356
0.368299
0.370245
0.372197
0.374153
0.376114
0.378080
0.380051
0.382027
0.384008
0.385994
0.387986
0.389983
0.391985
0.393993
0.396006
0.398025
0.400050
0.402080
0.404116
0.406158
0.408205
0.410259
0.412318
0.414384
0.416455
0.418533
0.420616
0.422706
0.424802
0.426903
0.429011
0.431125
0.433246
0.435372
0.437505
0.439644
0.441789
0.443940
0.446097
0.448261
0.450431
0.452607
0.454789
0.456977
0.459171
0.461371
0.463578
0.465790
0.468008
0.470232
0.472462
0.474698
0.476940
0.479187
0.481440
0.483699
0.485964
0.488233
0.490509
0.492789
0.495075
0.497367
0.499663
0.501965
0.504271
0.506583
0.508899
0.511220
0.513546
0.515876
0.518211
0.520551
0.522894
0.525242
0.527594
0.529950
0.532310
0.534673
0.537040
0.539411
0.541785
0.544163
0.546543
0.548927
0.551314
0.553704
0.556096
0.558491
0.560888
0.563288
0.565690
0.568094
0.570500
0.572908
0.575317
0.577728
0.580140
0.582554
0.584968
0.587384
0.589801
0.592218
0.594635
0.597053
0.599472
0.601890
0.604309
0.606727
0.609145
0.611562
0.613979
0.616395
0.618810
0.621224
0.623636
0.626048
0.628457
0.630866
0.633272
0.635676
0.638078
0.640478
0.642876
0.645271
0.647663
0.650052
0.652439
0.654822
0.657202
0.659578
0.661951
0.664320
0.666686
0.669047
0.671404
0.673757
0.676105
0.678449
0.680787
0.683122
0.685451
0.687775
0.690093
0.692407
0.694714
0.697016
0.699313
0.701603
0.703887
0.706165
0.708437
0.710702
0.712961
0.715213
0.717458
0.719697
0.721928
0.724152
0.726369
0.728578
0.730780
0.732974
0.735161
0.737340
0.739511
0.741674
0.743828
0.745975
0.748113
0.750242
0.752363
0.754476
0.756580
0.758675
0.760761
0.762838
0.764906
0.766965
0.769014
0.771054
0.773085
0.775106
0.777118
0.779120
0.781113
0.783096
0.785068
0.787031
0.788984
0.790927
0.792860
0.794783
0.796695
0.798597
0.800489
0.802370
0.804241
0.806102
0.807952
0.809791
0.811620
0.813438
0.815245
0.817042
0.818827
0.820602
0.822366
0.824120
0.825862
0.827593
0.829313
0.831023
0.832721
0.834408
0.836084
0.837749
0.839403
0.841046
0.842678
0.844298
0.845908
0.847506
0.849093
0.850668
0.852233
0.853786
0.855328
0.856859
0.858379
0.859887
0.861384
0.862870
0.864345
0.865808
0.867261
0.868702
0.870132
0.871551
0.872958
0.874355
0.875740
0.877114
0.878478
0.879830
0.881171
0.882501
0.883820
0.885128
0.886425
0.887711
0.888986
0.890251
0.891504
0.892747
0.893979
0.895200
0.896410
0.897610
0.898799
0.899977
0.901145
0.902302
0.903449
0.904585
0.905711
0.906826
0.907931
0.909026
0.910110
0.911184
0.912248
0.913302
0.914346
0.915379
0.916403
0.917417
0.918421
0.919415
0.920399
0.921373
0.922338
0.923293
0.924238
0.925174
0.926100
0.927017
0.927924
0.928822
0.929711
0.930590
0.931461
0.932322
0.933174
0.934017
0.934851
0.935676
0.936492
0.937300
0.938099
0.938889
0.939670
0.940443
0.941207
0.941963
0.942711
0.943450
0.944181
0.944904
0.945618
0.946325
0.947023
0.947713
0.948396
0.949070
0.949737
0.950396
0.951048
0.951691
0.952327
0.952956
0.953577
0.954191
0.954798
0.955397
0.955989
0.956574
0.957152
0.957723
0.958287
0.958843
0.959394
0.959937
0.960473
0.961003
0.961527
0.962043
0.962554
0.963058
0.963555
0.964046
0.964531
0.965010
0.965483
0.965949
0.966410
0.966864
0.967313
0.967755
0.968192
0.968624
0.969049
0.969469
0.969884
0.970292
0.970696
0.971094
0.971486
0.971874
0.972256
0.972633
0.973005
0.973372
0.973733
0.974090
0.974442
0.974789
0.975131
0.975468
0.975801
0.976129
0.976453
0.976772
0.977086
0.977396
0.977702
0.978003
0.978300
0.978592
0.978881
0.979165
0.979445
0.979721
0.979993
0.980262
0.980526
0.980786
0.981043
0.981295
0.981544
0.981790
0.982031
0.982269
0.982504
0.982735
0.982962
0.983186
0.983407
0.983624
0.983838
0.984049
0.984257
0.984461
0.984662
0.984860
0.985055
0.985247
0.985436
0.985622
0.985806
0.985986
0.986163
0.986338
0.986510
0.986679
0.986846
0.987010
0.987171
0.987330
0.987486
0.987639
0.987790
0.987939
0.988085
0.988229
0.988371
0.988510
0.988647
0.988782
0.988914
0.989045
0.989173
0.989299
0.989423
0.989545
0.989665
0.989782
0.989898
0.990012
0.990124
0.990234
0.990343
0.990449
0.990554
0.990656
0.990757
0.990857
0.990954
0.991050
0.991145
0.991237
0.991328
0.991418
0.991506
0.991592
0.991677
0.991760
0.991842
0.991922
0.992001
0.992079
0.992155
0.992230
0.992304
0.992376
0.992447
0.992517
0.992585
0.992652
0.992718
0.992783
0.992847
0.992909
0.992970
0.993030
0.993090
0.993148
0.993204
0.993260
0.993315
0.993369
0.993422
0.993474
0.993525
0.993574
0.993623
0.993672
0.993719
0.993765
0.993810
0.993855
0.993899
0.993941
0.993984
0.994025
0.994065
0.994105
0.994144
0.994182
0.994219
0.994256
0.994292
0.994327
0.994362
0.994396
0.994429
0.994462
0.994494
0.994525
0.994556
0.994586
0.994616
0.994645
0.994673
0.994701
0.994728
0.994755
0.994781
0.994807
0.994832
0.994856
0.994881
0.994904
0.994927
0.994950
0.994972
0.994994
0.995015
0.995036
0.995057
0.995077
0.995096
