0.000000
0.017426
0.036909
0.066779
0.112358
0.162193
0.202015
0.228072
0.244760
0.257326
0.260759
0.262804
0.264755
0.266719
0.268699
0.270680
0.272656
0.274625
0.276588
0.278545
0.280496
0.282440
0.284379
0.286311
0.288238
0.290159
0.292074
0.293983
0.295886
0.297784
0.299676
0.301563
0.303444
0.305319
0.307190
0.309055
0.310914
0.312769
0.314618
0.316515
0.318215
0.319901
0.321580
0.323255
0.324926
0.326592
0.328254
0.329912
0.331565
0.333215
0.334860
0.336501
0.338137
0.339770
0.341398
0.343022
0.344643
0.346258
0.347870
0.349478
0.351082
0.352681
0.354277
0.355868
0.357456
0.359039
0.360618
0.362194
0.363765
0.365332
0.366896
0.368455
0.370010
0.371562
0.373109
0.374653
0.376192
0.377728
0.379260
0.380788
0.382312
0.383832
0.385348
0.386861
0.388369
0.389874
0.391375
0.392872
0.394365
0.395855
0.397341
0.398823
0.400301
0.401775
0.403246
0.404713
0.406176
0.407636
0.409092
0.410544
0.411992
0.413437
0.414878
0.416316
0.417749
0.419180
0.420606
0.422029
0.423448
0.424864
0.426276
0.427685
0.429090
0.430491
0.431889
0.433283
0.434674
0.436061
0.437445
0.438825
0.440202
0.441575
0.442945
0.444311
0.445674
0.447034
0.448390
0.449742
0.451091
0.452437
0.453779
0.455118
0.456454
0.457786
0.459115
0.460440
0.461762
0.463081
0.464396
0.465708
0.467017
0.468322
0.469625
0.470923
0.472219
0.473511
0.474800
0.476086
0.477369
0.478648
0.479924
0.481197
0.482467
0.483733
0.484997
0.486257
0.487514
0.488767
0.490018
0.491266
0.492510
0.493751
0.494989
0.496224
0.497456
0.498685
0.499911
0.501133
0.502353
0.503569
0.504783
0.505993
0.507201
0.508405
0.509607
0.510805
0.512000
0.513193
0.514382
0.515568
0.516752
0.517932
0.519110
0.520284
0.521456
0.522625
0.523791
0.524954
0.526114
0.527271
0.528425
0.529576
0.530725
0.531871
0.533013
0.534153
0.535291
0.536425
0.537556
0.538685
0.539811
0.540934
0.542055
0.543172
0.544287
0.545399
0.546508
0.547615
0.548719
0.549820
0.550918
0.552014
0.553107
0.554197
0.555285
0.556370
0.557452
0.558532
0.559609
0.560683
0.561755
0.562824
0.563890
0.564954
0.566015
0.567074
0.568130
0.569184
0.570235
0.571283
0.572329
0.573372
0.574413
0.575451
0.576487
0.577520
0.578550
0.579579
0.580604
0.581628
0.582648
0.583667
0.584682
0.585696
0.586707
0.587715
0.588721
0.589725
0.590726
0.591725
0.592721
0.593715
0.594707
0.595696
0.596683
0.597668
0.598650
0.599630
0.600608
0.601583
0.602556
0.603527
0.604495
0.605461
0.606425
0.607386
0.608346
0.609303
0.610257
0.611210
0.612160
0.613108
0.614054
0.614997
0.615939
0.616878
0.617815
0.618750
0.619683
0.620613
0.621541
0.622468
0.623392
0.624314
0.625233
0.626151
0.627067
0.627980
0.628891
0.629801
0.630708
0.631613
0.632516
0.633417
0.634316
0.635213
0.636108
0.637001
0.637892
0.638781
0.639668
0.640552
0.641435
0.642316
0.643195
0.644072
0.644947
0.645820
0.646691
0.647561
0.648428
0.649293
0.650157
0.651018
0.651878
0.652736
0.653592
0.654446
0.655298
0.656148
0.656997
0.657843
0.658688
0.659531
0.660372
0.661212
0.662049
0.662885
0.663719
0.664551
0.665382
0.666210
0.667037
0.667862
0.668686
0.669508
0.670328
0.671146
0.671962
0.672777
0.673590
0.674402
0.675212
0.676020
0.676826
0.677631
0.678434
0.679236
0.680036
0.680834
0.681631
0.682426
0.683219
0.684011
0.684801
0.685590
0.686377
0.687163
0.687947
0.688729
0.689510
0.690289
0.691067
0.691843
0.692618
0.693392
0.694163
0.694934
0.695702
0.696470
0.697236
0.698000
0.698763
0.699525
0.700285
0.701043
0.701801
0.702556
0.703311
0.704064
0.704815
0.705566
0.706314
0.707062
0.707808
0.708553
0.709296
0.710038
0.710779
0.711518
0.712256
0.712993
0.713728
0.714462
0.715195
0.715927
0.716657
0.717386
0.718114
0.718840
0.719565
0.720289
0.721012
0.721733
0.722454
0.723173
0.723891
0.724607
0.725323
0.726037
0.726750
0.727462
0.728172
0.728882
0.729590
0.730297
0.731004
0.731709
0.732412
0.733115
0.733817
0.734517
0.735216
0.735915
0.736612
0.737308
0.738003
0.738697
0.739390
0.740082
0.740772
0.741462
0.742151
0.742838
0.743525
0.744211
0.744895
0.745579
0.746261
0.746943
0.747623
0.748303
0.748982
0.749659
0.750336
0.751012
0.751686
0.752360
0.753033
0.753705
0.754376
0.755046
0.755715
0.756383
0.757051
0.757717
0.758383
0.759047
0.759711
0.760374
0.761036
0.761697
0.762357
0.763017
0.763675
0.764333
0.764990
0.765646
0.766301
0.766956
0.767609
0.768262
0.768914
0.769565
0.770215
0.770865
0.771513
0.772161
0.772809
0.773455
0.774101
0.774745
0.775389
0.776033
0.776675
0.777317
0.777958
0.778598
0.779238
0.779877
0.780515
0.781152
0.781789
0.782425
0.783060
0.783695
0.784329
0.784962
0.785594
0.786226
0.786857
0.787487
0.788117
0.788746
0.789374
0.790002
0.790629
0.791255
0.791881
0.792506
0.793130
0.793754
0.794377
0.794999
0.795621
0.796242
0.796863
0.797482
0.798102
0.798720
0.799338
0.799956
0.800572
0.801188
0.801804
0.802419
0.803033
0.803647
0.804260
0.804872
0.805484
0.806095
0.806706
0.807316
0.807925
0.808534
0.809142
0.809750
0.810357
0.810964
0.811570
0.812175
0.812780
0.813384
0.813988
0.814591
0.815193
0.815795
0.816396
0.816997
0.817597
0.818197
0.818796
0.819394
0.819992
0.820589
0.821186
0.821782
0.822378
0.822973
0.823567
0.824161
0.824754
0.825347
0.825939
0.826531
0.827122
0.827713
0.828302
0.828892
0.829481
0.830069
0.830656
0.831243
0.831830
0.832416
0.833001
0.833586
0.834170
0.834754
0.835337
0.835919
0.836501
0.837083
0.837663
0.838243
0.838823
0.839402
0.839980
0.840558
0.841135
0.841712
0.842288
0.842863
0.843438
0.844012
0.844586
0.845159
0.845731
0.846303
