0.000000
0.030860
0.063842
0.102029
0.147844
0.188710
0.208888
0.212859
0.214632
0.220192
0.227964
0.236024
0.244395
0.254200
0.260700
0.262825
0.264782
0.266733
0.268679
0.270620
0.272554
0.274484
0.276407
0.278326
0.280239
0.282147
0.284049
0.285946
0.287839
0.289726
0.291609
0.293486
0.295359
0.297228
0.299092
0.300951
0.302806
0.304657
0.306504
0.308380
0.310055
0.311734
0.313410
0.315083
0.316753
0.318420
0.320084
0.321745
0.323403
0.325059
0.326711
0.328360
0.330007
0.331650
0.333292
0.334930
0.336566
0.338199
0.339829
0.341457
0.343083
0.344706
0.346327
0.347945
0.349561
0.351175
0.352786
0.354395
0.356002
0.357607
0.359210
0.360811
0.362410
0.364006
0.365601
0.367194
0.368785
0.370374
0.371962
0.373547
0.375131
0.376714
0.378295
0.379874
0.381451
0.383027
0.384602
0.386175
0.387747
0.389318
0.390887
0.392455
0.394022
0.395587
0.397152
0.398715
0.400278
0.401839
0.403400
0.404959
0.406518
0.408075
0.409632
0.411188
0.412744
0.414299
0.415853
0.417406
0.418959
0.420512
0.422064
0.423615
0.425166
0.426717
0.428267
0.429818
0.431367
0.432917
0.434467
0.436016
0.437565
0.439114
0.440664
0.442213
0.443762
0.445311
0.446861
0.448410
0.449960
0.451510
0.453060
0.454611
0.456162
0.457713
0.459265
0.460817
0.462369
0.463923
0.465476
0.467030
0.468585
0.470140
0.471697
0.473253
0.474811
0.476369
0.477928
0.479488
0.481048
0.482610
0.484172
0.485735
0.487299
0.488864
0.490431
0.491998
0.493566
0.495135
0.496705
0.498277
0.499849
0.501423
0.502998
0.504574
0.506151
0.507730
0.509310
0.510891
0.512473
0.514056
0.515641
0.517227
0.518815
0.520404
0.521994
0.523586
0.525179
0.526774
0.528369
0.529967
0.531566
0.533166
0.534767
0.536371
0.537975
0.539581
0.541189
0.542798
0.544408
0.546021
0.547634
0.549249
0.550866
0.552484
0.554103
0.555724
0.557347
0.558971
0.560596
0.562223
0.563852
0.565482
0.567113
0.568746
0.570381
0.572017
0.573654
0.575293
0.576933
0.578574
0.580217
0.581862
0.583507
0.585154
0.586803
0.588452
0.590103
0.591756
0.593409
0.595064
0.596720
0.598377
0.600036
0.601696
0.603356
0.605018
0.606681
0.608345
0.610011
0.611677
0.613344
0.615012
0.616681
0.618351
0.620022
0.621694
0.623366
0.625040
0.626714
0.628389
0.630064
0.631740
0.633417
0.635094
0.636772
0.638451
0.640129
0.641809
0.643488
0.645168
0.646849
0.648529
0.650210
0.651891
0.653572
0.655253
0.656935
0.658616
0.660297
0.661978
0.663659
0.665340
0.667020
0.668701
0.670381
0.672060
0.673739
0.675418
0.677096
0.678774
0.680451
0.682127
0.683802
0.685477
0.687151
0.688824
0.690496
0.692167
0.693837
0.695505
0.697173
0.698839
0.700504
0.702168
0.703830
0.705491
0.707150
0.708808
0.710464
0.712118
0.713771
0.715421
0.717070
0.718717
0.720362
0.722005
0.723646
0.725284
0.726920
0.728554
0.730186
0.731815
0.733441
0.735065
0.736687
0.738306
0.739922
0.741535
0.743145
0.744752
0.746357
0.747958
0.749556
0.751151
0.752743
0.754331
0.755916
0.757498
0.759076
0.760651
0.762222
0.763789
0.765352
0.766912
0.768468
0.770020
0.771568
0.773112
0.774651
0.776187
0.777718
0.779245
0.780768
0.782286
0.783800
0.785309
0.786814
0.788314
0.789809
0.791300
0.792785
0.794266
0.795742
0.797213
0.798679
0.800140
0.801595
0.803045
0.804491
0.805930
0.807365
0.808794
0.810217
0.811635
0.813048
0.814454
0.815855
0.817251
0.818640
0.820024
0.821402
0.822774
0.824140
0.825500
0.826854
0.828201
0.829543
0.830878
0.832207
0.833530
0.834847
0.836157
0.837461
0.838758
0.840049
0.841333
0.842611
0.843882
0.845147
0.846405
0.847656
0.848900
0.850138
0.851369
0.852593
0.853810
0.855020
0.856223
0.857420
0.858609
0.859791
0.860967
0.862135
0.863296
0.864450
0.865597
0.866737
0.867869
0.868994
0.870113
0.871223
0.872327
0.873423
0.874512
0.875594
0.876668
0.877735
0.878795
0.879847
0.880892
0.881930
0.882960
0.883983
0.884998
0.886006
0.887006
0.887999
0.888985
0.889963
0.890933
0.891897
0.892852
0.893800
0.894741
0.895674
0.896600
0.897519
0.898429
0.899333
0.900229
0.901117
0.901998
0.902872
0.903738
0.904597
0.905448
0.906292
0.907129
0.907958
0.908780
0.909594
0.910401
0.911201
0.911994
0.912779
0.913556
0.914327
0.915090
0.915846
0.916595
0.917337
0.918071
0.918799
0.919519
0.920232
0.920938
0.921637
0.922328
0.923013
0.923691
0.924362
0.925026
0.925683
0.926333
0.926976
0.927612
0.928242
0.928865
0.929481
0.930090
0.930693
0.931289
0.931878
0.932461
0.933037
0.933607
0.934170
0.934726
0.935277
0.935821
0.936358
0.936889
0.937414
0.937933
0.938446
0.938952
0.939452
0.939946
0.940434
0.940916
0.941392
0.941863
0.942327
0.942785
0.943238
0.943685
0.944126
0.944561
0.944991
0.945415
0.945833
0.946246
0.946654
0.947056
0.947452
0.947844
0.948230
0.948611
0.948986
0.949356
0.949722
0.950082
0.950437
0.950787
0.951132
0.951472
0.951807
0.952137
0.952463
0.952784
0.953100
0.953412
0.953719
0.954021
0.954319
0.954612
0.954901
0.955186
0.955466
0.955742
0.956013
0.956281
0.956544
0.956803
0.957058
0.957309
0.957556
0.957799
0.958038
0.958274
0.958505
0.958733
0.958957
0.959177
0.959394
0.959607
0.959816
0.960022
0.960224
0.960423
0.960619
0.960811
0.961000
0.961186
0.961368
0.961548
0.961724
0.961897
0.962067
0.962234
0.962398
0.962559
0.962717
0.962872
0.963025
0.963174
0.963321
0.963465
0.963607
0.963746
0.963882
0.964015
0.964147
0.964275
0.964401
0.964525
0.964647
0.964766
0.964882
0.964997
0.965109
0.965219
0.965327
0.965433
0.965536
0.965638
0.965737
0.965835
0.965930
0.966024
0.966115
0.966205
0.966293
0.966379
0.966463
0.966545
0.966626
0.966705
0.966783
0.966858
