0.000000
0.011370
0.023570
0.038677
0.046049
0.053087
0.060800
0.069325
0.078823
0.089482
0.101545
0.115343
0.131325
0.150111
0.172600
0.200226
0.234686
0.275419
0.313025
0.325294
0.303106
0.280375
0.276502
0.278298
0.280404
0.282517
0.284633
0.286754
0.288877
0.291004
0.293134
0.295268
0.297404
0.299545
0.301688
0.303835
0.305986
0.308140
0.310299
0.312492
0.314467
0.316466
0.318471
0.320482
0.322499
0.324522
0.326551
0.328587
0.330628
0.332676
0.334731
0.336792
0.338860
0.340935
0.343017
0.345106
0.347202
0.349305
0.351416
0.353535
0.355661
0.357795
0.359936
0.362086
0.364244
0.366409
0.368583
0.370765
0.372955
0.375154
0.377361
0.379576
0.381800
0.384032
0.386273
0.388523
0.390781
0.393048
0.395324
0.397608
0.399901
0.402203
0.404513
0.406832
0.409160
0.411497
0.413842
0.416196
0.418559
0.420930
0.423310
0.425699
0.428095
0.430501
0.432914
0.435336
0.437767
0.440205
0.442652
0.445106
0.447569
0.450039
0.452518
0.455004
0.457497
0.459998
0.462507
0.465022
0.467545
0.470075
0.472611
0.475155
0.477705
0.480262
0.482825
0.485394
0.487969
0.490550
0.493137
0.495729
0.498327
0.500931
0.503539
0.506152
0.508770
0.511393
0.514020
0.516652
0.519287
0.521926
0.524569
0.527216
0.529866
0.532519
0.535175
0.537833
0.540494
0.543158
0.545824
0.548491
0.551161
0.553831
0.556504
0.559177
0.561851
0.564526
0.567202
0.569877
0.572553
0.575229
0.577904
0.580579
0.583253
0.585926
0.588598
0.591269
0.593938
0.596605
0.599270
0.601933
0.604594
0.607252
0.609907
0.612559
0.615208
0.617853
0.620495
0.623133
0.625767
0.628397
0.631022
0.633643
0.636259
0.638870
0.641475
0.644075
0.646670
0.649259
0.651842
0.654419
0.656990
0.659554
0.662111
0.664662
0.667206
0.669742
0.672271
0.674793
0.677307
0.679813
0.682312
0.684802
0.687284
0.689757
0.692222
0.694678
0.697125
0.699564
0.701993
0.704412
0.706823
0.709224
0.711615
0.713996
0.716368
0.718729
0.721081
0.723422
0.725752
0.728072
0.730382
0.732681
0.734969
0.737246
0.739512
0.741767
0.744011
0.746243
0.748465
0.750674
0.752873
0.755059
0.757234
0.759397
0.761549
0.763688
0.765816
0.767931
0.770034
0.772126
0.774205
0.776272
0.778326
0.780368
0.782398
0.784415
0.786420
0.788413
0.790392
0.792360
0.794314
0.796256
0.798185
0.800102
0.802006
0.803897
0.805775
0.807640
0.809493
0.811333
0.813160
0.814974
0.816775
0.818564
0.820340
0.822102
0.823852
0.825589
0.827314
0.829025
0.830723
0.832409
0.834082
0.835742
0.837390
0.839024
0.840646
0.842255
0.843851
0.845435
0.847006
0.848564
0.850110
0.851643
0.853164
0.854672
0.856167
0.857650
0.859121
0.860579
0.862025
0.863458
0.864880
0.866289
0.867685
0.869070
0.870442
0.871803
0.873151
0.874488
0.875812
0.877125
0.878426
0.879715
0.880992
0.882257
0.883511
0.884753
0.885984
0.887204
0.888411
0.889608
0.890793
0.891967
0.893130
0.894282
0.895422
0.896552
0.897670
0.898778
0.899875
0.900961
0.902037
0.903101
0.904156
0.905199
0.906232
0.907255
0.908268
0.909270
0.910262
0.911244
0.912216
0.913178
0.914129
0.915071
0.916004
0.916926
0.917839
0.918742
0.919636
0.920520
0.921395
0.922261
0.923117
0.923964
0.924802
0.925631
0.926450
0.927261
0.928063
0.928857
0.929641
0.930417
0.931185
0.931944
0.932694
0.933436
0.934170
0.934895
0.935612
0.936322
0.937023
0.937716
0.938401
0.939078
0.939748
0.940410
0.941064
0.941711
0.942350
0.942982
0.943606
0.944223
0.944833
0.945436
0.946031
0.946620
0.947201
0.947776
0.948344
0.948905
0.949459
0.950006
0.950547
0.951081
0.951609
0.952131
0.952646
0.953155
0.953657
0.954154
0.954644
0.955128
0.955606
0.956078
0.956545
0.957005
0.957460
0.957909
0.958353
0.958791
0.959223
0.959650
0.960071
0.960487
0.960898
0.961304
0.961704
0.962099
0.962489
0.962875
0.963255
0.963630
0.964000
0.964366
0.964726
0.965082
0.965434
0.965780
0.966123
0.966460
0.966793
0.967122
0.967447
0.967767
0.968082
0.968394
0.968701
0.969005
0.969304
0.969599
0.969890
0.970178
0.970461
0.970740
0.971016
0.971288
0.971556
0.971821
0.972082
0.972339
0.972593
0.972843
0.973090
0.973333
0.973573
0.973810
0.974043
0.974273
0.974500
0.974723
0.974944
0.975161
0.975376
0.975587
0.975795
0.976001
0.976203
0.976403
0.976599
0.976793
0.976984
0.977173
0.977358
0.977541
0.977721
0.977899
0.978074
0.978247
0.978417
0.978585
0.978750
0.978912
0.979073
0.979231
0.979386
0.979540
0.979691
0.979840
0.979986
0.980131
0.980273
0.980413
0.980551
0.980688
0.980822
0.980954
0.981084
0.981212
0.981338
0.981462
0.981584
0.981705
0.981824
0.981940
0.982055
0.982169
0.982280
0.982390
0.982498
0.982605
0.982710
0.982813
0.982915
0.983015
0.983113
0.983211
0.983306
0.983400
0.983493
0.983584
0.983673
0.983762
0.983849
0.983934
0.984018
0.984101
0.984183
0.984263
0.984342
0.984420
0.984496
0.984572
0.984646
0.984719
0.984790
0.984861
0.984930
0.984999
0.985066
0.985132
0.985197
0.985261
0.985324
0.985386
0.985447
0.985507
0.985566
0.985624
0.985681
0.985737
0.985792
0.985847
0.985900
0.985953
0.986004
0.986055
0.986105
0.986154
0.986203
0.986250
0.986297
0.986343
0.986388
0.986432
0.986476
0.986519
0.986561
0.986603
0.986644
0.986684
0.986723
0.986762
0.986800
0.986838
0.986874
0.986911
0.986946
0.986981
0.987016
0.987049
0.987083
0.987115
0.987147
0.987179
0.987210
0.987240
0.987270
0.987300
0.987329
0.987357
0.987385
0.987412
0.987439
0.987466
0.987492
0.987517
0.987542
0.987567
0.987591
0.987615
0.987639
0.987661
0.987684
0.987706
0.987728
0.987749
0.987770
0.987791
0.987811
0.987831
0.987851
0.987870
0.987889
0.987907
0.987925
0.987943
0.987961
0.987978
