0.000000
0.006050
0.012184
0.018674
0.025619
0.033217
0.041721
0.051486
0.063573
0.085332
0.119957
0.175603
0.232775
0.260479
0.266236
0.269486
0.271665
0.273741
0.275812
0.277877
0.279938
0.281992
0.284042
0.286087
0.288127
0.290163
0.292195
0.294224
0.296250
0.298272
0.300293
0.302311
0.304328
0.306343
0.308357
0.310370
0.312383
0.314395
0.316407
0.318469
0.320322
0.322168
0.324015
0.325864
0.327714
0.329567
0.331422
0.333279
0.335138
0.337000
0.338864
0.340731
0.342601
0.344474
0.346350
0.348229
0.350111
0.351997
0.353886
0.355779
0.357676
0.359576
0.361481
0.363389
0.365302
0.367218
0.369139
0.371065
0.372994
0.374929
0.376868
0.378812
0.380760
0.382714
0.384672
0.386636
0.388605
0.390579
0.392558
0.394542
0.396532
0.398528
0.400529
0.402536
0.404548
0.406566
0.408590
0.410619
0.412655
0.414697
0.416744
0.418797
0.420857
0.422923
0.424994
0.427072
0.429156
0.431247
0.433343
0.435446
0.437555
0.439670
0.441792
0.443920
0.446054
0.448195
0.450342
0.452495
0.454655
0.456821
0.458993
0.461171
0.463356
0.465547
0.467744
0.469948
0.472157
0.474373
0.476595
0.478823
0.481057
0.483297
0.485543
0.487795
0.490052
0.492316
0.494585
0.496860
0.499141
0.501427
0.503719
0.506016
0.508318
0.510626
0.512939
0.515257
0.517580
0.519908
0.522241
0.524579
0.526921
0.529268
0.531620
0.533976
0.536336
0.538700
0.541069
0.543441
0.545817
0.548198
0.550581
0.552969
0.555359
0.557753
0.560151
0.562551
0.564954
0.567360
0.569769
0.572180
0.574594
0.577009
0.579427
0.581848
0.584269
0.586693
0.589118
0.591545
0.593973
0.596402
0.598832
0.601263
0.603695
0.606128
0.608560
0.610994
0.613427
0.615860
0.618293
0.620726
0.623158
0.625590
0.628021
0.630451
0.632880
0.635307
0.637734
0.640158
0.642581
0.645003
0.647422
0.649839
0.652254
0.654666
0.657075
0.659482
0.661886
0.664287
0.666685
0.669079
0.671470
0.673857
0.676240
0.678619
0.680994
0.683365
0.685731
0.688093
0.690449
0.692802
0.695149
0.697490
0.699827
0.702158
0.704483
0.706803
0.709117
0.711425
0.713726
0.716022
0.718311
0.720593
0.722869
0.725138
0.727399
0.729654
0.731902
0.734142
0.736375
0.738600
0.740817
0.743027
0.745229
0.747422
0.749608
0.751785
0.753954
0.756114
0.758265
0.760408
0.762542
0.764667
0.766783
0.768890
0.770988
0.773076
0.775155
0.777224
0.779284
0.781334
0.783374
0.785404
0.787425
0.789435
0.791435
0.793425
0.795404
0.797374
0.799333
0.801281
0.803219
0.805146
0.807062
0.808968
0.810862
0.812746
0.814619
0.816481
0.818332
0.820171
0.822000
0.823817
0.825623
0.827418
0.829201
0.830973
0.832734
0.834483
0.836220
0.837946
0.839661
0.841364
0.843055
0.844734
0.846402
0.848058
0.849703
0.851335
0.852956
0.854565
0.856162
0.857748
0.859321
0.860883
0.862433
0.863971
0.865498
0.867012
0.868515
0.870005
0.871484
0.872951
0.874406
0.875849
0.877281
0.878700
0.880108
0.881504
0.882888
0.884261
0.885622
0.886971
0.888308
0.889633
0.890947
0.892249
0.893540
0.894819
0.896086
0.897342
0.898587
0.899820
0.901041
0.902251
0.903450
0.904637
0.905813
0.906978
0.908131
0.909273
0.910404
0.911524
0.912633
0.913731
0.914818
0.915894
0.916959
0.918013
0.919057
0.920089
0.921111
0.922123
0.923124
0.924114
0.925093
0.926063
0.927022
0.927970
0.928909
0.929837
0.930755
0.931663
0.932560
0.933448
0.934326
0.935194
0.936053
0.936901
0.937740
0.938569
0.939389
0.940199
0.941000
0.941791
0.942573
0.943346
0.944110
0.944865
0.945610
0.946347
0.947074
0.947793
0.948503
0.949205
0.949897
0.950581
0.951257
0.951924
0.952583
0.953234
0.953876
0.954510
0.955136
0.955754
0.956364
0.956966
0.957560
0.958147
0.958726
0.959297
0.959860
0.960417
0.960965
0.961507
0.962041
0.962568
0.963087
0.963600
0.964106
0.964604
0.965096
0.965581
0.966059
0.966531
0.966996
0.967454
0.967906
0.968352
0.968791
0.969224
0.969651
0.970071
0.970486
0.970894
0.971297
0.971693
0.972084
0.972469
0.972849
0.973222
0.973591
0.973953
0.974310
0.974662
0.975009
0.975350
0.975686
0.976017
0.976343
0.976663
0.976979
0.977290
0.977596
0.977898
0.978194
0.978486
0.978773
0.979056
0.979334
0.979608
0.979878
0.980143
0.980404
0.980660
0.980913
0.981161
0.981405
0.981646
0.981882
0.982114
0.982343
0.982568
0.982789
0.983006
0.983220
0.983430
0.983636
0.983839
0.984039
0.984235
0.984428
0.984617
0.984804
0.984987
0.985167
0.985343
0.985517
0.985688
0.985855
0.986020
0.986182
0.986341
0.986497
0.986650
0.986800
0.986948
0.987094
0.987236
0.987376
0.987514
0.987648
0.987781
0.987911
0.988039
0.988164
0.988287
0.988408
0.988526
0.988642
0.988756
0.988868
0.988978
0.989086
0.989192
0.989295
0.989397
0.989497
0.989595
0.989691
0.989785
0.989877
0.989968
0.990057
0.990144
0.990229
0.990313
0.990395
0.990475
0.990554
0.990632
0.990707
0.990782
0.990854
0.990926
0.990996
0.991064
0.991131
0.991197
0.991261
0.991324
0.991386
0.991447
0.991506
0.991564
0.991621
0.991677
0.991731
0.991785
0.991837
0.991888
0.991938
0.991987
0.992035
0.992082
0.992128
0.992173
0.992217
0.992261
0.992303
0.992344
0.992385
0.992424
0.992463
0.992501
0.992538
0.992574
0.992609
0.992644
0.992678
0.992711
0.992744
0.992775
0.992806
0.992837
0.992866
0.992895
0.992924
0.992951
0.992978
0.993005
0.993031
0.993056
0.993081
0.993105
0.993128
0.993151
0.993174
0.993196
0.993217
0.993238
0.993259
0.993279
0.993298
0.993318
0.993336
0.993354
0.993372
0.993390
0.993407
0.993423
0.993439
0.993455
0.993470
0.993485
0.993500
0.993514
0.993528
0.993542
0.993555
0.993568
0.993581
0.993593
0.993605
0.993617
0.993629
0.993640
0.993651
0.993661
0.993672
0.993682
