0.000000
0.022278
0.045525
0.070395
0.097673
0.128403
0.164600
0.208367
0.252740
0.276111
0.270656
0.262292
0.260641
0.262333
0.264343
0.266352
0.268359
0.270362
0.272362
0.274359
0.276353
0.278344
0.280332
0.282317
0.284300
0.286279
0.288256
0.290231
0.292204
0.294174
0.296142
0.298109
0.300074
0.302037
0.303998
0.305959
0.307918
0.309876
0.311832
0.313817
0.315594
0.317385
0.319177
0.320970
0.322764
0.324557
0.326352
0.328147
0.329943
0.331740
0.333537
0.335336
0.337136
0.338937
0.340739
0.342543
0.344348
0.346155
0.347963
0.349773
0.351585
0.353398
0.355214
0.357032
0.358851
0.360673
0.362498
0.364324
0.366153
0.367985
0.369819
0.371656
0.373495
0.375338
0.377183
0.379031
0.380882
0.382737
0.384594
0.386455
0.388319
0.390187
0.392057
0.393932
0.395810
0.397691
0.399576
0.401465
0.403358
0.405255
0.407155
0.409059
0.410968
0.412880
0.414797
0.416717
0.418642
0.420571
0.422504
0.424442
0.426384
0.428330
0.430281
0.432236
0.434196
0.436160
0.438128
0.440101
0.442079
0.444061
0.446048
0.448039
0.450035
0.452036
0.454041
0.456051
0.458066
0.460085
0.462109
0.464138
0.466171
0.468209
0.470251
0.472298
0.474350
0.476406
0.478467
0.480533
0.482603
0.484678
0.486757
0.488841
0.490929
0.493022
0.495119
0.497220
0.499326
0.501436
0.503550
0.505669
0.507791
0.509918
0.512049
0.514184
0.516323
0.518466
0.520613
0.522763
0.524918
0.527076
0.529237
0.531403
0.533571
0.535744
0.537919
0.540098
0.542280
0.544466
0.546654
0.548845
0.551040
0.553237
0.555437
0.557639
0.559844
0.562052
0.564262
0.566475
0.568689
0.570906
0.573125
0.575345
0.577568
0.579792
0.582018
0.584246
0.586475
0.588705
0.590937
0.593169
0.595403
0.597638
0.599873
0.602109
0.604346
0.606583
0.608821
0.611059
0.613296
0.615534
0.617772
0.620010
0.622247
0.624484
0.626721
0.628956
0.631191
0.633425
0.635658
0.637890
0.640120
0.642350
0.644577
0.646803
0.649027
0.651250
0.653470
0.655688
0.657904
0.660118
0.662329
0.664537
0.666743
0.668946
0.671146
0.673342
0.675536
0.677726
0.679913
0.682096
0.684275
0.686451
0.688622
0.690790
0.692953
0.695112
0.697267
0.699417
0.701563
0.703703
0.705839
0.707970
0.710095
0.712216
0.714330
0.716440
0.718544
0.720642
0.722735
0.724821
0.726902
0.728976
0.731044
0.733106
0.735161
0.737210
0.739252
0.741287
0.743316
0.745338
0.747352
0.749359
0.751359
0.753352
0.755337
0.757315
0.759285
0.761248
0.763202
0.765149
0.767088
0.769018
0.770941
0.772855
0.774761
0.776658
0.778547
0.780428
0.782300
0.784163
0.786017
0.787862
0.789699
0.791526
0.793345
0.795154
0.796954
0.798745
0.800526
0.802299
0.804061
0.805814
0.807558
0.809292
0.811016
0.812731
0.814435
0.816130
0.817815
0.819490
0.821156
0.822811
0.824456
0.826091
0.827716
0.829330
0.830935
0.832529
0.834113
0.835687
0.837250
0.838803
0.840345
0.841878
0.843399
0.844911
0.846411
0.847901
0.849381
0.850850
0.852309
0.853757
0.855194
0.856621
0.858037
0.859443
0.860838
0.862222
0.863596
0.864959
0.866311
0.867653
0.868984
0.870305
0.871615
0.872914
0.874203
0.875481
0.876748
0.878005
0.879251
0.880487
0.881712
0.882926
0.884130
0.885324
0.886507
0.887679
0.888841
0.889993
0.891134
0.892265
0.893386
0.894496
0.895596
0.896685
0.897764
0.898833
0.899892
0.900941
0.901980
0.903008
0.904027
0.905035
0.906033
0.907022
0.908000
0.908969
0.909928
0.910877
0.911816
0.912746
0.913666
0.914576
0.915477
0.916368
0.917250
0.918122
0.918985
0.919838
0.920682
0.921517
0.922343
0.923160
0.923967
0.924766
0.925555
0.926336
0.927108
0.927870
0.928624
0.929370
0.930106
0.930834
0.931554
0.932265
0.932967
0.933661
0.934347
0.935025
0.935694
0.936355
0.937008
0.937653
0.938290
0.938919
0.939541
0.940154
0.940760
0.941358
0.941948
0.942531
0.943106
0.943674
0.944234
0.944788
0.945333
0.945872
0.946404
0.946928
0.947446
0.947956
0.948460
0.948957
0.949447
0.949930
0.950407
0.950877
0.951340
0.951797
0.952248
0.952693
0.953131
0.953563
0.953988
0.954408
0.954822
0.955229
0.955631
0.956027
0.956417
0.956802
0.957180
0.957553
0.957921
0.958283
0.958640
0.958991
0.959337
0.959678
0.960013
0.960344
0.960669
0.960989
0.961304
0.961615
0.961920
0.962221
0.962517
0.962809
0.963095
0.963377
0.963655
0.963928
0.964197
0.964461
0.964722
0.964977
0.965229
0.965477
0.965720
0.965960
0.966195
0.966426
0.966654
0.966878
0.967098
0.967314
0.967527
0.967736
0.967941
0.968143
0.968341
0.968536
0.968728
0.968916
0.969101
0.969283
0.969461
0.969636
0.969808
0.969977
0.970144
0.970307
0.970467
0.970624
0.970778
0.970930
0.971079
0.971225
0.971368
0.971509
0.971647
0.971782
0.971915
0.972046
0.972174
0.972299
0.972423
0.972543
0.972662
0.972778
0.972892
0.973004
0.973114
0.973222
0.973327
0.973431
0.973532
0.973631
0.973729
0.973824
0.973918
0.974010
0.974100
0.974188
0.974274
0.974359
0.974441
0.974523
0.974602
0.974680
0.974756
0.974831
0.974904
0.974976
0.975046
0.975115
0.975182
0.975248
0.975313
0.975376
0.975438
0.975498
0.975557
0.975615
0.975672
0.975727
0.975782
0.975835
0.975887
0.975937
0.975987
0.976036
0.976083
0.976130
0.976175
0.976220
0.976263
0.976305
0.976347
0.976388
0.976427
0.976466
0.976504
0.976541
0.976577
0.976613
0.976647
0.976681
0.976714
0.976746
0.976778
0.976808
0.976838
0.976868
0.976896
0.976924
0.976952
0.976978
0.977004
0.977030
0.977054
0.977079
0.977102
0.977125
0.977148
0.977170
0.977191
0.977212
0.977232
0.977252
0.977272
0.977290
0.977309
0.977327
0.977344
0.977361
0.977378
0.977394
0.977410
0.977426
0.977441
0.977455
0.977470
0.977484
0.977497
0.977510
0.977523
0.977536
