0.000000
0.013212
0.021690
0.026837
0.032272
0.038082
0.044342
0.051135
0.058571
0.066782
0.075927
0.086186
0.097794
0.111068
0.126435
0.144462
0.165923
0.192039
0.224783
0.267205
0.323153
0.390054
0.426050
0.379974
0.337849
0.334483
0.337481
0.340712
0.344001
0.347344
0.350736
0.354174
0.357656
0.361181
0.364746
0.368351
0.371996
0.375679
0.379399
0.383242
0.386839
0.390494
0.394190
0.397925
0.401698
0.405508
0.409355
0.413238
0.417157
0.421110
0.425096
0.429116
0.433169
0.437252
0.441367
0.445511
0.449685
0.453886
0.458115
0.462371
0.466651
0.470956
0.475284
0.479635
0.484007
0.488399
0.492810
0.497240
0.501686
0.506148
0.510625
0.515115
0.519618
0.524131
0.528655
0.533187
0.537727
0.542274
0.546825
0.551381
0.555939
0.560499
0.565060
0.569619
0.574177
0.578731
0.583282
0.587826
0.592364
0.596895
0.601416
0.605927
0.610428
0.614916
0.619391
0.623852
0.628297
0.632726
0.637138
0.641531
0.645905
0.650259
0.654592
0.658904
0.663192
0.667457
0.671697
0.675912
0.680101
0.684263
0.688398
0.692505
0.696583
0.700631
0.704650
0.708637
0.712594
0.716519
0.720412
0.724272
0.728099
0.731892
0.735651
0.739376
0.743066
0.746721
0.750341
0.753925
0.757473
0.760985
0.764460
0.767899
0.771301
0.774666
0.777994
0.781285
0.784539
0.787755
0.790934
0.794075
0.797179
0.800246
0.803275
0.806267
0.809222
0.812139
0.815019
0.817862
0.820668
0.823437
0.826169
0.828865
0.831525
0.834148
0.836735
0.839286
0.841802
0.844282
0.846728
0.849138
0.851513
0.853854
0.856161
0.858434
0.860674
0.862880
0.865052
0.867193
0.869300
0.871376
0.873419
0.875431
0.877412
0.879362
0.881281
0.883170
0.885029
0.886859
0.888659
0.890430
0.892173
0.893887
0.895574
0.897233
0.898864
0.900469
0.902047
0.903599
0.905125
0.906625
0.908101
0.909551
0.910977
0.912379
0.913757
0.915111
0.916442
0.917750
0.919036
0.920300
0.921541
0.922761
0.923960
0.925138
0.926295
0.927432
0.928550
0.929647
0.930725
0.931784
0.932824
0.933846
0.934849
0.935835
0.936803
0.937754
0.938687
0.939604
0.940505
0.941389
0.942257
0.943110
0.943947
0.944769
0.945576
0.946368
0.947146
0.947910
0.948660
0.949396
0.950119
0.950829
0.951525
0.952209
0.952880
0.953539
0.954186
0.954821
0.955444
0.956056
0.956656
0.957246
0.957824
0.958392
0.958950
0.959497
0.960034
0.960561
0.961078
0.961586
0.962084
0.962573
0.963053
0.963524
0.963986
0.964440
0.964885
0.965322
0.965751
0.966172
0.966585
0.966990
0.967388
0.967778
0.968162
0.968538
0.968907
0.969269
0.969624
0.969973
0.970315
0.970651
0.970981
0.971304
0.971622
0.971934
0.972239
0.972539
0.972834
0.973123
0.973407
0.973685
0.973958
0.974226
0.974489
0.974748
0.975001
0.975250
0.975494
0.975733
0.975968
0.976199
0.976426
0.976648
0.976866
0.977080
0.977290
0.977496
0.977699
0.977897
0.978092
0.978283
0.978471
0.978655
0.978836
0.979014
0.979188
0.979359
0.979527
0.979692
0.979853
0.980012
0.980168
0.980321
0.980471
0.980618
0.980763
0.980905
0.981044
0.981181
0.981315
0.981447
0.981576
0.981703
0.981828
0.981950
0.982070
0.982188
0.982304
0.982418
0.982529
0.982639
0.982746
0.982852
0.982955
0.983057
0.983157
0.983255
0.983351
0.983445
0.983538
0.983629
0.983719
0.983806
0.983892
0.983977
0.984060
0.984142
0.984222
0.984300
0.984378
0.984453
0.984528
0.984601
0.984673
0.984743
0.984812
0.984880
0.984947
0.985012
0.985076
0.985140
0.985202
0.985262
0.985322
0.985381
0.985439
0.985495
0.985551
0.985605
0.985659
0.985711
0.985763
0.985814
0.985864
0.985913
0.985961
0.986008
0.986054
0.986100
0.986145
0.986189
0.986232
0.986274
0.986316
0.986356
0.986397
0.986436
0.986475
0.986513
0.986550
0.986587
0.986623
0.986658
0.986693
0.986727
0.986761
0.986794
0.986826
0.986858
0.986889
0.986920
0.986950
0.986979
0.987008
0.987037
0.987065
0.987092
0.987119
0.987146
0.987172
0.987198
0.987223
0.987248
0.987272
0.987296
0.987319
0.987342
0.987365
0.987387
0.987409
0.987431
0.987452
0.987472
0.987493
0.987513
0.987532
0.987552
0.987571
0.987589
0.987608
0.987625
0.987643
0.987660
0.987678
0.987694
0.987711
0.987727
0.987743
0.987758
0.987774
0.987789
0.987804
0.987818
0.987832
0.987847
0.987860
0.987874
0.987887
0.987900
0.987913
0.987926
0.987938
0.987950
0.987962
0.987974
0.987986
0.987997
0.988008
0.988019
0.988030
0.988041
0.988051
0.988061
0.988071
0.988081
0.988091
0.988101
0.988110
0.988119
0.988128
0.988137
0.988146
0.988154
0.988163
0.988171
0.988179
0.988187
0.988195
0.988203
0.988211
0.988218
0.988225
0.988233
0.988240
0.988247
0.988254
0.988260
0.988267
0.988273
0.988280
0.988286
0.988292
0.988298
0.988304
0.988310
0.988316
0.988322
0.988327
0.988333
0.988338
0.988343
0.988348
0.988353
0.988358
0.988363
0.988368
0.988373
0.988378
0.988382
0.988387
0.988391
0.988396
0.988400
0.988404
0.988408
0.988412
0.988416
0.988420
0.988424
0.988428
0.988432
0.988435
0.988439
0.988442
0.988446
0.988449
0.988453
0.988456
0.988459
0.988462
0.988466
0.988469
0.988472
0.988475
0.988478
0.988480
0.988483
0.988486
0.988489
0.988492
0.988494
0.988497
0.988499
0.988502
0.988504
0.988507
0.988509
0.988511
0.988514
0.988516
0.988518
0.988520
0.988523
0.988525
0.988527
0.988529
0.988531
0.988533
0.988535
0.988537
0.988538
0.988540
0.988542
0.988544
0.988546
0.988547
0.988549
0.988551
0.988552
0.988554
0.988555
0.988557
0.988559
0.988560
0.988561
0.988563
0.988564
0.988566
0.988567
0.988568
0.988570
0.988571
0.988572
0.988574
0.988575
0.988576
0.988577
0.988578
0.988580
0.988581
0.988582
0.988583
0.988584
0.988585
0.988586
0.988587
0.988588
0.988589
0.988590
