0.000000
0.134945
0.311006
0.493013
0.176213
0.131007
0.151959
0.171092
0.188691
0.205024
0.220315
0.234748
0.248445
0.261499
0.274044
0.286213
0.298123
0.309956
0.327243
0.349228
0.356610
0.361759
0.366936
0.372157
0.377420
0.382723
0.388063
0.393440
0.398853
0.404300
0.409781
0.415294
0.420840
0.426417
0.432024
0.437661
0.443325
0.449015
0.454731
0.460640
0.466258
0.471918
0.477604
0.483312
0.489040
0.494786
0.500547
0.506321
0.512104
0.517895
0.523691
0.529489
0.535288
0.541084
0.546875
0.552658
0.558432
0.564192
0.569938
0.575666
0.581374
0.587060
0.592721
0.598355
0.603959
0.609532
0.615070
0.620572
0.626036
0.631459
0.636840
0.642175
0.647465
0.652706
0.657897
0.663035
0.668121
0.673150
0.678123
0.683038
0.687892
0.692686
0.697417
0.702084
0.706687
0.711224
0.715694
0.720096
0.724430
0.728695
0.732890
0.737014
0.741067
0.745048
0.748958
0.752795
0.756560
0.760252
0.763871
0.767417
0.770891
0.774291
0.777619
0.780875
0.784058
0.787170
0.790210
0.793178
0.796077
0.798905
0.801663
0.804353
0.806975
0.809529
0.812016
0.814437
0.816792
0.819084
0.821311
0.823476
0.825580
0.827622
0.829605
0.831529
0.833395
0.835204
0.836957
0.838656
0.840301
0.841894
0.843435
0.844925
0.846366
0.847759
0.849105
0.850405
0.851660
0.852870
0.854039
0.855165
0.856251
0.857297
0.858305
0.859275
0.860209
0.861107
0.861971
0.862802
0.863600
0.864367
0.865103
0.865810
0.866489
0.867140
0.867763
0.868362
0.868935
0.869483
0.870009
0.870512
0.870993
0.871454
0.871894
0.872314
0.872716
0.873100
0.873466
0.873816
0.874149
0.874467
0.874771
0.875059
0.875335
0.875597
0.875847
0.876084
0.876310
0.876525
0.876729
0.876923
0.877107
0.877283
0.877449
0.877606
0.877756
0.877898
0.878032
0.878160
0.878281
0.878395
0.878503
0.878606
0.878703
0.878794
0.878881
0.878963
0.879040
0.879113
0.879182
0.879247
0.879309
0.879366
0.879421
0.879473
0.879521
0.879567
0.879610
0.879650
0.879688
0.879724
0.879758
0.879789
0.879819
0.879847
0.879873
0.879898
0.879921
0.879943
0.879963
0.879982
0.880000
0.880017
0.880032
0.880047
0.880061
0.880074
0.880086
0.880097
0.880107
0.880117
0.880126
0.880135
0.880143
0.880150
0.880157
0.880164
0.880170
0.880176
0.880181
0.880186
0.880190
0.880195
0.880199
0.880202
0.880206
0.880209
0.880212
0.880214
0.880217
0.880219
0.880222
0.880224
0.880226
0.880227
0.880229
0.880230
0.880232
0.880233
0.880234
0.880235
0.880236
0.880237
0.880238
0.880239
0.880240
0.880240
0.880241
0.880242
0.880242
0.880243
0.880243
0.880244
0.880244
0.880244
0.880245
0.880245
0.880245
0.880246
0.880246
0.880246
0.880246
0.880246
0.880247
0.880247
0.880247
0.880247
0.880247
0.880247
0.880247
0.880247
0.880248
0.880248
0.880248
0.880248
0.880248
0.880248
0.880248
0.880248
0.880248
0.880248
0.880248
0.880248
0.880248
0.880248
0.880248
0.880248
0.880248
0.880248
0.880248
0.880248
0.880248
0.880248
0.880248
0.880248
0.880248
0.880248
0.880248
0.880248
0.880248
0.880248
0.880248
0.880248
0.880248
0.880248
0.880248
0.880248
0.880248
0.880248
0.880248
0.880248
0.880248
0.880248
0.880248
0.880248
0.880248
0.880248
0.880248
0.880248
0.880248
0.880248
0.880248
0.880248
0.880248
0.880248
0.880248
0.880248
0.880248
0.880248
0.880248
0.880248
0.880248
0.880248
0.880248
0.880248
0.880248
0.880248
0.880248
0.880248
0.880248
0.880248
0.880248
0.880248
0.880248
0.880248
0.880248
0.880248
0.880248
0.880248
0.880248
0.880248
0.880248
0.880248
0.880248
0.880248
0.880248
0.880248
0.880248
0.880248
0.880248
0.880248
0.880248
0.880248
0.880248
0.880248
0.880248
0.880248
0.880248
0.880248
0.880248
0.880248
0.880248
0.880248
0.880248
0.880248
0.880248
0.880248
0.880248
0.880248
0.880248
0.880248
0.880248
0.880248
0.880248
0.880248
0.880248
0.880248
0.880248
0.880248
0.880248
0.880248
0.880248
0.880248
0.880248
0.880248
0.880248
0.880248
0.880248
0.880248
0.880248
0.880248
0.880248
0.880248
0.880248
0.880248
0.880248
0.880248
0.880248
0.880248
0.880248
0.880248
0.880248
0.880248
0.880248
0.880248
0.880248
0.880248
0.880248
0.880248
0.880248
0.880248
0.880248
0.880248
0.880248
0.880248
0.880248
0.880248
0.880248
0.880248
0.880248
0.880248
0.880248
0.880248
0.880248
0.880248
0.880248
0.880248
0.880248
0.880248
0.880248
0.880248
0.880248
0.880248
0.880248
0.880248
0.880248
0.880248
0.880248
0.880248
0.880248
0.880248
0.880248
0.880248
0.880248
0.880248
0.880248
0.880248
0.880248
0.880248
0.880248
0.880248
0.880248
0.880248
0.880248
0.880248
0.880248
0.880248
0.880248
0.880248
0.880248
0.880248
0.880248
0.880248
0.880248
0.880248
0.880248
0.880248
0.880248
0.880248
0.880248
0.880248
0.880248
0.880248
0.880248
0.880248
0.880248
0.880248
0.880248
0.880248
0.880248
0.880248
0.880248
0.880248
0.880248
0.880248
0.880248
0.880248
0.880248
0.880248
0.880248
0.880248
0.880248
0.880248
0.880248
0.880248
0.880248
0.880248
0.880248
0.880248
0.880248
0.880248
0.880248
0.880248
0.880248
0.880248
0.880248
0.880248
0.880248
0.880248
0.880248
0.880248
0.880248
0.880248
0.880248
0.880248
0.880248
0.880248
0.880248
0.880248
0.880248
0.880248
0.880248
0.880248
0.880248
0.880248
0.880248
0.880248
0.880248
0.880248
0.880248
0.880248
0.880248
0.880248
0.880248
0.880248
0.880248
0.880248
0.880248
0.880248
0.880248
0.880248
0.880248
0.880248
0.880248
0.880248
0.880248
0.880248
0.880248
0.880248
0.880248
0.880248
0.880248
0.880248
0.880248
0.880248
0.880248
0.880248
0.880248
0.880248
0.880248
0.880248
0.880248
0.880248
0.880248
0.880248
0.880248
0.880248
0.880248
0.880248
0.880248
0.880248
