0.000000
0.011353
0.023536
0.038621
0.045990
0.053004
0.060692
0.069190
0.078660
0.089290
0.101323
0.115091
0.131040
0.149768
0.172104
0.199395
0.233728
0.276986
0.324628
0.351173
0.327043
0.290261
0.281702
0.283333
0.285571
0.287828
0.290095
0.292373
0.294662
0.296960
0.299268
0.301585
0.303912
0.306249
0.308596
0.310952
0.313318
0.315694
0.318081
0.320511
0.322719
0.324960
0.327214
0.329481
0.331760
0.334053
0.336358
0.338676
0.341008
0.343352
0.345711
0.348082
0.350467
0.352866
0.355279
0.357706
0.360147
0.362602
0.365071
0.367554
0.370052
0.372564
0.375091
0.377632
0.380188
0.382758
0.385342
0.387942
0.390555
0.393184
0.395827
0.398484
0.401156
0.403842
0.406542
0.409257
0.411986
0.414729
0.417487
0.420258
0.423043
0.425841
0.428654
0.431479
0.434319
0.437171
0.440036
0.442914
0.445805
0.448708
0.451624
0.454551
0.457491
0.460442
0.463404
0.466378
0.469363
0.472358
0.475364
0.478381
0.481407
0.484443
0.487488
0.490542
0.493606
0.496678
0.499758
0.502846
0.505941
0.509044
0.512155
0.515271
0.518394
0.521524
0.524659
0.527799
0.530944
0.534094
0.537249
0.540407
0.543569
0.546734
0.549902
0.553073
0.556246
0.559421
0.562598
0.565775
0.568954
0.572132
0.575311
0.578490
0.581668
0.584845
0.588020
0.591194
0.594366
0.597535
0.600701
0.603864
0.607024
0.610180
0.613331
0.616478
0.619621
0.622757
0.625889
0.629014
0.632133
0.635245
0.638351
0.641449
0.644540
0.647622
0.650697
0.653763
0.656820
0.659868
0.662906
0.665935
0.668954
0.671963
0.674960
0.677948
0.680924
0.683888
0.686841
0.689782
0.692711
0.695627
0.698531
0.701422
0.704299
0.707164
0.710015
0.712851
0.715674
0.718483
0.721278
0.724057
0.726822
0.729572
0.732307
0.735026
0.737730
0.740419
0.743091
0.745748
0.748388
0.751012
0.753620
0.756211
0.758785
0.761343
0.763884
0.766407
0.768914
0.771403
0.773875
0.776330
0.778767
0.781187
0.783589
0.785973
0.788339
0.790688
0.793019
0.795331
0.797626
0.799903
0.802161
0.804401
0.806624
0.808828
0.811014
0.813181
0.815330
0.817462
0.819574
0.821669
0.823745
0.825803
0.827843
0.829865
0.831868
0.833853
0.835820
0.837769
0.839700
0.841612
0.843507
0.845383
0.847242
0.849082
0.850905
0.852710
0.854497
0.856267
0.858018
0.859753
0.861469
0.863168
0.864850
0.866514
0.868162
0.869792
0.871404
0.873000
0.874579
0.876141
0.877686
0.879215
0.880727
0.882222
0.883701
0.885163
0.886610
0.888040
0.889454
0.890852
0.892235
0.893601
0.894952
0.896288
0.897608
0.898912
0.900201
0.901476
0.902735
0.903979
0.905209
0.906424
0.907624
0.908809
0.909981
0.911138
0.912281
0.913410
0.914525
0.915626
0.916714
0.917788
0.918849
0.919896
0.920930
0.921951
0.922959
0.923954
0.924936
0.925906
0.926863
0.927808
0.928740
0.929661
0.930569
0.931465
0.932350
0.933222
0.934083
0.934933
0.935771
0.936598
0.937414
0.938219
0.939013
0.939796
0.940569
0.941330
0.942082
0.942823
0.943554
0.944274
0.944985
0.945686
0.946377
0.947058
0.947729
0.948392
0.949044
0.949688
0.950322
0.950947
0.951564
0.952171
0.952770
0.953360
0.953941
0.954514
0.955079
0.955636
0.956184
0.956724
0.957256
0.957781
0.958297
0.958806
0.959308
0.959802
0.960288
0.960768
0.961240
0.961705
0.962163
0.962614
0.963058
0.963495
0.963926
0.964350
0.964768
0.965179
0.965584
0.965982
0.966375
0.966761
0.967142
0.967516
0.967885
0.968248
0.968605
0.968956
0.969303
0.969643
0.969978
0.970308
0.970633
0.970952
0.971267
0.971576
0.971880
0.972180
0.972474
0.972764
0.973050
0.973330
0.973606
0.973878
0.974145
0.974408
0.974666
0.974921
0.975171
0.975417
0.975659
0.975897
0.976131
0.976361
0.976587
0.976810
0.977029
0.977244
0.977455
0.977663
0.977868
0.978069
0.978267
0.978461
0.978652
0.978840
0.979025
0.979206
0.979385
0.979560
0.979732
0.979902
0.980068
0.980232
0.980393
0.980551
0.980706
0.980859
0.981009
0.981156
0.981301
0.981443
0.981583
0.981721
0.981856
0.981988
0.982118
0.982246
0.982372
0.982496
0.982617
0.982736
0.982853
0.982968
0.983081
0.983192
0.983301
0.983408
0.983513
0.983616
0.983717
0.983817
0.983915
0.984011
0.984105
0.984197
0.984288
0.984377
0.984465
0.984551
0.984635
0.984718
0.984799
0.984879
0.984958
0.985035
0.985110
0.985184
0.985257
0.985328
0.985398
0.985467
0.985535
0.985601
0.985666
0.985730
0.985792
0.985854
0.985914
0.985973
0.986031
0.986088
0.986144
0.986199
0.986253
0.986306
0.986357
0.986408
0.986458
0.986507
0.986555
0.986602
0.986648
0.986693
0.986737
0.986781
0.986824
0.986866
0.986907
0.986947
0.986986
0.987025
0.987063
0.987100
0.987137
0.987173
0.987208
0.987242
0.987276
0.987309
0.987341
0.987373
0.987404
0.987435
0.987465
0.987494
0.987523
0.987551
0.987579
0.987606
0.987633
0.987659
0.987684
0.987709
0.987734
0.987758
0.987781
0.987804
0.987827
0.987849
0.987871
0.987892
0.987913
0.987934
0.987954
0.987973
0.987992
0.988011
0.988030
0.988048
0.988065
0.988083
0.988100
0.988116
0.988133
0.988149
0.988164
0.988180
0.988195
0.988209
0.988224
0.988238
0.988252
0.988265
0.988278
0.988291
0.988304
0.988316
0.988329
0.988341
0.988352
0.988364
0.988375
0.988386
0.988396
0.988407
0.988417
0.988427
0.988437
0.988447
0.988456
0.988465
0.988475
0.988483
0.988492
0.988501
0.988509
0.988517
0.988525
0.988533
0.988540
0.988548
0.988555
0.988562
0.988569
0.988576
0.988583
0.988589
0.988596
0.988602
0.988608
0.988614
0.988620
0.988626
0.988631
0.988637
0.988642
0.988647
0.988652
0.988657
0.988662
0.988667
0.988672
0.988676
0.988681
0.988685
0.988690
0.988694
0.988698
0.988702
0.988706
0.988710
0.988714
0.988717
0.988721
0.988724
0.988728
0.988731
