0.000000
0.012323
0.025049
0.038460
0.053240
0.070441
0.080958
0.093738
0.112047
0.138429
0.171569
0.205519
0.233410
0.251779
0.261521
0.265850
0.267884
0.269455
0.271193
0.273107
0.275075
0.277043
0.279005
0.280961
0.282912
0.284856
0.286795
0.288728
0.290656
0.292578
0.294495
0.296406
0.298312
0.300212
0.302107
0.303997
0.305882
0.307761
0.309635
0.311554
0.313273
0.314980
0.316681
0.318378
0.320071
0.321759
0.323443
0.325123
0.326799
0.328470
0.330137
0.331800
0.333459
0.335114
0.336764
0.338410
0.340052
0.341690
0.343324
0.344954
0.346580
0.348201
0.349819
0.351432
0.353041
0.354647
0.356248
0.357845
0.359439
0.361028
0.362614
0.364195
0.365772
0.367346
0.368916
0.370481
0.372043
0.373601
0.375155
0.376705
0.378251
0.379794
0.381332
0.382867
0.384398
0.385925
0.387449
0.388968
0.390484
0.391997
0.393505
0.395010
0.396511
0.398008
0.399501
0.400991
0.402478
0.403960
0.405439
0.406914
0.408386
0.409854
0.411319
0.412780
0.414237
0.415691
0.417141
0.418588
0.420031
0.421470
0.422907
0.424339
0.425768
0.427194
0.428616
0.430035
0.431451
0.432863
0.434271
0.435677
0.437078
0.438477
0.439872
0.441264
0.442652
0.444037
0.445419
0.446797
0.448173
0.449545
0.450913
0.452279
0.453641
0.455000
0.456355
0.457708
0.459057
0.460403
0.461746
0.463086
0.464423
0.465756
0.467087
0.468414
0.469738
0.471059
0.472377
0.473692
0.475004
0.476313
0.477619
0.478922
0.480221
0.481518
0.482812
0.484103
0.485391
0.486676
0.487958
0.489237
0.490513
0.491786
0.493057
0.494324
0.495589
0.496851
0.498110
0.499366
0.500619
0.501869
0.503117
0.504362
0.505604
0.506844
0.508080
0.509314
0.510545
0.511774
0.512999
0.514222
0.515443
0.516660
0.517875
0.519088
0.520297
0.521504
0.522709
0.523911
0.525110
0.526307
0.527501
0.528693
0.529882
0.531068
0.532252
0.533434
0.534612
0.535789
0.536963
0.538134
0.539304
0.540470
0.541634
0.542796
0.543955
0.545112
0.546267
0.547419
0.548569
0.549716
0.550862
0.552004
0.553145
0.554283
0.555419
0.556552
0.557684
0.558813
0.559939
0.561064
0.562186
0.563306
0.564424
0.565540
0.566653
0.567764
0.568873
0.569980
0.571085
0.572188
0.573288
0.574386
0.575483
0.576577
0.577669
0.578759
0.579847
0.580933
0.582016
0.583098
0.584178
0.585256
0.586332
0.587405
0.588477
0.589547
0.590615
0.591681
0.592744
0.593806
0.594866
0.595925
0.596981
0.598035
0.599088
0.600138
0.601187
0.602234
0.603279
0.604322
0.605364
0.606403
0.607441
0.608477
0.609511
0.610543
0.611574
0.612603
0.613630
0.614655
0.615679
0.616701
0.617721
0.618739
0.619756
0.620771
0.621785
0.622797
0.623807
0.624815
0.625822
0.626827
0.627831
0.628833
0.629833
0.630832
0.631829
0.632824
0.633818
0.634811
0.635802
0.636791
0.637779
0.638765
0.639750
0.640733
0.641715
0.642695
0.643674
0.644651
0.645627
0.646601
0.647574
0.648545
0.649515
0.650484
0.651451
0.652416
0.653381
0.654344
0.655305
0.656265
0.657224
0.658181
0.659137
0.660091
0.661045
0.661996
0.662947
0.663896
0.664844
0.665790
0.666736
0.667680
0.668622
0.669563
0.670503
0.671442
0.672380
0.673316
0.674251
0.675184
0.676117
0.677048
0.677978
0.678906
0.679834
0.680760
0.681685
0.682609
0.683531
0.684453
0.685373
0.686292
0.687210
0.688126
0.689042
0.689956
0.690869
0.691781
0.692692
0.693601
0.694510
0.695417
0.696323
0.697228
0.698132
0.699035
0.699937
0.700837
0.701737
0.702635
0.703532
0.704428
0.705323
0.706217
0.707110
0.708002
0.708893
0.709782
0.710671
0.711558
0.712445
0.713330
0.714214
0.715097
0.715979
0.716861
0.717741
0.718620
0.719497
0.720374
0.721250
0.722125
0.722999
0.723872
0.724743
0.725614
0.726484
0.727352
0.728220
0.729086
0.729952
0.730816
0.731680
0.732542
0.733404
0.734264
0.735124
0.735982
0.736840
0.737696
0.738552
0.739406
0.740260
0.741112
0.741963
0.742814
0.743663
0.744512
0.745359
0.746205
0.747051
0.747895
0.748739
0.749581
0.750422
0.751263
0.752102
0.752941
0.753778
0.754615
0.755450
0.756284
0.757118
0.757950
0.758781
0.759612
0.760441
0.761270
0.762097
0.762923
0.763749
0.764573
0.765396
0.766219
0.767040
0.767860
0.768680
0.769498
0.770315
0.771131
0.771946
0.772761
0.773574
0.774386
0.775197
0.776007
0.776816
0.777624
0.778431
0.779237
0.780041
0.780845
0.781648
0.782449
0.783250
0.784050
0.784848
0.785646
0.786442
0.787237
0.788031
0.788825
0.789617
0.790408
0.791197
0.791986
0.792774
0.793561
0.794346
0.795130
0.795914
0.796696
0.797477
0.798257
0.799036
0.799813
0.800590
0.801365
0.802140
0.802913
0.803685
0.804456
0.805225
0.805994
0.806761
0.807528
0.808293
0.809057
0.809819
0.810581
0.811341
0.812100
0.812858
0.813615
0.814370
0.815125
0.815878
0.816629
0.817380
0.818129
0.818878
0.819625
0.820370
0.821115
0.821858
0.822600
0.823340
0.824080
0.824818
0.825554
0.826290
0.827024
0.827757
0.828489
0.829219
0.829948
0.830676
0.831402
0.832127
0.832850
0.833573
0.834294
0.835013
0.835732
0.836448
0.837164
0.837878
0.838591
0.839302
0.840012
0.840721
0.841428
0.842134
0.842838
0.843541
0.844242
0.844942
0.845641
0.846338
0.847034
0.847728
0.848421
0.849112
0.849802
0.850490
0.851177
0.851863
0.852547
0.853229
0.853910
0.854589
0.855267
0.855943
0.856618
0.857291
0.857963
0.858633
0.859302
0.859969
0.860634
0.861298
0.861960
0.862621
0.863280
0.863938
0.864593
0.865248
0.865900
0.866551
0.867201
0.867849
0.868495
0.869139
0.869782
0.870423
0.871063
0.871701
0.872337
0.872972
0.873604
0.874236
0.874865
0.875493
0.876119
0.876743
0.877366
0.877987
0.878606
0.879223
0.879839
0.880453
0.881065
0.881676
0.882285
0.882892
0.883497
0.884100
0.884702
