0.000000
0.011409
0.023646
0.038802
0.046176
0.053264
0.061029
0.069607
0.079170
0.089967
0.102465
0.117543
0.136482
0.160395
0.189043
0.219789
0.247652
0.267143
0.275499
0.275151
0.272441
0.272019
0.273580
0.275535
0.277503
0.279465
0.281423
0.283376
0.285324
0.287267
0.289206
0.291139
0.293068
0.294992
0.296912
0.298827
0.300737
0.302643
0.304545
0.306483
0.308216
0.309946
0.311673
0.313397
0.315117
0.316834
0.318547
0.320257
0.321964
0.323667
0.325367
0.327064
0.328758
0.330448
0.332135
0.333819
0.335500
0.337178
0.338853
0.340525
0.342194
0.343860
0.345523
0.347183
0.348840
0.350495
0.352146
0.353795
0.355441
0.357085
0.358725
0.360363
0.361999
0.363632
0.365262
0.366890
0.368515
0.370138
0.371759
0.373377
0.374992
0.376606
0.378217
0.379825
0.381432
0.383036
0.384638
0.386238
0.387836
0.389431
0.391025
0.392617
0.394206
0.395794
0.397379
0.398963
0.400544
0.402124
0.403702
0.405278
0.406853
0.408425
0.409996
0.411565
0.413132
0.414698
0.416262
0.417825
0.419386
0.420945
0.422503
0.424059
0.425614
0.427167
0.428719
0.430269
0.431818
0.433366
0.434912
0.436457
0.438000
0.439543
0.441084
0.442624
0.444162
0.445699
0.447236
0.448771
0.450304
0.451837
0.453369
0.454899
0.456428
0.457957
0.459484
0.461010
0.462535
0.464060
0.465583
0.467105
0.468627
0.470147
0.471666
0.473185
0.474703
0.476219
0.477735
0.479250
0.480765
0.482278
0.483790
0.485302
0.486813
0.488323
0.489833
0.491341
0.492849
0.494356
0.495862
0.497368
0.498873
0.500377
0.501880
0.503383
0.504885
0.506386
0.507887
0.509386
0.510886
0.512384
0.513882
0.515379
0.516876
0.518371
0.519867
0.521361
0.522855
0.524348
0.525841
0.527332
0.528824
0.530314
0.531804
0.533293
0.534782
0.536270
0.537757
0.539243
0.540729
0.542214
0.543699
0.545183
0.546666
0.548148
0.549630
0.551111
0.552592
0.554071
0.555550
0.557028
0.558506
0.559983
0.561459
0.562934
0.564409
0.565882
0.567355
0.568828
0.570299
0.571770
0.573240
0.574709
0.576177
0.577644
0.579111
0.580577
0.582042
0.583506
0.584969
0.586431
0.587892
0.589353
0.590812
0.592271
0.593728
0.595185
0.596641
0.598095
0.599549
0.601002
0.602453
0.603904
0.605353
0.606802
0.608249
0.609695
0.611140
0.612584
0.614027
0.615469
0.616909
0.618349
0.619787
0.621224
0.622660
0.624094
0.625527
0.626959
0.628390
0.629819
0.631247
0.632673
0.634099
0.635522
0.636945
0.638366
0.639785
0.641203
0.642620
0.644035
0.645449
0.646861
0.648271
0.649680
0.651088
0.652494
0.653898
0.655301
0.656701
0.658101
0.659498
0.660894
0.662288
0.663681
0.665071
0.666460
0.667847
0.669232
0.670616
0.671997
0.673377
0.674755
0.676131
0.677505
0.678877
0.680247
0.681615
0.682981
0.684345
0.685706
0.687066
0.688424
0.689780
0.691133
0.692485
0.693834
0.695181
0.696526
0.697869
0.699209
0.700547
0.701883
0.703217
0.704548
0.705877
0.707204
0.708528
0.709850
0.711169
0.712487
0.713801
0.715113
0.716423
0.717730
0.719035
0.720337
0.721637
0.722934
0.724228
0.725520
0.726809
0.728096
0.729380
0.730661
0.731940
0.733216
0.734489
0.735759
0.737027
0.738292
0.739554
0.740813
0.742070
0.743323
0.744574
0.745822
0.747067
0.748309
0.749548
0.750784
0.752018
0.753248
0.754475
0.755699
0.756921
0.758139
0.759354
0.760566
0.761776
0.762982
0.764184
0.765384
0.766581
0.767774
0.768965
0.770152
0.771336
0.772516
0.773694
0.774868
0.776039
0.777207
0.778372
0.779533
0.780691
0.781845
0.782997
0.784145
0.785289
0.786430
0.787568
0.788703
0.789834
0.790962
0.792086
0.793207
0.794324
0.795438
0.796549
0.797656
0.798759
0.799859
0.800956
0.802049
0.803138
0.804224
0.805307
0.806386
0.807461
0.808533
0.809601
0.810666
0.811727
0.812784
0.813838
0.814888
0.815935
0.816978
0.818017
0.819052
0.820084
0.821113
0.822137
0.823158
0.824175
0.825189
0.826199
0.827205
0.828208
0.829206
0.830201
0.831193
0.832180
0.833164
0.834144
0.835120
0.836093
0.837062
0.838027
0.838988
0.839945
0.840899
0.841849
0.842795
0.843738
0.844676
0.845611
0.846542
0.847469
0.848393
0.849312
0.850228
0.851140
0.852048
0.852953
0.853853
0.854750
0.855643
0.856532
0.857417
0.858299
0.859176
0.860050
0.860920
0.861786
0.862649
0.863507
0.864362
0.865213
0.866060
0.866903
0.867742
0.868578
0.869410
0.870238
0.871062
0.871882
0.872699
0.873511
0.874320
0.875125
0.875926
0.876724
0.877518
0.878307
0.879093
0.879876
0.880654
0.881429
0.882200
0.882967
0.883730
0.884490
0.885245
0.885997
0.886746
0.887490
0.888231
0.888968
0.889701
0.890431
0.891156
0.891878
0.892597
0.893311
0.894022
0.894729
0.895432
0.896132
0.896828
0.897520
0.898209
0.898894
0.899575
0.900253
0.900927
0.901597
0.902264
0.902927
0.903586
0.904242
0.904894
0.905542
0.906187
0.906829
0.907466
0.908100
0.908731
0.909358
0.909981
0.910601
0.911217
0.911830
0.912439
0.913045
0.913647
0.914246
0.914841
0.915433
0.916021
0.916606
0.917187
0.917765
0.918339
0.918910
0.919478
0.920042
0.920602
0.921160
0.921714
0.922264
0.922811
0.923355
0.923896
0.924433
0.924966
0.925497
0.926024
0.926548
0.927068
0.927586
0.928100
0.928610
0.929118
0.929622
0.930123
0.930621
0.931116
0.931607
0.932095
0.932580
0.933062
0.933541
0.934016
0.934489
0.934958
0.935424
0.935887
0.936348
0.936804
0.937258
0.937709
0.938157
0.938602
0.939044
0.939482
0.939918
0.940351
0.940781
0.941207
0.941631
0.942052
0.942470
0.942885
0.943298
0.943707
0.944113
0.944517
0.944918
0.945316
0.945711
0.946103
0.946492
0.946879
0.947263
0.947644
0.948022
0.948398
0.948771
0.949141
0.949509
0.949873
0.950235
0.950595
0.950952
0.951306
0.951657
0.952006
0.952352
0.952696
