0.000000
0.047273
0.100320
0.163948
0.241889
0.282550
0.218851
0.189596
0.198505
0.208147
0.217311
0.226110
0.234679
0.243185
0.251858
0.261390
0.271076
0.275032
0.277613
0.280194
0.282792
0.285407
0.288038
0.290686
0.293351
0.296033
0.298733
0.301451
0.304188
0.306942
0.309716
0.312508
0.315320
0.318151
0.321002
0.323873
0.326765
0.329676
0.332608
0.335612
0.338386
0.341205
0.344048
0.346915
0.349805
0.352720
0.355658
0.358619
0.361605
0.364614
0.367647
0.370703
0.373783
0.376887
0.380014
0.383164
0.386338
0.389536
0.392756
0.395999
0.399266
0.402555
0.405867
0.409201
0.412557
0.415936
0.419336
0.422758
0.426201
0.429664
0.433149
0.436654
0.440179
0.443724
0.447288
0.450871
0.454473
0.458093
0.461731
0.465387
0.469059
0.472748
0.476453
0.480174
0.483910
0.487660
0.491425
0.495203
0.498994
0.502798
0.506614
0.510442
0.514280
0.518129
0.521987
0.525854
0.529730
0.533614
0.537506
0.541404
0.545307
0.549217
0.553131
0.557049
0.560971
0.564896
0.568823
0.572751
0.576680
0.580610
0.584539
0.588466
0.592392
0.596316
0.600236
0.604153
0.608064
0.611971
0.615872
0.619767
0.623654
0.627533
0.631404
0.635266
0.639118
0.642960
0.646790
0.650609
0.654415
0.658209
0.661989
0.665755
0.669506
0.673241
0.676961
0.680664
0.684350
0.688019
0.691669
0.695300
0.698913
0.702505
0.706077
0.709628
0.713158
0.716666
0.720152
0.723615
0.727055
0.730471
0.733863
0.737231
0.740573
0.743891
0.747183
0.750449
0.753688
0.756901
0.760087
0.763246
0.766377
0.769480
0.772554
0.775601
0.778618
0.781607
0.784566
0.787496
0.790397
0.793267
0.796108
0.798919
0.801699
0.804449
0.807168
0.809857
0.812514
0.815142
0.817738
0.820303
0.822837
0.825340
0.827812
0.830252
0.832662
0.835040
0.837387
0.839703
0.841989
0.844243
0.846466
0.848658
0.850819
0.852949
0.855049
0.857119
0.859157
0.861166
0.863144
0.865092
0.867011
0.868899
0.870758
0.872587
0.874387
0.876159
0.877901
0.879614
0.881299
0.882956
0.884584
0.886185
0.887758
0.889304
0.890822
0.892313
0.893778
0.895217
0.896629
0.898015
0.899375
0.900711
0.902021
0.903306
0.904566
0.905802
0.907014
0.908203
0.909367
0.910509
0.911628
0.912724
0.913797
0.914849
0.915879
0.916887
0.917874
0.918841
0.919787
0.920712
0.921617
0.922503
0.923370
0.924217
0.925045
0.925855
0.926647
0.927420
0.928176
0.928915
0.929636
0.930341
0.931029
0.931701
0.932357
0.932998
0.933622
0.934232
0.934827
0.935408
0.935974
0.936526
0.937064
0.937589
0.938101
0.938599
0.939085
0.939558
0.940019
0.940468
0.940906
0.941332
0.941746
0.942150
0.942543
0.942925
0.943297
0.943659
0.944011
0.944353
0.944686
0.945009
0.945324
0.945629
0.945926
0.946215
0.946495
0.946768
0.947032
0.947289
0.947539
0.947781
0.948016
0.948244
0.948465
0.948679
0.948888
0.949089
0.949285
0.949475
0.949659
0.949837
0.950010
0.950178
0.950340
0.950497
0.950649
0.950797
0.950940
0.951078
0.951211
0.951341
0.951466
0.951587
0.951705
0.951818
0.951928
0.952034
0.952136
0.952235
0.952331
0.952423
0.952513
0.952599
0.952682
0.952763
0.952841
0.952916
0.952988
0.953058
0.953126
0.953191
0.953253
0.953314
0.953372
0.953429
0.953483
0.953535
0.953586
0.953634
0.953681
0.953726
0.953770
0.953812
0.953852
0.953891
0.953928
0.953964
0.953999
0.954032
0.954064
0.954095
0.954124
0.954153
0.954180
0.954207
0.954232
0.954256
0.954279
0.954302
0.954323
0.954344
0.954364
0.954383
0.954401
0.954419
0.954436
0.954452
0.954468
0.954482
0.954497
0.954510
0.954524
0.954536
0.954548
0.954560
0.954571
0.954581
0.954592
0.954601
0.954611
0.954620
0.954628
0.954636
0.954644
0.954652
0.954659
0.954666
0.954672
0.954678
0.954684
0.954690
0.954695
0.954701
0.954706
0.954710
0.954715
0.954719
0.954723
0.954727
0.954731
0.954735
0.954738
0.954742
0.954745
0.954748
0.954750
0.954753
0.954756
0.954758
0.954761
0.954763
0.954765
0.954767
0.954769
0.954771
0.954773
0.954774
0.954776
0.954777
0.954779
0.954780
0.954781
0.954783
0.954784
0.954785
0.954786
0.954787
0.954788
0.954789
0.954790
0.954791
0.954791
0.954792
0.954793
0.954793
0.954794
0.954795
0.954795
0.954796
0.954796
0.954797
0.954797
0.954798
0.954798
0.954799
0.954799
0.954799
0.954800
0.954800
0.954800
0.954800
0.954801
0.954801
0.954801
0.954801
0.954802
0.954802
0.954802
0.954802
0.954802
0.954803
0.954803
0.954803
0.954803
0.954803
0.954803
0.954803
0.954803
0.954804
0.954804
0.954804
0.954804
0.954804
0.954804
0.954804
0.954804
0.954804
0.954804
0.954804
0.954804
0.954804
0.954804
0.954805
0.954805
0.954805
0.954805
0.954805
0.954805
0.954805
0.954805
0.954805
0.954805
0.954805
0.954805
0.954805
0.954805
0.954805
0.954805
0.954805
0.954805
0.954805
0.954805
0.954805
0.954805
0.954805
0.954805
0.954805
0.954805
0.954805
0.954805
0.954805
0.954805
0.954805
0.954805
0.954805
0.954805
0.954805
0.954805
0.954805
0.954805
0.954805
0.954805
0.954805
0.954805
0.954805
0.954805
0.954805
0.954805
0.954805
0.954805
0.954805
0.954805
0.954805
0.954805
0.954805
0.954805
0.954805
0.954805
0.954805
0.954805
0.954805
0.954805
0.954805
0.954805
0.954805
0.954805
0.954805
0.954805
0.954805
0.954805
0.954805
0.954805
0.954805
0.954805
0.954805
0.954805
0.954805
0.954805
0.954805
0.954805
0.954805
0.954805
0.954805
0.954805
0.954805
0.954805
0.954805
0.954805
0.954805
0.954805
0.954805
0.954805
0.954805
0.954805
0.954805
0.954805
0.954805
0.954805
0.954805
0.954805
0.954805
0.954805
0.954805
0.954805
0.954805
0.954805
0.954805
0.954805
0.954805
0.954805
0.954805
0.954805
0.954805
0.954805
0.954805
0.954805
0.954805
0.954805
0.954805
