0.000000
0.010813
0.016564
0.022241
0.027966
0.033844
0.039979
0.046493
0.053493
0.061097
0.069437
0.078665
0.088951
0.100501
0.113596
0.128608
0.146004
0.166396
0.190750
0.220507
0.257813
0.306483
0.373953
0.475758
0.641560
0.849096
0.946410
0.953409
0.953386
0.953971
0.954582
0.955196
0.955809
0.956419
0.957023
0.957619
0.958205
0.958782
0.959347
0.959899
0.960439
0.960966
0.961478
0.961977
0.962462
0.962931
0.963387
0.963827
0.964253
0.964664
0.965061
0.965443
0.965811
0.966165
0.966505
0.966831
0.967144
0.967443
0.967730
0.968004
0.968267
0.968517
0.968755
0.968983
0.969199
0.969406
0.969602
0.969788
0.969964
0.970132
0.970291
0.970442
0.970584
0.970719
0.970846
0.970967
0.971080
0.971188
0.971289
0.971384
0.971473
0.971558
0.971637
0.971712
0.971782
0.971847
0.971909
0.971967
0.972021
0.972071
0.972119
0.972163
0.972205
0.972243
0.972280
0.972313
0.972345
0.972374
0.972402
0.972427
0.972451
0.972473
0.972494
0.972513
0.972530
0.972547
0.972562
0.972576
0.972590
0.972602
0.972613
0.972624
0.972633
0.972642
0.972651
0.972658
0.972665
0.972672
0.972678
0.972684
0.972689
0.972693
0.972698
0.972702
0.972706
0.972709
0.972712
0.972715
0.972718
0.972720
0.972722
0.972724
0.972726
0.972728
0.972730
0.972731
0.972733
0.972734
0.972735
0.972736
0.972737
0.972738
0.972739
0.972739
0.972740
0.972741
0.972741
0.972742
0.972742
0.972743
0.972743
0.972743
0.972744
0.972744
0.972744
0.972744
0.972745
0.972745
0.972745
0.972745
0.972745
0.972745
0.972746
0.972746
0.972746
0.972746
0.972746
0.972746
0.972746
0.972746
0.972746
0.972746
0.972746
0.972746
0.972746
0.972747
0.972747
0.972747
0.972747
0.972747
0.972747
0.972747
0.972747
0.972747
0.972747
0.972747
0.972747
0.972747
0.972747
0.972747
0.972747
0.972747
0.972747
0.972747
0.972747
0.972747
0.972747
0.972747
0.972747
0.972747
0.972747
0.972747
0.972747
0.972747
0.972747
0.972747
0.972747
0.972747
0.972747
0.972747
0.972747
0.972747
0.972747
0.972747
0.972747
0.972747
0.972747
0.972747
0.972747
0.972747
0.972747
0.972747
0.972747
0.972747
0.972747
0.972747
0.972747
0.972747
0.972747
0.972747
0.972747
0.972747
0.972747
0.972747
0.972747
0.972747
0.972747
0.972747
0.972747
0.972747
0.972747
0.972747
0.972747
0.972747
0.972747
0.972747
0.972747
0.972747
0.972747
0.972747
0.972747
0.972747
0.972747
0.972747
0.972747
0.972747
0.972747
0.972747
0.972747
0.972747
0.972747
0.972747
0.972747
0.972747
0.972747
0.972747
0.972747
0.972747
0.972747
0.972747
0.972747
0.972747
0.972747
0.972747
0.972747
0.972747
0.972747
0.972747
0.972747
0.972747
0.972747
0.972747
0.972747
0.972747
0.972747
0.972747
0.972747
0.972747
0.972747
0.972747
0.972747
0.972747
0.972747
0.972747
0.972747
0.972747
0.972747
0.972747
0.972747
0.972747
0.972747
0.972747
0.972747
0.972747
0.972747
0.972747
0.972747
0.972747
0.972747
0.972747
0.972747
0.972747
0.972747
0.972747
0.972747
0.972747
0.972747
0.972747
0.972747
0.972747
0.972747
0.972747
0.972747
0.972747
0.972747
0.972747
0.972747
0.972747
0.972747
0.972747
0.972747
0.972747
0.972747
0.972747
0.972747
0.972747
0.972747
0.972747
0.972747
0.972747
0.972747
0.972747
0.972747
0.972747
0.972747
0.972747
0.972747
0.972747
0.972747
0.972747
0.972747
0.972747
0.972747
0.972747
0.972747
0.972747
0.972747
0.972747
0.972747
0.972747
0.972747
0.972747
0.972747
0.972747
0.972747
0.972747
0.972747
0.972747
0.972747
0.972747
0.972747
0.972747
0.972747
0.972747
0.972747
0.972747
0.972747
0.972747
0.972747
0.972747
0.972747
0.972747
0.972747
0.972747
0.972747
0.972747
0.972747
0.972747
0.972747
0.972747
0.972747
0.972747
0.972747
0.972747
0.972747
0.972747
0.972747
0.972747
0.972747
0.972747
0.972747
0.972747
0.972747
0.972747
0.972747
0.972747
0.972747
0.972747
0.972747
0.972747
0.972747
0.972747
0.972747
0.972747
0.972747
0.972747
0.972747
0.972747
0.972747
0.972747
0.972747
0.972747
0.972747
0.972747
0.972747
0.972747
0.972747
0.972747
0.972747
0.972747
0.972747
0.972747
0.972747
0.972747
0.972747
0.972747
0.972747
0.972747
0.972747
0.972747
0.972747
0.972747
0.972747
0.972747
0.972747
0.972747
0.972747
0.972747
0.972747
0.972747
0.972747
0.972747
0.972747
0.972747
0.972747
0.972747
0.972747
0.972747
0.972747
0.972747
0.972747
0.972747
0.972747
0.972747
0.972747
0.972747
0.972747
0.972747
0.972747
0.972747
0.972747
0.972747
0.972747
0.972747
0.972747
0.972747
0.972747
0.972747
0.972747
0.972747
0.972747
0.972747
0.972747
0.972747
0.972747
0.972747
0.972747
0.972747
0.972747
0.972747
0.972747
0.972747
0.972747
0.972747
0.972747
0.972747
0.972747
0.972747
0.972747
0.972747
0.972747
0.972747
0.972747
0.972747
0.972747
0.972747
0.972747
0.972747
0.972747
0.972747
0.972747
0.972747
0.972747
0.972747
0.972747
0.972747
0.972747
0.972747
0.972747
0.972747
0.972747
0.972747
0.972747
0.972747
0.972747
0.972747
0.972747
0.972747
0.972747
0.972747
0.972747
0.972747
0.972747
0.972747
0.972747
0.972747
0.972747
0.972747
0.972747
0.972747
0.972747
0.972747
0.972747
0.972747
0.972747
0.972747
0.972747
0.972747
0.972747
0.972747
0.972747
0.972747
0.972747
0.972747
0.972747
0.972747
0.972747
0.972747
0.972747
0.972747
0.972747
0.972747
0.972747
0.972747
0.972747
0.972747
0.972747
0.972747
0.972747
0.972747
0.972747
0.972747
0.972747
0.972747
0.972747
0.972747
0.972747
0.972747
0.972747
0.972747
0.972747
0.972747
0.972747
0.972747
0.972747
0.972747
0.972747
0.972747
0.972747
0.972747
0.972747
0.972747
0.972747
0.972747
0.972747
0.972747
0.972747
0.972747
0.972747
0.972747
