0.000000
0.014228
0.028815
0.044044
0.060257
0.077878
0.098014
0.122184
0.144694
0.174402
0.208537
0.238869
0.258268
0.266128
0.267350
0.267227
0.268115
0.269872
0.271836
0.273805
0.275768
0.277725
0.279676
0.281622
0.283561
0.285495
0.287424
0.289347
0.291265
0.293177
0.295084
0.296985
0.298881
0.300772
0.302658
0.304539
0.306415
0.308286
0.310151
0.312056
0.313759
0.315455
0.317148
0.318837
0.320522
0.322203
0.323879
0.325552
0.327221
0.328886
0.330547
0.332204
0.333857
0.335506
0.337151
0.338793
0.340431
0.342065
0.343695
0.345321
0.346944
0.348563
0.350178
0.351790
0.353398
0.355002
0.356602
0.358199
0.359793
0.361383
0.362969
0.364552
0.366131
0.367707
0.369279
0.370848
0.372413
0.373975
0.375534
0.377089
0.378641
0.380189
0.381734
0.383276
0.384815
0.386350
0.387882
0.389411
0.390937
0.392459
0.393979
0.395495
0.397008
0.398518
0.400024
0.401528
0.403029
0.404527
0.406021
0.407513
0.409002
0.410488
0.411970
0.413450
0.414928
0.416402
0.417873
0.419342
0.420807
0.422270
0.423731
0.425188
0.426643
0.428095
0.429544
0.430991
0.432435
0.433876
0.435315
0.436751
0.438185
0.439616
0.441045
0.442471
0.443895
0.445316
0.446735
0.448151
0.449565
0.450976
0.452385
0.453792
0.455197
0.456599
0.457999
0.459396
0.460792
0.462185
0.463576
0.464965
0.466351
0.467736
0.469118
0.470498
0.471876
0.473252
0.474626
0.475998
0.477368
0.478736
0.480102
0.481466
0.482828
0.484189
0.485547
0.486903
0.488258
0.489610
0.490961
0.492310
0.493658
0.495003
0.496347
0.497689
0.499029
0.500368
0.501705
0.503040
0.504373
0.505705
0.507036
0.508364
0.509692
0.511017
0.512341
0.513664
0.514985
0.516304
0.517622
0.518939
0.520254
0.521567
0.522880
0.524190
0.525500
0.526808
0.528115
0.529420
0.530724
0.532027
0.533328
0.534629
0.535927
0.537225
0.538521
0.539817
0.541111
0.542403
0.543695
0.544985
0.546275
0.547563
0.548850
0.550136
0.551420
0.552704
0.553986
0.555268
0.556548
0.557828
0.559106
0.560384
0.561660
0.562935
0.564210
0.565483
0.566755
0.568027
0.569297
0.570567
0.571835
0.573103
0.574370
0.575636
0.576901
0.578165
0.579428
0.580691
0.581952
0.583213
0.584473
0.585732
0.586990
0.588247
0.589504
0.590760
0.592015
0.593269
0.594522
0.595775
0.597027
0.598278
0.599528
0.600778
0.602027
0.603275
0.604522
0.605769
0.607015
0.608260
0.609505
0.610749
0.611992
0.613234
0.614476
0.615717
0.616957
0.618196
0.619435
0.620674
0.621911
0.623148
0.624384
0.625620
0.626854
0.628088
0.629322
0.630555
0.631787
0.633018
0.634249
0.635479
0.636708
0.637937
0.639165
0.640392
0.641619
0.642845
0.644070
0.645295
0.646519
0.647742
0.648964
0.650186
0.651407
0.652628
0.653847
0.655066
0.656285
0.657502
0.658719
0.659935
0.661151
0.662366
0.663580
0.664793
0.666005
0.667217
0.668428
0.669638
0.670848
0.672056
0.673264
0.674471
0.675677
0.676883
0.678088
0.679291
0.680494
0.681697
0.682898
0.684099
0.685298
0.686497
0.687695
0.688892
0.690088
0.691283
0.692478
0.693671
0.694864
0.696055
0.697246
0.698436
0.699624
0.700812
0.701999
0.703185
0.704369
0.705553
0.706736
0.707917
0.709098
0.710278
0.711456
0.712633
0.713810
0.714985
0.716159
0.717332
0.718503
0.719674
0.720843
0.722012
0.723179
0.724345
0.725509
0.726672
0.727835
0.728995
0.730155
0.731313
0.732470
0.733626
0.734780
0.735933
0.737084
0.738235
0.739383
0.740531
0.741677
0.742821
0.743964
0.745106
0.746246
0.747384
0.748522
0.749657
0.750791
0.751924
0.753054
0.754184
0.755311
0.756437
0.757562
0.758684
0.759805
0.760925
0.762042
0.763158
0.764273
0.765385
0.766496
0.767605
0.768712
0.769817
0.770920
0.772022
0.773122
0.774219
0.775315
0.776409
0.777501
0.778591
0.779679
0.780766
0.781850
0.782932
0.784012
0.785090
0.786166
0.787240
0.788311
0.789381
0.790449
0.791514
0.792577
0.793638
0.794697
0.795753
0.796808
0.797860
0.798909
0.799957
0.801002
0.802045
0.803085
0.804124
0.805159
0.806193
0.807224
0.808252
0.809278
0.810302
0.811323
0.812342
0.813358
0.814372
0.815383
0.816392
0.817398
0.818401
0.819402
0.820400
0.821396
0.822389
0.823379
0.824367
0.825352
0.826334
0.827313
0.828290
0.829264
0.830236
0.831204
0.832170
0.833133
0.834093
0.835050
0.836004
0.836956
0.837904
0.838850
0.839793
0.840733
0.841669
0.842603
0.843534
0.844463
0.845388
0.846310
0.847229
0.848145
0.849058
0.849967
0.850874
0.851778
0.852679
0.853576
0.854471
0.855362
0.856250
0.857135
0.858017
0.858896
0.859771
0.860644
0.861513
0.862378
0.863241
0.864101
0.864957
0.865810
0.866659
0.867506
0.868349
0.869188
0.870025
0.870858
0.871688
0.872514
0.873338
0.874157
0.874974
0.875787
0.876597
0.877403
0.878206
0.879005
0.879802
0.880594
0.881384
0.882169
0.882952
0.883731
0.884506
0.885279
0.886047
0.886812
0.887574
0.888332
0.889087
0.889838
0.890586
0.891331
0.892071
0.892809
0.893542
0.894273
0.894999
0.895723
0.896442
0.897159
0.897871
0.898580
0.899286
0.899988
0.900687
0.901382
0.902073
0.902761
0.903445
0.904126
0.904803
0.905477
0.906147
0.906814
0.907477
0.908136
0.908792
0.909445
0.910094
0.910739
0.911381
0.912019
0.912653
0.913284
0.913912
0.914536
0.915156
0.915773
0.916386
0.916996
0.917603
0.918205
0.918804
0.919400
0.919992
0.920581
0.921166
0.921747
0.922325
0.922900
0.923471
0.924038
0.924602
0.925163
0.925720
0.926273
0.926824
0.927370
0.927913
0.928453
0.928989
0.929522
0.930051
0.930577
0.931099
0.931618
0.932134
0.932646
0.933154
0.933660
0.934162
0.934660
0.935155
0.935647
0.936135
0.936620
0.937102
0.937580
0.938055
0.938527
0.938995
0.939460
0.939922
0.940380
0.940836
0.941287
0.941736
