0.000000
0.013348
0.021755
0.027000
0.032561
0.038531
0.045016
0.052162
0.060196
0.069420
0.080194
0.092893
0.107860
0.125356
0.145476
0.168055
0.192561
0.218060
0.243103
0.265449
0.281819
0.288327
0.283978
0.276846
0.275432
0.277123
0.279130
0.281141
0.283151
0.285158
0.287163
0.289166
0.291167
0.293165
0.295161
0.297154
0.299146
0.301135
0.303122
0.305149
0.306967
0.308787
0.310606
0.312424
0.314242
0.316058
0.317874
0.319689
0.321503
0.323317
0.325130
0.326942
0.328754
0.330565
0.332376
0.334187
0.335997
0.337807
0.339616
0.341426
0.343235
0.345044
0.346853
0.348661
0.350470
0.352279
0.354087
0.355896
0.357705
0.359514
0.361322
0.363131
0.364941
0.366750
0.368560
0.370369
0.372179
0.373989
0.375800
0.377611
0.379421
0.381233
0.383044
0.384856
0.386668
0.388480
0.390293
0.392106
0.393919
0.395733
0.397547
0.399361
0.401175
0.402990
0.404805
0.406620
0.408435
0.410251
0.412067
0.413883
0.415699
0.417515
0.419332
0.421148
0.422965
0.424782
0.426599
0.428415
0.430232
0.432049
0.433866
0.435683
0.437499
0.439316
0.441132
0.442948
0.444764
0.446579
0.448394
0.450209
0.452024
0.453838
0.455652
0.457465
0.459277
0.461089
0.462901
0.464712
0.466522
0.468331
0.470140
0.471948
0.473755
0.475561
0.477366
0.479170
0.480973
0.482775
0.484576
0.486376
0.488175
0.489972
0.491768
0.493563
0.495356
0.497148
0.498939
0.500728
0.502515
0.504301
0.506085
0.507868
0.509649
0.511428
0.513205
0.514980
0.516754
0.518525
0.520295
0.522062
0.523828
0.525591
0.527352
0.529111
0.530867
0.532622
0.534374
0.536123
0.537870
0.539615
0.541357
0.543097
0.544834
0.546568
0.548300
0.550029
0.551755
0.553479
0.555199
0.556917
0.558632
0.560344
0.562053
0.563759
0.565462
0.567162
0.568858
0.570552
0.572242
0.573929
0.575613
0.577294
0.578971
0.580645
0.582316
0.583983
0.585647
0.587307
0.588964
0.590617
0.592266
0.593913
0.595555
0.597194
0.598829
0.600460
0.602088
0.603712
0.605332
0.606949
0.608561
0.610170
0.611775
0.613376
0.614973
0.616566
0.618155
0.619740
0.621321
0.622899
0.624472
0.626041
0.627606
0.629167
0.630723
0.632276
0.633825
0.635369
0.636909
0.638445
0.639977
0.641504
0.643028
0.644547
0.646061
0.647572
0.649078
0.650580
0.652077
0.653571
0.655060
0.656544
0.658024
0.659500
0.660971
0.662438
0.663901
0.665359
0.666813
0.668262
0.669707
0.671148
0.672584
0.674015
0.675442
0.676865
0.678283
0.679696
0.681106
0.682510
0.683910
0.685306
0.686697
0.688084
0.689466
0.690843
0.692216
0.693585
0.694949
0.696308
0.697663
0.699014
0.700359
0.701701
0.703038
0.704370
0.705697
0.707021
0.708339
0.709653
0.710963
0.712268
0.713568
0.714864
0.716155
0.717442
0.718725
0.720002
0.721276
0.722544
0.723809
0.725068
0.726323
0.727574
0.728820
0.730062
0.731299
0.732531
0.733760
0.734983
0.736202
0.737417
0.738627
0.739833
0.741034
0.742231
0.743423
0.744611
0.745794
0.746973
0.748148
0.749318
0.750483
0.751644
0.752801
0.753954
0.755102
0.756245
0.757384
0.758519
0.759650
0.760776
0.761897
0.763015
0.764128
0.765236
0.766341
0.767441
0.768536
0.769628
0.770715
0.771798
0.772876
0.773950
0.775020
0.776086
0.777148
0.778205
0.779258
0.780307
0.781351
0.782392
0.783428
0.784460
0.785487
0.786511
0.787531
0.788546
0.789557
0.790564
0.791567
0.792566
0.793561
0.794551
0.795538
0.796520
0.797499
0.798473
0.799443
0.800410
0.801372
0.802330
0.803284
0.804235
0.805181
0.806123
0.807061
0.807996
0.808926
0.809853
0.810775
0.811694
0.812609
0.813520
0.814427
0.815330
0.816229
0.817125
0.818016
0.818904
0.819788
0.820668
0.821545
0.822417
0.823286
0.824151
0.825012
0.825870
0.826724
0.827574
0.828420
0.829263
0.830102
0.830938
0.831769
0.832597
0.833422
0.834243
0.835060
0.835874
0.836684
0.837490
0.838293
0.839092
0.839888
0.840680
0.841469
0.842254
0.843036
0.843814
0.844588
0.845360
0.846127
0.846892
0.847653
0.848410
0.849164
0.849915
0.850662
0.851406
0.852146
0.852883
0.853617
0.854348
0.855075
0.855799
0.856519
0.857236
0.857950
0.858661
0.859368
0.860072
0.860773
0.861471
0.862165
0.862857
0.863545
0.864230
0.864911
0.865590
0.866265
0.866938
0.867607
0.868273
0.868936
0.869596
0.870252
0.870906
0.871557
0.872204
0.872849
0.873490
0.874129
0.874764
0.875397
0.876027
0.876653
0.877277
0.877897
0.878515
0.879130
0.879742
0.880351
0.880957
0.881560
0.882160
0.882757
0.883352
0.883944
0.884533
0.885119
0.885702
0.886282
0.886860
0.887435
0.888007
0.888576
0.889143
0.889707
0.890268
0.890826
0.891382
0.891935
0.892485
0.893033
0.893578
0.894120
0.894660
0.895197
0.895731
0.896263
0.896792
0.897319
0.897843
0.898364
0.898883
0.899400
0.899913
0.900425
0.900933
0.901439
0.901943
0.902444
0.902943
0.903439
0.903933
0.904424
0.904913
0.905400
0.905884
0.906365
0.906844
0.907321
0.907796
0.908268
0.908737
0.909204
0.909669
0.910132
0.910592
0.911050
0.911506
0.911959
0.912410
0.912859
0.913305
0.913750
0.914192
0.914631
0.915069
0.915504
0.915937
0.916368
0.916797
0.917223
0.917647
0.918069
0.918489
0.918907
0.919323
0.919736
0.920147
0.920557
0.920964
0.921369
0.921772
0.922173
0.922571
0.922968
0.923363
0.923755
0.924146
0.924535
0.924921
0.925306
0.925688
0.926069
0.926447
0.926824
0.927198
0.927571
0.927941
0.928310
0.928677
0.929042
0.929405
0.929766
0.930125
0.930482
0.930837
0.931191
0.931542
0.931892
0.932240
0.932586
0.932930
0.933272
0.933613
0.933951
0.934288
0.934623
0.934957
0.935288
0.935618
0.935946
0.936272
0.936597
0.936919
0.937240
0.937560
0.937877
0.938193
0.938507
0.938819
0.939130
0.939439
0.939747
0.940052
0.940356
0.940659
