0.000000
0.178760
0.274970
0.338092
0.384048
0.419668
0.448501
0.472494
0.492887
0.510531
0.525986
0.539661
0.551882
0.562899
0.572900
0.582045
0.590472
0.598299
0.605621
0.612532
0.619134
0.625534
0.631860
0.639030
0.650948
0.662840
0.666758
0.667205
0.667226
0.667227
0.667227
0.667227
0.667227
0.667227
0.667227
0.667227
0.667227
0.667227
0.667227
0.667227
0.667227
0.667227
0.667227
0.667227
0.667227
0.667227
0.667227
0.667227
0.667227
0.667227
0.667227
0.667227
0.667227
0.667227
0.667227
0.667227
0.667227
0.667227
0.667227
0.667227
0.667227
0.667227
0.667227
0.667227
0.667227
0.667227
0.667227
0.667227
0.667227
0.667227
0.667227
0.667227
0.667227
0.667227
0.667227
0.667227
0.667227
0.667227
0.667227
0.667227
0.667227
0.667227
0.667227
0.667227
0.667227
0.667227
0.667227
0.667227
0.667227
0.667227
0.667227
0.667227
0.667227
0.667227
0.667227
0.667227
0.667227
0.667227
0.667227
0.667227
0.667227
0.667227
0.667227
0.667227
0.667227
0.667227
0.667227
0.667227
0.667227
0.667227
0.667227
0.667227
0.667227
0.667227
0.667227
0.667227
0.667227
0.667227
0.667227
0.667227
0.667227
0.667227
0.667227
0.667227
0.667227
0.667227
0.667227
0.667227
0.667227
0.667227
0.667227
0.667227
0.667227
0.667227
0.667227
0.667227
0.667227
0.667227
0.667227
0.667227
0.667227
0.667227
0.667227
0.667227
0.667227
0.667227
0.667227
0.667227
0.667227
0.667227
0.667227
0.667227
0.667227
0.667227
0.667227
0.667227
0.667227
0.667227
0.667227
0.667227
0.667227
0.667227
0.667227
0.667227
0.667227
0.667227
0.667227
0.667227
0.667227
0.667227
0.667227
0.667227
0.667227
0.667227
0.667227
0.667227
0.667227
0.667227
0.667227
0.667227
0.667227
0.667227
0.667227
0.667227
0.667227
0.667227
0.667227
0.667227
0.667227
0.667227
0.667227
0.667227
0.667227
0.667227
0.667227
0.667227
0.667227
0.667227
0.667227
0.667227
0.667227
0.667227
0.667227
0.667227
0.667227
0.667227
0.667227
0.667227
0.667227
0.667227
0.667227
0.667227
0.667227
0.667227
0.667227
0.667227
0.667227
0.667227
0.667227
0.667227
0.667227
0.667227
0.667227
0.667227
0.667227
0.667227
0.667227
0.667227
0.667227
0.667227
0.667227
0.667227
0.667227
0.667227
0.667227
0.667227
0.667227
0.667227
0.667227
0.667227
0.667227
0.667227
0.667227
0.667227
0.667227
0.667227
0.667227
0.667227
0.667227
0.667227
0.667227
0.667227
0.667227
0.667227
0.667227
0.667227
0.667227
0.667227
0.667227
0.667227
0.667227
0.667227
0.667227
0.667227
0.667227
0.667227
0.667227
0.667227
0.667227
0.667227
0.667227
0.667227
0.667227
0.667227
0.667227
0.667227
0.667227
0.667227
0.667227
0.667227
0.667227
0.667227
0.667227
0.667227
0.667227
0.667227
0.667227
0.667227
0.667227
0.667227
0.667227
0.667227
0.667227
0.667227
0.667227
0.667227
0.667227
0.667227
0.667227
0.667227
0.667227
0.667227
0.667227
0.667227
0.667227
0.667227
0.667227
0.667227
0.667227
0.667227
0.667227
0.667227
0.667227
0.667227
0.667227
0.667227
0.667227
0.667227
0.667227
0.667227
0.667227
0.667227
0.667227
0.667227
0.667227
0.667227
0.667227
0.667227
0.667227
0.667227
0.667227
0.667227
0.667227
0.667227
0.667227
0.667227
0.667227
0.667227
0.667227
0.667227
0.667227
0.667227
0.667227
0.667227
0.667227
0.667227
0.667227
0.667227
0.667227
0.667227
0.667227
0.667227
0.667227
0.667227
0.667227
0.667227
0.667227
0.667227
0.667227
0.667227
0.667227
0.667227
0.667227
0.667227
0.667227
0.667227
0.667227
0.667227
0.667227
0.667227
0.667227
0.667227
0.667227
0.667227
0.667227
0.667227
0.667227
0.667227
0.667227
0.667227
0.667227
0.667227
0.667227
0.667227
0.667227
0.667227
0.667227
0.667227
0.667227
0.667227
0.667227
0.667227
0.667227
0.667227
0.667227
0.667227
0.667227
0.667227
0.667227
0.667227
0.667227
0.667227
0.667227
0.667227
0.667227
0.667227
0.667227
0.667227
0.667227
0.667227
0.667227
0.667227
0.667227
0.667227
0.667227
0.667227
0.667227
0.667227
0.667227
0.667227
0.667227
0.667227
0.667227
0.667227
0.667227
0.667227
0.667227
0.667227
0.667227
0.667227
0.667227
0.667227
0.667227
0.667227
0.667227
0.667227
0.667227
0.667227
0.667227
0.667227
0.667227
0.667227
0.667227
0.667227
0.667227
0.667227
0.667227
0.667227
0.667227
0.667227
0.667227
0.667227
0.667227
0.667227
0.667227
0.667227
0.667227
0.667227
0.667227
0.667227
0.667227
0.667227
0.667227
0.667227
0.667227
0.667227
0.667227
0.667227
0.667227
0.667227
0.667227
0.667227
0.667227
0.667227
0.667227
0.667227
0.667227
0.667227
0.667227
0.667227
0.667227
0.667227
0.667227
0.667227
0.667227
0.667227
0.667227
0.667227
0.667227
0.667227
0.667227
0.667227
0.667227
0.667227
0.667227
0.667227
0.667227
0.667227
0.667227
0.667227
0.667227
0.667227
0.667227
0.667227
0.667227
0.667227
0.667227
0.667227
0.667227
0.667227
0.667227
0.667227
0.667227
0.667227
0.667227
0.667227
0.667227
0.667227
0.667227
0.667227
0.667227
0.667227
0.667227
0.667227
0.667227
0.667227
0.667227
0.667227
0.667227
0.667227
0.667227
0.667227
0.667227
0.667227
0.667227
0.667227
0.667227
0.667227
0.667227
0.667227
0.667227
0.667227
0.667227
0.667227
0.667227
0.667227
0.667227
0.667227
0.667227
0.667227
0.667227
0.667227
0.667227
0.667227
0.667227
0.667227
0.667227
0.667227
0.667227
0.667227
0.667227
0.667227
0.667227
0.667227
0.667227
0.667227
0.667227
0.667227
0.667227
0.667227
0.667227
0.667227
0.667227
0.667227
0.667227
0.667227
0.667227
0.667227
0.667227
0.667227
0.667227
0.667227
0.667227
0.667227
0.667227
0.667227
0.667227
0.667227
0.667227
0.667227
0.667227
0.667227
0.667227
0.667227
0.667227
0.667227
0.667227
0.667227
0.667227
0.667227
