0.000000
0.013118
0.021652
0.026724
0.032064
0.037762
0.043892
0.050538
0.057813
0.065847
0.074798
0.084844
0.096219
0.109241
0.124334
0.142055
0.163173
0.188911
0.221260
0.263541
0.321456
0.403101
0.486886
0.473622
0.419374
0.412151
0.415959
0.420234
0.424616
0.429091
0.433649
0.438284
0.442989
0.447762
0.452597
0.457492
0.462445
0.467452
0.472512
0.477770
0.482759
0.487813
0.492919
0.498072
0.503272
0.508515
0.513799
0.519122
0.524482
0.529877
0.535303
0.540760
0.546244
0.551754
0.557287
0.562841
0.568413
0.574002
0.579604
0.585218
0.590841
0.596471
0.602105
0.607741
0.613376
0.619009
0.624637
0.630258
0.635868
0.641467
0.647052
0.652620
0.658169
0.663698
0.669204
0.674685
0.680138
0.685563
0.690957
0.696317
0.701643
0.706932
0.712183
0.717394
0.722563
0.727689
0.732770
0.737804
0.742791
0.747729
0.752616
0.757452
0.762235
0.766964
0.771639
0.776257
0.780819
0.785323
0.789769
0.794156
0.798483
0.802750
0.806955
0.811100
0.815182
0.819203
0.823161
0.827056
0.830889
0.834658
0.838364
0.842007
0.845587
0.849104
0.852558
0.855949
0.859278
0.862544
0.865748
0.868890
0.871971
0.874990
0.877950
0.880848
0.883688
0.886468
0.889189
0.891852
0.894458
0.897007
0.899500
0.901937
0.904319
0.906648
0.908922
0.911144
0.913314
0.915433
0.917501
0.919520
0.921489
0.923411
0.925285
0.927112
0.928894
0.930631
0.932324
0.933973
0.935580
0.937145
0.938669
0.940153
0.941598
0.943004
0.944373
0.945705
0.947000
0.948261
0.949486
0.950678
0.951837
0.952963
0.954058
0.955122
0.956156
0.957160
0.958136
0.959083
0.960004
0.960897
0.961765
0.962607
0.963425
0.964219
0.964989
0.965736
0.966461
0.967164
0.967846
0.968508
0.969149
0.969771
0.970375
0.970959
0.971526
0.972076
0.972609
0.973125
0.973625
0.974110
0.974579
0.975034
0.975475
0.975902
0.976316
0.976716
0.977104
0.977480
0.977843
0.978196
0.978537
0.978867
0.979186
0.979496
0.979795
0.980085
0.980365
0.980637
0.980900
0.981154
0.981400
0.981638
0.981868
0.982091
0.982307
0.982515
0.982717
0.982912
0.983101
0.983284
0.983461
0.983632
0.983797
0.983957
0.984111
0.984261
0.984406
0.984546
0.984681
0.984812
0.984938
0.985061
0.985179
0.985293
0.985404
0.985511
0.985614
0.985714
0.985811
0.985905
0.985995
0.986083
0.986167
0.986249
0.986328
0.986404
0.986478
0.986550
0.986619
0.986686
0.986750
0.986813
0.986873
0.986931
0.986988
0.987042
0.987095
0.987146
0.987196
0.987243
0.987289
0.987334
0.987377
0.987419
0.987459
0.987498
0.987536
0.987572
0.987608
0.987642
0.987675
0.987707
0.987737
0.987767
0.987796
0.987824
0.987851
0.987877
0.987902
0.987927
0.987950
0.987973
0.987995
0.988017
0.988037
0.988057
0.988077
0.988095
0.988113
0.988131
0.988148
0.988164
0.988180
0.988195
0.988210
0.988224
0.988238
0.988252
0.988265
0.988277
0.988290
0.988301
0.988313
0.988324
0.988334
0.988345
0.988355
0.988364
0.988374
0.988383
0.988392
0.988400
0.988408
0.988416
0.988424
0.988431
0.988439
0.988446
0.988452
0.988459
0.988465
0.988471
0.988477
0.988483
0.988489
0.988494
0.988499
0.988504
0.988509
0.988514
0.988519
0.988523
0.988527
0.988531
0.988535
0.988539
0.988543
0.988547
0.988550
0.988554
0.988557
0.988560
0.988564
0.988567
0.988570
0.988572
0.988575
0.988578
0.988580
0.988583
0.988585
0.988588
0.988590
0.988592
0.988594
0.988596
0.988598
0.988600
0.988602
0.988604
0.988606
0.988608
0.988609
0.988611
0.988613
0.988614
0.988616
0.988617
0.988618
0.988620
0.988621
0.988622
0.988623
0.988625
0.988626
0.988627
0.988628
0.988629
0.988630
0.988631
0.988632
0.988633
0.988634
0.988635
0.988636
0.988636
0.988637
0.988638
0.988639
0.988639
0.988640
0.988641
0.988642
0.988642
0.988643
0.988643
0.988644
0.988645
0.988645
0.988646
0.988646
0.988647
0.988647
0.988648
0.988648
0.988649
0.988649
0.988649
0.988650
0.988650
0.988651
0.988651
0.988651
0.988652
0.988652
0.988652
0.988653
0.988653
0.988653
0.988654
0.988654
0.988654
0.988655
0.988655
0.988655
0.988655
0.988656
0.988656
0.988656
0.988656
0.988656
0.988657
0.988657
0.988657
0.988657
0.988657
0.988658
0.988658
0.988658
0.988658
0.988658
0.988658
0.988659
0.988659
0.988659
0.988659
0.988659
0.988659
0.988659
0.988660
0.988660
0.988660
0.988660
0.988660
0.988660
0.988660
0.988660
0.988660
0.988660
0.988661
0.988661
0.988661
0.988661
0.988661
0.988661
0.988661
0.988661
0.988661
0.988661
0.988661
0.988661
0.988662
0.988662
0.988662
0.988662
0.988662
0.988662
0.988662
0.988662
0.988662
0.988662
0.988662
0.988662
0.988662
0.988662
0.988662
0.988662
0.988662
0.988662
0.988662
0.988662
0.988662
0.988663
0.988663
0.988663
0.988663
0.988663
0.988663
0.988663
0.988663
0.988663
0.988663
0.988663
0.988663
0.988663
0.988663
0.988663
0.988663
0.988663
0.988663
0.988663
0.988663
0.988663
0.988663
0.988663
0.988663
0.988663
0.988663
0.988663
0.988663
0.988663
0.988663
0.988663
0.988663
0.988663
0.988663
0.988663
0.988663
0.988663
0.988663
0.988663
0.988663
0.988663
0.988663
0.988663
0.988663
0.988663
0.988663
0.988663
0.988663
0.988663
0.988663
0.988663
0.988664
0.988664
0.988664
0.988664
0.988664
0.988664
0.988664
0.988664
0.988664
0.988664
0.988664
0.988664
0.988664
0.988664
0.988664
0.988664
0.988664
0.988664
0.988664
0.988664
0.988664
0.988664
0.988664
0.988664
0.988664
0.988664
0.988664
0.988664
0.988664
0.988664
0.988664
0.988664
0.988664
0.988664
0.988664
0.988664
0.988664
0.988664
0.988664
0.988664
0.988664
0.988664
0.988664
0.988664
0.988664
0.988664
0.988664
0.988664
0.988664
0.988664
0.988664
0.988664
0.988664
0.988664
0.988664
0.988664
0.988664
