0.000000
0.137413
0.206677
0.252813
0.286534
0.312731
0.333923
0.351552
0.366555
0.379541
0.390920
0.401003
0.410036
0.418200
0.425639
0.432479
0.438830
0.444787
0.450431
0.455860
0.461202
0.466630
0.472467
0.479084
0.484267
0.485833
0.485989
0.485994
0.485995
0.485995
0.485995
0.485995
0.485995
0.485995
0.485995
0.485995
0.485995
0.485995
0.485995
0.485995
0.485995
0.485995
0.485995
0.485995
0.485995
0.485995
0.485995
0.485995
0.485995
0.485995
0.485995
0.485995
0.485995
0.485995
0.485995
0.485995
0.485995
0.485995
0.485995
0.485995
0.485995
0.485995
0.485995
0.485995
0.485995
0.485995
0.485995
0.485995
0.485995
0.485995
0.485995
0.485995
0.485995
0.485995
0.485995
0.485995
0.485995
0.485995
0.485995
0.485995
0.485995
0.485995
0.485995
0.485995
0.485995
0.485995
0.485995
0.485995
0.485995
0.485995
0.485995
0.485995
0.485995
0.485995
0.485995
0.485995
0.485995
0.485995
0.485995
0.485995
0.485995
0.485995
0.485995
0.485995
0.485995
0.485995
0.485995
0.485995
0.485995
0.485995
0.485995
0.485995
0.485995
0.485995
0.485995
0.485995
0.485995
0.485995
0.485995
0.485995
0.485995
0.485995
0.485995
0.485995
0.485995
0.485995
0.485995
0.485995
0.485995
0.485995
0.485995
0.485995
0.485995
0.485995
0.485995
0.485995
0.485995
0.485995
0.485995
0.485995
0.485995
0.485995
0.485995
0.485995
0.485995
0.485995
0.485995
0.485995
0.485995
0.485995
0.485995
0.485995
0.485995
0.485995
0.485995
0.485995
0.485995
0.485995
0.485995
0.485995
0.485995
0.485995
0.485995
0.485995
0.485995
0.485995
0.485995
0.485995
0.485995
0.485995
0.485995
0.485995
0.485995
0.485995
0.485995
0.485995
0.485995
0.485995
0.485995
0.485995
0.485995
0.485995
0.485995
0.485995
0.485995
0.485995
0.485995
0.485995
0.485995
0.485995
0.485995
0.485995
0.485995
0.485995
0.485995
0.485995
0.485995
0.485995
0.485995
0.485995
0.485995
0.485995
0.485995
0.485995
0.485995
0.485995
0.485995
0.485995
0.485995
0.485995
0.485995
0.485995
0.485995
0.485995
0.485995
0.485995
0.485995
0.485995
0.485995
0.485995
0.485995
0.485995
0.485995
0.485995
0.485995
0.485995
0.485995
0.485995
0.485995
0.485995
0.485995
0.485995
0.485995
0.485995
0.485995
0.485995
0.485995
0.485995
0.485995
0.485995
0.485995
0.485995
0.485995
0.485995
0.485995
0.485995
0.485995
0.485995
0.485995
0.485995
0.485995
0.485995
0.485995
0.485995
0.485995
0.485995
0.485995
0.485995
0.485995
0.485995
0.485995
0.485995
0.485995
0.485995
0.485995
0.485995
0.485995
0.485995
0.485995
0.485995
0.485995
0.485995
0.485995
0.485995
0.485995
0.485995
0.485995
0.485995
0.485995
0.485995
0.485995
0.485995
0.485995
0.485995
0.485995
0.485995
0.485995
0.485995
0.485995
0.485995
0.485995
0.485995
0.485995
0.485995
0.485995
0.485995
0.485995
0.485995
0.485995
0.485995
0.485995
0.485995
0.485995
0.485995
0.485995
0.485995
0.485995
0.485995
0.485995
0.485995
0.485995
0.485995
0.485995
0.485995
0.485995
0.485995
0.485995
0.485995
0.485995
0.485995
0.485995
0.485995
0.485995
0.485995
0.485995
0.485995
0.485995
0.485995
0.485995
0.485995
0.485995
0.485995
0.485995
0.485995
0.485995
0.485995
0.485995
0.485995
0.485995
0.485995
0.485995
0.485995
0.485995
0.485995
0.485995
0.485995
0.485995
0.485995
0.485995
0.485995
0.485995
0.485995
0.485995
0.485995
0.485995
0.485995
0.485995
0.485995
0.485995
0.485995
0.485995
0.485995
0.485995
0.485995
0.485995
0.485995
0.485995
0.485995
0.485995
0.485995
0.485995
0.485995
0.485995
0.485995
0.485995
0.485995
0.485995
0.485995
0.485995
0.485995
0.485995
0.485995
0.485995
0.485995
0.485995
0.485995
0.485995
0.485995
0.485995
0.485995
0.485995
0.485995
0.485995
0.485995
0.485995
0.485995
0.485995
0.485995
0.485995
0.485995
0.485995
0.485995
0.485995
0.485995
0.485995
0.485995
0.485995
0.485995
0.485995
0.485995
0.485995
0.485995
0.485995
0.485995
0.485995
0.485995
0.485995
0.485995
0.485995
0.485995
0.485995
0.485995
0.485995
0.485995
0.485995
0.485995
0.485995
0.485995
0.485995
0.485995
0.485995
0.485995
0.485995
0.485995
0.485995
0.485995
0.485995
0.485995
0.485995
0.485995
0.485995
0.485995
0.485995
0.485995
0.485995
0.485995
0.485995
0.485995
0.485995
0.485995
0.485995
0.485995
0.485995
0.485995
0.485995
0.485995
0.485995
0.485995
0.485995
0.485995
0.485995
0.485995
0.485995
0.485995
0.485995
0.485995
0.485995
0.485995
0.485995
0.485995
0.485995
0.485995
0.485995
0.485995
0.485995
0.485995
0.485995
0.485995
0.485995
0.485995
0.485995
0.485995
0.485995
0.485995
0.485995
0.485995
0.485995
0.485995
0.485995
0.485995
0.485995
0.485995
0.485995
0.485995
0.485995
0.485995
0.485995
0.485995
0.485995
0.485995
0.485995
0.485995
0.485995
0.485995
0.485995
0.485995
0.485995
0.485995
0.485995
0.485995
0.485995
0.485995
0.485995
0.485995
0.485995
0.485995
0.485995
0.485995
0.485995
0.485995
0.485995
0.485995
0.485995
0.485995
0.485995
0.485995
0.485995
0.485995
0.485995
0.485995
0.485995
0.485995
0.485995
0.485995
0.485995
0.485995
0.485995
0.485995
0.485995
0.485995
0.485995
0.485995
0.485995
0.485995
0.485995
0.485995
0.485995
0.485995
0.485995
0.485995
0.485995
0.485995
0.485995
0.485995
0.485995
0.485995
0.485995
0.485995
0.485995
0.485995
0.485995
0.485995
0.485995
0.485995
0.485995
0.485995
0.485995
0.485995
0.485995
0.485995
0.485995
0.485995
0.485995
0.485995
0.485995
0.485995
0.485995
0.485995
0.485995
0.485995
0.485995
0.485995
0.485995
0.485995
0.485995
0.485995
0.485995
0.485995
0.485995
0.485995
0.485995
0.485995
0.485995
0.485995
0.485995
0.485995
0.485995
0.485995
0.485995
0.485995
