0.000000
0.011425
0.023675
0.038853
0.046222
0.053331
0.061171
0.070138
0.081176
0.095877
0.115892
0.141673
0.171479
0.201630
0.227969
0.247653
0.260054
0.266508
0.269345
0.270779
0.272173
0.273918
0.275855
0.277821
0.279783
0.281738
0.283688
0.285633
0.287572
0.289506
0.291434
0.293356
0.295274
0.297186
0.299092
0.300993
0.302890
0.304780
0.306666
0.308597
0.310327
0.312044
0.313756
0.315464
0.317168
0.318867
0.320562
0.322252
0.323939
0.325621
0.327299
0.328973
0.330643
0.332309
0.333970
0.335627
0.337281
0.338930
0.340575
0.342216
0.343853
0.345486
0.347114
0.348739
0.350360
0.351977
0.353590
0.355199
0.356804
0.358405
0.360002
0.361595
0.363184
0.364769
0.366351
0.367929
0.369502
0.371072
0.372639
0.374201
0.375760
0.377314
0.378865
0.380413
0.381956
0.383496
0.385032
0.386564
0.388093
0.389618
0.391140
0.392657
0.394171
0.395682
0.397189
0.398692
0.400192
0.401688
0.403180
0.404669
0.406155
0.407637
0.409115
0.410590
0.412062
0.413530
0.414994
0.416456
0.417913
0.419368
0.420819
0.422266
0.423710
0.425151
0.426588
0.428023
0.429453
0.430881
0.432305
0.433726
0.435144
0.436558
0.437969
0.439377
0.440782
0.442183
0.443581
0.444977
0.446368
0.447757
0.449143
0.450525
0.451905
0.453281
0.454654
0.456024
0.457391
0.458755
0.460116
0.461474
0.462829
0.464181
0.465530
0.466876
0.468219
0.469559
0.470896
0.472230
0.473561
0.474890
0.476215
0.477538
0.478857
0.480174
0.481488
0.482799
0.484107
0.485413
0.486716
0.488015
0.489313
0.490607
0.491899
0.493188
0.494474
0.495757
0.497038
0.498316
0.499591
0.500864
0.502134
0.503402
0.504666
0.505928
0.507188
0.508445
0.509699
0.510951
0.512200
0.513447
0.514691
0.515933
0.517172
0.518408
0.519642
0.520874
0.522103
0.523330
0.524554
0.525776
0.526995
0.528212
0.529426
0.530638
0.531848
0.533055
0.534260
0.535463
0.536663
0.537861
0.539056
0.540250
0.541441
0.542629
0.543816
0.545000
0.546182
0.547361
0.548538
0.549714
0.550886
0.552057
0.553225
0.554392
0.555556
0.556718
0.557877
0.559035
0.560190
0.561343
0.562495
0.563644
0.564791
0.565935
0.567078
0.568219
0.569357
0.570494
0.571628
0.572761
0.573891
0.575019
0.576145
0.577270
0.578392
0.579512
0.580631
0.581747
0.582861
0.583974
0.585084
0.586193
0.587299
0.588404
0.589507
0.590607
0.591706
0.592803
0.593898
0.594992
0.596083
0.597173
0.598260
0.599346
0.600430
0.601512
0.602592
0.603671
0.604748
0.605822
0.606896
0.607967
0.609036
0.610104
0.611170
0.612234
0.613297
0.614357
0.615416
0.616474
0.617529
0.618583
0.619635
0.620685
0.621734
0.622781
0.623826
0.624870
0.625912
0.626952
0.627991
0.629028
0.630063
0.631097
0.632129
0.633159
0.634188
0.635215
0.636241
0.637264
0.638287
0.639307
0.640327
0.641344
0.642360
0.643374
0.644387
0.645398
0.646408
0.647416
0.648423
0.649428
0.650431
0.651433
0.652433
0.653432
0.654430
0.655425
0.656420
0.657412
0.658404
0.659394
0.660382
0.661369
0.662354
0.663338
0.664320
0.665301
0.666280
0.667258
0.668235
0.669209
0.670183
0.671155
0.672126
0.673095
0.674062
0.675029
0.675994
0.676957
0.677919
0.678879
0.679838
0.680796
0.681752
0.682707
0.683661
0.684613
0.685563
0.686512
0.687460
0.688407
0.689352
0.690295
0.691237
0.692178
0.693118
0.694056
0.694992
0.695928
0.696861
0.697794
0.698725
0.699655
0.700583
0.701510
0.702436
0.703360
0.704283
0.705204
0.706125
0.707043
0.707961
0.708877
0.709792
0.710705
0.711617
0.712528
0.713437
0.714345
0.715251
0.716157
0.717061
0.717963
0.718864
0.719764
0.720663
0.721560
0.722456
0.723350
0.724243
0.725135
0.726025
0.726915
0.727802
0.728689
0.729574
0.730458
0.731340
0.732221
0.733101
0.733979
0.734856
0.735732
0.736606
0.737479
0.738351
0.739221
0.740090
0.740958
0.741824
0.742689
0.743552
0.744415
0.745275
0.746135
0.746993
0.747850
0.748706
0.749560
0.750413
0.751264
0.752114
0.752963
0.753810
0.754656
0.755501
0.756344
0.757186
0.758027
0.758866
0.759704
0.760541
0.761376
0.762210
0.763042
0.763873
0.764703
0.765531
0.766358
0.767184
0.768008
0.768831
0.769652
0.770472
0.771291
0.772108
0.772924
0.773739
0.774552
0.775364
0.776174
0.776983
0.777791
0.778597
0.779402
0.780205
0.781007
0.781808
0.782607
0.783405
0.784201
0.784996
0.785790
0.786582
0.787373
0.788162
0.788950
0.789736
0.790521
0.791305
0.792087
0.792868
0.793647
0.794425
0.795201
0.795976
0.796750
0.797522
0.798292
0.799061
0.799829
0.800595
0.801360
0.802123
0.802885
0.803645
0.804404
0.805162
0.805918
0.806672
0.807425
0.808177
0.808927
0.809675
0.810422
0.811168
0.811912
0.812654
0.813395
0.814135
0.814873
0.815609
0.816344
0.817078
0.817810
0.818540
0.819269
0.819997
0.820722
0.821447
0.822170
0.822891
0.823610
0.824329
0.825045
0.825760
0.826474
0.827186
0.827896
0.828605
0.829312
0.830018
0.830722
0.831425
0.832126
0.832825
0.833523
0.834219
0.834914
0.835607
0.836298
0.836988
0.837677
0.838363
0.839048
0.839732
0.840414
0.841094
0.841773
0.842450
0.843125
0.843799
0.844471
0.845142
0.845811
0.846478
0.847144
0.847808
0.848470
0.849131
0.849790
0.850447
0.851103
0.851757
0.852410
0.853061
0.853710
0.854357
0.855003
0.855647
0.856290
0.856931
0.857570
0.858207
0.858843
0.859477
0.860110
0.860740
0.861370
0.861997
0.862623
0.863247
0.863869
0.864489
0.865108
0.865726
0.866341
0.866955
0.867567
0.868177
0.868786
0.869393
0.869998
0.870601
0.871203
0.871803
0.872401
0.872998
0.873593
0.874186
0.874777
0.875367
0.875955
0.876541
0.877125
0.877708
0.878289
0.878868
0.879446
0.880021
0.880595
0.881167
0.881738
0.882306
0.882873
0.883438
0.884002
0.884563
0.885123
