0.000000
0.017104
0.036520
0.060243
0.092346
0.152723
0.223785
0.259530
0.272503
0.277831
0.283018
0.288092
0.293083
0.298021
0.302926
0.308032
0.315720
0.320897
0.324293
0.327691
0.331124
0.334591
0.338091
0.341625
0.345192
0.348792
0.352424
0.356090
0.359790
0.363524
0.367292
0.371095
0.374932
0.378805
0.382713
0.386657
0.390637
0.394652
0.398702
0.402923
0.406876
0.410860
0.414883
0.418946
0.423047
0.427186
0.431362
0.435575
0.439823
0.444108
0.448426
0.452779
0.457165
0.461584
0.466034
0.470516
0.475027
0.479568
0.484137
0.488733
0.493356
0.498004
0.502677
0.507374
0.512092
0.516833
0.521593
0.526372
0.531170
0.535984
0.540814
0.545658
0.550515
0.555385
0.560265
0.565154
0.570052
0.574957
0.579868
0.584783
0.589701
0.594621
0.599541
0.604461
0.609379
0.614293
0.619203
0.624106
0.629003
0.633891
0.638769
0.643636
0.648490
0.653331
0.658157
0.662968
0.667760
0.672535
0.677289
0.682023
0.686735
0.691424
0.696088
0.700727
0.705340
0.709925
0.714482
0.719009
0.723506
0.727972
0.732405
0.736804
0.741170
0.745500
0.749795
0.754053
0.758274
0.762456
0.766600
0.770704
0.774768
0.778791
0.782772
0.786711
0.790608
0.794462
0.798272
0.802038
0.805760
0.809437
0.813069
0.816655
0.820195
0.823689
0.827137
0.830538
0.833893
0.837200
0.840460
0.843673
0.846839
0.849957
0.853029
0.856052
0.859028
0.861957
0.864839
0.867673
0.870461
0.873201
0.875895
0.878542
0.881142
0.883696
0.886205
0.888667
0.891085
0.893457
0.895784
0.898066
0.900305
0.902499
0.904650
0.906758
0.908823
0.910846
0.912827
0.914767
0.916666
0.918524
0.920342
0.922120
0.923859
0.925559
0.927222
0.928846
0.930434
0.931984
0.933499
0.934978
0.936422
0.937831
0.939206
0.940548
0.941856
0.943133
0.944377
0.945590
0.946772
0.947924
0.949046
0.950139
0.951203
0.952239
0.953247
0.954228
0.955183
0.956112
0.957015
0.957893
0.958747
0.959577
0.960383
0.961166
0.961927
0.962666
0.963383
0.964080
0.964756
0.965412
0.966048
0.966665
0.967264
0.967844
0.968406
0.968951
0.969480
0.969991
0.970487
0.970967
0.971432
0.971882
0.972317
0.972739
0.973146
0.973540
0.973922
0.974290
0.974647
0.974991
0.975324
0.975646
0.975956
0.976256
0.976546
0.976825
0.977095
0.977356
0.977607
0.977849
0.978083
0.978309
0.978526
0.978736
0.978937
0.979132
0.979319
0.979500
0.979674
0.979841
0.980002
0.980157
0.980307
0.980450
0.980588
0.980721
0.980849
0.980972
0.981090
0.981203
0.981312
0.981417
0.981518
0.981614
0.981707
0.981796
0.981881
0.981963
0.982042
0.982118
0.982190
0.982259
0.982326
0.982390
0.982451
0.982510
0.982566
0.982620
0.982671
0.982720
0.982768
0.982813
0.982856
0.982897
0.982937
0.982975
0.983011
0.983046
0.983079
0.983111
0.983141
0.983170
0.983197
0.983224
0.983249
0.983273
0.983296
0.983318
0.983339
0.983359
0.983378
0.983396
0.983413
0.983430
0.983445
0.983460
0.983475
0.983488
0.983501
0.983514
0.983525
0.983537
0.983547
0.983557
0.983567
0.983576
0.983585
0.983593
0.983601
0.983609
0.983616
0.983623
0.983629
0.983635
0.983641
0.983647
0.983652
0.983657
0.983662
0.983666
0.983670
0.983675
0.983678
0.983682
0.983685
0.983689
0.983692
0.983695
0.983698
0.983700
0.983703
0.983705
0.983707
0.983710
0.983712
0.983713
0.983715
0.983717
0.983719
0.983720
0.983722
0.983723
0.983724
0.983725
0.983727
0.983728
0.983729
0.983730
0.983731
0.983731
0.983732
0.983733
0.983734
0.983734
0.983735
0.983736
0.983736
0.983737
0.983737
0.983738
0.983738
0.983739
0.983739
0.983740
0.983740
0.983740
0.983741
0.983741
0.983741
0.983741
0.983742
0.983742
0.983742
0.983742
0.983743
0.983743
0.983743
0.983743
0.983743
0.983743
0.983743
0.983744
0.983744
0.983744
0.983744
0.983744
0.983744
0.983744
0.983744
0.983744
0.983744
0.983745
0.983745
0.983745
0.983745
0.983745
0.983745
0.983745
0.983745
0.983745
0.983745
0.983745
0.983745
0.983745
0.983745
0.983745
0.983745
0.983745
0.983745
0.983745
0.983745
0.983745
0.983745
0.983745
0.983745
0.983745
0.983745
0.983745
0.983745
0.983745
0.983745
0.983745
0.983745
0.983745
0.983745
0.983745
0.983745
0.983745
0.983745
0.983745
0.983745
0.983745
0.983745
0.983745
0.983745
0.983745
0.983745
0.983745
0.983745
0.983745
0.983745
0.983745
0.983745
0.983745
0.983745
0.983745
0.983745
0.983745
0.983745
0.983745
0.983745
0.983745
0.983745
0.983745
0.983745
0.983745
0.983745
0.983745
0.983745
0.983745
0.983745
0.983745
0.983745
0.983745
0.983745
0.983745
0.983745
0.983745
0.983745
0.983745
0.983745
0.983745
0.983745
0.983745
0.983745
0.983745
0.983745
0.983745
0.983745
0.983745
0.983745
0.983745
0.983745
0.983745
0.983745
0.983745
0.983745
0.983745
0.983745
0.983745
0.983745
0.983745
0.983745
0.983745
0.983745
0.983745
0.983745
0.983745
0.983745
0.983745
0.983745
0.983745
0.983745
0.983745
0.983745
0.983745
0.983745
0.983745
0.983745
0.983745
0.983745
0.983745
0.983745
0.983745
0.983745
0.983745
0.983745
0.983745
0.983745
0.983745
0.983745
0.983745
0.983745
0.983745
0.983745
0.983745
0.983745
0.983745
0.983745
0.983745
0.983745
0.983745
0.983745
0.983745
0.983745
0.983745
0.983745
0.983745
0.983745
0.983745
0.983745
0.983745
0.983745
0.983745
0.983745
0.983745
0.983745
0.983745
0.983745
0.983745
0.983745
0.983745
0.983745
0.983745
0.983745
0.983745
0.983745
0.983745
0.983745
0.983745
0.983745
0.983745
0.983745
0.983745
0.983745
0.983745
0.983745
0.983745
0.983745
0.983745
0.983745
0.983745
0.983745
0.983745
0.983745
0.983745
0.983745
0.983745
0.983745
0.983745
0.983745
0.983745
0.983745
0.983745
0.983745
0.983745
0.983745
0.983745
0.983745
0.983745
