0.000000
0.017377
0.035310
0.054103
0.074381
0.098123
0.129315
0.169123
0.211003
0.245066
0.259081
0.262980
0.263496
0.264159
0.265685
0.267614
0.269589
0.271559
0.273523
0.275481
0.277433
0.279379
0.281318
0.283252
0.285180
0.287102
0.289019
0.290930
0.292835
0.294735
0.296629
0.298518
0.300402
0.302280
0.304153
0.306021
0.307884
0.309741
0.311594
0.313485
0.315177
0.316862
0.318542
0.320219
0.321892
0.323560
0.325225
0.326885
0.328541
0.330193
0.331842
0.333486
0.335126
0.336763
0.338395
0.340024
0.341649
0.343269
0.344886
0.346499
0.348109
0.349714
0.351316
0.352914
0.354508
0.356098
0.357685
0.359268
0.360847
0.362423
0.363995
0.365563
0.367128
0.368689
0.370246
0.371800
0.373351
0.374897
0.376441
0.377981
0.379517
0.381050
0.382579
0.384105
0.385628
0.387147
0.388663
0.390175
0.391684
0.393190
0.394692
0.396191
0.397687
0.399180
0.400669
0.402155
0.403638
0.405118
0.406594
0.408068
0.409538
0.411005
0.412469
0.413930
0.415388
0.416843
0.418294
0.419743
0.421189
0.422632
0.424072
0.425509
0.426943
0.428374
0.429802
0.431228
0.432650
0.434070
0.435487
0.436901
0.438312
0.439721
0.441127
0.442530
0.443930
0.445328
0.446723
0.448116
0.449506
0.450893
0.452277
0.453660
0.455039
0.456416
0.457791
0.459162
0.460532
0.461899
0.463264
0.464626
0.465986
0.467343
0.468698
0.470051
0.471401
0.472749
0.474095
0.475438
0.476779
0.478118
0.479455
0.480790
0.482122
0.483452
0.484780
0.486106
0.487430
0.488752
0.490071
0.491389
0.492704
0.494018
0.495329
0.496639
0.497946
0.499252
0.500556
0.501857
0.503157
0.504455
0.505751
0.507045
0.508338
0.509628
0.510917
0.512204
0.513489
0.514773
0.516055
0.517335
0.518613
0.519890
0.521165
0.522438
0.523710
0.524980
0.526249
0.527516
0.528781
0.530045
0.531307
0.532568
0.533827
0.535085
0.536341
0.537596
0.538850
0.540102
0.541353
0.542602
0.543850
0.545096
0.546341
0.547585
0.548828
0.550069
0.551309
0.552548
0.553785
0.555021
0.556256
0.557490
0.558723
0.559954
0.561184
0.562413
0.563641
0.564868
0.566093
0.567318
0.568541
0.569764
0.570985
0.572205
0.573424
0.574642
0.575860
0.577076
0.578291
0.579505
0.580718
0.581930
0.583142
0.584352
0.585561
0.586770
0.587977
0.589184
0.590390
0.591595
0.592799
0.594002
0.595204
0.596406
0.597606
0.598806
0.600005
0.601204
0.602401
0.603598
0.604794
0.605989
0.607183
0.608377
0.609570
0.610762
0.611953
0.613144
0.614334
0.615523
0.616712
0.617900
0.619087
0.620274
0.621460
0.622645
0.623829
0.625013
0.626197
0.627379
0.628561
0.629743
0.630923
0.632103
0.633283
0.634462
0.635640
0.636817
0.637994
0.639171
0.640347
0.641522
0.642696
0.643870
0.645044
0.646217
0.647389
0.648560
0.649732
0.650902
0.652072
0.653241
0.654410
0.655578
0.656746
0.657913
0.659079
0.660245
0.661410
0.662575
0.663739
0.664902
0.666065
0.667228
0.668389
0.669551
0.670711
0.671871
0.673030
0.674189
0.675347
0.676505
0.677662
0.678818
0.679974
0.681129
0.682283
0.683437
0.684590
0.685743
0.686895
0.688046
0.689197
0.690347
0.691496
0.692645
0.693793
0.694940
0.696086
0.697232
0.698378
0.699522
0.700666
0.701809
0.702951
0.704093
0.705233
0.706373
0.707513
0.708651
0.709789
0.710926
0.712062
0.713197
0.714332
0.715466
0.716599
0.717731
0.718862
0.719992
0.721121
0.722250
0.723378
0.724504
0.725630
0.726755
0.727879
0.729002
0.730124
0.731245
0.732365
0.733484
0.734602
0.735719
0.736835
0.737950
0.739064
0.740176
0.741288
0.742399
0.743508
0.744616
0.745724
0.746830
0.747935
0.749038
0.750141
0.751242
0.752342
0.753441
0.754538
0.755634
0.756729
0.757823
0.758915
0.760006
0.761096
0.762184
0.763271
0.764357
0.765441
0.766524
0.767605
0.768684
0.769763
0.770840
0.771915
0.772989
0.774061
0.775132
0.776201
0.777268
0.778334
0.779398
0.780461
0.781522
0.782581
0.783639
0.784695
0.785749
0.786801
0.787852
0.788901
0.789948
0.790993
0.792037
0.793078
0.794118
0.795156
0.796192
0.797226
0.798258
0.799288
0.800316
0.801342
0.802366
0.803389
0.804409
0.805427
0.806443
0.807456
0.808468
0.809478
0.810485
0.811491
0.812494
0.813495
0.814493
0.815490
0.816484
0.817476
0.818466
0.819453
0.820438
0.821421
0.822401
0.823379
0.824354
0.825327
0.826298
0.827266
0.828232
0.829195
0.830156
0.831114
0.832070
0.833023
0.833974
0.834922
0.835867
0.836810
0.837750
0.838688
0.839623
0.840555
0.841485
0.842411
0.843335
0.844257
0.845175
0.846091
0.847004
0.847914
0.848821
0.849726
0.850627
0.851526
0.852422
0.853315
0.854205
0.855092
0.855976
0.856858
0.857736
0.858611
0.859483
0.860353
0.861219
0.862082
0.862942
0.863799
0.864653
0.865504
0.866352
0.867196
0.868038
0.868876
0.869711
0.870543
0.871372
0.872198
0.873020
0.873839
0.874655
0.875468
0.876277
0.877084
0.877887
0.878686
0.879483
0.880276
0.881065
0.881852
0.882635
0.883414
0.884191
0.884964
0.885733
0.886500
0.887263
0.888022
0.888778
0.889531
0.890280
0.891026
0.891768
0.892507
0.893242
0.893974
0.894703
0.895428
0.896149
0.896867
0.897582
0.898293
0.899000
0.899704
0.900405
0.901102
0.901795
0.902485
0.903172
0.903854
0.904534
0.905209
0.905882
0.906550
0.907215
0.907877
0.908535
0.909189
0.909840
0.910487
0.911131
0.911771
0.912408
0.913041
0.913670
0.914296
0.914918
0.915537
0.916152
0.916763
0.917371
0.917975
0.918576
0.919173
0.919767
0.920357
0.920943
0.921526
0.922105
0.922681
0.923253
0.923822
0.924387
0.924948
0.925506
0.926060
0.926611
0.927158
0.927701
0.928242
0.928778
0.929311
0.929840
0.930366
0.930889
0.931408
0.931923
0.932435
0.932943
0.933448
0.933949
0.934447
0.934941
0.935432
0.935920
0.936404
0.936884
