0.000000
0.005029
0.009739
0.014323
0.018905
0.023584
0.028447
0.033586
0.039076
0.045008
0.051487
0.058634
0.066585
0.075499
0.085593
0.097153
0.110553
0.126264
0.145004
0.167890
0.196641
0.234115
0.285547
0.361042
0.480819
0.656826
0.802857
0.846416
0.852265
0.855167
0.858076
0.861027
0.864005
0.866999
0.869998
0.872995
0.875984
0.878959
0.881916
0.884961
0.887840
0.890694
0.893517
0.896308
0.899063
0.901779
0.904455
0.907090
0.909679
0.912224
0.914721
0.917170
0.919570
0.921919
0.924218
0.926464
0.928659
0.930801
0.932889
0.934925
0.936907
0.938836
0.940712
0.942535
0.944306
0.946024
0.947690
0.949305
0.950869
0.952383
0.953848
0.955263
0.956631
0.957952
0.959227
0.960456
0.961641
0.962782
0.963881
0.964938
0.965955
0.966932
0.967871
0.968772
0.969637
0.970466
0.971261
0.972023
0.972752
0.973451
0.974119
0.974757
0.975368
0.975951
0.976507
0.977039
0.977545
0.978028
0.978489
0.978928
0.979345
0.979743
0.980121
0.980480
0.980822
0.981147
0.981455
0.981748
0.982025
0.982289
0.982538
0.982775
0.982999
0.983212
0.983412
0.983602
0.983782
0.983952
0.984113
0.984265
0.984408
0.984543
0.984671
0.984791
0.984905
0.985012
0.985112
0.985207
0.985297
0.985381
0.985460
0.985535
0.985605
0.985670
0.985732
0.985790
0.985845
0.985896
0.985944
0.985989
0.986031
0.986071
0.986108
0.986143
0.986175
0.986206
0.986234
0.986261
0.986286
0.986309
0.986331
0.986351
0.986370
0.986388
0.986405
0.986420
0.986434
0.986448
0.986461
0.986472
0.986483
0.986493
0.986503
0.986512
0.986520
0.986527
0.986535
0.986541
0.986547
0.986553
0.986558
0.986563
0.986568
0.986572
0.986576
0.986580
0.986583
0.986586
0.986589
0.986592
0.986595
0.986597
0.986599
0.986601
0.986603
0.986605
0.986606
0.986608
0.986609
0.986610
0.986611
0.986613
0.986614
0.986614
0.986615
0.986616
0.986617
0.986618
0.986618
0.986619
0.986619
0.986620
0.986620
0.986621
0.986621
0.986621
0.986622
0.986622
0.986622
0.986623
0.986623
0.986623
0.986623
0.986623
0.986624
0.986624
0.986624
0.986624
0.986624
0.986624
0.986624
0.986624
0.986625
0.986625
0.986625
0.986625
0.986625
0.986625
0.986625
0.986625
0.986625
0.986625
0.986625
0.986625
0.986625
0.986625
0.986625
0.986625
0.986625
0.986625
0.986625
0.986625
0.986625
0.986625
0.986625
0.986625
0.986625
0.986625
0.986625
0.986625
0.986625
0.986625
0.986626
0.986626
0.986626
0.986626
0.986626
0.986626
0.986626
0.986626
0.986626
0.986626
0.986626
0.986626
0.986626
0.986626
0.986626
0.986626
0.986626
0.986626
0.986626
0.986626
0.986626
0.986626
0.986626
0.986626
0.986626
0.986626
0.986626
0.986626
0.986626
0.986626
0.986626
0.986626
0.986626
0.986626
0.986626
0.986626
0.986626
0.986626
0.986626
0.986626
0.986626
0.986626
0.986626
0.986626
0.986626
0.986626
0.986626
0.986626
0.986626
0.986626
0.986626
0.986626
0.986626
0.986626
0.986626
0.986626
0.986626
0.986626
0.986626
0.986626
0.986626
0.986626
0.986626
0.986626
0.986626
0.986626
0.986626
0.986626
0.986626
0.986626
0.986626
0.986626
0.986626
0.986626
0.986626
0.986626
0.986626
0.986626
0.986626
0.986626
0.986626
0.986626
0.986626
0.986626
0.986626
0.986626
0.986626
0.986626
0.986626
0.986626
0.986626
0.986626
0.986626
0.986626
0.986626
0.986626
0.986626
0.986626
0.986626
0.986626
0.986626
0.986626
0.986626
0.986626
0.986626
0.986626
0.986626
0.986626
0.986626
0.986626
0.986626
0.986626
0.986626
0.986626
0.986626
0.986626
0.986626
0.986626
0.986626
0.986626
0.986626
0.986626
0.986626
0.986626
0.986626
0.986626
0.986626
0.986626
0.986626
0.986626
0.986626
0.986626
0.986626
0.986626
0.986626
0.986626
0.986626
0.986626
0.986626
0.986626
0.986626
0.986626
0.986626
0.986626
0.986626
0.986626
0.986626
0.986626
0.986626
0.986626
0.986626
0.986626
0.986626
0.986626
0.986626
0.986626
0.986626
0.986626
0.986626
0.986626
0.986626
0.986626
0.986626
0.986626
0.986626
0.986626
0.986626
0.986626
0.986626
0.986626
0.986626
0.986626
0.986626
0.986626
0.986626
0.986626
0.986626
0.986626
0.986626
0.986626
0.986626
0.986626
0.986626
0.986626
0.986626
0.986626
0.986626
0.986626
0.986626
0.986626
0.986626
0.986626
0.986626
0.986626
0.986626
0.986626
0.986626
0.986626
0.986626
0.986626
0.986626
0.986626
0.986626
0.986626
0.986626
0.986626
0.986626
0.986626
0.986626
0.986626
0.986626
0.986626
0.986626
0.986626
0.986626
0.986626
0.986626
0.986626
0.986626
0.986626
0.986626
0.986626
0.986626
0.986626
0.986626
0.986626
0.986626
0.986626
0.986626
0.986626
0.986626
0.986626
0.986626
0.986626
0.986626
0.986626
0.986626
0.986626
0.986626
0.986626
0.986626
0.986626
0.986626
0.986626
0.986626
0.986626
0.986626
0.986626
0.986626
0.986626
0.986626
0.986626
0.986626
0.986626
0.986626
0.986626
0.986626
0.986626
0.986626
0.986626
0.986626
0.986626
0.986626
0.986626
0.986626
0.986626
0.986626
0.986626
0.986626
0.986626
0.986626
0.986626
0.986626
0.986626
0.986626
0.986626
0.986626
0.986626
0.986626
0.986626
0.986626
0.986626
0.986626
0.986626
0.986626
0.986626
0.986626
0.986626
0.986626
0.986626
0.986626
0.986626
0.986626
0.986626
0.986626
0.986626
0.986626
0.986626
0.986626
0.986626
0.986626
0.986626
0.986626
0.986626
0.986626
0.986626
0.986626
0.986626
0.986626
0.986626
0.986626
0.986626
0.986626
0.986626
0.986626
0.986626
0.986626
0.986626
0.986626
0.986626
0.986626
0.986626
0.986626
0.986626
0.986626
0.986626
0.986626
0.986626
0.986626
0.986626
0.986626
0.986626
0.986626
0.986626
0.986626
0.986626
0.986626
0.986626
0.986626
0.986626
0.986626
0.986626
0.986626
0.986626
0.986626
0.986626
0.986626
0.986626
