0.000000
0.014200
0.028760
0.043964
0.060157
0.077752
0.097677
0.120547
0.138676
0.160601
0.188905
0.223027
0.255335
0.274428
0.276791
0.271251
0.268077
0.268863
0.270778
0.272752
0.274721
0.276686
0.278645
0.280599
0.282548
0.284493
0.286432
0.288367
0.290298
0.292223
0.294145
0.296061
0.297974
0.299882
0.301786
0.303685
0.305581
0.307472
0.309360
0.311279
0.312994
0.314710
0.316425
0.318137
0.319846
0.321552
0.323256
0.324956
0.326654
0.328349
0.330041
0.331730
0.333417
0.335101
0.336783
0.338462
0.340138
0.341812
0.343484
0.345154
0.346821
0.348486
0.350148
0.351809
0.353467
0.355123
0.356777
0.358429
0.360079
0.361727
0.363373
0.365018
0.366660
0.368301
0.369940
0.371577
0.373213
0.374847
0.376479
0.378110
0.379739
0.381367
0.382994
0.384619
0.386243
0.387865
0.389486
0.391107
0.392725
0.394343
0.395960
0.397575
0.399190
0.400804
0.402416
0.404028
0.405639
0.407249
0.408859
0.410467
0.412075
0.413683
0.415289
0.416895
0.418501
0.420106
0.421710
0.423314
0.424918
0.426521
0.428124
0.429726
0.431329
0.432931
0.434532
0.436134
0.437736
0.439337
0.440938
0.442539
0.444141
0.445742
0.447343
0.448944
0.450546
0.452147
0.453749
0.455351
0.456953
0.458555
0.460157
0.461760
0.463363
0.464967
0.466570
0.468175
0.469779
0.471384
0.472989
0.474595
0.476202
0.477808
0.479416
0.481023
0.482632
0.484241
0.485850
0.487461
0.489071
0.490683
0.492295
0.493907
0.495521
0.497135
0.498750
0.500365
0.501981
0.503598
0.505216
0.506834
0.508453
0.510073
0.511694
0.513315
0.514937
0.516560
0.518184
0.519809
0.521434
0.523060
0.524687
0.526315
0.527943
0.529572
0.531203
0.532833
0.534465
0.536097
0.537731
0.539365
0.540999
0.542635
0.544271
0.545908
0.547546
0.549185
0.550824
0.552464
0.554105
0.555746
0.557388
0.559031
0.560674
0.562318
0.563963
0.565608
0.567254
0.568900
0.570547
0.572195
0.573843
0.575491
0.577141
0.578790
0.580440
0.582091
0.583742
0.585393
0.587044
0.588696
0.590349
0.592001
0.593654
0.595308
0.596961
0.598614
0.600268
0.601922
0.603576
0.605230
0.606885
0.608539
0.610193
0.611847
0.613501
0.615155
0.616809
0.618463
0.620117
0.621770
0.623423
0.625076
0.626729
0.628381
0.630033
0.631685
0.633336
0.634986
0.636636
0.638285
0.639934
0.641583
0.643230
0.644877
0.646523
0.648168
0.649813
0.651456
0.653099
0.654741
0.656382
0.658022
0.659660
0.661298
0.662935
0.664570
0.666204
0.667837
0.669468
0.671099
0.672727
0.674355
0.675981
0.677605
0.679228
0.680849
0.682469
0.684087
0.685703
0.687317
0.688930
0.690541
0.692150
0.693757
0.695362
0.696964
0.698565
0.700164
0.701760
0.703355
0.704947
0.706537
0.708124
0.709709
0.711292
0.712872
0.714450
0.716025
0.717597
0.719167
0.720734
0.722299
0.723860
0.725419
0.726975
0.728528
0.730078
0.731625
0.733169
0.734710
0.736248
0.737783
0.739314
0.740842
0.742367
0.743889
0.745407
0.746922
0.748433
0.749941
0.751446
0.752946
0.754443
0.755937
0.757427
0.758913
0.760395
0.761873
0.763348
0.764818
0.766285
0.767748
0.769206
0.770661
0.772112
0.773558
0.775000
0.776438
0.777872
0.779301
0.780727
0.782147
0.783564
0.784976
0.786383
0.787787
0.789185
0.790579
0.791969
0.793353
0.794733
0.796109
0.797480
0.798846
0.800207
0.801563
0.802915
0.804261
0.805603
0.806940
0.808272
0.809599
0.810921
0.812237
0.813549
0.814856
0.816157
0.817454
0.818745
0.820031
0.821312
0.822587
0.823857
0.825122
0.826382
0.827636
0.828885
0.830128
0.831367
0.832599
0.833826
0.835048
0.836264
0.837475
0.838680
0.839880
0.841074
0.842263
0.843445
0.844623
0.845794
0.846960
0.848121
0.849275
0.850424
0.851568
0.852705
0.853837
0.854963
0.856083
0.857198
0.858307
0.859410
0.860507
0.861598
0.862684
0.863764
0.864838
0.865906
0.866968
0.868024
0.869075
0.870119
0.871158
0.872191
0.873218
0.874239
0.875254
0.876263
0.877267
0.878264
0.879256
0.880242
0.881221
0.882195
0.883163
0.884125
0.885081
0.886032
0.886976
0.887914
0.888847
0.889774
0.890694
0.891609
0.892518
0.893421
0.894318
0.895210
0.896095
0.896975
0.897848
0.898716
0.899578
0.900434
0.901285
0.902129
0.902968
0.903801
0.904628
0.905449
0.906265
0.907074
0.907878
0.908676
0.909469
0.910256
0.911037
0.911812
0.912582
0.913346
0.914104
0.914857
0.915604
0.916345
0.917081
0.917811
0.918536
0.919255
0.919968
0.920676
0.921379
0.922076
0.922767
0.923453
0.924134
0.924809
0.925479
0.926143
0.926802
0.927456
0.928104
0.928747
0.929385
0.930017
0.930644
0.931266
0.931883
0.932494
0.933100
0.933701
0.934297
0.934888
0.935474
0.936054
0.936630
0.937201
0.937766
0.938327
0.938882
0.939433
0.939979
0.940520
0.941056
0.941587
0.942113
0.942634
0.943151
0.943663
0.944170
0.944673
0.945171
0.945664
0.946153
0.946636
0.947116
0.947591
0.948061
0.948527
0.948988
0.949445
0.949897
0.950345
0.950789
0.951228
0.951663
0.952093
0.952520
0.952942
0.953360
0.953773
0.954183
0.954588
0.954989
0.955386
0.955780
0.956169
0.956554
0.956935
0.957312
0.957685
0.958054
0.958419
0.958781
0.959138
0.959492
0.959842
0.960188
0.960531
0.960870
0.961205
0.961536
0.961864
0.962189
0.962510
0.962827
0.963141
0.963451
0.963758
0.964061
0.964361
0.964657
0.964951
0.965241
0.965527
0.965810
0.966090
0.966367
0.966641
0.966911
0.967179
0.967443
0.967704
0.967962
0.968217
0.968469
0.968718
0.968964
0.969208
0.969448
0.969685
0.969920
0.970151
0.970380
0.970606
0.970829
0.971050
0.971268
0.971483
0.971695
0.971905
0.972112
0.972317
0.972519
0.972719
0.972916
0.973110
0.973302
0.973492
0.973679
0.973864
0.974046
0.974226
0.974404
0.974579
0.974752
0.974923
0.975092
0.975258
0.975423
