0.000000
0.047352
0.100459
0.161222
0.205700
0.197534
0.174775
0.175863
0.185546
0.194889
0.203728
0.212179
0.220377
0.228489
0.236742
0.245852
0.255000
0.258383
0.260461
0.262525
0.264589
0.266654
0.268718
0.270783
0.272849
0.274915
0.276983
0.279051
0.281120
0.283191
0.285264
0.287338
0.289414
0.291492
0.293573
0.295657
0.297743
0.299832
0.301924
0.304046
0.305957
0.307892
0.309833
0.311780
0.313731
0.315687
0.317649
0.319617
0.321590
0.323569
0.325554
0.327545
0.329542
0.331546
0.333555
0.335572
0.337595
0.339625
0.341662
0.343706
0.345757
0.347815
0.349881
0.351954
0.354035
0.356124
0.358221
0.360325
0.362437
0.364558
0.366687
0.368824
0.370969
0.373123
0.375286
0.377457
0.379637
0.381826
0.384023
0.386230
0.388445
0.390669
0.392903
0.395146
0.397398
0.399659
0.401929
0.404209
0.406498
0.408796
0.411104
0.413422
0.415748
0.418085
0.420430
0.422786
0.425150
0.427524
0.429908
0.432301
0.434704
0.437116
0.439537
0.441968
0.444408
0.446857
0.449316
0.451784
0.454261
0.456747
0.459243
0.461747
0.464260
0.466783
0.469313
0.471853
0.474401
0.476958
0.479524
0.482097
0.484679
0.487269
0.489868
0.492474
0.495088
0.497709
0.500338
0.502975
0.505619
0.508270
0.510928
0.513593
0.516265
0.518944
0.521628
0.524320
0.527017
0.529720
0.532429
0.535143
0.537863
0.540589
0.543319
0.546054
0.548794
0.551538
0.554287
0.557039
0.559796
0.562556
0.565320
0.568087
0.570857
0.573630
0.576405
0.579183
0.581963
0.584745
0.587529
0.590314
0.593101
0.595888
0.598677
0.601466
0.604255
0.607044
0.609833
0.612622
0.615410
0.618197
0.620983
0.623768
0.626551
0.629332
0.632111
0.634888
0.637662
0.640433
0.643201
0.645966
0.648727
0.651484
0.654237
0.656986
0.659730
0.662469
0.665203
0.667932
0.670655
0.673372
0.676083
0.678788
0.681486
0.684178
0.686862
0.689539
0.692208
0.694870
0.697523
0.700168
0.702805
0.705433
0.708052
0.710662
0.713263
0.715853
0.718434
0.721005
0.723566
0.726116
0.728655
0.731184
0.733701
0.736207
0.738701
0.741184
0.743655
0.746113
0.748560
0.750994
0.753415
0.755823
0.758218
0.760600
0.762969
0.765324
0.767665
0.769993
0.772306
0.774606
0.776891
0.779161
0.781417
0.783658
0.785884
0.788095
0.790291
0.792472
0.794637
0.796787
0.798921
0.801040
0.803142
0.805229
0.807299
0.809354
0.811392
0.813414
0.815419
0.817408
0.819380
0.821336
0.823275
0.825197
0.827103
0.828992
0.830863
0.832718
0.834555
0.836376
0.838180
0.839966
0.841735
0.843487
0.845222
0.846940
0.848640
0.850323
0.851989
0.853637
0.855269
0.856883
0.858480
0.860059
0.861621
0.863167
0.864694
0.866205
0.867699
0.869175
0.870635
0.872077
0.873503
0.874911
0.876303
0.877677
0.879035
0.880376
0.881701
0.883009
0.884300
0.885575
0.886833
0.888075
0.889301
0.890510
0.891703
0.892881
0.894042
0.895188
0.896317
0.897431
0.898529
0.899612
0.900680
0.901732
0.902769
0.903790
0.904797
0.905789
0.906766
0.907728
0.908676
0.909609
0.910528
0.911433
0.912324
0.913200
0.914063
0.914912
0.915747
0.916569
0.917377
0.918172
0.918954
0.919723
0.920479
0.921223
0.921953
0.922671
0.923377
0.924071
0.924752
0.925421
0.926079
0.926725
0.927359
0.927982
0.928593
0.929194
0.929783
0.930361
0.930929
0.931485
0.932032
0.932568
0.933093
0.933609
0.934115
0.934610
0.935096
0.935573
0.936040
0.936497
0.936946
0.937385
0.937815
0.938237
0.938650
0.939054
0.939450
0.939838
0.940217
0.940589
0.940952
0.941308
0.941656
0.941996
0.942329
0.942655
0.942974
0.943285
0.943590
0.943887
0.944178
0.944463
0.944740
0.945012
0.945277
0.945536
0.945789
0.946036
0.946277
0.946513
0.946743
0.946967
0.947186
0.947400
0.947608
0.947812
0.948010
0.948204
0.948392
0.948576
0.948755
0.948930
0.949100
0.949266
0.949428
0.949586
0.949739
0.949889
0.950034
0.950176
0.950314
0.950448
0.950579
0.950706
0.950830
0.950950
0.951067
0.951181
0.951292
0.951400
0.951505
0.951606
0.951705
0.951802
0.951895
0.951986
0.952074
0.952160
0.952243
0.952323
0.952402
0.952478
0.952552
0.952624
0.952693
0.952761
0.952826
0.952890
0.952951
0.953011
0.953069
0.953125
0.953179
0.953232
0.953283
0.953332
0.953380
0.953427
0.953472
0.953515
0.953557
0.953598
0.953637
0.953676
0.953713
0.953748
0.953783
0.953816
0.953848
0.953880
0.953910
0.953939
0.953967
0.953994
0.954021
0.954046
0.954071
0.954094
0.954117
0.954139
0.954161
0.954181
0.954201
0.954220
0.954239
0.954257
0.954274
0.954290
0.954306
0.954322
0.954337
0.954351
0.954365
0.954378
0.954391
0.954403
0.954415
0.954426
0.954437
0.954448
0.954458
0.954468
0.954477
0.954486
0.954495
0.954503
0.954511
0.954519
0.954526
0.954533
0.954540
0.954547
0.954553
0.954559
0.954565
0.954570
0.954576
0.954581
0.954586
0.954591
0.954595
0.954600
0.954604
0.954608
0.954611
0.954615
0.954619
0.954622
0.954625
0.954628
0.954631
0.954634
0.954637
0.954639
0.954642
0.954644
0.954647
0.954649
0.954651
0.954653
0.954655
0.954657
0.954658
0.954660
0.954661
0.954663
0.954664
0.954666
0.954667
0.954668
0.954670
0.954671
0.954672
0.954673
0.954674
0.954675
0.954676
0.954677
0.954677
0.954678
0.954679
0.954680
0.954680
0.954681
0.954681
0.954682
0.954683
0.954683
0.954684
0.954684
0.954685
0.954685
0.954685
0.954686
0.954686
0.954687
0.954687
0.954687
0.954687
0.954688
0.954688
0.954688
0.954689
0.954689
0.954689
0.954689
0.954689
0.954690
0.954690
0.954690
0.954690
0.954690
0.954690
0.954690
0.954691
0.954691
0.954691
0.954691
0.954691
0.954691
0.954691
0.954691
0.954691
0.954691
0.954692
0.954692
0.954692
0.954692
0.954692
0.954692
0.954692
0.954692
0.954692
0.954692
0.954692
0.954692
