0.000000
0.014258
0.028874
0.044302
0.062537
0.088662
0.126907
0.173140
0.209333
0.235441
0.250950
0.258873
0.262786
0.265120
0.267044
0.268950
0.270902
0.272876
0.274850
0.276818
0.278780
0.280736
0.282686
0.284629
0.286567
0.288500
0.290426
0.292347
0.294262
0.296171
0.298075
0.299974
0.301867
0.303754
0.305636
0.307513
0.309385
0.311251
0.313112
0.315021
0.316732
0.318428
0.320118
0.321804
0.323485
0.325162
0.326835
0.328503
0.330168
0.331828
0.333484
0.335135
0.336783
0.338426
0.340065
0.341700
0.343330
0.344957
0.346579
0.348197
0.349812
0.351422
0.353028
0.354630
0.356227
0.357821
0.359411
0.360997
0.362578
0.364156
0.365729
0.367299
0.368865
0.370426
0.371984
0.373538
0.375088
0.376634
0.378176
0.379714
0.381248
0.382778
0.384305
0.385827
0.387346
0.388861
0.390372
0.391879
0.393382
0.394882
0.396378
0.397870
0.399358
0.400842
0.402323
0.403800
0.405273
0.406743
0.408208
0.409670
0.411129
0.412583
0.414034
0.415482
0.416925
0.418365
0.419802
0.421235
0.422664
0.424089
0.425511
0.426930
0.428345
0.429756
0.431163
0.432568
0.433968
0.435365
0.436759
0.438149
0.439535
0.440918
0.442298
0.443674
0.445047
0.446416
0.447782
0.449144
0.450503
0.451859
0.453211
0.454559
0.455905
0.457247
0.458585
0.459921
0.461253
0.462581
0.463906
0.465228
0.466547
0.467862
0.469174
0.470483
0.471789
0.473091
0.474390
0.475686
0.476978
0.478267
0.479553
0.480836
0.482116
0.483393
0.484666
0.485936
0.487203
0.488467
0.489728
0.490985
0.492240
0.493491
0.494740
0.495985
0.497227
0.498466
0.499702
0.500935
0.502165
0.503391
0.504615
0.505836
0.507054
0.508269
0.509480
0.510689
0.511895
0.513098
0.514298
0.515495
0.516689
0.517880
0.519068
0.520254
0.521436
0.522615
0.523792
0.524966
0.526137
0.527305
0.528470
0.529632
0.530792
0.531948
0.533102
0.534253
0.535402
0.536547
0.537690
0.538830
0.539967
0.541102
0.542233
0.543362
0.544489
0.545612
0.546733
0.547851
0.548967
0.550079
0.551190
0.552297
0.553402
0.554504
0.555604
0.556701
0.557795
0.558887
0.559976
0.561062
0.562146
0.563227
0.564306
0.565383
0.566456
0.567527
0.568596
0.569662
0.570726
0.571787
0.572845
0.573902
0.574955
0.576006
0.577055
0.578101
0.579145
0.580187
0.581225
0.582262
0.583296
0.584328
0.585357
0.586384
0.587409
0.588431
0.589451
0.590468
0.591484
0.592496
0.593507
0.594515
0.595521
0.596525
0.597526
0.598525
0.599522
0.600516
0.601509
0.602499
0.603486
0.604472
0.605455
0.606436
0.607415
0.608392
0.609367
0.610339
0.611309
0.612277
0.613243
0.614207
0.615168
0.616128
0.617085
0.618040
0.618993
0.619944
0.620893
0.621840
0.622785
0.623728
0.624668
0.625607
0.626543
0.627478
0.628411
0.629341
0.630270
0.631196
0.632121
0.633043
0.633964
0.634882
0.635799
0.636714
0.637627
0.638537
0.639446
0.640353
0.641258
0.642162
0.643063
0.643962
0.644860
0.645755
0.646649
0.647541
0.648431
0.649320
0.650206
0.651091
0.651974
0.652855
0.653734
0.654611
0.655487
0.656361
0.657233
0.658103
0.658972
0.659839
0.660704
0.661567
0.662429
0.663289
0.664147
0.665004
0.665859
0.666712
0.667564
0.668414
0.669262
0.670108
0.670953
0.671797
0.672638
0.673478
0.674317
0.675154
0.675989
0.676823
0.677655
0.678485
0.679314
0.680142
0.680968
0.681792
0.682615
0.683436
0.684256
0.685074
0.685890
0.686706
0.687519
0.688332
0.689142
0.689952
0.690759
0.691566
0.692371
0.693174
0.693976
0.694777
0.695576
0.696374
0.697170
0.697965
0.698758
0.699551
0.700341
0.701131
0.701919
0.702705
0.703491
0.704275
0.705057
0.705839
0.706619
0.707397
0.708175
0.708951
0.709725
0.710499
0.711271
0.712042
0.712812
0.713580
0.714347
0.715113
0.715877
0.716641
0.717403
0.718164
0.718923
0.719682
0.720439
0.721195
0.721950
0.722703
0.723456
0.724207
0.724957
0.725706
0.726454
0.727200
0.727946
0.728690
0.729433
0.730175
0.730916
0.731656
0.732394
0.733132
0.733868
0.734604
0.735338
0.736071
0.736803
0.737534
0.738264
0.738993
0.739720
0.740447
0.741173
0.741897
0.742621
0.743343
0.744065
0.744785
0.745505
0.746223
0.746941
0.747657
0.748372
0.749087
0.749800
0.750513
0.751224
0.751934
0.752644
0.753352
0.754060
0.754766
0.755472
0.756177
0.756880
0.757583
0.758285
0.758986
0.759686
0.760385
0.761083
0.761780
0.762476
0.763171
0.763866
0.764559
0.765252
0.765944
0.766634
0.767324
0.768013
0.768702
0.769389
0.770075
0.770761
0.771445
0.772129
0.772812
0.773494
0.774175
0.774856
0.775535
0.776214
0.776891
0.777568
0.778244
0.778920
0.779594
0.780268
0.780940
0.781612
0.782283
0.782954
0.783623
0.784292
0.784960
0.785627
0.786293
0.786958
0.787623
0.788286
0.788949
0.789612
0.790273
0.790933
0.791593
0.792252
0.792910
0.793568
0.794224
0.794880
0.795535
0.796189
0.796843
0.797495
0.798147
0.798798
0.799449
0.800098
0.800747
0.801395
0.802042
0.802689
0.803334
0.803979
0.804623
0.805267
0.805909
0.806551
0.807192
0.807832
0.808472
0.809110
0.809748
0.810386
0.811022
0.811658
0.812293
0.812927
0.813560
0.814192
0.814824
0.815455
0.816086
0.816715
0.817344
0.817972
0.818599
0.819225
0.819851
0.820476
0.821100
0.821723
0.822346
0.822967
0.823588
0.824209
0.824828
0.825447
0.826064
0.826682
0.827298
0.827913
0.828528
0.829142
0.829755
0.830367
0.830979
0.831590
0.832200
0.832809
0.833417
0.834025
0.834632
0.835237
0.835843
0.836447
0.837050
0.837653
0.838255
0.838856
0.839456
0.840056
0.840654
0.841252
0.841849
0.842445
0.843041
0.843635
0.844229
0.844822
0.845413
0.846005
0.846595
0.847184
0.847773
0.848360
0.848947
0.849533
0.850118
0.850702
0.851286
0.851868
0.852450
0.853031
0.853610
0.854189
0.854767
