0.000000
0.004047
0.008113
0.012442
0.016926
0.025543
0.029964
0.033898
0.038374
0.043522
0.049524
0.056647
0.065465
0.077864
0.099151
0.137757
0.193728
0.243786
0.264720
0.269946
0.272986
0.275108
0.277167
0.279223
0.281277
0.283329
0.285380
0.287429
0.289476
0.291523
0.293568
0.295613
0.297658
0.299702
0.301747
0.303791
0.305837
0.307882
0.309929
0.312027
0.313913
0.315794
0.317676
0.319561
0.321448
0.323338
0.325232
0.327128
0.329027
0.330930
0.332837
0.334746
0.336660
0.338577
0.340498
0.342424
0.344353
0.346286
0.348224
0.350167
0.352114
0.354066
0.356022
0.357984
0.359950
0.361922
0.363899
0.365881
0.367868
0.369861
0.371860
0.373864
0.375874
0.377890
0.379912
0.381939
0.383973
0.386013
0.388059
0.390112
0.392170
0.394235
0.396307
0.398385
0.400470
0.402561
0.404659
0.406764
0.408875
0.410993
0.413119
0.415250
0.417389
0.419535
0.421688
0.423847
0.426014
0.428187
0.430368
0.432555
0.434750
0.436951
0.439160
0.441375
0.443598
0.445827
0.448063
0.450307
0.452557
0.454814
0.457078
0.459348
0.461626
0.463910
0.466201
0.468498
0.470802
0.473113
0.475430
0.477753
0.480083
0.482419
0.484761
0.487109
0.489464
0.491824
0.494190
0.496562
0.498940
0.501323
0.503712
0.506107
0.508506
0.510911
0.513321
0.515736
0.518156
0.520581
0.523010
0.525444
0.527883
0.530325
0.532772
0.535223
0.537678
0.540137
0.542599
0.545065
0.547535
0.550007
0.552483
0.554962
0.557443
0.559927
0.562414
0.564903
0.567394
0.569888
0.572383
0.574880
0.577379
0.579879
0.582381
0.584883
0.587387
0.589891
0.592397
0.594902
0.597408
0.599914
0.602420
0.604926
0.607432
0.609937
0.612442
0.614945
0.617448
0.619950
0.622450
0.624948
0.627445
0.629941
0.632434
0.634925
0.637414
0.639900
0.642383
0.644864
0.647342
0.649816
0.652288
0.654755
0.657220
0.659680
0.662136
0.664588
0.667036
0.669480
0.671919
0.674353
0.676782
0.679206
0.681625
0.684038
0.686446
0.688848
0.691245
0.693635
0.696020
0.698398
0.700769
0.703134
0.705493
0.707844
0.710189
0.712526
0.714856
0.717179
0.719494
0.721802
0.724102
0.726394
0.728678
0.730954
0.733221
0.735480
0.737731
0.739973
0.742206
0.744431
0.746646
0.748853
0.751050
0.753238
0.755417
0.757586
0.759746
0.761896
0.764036
0.766166
0.768287
0.770397
0.772497
0.774587
0.776667
0.778736
0.780795
0.782844
0.784882
0.786909
0.788925
0.790931
0.792925
0.794909
0.796882
0.798844
0.800794
0.802734
0.804662
0.806579
0.808485
0.810379
0.812262
0.814133
0.815993
0.817841
0.819677
0.821502
0.823316
0.825117
0.826907
0.828685
0.830452
0.832206
0.833949
0.835680
0.837399
0.839106
0.840801
0.842484
0.844155
0.845814
0.847462
0.849097
0.850720
0.852332
0.853931
0.855518
0.857094
0.858657
0.860208
0.861748
0.863275
0.864791
0.866294
0.867786
0.869265
0.870733
0.872189
0.873632
0.875064
0.876484
0.877893
0.879289
0.880674
0.882047
0.883408
0.884757
0.886095
0.887421
0.888736
0.890038
0.891330
0.892609
0.893878
0.895134
0.896380
0.897614
0.898836
0.900048
0.901248
0.902437
0.903614
0.904781
0.905936
0.907081
0.908214
0.909336
0.910448
0.911549
0.912639
0.913718
0.914786
0.915844
0.916891
0.917927
0.918954
0.919969
0.920974
0.921969
0.922954
0.923928
0.924893
0.925847
0.926791
0.927725
0.928649
0.929564
0.930468
0.931363
0.932248
0.933124
0.933989
0.934846
0.935693
0.936530
0.937359
0.938178
0.938988
0.939788
0.940580
0.941363
0.942136
0.942901
0.943657
0.944405
0.945143
0.945873
0.946595
0.947308
0.948013
0.948709
0.949397
0.950077
0.950748
0.951412
0.952068
0.952715
0.953355
0.953987
0.954611
0.955228
0.955837
0.956438
0.957032
0.957618
0.958197
0.958769
0.959334
0.959891
0.960441
0.960985
0.961521
0.962050
0.962573
0.963089
0.963598
0.964100
0.964596
0.965086
0.965568
0.966045
0.966515
0.966979
0.967437
0.967888
0.968334
0.968774
0.969207
0.969635
0.970057
0.970473
0.970883
0.971288
0.971687
0.972081
0.972469
0.972851
0.973229
0.973601
0.973968
0.974329
0.974686
0.975037
0.975384
0.975725
0.976062
0.976394
0.976720
0.977043
0.977360
0.977673
0.977982
0.978285
0.978585
0.978880
0.979170
0.979457
0.979739
0.980017
0.980290
0.980560
0.980825
0.981087
0.981344
0.981598
0.981848
0.982094
0.982336
0.982575
0.982810
0.983041
0.983268
0.983493
0.983713
0.983930
0.984144
0.984355
0.984562
0.984766
0.984966
0.985164
0.985358
0.985549
0.985737
0.985923
0.986105
0.986284
0.986460
0.986634
0.986805
0.986973
0.987138
0.987300
0.987460
0.987617
0.987772
0.987924
0.988073
0.988220
0.988365
0.988507
0.988647
0.988784
0.988919
0.989052
0.989183
0.989311
0.989437
0.989561
0.989683
0.989803
0.989921
0.990037
0.990151
0.990262
0.990372
0.990480
0.990586
0.990691
0.990793
0.990894
0.990992
0.991090
0.991185
0.991279
0.991371
0.991461
0.991550
0.991637
0.991723
0.991807
0.991889
0.991971
0.992050
0.992128
0.992205
0.992281
0.992355
0.992427
0.992499
0.992569
0.992637
0.992705
0.992771
0.992836
0.992900
0.992962
0.993024
0.993084
0.993143
0.993201
0.993258
0.993314
0.993369
0.993423
0.993476
0.993527
0.993578
0.993628
0.993677
0.993725
0.993772
0.993818
0.993863
0.993907
0.993951
0.993993
0.994035
0.994076
0.994116
0.994156
0.994194
0.994232
0.994269
0.994306
0.994341
0.994376
0.994410
0.994444
0.994477
0.994509
0.994541
0.994572
0.994602
0.994632
0.994661
0.994689
0.994717
0.994745
0.994772
0.994798
0.994824
0.994849
0.994874
0.994898
0.994922
0.994945
0.994967
0.994990
0.995012
0.995033
0.995054
0.995074
0.995094
0.995114
0.995133
0.995152
0.995170
0.995188
0.995206
0.995223
0.995240
0.995257
0.995273
0.995289
0.995304
0.995319
0.995334
0.995348
