0.000000
0.089394
0.193809
0.197730
0.113105
0.119331
0.134349
0.148033
0.160615
0.172291
0.183226
0.193560
0.203385
0.212793
0.221912
0.230890
0.239921
0.249384
0.260048
0.267351
0.270732
0.273838
0.276970
0.280131
0.283321
0.286539
0.289786
0.293062
0.296368
0.299703
0.303067
0.306461
0.309885
0.313339
0.316824
0.320338
0.323883
0.327458
0.331063
0.334778
0.338249
0.341772
0.345331
0.348922
0.352548
0.356206
0.359897
0.363621
0.367376
0.371164
0.374982
0.378832
0.382713
0.386624
0.390565
0.394535
0.398534
0.402562
0.406618
0.410702
0.414813
0.418950
0.423112
0.427300
0.431513
0.435749
0.440009
0.444291
0.448595
0.452920
0.457265
0.461629
0.466013
0.470414
0.474832
0.479266
0.483715
0.488179
0.492656
0.497145
0.501647
0.506158
0.510680
0.515210
0.519747
0.524292
0.528842
0.533397
0.537955
0.542516
0.547079
0.551642
0.556205
0.560766
0.565324
0.569879
0.574429
0.578974
0.583512
0.588042
0.592563
0.597074
0.601574
0.606062
0.610538
0.614999
0.619445
0.623875
0.628289
0.632684
0.637060
0.641417
0.645752
0.650066
0.654357
0.658625
0.662868
0.667086
0.671277
0.675442
0.679579
0.683687
0.687765
0.691814
0.695831
0.699817
0.703770
0.707690
0.711577
0.715429
0.719246
0.723028
0.726773
0.730482
0.734153
0.737787
0.741382
0.744939
0.748457
0.751935
0.755373
0.758771
0.762128
0.765444
0.768719
0.771952
0.775144
0.778293
0.781400
0.784465
0.787487
0.790467
0.793404
0.796298
0.799148
0.801956
0.804721
0.807443
0.810122
0.812757
0.815350
0.817900
0.820407
0.822872
0.825294
0.827673
0.830011
0.832306
0.834560
0.836772
0.838943
0.841072
0.843161
0.845209
0.847217
0.849185
0.851113
0.853002
0.854852
0.856664
0.858437
0.860173
0.861871
0.863532
0.865156
0.866744
0.868296
0.869813
0.871295
0.872743
0.874157
0.875536
0.876883
0.878198
0.879480
0.880730
0.881949
0.883138
0.884296
0.885425
0.886524
0.887595
0.888637
0.889651
0.890639
0.891599
0.892533
0.893442
0.894325
0.895183
0.896017
0.896828
0.897615
0.898378
0.899120
0.899840
0.900538
0.901215
0.901872
0.902509
0.903126
0.903724
0.904304
0.904865
0.905408
0.905934
0.906443
0.906935
0.907412
0.907872
0.908318
0.908748
0.909164
0.909566
0.909954
0.910329
0.910691
0.911040
0.911377
0.911702
0.912015
0.912317
0.912609
0.912889
0.913159
0.913420
0.913670
0.913912
0.914144
0.914367
0.914582
0.914789
0.914988
0.915179
0.915362
0.915538
0.915708
0.915870
0.916026
0.916176
0.916320
0.916457
0.916589
0.916716
0.916837
0.916954
0.917065
0.917172
0.917274
0.917372
0.917465
0.917555
0.917640
0.917722
0.917800
0.917875
0.917946
0.918014
0.918079
0.918142
0.918201
0.918257
0.918311
0.918363
0.918412
0.918459
0.918503
0.918546
0.918586
0.918624
0.918661
0.918696
0.918729
0.918761
0.918790
0.918819
0.918846
0.918872
0.918896
0.918919
0.918941
0.918962
0.918982
0.919001
0.919018
0.919035
0.919051
0.919066
0.919081
0.919094
0.919107
0.919119
0.919131
0.919142
0.919152
0.919162
0.919171
0.919180
0.919188
0.919196
0.919203
0.919210
0.919216
0.919222
0.919228
0.919234
0.919239
0.919244
0.919248
0.919252
0.919256
0.919260
0.919264
0.919267
0.919270
0.919273
0.919276
0.919279
0.919281
0.919283
0.919286
0.919288
0.919290
0.919291
0.919293
0.919295
0.919296
0.919297
0.919299
0.919300
0.919301
0.919302
0.919303
0.919304
0.919305
0.919306
0.919306
0.919307
0.919308
0.919308
0.919309
0.919310
0.919310
0.919311
0.919311
0.919311
0.919312
0.919312
0.919312
0.919313
0.919313
0.919313
0.919314
0.919314
0.919314
0.919314
0.919314
0.919314
0.919315
0.919315
0.919315
0.919315
0.919315
0.919315
0.919315
0.919315
0.919316
0.919316
0.919316
0.919316
0.919316
0.919316
0.919316
0.919316
0.919316
0.919316
0.919316
0.919316
0.919316
0.919316
0.919316
0.919316
0.919316
0.919316
0.919316
0.919316
0.919316
0.919316
0.919316
0.919316
0.919316
0.919316
0.919316
0.919316
0.919316
0.919316
0.919316
0.919316
0.919316
0.919316
0.919316
0.919316
0.919317
0.919317
0.919317
0.919317
0.919317
0.919317
0.919317
0.919317
0.919317
0.919317
0.919317
0.919317
0.919317
0.919317
0.919317
0.919317
0.919317
0.919317
0.919317
0.919317
0.919317
0.919317
0.919317
0.919317
0.919317
0.919317
0.919317
0.919317
0.919317
0.919317
0.919317
0.919317
0.919317
0.919317
0.919317
0.919317
0.919317
0.919317
0.919317
0.919317
0.919317
0.919317
0.919317
0.919317
0.919317
0.919317
0.919317
0.919317
0.919317
0.919317
0.919317
0.919317
0.919317
0.919317
0.919317
0.919317
0.919317
0.919317
0.919317
0.919317
0.919317
0.919317
0.919317
0.919317
0.919317
0.919317
0.919317
0.919317
0.919317
0.919317
0.919317
0.919317
0.919317
0.919317
0.919317
0.919317
0.919317
0.919317
0.919317
0.919317
0.919317
0.919317
0.919317
0.919317
0.919317
0.919317
0.919317
0.919317
0.919317
0.919317
0.919317
0.919317
0.919317
0.919317
0.919317
0.919317
0.919317
0.919317
0.919317
0.919317
0.919317
0.919317
0.919317
0.919317
0.919317
0.919317
0.919317
0.919317
0.919317
0.919317
0.919317
0.919317
0.919317
0.919317
0.919317
0.919317
0.919317
0.919317
0.919317
0.919317
0.919317
0.919317
0.919317
0.919317
0.919317
0.919317
0.919317
0.919317
0.919317
0.919317
0.919317
0.919317
0.919317
0.919317
0.919317
0.919317
0.919317
0.919317
0.919317
0.919317
0.919317
0.919317
0.919317
0.919317
0.919317
0.919317
0.919317
0.919317
0.919317
0.919317
0.919317
0.919317
0.919317
0.919317
0.919317
0.919317
0.919317
0.919317
0.919317
0.919317
0.919317
0.919317
0.919317
0.919317
0.919317
0.919317
0.919317
0.919317
0.919317
0.919317
0.919317
0.919317
0.919317
0.919317
0.919317
0.919317
0.919317
0.919317
