0.000000
0.002912
0.005837
0.009029
0.011947
0.016108
0.020619
0.027168
0.031919
0.037952
0.049898
0.075885
0.122648
0.182888
0.233482
0.258598
0.265733
0.268624
0.270782
0.272792
0.274793
0.276786
0.278774
0.280754
0.282729
0.284697
0.286659
0.288616
0.290568
0.292514
0.294455
0.296392
0.298324
0.300251
0.302175
0.304094
0.306009
0.307921
0.309829
0.311787
0.313541
0.315278
0.317011
0.318742
0.320471
0.322197
0.323921
0.325643
0.327363
0.329081
0.330798
0.332512
0.334225
0.335936
0.337645
0.339353
0.341059
0.342764
0.344468
0.346170
0.347871
0.349570
0.351269
0.352966
0.354663
0.356358
0.358053
0.359746
0.361439
0.363131
0.364822
0.366513
0.368203
0.369892
0.371581
0.373270
0.374958
0.376646
0.378334
0.380021
0.381709
0.383396
0.385083
0.386770
0.388458
0.390145
0.391833
0.393520
0.395208
0.396897
0.398585
0.400274
0.401964
0.403654
0.405345
0.407036
0.408728
0.410421
0.412114
0.413808
0.415503
0.417199
0.418896
0.420594
0.422293
0.423993
0.425694
0.427396
0.429099
0.430804
0.432509
0.434216
0.435925
0.437635
0.439346
0.441058
0.442772
0.444488
0.446205
0.447924
0.449644
0.451366
0.453089
0.454814
0.456541
0.458270
0.460000
0.461732
0.463466
0.465201
0.466939
0.468678
0.470419
0.472163
0.473908
0.475655
0.477403
0.479154
0.480907
0.482662
0.484418
0.486177
0.487938
0.489701
0.491465
0.493232
0.495001
0.496772
0.498545
0.500319
0.502096
0.503875
0.505656
0.507439
0.509224
0.511011
0.512800
0.514591
0.516384
0.518179
0.519976
0.521775
0.523576
0.525379
0.527184
0.528990
0.530799
0.532609
0.534422
0.536236
0.538052
0.539870
0.541689
0.543510
0.545333
0.547158
0.548985
0.550813
0.552642
0.554474
0.556306
0.558141
0.559977
0.561814
0.563653
0.565493
0.567334
0.569177
0.571021
0.572867
0.574713
0.576561
0.578410
0.580260
0.582111
0.583963
0.585816
0.587670
0.589525
0.591381
0.593237
0.595095
0.596952
0.598811
0.600670
0.602530
0.604390
0.606251
0.608112
0.609973
0.611835
0.613697
0.615559
0.617421
0.619284
0.621146
0.623008
0.624871
0.626733
0.628595
0.630456
0.632318
0.634179
0.636039
0.637899
0.639759
0.641617
0.643476
0.645333
0.647190
0.649045
0.650900
0.652754
0.654607
0.656459
0.658309
0.660159
0.662007
0.663853
0.665699
0.667542
0.669385
0.671225
0.673064
0.674901
0.676737
0.678570
0.680402
0.682232
0.684059
0.685884
0.687708
0.689529
0.691347
0.693163
0.694977
0.696789
0.698597
0.700403
0.702207
0.704007
0.705805
0.707600
0.709392
0.711180
0.712966
0.714749
0.716528
0.718304
0.720077
0.721846
0.723612
0.725375
0.727133
0.728888
0.730640
0.732387
0.734131
0.735871
0.737607
0.739339
0.741066
0.742790
0.744510
0.746225
0.747936
0.749642
0.751344
0.753042
0.754735
0.756423
0.758107
0.759786
0.761461
0.763130
0.764795
0.766455
0.768109
0.769759
0.771404
0.773043
0.774678
0.776307
0.777931
0.779549
0.781162
0.782770
0.784372
0.785969
0.787560
0.789145
0.790725
0.792299
0.793868
0.795430
0.796987
0.798538
0.800083
0.801622
0.803155
0.804682
0.806203
0.807717
0.809226
0.810728
0.812225
0.813714
0.815198
0.816675
0.818146
0.819611
0.821069
0.822520
0.823965
0.825404
0.826836
0.828261
0.829680
0.831092
0.832498
0.833896
0.835288
0.836673
0.838052
0.839424
0.840788
0.842146
0.843498
0.844842
0.846179
0.847509
0.848833
0.850149
0.851459
0.852761
0.854057
0.855345
0.856626
0.857901
0.859168
0.860428
0.861681
0.862927
0.864165
0.865397
0.866621
0.867839
0.869049
0.870251
0.871447
0.872636
0.873817
0.874991
0.876158
0.877318
0.878470
0.879615
0.880753
0.881884
0.883008
0.884124
0.885233
0.886335
0.887429
0.888517
0.889597
0.890670
0.891736
0.892794
0.893845
0.894890
0.895927
0.896956
0.897979
0.898994
0.900002
0.901003
0.901997
0.902984
0.903964
0.904936
0.905902
0.906860
0.907811
0.908755
0.909692
0.910622
0.911545
0.912461
0.913370
0.914272
0.915168
0.916056
0.916937
0.917811
0.918678
0.919539
0.920393
0.921239
0.922079
0.922913
0.923739
0.924559
0.925371
0.926178
0.926977
0.927770
0.928556
0.929335
0.930108
0.930875
0.931635
0.932388
0.933135
0.933875
0.934609
0.935336
0.936057
0.936772
0.937480
0.938182
0.938877
0.939567
0.940250
0.940927
0.941598
0.942262
0.942921
0.943573
0.944219
0.944859
0.945494
0.946122
0.946744
0.947361
0.947971
0.948576
0.949175
0.949768
0.950355
0.950937
0.951512
0.952083
0.952647
0.953206
0.953760
0.954307
0.954850
0.955387
0.955918
0.956444
0.956965
0.957480
0.957990
0.958495
0.958994
0.959488
0.959978
0.960462
0.960940
0.961414
0.961883
0.962347
0.962806
0.963259
0.963708
0.964153
0.964592
0.965026
0.965456
0.965881
0.966301
0.966717
0.967128
0.967534
0.967936
0.968333
0.968726
0.969115
0.969499
0.969878
0.970253
0.970624
0.970991
0.971353
0.971712
0.972066
0.972415
0.972761
0.973103
0.973440
0.973774
0.974104
0.974429
0.974751
0.975069
0.975383
0.975693
0.976000
0.976303
0.976602
0.976897
0.977189
0.977477
0.977761
0.978042
0.978320
0.978594
0.978864
0.979131
0.979395
0.979655
0.979912
0.980166
0.980416
0.980664
0.980908
0.981149
0.981386
0.981621
0.981853
0.982081
0.982307
0.982529
0.982749
0.982966
0.983179
0.983390
0.983598
0.983804
0.984006
0.984206
0.984403
0.984597
0.984789
0.984978
0.985165
0.985349
0.985530
0.985709
0.985885
0.986059
0.986230
0.986399
0.986566
0.986730
0.986892
0.987052
0.987209
0.987364
0.987517
0.987668
0.987816
0.987963
0.988107
0.988249
0.988389
0.988527
0.988663
0.988797
0.988929
0.989059
0.989187
0.989313
0.989437
0.989560
0.989680
0.989799
0.989916
0.990031
0.990145
0.990256
0.990366
0.990475
0.990581
0.990686
0.990790
0.990892
0.990992
0.991090
