0.000000
0.030853
0.063731
0.100621
0.144830
0.189778
0.215789
0.219106
0.216774
0.220243
0.227759
0.235819
0.244193
0.254000
0.260525
0.262660
0.264624
0.266584
0.268538
0.270488
0.272432
0.274372
0.276307
0.278236
0.280161
0.282082
0.283997
0.285908
0.287815
0.289718
0.291616
0.293510
0.295400
0.297286
0.299168
0.301047
0.302922
0.304793
0.306661
0.308557
0.310250
0.311950
0.313649
0.315345
0.317040
0.318732
0.320422
0.322110
0.323795
0.325479
0.327161
0.328841
0.330519
0.332195
0.333870
0.335542
0.337214
0.338883
0.340551
0.342218
0.343883
0.345547
0.347210
0.348871
0.350531
0.352190
0.353848
0.355504
0.357160
0.358815
0.360469
0.362122
0.363775
0.365426
0.367077
0.368728
0.370377
0.372027
0.373676
0.375324
0.376972
0.378620
0.380267
0.381915
0.383562
0.385209
0.386856
0.388503
0.390150
0.391798
0.393445
0.395093
0.396741
0.398389
0.400038
0.401687
0.403337
0.404987
0.406637
0.408289
0.409941
0.411593
0.413247
0.414901
0.416556
0.418212
0.419869
0.421527
0.423186
0.424846
0.426508
0.428170
0.429834
0.431499
0.433165
0.434832
0.436501
0.438172
0.439843
0.441517
0.443192
0.444868
0.446546
0.448226
0.449907
0.451590
0.453275
0.454962
0.456651
0.458341
0.460033
0.461727
0.463423
0.465122
0.466822
0.468524
0.470228
0.471934
0.473643
0.475353
0.477066
0.478781
0.480498
0.482217
0.483939
0.485662
0.487388
0.489117
0.490848
0.492581
0.494316
0.496054
0.497794
0.499536
0.501281
0.503028
0.504778
0.506530
0.508284
0.510041
0.511800
0.513562
0.515326
0.517092
0.518861
0.520633
0.522407
0.524183
0.525962
0.527743
0.529526
0.531312
0.533100
0.534891
0.536684
0.538480
0.540277
0.542077
0.543880
0.545685
0.547492
0.549301
0.551112
0.552926
0.554742
0.556560
0.558380
0.560203
0.562027
0.563854
0.565683
0.567513
0.569346
0.571181
0.573017
0.574856
0.576696
0.578538
0.580382
0.582228
0.584076
0.585925
0.587776
0.589628
0.591482
0.593337
0.595194
0.597053
0.598913
0.600774
0.602636
0.604500
0.606364
0.608230
0.610097
0.611965
0.613834
0.615704
0.617575
0.619447
0.621319
0.623192
0.625066
0.626940
0.628815
0.630691
0.632566
0.634442
0.636319
0.638195
0.640072
0.641949
0.643826
0.645702
0.647579
0.649455
0.651332
0.653207
0.655083
0.656958
0.658832
0.660706
0.662580
0.664452
0.666324
0.668194
0.670064
0.671933
0.673801
0.675667
0.677532
0.679396
0.681258
0.683119
0.684978
0.686836
0.688692
0.690546
0.692398
0.694249
0.696097
0.697943
0.699787
0.701628
0.703468
0.705304
0.707139
0.708970
0.710799
0.712625
0.714449
0.716269
0.718087
0.719901
0.721712
0.723520
0.725325
0.727126
0.728923
0.730717
0.732508
0.734295
0.736077
0.737856
0.739632
0.741402
0.743169
0.744932
0.746690
0.748444
0.750194
0.751939
0.753679
0.755415
0.757146
0.758872
0.760593
0.762309
0.764020
0.765726
0.767427
0.769123
0.770813
0.772498
0.774177
0.775850
0.777518
0.779181
0.780837
0.782488
0.784132
0.785771
0.787404
0.789030
0.790651
0.792265
0.793872
0.795474
0.797068
0.798657
0.800238
0.801814
0.803382
0.804944
0.806498
0.808046
0.809587
0.811121
0.812648
0.814168
0.815680
0.817186
0.818684
0.820175
0.821658
0.823134
0.824602
0.826063
0.827517
0.828963
0.830401
0.831831
0.833254
0.834669
0.836076
0.837475
0.838866
0.840249
0.841625
0.842992
0.844351
0.845702
0.847045
0.848380
0.849706
0.851025
0.852335
0.853637
0.854930
0.856215
0.857492
0.858760
0.860020
0.861272
0.862515
0.863750
0.864976
0.866193
0.867402
0.868603
0.869795
0.870978
0.872153
0.873319
0.874476
0.875625
0.876765
0.877897
0.879020
0.880134
0.881240
0.882337
0.883425
0.884505
0.885576
0.886638
0.887691
0.888736
0.889773
0.890800
0.891819
0.892829
0.893831
0.894824
0.895808
0.896784
0.897751
0.898710
0.899660
0.900601
0.901534
0.902458
0.903374
0.904281
0.905180
0.906070
0.906952
0.907826
0.908691
0.909547
0.910396
0.911235
0.912067
0.912890
0.913705
0.914512
0.915311
0.916101
0.916884
0.917658
0.918424
0.919182
0.919932
0.920674
0.921408
0.922134
0.922852
0.923563
0.924265
0.924960
0.925647
0.926326
0.926998
0.927662
0.928318
0.928967
0.929608
0.930242
0.930869
0.931488
0.932099
0.932704
0.933301
0.933891
0.934474
0.935049
0.935618
0.936179
0.936734
0.937282
0.937822
0.938356
0.938883
0.939403
0.939917
0.940424
0.940924
0.941418
0.941905
0.942386
0.942861
0.943329
0.943791
0.944246
0.944695
0.945138
0.945575
0.946006
0.946431
0.946850
0.947264
0.947671
0.948072
0.948468
0.948858
0.949243
0.949621
0.949995
0.950362
0.950725
0.951082
0.951433
0.951780
0.952121
0.952457
0.952788
0.953114
0.953434
0.953750
0.954061
0.954367
0.954668
0.954965
0.955257
0.955544
0.955826
0.956104
0.956378
0.956647
0.956912
0.957172
0.957428
0.957680
0.957927
0.958171
0.958410
0.958645
0.958877
0.959104
0.959327
0.959547
0.959763
0.959975
0.960183
0.960388
0.960589
0.960786
0.960980
0.961171
0.961358
0.961542
0.961722
0.961899
0.962073
0.962244
0.962411
0.962576
0.962737
0.962895
0.963051
0.963203
0.963353
0.963499
0.963643
0.963784
0.963923
0.964058
0.964191
0.964322
0.964450
0.964575
0.964698
0.964818
0.964936
0.965052
0.965165
0.965276
0.965385
0.965492
0.965596
0.965698
0.965798
0.965896
0.965992
0.966086
0.966178
0.966268
0.966356
0.966442
0.966527
0.966609
0.966690
0.966769
0.966846
0.966922
0.966996
0.967068
0.967139
0.967208
0.967276
0.967342
0.967406
0.967470
0.967531
0.967592
0.967651
0.967708
0.967764
0.967819
0.967873
0.967925
0.967977
0.968027
0.968075
0.968123
0.968170
0.968215
0.968259
0.968303
0.968345
0.968386
0.968426
0.968465
0.968504
0.968541
0.968577
0.968613
0.968647
0.968681
0.968714
