0.106795
0.241667
0.418119
0.641321
0.353233
0.285400
0.306674
0.326207
0.344252
0.361066
0.376866
0.391832
0.406087
0.419718
0.432857
0.445634
0.458169
0.470619
0.488019
0.511219
0.519680
0.525502
0.531337
0.537209
0.543114
0.549052
0.555019
0.561014
0.567035
0.573081
0.579151
0.585241
0.591351
0.597479
0.603623
0.609780
0.615949
0.622126
0.628309
0.634699
0.640773
0.646862
0.652955
0.659046
0.665133
0.671213
0.677281
0.683335
0.689372
0.695388
0.701380
0.707345
0.713281
0.719184
0.725051
0.730879
0.736667
0.742410
0.748106
0.753754
0.759350
0.764891
0.770376
0.775803
0.781169
0.786471
0.791709
0.796880
0.801983
0.807015
0.811976
0.816864
0.821676
0.826413
0.831073
0.835655
0.840157
0.844580
0.848921
0.853182
0.857360
0.861456
0.865469
0.869398
0.873245
0.877007
0.880687
0.884283
0.887796
0.891226
0.894573
0.897838
0.901021
0.904122
0.907143
0.910085
0.912946
0.915730
0.918436
0.921065
0.923618
0.926096
0.928501
0.930834
0.933094
0.935285
0.937406
0.939459
0.941446
0.943367
0.945225
0.947019
0.948752
0.950425
0.952039
0.953595
0.955096
0.956541
0.957934
0.959274
0.960564
0.961804
0.962997
0.964143
0.965243
0.966300
0.967314
0.968287
0.969220
0.970114
0.970970
0.971790
0.972575
0.973325
0.974044
0.974730
0.975386
0.976012
0.976610
0.977180
0.977725
0.978244
0.978738
0.979209
0.979658
0.980085
0.980491
0.980878
0.981245
0.981594
0.981926
0.982240
0.982539
0.982823
0.983091
0.983346
0.983588
0.983816
0.984033
0.984238
0.984432
0.984615
0.984788
0.984952
0.985107
0.985253
0.985390
0.985520
0.985643
0.985759
0.985867
0.985970
0.986067
0.986157
0.986243
0.986323
0.986399
0.986470
0.986537
0.986599
0.986658
0.986713
0.986765
0.986814
0.986859
0.986902
0.986942
0.986979
0.987014
0.987047
0.987077
0.987106
0.987133
0.987158
0.987181
0.987203
0.987223
0.987242
0.987260
0.987276
0.987291
0.987306
0.987319
0.987331
0.987343
0.987354
0.987364
0.987373
0.987381
0.987389
0.987397
0.987404
0.987410
0.987416
0.987422
0.987427
0.987431
0.987436
0.987440
0.987443
0.987447
0.987450
0.987453
0.987456
0.987458
0.987461
0.987463
0.987465
0.987467
0.987468
0.987470
0.987471
0.987473
0.987474
0.987475
0.987476
0.987477
0.987478
0.987479
0.987479
0.987480
0.987481
0.987481
0.987482
0.987482
0.987483
0.987483
0.987484
0.987484
0.987484
0.987484
0.987485
0.987485
0.987485
0.987485
0.987486
0.987486
0.987486
0.987486
0.987486
0.987486
0.987486
0.987486
0.987487
0.987487
0.987487
0.987487
0.987487
0.987487
0.987487
0.987487
0.987487
0.987487
0.987487
0.987487
0.987487
0.987487
0.987487
0.987487
0.987487
0.987487
0.987487
0.987487
0.987487
0.987487
0.987487
0.987487
0.987487
0.987487
0.987487
0.987487
0.987487
0.987487
0.987487
0.987487
0.987487
0.987487
0.987487
0.987487
0.987487
0.987487
0.987487
0.987487
0.987487
0.987487
0.987487
0.987487
0.987487
0.987487
0.987487
0.987487
0.987487
0.987487
0.987487
0.987487
0.987487
0.987487
0.987487
0.987487
0.987487
0.987487
0.987487
0.987487
0.987487
0.987487
0.987487
0.987487
0.987487
0.987487
0.987487
0.987487
0.987487
0.987487
0.987487
0.987487
0.987487
0.987487
0.987487
0.987487
0.987487
0.987487
0.987487
0.987487
0.987487
0.987487
0.987487
0.987487
0.987487
0.987487
0.987487
0.987487
0.987487
0.987487
0.987487
0.987487
0.987487
0.987487
0.987487
0.987487
0.987487
0.987487
0.987487
0.987487
0.987487
0.987487
0.987487
0.987487
0.987487
0.987487
0.987487
0.987487
0.987487
0.987487
0.987487
0.987487
0.987487
0.987487
0.987487
0.987487
0.987487
0.987487
0.987487
0.987487
0.987487
0.987487
0.987487
0.987487
0.987487
0.987487
0.987487
0.987487
0.987487
0.987487
0.987487
0.987487
0.987487
0.987487
0.987487
0.987487
0.987487
0.987487
0.987487
0.987487
0.987487
0.987487
0.987487
0.987487
0.987487
0.987487
0.987487
0.987487
0.987487
0.987487
0.987487
0.987487
0.987487
0.987487
0.987487
0.987487
0.987487
0.987487
0.987487
0.987487
0.987487
0.987487
0.987487
0.987487
0.987487
0.987487
0.987487
0.987487
0.987487
0.987487
0.987487
0.987487
0.987487
0.987487
0.987487
0.987487
0.987487
0.987487
0.987487
0.987487
0.987487
0.987487
0.987487
0.987487
0.987487
0.987487
0.987487
0.987487
0.987487
0.987487
0.987487
0.987487
0.987487
0.987487
0.987487
0.987487
0.987487
0.987487
0.987487
0.987487
0.987487
0.987487
0.987487
0.987487
0.987487
0.987487
0.987487
0.987487
0.987487
0.987487
0.987487
0.987487
0.987487
0.987487
0.987487
0.987487
0.987487
0.987487
0.987487
0.987487
0.987487
0.987487
0.987487
0.987487
0.987487
0.987487
0.987487
0.987487
0.987487
0.987487
0.987487
0.987487
0.987487
0.987487
0.987487
0.987487
0.987487
0.987487
0.987487
0.987487
0.987487
0.987487
0.987487
0.987487
0.987487
0.987487
0.987487
0.987487
0.987487
0.987487
0.987487
0.987487
0.987487
0.987487
0.987487
0.987487
0.987487
0.987487
0.987487
0.987487
0.987487
0.987487
0.987487
0.987487
0.987487
0.987487
0.987487
0.987487
0.987487
0.987487
0.987487
0.987487
0.987487
0.987487
0.987487
0.987487
0.987487
0.987487
0.987487
0.987487
0.987487
0.987487
0.987487
0.987487
0.987487
0.987487
0.987487
0.987487
0.987487
0.987487
0.987487
0.987487
0.987487
0.987487
0.987487
0.987487
0.987487
0.987487
0.987487
0.987487
0.987487
0.987487
0.987487
0.987487
0.987487
0.987487
0.987487
0.987487
0.987487
0.987487
0.987487
0.987487
0.987487
0.987487
0.987487
0.987487
0.987487
0.987487
0.987487
0.987487
0.987487
0.987487
0.987487
0.987487
0.987487
0.987487
0.987487
0.987487
0.987487
0.987487
0.987487
0.987487
0.987487
0.987487
0.987487
0.987487
0.987487
