0.000000
0.137824
0.207325
0.253615
0.287439
0.313711
0.334960
0.352634
0.367675
0.380693
0.392098
0.402205
0.411258
0.419440
0.426896
0.433751
0.440118
0.446089
0.451747
0.457191
0.462550
0.468002
0.473879
0.480539
0.485627
0.487088
0.487225
0.487229
0.487230
0.487230
0.487230
0.487230
0.487230
0.487230
0.487230
0.487230
0.487230
0.487230
0.487230
0.487230
0.487230
0.487230
0.487230
0.487230
0.487230
0.487230
0.487230
0.487230
0.487230
0.487230
0.487230
0.487230
0.487230
0.487230
0.487230
0.487230
0.487230
0.487230
0.487230
0.487230
0.487230
0.487230
0.487230
0.487230
0.487230
0.487230
0.487230
0.487230
0.487230
0.487230
0.487230
0.487230
0.487230
0.487230
0.487230
0.487230
0.487230
0.487230
0.487230
0.487230
0.487230
0.487230
0.487230
0.487230
0.487230
0.487230
0.487230
0.487230
0.487230
0.487230
0.487230
0.487230
0.487230
0.487230
0.487230
0.487230
0.487230
0.487230
0.487230
0.487230
0.487230
0.487230
0.487230
0.487230
0.487230
0.487230
0.487230
0.487230
0.487230
0.487230
0.487230
0.487230
0.487230
0.487230
0.487230
0.487230
0.487230
0.487230
0.487230
0.487230
0.487230
0.487230
0.487230
0.487230
0.487230
0.487230
0.487230
0.487230
0.487230
0.487230
0.487230
0.487230
0.487230
0.487230
0.487230
0.487230
0.487230
0.487230
0.487230
0.487230
0.487230
0.487230
0.487230
0.487230
0.487230
0.487230
0.487230
0.487230
0.487230
0.487230
0.487230
0.487230
0.487230
0.487230
0.487230
0.487230
0.487230
0.487230
0.487230
0.487230
0.487230
0.487230
0.487230
0.487230
0.487230
0.487230
0.487230
0.487230
0.487230
0.487230
0.487230
0.487230
0.487230
0.487230
0.487230
0.487230
0.487230
0.487230
0.487230
0.487230
0.487230
0.487230
0.487230
0.487230
0.487230
0.487230
0.487230
0.487230
0.487230
0.487230
0.487230
0.487230
0.487230
0.487230
0.487230
0.487230
0.487230
0.487230
0.487230
0.487230
0.487230
0.487230
0.487230
0.487230
0.487230
0.487230
0.487230
0.487230
0.487230
0.487230
0.487230
0.487230
0.487230
0.487230
0.487230
0.487230
0.487230
0.487230
0.487230
0.487230
0.487230
0.487230
0.487230
0.487230
0.487230
0.487230
0.487230
0.487230
0.487230
0.487230
0.487230
0.487230
0.487230
0.487230
0.487230
0.487230
0.487230
0.487230
0.487230
0.487230
0.487230
0.487230
0.487230
0.487230
0.487230
0.487230
0.487230
0.487230
0.487230
0.487230
0.487230
0.487230
0.487230
0.487230
0.487230
0.487230
0.487230
0.487230
0.487230
0.487230
0.487230
0.487230
0.487230
0.487230
0.487230
0.487230
0.487230
0.487230
0.487230
0.487230
0.487230
0.487230
0.487230
0.487230
0.487230
0.487230
0.487230
0.487230
0.487230
0.487230
0.487230
0.487230
0.487230
0.487230
0.487230
0.487230
0.487230
0.487230
0.487230
0.487230
0.487230
0.487230
0.487230
0.487230
0.487230
0.487230
0.487230
0.487230
0.487230
0.487230
0.487230
0.487230
0.487230
0.487230
0.487230
0.487230
0.487230
0.487230
0.487230
0.487230
0.487230
0.487230
0.487230
0.487230
0.487230
0.487230
0.487230
0.487230
0.487230
0.487230
0.487230
0.487230
0.487230
0.487230
0.487230
0.487230
0.487230
0.487230
0.487230
0.487230
0.487230
0.487230
0.487230
0.487230
0.487230
0.487230
0.487230
0.487230
0.487230
0.487230
0.487230
0.487230
0.487230
0.487230
0.487230
0.487230
0.487230
0.487230
0.487230
0.487230
0.487230
0.487230
0.487230
0.487230
0.487230
0.487230
0.487230
0.487230
0.487230
0.487230
0.487230
0.487230
0.487230
0.487230
0.487230
0.487230
0.487230
0.487230
0.487230
0.487230
0.487230
0.487230
0.487230
0.487230
0.487230
0.487230
0.487230
0.487230
0.487230
0.487230
0.487230
0.487230
0.487230
0.487230
0.487230
0.487230
0.487230
0.487230
0.487230
0.487230
0.487230
0.487230
0.487230
0.487230
0.487230
0.487230
0.487230
0.487230
0.487230
0.487230
0.487230
0.487230
0.487230
0.487230
0.487230
0.487230
0.487230
0.487230
0.487230
0.487230
0.487230
0.487230
0.487230
0.487230
0.487230
0.487230
0.487230
0.487230
0.487230
0.487230
0.487230
0.487230
0.487230
0.487230
0.487230
0.487230
0.487230
0.487230
0.487230
0.487230
0.487230
0.487230
0.487230
0.487230
0.487230
0.487230
0.487230
0.487230
0.487230
0.487230
0.487230
0.487230
0.487230
0.487230
0.487230
0.487230
0.487230
0.487230
0.487230
0.487230
0.487230
0.487230
0.487230
0.487230
0.487230
0.487230
0.487230
0.487230
0.487230
0.487230
0.487230
0.487230
0.487230
0.487230
0.487230
0.487230
0.487230
0.487230
0.487230
0.487230
0.487230
0.487230
0.487230
0.487230
0.487230
0.487230
0.487230
0.487230
0.487230
0.487230
0.487230
0.487230
0.487230
0.487230
0.487230
0.487230
0.487230
0.487230
0.487230
0.487230
0.487230
0.487230
0.487230
0.487230
0.487230
0.487230
0.487230
0.487230
0.487230
0.487230
0.487230
0.487230
0.487230
0.487230
0.487230
0.487230
0.487230
0.487230
0.487230
0.487230
0.487230
0.487230
0.487230
0.487230
0.487230
0.487230
0.487230
0.487230
0.487230
0.487230
0.487230
0.487230
0.487230
0.487230
0.487230
0.487230
0.487230
0.487230
0.487230
0.487230
0.487230
0.487230
0.487230
0.487230
0.487230
0.487230
0.487230
0.487230
0.487230
0.487230
0.487230
0.487230
0.487230
0.487230
0.487230
0.487230
0.487230
0.487230
0.487230
0.487230
0.487230
0.487230
0.487230
0.487230
0.487230
0.487230
0.487230
0.487230
0.487230
0.487230
0.487230
0.487230
0.487230
0.487230
0.487230
0.487230
0.487230
0.487230
0.487230
0.487230
0.487230
0.487230
0.487230
0.487230
0.487230
0.487230
0.487230
0.487230
0.487230
0.487230
0.487230
0.487230
0.487230
0.487230
0.487230
0.487230
0.487230
0.487230
0.487230
0.487230
0.487230
0.487230
0.487230
0.487230
0.487230
0.487230
0.487230
0.487230
0.487230
0.487230
