0.000000
0.030780
0.063580
0.099832
0.141709
0.192428
0.250031
0.281076
0.254718
0.228350
0.231084
0.239199
0.247703
0.257632
0.264432
0.266750
0.268890
0.271034
0.273180
0.275329
0.277481
0.279637
0.281795
0.283957
0.286123
0.288292
0.290465
0.292643
0.294825
0.297011
0.299203
0.301399
0.303601
0.305808
0.308021
0.310240
0.312466
0.314697
0.316935
0.319210
0.321269
0.323356
0.325453
0.327559
0.329674
0.331797
0.333930
0.336072
0.338223
0.340384
0.342555
0.344735
0.346925
0.349125
0.351335
0.353555
0.355785
0.358027
0.360278
0.362541
0.364814
0.367098
0.369393
0.371699
0.374016
0.376344
0.378684
0.381035
0.383397
0.385771
0.388157
0.390554
0.392962
0.395383
0.397815
0.400258
0.402714
0.405181
0.407660
0.410151
0.412654
0.415168
0.417694
0.420232
0.422782
0.425343
0.427916
0.430501
0.433097
0.435704
0.438324
0.440954
0.443596
0.446249
0.448913
0.451588
0.454274
0.456971
0.459679
0.462398
0.465127
0.467866
0.470616
0.473376
0.476145
0.478925
0.481714
0.484513
0.487321
0.490139
0.492966
0.495801
0.498645
0.501498
0.504358
0.507227
0.510104
0.512989
0.515881
0.518780
0.521686
0.524599
0.527519
0.530445
0.533377
0.536315
0.539259
0.542208
0.545162
0.548121
0.551084
0.554052
0.557024
0.560000
0.562979
0.565962
0.568947
0.571935
0.574926
0.577919
0.580914
0.583910
0.586907
0.589906
0.592905
0.595905
0.598904
0.601904
0.604903
0.607901
0.610899
0.613894
0.616888
0.619881
0.622870
0.625858
0.628842
0.631823
0.634801
0.637775
0.640745
0.643711
0.646671
0.649627
0.652578
0.655523
0.658462
0.661395
0.664322
0.667242
0.670155
0.673061
0.675959
0.678849
0.681731
0.684605
0.687470
0.690326
0.693173
0.696010
0.698838
0.701655
0.704463
0.707259
0.710046
0.712821
0.715584
0.718337
0.721077
0.723806
0.726522
0.729226
0.731918
0.734596
0.737262
0.739914
0.742552
0.745177
0.747788
0.750385
0.752967
0.755536
0.758089
0.760628
0.763151
0.765660
0.768153
0.770630
0.773092
0.775538
0.777968
0.780382
0.782779
0.785161
0.787525
0.789874
0.792205
0.794519
0.796817
0.799097
0.801360
0.803606
0.805834
0.808045
0.810238
0.812414
0.814572
0.816712
0.818834
0.820939
0.823025
0.825093
0.827143
0.829175
0.831189
0.833184
0.835162
0.837120
0.839061
0.840983
0.842887
0.844773
0.846640
0.848489
0.850319
0.852131
0.853925
0.855700
0.857457
0.859195
0.860915
0.862617
0.864301
0.865966
0.867613
0.869242
0.870853
0.872446
0.874021
0.875578
0.877116
0.878637
0.880141
0.881626
0.883094
0.884544
0.885976
0.887391
0.888789
0.890170
0.891533
0.892879
0.894208
0.895520
0.896815
0.898093
0.899355
0.900600
0.901828
0.903040
0.904236
0.905416
0.906579
0.907727
0.908858
0.909974
0.911075
0.912159
0.913229
0.914283
0.915322
0.916346
0.917354
0.918349
0.919328
0.920293
0.921243
0.922179
0.923101
0.924009
0.924903
0.925783
0.926650
0.927502
0.928342
0.929168
0.929981
0.930781
0.931569
0.932343
0.933105
0.933854
0.934591
0.935316
0.936029
0.936730
0.937419
0.938096
0.938762
0.939416
0.940059
0.940691
0.941312
0.941923
0.942522
0.943111
0.943689
0.944257
0.944815
0.945363
0.945901
0.946429
0.946947
0.947456
0.947955
0.948445
0.948926
0.949398
0.949861
0.950315
0.950760
0.951197
0.951626
0.952046
0.952458
0.952862
0.953258
0.953646
0.954027
0.954400
0.954765
0.955123
0.955474
0.955818
0.956155
0.956485
0.956808
0.957124
0.957434
0.957738
0.958035
0.958326
0.958610
0.958889
0.959162
0.959429
0.959690
0.959945
0.960195
0.960440
0.960679
0.960913
0.961142
0.961365
0.961584
0.961798
0.962007
0.962211
0.962411
0.962606
0.962797
0.962983
0.963165
0.963343
0.963517
0.963687
0.963853
0.964015
0.964173
0.964327
0.964478
0.964625
0.964768
0.964908
0.965045
0.965179
0.965309
0.965436
0.965560
0.965681
0.965799
0.965914
0.966026
0.966135
0.966242
0.966346
0.966447
0.966546
0.966642
0.966736
0.966827
0.966916
0.967003
0.967087
0.967169
0.967250
0.967328
0.967404
0.967478
0.967550
0.967620
0.967688
0.967755
0.967819
0.967882
0.967943
0.968003
0.968061
0.968117
0.968172
0.968225
0.968277
0.968328
0.968377
0.968424
0.968470
0.968515
0.968559
0.968602
0.968643
0.968683
0.968722
0.968760
0.968797
0.968833
0.968867
0.968901
0.968934
0.968965
0.968996
0.969026
0.969055
0.969083
0.969111
0.969137
0.969163
0.969188
0.969212
0.969235
0.969258
0.969280
0.969302
0.969322
0.969343
0.969362
0.969381
0.969399
0.969417
0.969434
0.969451
0.969467
0.969483
0.969498
0.969512
0.969527
0.969540
0.969554
0.969566
0.969579
0.969591
0.969603
0.969614
0.969625
0.969635
0.969646
0.969656
0.969665
0.969674
0.969683
0.969692
0.969700
0.969708
0.969716
0.969724
0.969731
0.969738
0.969745
0.969751
0.969758
0.969764
0.969770
0.969775
0.969781
0.969786
0.969791
0.969796
0.969801
0.969806
0.969810
0.969815
0.969819
0.969823
0.969827
0.969830
0.969834
0.969837
0.969841
0.969844
0.969847
0.969850
0.969853
0.969856
0.969858
0.969861
0.969863
0.969866
0.969868
0.969870
0.969873
0.969875
0.969877
0.969878
0.969880
0.969882
0.969884
0.969885
0.969887
0.969889
0.969890
0.969891
0.969893
0.969894
0.969895
0.969896
0.969898
0.969899
0.969900
0.969901
0.969902
0.969903
0.969904
0.969904
0.969905
0.969906
0.969907
0.969908
0.969908
0.969909
0.969910
0.969910
0.969911
0.969911
0.969912
0.969913
0.969913
0.969914
0.969914
0.969914
0.969915
0.969915
0.969916
0.969916
0.969916
0.969917
0.969917
0.969917
0.969918
0.969918
0.969918
0.969919
0.969919
0.969919
0.969919
0.969920
0.969920
0.969920
0.969920
0.969920
0.969921
0.969921
0.969921
0.969921
0.969921
0.969921
0.969921
0.969922
0.969922
0.969922
0.969922
0.969922
