0.000000
0.014208
0.028775
0.043986
0.060185
0.077784
0.097716
0.120635
0.139108
0.162132
0.192006
0.226292
0.255976
0.271728
0.273365
0.269554
0.267865
0.269025
0.270959
0.272930
0.274897
0.276857
0.278813
0.280763
0.282708
0.284648
0.286582
0.288512
0.290437
0.292357
0.294272
0.296182
0.298088
0.299989
0.301885
0.303777
0.305664
0.307547
0.309426
0.311338
0.313046
0.314754
0.316460
0.318162
0.319861
0.321556
0.323249
0.324938
0.326624
0.328306
0.329986
0.331662
0.333335
0.335006
0.336673
0.338337
0.339998
0.341656
0.343312
0.344964
0.346614
0.348260
0.349905
0.351546
0.353184
0.354820
0.356454
0.358084
0.359713
0.361338
0.362961
0.364582
0.366200
0.367816
0.369429
0.371040
0.372649
0.374256
0.375860
0.377462
0.379062
0.380660
0.382256
0.383850
0.385442
0.387031
0.388619
0.390205
0.391789
0.393371
0.394952
0.396530
0.398107
0.399682
0.401256
0.402828
0.404398
0.405966
0.407533
0.409099
0.410663
0.412226
0.413787
0.415347
0.416905
0.418463
0.420018
0.421573
0.423127
0.424679
0.426230
0.427780
0.429329
0.430877
0.432423
0.433969
0.435514
0.437058
0.438601
0.440143
0.441684
0.443225
0.444764
0.446303
0.447841
0.449379
0.450916
0.452452
0.453987
0.455522
0.457056
0.458590
0.460123
0.461656
0.463188
0.464720
0.466251
0.467782
0.469313
0.470843
0.472373
0.473902
0.475432
0.476961
0.478489
0.480018
0.481546
0.483074
0.484602
0.486130
0.487658
0.489186
0.490713
0.492241
0.493768
0.495296
0.496823
0.498350
0.499878
0.501405
0.502933
0.504460
0.505988
0.507515
0.509043
0.510571
0.512099
0.513627
0.515155
0.516684
0.518212
0.519741
0.521270
0.522799
0.524329
0.525858
0.527388
0.528918
0.530448
0.531979
0.533509
0.535040
0.536571
0.538103
0.539635
0.541167
0.542699
0.544231
0.545764
0.547297
0.548830
0.550364
0.551898
0.553432
0.554966
0.556501
0.558036
0.559571
0.561106
0.562642
0.564178
0.565714
0.567250
0.568787
0.570324
0.571861
0.573398
0.574935
0.576473
0.578011
0.579549
0.581087
0.582625
0.584164
0.585702
0.587241
0.588780
0.590319
0.591858
0.593397
0.594936
0.596476
0.598015
0.599554
0.601093
0.602633
0.604172
0.605711
0.607250
0.608789
0.610328
0.611867
0.613406
0.614944
0.616483
0.618021
0.619559
0.621097
0.622634
0.624171
0.625708
0.627245
0.628781
0.630317
0.631853
0.633388
0.634922
0.636457
0.637990
0.639524
0.641056
0.642588
0.644120
0.645651
0.647181
0.648711
0.650240
0.651768
0.653296
0.654822
0.656348
0.657873
0.659398
0.660921
0.662443
0.663965
0.665485
0.667005
0.668523
0.670041
0.671557
0.673072
0.674587
0.676099
0.677611
0.679121
0.680631
0.682138
0.683645
0.685150
0.686654
0.688156
0.689657
0.691156
0.692654
0.694150
0.695644
0.697137
0.698628
0.700118
0.701606
0.703092
0.704576
0.706058
0.707539
0.709017
0.710494
0.711968
0.713441
0.714911
0.716380
0.717846
0.719310
0.720772
0.722232
0.723690
0.725145
0.726598
0.728048
0.729497
0.730942
0.732386
0.733826
0.735265
0.736700
0.738133
0.739564
0.740992
0.742417
0.743839
0.745258
0.746675
0.748089
0.749500
0.750908
0.752313
0.753716
0.755115
0.756511
0.757904
0.759294
0.760681
0.762064
0.763445
0.764822
0.766196
0.767566
0.768934
0.770297
0.771658
0.773015
0.774369
0.775719
0.777065
0.778408
0.779748
0.781083
0.782415
0.783744
0.785069
0.786390
0.787707
0.789020
0.790330
0.791635
0.792937
0.794235
0.795529
0.796819
0.798105
0.799387
0.800665
0.801939
0.803208
0.804474
0.805735
0.806993
0.808246
0.809494
0.810739
0.811979
0.813215
0.814447
0.815674
0.816897
0.818115
0.819329
0.820538
0.821743
0.822944
0.824140
0.825331
0.826518
0.827701
0.828878
0.830051
0.831220
0.832384
0.833543
0.834697
0.835847
0.836992
0.838132
0.839267
0.840398
0.841523
0.842644
0.843760
0.844872
0.845978
0.847079
0.848176
0.849268
0.850354
0.851436
0.852513
0.853585
0.854651
0.855713
0.856770
0.857822
0.858868
0.859910
0.860947
0.861978
0.863005
0.864026
0.865043
0.866054
0.867060
0.868061
0.869057
0.870047
0.871033
0.872013
0.872988
0.873958
0.874923
0.875883
0.876837
0.877787
0.878731
0.879670
0.880604
0.881532
0.882456
0.883374
0.884287
0.885194
0.886097
0.886994
0.887886
0.888773
0.889655
0.890531
0.891402
0.892268
0.893129
0.893985
0.894835
0.895680
0.896520
0.897355
0.898184
0.899009
0.899828
0.900642
0.901450
0.902254
0.903052
0.903846
0.904634
0.905417
0.906194
0.906967
0.907735
0.908497
0.909254
0.910006
0.910753
0.911495
0.912232
0.912964
0.913690
0.914412
0.915128
0.915840
0.916546
0.917248
0.917944
0.918636
0.919322
0.920004
0.920680
0.921351
0.922018
0.922680
0.923336
0.923988
0.924635
0.925277
0.925914
0.926547
0.927174
0.927797
0.928415
0.929028
0.929636
0.930240
0.930838
0.931432
0.932022
0.932606
0.933186
0.933762
0.934332
0.934898
0.935460
0.936016
0.936569
0.937116
0.937659
0.938198
0.938732
0.939262
0.939787
0.940307
0.940824
0.941335
0.941843
0.942346
0.942844
0.943339
0.943829
0.944314
0.944796
0.945273
0.945746
0.946215
0.946679
0.947139
0.947595
0.948047
0.948495
0.948939
0.949379
0.949815
0.950246
0.950674
0.951097
0.951517
0.951933
0.952345
0.952753
0.953157
0.953557
0.953953
0.954346
0.954734
0.955119
0.955500
0.955878
0.956252
0.956622
0.956988
0.957351
0.957710
0.958065
0.958417
0.958766
0.959111
0.959452
0.959790
0.960125
0.960456
0.960783
0.961108
0.961429
0.961746
0.962060
0.962371
0.962679
0.962983
0.963284
0.963582
0.963877
0.964169
0.964457
0.964743
0.965025
0.965304
0.965580
0.965853
0.966124
0.966391
0.966655
0.966916
0.967175
0.967430
0.967683
0.967932
0.968179
0.968423
0.968665
0.968903
0.969139
0.969372
0.969603
0.969831
0.970056
