0.282338
0.600127
0.576831
0.616627
0.651973
0.681622
0.707109
0.729377
0.749104
0.766795
0.782819
0.797446
0.810898
0.823362
0.834991
0.845888
0.856147
0.865899
0.875273
0.884382
0.894018
0.911568
0.926757
0.930311
0.932262
0.934116
0.935897
0.937608
0.939250
0.940825
0.942333
0.943777
0.945159
0.946478
0.947737
0.948938
0.950082
0.951174
0.952205
0.953185
0.954114
0.954995
0.955829
0.956618
0.957363
0.958065
0.958727
0.959351
0.959937
0.960488
0.961004
0.961489
0.961942
0.962366
0.962763
0.963133
0.963478
0.963799
0.964098
0.964376
0.964635
0.964874
0.965096
0.965302
0.965492
0.965667
0.965830
0.965979
0.966117
0.966244
0.966361
0.966468
0.966566
0.966656
0.966739
0.966815
0.966884
0.966947
0.967005
0.967057
0.967105
0.967149
0.967189
0.967225
0.967257
0.967287
0.967314
0.967338
0.967360
0.967380
0.967398
0.967415
0.967429
0.967443
0.967454
0.967465
0.967475
0.967483
0.967491
0.967498
0.967504
0.967510
0.967515
0.967519
0.967523
0.967527
0.967530
0.967533
0.967535
0.967537
0.967539
0.967541
0.967543
0.967544
0.967545
0.967546
0.967547
0.967548
0.967549
0.967549
0.967550
0.967550
0.967551
0.967551
0.967552
0.967552
0.967552
0.967552
0.967553
0.967553
0.967553
0.967553
0.967553
0.967553
0.967553
0.967554
0.967554
0.967554
0.967554
0.967554
0.967554
0.967554
0.967554
0.967554
0.967554
0.967554
0.967554
0.967554
0.967554
0.967554
0.967554
0.967554
0.967554
0.967554
0.967554
0.967554
0.967554
0.967554
0.967554
0.967554
0.967554
0.967554
0.967554
0.967554
0.967554
0.967554
0.967554
0.967554
0.967554
0.967554
0.967554
0.967554
0.967554
0.967554
0.967554
0.967554
0.967554
0.967554
0.967554
0.967554
0.967554
0.967554
0.967554
0.967554
0.967554
0.967554
0.967554
0.967554
0.967554
0.967554
0.967554
0.967554
0.967554
0.967554
0.967554
0.967554
0.967554
0.967554
0.967554
0.967554
0.967554
0.967554
0.967554
0.967554
0.967554
0.967554
0.967554
0.967554
0.967554
0.967554
0.967554
0.967554
0.967554
0.967554
0.967554
0.967554
0.967554
0.967554
0.967554
0.967554
0.967554
0.967554
0.967554
0.967554
0.967554
0.967554
0.967554
0.967554
0.967554
0.967554
0.967554
0.967554
0.967554
0.967554
0.967554
0.967554
0.967554
0.967554
0.967554
0.967554
0.967554
0.967554
0.967554
0.967554
0.967554
0.967554
0.967554
0.967554
0.967554
0.967554
0.967554
0.967554
0.967554
0.967554
0.967554
0.967554
0.967554
0.967554
0.967554
0.967554
0.967554
0.967554
0.967554
0.967554
0.967554
0.967554
0.967554
0.967554
0.967554
0.967554
0.967554
0.967554
0.967554
0.967554
0.967554
0.967554
0.967554
0.967554
0.967554
0.967554
0.967554
0.967554
0.967554
0.967554
0.967554
0.967554
0.967554
0.967554
0.967554
0.967554
0.967554
0.967554
0.967554
0.967554
0.967554
0.967554
0.967554
0.967554
0.967554
0.967554
0.967554
0.967554
0.967554
0.967554
0.967554
0.967554
0.967554
0.967554
0.967554
0.967554
0.967554
0.967554
0.967554
0.967554
0.967554
0.967554
0.967554
0.967554
0.967554
0.967554
0.967554
0.967554
0.967554
0.967554
0.967554
0.967554
0.967554
0.967554
0.967554
0.967554
0.967554
0.967554
0.967554
0.967554
0.967554
0.967554
0.967554
0.967554
0.967554
0.967554
0.967554
0.967554
0.967554
0.967554
0.967554
0.967554
0.967554
0.967554
0.967554
0.967554
0.967554
0.967554
0.967554
0.967554
0.967554
0.967554
0.967554
0.967554
0.967554
0.967554
0.967554
0.967554
0.967554
0.967554
0.967554
0.967554
0.967554
0.967554
0.967554
0.967554
0.967554
0.967554
0.967554
0.967554
0.967554
0.967554
0.967554
0.967554
0.967554
0.967554
0.967554
0.967554
0.967554
0.967554
0.967554
0.967554
0.967554
0.967554
0.967554
0.967554
0.967554
0.967554
0.967554
0.967554
0.967554
0.967554
0.967554
0.967554
0.967554
0.967554
0.967554
0.967554
0.967554
0.967554
0.967554
0.967554
0.967554
0.967554
0.967554
0.967554
0.967554
0.967554
0.967554
0.967554
0.967554
0.967554
0.967554
0.967554
0.967554
0.967554
0.967554
0.967554
0.967554
0.967554
0.967554
0.967554
0.967554
0.967554
0.967554
0.967554
0.967554
0.967554
0.967554
0.967554
0.967554
0.967554
0.967554
0.967554
0.967554
0.967554
0.967554
0.967554
0.967554
0.967554
0.967554
0.967554
0.967554
0.967554
0.967554
0.967554
0.967554
0.967554
0.967554
0.967554
0.967554
0.967554
0.967554
0.967554
0.967554
0.967554
0.967554
0.967554
0.967554
0.967554
0.967554
0.967554
0.967554
0.967554
0.967554
0.967554
0.967554
0.967554
0.967554
0.967554
0.967554
0.967554
0.967554
0.967554
0.967554
0.967554
0.967554
0.967554
0.967554
0.967554
0.967554
0.967554
0.967554
0.967554
0.967554
0.967554
0.967554
0.967554
0.967554
0.967554
0.967554
0.967554
0.967554
0.967554
0.967554
0.967554
0.967554
0.967554
0.967554
0.967554
0.967554
0.967554
0.967554
0.967554
0.967554
0.967554
0.967554
0.967554
0.967554
0.967554
0.967554
0.967554
0.967554
0.967554
0.967554
0.967554
0.967554
0.967554
0.967554
0.967554
0.967554
0.967554
0.967554
0.967554
0.967554
0.967554
0.967554
0.967554
0.967554
0.967554
0.967554
0.967554
0.967554
0.967554
0.967554
0.967554
0.967554
0.967554
0.967554
0.967554
0.967554
0.967554
0.967554
0.967554
0.967554
0.967554
0.967554
0.967554
0.967554
0.967554
0.967554
0.967554
0.967554
0.967554
0.967554
0.967554
0.967554
0.967554
0.967554
0.967554
0.967554
0.967554
0.967554
0.967554
0.967554
0.967554
0.967554
0.967554
0.967554
0.967554
0.967554
0.967554
0.967554
0.967554
0.967554
0.967554
0.967554
0.967554
0.967554
0.967554
0.967554
0.967554
0.967554
0.967554
0.967554
0.967554
0.967554
0.967554
0.967554
0.967554
0.967554
0.967554
0.967554
0.967554
0.967554
0.967554
