0.000000
0.017363
0.035282
0.054059
0.074140
0.096272
0.122342
0.155548
0.196464
0.237559
0.259952
0.267006
0.265973
0.264423
0.265044
0.266859
0.268833
0.270803
0.272768
0.274727
0.276680
0.278627
0.280568
0.282504
0.284434
0.286359
0.288278
0.290192
0.292101
0.294004
0.295902
0.297795
0.299683
0.301567
0.303445
0.305318
0.307187
0.309050
0.310909
0.312804
0.314496
0.316186
0.317873
0.319556
0.321235
0.322911
0.324583
0.326252
0.327917
0.329578
0.331236
0.332890
0.334540
0.336188
0.337831
0.339472
0.341108
0.342742
0.344372
0.345999
0.347622
0.349242
0.350859
0.352473
0.354084
0.355691
0.357295
0.358896
0.360494
0.362089
0.363681
0.365269
0.366855
0.368438
0.370018
0.371595
0.373169
0.374740
0.376309
0.377874
0.379437
0.380997
0.382555
0.384109
0.385661
0.387210
0.388757
0.390301
0.391843
0.393382
0.394918
0.396452
0.397984
0.399513
0.401040
0.402564
0.404086
0.405606
0.407124
0.408639
0.410152
0.411662
0.413171
0.414677
0.416182
0.417684
0.419184
0.420682
0.422178
0.423672
0.425164
0.426655
0.428143
0.429629
0.431114
0.432596
0.434077
0.435557
0.437034
0.438510
0.439984
0.441456
0.442927
0.444396
0.445863
0.447329
0.448794
0.450256
0.451718
0.453178
0.454636
0.456093
0.457549
0.459004
0.460457
0.461908
0.463359
0.464808
0.466256
0.467703
0.469148
0.470593
0.472036
0.473478
0.474919
0.476359
0.477798
0.479236
0.480673
0.482109
0.483544
0.484978
0.486411
0.487843
0.489275
0.490705
0.492135
0.493564
0.494992
0.496419
0.497846
0.499272
0.500697
0.502122
0.503545
0.504969
0.506391
0.507813
0.509235
0.510655
0.512076
0.513495
0.514914
0.516333
0.517751
0.519169
0.520586
0.522003
0.523419
0.524835
0.526251
0.527666
0.529081
0.530496
0.531910
0.533323
0.534737
0.536150
0.537563
0.538976
0.540388
0.541800
0.543212
0.544624
0.546035
0.547446
0.548857
0.550268
0.551679
0.553089
0.554500
0.555910
0.557320
0.558730
0.560140
0.561549
0.562959
0.564368
0.565777
0.567186
0.568596
0.570005
0.571413
0.572822
0.574231
0.575640
0.577048
0.578457
0.579865
0.581274
0.582682
0.584090
0.585498
0.586906
0.588314
0.589722
0.591130
0.592538
0.593946
0.595354
0.596762
0.598169
0.599577
0.600984
0.602392
0.603799
0.605206
0.606613
0.608020
0.609427
0.610834
0.612241
0.613647
0.615054
0.616460
0.617866
0.619272
0.620678
0.622084
0.623489
0.624895
0.626300
0.627705
0.629110
0.630514
0.631919
0.633323
0.634727
0.636130
0.637533
0.638936
0.640339
0.641742
0.643144
0.644545
0.645947
0.647348
0.648748
0.650148
0.651548
0.652948
0.654347
0.655745
0.657143
0.658541
0.659937
0.661334
0.662730
0.664125
0.665520
0.666914
0.668308
0.669700
0.671093
0.672484
0.673875
0.675265
0.676655
0.678043
0.679431
0.680818
0.682204
0.683590
0.684974
0.686358
0.687741
0.689123
0.690503
0.691883
0.693262
0.694640
0.696017
0.697393
0.698767
0.700141
0.701513
0.702884
0.704254
0.705623
0.706991
0.708357
0.709722
0.711086
0.712448
0.713809
0.715168
0.716526
0.717883
0.719238
0.720592
0.721944
0.723295
0.724644
0.725991
0.727337
0.728681
0.730023
0.731364
0.732703
0.734040
0.735375
0.736709
0.738040
0.739370
0.740698
0.742024
0.743348
0.744669
0.745989
0.747307
0.748623
0.749936
0.751248
0.752557
0.753864
0.755169
0.756471
0.757772
0.759069
0.760365
0.761658
0.762949
0.764237
0.765523
0.766807
0.768087
0.769366
0.770641
0.771915
0.773185
0.774453
0.775718
0.776980
0.778240
0.779497
0.780751
0.782002
0.783250
0.784496
0.785738
0.786978
0.788214
0.789448
0.790678
0.791906
0.793130
0.794352
0.795570
0.796785
0.797996
0.799205
0.800410
0.801612
0.802811
0.804006
0.805198
0.806387
0.807572
0.808754
0.809932
0.811107
0.812278
0.813446
0.814610
0.815771
0.816928
0.818081
0.819231
0.820377
0.821519
0.822658
0.823793
0.824924
0.826051
0.827174
0.828294
0.829410
0.830522
0.831629
0.832733
0.833833
0.834930
0.836022
0.837110
0.838194
0.839274
0.840349
0.841421
0.842489
0.843552
0.844612
0.845667
0.846718
0.847765
0.848807
0.849846
0.850880
0.851910
0.852935
0.853956
0.854973
0.855986
0.856994
0.857997
0.858997
0.859992
0.860982
0.861969
0.862950
0.863927
0.864900
0.865868
0.866832
0.867791
0.868746
0.869696
0.870642
0.871583
0.872520
0.873452
0.874379
0.875302
0.876220
0.877133
0.878042
0.878946
0.879846
0.880741
0.881631
0.882517
0.883398
0.884274
0.885146
0.886013
0.886875
0.887732
0.888585
0.889433
0.890277
0.891115
0.891949
0.892778
0.893603
0.894422
0.895237
0.896048
0.896853
0.897654
0.898450
0.899241
0.900027
0.900809
0.901586
0.902358
0.903126
0.903889
0.904647
0.905400
0.906148
0.906892
0.907631
0.908365
0.909095
0.909820
0.910540
0.911255
0.911966
0.912671
0.913373
0.914069
0.914761
0.915448
0.916130
0.916808
0.917481
0.918149
0.918813
0.919472
0.920126
0.920776
0.921421
0.922062
0.922698
0.923329
0.923955
0.924577
0.925195
0.925808
0.926416
0.927020
0.927619
0.928214
0.928804
0.929390
0.929971
0.930547
0.931120
0.931687
0.932251
0.932809
0.933364
0.933914
0.934459
0.935001
0.935537
0.936070
0.936598
0.937122
0.937641
0.938157
0.938668
0.939174
0.939677
0.940175
0.940669
0.941158
0.941644
0.942125
0.942602
0.943076
0.943544
0.944009
0.944470
0.944927
0.945379
0.945828
0.946272
0.946713
0.947149
0.947582
0.948011
0.948435
0.948856
0.949273
0.949686
0.950095
0.950500
0.950902
0.951300
0.951693
0.952084
0.952470
0.952853
0.953232
0.953607
0.953979
0.954347
0.954711
0.955072
0.955429
0.955783
0.956133
0.956479
0.956822
0.957162
0.957498
0.957831
0.958160
0.958486
0.958809
0.959128
0.959444
0.959756
0.960065
0.960371
0.960674
0.960974
0.961270
0.961563
0.961853
