0.000000
0.254459
0.289852
0.322765
0.351490
0.376402
0.398493
0.418394
0.436575
0.453379
0.469058
0.483799
0.497761
0.511081
0.523869
0.536200
0.548169
0.559907
0.571581
0.583438
0.596129
0.608715
0.616390
0.622068
0.627601
0.633067
0.638465
0.643789
0.649035
0.654201
0.659283
0.664276
0.669180
0.673990
0.678705
0.683321
0.687838
0.692252
0.696564
0.700936
0.705009
0.708981
0.712848
0.716610
0.720266
0.723815
0.727258
0.730595
0.733826
0.736951
0.739972
0.742888
0.745702
0.748414
0.751026
0.753539
0.755955
0.758276
0.760503
0.762638
0.764684
0.766641
0.768514
0.770303
0.772011
0.773640
0.775192
0.776671
0.778077
0.779414
0.780684
0.781889
0.783032
0.784114
0.785139
0.786108
0.787024
0.787889
0.788704
0.789473
0.790198
0.790879
0.791520
0.792122
0.792687
0.793218
0.793714
0.794180
0.794615
0.795022
0.795403
0.795757
0.796089
0.796397
0.796684
0.796952
0.797200
0.797431
0.797645
0.797844
0.798028
0.798199
0.798356
0.798502
0.798637
0.798761
0.798876
0.798982
0.799079
0.799169
0.799251
0.799327
0.799397
0.799460
0.799519
0.799572
0.799621
0.799666
0.799707
0.799745
0.799779
0.799810
0.799838
0.799864
0.799888
0.799909
0.799929
0.799946
0.799962
0.799977
0.799990
0.800002
0.800012
0.800022
0.800031
0.800039
0.800046
0.800052
0.800058
0.800063
0.800068
0.800072
0.800076
0.800079
0.800082
0.800085
0.800088
0.800090
0.800092
0.800093
0.800095
0.800096
0.800098
0.800099
0.800100
0.800101
0.800101
0.800102
0.800103
0.800103
0.800104
0.800104
0.800105
0.800105
0.800105
0.800105
0.800106
0.800106
0.800106
0.800106
0.800106
0.800106
0.800107
0.800107
0.800107
0.800107
0.800107
0.800107
0.800107
0.800107
0.800107
0.800107
0.800107
0.800107
0.800107
0.800107
0.800107
0.800107
0.800107
0.800107
0.800107
0.800107
0.800107
0.800107
0.800107
0.800107
0.800107
0.800107
0.800107
0.800107
0.800107
0.800107
0.800107
0.800107
0.800107
0.800107
0.800107
0.800107
0.800107
0.800107
0.800107
0.800107
0.800107
0.800107
0.800107
0.800107
0.800107
0.800107
0.800107
0.800107
0.800107
0.800107
0.800107
0.800107
0.800107
0.800107
0.800107
0.800107
0.800107
0.800107
0.800107
0.800107
0.800107
0.800107
0.800107
0.800107
0.800107
0.800107
0.800107
0.800107
0.800107
0.800107
0.800107
0.800107
0.800107
0.800107
0.800107
0.800107
0.800107
0.800107
0.800107
0.800107
0.800107
0.800107
0.800107
0.800107
0.800107
0.800107
0.800107
0.800107
0.800107
0.800107
0.800107
0.800107
0.800107
0.800107
0.800107
0.800107
0.800107
0.800107
0.800107
0.800107
0.800107
0.800107
0.800107
0.800107
0.800107
0.800107
0.800107
0.800107
0.800107
0.800107
0.800107
0.800107
0.800107
0.800107
0.800107
0.800107
0.800107
0.800107
0.800107
0.800107
0.800107
0.800107
0.800107
0.800107
0.800107
0.800107
0.800107
0.800107
0.800107
0.800107
0.800107
0.800107
0.800107
0.800107
0.800107
0.800107
0.800107
0.800107
0.800107
0.800107
0.800107
0.800107
0.800107
0.800107
0.800107
0.800107
0.800107
0.800107
0.800107
0.800107
0.800107
0.800107
0.800107
0.800107
0.800107
0.800107
0.800107
0.800107
0.800107
0.800107
0.800107
0.800107
0.800107
0.800107
0.800107
0.800107
0.800107
0.800107
0.800107
0.800107
0.800107
0.800107
0.800107
0.800107
0.800107
0.800107
0.800107
0.800107
0.800107
0.800107
0.800107
0.800107
0.800107
0.800107
0.800107
0.800107
0.800107
0.800107
0.800107
0.800107
0.800107
0.800107
0.800107
0.800107
0.800107
0.800107
0.800107
0.800107
0.800107
0.800107
0.800107
0.800107
0.800107
0.800107
0.800107
0.800107
0.800107
0.800107
0.800107
0.800107
0.800107
0.800107
0.800107
0.800107
0.800107
0.800107
0.800107
0.800107
0.800107
0.800107
0.800107
0.800107
0.800107
0.800107
0.800107
0.800107
0.800107
0.800107
0.800107
0.800107
0.800107
0.800107
0.800107
0.800107
0.800107
0.800107
0.800107
0.800107
0.800107
0.800107
0.800107
0.800107
0.800107
0.800107
0.800107
0.800107
0.800107
0.800107
0.800107
0.800107
0.800107
0.800107
0.800107
0.800107
0.800107
0.800107
0.800107
0.800107
0.800107
0.800107
0.800107
0.800107
0.800107
0.800107
0.800107
0.800107
0.800107
0.800107
0.800107
0.800107
0.800107
0.800107
0.800107
0.800107
0.800107
0.800107
0.800107
0.800107
0.800107
0.800107
0.800107
0.800107
0.800107
0.800107
0.800107
0.800107
0.800107
0.800107
0.800107
0.800107
0.800107
0.800107
0.800107
0.800107
0.800107
0.800107
0.800107
0.800107
0.800107
0.800107
0.800107
0.800107
0.800107
0.800107
0.800107
0.800107
0.800107
0.800107
0.800107
0.800107
0.800107
0.800107
0.800107
0.800107
0.800107
0.800107
0.800107
0.800107
0.800107
0.800107
0.800107
0.800107
0.800107
0.800107
0.800107
0.800107
0.800107
0.800107
0.800107
0.800107
0.800107
0.800107
0.800107
0.800107
0.800107
0.800107
0.800107
0.800107
0.800107
0.800107
0.800107
0.800107
0.800107
0.800107
0.800107
0.800107
0.800107
0.800107
0.800107
0.800107
0.800107
0.800107
0.800107
0.800107
0.800107
0.800107
0.800107
0.800107
0.800107
0.800107
0.800107
0.800107
0.800107
0.800107
0.800107
0.800107
0.800107
0.800107
0.800107
0.800107
0.800107
0.800107
0.800107
0.800107
0.800107
0.800107
0.800107
0.800107
0.800107
0.800107
0.800107
0.800107
0.800107
0.800107
0.800107
0.800107
0.800107
0.800107
0.800107
0.800107
0.800107
0.800107
0.800107
0.800107
0.800107
0.800107
0.800107
0.800107
0.800107
0.800107
0.800107
0.800107
0.800107
0.800107
0.800107
0.800107
0.800107
0.800107
0.800107
0.800107
0.800107
0.800107
0.800107
0.800107
0.800107
0.800107
0.800107
0.800107
0.800107
0.800107
0.800107
0.800107
0.800107
0.800107
0.800107
0.800107
0.800107
0.800107
