0.000000
0.047361
0.100538
0.158397
0.191661
0.182818
0.170255
0.174844
0.184597
0.193912
0.202719
0.211136
0.219296
0.227367
0.235576
0.244641
0.253726
0.257040
0.259062
0.261068
0.263073
0.265075
0.267076
0.269075
0.271072
0.273068
0.275062
0.277054
0.279046
0.281037
0.283026
0.285015
0.287004
0.288992
0.290980
0.292968
0.294956
0.296944
0.298933
0.300949
0.302756
0.304582
0.306412
0.308244
0.310078
0.311914
0.313753
0.315594
0.317438
0.319284
0.321133
0.322985
0.324841
0.326699
0.328560
0.330425
0.332294
0.334166
0.336041
0.337921
0.339804
0.341691
0.343583
0.345478
0.347378
0.349282
0.351191
0.353105
0.355023
0.356946
0.358874
0.360807
0.362744
0.364688
0.366636
0.368590
0.370549
0.372513
0.374484
0.376460
0.378441
0.380429
0.382422
0.384422
0.386428
0.388439
0.390457
0.392481
0.394512
0.396549
0.398592
0.400642
0.402699
0.404762
0.406831
0.408908
0.410991
0.413082
0.415179
0.417282
0.419393
0.421511
0.423636
0.425768
0.427907
0.430053
0.432206
0.434366
0.436534
0.438708
0.440890
0.443079
0.445275
0.447479
0.449689
0.451907
0.454132
0.456364
0.458603
0.460849
0.463103
0.465363
0.467631
0.469905
0.472187
0.474476
0.476771
0.479074
0.481383
0.483699
0.486022
0.488352
0.490688
0.493031
0.495380
0.497736
0.500098
0.502467
0.504842
0.507223
0.509610
0.512003
0.514402
0.516807
0.519218
0.521634
0.524056
0.526483
0.528916
0.531354
0.533797
0.536246
0.538699
0.541156
0.543619
0.546086
0.548558
0.551034
0.553514
0.555998
0.558486
0.560978
0.563473
0.565972
0.568474
0.570980
0.573488
0.576000
0.578514
0.581030
0.583550
0.586071
0.588595
0.591120
0.593647
0.596176
0.598707
0.601238
0.603771
0.606305
0.608839
0.611374
0.613910
0.616445
0.618981
0.621516
0.624052
0.626586
0.629120
0.631653
0.634185
0.636716
0.639246
0.641773
0.644299
0.646823
0.649345
0.651864
0.654381
0.656894
0.659405
0.661913
0.664417
0.666918
0.669415
0.671908
0.674397
0.676881
0.679362
0.681837
0.684307
0.686772
0.689232
0.691687
0.694136
0.696578
0.699015
0.701446
0.703870
0.706287
0.708698
0.711102
0.713498
0.715887
0.718269
0.720642
0.723008
0.725366
0.727716
0.730057
0.732389
0.734713
0.737027
0.739333
0.741629
0.743916
0.746193
0.748460
0.750717
0.752965
0.755202
0.757428
0.759644
0.761849
0.764044
0.766227
0.768399
0.770560
0.772709
0.774847
0.776973
0.779088
0.781190
0.783280
0.785358
0.787423
0.789477
0.791517
0.793545
0.795560
0.797562
0.799551
0.801527
0.803490
0.805439
0.807375
0.809297
0.811206
0.813101
0.814983
0.816850
0.818704
0.820543
0.822369
0.824180
0.825977
0.827760
0.829529
0.831283
0.833022
0.834748
0.836458
0.838154
0.839836
0.841502
0.843154
0.844792
0.846414
0.848022
0.849615
0.851193
0.852756
0.854304
0.855837
0.857356
0.858859
0.860348
0.861821
0.863280
0.864724
0.866153
0.867567
0.868966
0.870350
0.871719
0.873073
0.874413
0.875738
0.877048
0.878343
0.879624
0.880890
0.882141
0.883377
0.884599
0.885807
0.887000
0.888179
0.889343
0.890493
0.891628
0.892750
0.893857
0.894950
0.896029
0.897095
0.898146
0.899183
0.900207
0.901217
0.902214
0.903196
0.904166
0.905122
0.906065
0.906994
0.907910
0.908814
0.909704
0.910582
0.911446
0.912298
0.913138
0.913965
0.914779
0.915582
0.916372
0.917149
0.917915
0.918669
0.919411
0.920142
0.920861
0.921568
0.922264
0.922948
0.923622
0.924284
0.924935
0.925576
0.926205
0.926824
0.927433
0.928031
0.928619
0.929196
0.929763
0.930321
0.930868
0.931406
0.931934
0.932453
0.932962
0.933462
0.933952
0.934434
0.934906
0.935370
0.935825
0.936271
0.936709
0.937138
0.937559
0.937971
0.938376
0.938773
0.939161
0.939542
0.939916
0.940282
0.940640
0.940991
0.941335
0.941671
0.942001
0.942324
0.942640
0.942949
0.943252
0.943548
0.943838
0.944121
0.944398
0.944670
0.944935
0.945194
0.945448
0.945696
0.945938
0.946175
0.946406
0.946632
0.946853
0.947069
0.947279
0.947485
0.947686
0.947882
0.948073
0.948260
0.948443
0.948621
0.948794
0.948964
0.949129
0.949290
0.949447
0.949600
0.949749
0.949895
0.950037
0.950175
0.950310
0.950441
0.950569
0.950693
0.950814
0.950932
0.951047
0.951159
0.951268
0.951374
0.951477
0.951577
0.951674
0.951769
0.951861
0.951951
0.952038
0.952123
0.952205
0.952285
0.952363
0.952439
0.952512
0.952583
0.952652
0.952720
0.952785
0.952848
0.952910
0.952969
0.953027
0.953083
0.953138
0.953190
0.953242
0.953291
0.953339
0.953386
0.953431
0.953475
0.953517
0.953558
0.953598
0.953637
0.953674
0.953710
0.953745
0.953779
0.953811
0.953843
0.953874
0.953903
0.953932
0.953960
0.953986
0.954012
0.954037
0.954061
0.954085
0.954107
0.954129
0.954150
0.954170
0.954190
0.954209
0.954227
0.954245
0.954262
0.954278
0.954294
0.954309
0.954324
0.954338
0.954352
0.954365
0.954378
0.954390
0.954402
0.954413
0.954424
0.954434
0.954445
0.954454
0.954464
0.954473
0.954481
0.954490
0.954498
0.954505
0.954513
0.954520
0.954527
0.954533
0.954540
0.954546
0.954552
0.954557
0.954563
0.954568
0.954573
0.954577
0.954582
0.954586
0.954591
0.954595
0.954598
0.954602
0.954606
0.954609
0.954612
0.954615
0.954618
0.954621
0.954624
0.954627
0.954629
0.954632
0.954634
0.954636
0.954638
0.954640
0.954642
0.954644
0.954646
0.954647
0.954649
0.954650
0.954652
0.954653
0.954655
0.954656
0.954657
0.954658
0.954659
0.954660
0.954661
0.954662
0.954663
0.954664
0.954665
0.954666
0.954667
0.954667
0.954668
0.954669
0.954669
0.954670
0.954670
0.954671
0.954671
0.954672
0.954672
0.954673
0.954673
0.954674
0.954674
0.954674
0.954675
0.954675
0.954675
0.954676
0.954676
0.954676
0.954676
0.954677
0.954677
0.954677
0.954677
