0.000000
0.017328
0.035216
0.053965
0.074014
0.095928
0.120485
0.148975
0.184136
0.227352
0.263125
0.282222
0.279629
0.269240
0.265096
0.266242
0.268213
0.270199
0.272179
0.274156
0.276127
0.278095
0.280057
0.282016
0.283970
0.285921
0.287867
0.289809
0.291748
0.293682
0.295613
0.297541
0.299465
0.301385
0.303302
0.305216
0.307127
0.309035
0.310940
0.312874
0.314602
0.316337
0.318072
0.319806
0.321537
0.323267
0.324995
0.326721
0.328446
0.330170
0.331892
0.333612
0.335331
0.337049
0.338766
0.340481
0.342196
0.343909
0.345622
0.347333
0.349044
0.350754
0.352463
0.354171
0.355879
0.357586
0.359293
0.360999
0.362705
0.364411
0.366116
0.367821
0.369526
0.371231
0.372935
0.374640
0.376345
0.378050
0.379755
0.381460
0.383166
0.384871
0.386578
0.388284
0.389992
0.391699
0.393408
0.395117
0.396826
0.398537
0.400248
0.401960
0.403673
0.405387
0.407102
0.408818
0.410535
0.412253
0.413973
0.415693
0.417415
0.419138
0.420863
0.422589
0.424316
0.426045
0.427775
0.429507
0.431241
0.432976
0.434712
0.436451
0.438191
0.439933
0.441676
0.443422
0.445169
0.446918
0.448669
0.450422
0.452177
0.453934
0.455693
0.457454
0.459217
0.460982
0.462750
0.464519
0.466290
0.468064
0.469840
0.471618
0.473398
0.475180
0.476965
0.478751
0.480540
0.482331
0.484125
0.485921
0.487719
0.489519
0.491321
0.493126
0.494933
0.496742
0.498554
0.500368
0.502184
0.504002
0.505823
0.507646
0.509471
0.511298
0.513127
0.514959
0.516793
0.518629
0.520467
0.522307
0.524150
0.525994
0.527841
0.529690
0.531540
0.533393
0.535248
0.537104
0.538963
0.540823
0.542686
0.544550
0.546416
0.548284
0.550154
0.552025
0.553898
0.555773
0.557649
0.559527
0.561406
0.563287
0.565169
0.567053
0.568938
0.570825
0.572713
0.574602
0.576492
0.578383
0.580276
0.582169
0.584064
0.585959
0.587856
0.589753
0.591651
0.593550
0.595450
0.597350
0.599251
0.601152
0.603054
0.604956
0.606858
0.608761
0.610664
0.612567
0.614471
0.616374
0.618278
0.620181
0.622084
0.623987
0.625890
0.627792
0.629694
0.631596
0.633497
0.635398
0.637297
0.639197
0.641095
0.642992
0.644889
0.646785
0.648679
0.650573
0.652465
0.654356
0.656245
0.658134
0.660020
0.661905
0.663789
0.665671
0.667551
0.669429
0.671306
0.673180
0.675052
0.676923
0.678791
0.680656
0.682520
0.684381
0.686240
0.688096
0.689949
0.691800
0.693648
0.695493
0.697335
0.699174
0.701010
0.702843
0.704673
0.706500
0.708323
0.710143
0.711959
0.713772
0.715581
0.717387
0.719189
0.720987
0.722781
0.724571
0.726357
0.728139
0.729917
0.731690
0.733460
0.735225
0.736985
0.738741
0.740492
0.742239
0.743981
0.745719
0.747451
0.749179
0.750902
0.752619
0.754332
0.756040
0.757742
0.759439
0.761131
0.762817
0.764498
0.766174
0.767844
0.769508
0.771167
0.772820
0.774467
0.776109
0.777744
0.779374
0.780997
0.782615
0.784227
0.785832
0.787431
0.789024
0.790611
0.792192
0.793766
0.795333
0.796895
0.798449
0.799998
0.801539
0.803074
0.804602
0.806124
0.807639
0.809147
0.810648
0.812142
0.813630
0.815110
0.816583
0.818050
0.819509
0.820962
0.822407
0.823845
0.825276
0.826699
0.828116
0.829525
0.830927
0.832321
0.833709
0.835089
0.836461
0.837826
0.839184
0.840534
0.841876
0.843211
0.844539
0.845859
0.847172
0.848476
0.849774
0.851063
0.852346
0.853620
0.854887
0.856146
0.857397
0.858641
0.859877
0.861105
0.862326
0.863538
0.864743
0.865941
0.867130
0.868312
0.869486
0.870653
0.871811
0.872962
0.874105
0.875240
0.876367
0.877487
0.878599
0.879703
0.880799
0.881888
0.882969
0.884042
0.885107
0.886165
0.887214
0.888256
0.889291
0.890317
0.891336
0.892348
0.893351
0.894347
0.895335
0.896316
0.897289
0.898254
0.899212
0.900162
0.901105
0.902040
0.902967
0.903887
0.904799
0.905704
0.906602
0.907492
0.908374
0.909250
0.910117
0.910978
0.911831
0.912677
0.913515
0.914346
0.915170
0.915987
0.916796
0.917599
0.918394
0.919182
0.919963
0.920737
0.921503
0.922263
0.923016
0.923762
0.924501
0.925233
0.925958
0.926676
0.927388
0.928092
0.928790
0.929482
0.930166
0.930844
0.931515
0.932180
0.932838
0.933490
0.934135
0.934774
0.935406
0.936032
0.936652
0.937265
0.937872
0.938473
0.939067
0.939655
0.940238
0.940814
0.941384
0.941948
0.942506
0.943058
0.943604
0.944144
0.944679
0.945207
0.945730
0.946247
0.946759
0.947265
0.947765
0.948260
0.948749
0.949232
0.949710
0.950183
0.950650
0.951112
0.951569
0.952021
0.952467
0.952908
0.953344
0.953774
0.954200
0.954621
0.955037
0.955447
0.955853
0.956254
0.956650
0.957041
0.957428
0.957810
0.958187
0.958560
0.958928
0.959291
0.959650
0.960004
0.960354
0.960700
0.961041
0.961378
0.961710
0.962039
0.962363
0.962683
0.962998
0.963310
0.963618
0.963921
0.964221
0.964517
0.964808
0.965096
0.965381
0.965661
0.965937
0.966210
0.966479
0.966745
0.967007
0.967265
0.967520
0.967771
0.968019
0.968263
0.968504
0.968742
0.968976
0.969207
0.969435
0.969659
0.969880
0.970099
0.970314
0.970526
0.970735
0.970941
0.971143
0.971343
0.971541
0.971735
0.971926
0.972115
0.972300
0.972483
0.972663
0.972841
0.973016
0.973188
0.973358
0.973525
0.973690
0.973852
0.974011
0.974168
0.974323
0.974475
0.974625
0.974773
0.974918
0.975061
0.975202
0.975341
0.975477
0.975612
0.975744
0.975874
0.976002
0.976128
0.976252
0.976373
0.976493
0.976611
0.976727
0.976842
0.976954
0.977064
0.977173
0.977280
0.977385
0.977488
0.977590
0.977690
0.977788
0.977884
0.977979
0.978073
0.978164
0.978255
0.978343
0.978430
0.978516
0.978600
0.978683
0.978764
0.978844
0.978922
0.978999
0.979075
0.979149
0.979223
0.979294
0.979365
0.979434
0.979502
0.979569
0.979634
0.979699
