0.000000
0.017401
0.035767
0.059601
0.096786
0.144402
0.188862
0.221062
0.241866
0.256260
0.260217
0.262305
0.264208
0.266141
0.268112
0.270092
0.272069
0.274039
0.276003
0.277960
0.279912
0.281857
0.283796
0.285729
0.287657
0.289578
0.291494
0.293403
0.295307
0.297206
0.299099
0.300986
0.302868
0.304744
0.306615
0.308481
0.310341
0.312196
0.314046
0.315942
0.317642
0.319327
0.321007
0.322683
0.324354
0.326020
0.327683
0.329341
0.330995
0.332645
0.334290
0.335931
0.337569
0.339201
0.340830
0.342455
0.344075
0.345692
0.347304
0.348912
0.350516
0.352116
0.353712
0.355304
0.356892
0.358476
0.360056
0.361631
0.363203
0.364771
0.366335
0.367895
0.369450
0.371002
0.372550
0.374094
0.375635
0.377171
0.378703
0.380231
0.381756
0.383277
0.384794
0.386307
0.387816
0.389321
0.390823
0.392320
0.393814
0.395304
0.396791
0.398273
0.399752
0.401227
0.402699
0.404166
0.405630
0.407090
0.408547
0.410000
0.411449
0.412894
0.414336
0.415774
0.417209
0.418640
0.420067
0.421491
0.422911
0.424328
0.425741
0.427150
0.428556
0.429958
0.431357
0.432752
0.434144
0.435532
0.436917
0.438298
0.439676
0.441050
0.442421
0.443788
0.445152
0.446513
0.447870
0.449224
0.450574
0.451921
0.453264
0.454604
0.455941
0.457275
0.458605
0.459932
0.461255
0.462575
0.463892
0.465205
0.466516
0.467822
0.469126
0.470427
0.471724
0.473018
0.474308
0.475596
0.476880
0.478161
0.479439
0.480714
0.481985
0.483254
0.484519
0.485781
0.487040
0.488295
0.489548
0.490798
0.492044
0.493287
0.494528
0.495765
0.496999
0.498230
0.499458
0.500683
0.501905
0.503124
0.504340
0.505553
0.506763
0.507970
0.509174
0.510375
0.511573
0.512768
0.513961
0.515150
0.516336
0.517520
0.518700
0.519878
0.521053
0.522225
0.523394
0.524560
0.525723
0.526884
0.528042
0.529197
0.530349
0.531498
0.532644
0.533788
0.534929
0.536067
0.537203
0.538335
0.539465
0.540593
0.541717
0.542839
0.543958
0.545074
0.546188
0.547299
0.548408
0.549513
0.550616
0.551717
0.552815
0.553910
0.555002
0.556092
0.557180
0.558265
0.559347
0.560427
0.561504
0.562578
0.563650
0.564720
0.565787
0.566851
0.567913
0.568973
0.570030
0.571084
0.572136
0.573186
0.574233
0.575278
0.576320
0.577360
0.578397
0.579432
0.580465
0.581495
0.582523
0.583548
0.584571
0.585592
0.586611
0.587627
0.588640
0.589652
0.590661
0.591668
0.592672
0.593675
0.594675
0.595672
0.596668
0.597661
0.598652
0.599641
0.600627
0.601612
0.602594
0.603574
0.604551
0.605527
0.606500
0.607472
0.608441
0.609408
0.610372
0.611335
0.612296
0.613254
0.614211
0.615165
0.616117
0.617067
0.618015
0.618961
0.619905
0.620847
0.621787
0.622725
0.623661
0.624595
0.625527
0.626457
0.627385
0.628311
0.629235
0.630157
0.631077
0.631995
0.632911
0.633826
0.634738
0.635649
0.636557
0.637464
0.638369
0.639272
0.640173
0.641073
0.641970
0.642866
0.643760
0.644652
0.645542
0.646430
0.647317
0.648202
0.649085
0.649967
0.650846
0.651724
0.652600
0.653475
0.654347
0.655218
0.656088
0.656955
0.657821
0.658685
0.659548
0.660409
0.661268
0.662126
0.662982
0.663836
0.664689
0.665540
0.666390
0.667238
0.668084
0.668929
0.669772
0.670614
0.671454
0.672293
0.673130
0.673965
0.674799
0.675632
0.676463
0.677293
0.678121
0.678947
0.679772
0.680596
0.681418
0.682239
0.683058
0.683876
0.684693
0.685508
0.686321
0.687134
0.687945
0.688754
0.689562
0.690369
0.691174
0.691978
0.692781
0.693583
0.694383
0.695181
0.695979
0.696775
0.697570
0.698363
0.699156
0.699947
0.700737
0.701525
0.702312
0.703098
0.703883
0.704667
0.705449
0.706230
0.707010
0.707789
0.708566
0.709343
0.710118
0.710892
0.711665
0.712437
0.713207
0.713977
0.714745
0.715512
0.716278
0.717043
0.717807
0.718570
0.719331
0.720092
0.720852
0.721610
0.722367
0.723124
0.723879
0.724633
0.725387
0.726139
0.726890
0.727640
0.728389
0.729137
0.729884
0.730631
0.731376
0.732120
0.732863
0.733605
0.734347
0.735087
0.735826
0.736565
0.737302
0.738039
0.738775
0.739509
0.740243
0.740976
0.741708
0.742439
0.743170
0.743899
0.744627
0.745355
0.746082
0.746808
0.747533
0.748257
0.748980
0.749703
0.750424
0.751145
0.751865
0.752584
0.753303
0.754020
0.754737
0.755453
0.756168
0.756882
0.757596
0.758309
0.759021
0.759732
0.760443
0.761152
0.761861
0.762569
0.763277
0.763983
0.764689
0.765395
0.766099
0.766803
0.767506
0.768208
0.768910
0.769610
0.770310
0.771010
0.771709
0.772407
0.773104
0.773800
0.774496
0.775191
0.775886
0.776580
0.777273
0.777965
0.778657
0.779348
0.780039
0.780728
0.781417
0.782106
0.782794
0.783481
0.784167
0.784853
0.785538
0.786222
0.786906
0.787589
0.788272
0.788954
0.789635
0.790315
0.790995
0.791675
0.792353
0.793031
0.793709
0.794385
0.795062
0.795737
0.796412
0.797086
0.797760
0.798433
0.799105
0.799777
0.800448
0.801118
0.801788
0.802457
0.803125
0.803793
0.804461
0.805127
0.805793
0.806459
0.807124
0.807788
0.808451
0.809114
0.809776
0.810438
0.811099
0.811759
0.812419
0.813078
0.813736
0.814394
0.815051
0.815708
0.816364
0.817019
0.817674
0.818327
0.818981
0.819633
0.820285
0.820937
0.821587
0.822237
0.822887
0.823536
0.824184
0.824831
0.825478
0.826124
0.826769
0.827414
0.828058
0.828701
0.829344
0.829986
0.830627
0.831267
0.831907
0.832546
0.833185
0.833823
0.834460
0.835096
0.835732
0.836366
0.837001
0.837634
0.838267
0.838899
0.839530
0.840160
0.840790
0.841419
0.842047
0.842675
0.843301
0.843927
0.844552
0.845177
0.845800
0.846423
0.847045
0.847666
0.848287
0.848906
0.849525
0.850143
0.850760
0.851376
0.851992
0.852606
0.853220
0.853833
0.854445
0.855056
0.855667
0.856276
0.856885
0.857492
