0.021245
0.045194
0.069925
0.095864
0.123629
0.154005
0.188011
0.226933
0.272996
0.343837
0.404393
0.440843
0.415715
0.344208
0.301557
0.296950
0.298975
0.301144
0.303306
0.305459
0.307605
0.309741
0.311870
0.313990
0.316102
0.318208
0.320307
0.322401
0.324490
0.326575
0.328656
0.330734
0.332810
0.334884
0.336957
0.339029
0.341100
0.343172
0.345244
0.347322
0.349190
0.351098
0.353012
0.354929
0.356849
0.358772
0.360698
0.362628
0.364561
0.366499
0.368441
0.370386
0.372336
0.374291
0.376250
0.378213
0.380182
0.382155
0.384134
0.386118
0.388107
0.390101
0.392101
0.394106
0.396117
0.398134
0.400157
0.402186
0.404220
0.406261
0.408308
0.410361
0.412421
0.414487
0.416560
0.418639
0.420725
0.422818
0.424917
0.427023
0.429136
0.431256
0.433383
0.435516
0.437657
0.439805
0.441960
0.444123
0.446292
0.448469
0.450652
0.452843
0.455042
0.457247
0.459460
0.461680
0.463907
0.466142
0.468384
0.470633
0.472889
0.475152
0.477423
0.479701
0.481985
0.484277
0.486576
0.488883
0.491196
0.493515
0.495842
0.498176
0.500516
0.502863
0.505217
0.507577
0.509944
0.512317
0.514696
0.517082
0.519474
0.521872
0.524276
0.526685
0.529101
0.531522
0.533949
0.536381
0.538819
0.541262
0.543710
0.546163
0.548621
0.551084
0.553551
0.556023
0.558499
0.560979
0.563464
0.565952
0.568445
0.570940
0.573440
0.575943
0.578449
0.580958
0.583470
0.585984
0.588502
0.591022
0.593544
0.596068
0.598594
0.601121
0.603651
0.606181
0.608713
0.611247
0.613781
0.616315
0.618850
0.621386
0.623922
0.626458
0.628993
0.631528
0.634063
0.636597
0.639130
0.641662
0.644193
0.646722
0.649249
0.651775
0.654299
0.656820
0.659340
0.661856
0.664370
0.666881
0.669389
0.671893
0.674394
0.676891
0.679385
0.681874
0.684359
0.686840
0.689316
0.691788
0.694254
0.696716
0.699172
0.701623
0.704068
0.706507
0.708940
0.711367
0.713788
0.716203
0.718610
0.721011
0.723405
0.725792
0.728172
0.730544
0.732908
0.735265
0.737614
0.739955
0.742287
0.744611
0.746927
0.749234
0.751532
0.753822
0.756102
0.758373
0.760635
0.762887
0.765130
0.767363
0.769586
0.771800
0.774003
0.776196
0.778379
0.780551
0.782713
0.784864
0.787004
0.789133
0.791252
0.793359
0.795456
0.797541
0.799615
0.801677
0.803728
0.805767
0.807794
0.809810
0.811814
0.813806
0.815786
0.817754
0.819710
0.821653
0.823585
0.825504
0.827410
0.829305
0.831186
0.833056
0.834912
0.836756
0.838587
0.840406
0.842212
0.844005
0.845785
0.847552
0.849307
0.851048
0.852777
0.854492
0.856195
0.857884
0.859561
0.861224
0.862874
0.864512
0.866136
0.867747
0.869345
0.870930
0.872502
0.874060
0.875606
0.877138
0.878658
0.880164
0.881657
0.883137
0.884604
0.886058
0.887499
0.888927
0.890343
0.891745
0.893134
0.894510
0.895874
0.897224
0.898562
0.899887
0.901199
0.902499
0.903786
0.905060
0.906322
0.907571
0.908808
0.910032
0.911243
0.912443
0.913630
0.914805
0.915967
0.917118
0.918256
0.919382
0.920496
0.921599
0.922689
0.923768
0.924834
0.925889
0.926933
0.927965
0.928985
0.929994
0.930991
0.931977
0.932952
0.933915
0.934868
0.935809
0.936740
0.937659
0.938568
0.939465
0.940353
0.941229
0.942095
0.942950
0.943795
0.944630
0.945454
0.946268
0.947072
0.947866
0.948650
0.949424
0.950189
0.950943
0.951688
0.952423
0.953149
0.953866
0.954573
0.955270
0.955959
0.956639
0.957309
0.957970
0.958623
0.959267
0.959902
0.960528
0.961146
0.961756
0.962357
0.962949
0.963534
0.964110
0.964678
0.965239
0.965791
0.966335
0.966872
0.967401
0.967922
0.968436
0.968943
0.969442
0.969933
0.970418
0.970895
0.971366
0.971829
0.972285
0.972735
0.973178
0.973614
0.974043
0.974466
0.974883
0.975293
0.975697
0.976095
0.976486
0.976871
0.977251
0.977624
0.977991
0.978353
0.978709
0.979059
0.979404
0.979743
0.980077
0.980405
0.980728
0.981046
0.981358
0.981666
0.981968
0.982265
0.982558
0.982845
0.983128
0.983406
0.983680
0.983948
0.984212
0.984472
0.984728
0.984978
0.985225
0.985468
0.985706
0.985940
0.986170
0.986396
0.986618
0.986836
0.987050
0.987261
0.987468
0.987671
0.987870
0.988066
0.988259
0.988448
0.988633
0.988815
0.988994
0.989170
0.989342
0.989512
0.989678
0.989841
0.990001
0.990158
0.990312
0.990463
0.990612
0.990757
0.990900
0.991040
0.991178
0.991313
0.991445
0.991575
0.991702
0.991827
0.991949
0.992069
0.992187
0.992302
0.992416
0.992527
0.992635
0.992742
0.992846
0.992949
0.993049
0.993148
0.993244
0.993339
0.993431
0.993522
0.993611
0.993698
0.993783
0.993867
0.993949
0.994029
0.994107
0.994184
0.994259
0.994333
0.994405
0.994476
0.994545
0.994613
0.994680
0.994744
0.994808
0.994870
0.994931
0.994991
0.995049
0.995106
0.995162
0.995217
0.995270
0.995323
0.995374
0.995424
0.995473
0.995521
0.995568
0.995613
0.995658
0.995702
0.995745
0.995787
0.995828
0.995868
0.995907
0.995945
0.995983
0.996019
0.996055
0.996090
0.996124
0.996157
0.996190
0.996222
0.996253
0.996283
0.996313
0.996342
0.996370
0.996398
0.996425
0.996451
0.996477
0.996502
0.996527
0.996551
0.996574
0.996597
0.996620
0.996641
0.996663
0.996683
0.996704
0.996724
0.996743
0.996762
0.996780
0.996798
0.996816
0.996833
0.996849
0.996866
0.996881
0.996897
0.996912
0.996927
0.996941
0.996955
0.996969
0.996982
0.996995
0.997008
0.997020
0.997032
0.997044
0.997055
0.997066
0.997077
0.997088
0.997098
0.997108
0.997118
0.997127
0.997136
0.997145
0.997154
0.997163
0.997171
0.997179
0.997187
0.997195
0.997202
0.997210
0.997217
0.997224
0.997231
0.997237
0.997244
0.997250
0.997256
0.997262
0.997267
0.997273
0.997278
0.997284
0.997289
0.997294
0.997299
0.997303
0.997308
0.997313
0.997317
0.997321
