0.000000
0.085200
0.127087
0.095314
0.082188
0.096359
0.110914
0.124090
0.136127
0.147225
0.157552
0.167249
0.176406
0.185117
0.193510
0.201735
0.209981
0.218636
0.228462
0.234719
0.237163
0.239342
0.241524
0.243711
0.245902
0.248099
0.250300
0.252507
0.254719
0.256937
0.259161
0.261391
0.263628
0.265871
0.268121
0.270379
0.272643
0.274916
0.277197
0.279514
0.281616
0.283750
0.285895
0.288051
0.290217
0.292394
0.294581
0.296780
0.298990
0.301212
0.303445
0.305690
0.307946
0.310215
0.312496
0.314790
0.317095
0.319414
0.321745
0.324090
0.326447
0.328818
0.331202
0.333600
0.336011
0.338436
0.340874
0.343327
0.345794
0.348274
0.350769
0.353279
0.355802
0.358340
0.360893
0.363460
0.366041
0.368638
0.371248
0.373874
0.376514
0.379169
0.381839
0.384524
0.387223
0.389937
0.392666
0.395410
0.398168
0.400941
0.403728
0.406530
0.409347
0.412177
0.415023
0.417882
0.420756
0.423644
0.426545
0.429461
0.432390
0.435333
0.438290
0.441260
0.444243
0.447239
0.450248
0.453269
0.456303
0.459350
0.462408
0.465479
0.468561
0.471655
0.474760
0.477876
0.481003
0.484141
0.487289
0.490447
0.493614
0.496792
0.499978
0.503174
0.506378
0.509590
0.512811
0.516039
0.519275
0.522518
0.525768
0.529024
0.532286
0.535554
0.538827
0.542106
0.545389
0.548677
0.551968
0.555263
0.558561
0.561863
0.565166
0.568472
0.571779
0.575087
0.578397
0.581706
0.585016
0.588325
0.591634
0.594941
0.598247
0.601551
0.604852
0.608151
0.611446
0.614737
0.618024
0.621307
0.624584
0.627856
0.631122
0.634382
0.637635
0.640881
0.644120
0.647350
0.650572
0.653785
0.656989
0.660183
0.663367
0.666540
0.669703
0.672854
0.675993
0.679120
0.682235
0.685336
0.688424
0.691499
0.694559
0.697605
0.700635
0.703651
0.706651
0.709635
0.712602
0.715553
0.718486
0.721402
0.724301
0.727181
0.730043
0.732886
0.735709
0.738514
0.741299
0.744064
0.746808
0.749533
0.752236
0.754918
0.757579
0.760218
0.762836
0.765431
0.768004
0.770554
0.773082
0.775587
0.778069
0.780527
0.782962
0.785373
0.787760
0.790123
0.792462
0.794777
0.797067
0.799333
0.801574
0.803791
0.805982
0.808148
0.810290
0.812406
0.814497
0.816563
0.818603
0.820618
0.822608
0.824572
0.826511
0.828424
0.830312
0.832175
0.834012
0.835823
0.837610
0.839371
0.841106
0.842817
0.844502
0.846162
0.847797
0.849407
0.850992
0.852553
0.854089
0.855600
0.857087
0.858549
0.859987
0.861402
0.862792
0.864158
0.865501
0.866820
0.868116
0.869389
0.870639
0.871866
0.873070
0.874252
0.875411
0.876549
0.877665
0.878759
0.879831
0.880883
0.881913
0.882922
0.883911
0.884880
0.885828
0.886756
0.887665
0.888554
0.889425
0.890276
0.891108
0.891922
0.892717
0.893495
0.894255
0.894997
0.895722
0.896430
0.897121
0.897796
0.898455
0.899097
0.899724
0.900335
0.900931
0.901512
0.902078
0.902630
0.903168
0.903691
0.904201
0.904697
0.905180
0.905651
0.906108
0.906553
0.906985
0.907406
0.907815
0.908212
0.908598
0.908973
0.909337
0.909690
0.910033
0.910366
0.910689
0.911002
0.911306
0.911600
0.911886
0.912162
0.912430
0.912690
0.912941
0.913184
0.913420
0.913647
0.913868
0.914081
0.914287
0.914486
0.914679
0.914865
0.915044
0.915218
0.915385
0.915547
0.915703
0.915853
0.915998
0.916138
0.916273
0.916403
0.916528
0.916649
0.916765
0.916877
0.916985
0.917088
0.917188
0.917283
0.917375
0.917464
0.917549
0.917631
0.917709
0.917784
0.917857
0.917926
0.917993
0.918057
0.918118
0.918176
0.918233
0.918286
0.918338
0.918387
0.918435
0.918480
0.918523
0.918564
0.918604
0.918642
0.918678
0.918713
0.918745
0.918777
0.918807
0.918836
0.918863
0.918889
0.918914
0.918938
0.918960
0.918982
0.919002
0.919022
0.919040
0.919058
0.919075
0.919091
0.919106
0.919120
0.919134
0.919147
0.919159
0.919171
0.919182
0.919193
0.919203
0.919212
0.919221
0.919229
0.919238
0.919245
0.919252
0.919259
0.919266
0.919272
0.919278
0.919283
0.919288
0.919293
0.919298
0.919302
0.919306
0.919310
0.919314
0.919317
0.919320
0.919323
0.919326
0.919329
0.919331
0.919334
0.919336
0.919338
0.919340
0.919342
0.919344
0.919345
0.919347
0.919348
0.919350
0.919351
0.919352
0.919353
0.919354
0.919355
0.919356
0.919357
0.919358
0.919359
0.919359
0.919360
0.919361
0.919361
0.919362
0.919362
0.919363
0.919363
0.919364
0.919364
0.919364
0.919365
0.919365
0.919365
0.919365
0.919366
0.919366
0.919366
0.919366
0.919366
0.919367
0.919367
0.919367
0.919367
0.919367
0.919367
0.919367
0.919368
0.919368
0.919368
0.919368
0.919368
0.919368
0.919368
0.919368
0.919368
0.919368
0.919368
0.919368
0.919368
0.919368
0.919368
0.919368
0.919368
0.919368
0.919368
0.919368
0.919369
0.919369
0.919369
0.919369
0.919369
0.919369
0.919369
0.919369
0.919369
0.919369
0.919369
0.919369
0.919369
0.919369
0.919369
0.919369
0.919369
0.919369
0.919369
0.919369
0.919369
0.919369
0.919369
0.919369
0.919369
0.919369
0.919369
0.919369
0.919369
0.919369
0.919369
0.919369
0.919369
0.919369
0.919369
0.919369
0.919369
0.919369
0.919369
0.919369
0.919369
0.919369
0.919369
0.919369
0.919369
0.919369
0.919369
0.919369
0.919369
0.919369
0.919369
0.919369
0.919369
0.919369
0.919369
0.919369
0.919369
0.919369
0.919369
0.919369
0.919369
0.919369
0.919369
0.919369
0.919369
0.919369
0.919369
0.919369
0.919369
0.919369
0.919369
0.919369
0.919369
0.919369
0.919369
0.919369
0.919369
0.919369
0.919369
0.919369
0.919369
0.919369
0.919369
0.919369
0.919369
0.919369
0.919369
0.919369
0.919369
0.919369
0.919369
0.919369
0.919369
0.919369
0.919369
0.919369
0.919369
0.919369
0.919369
0.919369
0.919369
0.919369
0.919369
0.919369
0.919369
0.919369
0.919369
