0.000000
0.086817
-0.011033
0.022521
0.050933
0.075422
0.096988
0.116310
0.133885
0.150072
0.165138
0.179284
0.192686
0.205490
0.217808
0.229719
0.241339
0.252806
0.264296
0.276083
0.288911
0.300809
0.307768
0.313574
0.319404
0.325284
0.331213
0.337188
0.343208
0.349270
0.355372
0.361512
0.367688
0.373896
0.380136
0.386404
0.392697
0.399014
0.405351
0.411923
0.418169
0.424441
0.430732
0.437036
0.443349
0.449670
0.455994
0.462318
0.468639
0.474954
0.481260
0.487552
0.493829
0.500088
0.506324
0.512536
0.518719
0.524872
0.530991
0.537073
0.543116
0.549116
0.555071
0.560978
0.566834
0.572638
0.578386
0.584076
0.589706
0.595274
0.600776
0.606212
0.611579
0.616876
0.622099
0.627249
0.632322
0.637318
0.642235
0.647072
0.651827
0.656500
0.661089
0.665593
0.670012
0.674345
0.678591
0.682750
0.686821
0.690803
0.694698
0.698504
0.702221
0.705850
0.709391
0.712844
0.716209
0.719486
0.722677
0.725781
0.728800
0.731733
0.734583
0.737349
0.740033
0.742635
0.745157
0.747599
0.749963
0.752251
0.754462
0.756600
0.758663
0.760656
0.762577
0.764430
0.766215
0.767934
0.769588
0.771180
0.772709
0.774179
0.775590
0.776943
0.778242
0.779486
0.780678
0.781819
0.782911
0.783954
0.784952
0.785904
0.786813
0.787680
0.788507
0.789294
0.790044
0.790757
0.791435
0.792080
0.792692
0.793274
0.793825
0.794347
0.794843
0.795311
0.795755
0.796175
0.796571
0.796946
0.797299
0.797633
0.797947
0.798243
0.798522
0.798784
0.799031
0.799263
0.799480
0.799685
0.799876
0.800056
0.800224
0.800382
0.800529
0.800667
0.800796
0.800916
0.801028
0.801133
0.801230
0.801321
0.801406
0.801484
0.801557
0.801625
0.801688
0.801747
0.801801
0.801851
0.801898
0.801941
0.801980
0.802017
0.802051
0.802082
0.802111
0.802138
0.802162
0.802185
0.802206
0.802225
0.802242
0.802258
0.802273
0.802287
0.802299
0.802310
0.802321
0.802330
0.802339
0.802347
0.802354
0.802361
0.802367
0.802372
0.802377
0.802382
0.802386
0.802390
0.802393
0.802396
0.802399
0.802401
0.802404
0.802406
0.802408
0.802409
0.802411
0.802412
0.802413
0.802414
0.802415
0.802416
0.802417
0.802418
0.802419
0.802419
0.802420
0.802420
0.802421
0.802421
0.802421
0.802422
0.802422
0.802422
0.802422
0.802423
0.802423
0.802423
0.802423
0.802423
0.802423
0.802423
0.802423
0.802423
0.802424
0.802424
0.802424
0.802424
0.802424
0.802424
0.802424
0.802424
0.802424
0.802424
0.802424
0.802424
0.802424
0.802424
0.802424
0.802424
0.802424
0.802424
0.802424
0.802424
0.802424
0.802424
0.802424
0.802424
0.802424
0.802424
0.802424
0.802424
0.802424
0.802424
0.802424
0.802424
0.802424
0.802424
0.802424
0.802424
0.802424
0.802424
0.802424
0.802424
0.802424
0.802424
0.802424
0.802424
0.802424
0.802424
0.802424
0.802424
0.802424
0.802424
0.802424
0.802424
0.802424
0.802424
0.802424
0.802424
0.802424
0.802424
0.802424
0.802424
0.802424
0.802424
0.802424
0.802424
0.802424
0.802424
0.802424
0.802424
0.802424
0.802424
0.802424
0.802424
0.802424
0.802424
0.802424
0.802424
0.802424
0.802424
0.802424
0.802424
0.802424
0.802424
0.802424
0.802424
0.802424
0.802424
0.802424
0.802424
0.802424
0.802424
0.802424
0.802424
0.802424
0.802424
0.802424
0.802424
0.802424
0.802424
0.802424
0.802424
0.802424
0.802424
0.802424
0.802424
0.802424
0.802424
0.802424
0.802424
0.802424
0.802424
0.802424
0.802424
0.802424
0.802424
0.802424
0.802424
0.802424
0.802424
0.802424
0.802424
0.802424
0.802424
0.802424
0.802424
0.802424
0.802424
0.802424
0.802424
0.802424
0.802424
0.802424
0.802424
0.802424
0.802424
0.802424
0.802424
0.802424
0.802424
0.802424
0.802424
0.802424
0.802424
0.802424
0.802424
0.802424
0.802424
0.802424
0.802424
0.802424
0.802424
0.802424
0.802424
0.802424
0.802424
0.802424
0.802424
0.802424
0.802424
0.802424
0.802424
0.802424
0.802424
0.802424
0.802424
0.802424
0.802424
0.802424
0.802424
0.802424
0.802424
0.802424
0.802424
0.802424
0.802424
0.802424
0.802424
0.802424
0.802424
0.802424
0.802424
0.802424
0.802424
0.802424
0.802424
0.802424
0.802424
0.802424
0.802424
0.802424
0.802424
0.802424
0.802424
0.802424
0.802424
0.802424
0.802424
0.802424
0.802424
0.802424
0.802424
0.802424
0.802424
0.802424
0.802424
0.802424
0.802424
0.802424
0.802424
0.802424
0.802424
0.802424
0.802424
0.802424
0.802424
0.802424
0.802424
0.802424
0.802424
0.802424
0.802424
0.802424
0.802424
0.802424
0.802424
0.802424
0.802424
0.802424
0.802424
0.802424
0.802424
0.802424
0.802424
0.802424
0.802424
0.802424
0.802424
0.802424
0.802424
0.802424
0.802424
0.802424
0.802424
0.802424
0.802424
0.802424
0.802424
0.802424
0.802424
0.802424
0.802424
0.802424
0.802424
0.802424
0.802424
0.802424
0.802424
0.802424
0.802424
0.802424
0.802424
0.802424
0.802424
0.802424
0.802424
0.802424
0.802424
0.802424
0.802424
0.802424
0.802424
0.802424
0.802424
0.802424
0.802424
0.802424
0.802424
0.802424
0.802424
0.802424
0.802424
0.802424
0.802424
0.802424
0.802424
0.802424
0.802424
0.802424
0.802424
0.802424
0.802424
0.802424
0.802424
0.802424
0.802424
0.802424
0.802424
0.802424
0.802424
0.802424
0.802424
0.802424
0.802424
0.802424
0.802424
0.802424
0.802424
0.802424
0.802424
0.802424
0.802424
0.802424
0.802424
0.802424
0.802424
0.802424
0.802424
0.802424
0.802424
0.802424
0.802424
0.802424
0.802424
0.802424
0.802424
0.802424
0.802424
0.802424
0.802424
0.802424
0.802424
0.802424
0.802424
0.802424
0.802424
0.802424
0.802424
0.802424
0.802424
0.802424
0.802424
0.802424
0.802424
0.802424
0.802424
0.802424
0.802424
0.802424
0.802424
0.802424
0.802424
0.802424
0.802424
0.802424
0.802424
