0.000000
0.004868
0.009410
0.013816
0.018207
0.022673
0.027293
0.032156
0.037342
0.042941
0.049051
0.055786
0.063268
0.071648
0.081126
0.091969
0.104509
0.119175
0.136637
0.157891
0.184399
0.218672
0.265395
0.333657
0.443200
0.629320
0.849975
0.947047
0.958793
0.959895
0.960713
0.961537
0.962362
0.963184
0.964001
0.964808
0.965605
0.966390
0.967161
0.967916
0.968656
0.969379
0.970085
0.970773
0.971442
0.972093
0.972725
0.973338
0.973932
0.974506
0.975062
0.975598
0.976116
0.976615
0.977095
0.977557
0.978001
0.978428
0.978837
0.979229
0.979605
0.979965
0.980308
0.980637
0.980950
0.981249
0.981534
0.981806
0.982064
0.982310
0.982543
0.982765
0.982976
0.983175
0.983364
0.983544
0.983713
0.983873
0.984025
0.984168
0.984303
0.984431
0.984551
0.984664
0.984771
0.984871
0.984965
0.985054
0.985138
0.985216
0.985289
0.985358
0.985423
0.985483
0.985540
0.985593
0.985643
0.985689
0.985732
0.985773
0.985811
0.985846
0.985879
0.985910
0.985938
0.985965
0.985990
0.986013
0.986034
0.986054
0.986073
0.986090
0.986106
0.986121
0.986134
0.986147
0.986159
0.986170
0.986180
0.986190
0.986198
0.986206
0.986214
0.986221
0.986227
0.986233
0.986238
0.986243
0.986248
0.986252
0.986256
0.986260
0.986263
0.986266
0.986269
0.986272
0.986274
0.986276
0.986278
0.986280
0.986282
0.986283
0.986285
0.986286
0.986287
0.986288
0.986289
0.986290
0.986291
0.986292
0.986293
0.986293
0.986294
0.986295
0.986295
0.986296
0.986296
0.986296
0.986297
0.986297
0.986297
0.986298
0.986298
0.986298
0.986298
0.986298
0.986299
0.986299
0.986299
0.986299
0.986299
0.986299
0.986299
0.986299
0.986299
0.986300
0.986300
0.986300
0.986300
0.986300
0.986300
0.986300
0.986300
0.986300
0.986300
0.986300
0.986300
0.986300
0.986300
0.986300
0.986300
0.986300
0.986300
0.986300
0.986300
0.986300
0.986300
0.986300
0.986300
0.986300
0.986300
0.986300
0.986300
0.986300
0.986300
0.986300
0.986300
0.986300
0.986300
0.986300
0.986300
0.986300
0.986300
0.986300
0.986300
0.986300
0.986300
0.986300
0.986300
0.986300
0.986300
0.986300
0.986300
0.986300
0.986300
0.986300
0.986300
0.986300
0.986300
0.986300
0.986300
0.986300
0.986300
0.986300
0.986300
0.986300
0.986300
0.986300
0.986300
0.986300
0.986300
0.986300
0.986300
0.986300
0.986300
0.986300
0.986300
0.986300
0.986300
0.986300
0.986300
0.986300
0.986300
0.986300
0.986300
0.986300
0.986300
0.986300
0.986300
0.986300
0.986300
0.986300
0.986300
0.986300
0.986300
0.986300
0.986300
0.986300
0.986300
0.986300
0.986300
0.986300
0.986300
0.986300
0.986300
0.986300
0.986300
0.986300
0.986300
0.986300
0.986300
0.986300
0.986300
0.986300
0.986300
0.986300
0.986300
0.986300
0.986300
0.986300
0.986300
0.986300
0.986300
0.986300
0.986300
0.986300
0.986300
0.986300
0.986300
0.986300
0.986300
0.986300
0.986300
0.986300
0.986300
0.986300
0.986300
0.986300
0.986300
0.986300
0.986300
0.986300
0.986300
0.986300
0.986300
0.986300
0.986300
0.986300
0.986300
0.986300
0.986300
0.986300
0.986300
0.986300
0.986300
0.986300
0.986300
0.986300
0.986300
0.986300
0.986300
0.986300
0.986300
0.986300
0.986300
0.986300
0.986300
0.986300
0.986300
0.986300
0.986300
0.986300
0.986300
0.986300
0.986300
0.986300
0.986300
0.986300
0.986300
0.986300
0.986300
0.986300
0.986300
0.986300
0.986300
0.986300
0.986300
0.986300
0.986300
0.986300
0.986300
0.986300
0.986300
0.986300
0.986300
0.986300
0.986300
0.986300
0.986300
0.986300
0.986300
0.986300
0.986300
0.986300
0.986300
0.986300
0.986300
0.986300
0.986300
0.986300
0.986300
0.986300
0.986300
0.986300
0.986300
0.986300
0.986300
0.986300
0.986300
0.986300
0.986300
0.986300
0.986300
0.986300
0.986300
0.986300
0.986300
0.986300
0.986300
0.986300
0.986300
0.986300
0.986300
0.986300
0.986300
0.986300
0.986300
0.986300
0.986300
0.986300
0.986300
0.986300
0.986300
0.986300
0.986300
0.986300
0.986300
0.986300
0.986300
0.986300
0.986300
0.986300
0.986300
0.986300
0.986300
0.986300
0.986300
0.986300
0.986300
0.986300
0.986300
0.986300
0.986300
0.986300
0.986300
0.986300
0.986300
0.986300
0.986300
0.986300
0.986300
0.986300
0.986300
0.986300
0.986300
0.986300
0.986300
0.986300
0.986300
0.986300
0.986300
0.986300
0.986300
0.986300
0.986300
0.986300
0.986300
0.986300
0.986300
0.986300
0.986300
0.986300
0.986300
0.986300
0.986300
0.986300
0.986300
0.986300
0.986300
0.986300
0.986300
0.986300
0.986300
0.986300
0.986300
0.986300
0.986300
0.986300
0.986300
0.986300
0.986300
0.986300
0.986300
0.986300
0.986300
0.986300
0.986300
0.986300
0.986300
0.986300
0.986300
0.986300
0.986300
0.986300
0.986300
0.986300
0.986300
0.986300
0.986300
0.986300
0.986300
0.986300
0.986300
0.986300
0.986300
0.986300
0.986300
0.986300
0.986300
0.986300
0.986300
0.986300
0.986300
0.986300
0.986300
0.986300
0.986300
0.986300
0.986300
0.986300
0.986300
0.986300
0.986300
0.986300
0.986300
0.986300
0.986300
0.986300
0.986300
0.986300
0.986300
0.986300
0.986300
0.986300
0.986300
0.986300
0.986300
0.986300
0.986300
0.986300
0.986300
0.986300
0.986300
0.986300
0.986300
0.986300
0.986300
0.986300
0.986300
0.986300
0.986300
0.986300
0.986300
0.986300
0.986300
0.986300
0.986300
0.986300
0.986300
0.986300
0.986300
0.986300
0.986300
0.986300
0.986300
0.986300
0.986300
0.986300
0.986300
0.986300
0.986300
0.986300
0.986300
0.986300
0.986300
0.986300
0.986300
0.986300
0.986300
0.986300
0.986300
0.986300
0.986300
0.986300
0.986300
0.986300
0.986300
0.986300
0.986300
0.986300
0.986300
0.986300
0.986300
0.986300
0.986300
0.986300
0.986300
0.986300
0.986300
0.986300
