0.000000
0.134402
0.201976
0.247053
0.280078
0.305762
0.326576
0.343909
0.358662
0.371443
0.382649
0.392581
0.401480
0.409524
0.416854
0.423591
0.429842
0.435703
0.441254
0.446584
0.451809
0.457079
0.462655
0.468940
0.474629
0.476995
0.477352
0.477372
0.477373
0.477373
0.477373
0.477373
0.477373
0.477373
0.477373
0.477373
0.477373
0.477373
0.477373
0.477373
0.477373
0.477373
0.477373
0.477373
0.477373
0.477373
0.477373
0.477373
0.477373
0.477373
0.477373
0.477373
0.477373
0.477373
0.477373
0.477373
0.477373
0.477373
0.477373
0.477373
0.477373
0.477373
0.477373
0.477373
0.477373
0.477373
0.477373
0.477373
0.477373
0.477373
0.477373
0.477373
0.477373
0.477373
0.477373
0.477373
0.477373
0.477373
0.477373
0.477373
0.477373
0.477373
0.477373
0.477373
0.477373
0.477373
0.477373
0.477373
0.477373
0.477373
0.477373
0.477373
0.477373
0.477373
0.477373
0.477373
0.477373
0.477373
0.477373
0.477373
0.477373
0.477373
0.477373
0.477373
0.477373
0.477373
0.477373
0.477373
0.477373
0.477373
0.477373
0.477373
0.477373
0.477373
0.477373
0.477373
0.477373
0.477373
0.477373
0.477373
0.477373
0.477373
0.477373
0.477373
0.477373
0.477373
0.477373
0.477373
0.477373
0.477373
0.477373
0.477373
0.477373
0.477373
0.477373
0.477373
0.477373
0.477373
0.477373
0.477373
0.477373
0.477373
0.477373
0.477373
0.477373
0.477373
0.477373
0.477373
0.477373
0.477373
0.477373
0.477373
0.477373
0.477373
0.477373
0.477373
0.477373
0.477373
0.477373
0.477373
0.477373
0.477373
0.477373
0.477373
0.477373
0.477373
0.477373
0.477373
0.477373
0.477373
0.477373
0.477373
0.477373
0.477373
0.477373
0.477373
0.477373
0.477373
0.477373
0.477373
0.477373
0.477373
0.477373
0.477373
0.477373
0.477373
0.477373
0.477373
0.477373
0.477373
0.477373
0.477373
0.477373
0.477373
0.477373
0.477373
0.477373
0.477373
0.477373
0.477373
0.477373
0.477373
0.477373
0.477373
0.477373
0.477373
0.477373
0.477373
0.477373
0.477373
0.477373
0.477373
0.477373
0.477373
0.477373
0.477373
0.477373
0.477373
0.477373
0.477373
0.477373
0.477373
0.477373
0.477373
0.477373
0.477373
0.477373
0.477373
0.477373
0.477373
0.477373
0.477373
0.477373
0.477373
0.477373
0.477373
0.477373
0.477373
0.477373
0.477373
0.477373
0.477373
0.477373
0.477373
0.477373
0.477373
0.477373
0.477373
0.477373
0.477373
0.477373
0.477373
0.477373
0.477373
0.477373
0.477373
0.477373
0.477373
0.477373
0.477373
0.477373
0.477373
0.477373
0.477373
0.477373
0.477373
0.477373
0.477373
0.477373
0.477373
0.477373
0.477373
0.477373
0.477373
0.477373
0.477373
0.477373
0.477373
0.477373
0.477373
0.477373
0.477373
0.477373
0.477373
0.477373
0.477373
0.477373
0.477373
0.477373
0.477373
0.477373
0.477373
0.477373
0.477373
0.477373
0.477373
0.477373
0.477373
0.477373
0.477373
0.477373
0.477373
0.477373
0.477373
0.477373
0.477373
0.477373
0.477373
0.477373
0.477373
0.477373
0.477373
0.477373
0.477373
0.477373
0.477373
0.477373
0.477373
0.477373
0.477373
0.477373
0.477373
0.477373
0.477373
0.477373
0.477373
0.477373
0.477373
0.477373
0.477373
0.477373
0.477373
0.477373
0.477373
0.477373
0.477373
0.477373
0.477373
0.477373
0.477373
0.477373
0.477373
0.477373
0.477373
0.477373
0.477373
0.477373
0.477373
0.477373
0.477373
0.477373
0.477373
0.477373
0.477373
0.477373
0.477373
0.477373
0.477373
0.477373
0.477373
0.477373
0.477373
0.477373
0.477373
0.477373
0.477373
0.477373
0.477373
0.477373
0.477373
0.477373
0.477373
0.477373
0.477373
0.477373
0.477373
0.477373
0.477373
0.477373
0.477373
0.477373
0.477373
0.477373
0.477373
0.477373
0.477373
0.477373
0.477373
0.477373
0.477373
0.477373
0.477373
0.477373
0.477373
0.477373
0.477373
0.477373
0.477373
0.477373
0.477373
0.477373
0.477373
0.477373
0.477373
0.477373
0.477373
0.477373
0.477373
0.477373
0.477373
0.477373
0.477373
0.477373
0.477373
0.477373
0.477373
0.477373
0.477373
0.477373
0.477373
0.477373
0.477373
0.477373
0.477373
0.477373
0.477373
0.477373
0.477373
0.477373
0.477373
0.477373
0.477373
0.477373
0.477373
0.477373
0.477373
0.477373
0.477373
0.477373
0.477373
0.477373
0.477373
0.477373
0.477373
0.477373
0.477373
0.477373
0.477373
0.477373
0.477373
0.477373
0.477373
0.477373
0.477373
0.477373
0.477373
0.477373
0.477373
0.477373
0.477373
0.477373
0.477373
0.477373
0.477373
0.477373
0.477373
0.477373
0.477373
0.477373
0.477373
0.477373
0.477373
0.477373
0.477373
0.477373
0.477373
0.477373
0.477373
0.477373
0.477373
0.477373
0.477373
0.477373
0.477373
0.477373
0.477373
0.477373
0.477373
0.477373
0.477373
0.477373
0.477373
0.477373
0.477373
0.477373
0.477373
0.477373
0.477373
0.477373
0.477373
0.477373
0.477373
0.477373
0.477373
0.477373
0.477373
0.477373
0.477373
0.477373
0.477373
0.477373
0.477373
0.477373
0.477373
0.477373
0.477373
0.477373
0.477373
0.477373
0.477373
0.477373
0.477373
0.477373
0.477373
0.477373
0.477373
0.477373
0.477373
0.477373
0.477373
0.477373
0.477373
0.477373
0.477373
0.477373
0.477373
0.477373
0.477373
0.477373
0.477373
0.477373
0.477373
0.477373
0.477373
0.477373
0.477373
0.477373
0.477373
0.477373
0.477373
0.477373
0.477373
0.477373
0.477373
0.477373
0.477373
0.477373
0.477373
0.477373
0.477373
0.477373
0.477373
0.477373
0.477373
0.477373
0.477373
0.477373
0.477373
0.477373
0.477373
0.477373
0.477373
0.477373
0.477373
0.477373
0.477373
0.477373
0.477373
0.477373
0.477373
0.477373
0.477373
0.477373
0.477373
0.477373
0.477373
0.477373
0.477373
0.477373
0.477373
0.477373
0.477373
0.477373
0.477373
0.477373
0.477373
0.477373
0.477373
0.477373
0.477373
