0.003607
0.007647
0.011681
0.016038
0.020519
0.029129
0.033557
0.037489
0.041963
0.047109
0.053108
0.060211
0.068865
0.080383
0.098911
0.133109
0.187669
0.242350
0.267334
0.273603
0.277003
0.279173
0.281259
0.283345
0.285430
0.287516
0.289601
0.291686
0.293771
0.295857
0.297944
0.300031
0.302120
0.304210
0.306302
0.308396
0.310492
0.312590
0.314691
0.316847
0.318788
0.320725
0.322667
0.324612
0.326563
0.328518
0.330478
0.332443
0.334413
0.336389
0.338370
0.340356
0.342348
0.344346
0.346350
0.348360
0.350376
0.352399
0.354428
0.356463
0.358506
0.360555
0.362611
0.364674
0.366744
0.368821
0.370906
0.372998
0.375098
0.377205
0.379320
0.381443
0.383574
0.385713
0.387860
0.390015
0.392178
0.394349
0.396529
0.398717
0.400913
0.403118
0.405331
0.407553
0.409784
0.412023
0.414270
0.416527
0.418792
0.421066
0.423348
0.425640
0.427940
0.430248
0.432566
0.434892
0.437227
0.439570
0.441923
0.444283
0.446653
0.449031
0.451417
0.453812
0.456216
0.458628
0.461048
0.463476
0.465913
0.468357
0.470810
0.473271
0.475739
0.478216
0.480700
0.483192
0.485691
0.488198
0.490712
0.493233
0.495761
0.498296
0.500838
0.503387
0.505943
0.508504
0.511073
0.513647
0.516227
0.518814
0.521406
0.524004
0.526607
0.529215
0.531829
0.534447
0.537071
0.539699
0.542331
0.544968
0.547609
0.550254
0.552902
0.555554
0.558210
0.560869
0.563531
0.566195
0.568862
0.571532
0.574204
0.576878
0.579554
0.582231
0.584910
0.587591
0.590272
0.592954
0.595637
0.598320
0.601004
0.603687
0.606370
0.609053
0.611736
0.614417
0.617098
0.619777
0.622455
0.625132
0.627806
0.630478
0.633149
0.635816
0.638481
0.641143
0.643803
0.646458
0.649111
0.651759
0.654404
0.657045
0.659681
0.662313
0.664940
0.667562
0.670180
0.672791
0.675398
0.677999
0.680594
0.683183
0.685765
0.688341
0.690911
0.693474
0.696030
0.698579
0.701120
0.703654
0.706180
0.708699
0.711209
0.713712
0.716206
0.718691
0.721168
0.723636
0.726095
0.728545
0.730986
0.733417
0.735839
0.738251
0.740653
0.743046
0.745428
0.747800
0.750161
0.752512
0.754852
0.757182
0.759501
0.761808
0.764105
0.766390
0.768664
0.770927
0.773178
0.775417
0.777645
0.779861
0.782065
0.784257
0.786436
0.788604
0.790759
0.792902
0.795032
0.797150
0.799255
0.801348
0.803428
0.805495
0.807549
0.809591
0.811619
0.813634
0.815636
0.817625
0.819601
0.821564
0.823513
0.825449
0.827372
0.829281
0.831177
0.833059
0.834928
0.836783
0.838625
0.840454
0.842268
0.844069
0.845857
0.847631
0.849391
0.851138
0.852871
0.854590
0.856296
0.857988
0.859666
0.861331
0.862982
0.864620
0.866244
0.867854
0.869451
0.871034
0.872604
0.874160
0.875702
0.877231
0.878747
0.880249
0.881738
0.883213
0.884675
0.886124
0.887560
0.888982
0.890391
0.891787
0.893169
0.894539
0.895896
0.897239
0.898570
0.899888
0.901192
0.902484
0.903764
0.905030
0.906284
0.907526
0.908755
0.909971
0.911175
0.912366
0.913546
0.914713
0.915868
0.917010
0.918141
0.919260
0.920366
0.921461
0.922544
0.923616
0.924675
0.925723
0.926760
0.927785
0.928799
0.929801
0.930792
0.931772
0.932741
0.933699
0.934646
0.935582
0.936507
0.937422
0.938326
0.939219
0.940102
0.940974
0.941837
0.942688
0.943530
0.944362
0.945183
0.945995
0.946796
0.947588
0.948370
0.949143
0.949906
0.950659
0.951403
0.952138
0.952864
0.953580
0.954287
0.954985
0.955675
0.956355
0.957027
0.957690
0.958344
0.958990
0.959628
0.960257
0.960878
0.961490
0.962095
0.962691
0.963279
0.963860
0.964432
0.964997
0.965555
0.966104
0.966646
0.967181
0.967708
0.968228
0.968741
0.969247
0.969746
0.970237
0.970722
0.971200
0.971671
0.972135
0.972593
0.973044
0.973489
0.973927
0.974359
0.974785
0.975205
0.975618
0.976026
0.976427
0.976822
0.977212
0.977596
0.977974
0.978347
0.978714
0.979075
0.979431
0.979782
0.980127
0.980467
0.980802
0.981132
0.981456
0.981776
0.982091
0.982401
0.982706
0.983006
0.983302
0.983593
0.983879
0.984161
0.984439
0.984712
0.984981
0.985245
0.985505
0.985761
0.986013
0.986261
0.986505
0.986745
0.986981
0.987213
0.987442
0.987666
0.987887
0.988105
0.988318
0.988528
0.988735
0.988938
0.989138
0.989335
0.989528
0.989718
0.989905
0.990088
0.990269
0.990446
0.990621
0.990792
0.990961
0.991126
0.991289
0.991449
0.991606
0.991760
0.991912
0.992061
0.992208
0.992351
0.992493
0.992632
0.992768
0.992902
0.993034
0.993163
0.993290
0.993415
0.993537
0.993658
0.993776
0.993892
0.994006
0.994117
0.994227
0.994335
0.994441
0.994545
0.994647
0.994747
0.994845
0.994941
0.995036
0.995129
0.995220
0.995309
0.995397
0.995483
0.995568
0.995651
0.995732
0.995812
0.995890
0.995967
0.996042
0.996116
0.996189
0.996260
0.996330
0.996398
0.996465
0.996531
0.996595
0.996659
0.996721
0.996782
0.996841
0.996900
0.996957
0.997013
0.997068
0.997122
0.997175
0.997227
0.997278
0.997328
0.997376
0.997424
0.997471
0.997517
0.997562
0.997606
0.997649
0.997692
0.997733
0.997774
0.997814
0.997853
0.997891
0.997928
0.997965
0.998001
0.998036
0.998070
0.998104
0.998137
0.998169
0.998201
0.998232
0.998262
0.998292
0.998321
0.998349
0.998377
0.998405
0.998431
0.998457
0.998483
0.998508
0.998532
0.998556
0.998580
0.998603
0.998625
0.998647
0.998669
0.998690
0.998710
0.998730
0.998750
0.998769
0.998788
0.998807
0.998825
0.998842
0.998859
0.998876
0.998893
0.998909
0.998925
0.998940
0.998955
0.998970
0.998984
0.998998
0.999012
0.999025
0.999039
0.999051
0.999064
0.999076
0.999088
0.999100
0.999111
0.999123
0.999134
0.999144
0.999155
0.999165
0.999175
0.999185
0.999194
0.999203
0.999212
0.999221
0.999230
0.999238
0.999247
0.999255
0.999263
0.999270
