0.000000
0.089425
0.198691
0.224928
0.125372
0.128632
0.143808
0.157666
0.170434
0.182306
0.193447
0.203996
0.214047
0.223688
0.233048
0.242275
0.251564
0.261291
0.272229
0.279867
0.283549
0.286953
0.290389
0.293859
0.297364
0.300903
0.304477
0.308086
0.311729
0.315407
0.319120
0.322868
0.326651
0.330468
0.334320
0.338207
0.342129
0.346084
0.350074
0.354195
0.358063
0.361986
0.365947
0.369945
0.373980
0.378051
0.382157
0.386298
0.390473
0.394682
0.398923
0.403197
0.407502
0.411838
0.416205
0.420601
0.425026
0.429479
0.433959
0.438465
0.442996
0.447553
0.452132
0.456735
0.461359
0.466004
0.470669
0.475352
0.480053
0.484771
0.489504
0.494251
0.499012
0.503785
0.508568
0.513362
0.518164
0.522974
0.527789
0.532610
0.537435
0.542262
0.547090
0.551919
0.556746
0.561571
0.566392
0.571208
0.576019
0.580821
0.585616
0.590400
0.595173
0.599934
0.604681
0.609414
0.614131
0.618830
0.623512
0.628173
0.632814
0.637434
0.642030
0.646603
0.651150
0.655672
0.660166
0.664632
0.669068
0.673475
0.677850
0.682194
0.686504
0.690780
0.695022
0.699228
0.703397
0.707530
0.711624
0.715679
0.719695
0.723671
0.727607
0.731501
0.735352
0.739162
0.742928
0.746651
0.750329
0.753963
0.757552
0.761096
0.764594
0.768046
0.771451
0.774810
0.778122
0.781387
0.784605
0.787775
0.790898
0.793973
0.797000
0.799980
0.802911
0.805795
0.808631
0.811419
0.814160
0.816852
0.819498
0.822096
0.824647
0.827151
0.829608
0.832019
0.834383
0.836701
0.838974
0.841201
0.843384
0.845521
0.847614
0.849664
0.851669
0.853631
0.855551
0.857428
0.859264
0.861058
0.862811
0.864523
0.866196
0.867829
0.869423
0.870979
0.872496
0.873977
0.875420
0.876827
0.878199
0.879535
0.880837
0.882104
0.883338
0.884539
0.885708
0.886845
0.887950
0.889025
0.890070
0.891085
0.892072
0.893030
0.893960
0.894863
0.895740
0.896590
0.897415
0.898215
0.898990
0.899741
0.900469
0.901175
0.901858
0.902519
0.903159
0.903779
0.904378
0.904957
0.905518
0.906059
0.906583
0.907088
0.907577
0.908048
0.908504
0.908943
0.909367
0.909776
0.910170
0.910550
0.910917
0.911270
0.911610
0.911937
0.912253
0.912556
0.912848
0.913129
0.913399
0.913659
0.913909
0.914149
0.914380
0.914601
0.914814
0.915018
0.915214
0.915402
0.915582
0.915755
0.915921
0.916080
0.916232
0.916378
0.916517
0.916651
0.916779
0.916901
0.917019
0.917131
0.917238
0.917340
0.917438
0.917531
0.917620
0.917706
0.917787
0.917865
0.917939
0.918009
0.918077
0.918141
0.918202
0.918260
0.918316
0.918369
0.918419
0.918467
0.918512
0.918556
0.918597
0.918636
0.918673
0.918709
0.918742
0.918774
0.918804
0.918833
0.918860
0.918886
0.918911
0.918934
0.918956
0.918977
0.918997
0.919015
0.919033
0.919050
0.919066
0.919081
0.919095
0.919108
0.919121
0.919133
0.919144
0.919155
0.919165
0.919175
0.919184
0.919192
0.919200
0.919208
0.919215
0.919222
0.919228
0.919234
0.919239
0.919245
0.919250
0.919254
0.919259
0.919263
0.919267
0.919270
0.919274
0.919277
0.919280
0.919283
0.919285
0.919288
0.919290
0.919292
0.919294
0.919296
0.919298
0.919300
0.919301
0.919303
0.919304
0.919305
0.919307
0.919308
0.919309
0.919310
0.919311
0.919311
0.919312
0.919313
0.919314
0.919314
0.919315
0.919316
0.919316
0.919317
0.919317
0.919317
0.919318
0.919318
0.919319
0.919319
0.919319
0.919319
0.919320
0.919320
0.919320
0.919320
0.919320
0.919321
0.919321
0.919321
0.919321
0.919321
0.919321
0.919321
0.919322
0.919322
0.919322
0.919322
0.919322
0.919322
0.919322
0.919322
0.919322
0.919322
0.919322
0.919322
0.919322
0.919322
0.919322
0.919322
0.919322
0.919322
0.919323
0.919323
0.919323
0.919323
0.919323
0.919323
0.919323
0.919323
0.919323
0.919323
0.919323
0.919323
0.919323
0.919323
0.919323
0.919323
0.919323
0.919323
0.919323
0.919323
0.919323
0.919323
0.919323
0.919323
0.919323
0.919323
0.919323
0.919323
0.919323
0.919323
0.919323
0.919323
0.919323
0.919323
0.919323
0.919323
0.919323
0.919323
0.919323
0.919323
0.919323
0.919323
0.919323
0.919323
0.919323
0.919323
0.919323
0.919323
0.919323
0.919323
0.919323
0.919323
0.919323
0.919323
0.919323
0.919323
0.919323
0.919323
0.919323
0.919323
0.919323
0.919323
0.919323
0.919323
0.919323
0.919323
0.919323
0.919323
0.919323
0.919323
0.919323
0.919323
0.919323
0.919323
0.919323
0.919323
0.919323
0.919323
0.919323
0.919323
0.919323
0.919323
0.919323
0.919323
0.919323
0.919323
0.919323
0.919323
0.919323
0.919323
0.919323
0.919323
0.919323
0.919323
0.919323
0.919323
0.919323
0.919323
0.919323
0.919323
0.919323
0.919323
0.919323
0.919323
0.919323
0.919323
0.919323
0.919323
0.919323
0.919323
0.919323
0.919323
0.919323
0.919323
0.919323
0.919323
0.919323
0.919323
0.919323
0.919323
0.919323
0.919323
0.919323
0.919323
0.919323
0.919323
0.919323
0.919323
0.919323
0.919323
0.919323
0.919323
0.919323
0.919323
0.919323
0.919323
0.919323
0.919323
0.919323
0.919323
0.919323
0.919323
0.919323
0.919323
0.919323
0.919323
0.919323
0.919323
0.919323
0.919323
0.919323
0.919323
0.919323
0.919323
0.919323
0.919323
0.919323
0.919323
0.919323
0.919323
0.919323
0.919323
0.919323
0.919323
0.919323
0.919323
0.919323
0.919323
0.919323
0.919323
0.919323
0.919323
0.919323
0.919323
0.919323
0.919323
0.919323
0.919323
0.919323
0.919323
0.919323
0.919323
0.919323
0.919323
0.919323
0.919323
0.919323
0.919323
0.919323
0.919323
0.919323
0.919323
0.919323
0.919323
0.919323
0.919323
0.919323
0.919323
0.919323
0.919323
0.919323
0.919323
0.919323
0.919323
0.919323
0.919323
0.919323
0.919323
0.919323
0.919323
0.919323
0.919323
0.919323
0.919323
0.919323
0.919323
