0.000000
0.014259
0.028883
0.044499
0.064020
0.093307
0.134929
0.182138
0.216550
0.239823
0.253039
0.259711
0.263155
0.265397
0.267340
0.269272
0.271234
0.273210
0.275183
0.277151
0.279112
0.281068
0.283017
0.284961
0.286898
0.288830
0.290756
0.292676
0.294591
0.296500
0.298403
0.300301
0.302194
0.304081
0.305963
0.307839
0.309710
0.311576
0.313436
0.315345
0.317057
0.318753
0.320443
0.322128
0.323809
0.325486
0.327159
0.328827
0.330491
0.332150
0.333806
0.335457
0.337104
0.338747
0.340386
0.342020
0.343651
0.345277
0.346899
0.348517
0.350131
0.351741
0.353346
0.354948
0.356545
0.358139
0.359728
0.361314
0.362895
0.364472
0.366046
0.367615
0.369180
0.370742
0.372299
0.373852
0.375402
0.376947
0.378489
0.380027
0.381561
0.383090
0.384616
0.386139
0.387657
0.389171
0.390682
0.392189
0.393692
0.395191
0.396686
0.398178
0.399665
0.401149
0.402630
0.404106
0.405579
0.407048
0.408513
0.409975
0.411433
0.412887
0.414337
0.415784
0.417227
0.418667
0.420103
0.421535
0.422963
0.424388
0.425810
0.427228
0.428642
0.430053
0.431460
0.432863
0.434263
0.435659
0.437052
0.438442
0.439828
0.441210
0.442589
0.443964
0.445336
0.446705
0.448070
0.449431
0.450790
0.452144
0.453496
0.454843
0.456188
0.457529
0.458867
0.460201
0.461532
0.462860
0.464184
0.465505
0.466823
0.468137
0.469448
0.470756
0.472061
0.473362
0.474660
0.475955
0.477246
0.478534
0.479819
0.481101
0.482380
0.483655
0.484927
0.486196
0.487462
0.488725
0.489984
0.491240
0.492494
0.493744
0.494991
0.496234
0.497475
0.498713
0.499947
0.501179
0.502407
0.503632
0.504855
0.506074
0.507290
0.508503
0.509714
0.510921
0.512125
0.513326
0.514524
0.515720
0.516912
0.518101
0.519287
0.520471
0.521651
0.522829
0.524004
0.525175
0.526344
0.527510
0.528673
0.529834
0.530991
0.532146
0.533297
0.534446
0.535592
0.536735
0.537876
0.539013
0.540148
0.541280
0.542410
0.543536
0.544660
0.545781
0.546899
0.548015
0.549127
0.550238
0.551345
0.552450
0.553552
0.554651
0.555748
0.556842
0.557933
0.559022
0.560108
0.561191
0.562272
0.563350
0.564426
0.565499
0.566569
0.567637
0.568702
0.569765
0.570825
0.571882
0.572937
0.573990
0.575040
0.576087
0.577132
0.578175
0.579215
0.580252
0.581287
0.582320
0.583350
0.584378
0.585403
0.586426
0.587446
0.588464
0.589479
0.590493
0.591503
0.592512
0.593518
0.594521
0.595523
0.596521
0.597518
0.598512
0.599504
0.600494
0.601481
0.602466
0.603449
0.604429
0.605407
0.606383
0.607357
0.608328
0.609297
0.610264
0.611228
0.612191
0.613151
0.614109
0.615065
0.616018
0.616970
0.617919
0.618866
0.619811
0.620754
0.621694
0.622633
0.623569
0.624503
0.625435
0.626365
0.627293
0.628219
0.629143
0.630064
0.630984
0.631902
0.632817
0.633731
0.634642
0.635551
0.636459
0.637364
0.638267
0.639169
0.640068
0.640966
0.641861
0.642755
0.643646
0.644536
0.645423
0.646309
0.647193
0.648075
0.648955
0.649833
0.650709
0.651583
0.652455
0.653326
0.654194
0.655061
0.655926
0.656789
0.657651
0.658510
0.659368
0.660223
0.661077
0.661930
0.662780
0.663629
0.664476
0.665321
0.666164
0.667006
0.667845
0.668683
0.669520
0.670354
0.671187
0.672019
0.672848
0.673676
0.674502
0.675327
0.676149
0.676971
0.677790
0.678608
0.679424
0.680239
0.681052
0.681863
0.682672
0.683481
0.684287
0.685092
0.685895
0.686697
0.687497
0.688296
0.689093
0.689888
0.690682
0.691475
0.692266
0.693055
0.693843
0.694629
0.695414
0.696197
0.696979
0.697760
0.698538
0.699316
0.700092
0.700866
0.701640
0.702411
0.703181
0.703950
0.704718
0.705484
0.706248
0.707011
0.707773
0.708533
0.709292
0.710050
0.710806
0.711561
0.712315
0.713067
0.713818
0.714567
0.715316
0.716062
0.716808
0.717552
0.718295
0.719037
0.719777
0.720516
0.721254
0.721991
0.722726
0.723460
0.724193
0.724924
0.725655
0.726384
0.727112
0.727838
0.728564
0.729288
0.730011
0.730733
0.731453
0.732173
0.732891
0.733608
0.734324
0.735039
0.735752
0.736464
0.737176
0.737886
0.738595
0.739303
0.740010
0.740715
0.741420
0.742123
0.742825
0.743527
0.744227
0.744926
0.745624
0.746321
0.747017
0.747711
0.748405
0.749098
0.749789
0.750480
0.751169
0.751858
0.752545
0.753232
0.753917
0.754601
0.755285
0.755967
0.756649
0.757329
0.758008
0.758687
0.759364
0.760041
0.760716
0.761391
0.762064
0.762737
0.763409
0.764079
0.764749
0.765418
0.766086
0.766753
0.767419
0.768084
0.768748
0.769411
0.770074
0.770735
0.771396
0.772055
0.772714
0.773372
0.774029
0.774685
0.775340
0.775995
0.776648
0.777301
0.777952
0.778603
0.779253
0.779902
0.780551
0.781198
0.781845
0.782491
0.783135
0.783780
0.784423
0.785065
0.785707
0.786348
0.786988
0.787627
0.788265
0.788902
0.789539
0.790175
0.790810
0.791444
0.792078
0.792711
0.793342
0.793974
0.794604
0.795233
0.795862
0.796490
0.797117
0.797744
0.798369
0.798994
0.799618
0.800242
0.800864
0.801486
0.802107
0.802727
0.803347
0.803965
0.804583
0.805200
0.805817
0.806433
0.807048
0.807662
0.808275
0.808888
0.809500
0.810111
0.810721
0.811331
0.811940
0.812548
0.813156
0.813763
0.814369
0.814974
0.815578
0.816182
0.816785
0.817388
0.817989
0.818590
0.819190
0.819790
0.820388
0.820986
0.821583
0.822180
0.822776
0.823371
0.823965
0.824558
0.825151
0.825743
0.826335
0.826925
0.827515
0.828104
0.828693
0.829280
0.829867
0.830454
0.831039
0.831624
0.832208
0.832791
0.833374
0.833955
0.834536
0.835117
0.835696
0.836275
0.836853
0.837430
0.838007
0.838583
0.839158
0.839732
0.840306
0.840879
0.841451
0.842022
0.842593
0.843163
0.843732
0.844300
0.844867
0.845434
0.846000
0.846565
0.847130
0.847694
0.848256
0.848819
0.849380
