0.000000
0.023737
0.051807
0.103971
0.242384
0.345735
0.353034
0.359816
0.366446
0.372937
0.379393
0.385800
0.392129
0.398422
0.404740
0.411123
0.417450
0.423874
0.430989
0.438988
0.444917
0.450510
0.456156
0.461856
0.467610
0.473414
0.479266
0.485166
0.491112
0.497100
0.503130
0.509200
0.515308
0.521451
0.527629
0.533837
0.540074
0.546339
0.552627
0.559189
0.565400
0.571624
0.577871
0.584136
0.590416
0.596708
0.603008
0.609315
0.615623
0.621932
0.628236
0.634534
0.640822
0.647098
0.653358
0.659600
0.665821
0.672017
0.678187
0.684326
0.690433
0.696505
0.702540
0.708533
0.714484
0.720390
0.726248
0.732055
0.737811
0.743512
0.749156
0.754741
0.760266
0.765729
0.771127
0.776459
0.781724
0.786919
0.792044
0.797096
0.802076
0.806981
0.811811
0.816564
0.821240
0.825837
0.830355
0.834794
0.839153
0.843431
0.847628
0.851743
0.855777
0.859729
0.863599
0.867388
0.871094
0.874720
0.878263
0.881726
0.885108
0.888410
0.891633
0.894776
0.897840
0.900827
0.903736
0.906569
0.909326
0.912009
0.914618
0.917154
0.919618
0.922011
0.924334
0.926589
0.928776
0.930897
0.932952
0.934943
0.936871
0.938738
0.940543
0.942290
0.943979
0.945610
0.947187
0.948709
0.950178
0.951595
0.952962
0.954280
0.955549
0.956772
0.957950
0.959083
0.960174
0.961222
0.962230
0.963199
0.964129
0.965023
0.965880
0.966703
0.967492
0.968248
0.968973
0.969667
0.970332
0.970968
0.971577
0.972159
0.972715
0.973247
0.973756
0.974241
0.974704
0.975146
0.975568
0.975970
0.976353
0.976718
0.977066
0.977397
0.977712
0.978012
0.978297
0.978568
0.978825
0.979070
0.979302
0.979522
0.979732
0.979930
0.980118
0.980297
0.980466
0.980626
0.980777
0.980921
0.981056
0.981185
0.981306
0.981421
0.981529
0.981631
0.981728
0.981819
0.981905
0.981986
0.982063
0.982135
0.982203
0.982267
0.982327
0.982384
0.982437
0.982487
0.982534
0.982578
0.982620
0.982659
0.982696
0.982730
0.982763
0.982793
0.982821
0.982848
0.982873
0.982896
0.982918
0.982938
0.982958
0.982976
0.982992
0.983008
0.983023
0.983036
0.983049
0.983061
0.983072
0.983082
0.983092
0.983101
0.983109
0.983117
0.983124
0.983131
0.983138
0.983143
0.983149
0.983154
0.983159
0.983163
0.983167
0.983171
0.983174
0.983178
0.983181
0.983183
0.983186
0.983188
0.983191
0.983193
0.983195
0.983196
0.983198
0.983200
0.983201
0.983202
0.983203
0.983205
0.983206
0.983207
0.983207
0.983208
0.983209
0.983210
0.983210
0.983211
0.983211
0.983212
0.983212
0.983213
0.983213
0.983213
0.983214
0.983214
0.983214
0.983215
0.983215
0.983215
0.983215
0.983215
0.983216
0.983216
0.983216
0.983216
0.983216
0.983216
0.983216
0.983216
0.983216
0.983217
0.983217
0.983217
0.983217
0.983217
0.983217
0.983217
0.983217
0.983217
0.983217
0.983217
0.983217
0.983217
0.983217
0.983217
0.983217
0.983217
0.983217
0.983217
0.983217
0.983217
0.983217
0.983217
0.983217
0.983217
0.983217
0.983217
0.983217
0.983217
0.983217
0.983217
0.983217
0.983217
0.983217
0.983217
0.983217
0.983217
0.983217
0.983217
0.983217
0.983217
0.983217
0.983217
0.983217
0.983217
0.983217
0.983217
0.983217
0.983217
0.983217
0.983217
0.983217
0.983217
0.983217
0.983217
0.983217
0.983217
0.983217
0.983217
0.983217
0.983217
0.983217
0.983217
0.983217
0.983217
0.983217
0.983217
0.983217
0.983217
0.983217
0.983217
0.983217
0.983217
0.983217
0.983217
0.983217
0.983217
0.983217
0.983217
0.983217
0.983217
0.983217
0.983217
0.983217
0.983217
0.983217
0.983217
0.983217
0.983217
0.983217
0.983217
0.983217
0.983217
0.983217
0.983217
0.983217
0.983217
0.983217
0.983217
0.983217
0.983217
0.983217
0.983217
0.983217
0.983217
0.983217
0.983217
0.983217
0.983217
0.983217
0.983217
0.983217
0.983217
0.983217
0.983217
0.983217
0.983217
0.983217
0.983217
0.983217
0.983217
0.983217
0.983217
0.983217
0.983217
0.983217
0.983217
0.983217
0.983217
0.983217
0.983217
0.983217
0.983217
0.983217
0.983217
0.983217
0.983217
0.983217
0.983217
0.983217
0.983217
0.983217
0.983217
0.983217
0.983217
0.983217
0.983217
0.983217
0.983217
0.983217
0.983217
0.983217
0.983217
0.983217
0.983217
0.983217
0.983217
0.983217
0.983217
0.983217
0.983217
0.983217
0.983217
0.983217
0.983217
0.983217
0.983217
0.983217
0.983217
0.983217
0.983217
0.983217
0.983217
0.983217
0.983217
0.983217
0.983217
0.983217
0.983217
0.983217
0.983217
0.983217
0.983217
0.983217
0.983217
0.983217
0.983217
0.983217
0.983217
0.983217
0.983217
0.983217
0.983217
0.983217
0.983217
0.983217
0.983217
0.983217
0.983217
0.983217
0.983217
0.983217
0.983217
0.983217
0.983217
0.983217
0.983217
0.983217
0.983217
0.983217
0.983217
0.983217
0.983217
0.983217
0.983217
0.983217
0.983217
0.983217
0.983217
0.983217
0.983217
0.983217
0.983217
0.983217
0.983217
0.983217
0.983217
0.983217
0.983217
0.983217
0.983217
0.983217
0.983217
0.983217
0.983217
0.983217
0.983217
0.983217
0.983217
0.983217
0.983217
0.983217
0.983217
0.983217
0.983217
0.983217
0.983217
0.983217
0.983217
0.983217
0.983217
0.983217
0.983217
0.983217
0.983217
0.983217
0.983217
0.983217
0.983217
0.983217
0.983217
0.983217
0.983217
0.983217
0.983217
0.983217
0.983217
0.983217
0.983217
0.983217
0.983217
0.983217
0.983217
0.983217
0.983217
0.983217
0.983217
0.983217
0.983217
0.983217
0.983217
0.983217
0.983217
0.983217
0.983217
0.983217
0.983217
0.983217
0.983217
0.983217
0.983217
0.983217
0.983217
0.983217
0.983217
0.983217
0.983217
0.983217
0.983217
0.983217
0.983217
0.983217
0.983217
0.983217
0.983217
0.983217
0.983217
0.983217
0.983217
0.983217
0.983217
0.983217
0.983217
0.983217
0.983217
0.983217
0.983217
