0.011351
0.025025
0.054771
0.061351
0.068339
0.075837
0.083928
0.092732
0.102397
0.113101
0.125056
0.138510
0.153797
0.171371
0.191842
0.216000
0.245012
0.280765
0.326369
0.387188
0.472875
0.601398
0.774172
0.804866
0.670489
0.634244
0.637127
0.641947
0.646912
0.651983
0.657142
0.662375
0.667670
0.673018
0.678409
0.683837
0.689295
0.694778
0.700280
0.705981
0.711414
0.716866
0.722324
0.727784
0.733242
0.738692
0.744130
0.749552
0.754955
0.760334
0.765686
0.771007
0.776294
0.781544
0.786753
0.791918
0.797037
0.802106
0.807122
0.812084
0.816989
0.821834
0.826617
0.831337
0.835990
0.840576
0.845093
0.849538
0.853912
0.858211
0.862436
0.866584
0.870656
0.874650
0.878566
0.882403
0.886160
0.889838
0.893435
0.896953
0.900390
0.903746
0.907023
0.910220
0.913337
0.916375
0.919335
0.922217
0.925021
0.927748
0.930400
0.932976
0.935479
0.937908
0.940264
0.942550
0.944766
0.946912
0.948991
0.951003
0.952950
0.954833
0.956652
0.958411
0.960109
0.961748
0.963329
0.964855
0.966325
0.967742
0.969107
0.970421
0.971685
0.972901
0.974071
0.975195
0.976275
0.977312
0.978308
0.979263
0.980179
0.981058
0.981900
0.982707
0.983479
0.984218
0.984926
0.985603
0.986250
0.986869
0.987460
0.988024
0.988563
0.989077
0.989568
0.990036
0.990482
0.990907
0.991313
0.991698
0.992066
0.992415
0.992748
0.993064
0.993365
0.993650
0.993922
0.994180
0.994425
0.994657
0.994878
0.995087
0.995285
0.995474
0.995652
0.995821
0.995981
0.996132
0.996276
0.996411
0.996540
0.996661
0.996776
0.996885
0.996987
0.997084
0.997176
0.997262
0.997344
0.997421
0.997493
0.997562
0.997627
0.997688
0.997745
0.997799
0.997850
0.997898
0.997944
0.997986
0.998026
0.998064
0.998100
0.998133
0.998164
0.998194
0.998222
0.998248
0.998272
0.998295
0.998317
0.998337
0.998356
0.998374
0.998391
0.998407
0.998422
0.998436
0.998449
0.998461
0.998472
0.998483
0.998493
0.998503
0.998512
0.998520
0.998528
0.998535
0.998542
0.998548
0.998554
0.998560
0.998565
0.998570
0.998574
0.998579
0.998583
0.998586
0.998590
0.998593
0.998596
0.998599
0.998602
0.998604
0.998607
0.998609
0.998611
0.998613
0.998615
0.998616
0.998618
0.998619
0.998621
0.998622
0.998623
0.998624
0.998625
0.998626
0.998627
0.998628
0.998629
0.998629
0.998630
0.998631
0.998631
0.998632
0.998632
0.998633
0.998633
0.998634
0.998634
0.998635
0.998635
0.998635
0.998636
0.998636
0.998636
0.998636
0.998637
0.998637
0.998637
0.998637
0.998637
0.998637
0.998638
0.998638
0.998638
0.998638
0.998638
0.998638
0.998638
0.998638
0.998638
0.998639
0.998639
0.998639
0.998639
0.998639
0.998639
0.998639
0.998639
0.998639
0.998639
0.998639
0.998639
0.998639
0.998639
0.998639
0.998639
0.998639
0.998639
0.998639
0.998639
0.998639
0.998639
0.998639
0.998639
0.998639
0.998639
0.998639
0.998639
0.998639
0.998639
0.998639
0.998639
0.998640
0.998640
0.998640
0.998640
0.998640
0.998640
0.998640
0.998640
0.998640
0.998640
0.998640
0.998640
0.998640
0.998640
0.998640
0.998640
0.998640
0.998640
0.998640
0.998640
0.998640
0.998640
0.998640
0.998640
0.998640
0.998640
0.998640
0.998640
0.998640
0.998640
0.998640
0.998640
0.998640
0.998640
0.998640
0.998640
0.998640
0.998640
0.998640
0.998640
0.998640
0.998640
0.998640
0.998640
0.998640
0.998640
0.998640
0.998640
0.998640
0.998640
0.998640
0.998640
0.998640
0.998640
0.998640
0.998640
0.998640
0.998640
0.998640
0.998640
0.998640
0.998640
0.998640
0.998640
0.998640
0.998640
0.998640
0.998640
0.998640
0.998640
0.998640
0.998640
0.998640
0.998640
0.998640
0.998640
0.998640
0.998640
0.998640
0.998640
0.998640
0.998640
0.998640
0.998640
0.998640
0.998640
0.998640
0.998640
0.998640
0.998640
0.998640
0.998640
0.998640
0.998640
0.998640
0.998640
0.998640
0.998640
0.998640
0.998640
0.998640
0.998640
0.998640
0.998640
0.998640
0.998640
0.998640
0.998640
0.998640
0.998640
0.998640
0.998640
0.998640
0.998640
0.998640
0.998640
0.998640
0.998640
0.998640
0.998640
0.998640
0.998640
0.998640
0.998640
0.998640
0.998640
0.998640
0.998640
0.998640
0.998640
0.998640
0.998640
0.998640
0.998640
0.998640
0.998640
0.998640
0.998640
0.998640
0.998640
0.998640
0.998640
0.998640
0.998640
0.998640
0.998640
0.998640
0.998640
0.998640
0.998640
0.998640
0.998640
0.998640
0.998640
0.998640
0.998640
0.998640
0.998640
0.998640
0.998640
0.998640
0.998640
0.998640
0.998640
0.998640
0.998640
0.998640
0.998640
0.998640
0.998640
0.998640
0.998640
0.998640
0.998640
0.998640
0.998640
0.998640
0.998640
0.998640
0.998640
0.998640
0.998640
0.998640
0.998640
0.998640
0.998640
0.998640
0.998640
0.998640
0.998640
0.998640
0.998640
0.998640
0.998640
0.998640
0.998640
0.998640
0.998640
0.998640
0.998640
0.998640
0.998640
0.998640
0.998640
0.998640
0.998640
0.998640
0.998640
0.998640
0.998640
0.998640
0.998640
0.998640
0.998640
0.998640
0.998640
0.998640
0.998640
0.998640
0.998640
0.998640
0.998640
0.998640
0.998640
0.998640
0.998640
0.998640
0.998640
0.998640
0.998640
0.998640
0.998640
0.998640
0.998640
0.998640
0.998640
0.998640
0.998640
0.998640
0.998640
0.998640
0.998640
0.998640
0.998640
0.998640
0.998640
0.998640
0.998640
0.998640
0.998640
0.998640
0.998640
0.998640
0.998640
0.998640
0.998640
0.998640
0.998640
0.998640
0.998640
0.998640
0.998640
0.998640
0.998640
0.998640
0.998640
0.998640
0.998640
0.998640
0.998640
0.998640
0.998640
0.998640
0.998640
0.998640
0.998640
0.998640
0.998640
0.998640
0.998640
0.998640
0.998640
0.998640
0.998640
0.998640
0.998640
0.998640
0.998640
0.998640
0.998640
0.998640
0.998640
0.998640
0.998640
0.998640
