0.000000
0.004043
0.008092
0.012437
0.016919
0.025533
0.029957
0.033890
0.038365
0.043512
0.049513
0.056623
0.065343
0.077239
0.097031
0.133395
0.188814
0.241299
0.264227
0.269949
0.273159
0.275304
0.277376
0.279446
0.281515
0.283583
0.285649
0.287716
0.289781
0.291846
0.293912
0.295977
0.298043
0.300109
0.302176
0.304244
0.306313
0.308384
0.310456
0.312582
0.314494
0.316402
0.318312
0.320226
0.322144
0.324065
0.325990
0.327919
0.329853
0.331790
0.333732
0.335679
0.337630
0.339586
0.341546
0.343512
0.345483
0.347460
0.349441
0.351428
0.353421
0.355420
0.357424
0.359434
0.361450
0.363473
0.365502
0.367537
0.369578
0.371626
0.373681
0.375742
0.377810
0.379886
0.381968
0.384057
0.386153
0.388256
0.390367
0.392485
0.394610
0.396743
0.398883
0.401030
0.403186
0.405349
0.407519
0.409697
0.411883
0.414077
0.416278
0.418488
0.420705
0.422929
0.425162
0.427403
0.429651
0.431907
0.434171
0.436443
0.438723
0.441011
0.443306
0.445609
0.447920
0.450238
0.452564
0.454898
0.457239
0.459588
0.461944
0.464308
0.466679
0.469057
0.471443
0.473836
0.476235
0.478642
0.481056
0.483477
0.485904
0.488338
0.490779
0.493226
0.495679
0.498139
0.500605
0.503077
0.505555
0.508039
0.510528
0.513023
0.515523
0.518029
0.520540
0.523056
0.525577
0.528103
0.530633
0.533168
0.535707
0.538251
0.540798
0.543350
0.545905
0.548463
0.551026
0.553591
0.556159
0.558731
0.561305
0.563882
0.566461
0.569042
0.571626
0.574211
0.576798
0.579387
0.581977
0.584568
0.587161
0.589754
0.592347
0.594942
0.597536
0.600131
0.602725
0.605319
0.607913
0.610506
0.613098
0.615690
0.618280
0.620868
0.623455
0.626041
0.628624
0.631205
0.633784
0.636360
0.638934
0.641505
0.644072
0.646637
0.649198
0.651755
0.654309
0.656858
0.659404
0.661945
0.664481
0.667013
0.669540
0.672062
0.674579
0.677090
0.679596
0.682096
0.684590
0.687078
0.689560
0.692035
0.694504
0.696966
0.699422
0.701870
0.704311
0.706745
0.709171
0.711589
0.714000
0.716403
0.718798
0.721184
0.723562
0.725932
0.728293
0.730645
0.732988
0.735322
0.737647
0.739963
0.742269
0.744566
0.746853
0.749131
0.751398
0.753655
0.755903
0.758140
0.760366
0.762583
0.764788
0.766983
0.769168
0.771341
0.773504
0.775655
0.777796
0.779925
0.782043
0.784150
0.786245
0.788329
0.790401
0.792461
0.794510
0.796547
0.798572
0.800585
0.802586
0.804575
0.806552
0.808517
0.810470
0.812410
0.814338
0.816254
0.818157
0.820048
0.821927
0.823793
0.825646
0.827487
0.829316
0.831131
0.832934
0.834725
0.836502
0.838267
0.840019
0.841759
0.843485
0.845199
0.846901
0.848589
0.850264
0.851927
0.853577
0.855214
0.856839
0.858450
0.860049
0.861635
0.863208
0.864768
0.866316
0.867851
0.869373
0.870883
0.872379
0.873864
0.875335
0.876794
0.878240
0.879674
0.881095
0.882503
0.883900
0.885283
0.886654
0.888013
0.889360
0.890694
0.892016
0.893325
0.894623
0.895908
0.897181
0.898442
0.899691
0.900928
0.902153
0.903366
0.904568
0.905757
0.906935
0.908101
0.909256
0.910399
0.911530
0.912650
0.913759
0.914856
0.915942
0.917016
0.918080
0.919132
0.920173
0.921204
0.922223
0.923231
0.924229
0.925216
0.926192
0.927158
0.928113
0.929057
0.929992
0.930915
0.931829
0.932732
0.933625
0.934508
0.935381
0.936244
0.937098
0.937941
0.938775
0.939599
0.940413
0.941218
0.942013
0.942799
0.943576
0.944344
0.945102
0.945851
0.946592
0.947323
0.948045
0.948759
0.949464
0.950160
0.950847
0.951526
0.952197
0.952859
0.953513
0.954159
0.954797
0.955426
0.956048
0.956661
0.957267
0.957865
0.958455
0.959037
0.959612
0.960180
0.960740
0.961292
0.961838
0.962376
0.962907
0.963431
0.963947
0.964457
0.964960
0.965457
0.965946
0.966429
0.966905
0.967375
0.967838
0.968295
0.968745
0.969189
0.969627
0.970059
0.970485
0.970905
0.971319
0.971727
0.972129
0.972525
0.972916
0.973301
0.973681
0.974055
0.974424
0.974787
0.975145
0.975498
0.975845
0.976188
0.976525
0.976858
0.977185
0.977508
0.977826
0.978139
0.978447
0.978751
0.979050
0.979344
0.979634
0.979920
0.980201
0.980478
0.980751
0.981019
0.981283
0.981544
0.981800
0.982052
0.982300
0.982544
0.982785
0.983021
0.983254
0.983483
0.983709
0.983931
0.984149
0.984364
0.984575
0.984783
0.984988
0.985189
0.985387
0.985582
0.985774
0.985962
0.986148
0.986330
0.986509
0.986686
0.986859
0.987029
0.987197
0.987362
0.987524
0.987683
0.987840
0.987994
0.988145
0.988294
0.988440
0.988584
0.988726
0.988864
0.989001
0.989135
0.989267
0.989396
0.989524
0.989649
0.989771
0.989892
0.990011
0.990127
0.990242
0.990354
0.990465
0.990573
0.990680
0.990784
0.990887
0.990988
0.991087
0.991184
0.991280
0.991374
0.991466
0.991556
0.991645
0.991732
0.991818
0.991902
0.991984
0.992065
0.992144
0.992222
0.992299
0.992374
0.992448
0.992520
0.992591
0.992661
0.992729
0.992796
0.992862
0.992926
0.992989
0.993051
0.993112
0.993172
0.993231
0.993288
0.993344
0.993400
0.993454
0.993507
0.993559
0.993610
0.993660
0.993709
0.993758
0.993805
0.993851
0.993896
0.993941
0.993985
0.994027
0.994069
0.994110
0.994150
0.994190
0.994228
0.994266
0.994303
0.994340
0.994375
0.994410
0.994444
0.994478
0.994511
0.994543
0.994574
0.994605
0.994635
0.994665
0.994694
0.994722
0.994750
0.994777
0.994804
0.994830
0.994856
0.994881
0.994905
0.994929
0.994952
0.994975
0.994998
0.995020
0.995042
0.995063
0.995083
0.995103
0.995123
0.995143
0.995161
0.995180
0.995198
0.995216
0.995233
0.995250
0.995267
0.995283
0.995299
0.995314
0.995330
0.995345
0.995359
0.995373
0.995387
0.995401
0.995414
0.995427
0.995440
0.995452
0.995464
0.995476
0.995488
0.995499
0.995510
0.995521
0.995532
