0.000000
0.089475
0.203821
0.314773
0.194155
0.182202
0.198115
0.212788
0.226429
0.239223
0.251330
0.262885
0.273982
0.284704
0.295177
0.305550
0.316016
0.326938
0.339108
0.348283
0.353328
0.358052
0.362827
0.367654
0.372532
0.377460
0.382437
0.387463
0.392535
0.397654
0.402818
0.408026
0.413277
0.418569
0.423901
0.429272
0.434681
0.440125
0.445604
0.451286
0.456674
0.462109
0.467579
0.473081
0.478614
0.484174
0.489760
0.495370
0.501001
0.506651
0.512319
0.518002
0.523697
0.529403
0.535118
0.540839
0.546564
0.552292
0.558019
0.563743
0.569463
0.575176
0.580880
0.586573
0.592253
0.597917
0.603563
0.609190
0.614794
0.620375
0.625929
0.631456
0.636952
0.642416
0.647847
0.653242
0.658599
0.663916
0.669192
0.674426
0.679615
0.684757
0.689852
0.694898
0.699893
0.704836
0.709725
0.714560
0.719339
0.724061
0.728724
0.733328
0.737872
0.742355
0.746776
0.751134
0.755428
0.759658
0.763824
0.767923
0.771957
0.775925
0.779825
0.783659
0.787425
0.791124
0.794755
0.798318
0.801813
0.805241
0.808601
0.811893
0.815117
0.818275
0.821365
0.824389
0.827346
0.830237
0.833063
0.835824
0.838520
0.841152
0.843720
0.846226
0.848670
0.851052
0.853374
0.855635
0.857837
0.859981
0.862067
0.864096
0.866069
0.867986
0.869850
0.871660
0.873417
0.875123
0.876779
0.878384
0.879941
0.881450
0.882913
0.884329
0.885700
0.887027
0.888312
0.889554
0.890755
0.891916
0.893038
0.894121
0.895167
0.896177
0.897152
0.898091
0.898998
0.899871
0.900713
0.901524
0.902305
0.903056
0.903779
0.904475
0.905144
0.905787
0.906405
0.906999
0.907569
0.908116
0.908641
0.909145
0.909628
0.910092
0.910536
0.910961
0.911368
0.911759
0.912132
0.912489
0.912831
0.913158
0.913470
0.913768
0.914053
0.914326
0.914585
0.914833
0.915070
0.915296
0.915511
0.915716
0.915911
0.916097
0.916274
0.916443
0.916603
0.916756
0.916901
0.917039
0.917170
0.917294
0.917412
0.917525
0.917631
0.917732
0.917828
0.917919
0.918005
0.918087
0.918164
0.918238
0.918307
0.918372
0.918435
0.918493
0.918549
0.918601
0.918651
0.918698
0.918742
0.918784
0.918823
0.918860
0.918895
0.918928
0.918959
0.918989
0.919016
0.919042
0.919067
0.919090
0.919112
0.919132
0.919151
0.919169
0.919186
0.919202
0.919217
0.919231
0.919244
0.919257
0.919268
0.919279
0.919289
0.919299
0.919308
0.919316
0.919324
0.919331
0.919338
0.919344
0.919350
0.919356
0.919361
0.919366
0.919371
0.919375
0.919379
0.919383
0.919386
0.919389
0.919392
0.919395
0.919398
0.919400
0.919402
0.919404
0.919406
0.919408
0.919410
0.919412
0.919413
0.919414
0.919416
0.919417
0.919418
0.919419
0.919420
0.919421
0.919421
0.919422
0.919423
0.919424
0.919424
0.919425
0.919425
0.919426
0.919426
0.919427
0.919427
0.919427
0.919428
0.919428
0.919428
0.919428
0.919429
0.919429
0.919429
0.919429
0.919429
0.919430
0.919430
0.919430
0.919430
0.919430
0.919430
0.919430
0.919430
0.919430
0.919430
0.919431
0.919431
0.919431
0.919431
0.919431
0.919431
0.919431
0.919431
0.919431
0.919431
0.919431
0.919431
0.919431
0.919431
0.919431
0.919431
0.919431
0.919431
0.919431
0.919431
0.919431
0.919431
0.919431
0.919431
0.919431
0.919431
0.919431
0.919431
0.919431
0.919431
0.919431
0.919431
0.919431
0.919431
0.919431
0.919431
0.919431
0.919431
0.919431
0.919431
0.919431
0.919431
0.919431
0.919431
0.919431
0.919431
0.919431
0.919431
0.919431
0.919431
0.919431
0.919431
0.919431
0.919431
0.919431
0.919431
0.919431
0.919431
0.919431
0.919431
0.919431
0.919431
0.919431
0.919431
0.919431
0.919431
0.919431
0.919431
0.919431
0.919431
0.919431
0.919431
0.919431
0.919431
0.919431
0.919431
0.919431
0.919431
0.919431
0.919431
0.919431
0.919431
0.919431
0.919431
0.919431
0.919431
0.919431
0.919431
0.919431
0.919431
0.919431
0.919431
0.919431
0.919431
0.919431
0.919431
0.919431
0.919431
0.919431
0.919431
0.919431
0.919431
0.919431
0.919431
0.919431
0.919431
0.919431
0.919431
0.919431
0.919431
0.919431
0.919431
0.919431
0.919431
0.919431
0.919431
0.919431
0.919431
0.919431
0.919431
0.919431
0.919431
0.919431
0.919431
0.919431
0.919431
0.919431
0.919431
0.919431
0.919431
0.919431
0.919431
0.919431
0.919431
0.919431
0.919431
0.919431
0.919431
0.919431
0.919431
0.919431
0.919431
0.919431
0.919431
0.919431
0.919431
0.919431
0.919431
0.919431
0.919431
0.919431
0.919431
0.919431
0.919431
0.919431
0.919431
0.919431
0.919431
0.919431
0.919431
0.919431
0.919431
0.919431
0.919431
0.919431
0.919431
0.919431
0.919431
0.919431
0.919431
0.919431
0.919431
0.919431
0.919431
0.919431
0.919431
0.919431
0.919431
0.919431
0.919431
0.919431
0.919431
0.919431
0.919431
0.919431
0.919431
0.919431
0.919431
0.919431
0.919431
0.919431
0.919431
0.919431
0.919431
0.919431
0.919431
0.919431
0.919431
0.919431
0.919431
0.919431
0.919431
0.919431
0.919431
0.919431
0.919431
0.919431
0.919431
0.919431
0.919431
0.919431
0.919431
0.919431
0.919431
0.919431
0.919431
0.919431
0.919431
0.919431
0.919431
0.919431
0.919431
0.919431
0.919431
0.919431
0.919431
0.919431
0.919431
0.919431
0.919431
0.919431
0.919431
0.919431
0.919431
0.919431
0.919431
0.919431
0.919431
0.919431
0.919431
0.919431
0.919431
0.919431
0.919431
0.919431
0.919431
0.919431
0.919431
0.919431
0.919431
0.919431
0.919431
0.919431
0.919431
0.919431
0.919431
0.919431
0.919431
0.919431
0.919431
0.919431
0.919431
0.919431
0.919431
0.919431
0.919431
0.919431
0.919431
0.919431
0.919431
0.919431
0.919431
0.919431
0.919431
0.919431
0.919431
0.919431
0.919431
0.919431
0.919431
0.919431
0.919431
0.919431
0.919431
0.919431
0.919431
0.919431
0.919431
0.919431
