0.000000
0.011400
0.023628
0.038772
0.046147
0.053223
0.060977
0.069543
0.079084
0.089792
0.101942
0.116001
0.132772
0.153435
0.179097
0.209618
0.241905
0.269173
0.283641
0.283131
0.275821
0.272250
0.273193
0.275131
0.277111
0.279088
0.281062
0.283031
0.284996
0.286958
0.288916
0.290870
0.292820
0.294766
0.296709
0.298649
0.300585
0.302517
0.304446
0.306409
0.308163
0.309920
0.311677
0.313431
0.315183
0.316933
0.318680
0.320426
0.322169
0.323910
0.325650
0.327388
0.329123
0.330857
0.332589
0.334320
0.336048
0.337776
0.339501
0.341225
0.342948
0.344669
0.346389
0.348108
0.349825
0.351541
0.353256
0.354970
0.356683
0.358394
0.360105
0.361815
0.363524
0.365232
0.366939
0.368646
0.370352
0.372057
0.373762
0.375466
0.377169
0.378873
0.380575
0.382278
0.383979
0.385681
0.387382
0.389084
0.390785
0.392485
0.394186
0.395887
0.397587
0.399288
0.400989
0.402689
0.404390
0.406091
0.407792
0.409493
0.411195
0.412897
0.414599
0.416301
0.418004
0.419707
0.421411
0.423115
0.424819
0.426524
0.428230
0.429936
0.431642
0.433349
0.435057
0.436765
0.438474
0.440184
0.441894
0.443605
0.445316
0.447028
0.448741
0.450455
0.452170
0.453885
0.455601
0.457318
0.459035
0.460753
0.462473
0.464192
0.465913
0.467635
0.469357
0.471080
0.472804
0.474529
0.476254
0.477981
0.479708
0.481436
0.483165
0.484894
0.486625
0.488356
0.490088
0.491821
0.493554
0.495288
0.497023
0.498759
0.500496
0.502233
0.503970
0.505709
0.507448
0.509188
0.510928
0.512669
0.514411
0.516153
0.517896
0.519639
0.521383
0.523127
0.524872
0.526617
0.528363
0.530109
0.531855
0.533602
0.535349
0.537096
0.538844
0.540592
0.542340
0.544088
0.545837
0.547585
0.549334
0.551082
0.552831
0.554580
0.556329
0.558077
0.559826
0.561574
0.563322
0.565070
0.566818
0.568565
0.570312
0.572059
0.573806
0.575552
0.577297
0.579042
0.580787
0.582531
0.584274
0.586017
0.587759
0.589500
0.591240
0.592980
0.594719
0.596457
0.598193
0.599929
0.601664
0.603398
0.605131
0.606863
0.608593
0.610323
0.612051
0.613777
0.615503
0.617227
0.618949
0.620670
0.622390
0.624108
0.625824
0.627539
0.629252
0.630963
0.632672
0.634380
0.636086
0.637790
0.639492
0.641192
0.642889
0.644585
0.646279
0.647971
0.649660
0.651347
0.653032
0.654714
0.656394
0.658072
0.659747
0.661420
0.663090
0.664758
0.666423
0.668085
0.669744
0.671401
0.673055
0.674706
0.676355
0.678000
0.679642
0.681282
0.682918
0.684552
0.686182
0.687809
0.689433
0.691053
0.692671
0.694285
0.695895
0.697503
0.699107
0.700707
0.702304
0.703897
0.705487
0.707074
0.708656
0.710235
0.711810
0.713382
0.714949
0.716513
0.718073
0.719629
0.721182
0.722730
0.724274
0.725814
0.727351
0.728883
0.730411
0.731935
0.733454
0.734970
0.736481
0.737988
0.739491
0.740989
0.742483
0.743973
0.745458
0.746939
0.748415
0.749887
0.751354
0.752817
0.754275
0.755729
0.757178
0.758622
0.760062
0.761497
0.762927
0.764353
0.765774
0.767190
0.768601
0.770007
0.771409
0.772805
0.774197
0.775584
0.776966
0.778343
0.779715
0.781082
0.782444
0.783800
0.785152
0.786499
0.787841
0.789178
0.790509
0.791835
0.793157
0.794473
0.795784
0.797089
0.798390
0.799685
0.800975
0.802260
0.803540
0.804814
0.806083
0.807347
0.808605
0.809859
0.811106
0.812349
0.813586
0.814818
0.816044
0.817265
0.818481
0.819691
0.820896
0.822096
0.823290
0.824478
0.825662
0.826840
0.828012
0.829179
0.830341
0.831497
0.832647
0.833793
0.834932
0.836067
0.837195
0.838319
0.839437
0.840549
0.841656
0.842758
0.843854
0.844944
0.846029
0.847109
0.848183
0.849252
0.850315
0.851373
0.852425
0.853472
0.854513
0.855549
0.856580
0.857605
0.858624
0.859638
0.860647
0.861650
0.862648
0.863641
0.864627
0.865609
0.866585
0.867556
0.868521
0.869481
0.870436
0.871385
0.872329
0.873267
0.874200
0.875128
0.876050
0.876967
0.877879
0.878785
0.879686
0.880582
0.881473
0.882358
0.883238
0.884112
0.884982
0.885846
0.886705
0.887559
0.888407
0.889251
0.890089
0.890922
0.891750
0.892572
0.893390
0.894202
0.895010
0.895812
0.896609
0.897401
0.898188
0.898970
0.899747
0.900519
0.901286
0.902048
0.902805
0.903557
0.904304
0.905047
0.905784
0.906516
0.907244
0.907966
0.908684
0.909397
0.910105
0.910808
0.911507
0.912201
0.912890
0.913574
0.914253
0.914928
0.915598
0.916264
0.916925
0.917581
0.918232
0.918879
0.919522
0.920160
0.920793
0.921422
0.922046
0.922665
0.923281
0.923892
0.924498
0.925100
0.925697
0.926290
0.926879
0.927464
0.928044
0.928619
0.929191
0.929758
0.930321
0.930880
0.931434
0.931985
0.932531
0.933073
0.933611
0.934144
0.934674
0.935199
0.935721
0.936238
0.936752
0.937261
0.937767
0.938268
0.938766
0.939259
0.939749
0.940235
0.940717
0.941195
0.941669
0.942139
0.942606
0.943069
0.943528
0.943984
0.944435
0.944883
0.945328
0.945768
0.946206
0.946639
0.947069
0.947495
0.947918
0.948337
0.948753
0.949165
0.949574
0.949980
0.950382
0.950780
0.951175
0.951567
0.951955
0.952341
0.952722
0.953101
0.953476
0.953848
0.954217
0.954583
0.954945
0.955304
0.955660
0.956013
0.956363
0.956710
0.957053
0.957394
0.957732
0.958066
0.958398
0.958726
0.959052
0.959375
0.959694
0.960011
0.960325
0.960636
0.960945
0.961250
0.961553
0.961853
0.962150
0.962444
0.962736
0.963025
0.963311
0.963595
0.963876
0.964154
0.964430
0.964703
0.964974
0.965242
0.965507
0.965770
0.966031
0.966288
0.966544
0.966797
0.967048
0.967296
0.967541
0.967785
0.968026
0.968265
0.968501
0.968735
0.968967
0.969196
0.969423
0.969648
0.969871
0.970092
0.970310
0.970526
0.970740
0.970952
0.971162
0.971370
0.971575
0.971779
0.971980
0.972180
0.972377
0.972572
