0.000000
0.022340
0.045695
0.071995
0.106667
0.150448
0.191673
0.219177
0.233313
0.241052
0.248211
0.257599
0.261471
0.263456
0.265433
0.267404
0.269369
0.271328
0.273280
0.275227
0.277167
0.279102
0.281030
0.282952
0.284868
0.286779
0.288683
0.290582
0.292476
0.294363
0.296245
0.298122
0.299993
0.301859
0.303719
0.305575
0.307425
0.309270
0.311110
0.312988
0.314667
0.316340
0.318009
0.319674
0.321335
0.322991
0.324644
0.326292
0.327937
0.329577
0.331213
0.332846
0.334474
0.336098
0.337719
0.339335
0.340948
0.342557
0.344162
0.345763
0.347360
0.348953
0.350543
0.352129
0.353710
0.355289
0.356863
0.358434
0.360001
0.361564
0.363124
0.364680
0.366232
0.367781
0.369326
0.370868
0.372406
0.373940
0.375471
0.376998
0.378522
0.380042
0.381559
0.383073
0.384583
0.386089
0.387592
0.389092
0.390588
0.392081
0.393570
0.395057
0.396540
0.398019
0.399496
0.400969
0.402439
0.403905
0.405369
0.406829
0.408286
0.409740
0.411190
0.412638
0.414083
0.415524
0.416962
0.418398
0.419830
0.421259
0.422685
0.424109
0.425529
0.426946
0.428361
0.429772
0.431181
0.432587
0.433989
0.435389
0.436787
0.438181
0.439573
0.440962
0.442348
0.443731
0.445112
0.446490
0.447865
0.449238
0.450608
0.451975
0.453340
0.454702
0.456062
0.457419
0.458773
0.460125
0.461475
0.462822
0.464167
0.465509
0.466849
0.468186
0.469521
0.470854
0.472184
0.473512
0.474838
0.476161
0.477482
0.478801
0.480117
0.481432
0.482744
0.484054
0.485362
0.486668
0.487971
0.489273
0.490572
0.491870
0.493165
0.494458
0.495749
0.497039
0.498326
0.499611
0.500895
0.502176
0.503456
0.504734
0.506010
0.507284
0.508556
0.509826
0.511095
0.512362
0.513627
0.514890
0.516152
0.517411
0.518670
0.519926
0.521181
0.522435
0.523686
0.524936
0.526185
0.527432
0.528677
0.529921
0.531164
0.532405
0.533644
0.534882
0.536119
0.537354
0.538588
0.539820
0.541051
0.542281
0.543509
0.544736
0.545962
0.547186
0.548410
0.549632
0.550852
0.552072
0.553290
0.554507
0.555723
0.556938
0.558152
0.559364
0.560576
0.561786
0.562995
0.564204
0.565411
0.566617
0.567822
0.569026
0.570230
0.571432
0.572633
0.573834
0.575033
0.576232
0.577429
0.578626
0.579822
0.581017
0.582211
0.583404
0.584597
0.585789
0.586980
0.588170
0.589360
0.590548
0.591736
0.592924
0.594110
0.595296
0.596481
0.597666
0.598850
0.600033
0.601215
0.602397
0.603579
0.604759
0.605940
0.607119
0.608298
0.609477
0.610654
0.611832
0.613009
0.614185
0.615361
0.616536
0.617711
0.618885
0.620059
0.621232
0.622405
0.623577
0.624749
0.625921
0.627092
0.628263
0.629433
0.630603
0.631772
0.632941
0.634110
0.635278
0.636446
0.637614
0.638781
0.639948
0.641114
0.642280
0.643446
0.644611
0.645777
0.646941
0.648106
0.649270
0.650434
0.651597
0.652760
0.653923
0.655085
0.656248
0.657410
0.658571
0.659732
0.660893
0.662054
0.663214
0.664374
0.665534
0.666694
0.667853
0.669012
0.670170
0.671328
0.672486
0.673644
0.674801
0.675958
0.677115
0.678271
0.679427
0.680583
0.681738
0.682894
0.684048
0.685203
0.686357
0.687511
0.688664
0.689817
0.690970
0.692122
0.693274
0.694426
0.695577
0.696728
0.697878
0.699028
0.700178
0.701327
0.702476
0.703624
0.704772
0.705920
0.707067
0.708214
0.709360
0.710505
0.711651
0.712795
0.713939
0.715083
0.716226
0.717369
0.718511
0.719652
0.720793
0.721934
0.723074
0.724213
0.725351
0.726489
0.727627
0.728763
0.729899
0.731034
0.732169
0.733303
0.734436
0.735569
0.736700
0.737831
0.738961
0.740091
0.741219
0.742347
0.743474
0.744600
0.745725
0.746850
0.747973
0.749096
0.750217
0.751338
0.752458
0.753576
0.754694
0.755811
0.756926
0.758041
0.759155
0.760267
0.761378
0.762489
0.763598
0.764706
0.765812
0.766918
0.768022
0.769125
0.770227
0.771327
0.772427
0.773525
0.774621
0.775716
0.776810
0.777903
0.778994
0.780083
0.781171
0.782258
0.783343
0.784427
0.785509
0.786589
0.787668
0.788746
0.789821
0.790895
0.791968
0.793038
0.794107
0.795174
0.796240
0.797304
0.798365
0.799425
0.800484
0.801540
0.802594
0.803647
0.804697
0.805746
0.806792
0.807837
0.808879
0.809920
0.810958
0.811994
0.813029
0.814061
0.815090
0.816118
0.817144
0.818167
0.819188
0.820206
0.821223
0.822237
0.823248
0.824258
0.825264
0.826269
0.827271
0.828270
0.829267
0.830262
0.831254
0.832243
0.833230
0.834215
0.835196
0.836175
0.837151
0.838125
0.839096
0.840064
0.841030
0.841992
0.842952
0.843909
0.844863
0.845814
0.846763
0.847708
0.848651
0.849590
0.850527
0.851461
0.852391
0.853319
0.854243
0.855165
0.856083
0.856999
0.857911
0.858820
0.859725
0.860628
0.861527
0.862423
0.863316
0.864206
0.865092
0.865975
0.866855
0.867731
0.868604
0.869474
0.870340
0.871203
0.872062
0.872918
0.873770
0.874619
0.875465
0.876307
0.877145
0.877980
0.878811
0.879639
0.880463
0.881283
0.882100
0.882914
0.883723
0.884529
0.885331
0.886130
0.886925
0.887716
0.888503
0.889287
0.890067
0.890843
0.891615
0.892384
0.893149
0.893910
0.894667
0.895420
0.896169
0.896915
0.897657
0.898394
0.899128
0.899858
0.900585
0.901307
0.902025
0.902739
0.903450
0.904156
0.904859
0.905558
0.906252
0.906943
0.907630
0.908312
0.908991
0.909666
0.910336
0.911003
0.911666
0.912325
0.912979
0.913630
0.914277
0.914919
0.915558
0.916193
0.916823
0.917450
0.918072
0.918691
0.919305
0.919916
0.920522
0.921125
0.921723
0.922317
0.922907
0.923494
0.924076
0.924654
0.925228
0.925798
0.926364
0.926926
0.927484
0.928039
0.928589
0.929135
0.929677
0.930215
0.930749
0.931279
0.931805
0.932327
0.932845
0.933359
0.933869
0.934376
0.934878
0.935376
0.935871
0.936361
0.936848
0.937331
0.937809
0.938284
0.938755
