0.000000
0.004921
0.009517
0.013977
0.018426
0.022953
0.027644
0.032586
0.037859
0.043553
0.049768
0.056620
0.064236
0.072769
0.082424
0.093474
0.106263
0.121234
0.139072
0.160813
0.187995
0.223233
0.271405
0.341946
0.455145
0.642795
0.848581
0.930318
0.939732
0.941190
0.942480
0.943782
0.945087
0.946392
0.947689
0.948976
0.950249
0.951506
0.952737
0.953949
0.955141
0.956310
0.957456
0.958577
0.959674
0.960744
0.961788
0.962804
0.963793
0.964755
0.965688
0.966594
0.967472
0.968322
0.969144
0.969938
0.970706
0.971446
0.972160
0.972847
0.973509
0.974145
0.974756
0.975343
0.975906
0.976446
0.976963
0.977458
0.977932
0.978384
0.978816
0.979229
0.979623
0.979998
0.980356
0.980696
0.981020
0.981328
0.981620
0.981898
0.982162
0.982412
0.982649
0.982873
0.983086
0.983287
0.983478
0.983657
0.983827
0.983988
0.984139
0.984282
0.984416
0.984543
0.984663
0.984775
0.984881
0.984980
0.985074
0.985161
0.985244
0.985321
0.985394
0.985462
0.985526
0.985585
0.985641
0.985693
0.985742
0.985788
0.985831
0.985871
0.985908
0.985943
0.985976
0.986006
0.986034
0.986061
0.986085
0.986108
0.986129
0.986149
0.986167
0.986185
0.986201
0.986215
0.986229
0.986242
0.986254
0.986265
0.986275
0.986284
0.986293
0.986301
0.986309
0.986316
0.986322
0.986328
0.986333
0.986338
0.986343
0.986348
0.986352
0.986355
0.986359
0.986362
0.986365
0.986367
0.986370
0.986372
0.986374
0.986376
0.986378
0.986380
0.986381
0.986382
0.986384
0.986385
0.986386
0.986387
0.986388
0.986389
0.986390
0.986390
0.986391
0.986391
0.986392
0.986392
0.986393
0.986393
0.986394
0.986394
0.986394
0.986395
0.986395
0.986395
0.986395
0.986396
0.986396
0.986396
0.986396
0.986396
0.986396
0.986397
0.986397
0.986397
0.986397
0.986397
0.986397
0.986397
0.986397
0.986397
0.986397
0.986397
0.986397
0.986397
0.986397
0.986397
0.986397
0.986398
0.986398
0.986398
0.986398
0.986398
0.986398
0.986398
0.986398
0.986398
0.986398
0.986398
0.986398
0.986398
0.986398
0.986398
0.986398
0.986398
0.986398
0.986398
0.986398
0.986398
0.986398
0.986398
0.986398
0.986398
0.986398
0.986398
0.986398
0.986398
0.986398
0.986398
0.986398
0.986398
0.986398
0.986398
0.986398
0.986398
0.986398
0.986398
0.986398
0.986398
0.986398
0.986398
0.986398
0.986398
0.986398
0.986398
0.986398
0.986398
0.986398
0.986398
0.986398
0.986398
0.986398
0.986398
0.986398
0.986398
0.986398
0.986398
0.986398
0.986398
0.986398
0.986398
0.986398
0.986398
0.986398
0.986398
0.986398
0.986398
0.986398
0.986398
0.986398
0.986398
0.986398
0.986398
0.986398
0.986398
0.986398
0.986398
0.986398
0.986398
0.986398
0.986398
0.986398
0.986398
0.986398
0.986398
0.986398
0.986398
0.986398
0.986398
0.986398
0.986398
0.986398
0.986398
0.986398
0.986398
0.986398
0.986398
0.986398
0.986398
0.986398
0.986398
0.986398
0.986398
0.986398
0.986398
0.986398
0.986398
0.986398
0.986398
0.986398
0.986398
0.986398
0.986398
0.986398
0.986398
0.986398
0.986398
0.986398
0.986398
0.986398
0.986398
0.986398
0.986398
0.986398
0.986398
0.986398
0.986398
0.986398
0.986398
0.986398
0.986398
0.986398
0.986398
0.986398
0.986398
0.986398
0.986398
0.986398
0.986398
0.986398
0.986398
0.986398
0.986398
0.986398
0.986398
0.986398
0.986398
0.986398
0.986398
0.986398
0.986398
0.986398
0.986398
0.986398
0.986398
0.986398
0.986398
0.986398
0.986398
0.986398
0.986398
0.986398
0.986398
0.986398
0.986398
0.986398
0.986398
0.986398
0.986398
0.986398
0.986398
0.986398
0.986398
0.986398
0.986398
0.986398
0.986398
0.986398
0.986398
0.986398
0.986398
0.986398
0.986398
0.986398
0.986398
0.986398
0.986398
0.986398
0.986398
0.986398
0.986398
0.986398
0.986398
0.986398
0.986398
0.986398
0.986398
0.986398
0.986398
0.986398
0.986398
0.986398
0.986398
0.986398
0.986398
0.986398
0.986398
0.986398
0.986398
0.986398
0.986398
0.986398
0.986398
0.986398
0.986398
0.986398
0.986398
0.986398
0.986398
0.986398
0.986398
0.986398
0.986398
0.986398
0.986398
0.986398
0.986398
0.986398
0.986398
0.986398
0.986398
0.986398
0.986398
0.986398
0.986398
0.986398
0.986398
0.986398
0.986398
0.986398
0.986398
0.986398
0.986398
0.986398
0.986398
0.986398
0.986398
0.986398
0.986398
0.986398
0.986398
0.986398
0.986398
0.986398
0.986398
0.986398
0.986398
0.986398
0.986398
0.986398
0.986398
0.986398
0.986398
0.986398
0.986398
0.986398
0.986398
0.986398
0.986398
0.986398
0.986398
0.986398
0.986398
0.986398
0.986398
0.986398
0.986398
0.986398
0.986398
0.986398
0.986398
0.986398
0.986398
0.986398
0.986398
0.986398
0.986398
0.986398
0.986398
0.986398
0.986398
0.986398
0.986398
0.986398
0.986398
0.986398
0.986398
0.986398
0.986398
0.986398
0.986398
0.986398
0.986398
0.986398
0.986398
0.986398
0.986398
0.986398
0.986398
0.986398
0.986398
0.986398
0.986398
0.986398
0.986398
0.986398
0.986398
0.986398
0.986398
0.986398
0.986398
0.986398
0.986398
0.986398
0.986398
0.986398
0.986398
0.986398
0.986398
0.986398
0.986398
0.986398
0.986398
0.986398
0.986398
0.986398
0.986398
0.986398
0.986398
0.986398
0.986398
0.986398
0.986398
0.986398
0.986398
0.986398
0.986398
0.986398
0.986398
0.986398
0.986398
0.986398
0.986398
0.986398
0.986398
0.986398
0.986398
0.986398
0.986398
0.986398
0.986398
0.986398
0.986398
0.986398
0.986398
0.986398
0.986398
0.986398
0.986398
0.986398
0.986398
0.986398
0.986398
0.986398
0.986398
0.986398
0.986398
0.986398
0.986398
0.986398
0.986398
0.986398
0.986398
0.986398
0.986398
0.986398
0.986398
0.986398
0.986398
0.986398
0.986398
0.986398
0.986398
0.986398
0.986398
0.986398
0.986398
0.986398
0.986398
