0.000000
0.089260
0.181541
0.160378
0.099452
0.109075
0.123903
0.137379
0.149738
0.161177
0.171865
0.181939
0.191494
0.200620
0.209445
0.218120
0.226837
0.235977
0.246307
0.253199
0.256209
0.258948
0.261706
0.264484
0.267282
0.270100
0.272939
0.275799
0.278680
0.281582
0.284506
0.287452
0.290420
0.293411
0.296424
0.299460
0.302520
0.305603
0.308709
0.311897
0.314852
0.317854
0.320883
0.323940
0.327024
0.330135
0.333273
0.336437
0.339628
0.342846
0.346091
0.349362
0.352660
0.355985
0.359335
0.362713
0.366116
0.369545
0.373000
0.376481
0.379987
0.383518
0.387075
0.390656
0.394261
0.397891
0.401545
0.405222
0.408923
0.412646
0.416392
0.420160
0.423949
0.427760
0.431591
0.435443
0.439315
0.443206
0.447116
0.451044
0.454990
0.458954
0.462933
0.466929
0.470941
0.474967
0.479007
0.483061
0.487128
0.491207
0.495298
0.499399
0.503511
0.507632
0.511762
0.515900
0.520046
0.524197
0.528355
0.532518
0.536685
0.540855
0.545028
0.549203
0.553379
0.557555
0.561731
0.565906
0.570079
0.574248
0.578414
0.582576
0.586732
0.590882
0.595026
0.599161
0.603288
0.607406
0.611514
0.615610
0.619695
0.623768
0.627827
0.631872
0.635903
0.639918
0.643916
0.647898
0.651862
0.655807
0.659733
0.663639
0.667525
0.671389
0.675231
0.679051
0.682848
0.686620
0.690368
0.694091
0.697788
0.701458
0.705102
0.708718
0.712306
0.715866
0.719397
0.722898
0.726369
0.729809
0.733219
0.736597
0.739944
0.743258
0.746540
0.749788
0.753004
0.756185
0.759333
0.762447
0.765526
0.768570
0.771579
0.774553
0.777492
0.780394
0.783261
0.786092
0.788887
0.791645
0.794367
0.797052
0.799701
0.802313
0.804888
0.807427
0.809929
0.812394
0.814822
0.817214
0.819569
0.821887
0.824169
0.826414
0.828623
0.830796
0.832932
0.835033
0.837097
0.839126
0.841120
0.843078
0.845001
0.846890
0.848743
0.850563
0.852348
0.854099
0.855816
0.857500
0.859151
0.860769
0.862355
0.863908
0.865430
0.866920
0.868379
0.869806
0.871204
0.872571
0.873908
0.875215
0.876494
0.877744
0.878965
0.880158
0.881324
0.882462
0.883574
0.884658
0.885717
0.886750
0.887758
0.888741
0.889699
0.890634
0.891544
0.892431
0.893295
0.894137
0.894957
0.895754
0.896531
0.897286
0.898021
0.898736
0.899431
0.900107
0.900763
0.901401
0.902021
0.902623
0.903207
0.903775
0.904325
0.904859
0.905378
0.905880
0.906367
0.906840
0.907298
0.907741
0.908171
0.908587
0.908990
0.909379
0.909757
0.910122
0.910475
0.910816
0.911147
0.911466
0.911774
0.912072
0.912360
0.912637
0.912906
0.913164
0.913414
0.913655
0.913887
0.914111
0.914327
0.914535
0.914736
0.914929
0.915115
0.915294
0.915466
0.915632
0.915792
0.915945
0.916092
0.916234
0.916370
0.916501
0.916627
0.916748
0.916864
0.916975
0.917082
0.917184
0.917282
0.917377
0.917467
0.917553
0.917636
0.917716
0.917792
0.917865
0.917934
0.918001
0.918065
0.918125
0.918184
0.918239
0.918293
0.918344
0.918392
0.918438
0.918483
0.918525
0.918565
0.918604
0.918640
0.918675
0.918709
0.918740
0.918770
0.918799
0.918827
0.918853
0.918877
0.918901
0.918923
0.918945
0.918965
0.918984
0.919002
0.919020
0.919036
0.919052
0.919067
0.919081
0.919094
0.919107
0.919119
0.919130
0.919141
0.919151
0.919161
0.919170
0.919179
0.919187
0.919195
0.919202
0.919209
0.919215
0.919221
0.919227
0.919233
0.919238
0.919243
0.919247
0.919252
0.919256
0.919260
0.919263
0.919267
0.919270
0.919273
0.919276
0.919279
0.919281
0.919283
0.919286
0.919288
0.919290
0.919292
0.919293
0.919295
0.919297
0.919298
0.919299
0.919301
0.919302
0.919303
0.919304
0.919305
0.919306
0.919307
0.919307
0.919308
0.919309
0.919309
0.919310
0.919311
0.919311
0.919312
0.919312
0.919313
0.919313
0.919313
0.919314
0.919314
0.919314
0.919315
0.919315
0.919315
0.919315
0.919316
0.919316
0.919316
0.919316
0.919316
0.919316
0.919317
0.919317
0.919317
0.919317
0.919317
0.919317
0.919317
0.919317
0.919317
0.919317
0.919317
0.919318
0.919318
0.919318
0.919318
0.919318
0.919318
0.919318
0.919318
0.919318
0.919318
0.919318
0.919318
0.919318
0.919318
0.919318
0.919318
0.919318
0.919318
0.919318
0.919318
0.919318
0.919318
0.919318
0.919318
0.919318
0.919318
0.919318
0.919318
0.919318
0.919318
0.919318
0.919318
0.919318
0.919318
0.919318
0.919318
0.919318
0.919318
0.919318
0.919318
0.919318
0.919318
0.919318
0.919318
0.919318
0.919318
0.919318
0.919318
0.919318
0.919318
0.919318
0.919318
0.919318
0.919318
0.919318
0.919318
0.919318
0.919318
0.919318
0.919318
0.919318
0.919318
0.919318
0.919318
0.919318
0.919318
0.919318
0.919318
0.919318
0.919318
0.919318
0.919318
0.919318
0.919318
0.919318
0.919318
0.919318
0.919318
0.919318
0.919318
0.919318
0.919318
0.919318
0.919318
0.919318
0.919318
0.919318
0.919318
0.919318
0.919318
0.919318
0.919318
0.919318
0.919318
0.919318
0.919318
0.919318
0.919318
0.919318
0.919318
0.919318
0.919318
0.919318
0.919318
0.919318
0.919318
0.919318
0.919318
0.919318
0.919318
0.919318
0.919318
0.919318
0.919318
0.919318
0.919318
0.919318
0.919318
0.919318
0.919318
0.919318
0.919318
0.919318
0.919318
0.919318
0.919318
0.919318
0.919318
0.919318
0.919318
0.919318
0.919318
0.919318
0.919318
0.919318
0.919318
0.919318
0.919318
0.919318
0.919318
0.919318
0.919318
0.919318
0.919318
0.919318
0.919318
0.919318
0.919318
0.919318
0.919318
0.919318
0.919318
0.919318
0.919318
0.919318
0.919318
0.919318
0.919318
0.919318
0.919318
0.919318
0.919318
0.919318
0.919318
0.919318
0.919318
0.919318
0.919318
0.919318
0.919318
0.919318
0.919318
0.919318
0.919318
0.919318
0.919318
0.919318
0.919318
0.919318
0.919318
0.919318
0.919318
0.919318
