0.000000
0.008177
0.016694
0.024257
0.034631
0.047778
0.073297
0.144899
0.226163
0.250136
0.260130
0.263874
0.267104
0.270953
0.275918
0.278394
0.280650
0.282914
0.285185
0.287461
0.289742
0.292028
0.294319
0.296615
0.298915
0.301220
0.303531
0.305847
0.308169
0.310498
0.312834
0.315177
0.317528
0.319888
0.322256
0.324633
0.327020
0.329417
0.331824
0.334310
0.336571
0.338833
0.341108
0.343396
0.345697
0.348013
0.350342
0.352684
0.355041
0.357413
0.359799
0.362199
0.364614
0.367044
0.369489
0.371949
0.374425
0.376915
0.379422
0.381943
0.384481
0.387034
0.389603
0.392188
0.394789
0.397405
0.400038
0.402687
0.405352
0.408032
0.410729
0.413442
0.416171
0.418916
0.421677
0.424454
0.427247
0.430056
0.432880
0.435720
0.438576
0.441447
0.444334
0.447236
0.450153
0.453085
0.456032
0.458994
0.461971
0.464962
0.467968
0.470987
0.474021
0.477068
0.480129
0.483203
0.486290
0.489390
0.492503
0.495629
0.498766
0.501915
0.505076
0.508249
0.511432
0.514627
0.517831
0.521047
0.524272
0.527506
0.530750
0.534003
0.537265
0.540534
0.543812
0.547098
0.550390
0.553690
0.556996
0.560309
0.563627
0.566951
0.570280
0.573613
0.576951
0.580293
0.583638
0.586987
0.590338
0.593692
0.597047
0.600404
0.603763
0.607122
0.610481
0.613841
0.617199
0.620557
0.623914
0.627269
0.630622
0.633973
0.637320
0.640664
0.644005
0.647341
0.650673
0.654000
0.657321
0.660637
0.663946
0.667249
0.670545
0.673834
0.677115
0.680388
0.683652
0.686907
0.690153
0.693390
0.696616
0.699832
0.703038
0.706232
0.709415
0.712585
0.715744
0.718890
0.722024
0.725144
0.728251
0.731344
0.734422
0.737486
0.740536
0.743570
0.746589
0.749593
0.752580
0.755551
0.758506
0.761444
0.764365
0.767269
0.770155
0.773023
0.775874
0.778706
0.781520
0.784315
0.787091
0.789848
0.792586
0.795304
0.798002
0.800681
0.803340
0.805979
0.808597
0.811195
0.813772
0.816328
0.818864
0.821378
0.823871
0.826343
0.828794
0.831223
0.833631
0.836016
0.838381
0.840723
0.843044
0.845342
0.847619
0.849873
0.852106
0.854316
0.856504
0.858670
0.860814
0.862935
0.865034
0.867111
0.869166
0.871199
0.873209
0.875197
0.877163
0.879107
0.881028
0.882928
0.884806
0.886661
0.888495
0.890306
0.892096
0.893864
0.895611
0.897336
0.899039
0.900721
0.902381
0.904020
0.905638
0.907235
0.908811
0.910366
0.911900
0.913414
0.914907
0.916379
0.917832
0.919264
0.920676
0.922068
0.923440
0.924793
0.926126
0.927440
0.928734
0.930010
0.931266
0.932504
0.933723
0.934923
0.936106
0.937270
0.938415
0.939544
0.940654
0.941747
0.942822
0.943880
0.944921
0.945946
0.946953
0.947944
0.948919
0.949877
0.950819
0.951746
0.952656
0.953552
0.954431
0.955296
0.956146
0.956981
0.957801
0.958606
0.959398
0.960175
0.960938
0.961687
0.962423
0.963145
0.963854
0.964550
0.965233
0.965904
0.966561
0.967206
0.967839
0.968460
0.969069
0.969666
0.970252
0.970826
0.971389
0.971941
0.972482
0.973012
0.973531
0.974040
0.974539
0.975028
0.975507
0.975976
0.976435
0.976885
0.977325
0.977756
0.978178
0.978591
0.978996
0.979392
0.979779
0.980158
0.980529
0.980892
0.981247
0.981594
0.981933
0.982265
0.982590
0.982907
0.983217
0.983521
0.983817
0.984107
0.984390
0.984667
0.984937
0.985201
0.985459
0.985711
0.985957
0.986197
0.986432
0.986661
0.986884
0.987102
0.987315
0.987523
0.987726
0.987924
0.988117
0.988306
0.988489
0.988669
0.988844
0.989014
0.989180
0.989342
0.989500
0.989654
0.989804
0.989951
0.990093
0.990232
0.990367
0.990499
0.990627
0.990753
0.990874
0.990993
0.991108
0.991221
0.991330
0.991437
0.991540
0.991641
0.991740
0.991835
0.991928
0.992018
0.992106
0.992192
0.992275
0.992356
0.992435
0.992511
0.992585
0.992658
0.992728
0.992796
0.992862
0.992927
0.992990
0.993050
0.993109
0.993167
0.993222
0.993277
0.993329
0.993380
0.993430
0.993478
0.993524
0.993570
0.993613
0.993656
0.993697
0.993737
0.993776
0.993814
0.993851
0.993886
0.993921
0.993954
0.993986
0.994018
0.994048
0.994077
0.994106
0.994133
0.994160
0.994186
0.994211
0.994236
0.994259
0.994282
0.994304
0.994325
0.994346
0.994366
0.994385
0.994404
0.994422
0.994440
0.994457
0.994473
0.994489
0.994504
0.994519
0.994534
0.994548
0.994561
0.994574
0.994587
0.994599
0.994610
0.994622
0.994633
0.994643
0.994653
0.994663
0.994673
0.994682
0.994691
0.994699
0.994708
0.994716
0.994723
0.994731
0.994738
0.994745
0.994751
0.994758
0.994764
0.994770
0.994776
0.994781
0.994787
0.994792
0.994797
0.994802
0.994806
0.994811
0.994815
0.994819
0.994823
0.994827
0.994831
0.994834
0.994838
0.994841
0.994844
0.994847
0.994850
0.994853
0.994856
0.994858
0.994861
0.994863
0.994866
0.994868
0.994870
0.994872
0.994874
0.994876
0.994878
0.994880
0.994881
0.994883
0.994885
0.994886
0.994888
0.994889
0.994890
0.994892
0.994893
0.994894
0.994895
0.994896
0.994897
0.994898
0.994899
0.994900
0.994901
0.994902
0.994903
0.994904
0.994904
0.994905
0.994906
0.994906
0.994907
0.994908
0.994908
0.994909
0.994909
0.994910
0.994910
0.994911
0.994911
0.994912
0.994912
0.994913
0.994913
0.994913
0.994914
0.994914
0.994914
0.994915
0.994915
0.994915
0.994915
0.994916
0.994916
0.994916
0.994916
0.994917
0.994917
0.994917
0.994917
0.994917
0.994917
0.994918
0.994918
0.994918
0.994918
0.994918
0.994918
0.994918
0.994919
0.994919
0.994919
0.994919
0.994919
0.994919
0.994919
0.994919
0.994919
0.994919
0.994919
0.994920
0.994920
0.994920
0.994920
0.994920
0.994920
0.994920
0.994920
0.994920
0.994920
0.994920
0.994920
0.994920
0.994920
0.994920
0.994920
0.994920
0.994920
0.994920
0.994920
0.994920
0.994920
0.994920
0.994920
