0.000000
0.309129
0.170097
0.212705
0.250611
0.282776
0.310738
0.335454
0.357621
0.377748
0.396207
0.413268
0.429158
0.444064
0.458137
0.471469
0.484162
0.496346
0.508148
0.519674
0.532180
0.553585
0.568782
0.573995
0.578294
0.582490
0.586589
0.590591
0.594495
0.598300
0.602007
0.605615
0.609123
0.612533
0.615843
0.619053
0.622165
0.625177
0.628092
0.631019
0.633724
0.636335
0.638852
0.641278
0.643612
0.645855
0.648010
0.650077
0.652059
0.653956
0.655771
0.657505
0.659161
0.660741
0.662246
0.663679
0.665042
0.666337
0.667567
0.668733
0.669838
0.670884
0.671873
0.672808
0.673690
0.674523
0.675307
0.676045
0.676740
0.677393
0.678006
0.678580
0.679119
0.679624
0.680096
0.680537
0.680949
0.681334
0.681692
0.682026
0.682337
0.682626
0.682894
0.683143
0.683374
0.683589
0.683787
0.683970
0.684140
0.684296
0.684441
0.684574
0.684697
0.684810
0.684914
0.685009
0.685097
0.685177
0.685251
0.685319
0.685380
0.685437
0.685489
0.685536
0.685579
0.685618
0.685654
0.685686
0.685716
0.685742
0.685767
0.685789
0.685809
0.685827
0.685844
0.685858
0.685872
0.685884
0.685895
0.685905
0.685914
0.685922
0.685929
0.685935
0.685941
0.685946
0.685951
0.685955
0.685959
0.685962
0.685965
0.685968
0.685971
0.685973
0.685975
0.685976
0.685978
0.685979
0.685980
0.685981
0.685982
0.685983
0.685984
0.685985
0.685985
0.685986
0.685986
0.685987
0.685987
0.685987
0.685988
0.685988
0.685988
0.685988
0.685988
0.685988
0.685989
0.685989
0.685989
0.685989
0.685989
0.685989
0.685989
0.685989
0.685989
0.685989
0.685989
0.685989
0.685989
0.685989
0.685989
0.685989
0.685989
0.685989
0.685989
0.685989
0.685989
0.685989
0.685989
0.685989
0.685989
0.685989
0.685989
0.685989
0.685989
0.685989
0.685989
0.685989
0.685989
0.685989
0.685989
0.685989
0.685989
0.685989
0.685989
0.685989
0.685989
0.685989
0.685989
0.685989
0.685989
0.685989
0.685989
0.685989
0.685989
0.685989
0.685989
0.685989
0.685989
0.685989
0.685989
0.685989
0.685989
0.685989
0.685989
0.685989
0.685989
0.685989
0.685989
0.685989
0.685989
0.685989
0.685989
0.685989
0.685989
0.685989
0.685989
0.685989
0.685989
0.685989
0.685989
0.685989
0.685989
0.685989
0.685989
0.685989
0.685989
0.685989
0.685989
0.685989
0.685989
0.685989
0.685989
0.685989
0.685989
0.685989
0.685989
0.685989
0.685989
0.685989
0.685989
0.685989
0.685989
0.685989
0.685989
0.685989
0.685989
0.685989
0.685989
0.685989
0.685989
0.685989
0.685989
0.685989
0.685989
0.685989
0.685989
0.685989
0.685989
0.685989
0.685989
0.685989
0.685989
0.685989
0.685989
0.685989
0.685989
0.685989
0.685989
0.685989
0.685989
0.685989
0.685989
0.685989
0.685989
0.685989
0.685989
0.685989
0.685989
0.685989
0.685989
0.685989
0.685989
0.685989
0.685989
0.685989
0.685989
0.685989
0.685989
0.685989
0.685989
0.685989
0.685989
0.685989
0.685989
0.685989
0.685989
0.685989
0.685989
0.685989
0.685989
0.685989
0.685989
0.685989
0.685989
0.685989
0.685989
0.685989
0.685989
0.685989
0.685989
0.685989
0.685989
0.685989
0.685989
0.685989
0.685989
0.685989
0.685989
0.685989
0.685989
0.685989
0.685989
0.685989
0.685989
0.685989
0.685989
0.685989
0.685989
0.685989
0.685989
0.685989
0.685989
0.685989
0.685989
0.685989
0.685989
0.685989
0.685989
0.685989
0.685989
0.685989
0.685989
0.685989
0.685989
0.685989
0.685989
0.685989
0.685989
0.685989
0.685989
0.685989
0.685989
0.685989
0.685989
0.685989
0.685989
0.685989
0.685989
0.685989
0.685989
0.685989
0.685989
0.685989
0.685989
0.685989
0.685989
0.685989
0.685989
0.685989
0.685989
0.685989
0.685989
0.685989
0.685989
0.685989
0.685989
0.685989
0.685989
0.685989
0.685989
0.685989
0.685989
0.685989
0.685989
0.685989
0.685989
0.685989
0.685989
0.685989
0.685989
0.685989
0.685989
0.685989
0.685989
0.685989
0.685989
0.685989
0.685989
0.685989
0.685989
0.685989
0.685989
0.685989
0.685989
0.685989
0.685989
0.685989
0.685989
0.685989
0.685989
0.685989
0.685989
0.685989
0.685989
0.685989
0.685989
0.685989
0.685989
0.685989
0.685989
0.685989
0.685989
0.685989
0.685989
0.685989
0.685989
0.685989
0.685989
0.685989
0.685989
0.685989
0.685989
0.685989
0.685989
0.685989
0.685989
0.685989
0.685989
0.685989
0.685989
0.685989
0.685989
0.685989
0.685989
0.685989
0.685989
0.685989
0.685989
0.685989
0.685989
0.685989
0.685989
0.685989
0.685989
0.685989
0.685989
0.685989
0.685989
0.685989
0.685989
0.685989
0.685989
0.685989
0.685989
0.685989
0.685989
0.685989
0.685989
0.685989
0.685989
0.685989
0.685989
0.685989
0.685989
0.685989
0.685989
0.685989
0.685989
0.685989
0.685989
0.685989
0.685989
0.685989
0.685989
0.685989
0.685989
0.685989
0.685989
0.685989
0.685989
0.685989
0.685989
0.685989
0.685989
0.685989
0.685989
0.685989
0.685989
0.685989
0.685989
0.685989
0.685989
0.685989
0.685989
0.685989
0.685989
0.685989
0.685989
0.685989
0.685989
0.685989
0.685989
0.685989
0.685989
0.685989
0.685989
0.685989
0.685989
0.685989
0.685989
0.685989
0.685989
0.685989
0.685989
0.685989
0.685989
0.685989
0.685989
0.685989
0.685989
0.685989
0.685989
0.685989
0.685989
0.685989
0.685989
0.685989
0.685989
0.685989
0.685989
0.685989
0.685989
0.685989
0.685989
0.685989
0.685989
0.685989
0.685989
0.685989
0.685989
0.685989
0.685989
0.685989
0.685989
0.685989
0.685989
0.685989
0.685989
0.685989
0.685989
0.685989
0.685989
0.685989
0.685989
0.685989
0.685989
0.685989
0.685989
0.685989
0.685989
0.685989
0.685989
0.685989
0.685989
0.685989
0.685989
0.685989
0.685989
0.685989
0.685989
0.685989
0.685989
0.685989
0.685989
0.685989
0.685989
0.685989
0.685989
0.685989
