0.000000
0.012398
0.026995
0.052035
0.094523
0.148384
0.191034
0.222270
0.241934
0.253145
0.259378
0.263110
0.265739
0.267937
0.269986
0.271988
0.273974
0.275954
0.277928
0.279896
0.281859
0.283815
0.285765
0.287710
0.289649
0.291582
0.293509
0.295431
0.297347
0.299257
0.301162
0.303062
0.304956
0.306845
0.308728
0.310606
0.312479
0.314346
0.316208
0.318124
0.319845
0.321545
0.323238
0.324926
0.326609
0.328289
0.329963
0.331634
0.333301
0.334963
0.336621
0.338274
0.339924
0.341569
0.343210
0.344847
0.346480
0.348108
0.349733
0.351353
0.352969
0.354581
0.356189
0.357793
0.359393
0.360988
0.362580
0.364167
0.365751
0.367330
0.368906
0.370477
0.372045
0.373608
0.375168
0.376723
0.378275
0.379822
0.381366
0.382906
0.384441
0.385973
0.387501
0.389025
0.390546
0.392062
0.393574
0.395083
0.396588
0.398089
0.399586
0.401079
0.402569
0.404054
0.405536
0.407015
0.408489
0.409960
0.411427
0.412890
0.414349
0.415805
0.417257
0.418705
0.420150
0.421591
0.423028
0.424462
0.425892
0.427318
0.428741
0.430160
0.431576
0.432987
0.434396
0.435800
0.437202
0.438599
0.439993
0.441384
0.442770
0.444154
0.445534
0.446910
0.448283
0.449652
0.451018
0.452381
0.453739
0.455095
0.456447
0.457796
0.459141
0.460482
0.461821
0.463156
0.464487
0.465815
0.467140
0.468461
0.469779
0.471094
0.472405
0.473713
0.475018
0.476319
0.477617
0.478912
0.480203
0.481491
0.482776
0.484058
0.485336
0.486611
0.487883
0.489152
0.490417
0.491679
0.492938
0.494194
0.495446
0.496696
0.497942
0.499185
0.500425
0.501661
0.502895
0.504125
0.505352
0.506577
0.507798
0.509015
0.510230
0.511442
0.512651
0.513856
0.515059
0.516258
0.517455
0.518648
0.519838
0.521025
0.522210
0.523391
0.524569
0.525744
0.526917
0.528086
0.529252
0.530416
0.531576
0.532733
0.533888
0.535039
0.536188
0.537334
0.538476
0.539616
0.540753
0.541887
0.543019
0.544147
0.545272
0.546395
0.547515
0.548632
0.549746
0.550857
0.551965
0.553071
0.554173
0.555273
0.556371
0.557465
0.558557
0.559645
0.560731
0.561815
0.562895
0.563973
0.565048
0.566120
0.567190
0.568257
0.569321
0.570382
0.571441
0.572497
0.573550
0.574601
0.575649
0.576694
0.577737
0.578777
0.579815
0.580849
0.581881
0.582911
0.583938
0.584962
0.585984
0.587003
0.588019
0.589033
0.590045
0.591053
0.592059
0.593063
0.594064
0.595063
0.596059
0.597052
0.598043
0.599032
0.600018
0.601001
0.601982
0.602960
0.603936
0.604910
0.605881
0.606849
0.607815
0.608779
0.609740
0.610699
0.611655
0.612609
0.613560
0.614509
0.615456
0.616400
0.617342
0.618281
0.619218
0.620153
0.621085
0.622015
0.622943
0.623868
0.624791
0.625711
0.626630
0.627545
0.628459
0.629370
0.630279
0.631186
0.632090
0.632992
0.633891
0.634789
0.635684
0.636577
0.637467
0.638356
0.639242
0.640126
0.641007
0.641887
0.642764
0.643639
0.644511
0.645382
0.646250
0.647116
0.647980
0.648842
0.649701
0.650559
0.651414
0.652267
0.653117
0.653966
0.654813
0.655657
0.656499
0.657339
0.658177
0.659013
0.659847
0.660678
0.661508
0.662335
0.663161
0.663984
0.664805
0.665624
0.666441
0.667256
0.668069
0.668880
0.669688
0.670495
0.671300
0.672102
0.672903
0.673701
0.674498
0.675292
0.676085
0.676875
0.677664
0.678450
0.679235
0.680018
0.680798
0.681577
0.682353
0.683128
0.683901
0.684671
0.685440
0.686207
0.686972
0.687735
0.688496
0.689255
0.690013
0.690768
0.691521
0.692273
0.693022
0.693770
0.694516
0.695260
0.696002
0.696742
0.697481
0.698217
0.698952
0.699684
0.700415
0.701144
0.701872
0.702597
0.703321
0.704042
0.704762
0.705481
0.706197
0.706911
0.707624
0.708335
0.709044
0.709752
0.710457
0.711161
0.711863
0.712563
0.713262
0.713959
0.714654
0.715347
0.716038
0.716728
0.717416
0.718103
0.718787
0.719470
0.720151
0.720831
0.721508
0.722184
0.722859
0.723532
0.724203
0.724872
0.725539
0.726205
0.726870
0.727532
0.728193
0.728853
0.729510
0.730166
0.730821
0.731473
0.732125
0.732774
0.733422
0.734068
0.734713
0.735356
0.735997
0.736637
0.737275
0.737912
0.738547
0.739181
0.739812
0.740443
0.741071
0.741699
0.742324
0.742948
0.743571
0.744192
0.744811
0.745429
0.746045
0.746660
0.747273
0.747885
0.748495
0.749104
0.749711
0.750317
0.750921
0.751524
0.752125
0.752725
0.753323
0.753920
0.754515
0.755109
0.755701
0.756292
0.756882
0.757470
0.758056
0.758641
0.759225
0.759807
0.760388
0.760967
0.761545
0.762122
0.762697
0.763270
0.763843
0.764413
0.764983
0.765551
0.766117
0.766683
0.767247
0.767809
0.768370
0.768930
0.769488
0.770045
0.770601
0.771155
0.771708
0.772259
0.772810
0.773359
0.773906
0.774452
0.774997
0.775541
0.776083
0.776624
0.777163
0.777702
0.778239
0.778774
0.779309
0.779842
0.780373
0.780904
0.781433
0.781961
0.782488
0.783013
0.783537
0.784060
0.784581
0.785102
0.785621
0.786139
0.786655
0.787170
0.787684
0.788197
0.788709
0.789219
0.789728
0.790236
0.790743
0.791249
0.791753
0.792256
0.792758
0.793258
0.793758
0.794256
0.794753
0.795249
0.795744
0.796238
0.796730
0.797221
0.797711
0.798200
0.798688
0.799175
0.799660
0.800144
0.800627
0.801109
0.801590
0.802070
0.802549
0.803026
0.803502
0.803978
0.804452
0.804925
0.805397
0.805868
0.806337
0.806806
0.807273
0.807740
0.808205
0.808669
0.809132
0.809595
0.810056
0.810516
0.810974
0.811432
0.811889
0.812345
0.812799
0.813253
0.813705
0.814157
0.814607
0.815057
0.815505
0.815953
0.816399
0.816844
0.817289
0.817732
0.818174
0.818615
0.819056
0.819495
0.819933
0.820371
0.820807
0.821242
0.821676
0.822110
0.822542
0.822974
0.823404
0.823833
0.824262
0.824689
0.825116
0.825542
0.825966
0.826390
0.826813
0.827234
