0.000000
0.083392
0.117734
0.089210
0.080964
0.095489
0.110021
0.123173
0.135184
0.146254
0.156552
0.166217
0.175341
0.184017
0.192375
0.200561
0.208767
0.217381
0.227163
0.233362
0.235756
0.237886
0.240018
0.242152
0.244290
0.246431
0.248576
0.250724
0.252876
0.255032
0.257192
0.259357
0.261527
0.263702
0.265882
0.268067
0.270258
0.272455
0.274658
0.276895
0.278918
0.280970
0.283032
0.285102
0.287181
0.289268
0.291365
0.293471
0.295586
0.297710
0.299844
0.301988
0.304142
0.306305
0.308479
0.310664
0.312859
0.315065
0.317281
0.319509
0.321748
0.323998
0.326260
0.328533
0.330818
0.333115
0.335423
0.337744
0.340077
0.342422
0.344780
0.347150
0.349533
0.351928
0.354336
0.356757
0.359191
0.361638
0.364099
0.366572
0.369058
0.371558
0.374071
0.376597
0.379137
0.381690
0.384257
0.386837
0.389430
0.392038
0.394658
0.397292
0.399939
0.402600
0.405275
0.407962
0.410663
0.413378
0.416106
0.418847
0.421601
0.424368
0.427148
0.429941
0.432747
0.435566
0.438397
0.441241
0.444098
0.446966
0.449847
0.452740
0.455645
0.458562
0.461490
0.464430
0.467381
0.470343
0.473316
0.476299
0.479294
0.482298
0.485313
0.488338
0.491372
0.494416
0.497470
0.500532
0.503603
0.506682
0.509770
0.512866
0.515970
0.519081
0.522199
0.525324
0.528456
0.531594
0.534738
0.537887
0.541043
0.544203
0.547368
0.550537
0.553711
0.556888
0.560069
0.563253
0.566439
0.569628
0.572820
0.576012
0.579206
0.582401
0.585597
0.588793
0.591989
0.595184
0.598378
0.601571
0.604763
0.607952
0.611139
0.614323
0.617504
0.620682
0.623855
0.627024
0.630188
0.633347
0.636501
0.639648
0.642790
0.645924
0.649052
0.652171
0.655283
0.658387
0.661482
0.664568
0.667644
0.670711
0.673767
0.676813
0.679848
0.682871
0.685883
0.688883
0.691870
0.694844
0.697805
0.700752
0.703686
0.706605
0.709510
0.712400
0.715274
0.718133
0.720976
0.723802
0.726612
0.729406
0.732181
0.734940
0.737680
0.740403
0.743107
0.745792
0.748458
0.751105
0.753733
0.756341
0.758929
0.761496
0.764044
0.766570
0.769076
0.771560
0.774023
0.776464
0.778884
0.781282
0.783657
0.786011
0.788342
0.790650
0.792935
0.795198
0.797437
0.799653
0.801846
0.804016
0.806162
0.808284
0.810383
0.812457
0.814508
0.816535
0.818538
0.820517
0.822472
0.824402
0.826309
0.828191
0.830049
0.831883
0.833692
0.835477
0.837238
0.838975
0.840688
0.842376
0.844041
0.845681
0.847298
0.848890
0.850459
0.852004
0.853525
0.855023
0.856497
0.857947
0.859375
0.860779
0.862160
0.863518
0.864853
0.866166
0.867456
0.868723
0.869968
0.871192
0.872393
0.873572
0.874730
0.875867
0.876982
0.878076
0.879149
0.880202
0.881234
0.882245
0.883237
0.884209
0.885161
0.886093
0.887006
0.887900
0.888776
0.889632
0.890471
0.891291
0.892093
0.892877
0.893644
0.894394
0.895126
0.895842
0.896542
0.897225
0.897891
0.898543
0.899178
0.899798
0.900403
0.900993
0.901568
0.902129
0.902676
0.903209
0.903728
0.904234
0.904727
0.905206
0.905673
0.906127
0.906569
0.906999
0.907418
0.907824
0.908220
0.908604
0.908977
0.909339
0.909692
0.910033
0.910365
0.910687
0.911000
0.911303
0.911597
0.911882
0.912158
0.912426
0.912685
0.912937
0.913180
0.913416
0.913644
0.913864
0.914078
0.914284
0.914484
0.914677
0.914863
0.915043
0.915217
0.915385
0.915547
0.915704
0.915855
0.916001
0.916141
0.916277
0.916408
0.916534
0.916655
0.916772
0.916884
0.916993
0.917097
0.917197
0.917294
0.917386
0.917476
0.917561
0.917644
0.917723
0.917799
0.917872
0.917942
0.918009
0.918073
0.918135
0.918194
0.918251
0.918305
0.918357
0.918407
0.918455
0.918501
0.918545
0.918586
0.918626
0.918665
0.918701
0.918736
0.918769
0.918801
0.918832
0.918861
0.918888
0.918915
0.918940
0.918964
0.918987
0.919009
0.919029
0.919049
0.919068
0.919086
0.919103
0.919119
0.919134
0.919149
0.919163
0.919176
0.919188
0.919200
0.919212
0.919222
0.919232
0.919242
0.919251
0.919260
0.919268
0.919276
0.919283
0.919290
0.919296
0.919303
0.919308
0.919314
0.919319
0.919324
0.919329
0.919333
0.919337
0.919341
0.919345
0.919348
0.919352
0.919355
0.919358
0.919360
0.919363
0.919365
0.919368
0.919370
0.919372
0.919374
0.919375
0.919377
0.919379
0.919380
0.919381
0.919383
0.919384
0.919385
0.919386
0.919387
0.919388
0.919389
0.919390
0.919390
0.919391
0.919392
0.919392
0.919393
0.919394
0.919394
0.919395
0.919395
0.919395
0.919396
0.919396
0.919396
0.919397
0.919397
0.919397
0.919398
0.919398
0.919398
0.919398
0.919398
0.919398
0.919399
0.919399
0.919399
0.919399
0.919399
0.919399
0.919399
0.919399
0.919400
0.919400
0.919400
0.919400
0.919400
0.919400
0.919400
0.919400
0.919400
0.919400
0.919400
0.919400
0.919400
0.919400
0.919400
0.919400
0.919400
0.919400
0.919400
0.919400
0.919400
0.919400
0.919400
0.919400
0.919400
0.919400
0.919400
0.919400
0.919400
0.919400
0.919400
0.919401
0.919401
0.919401
0.919401
0.919401
0.919401
0.919401
0.919401
0.919401
0.919401
0.919401
0.919401
0.919401
0.919401
0.919401
0.919401
0.919401
0.919401
0.919401
0.919401
0.919401
0.919401
0.919401
0.919401
0.919401
0.919401
0.919401
0.919401
0.919401
0.919401
0.919401
0.919401
0.919401
0.919401
0.919401
0.919401
0.919401
0.919401
0.919401
0.919401
0.919401
0.919401
0.919401
0.919401
0.919401
0.919401
0.919401
0.919401
0.919401
0.919401
0.919401
0.919401
0.919401
0.919401
0.919401
0.919401
0.919401
0.919401
0.919401
0.919401
0.919401
0.919401
0.919401
0.919401
0.919401
0.919401
0.919401
0.919401
0.919401
0.919401
0.919401
0.919401
0.919401
0.919401
0.919401
0.919401
0.919401
0.919401
0.919401
0.919401
0.919401
0.919401
0.919401
0.919401
0.919401
