0.000000
0.013236
0.021703
0.026869
0.032329
0.038168
0.044463
0.051294
0.058772
0.067029
0.076223
0.086536
0.098202
0.111539
0.126976
0.145088
0.166656
0.192901
0.225730
0.267821
0.321445
0.379661
0.400924
0.354013
0.319208
0.317060
0.319817
0.322745
0.325717
0.328730
0.331781
0.334867
0.337987
0.341140
0.344326
0.347543
0.350790
0.354069
0.357377
0.360784
0.363952
0.367172
0.370425
0.373710
0.377027
0.380375
0.383754
0.387164
0.390603
0.394072
0.397570
0.401097
0.404653
0.408236
0.411847
0.415485
0.419149
0.422839
0.426555
0.430295
0.434059
0.437847
0.441658
0.445491
0.449345
0.453221
0.457116
0.461031
0.464964
0.468916
0.472884
0.476869
0.480869
0.484883
0.488912
0.492953
0.497007
0.501072
0.505147
0.509231
0.513325
0.517426
0.521533
0.525647
0.529766
0.533889
0.538015
0.542143
0.546273
0.550404
0.554534
0.558663
0.562790
0.566914
0.571034
0.575149
0.579259
0.583362
0.587458
0.591547
0.595626
0.599695
0.603754
0.607802
0.611838
0.615861
0.619871
0.623866
0.627847
0.631812
0.635760
0.639692
0.643606
0.647502
0.651378
0.655236
0.659073
0.662890
0.666685
0.670459
0.674211
0.677940
0.681646
0.685328
0.688986
0.692619
0.696228
0.699811
0.703369
0.706900
0.710406
0.713884
0.717336
0.720760
0.724156
0.727525
0.730866
0.734178
0.737462
0.740717
0.743943
0.747141
0.750309
0.753448
0.756557
0.759637
0.762687
0.765707
0.768698
0.771659
0.774589
0.777490
0.780362
0.783203
0.786014
0.788795
0.791547
0.794268
0.796960
0.799623
0.802255
0.804858
0.807431
0.809975
0.812490
0.814976
0.817432
0.819860
0.822259
0.824629
0.826970
0.829284
0.831569
0.833826
0.836055
0.838256
0.840430
0.842577
0.844696
0.846789
0.848855
0.850894
0.852907
0.854894
0.856855
0.858790
0.860700
0.862584
0.864443
0.866278
0.868088
0.869874
0.871635
0.873373
0.875087
0.876778
0.878445
0.880089
0.881711
0.883310
0.884887
0.886442
0.887975
0.889487
0.890977
0.892447
0.893895
0.895323
0.896731
0.898118
0.899486
0.900834
0.902162
0.903472
0.904762
0.906034
0.907287
0.908522
0.909739
0.910939
0.912120
0.913285
0.914432
0.915562
0.916676
0.917773
0.918854
0.919919
0.920968
0.922001
0.923019
0.924022
0.925010
0.925983
0.926942
0.927886
0.928816
0.929732
0.930634
0.931522
0.932397
0.933259
0.934108
0.934944
0.935768
0.936578
0.937377
0.938163
0.938938
0.939700
0.940451
0.941191
0.941919
0.942636
0.943342
0.944038
0.944723
0.945397
0.946061
0.946714
0.947358
0.947992
0.948616
0.949231
0.949836
0.950431
0.951018
0.951595
0.952164
0.952724
0.953275
0.953818
0.954352
0.954878
0.955396
0.955906
0.956409
0.956903
0.957390
0.957869
0.958341
0.958805
0.959263
0.959713
0.960156
0.960593
0.961023
0.961446
0.961862
0.962272
0.962676
0.963073
0.963465
0.963850
0.964229
0.964603
0.964971
0.965332
0.965689
0.966040
0.966385
0.966725
0.967060
0.967390
0.967714
0.968034
0.968348
0.968658
0.968963
0.969263
0.969559
0.969850
0.970136
0.970419
0.970696
0.970970
0.971239
0.971504
0.971765
0.972022
0.972275
0.972524
0.972769
0.973011
0.973248
0.973482
0.973713
0.973940
0.974163
0.974383
0.974600
0.974813
0.975023
0.975230
0.975433
0.975633
0.975831
0.976025
0.976216
0.976405
0.976590
0.976773
0.976953
0.977130
0.977304
0.977476
0.977645
0.977811
0.977975
0.978136
0.978295
0.978452
0.978606
0.978757
0.978907
0.979054
0.979199
0.979341
0.979482
0.979620
0.979756
0.979890
0.980022
0.980152
0.980280
0.980406
0.980530
0.980653
0.980773
0.980892
0.981008
0.981123
0.981237
0.981348
0.981458
0.981566
0.981673
0.981777
0.981881
0.981982
0.982083
0.982181
0.982278
0.982374
0.982468
0.982561
0.982652
0.982742
0.982831
0.982918
0.983004
0.983089
0.983172
0.983254
0.983335
0.983415
0.983493
0.983570
0.983646
0.983721
0.983795
0.983868
0.983939
0.984010
0.984079
0.984148
0.984215
0.984281
0.984347
0.984411
0.984474
0.984537
0.984598
0.984659
0.984718
0.984777
0.984835
0.984892
0.984948
0.985003
0.985058
0.985112
0.985164
0.985216
0.985268
0.985318
0.985368
0.985417
0.985465
0.985512
0.985559
0.985605
0.985651
0.985695
0.985740
0.985783
0.985826
0.985868
0.985909
0.985950
0.985990
0.986030
0.986069
0.986107
0.986145
0.986183
0.986219
0.986256
0.986291
0.986326
0.986361
0.986395
0.986429
0.986462
0.986494
0.986526
0.986558
0.986589
0.986620
0.986650
0.986680
0.986709
0.986738
0.986766
0.986794
0.986822
0.986849
0.986876
0.986902
0.986928
0.986954
0.986979
0.987004
0.987028
0.987053
0.987076
0.987100
0.987123
0.987145
0.987168
0.987190
0.987212
0.987233
0.987254
0.987275
0.987295
0.987315
0.987335
0.987355
0.987374
0.987393
0.987412
0.987430
0.987448
0.987466
0.987484
0.987501
0.987518
0.987535
0.987551
0.987568
0.987584
0.987600
0.987615
0.987631
0.987646
0.987661
0.987675
0.987690
0.987704
0.987718
0.987732
0.987746
0.987759
0.987772
0.987785
0.987798
0.987811
0.987823
0.987836
0.987848
0.987860
0.987871
0.987883
0.987894
0.987905
0.987917
0.987927
0.987938
0.987949
0.987959
0.987969
0.987979
0.987989
0.987999
0.988009
0.988018
0.988028
0.988037
0.988046
0.988055
0.988064
0.988073
0.988081
0.988090
0.988098
0.988106
0.988114
0.988122
0.988130
0.988138
0.988145
0.988153
0.988160
0.988167
0.988175
0.988182
0.988189
0.988195
0.988202
0.988209
0.988215
0.988222
0.988228
0.988234
0.988241
0.988247
0.988253
0.988259
0.988264
0.988270
0.988276
0.988281
0.988287
0.988292
0.988297
0.988303
0.988308
0.988313
0.988318
0.988323
0.988328
0.988332
0.988337
0.988342
0.988346
0.988351
0.988355
0.988360
0.988364
0.988368
0.988372
0.988376
0.988380
0.988384
0.988388
0.988392
0.988396
0.988400
0.988403
