0.000000
0.089474
0.203751
0.309767
0.188174
0.177443
0.193300
0.207911
0.221485
0.234209
0.246242
0.257721
0.268738
0.279379
0.289768
0.300055
0.310433
0.321267
0.333346
0.342404
0.347347
0.351975
0.356653
0.361381
0.366161
0.370990
0.375867
0.380793
0.385765
0.390784
0.395848
0.400956
0.406107
0.411300
0.416533
0.421806
0.427118
0.432466
0.437849
0.443431
0.448723
0.454063
0.459440
0.464851
0.470293
0.475765
0.481265
0.486790
0.492338
0.497909
0.503498
0.509106
0.514728
0.520364
0.526012
0.531668
0.537332
0.543001
0.548672
0.554345
0.560016
0.565684
0.571346
0.577000
0.582645
0.588278
0.593896
0.599499
0.605083
0.610647
0.616189
0.621707
0.627199
0.632662
0.638095
0.643497
0.648865
0.654197
0.659491
0.664747
0.669962
0.675135
0.680263
0.685346
0.690382
0.695370
0.700308
0.705194
0.710028
0.714809
0.719534
0.724203
0.728816
0.733370
0.737865
0.742301
0.746675
0.750988
0.755239
0.759427
0.763551
0.767611
0.771607
0.775538
0.779404
0.783203
0.786937
0.790605
0.794207
0.797742
0.801211
0.804614
0.807950
0.811220
0.814424
0.817561
0.820634
0.823641
0.826583
0.829460
0.832273
0.835022
0.837708
0.840331
0.842892
0.845392
0.847830
0.850208
0.852526
0.854785
0.856985
0.859129
0.861215
0.863246
0.865221
0.867142
0.869009
0.870824
0.872587
0.874299
0.875961
0.877574
0.879139
0.880656
0.882128
0.883553
0.884934
0.886272
0.887567
0.888820
0.890033
0.891205
0.892339
0.893435
0.894493
0.895516
0.896503
0.897455
0.898375
0.899261
0.900116
0.900940
0.901734
0.902499
0.903235
0.903944
0.904626
0.905282
0.905913
0.906519
0.907102
0.907662
0.908200
0.908716
0.909211
0.909686
0.910142
0.910579
0.910998
0.911400
0.911784
0.912152
0.912505
0.912842
0.913164
0.913473
0.913768
0.914050
0.914319
0.914576
0.914821
0.915056
0.915279
0.915492
0.915696
0.915890
0.916074
0.916250
0.916418
0.916577
0.916729
0.916873
0.917011
0.917141
0.917266
0.917383
0.917496
0.917602
0.917703
0.917799
0.917890
0.917976
0.918058
0.918135
0.918209
0.918278
0.918344
0.918406
0.918465
0.918521
0.918574
0.918624
0.918671
0.918716
0.918758
0.918798
0.918835
0.918870
0.918904
0.918935
0.918965
0.918993
0.919019
0.919044
0.919068
0.919090
0.919111
0.919130
0.919148
0.919166
0.919182
0.919197
0.919211
0.919225
0.919237
0.919249
0.919260
0.919271
0.919281
0.919290
0.919298
0.919306
0.919314
0.919321
0.919327
0.919334
0.919339
0.919345
0.919350
0.919355
0.919359
0.919363
0.919367
0.919371
0.919374
0.919377
0.919380
0.919383
0.919385
0.919388
0.919390
0.919392
0.919394
0.919395
0.919397
0.919399
0.919400
0.919401
0.919403
0.919404
0.919405
0.919406
0.919407
0.919408
0.919408
0.919409
0.919410
0.919410
0.919411
0.919411
0.919412
0.919412
0.919413
0.919413
0.919414
0.919414
0.919414
0.919415
0.919415
0.919415
0.919415
0.919415
0.919416
0.919416
0.919416
0.919416
0.919416
0.919416
0.919417
0.919417
0.919417
0.919417
0.919417
0.919417
0.919417
0.919417
0.919417
0.919417
0.919417
0.919417
0.919417
0.919417
0.919417
0.919418
0.919418
0.919418
0.919418
0.919418
0.919418
0.919418
0.919418
0.919418
0.919418
0.919418
0.919418
0.919418
0.919418
0.919418
0.919418
0.919418
0.919418
0.919418
0.919418
0.919418
0.919418
0.919418
0.919418
0.919418
0.919418
0.919418
0.919418
0.919418
0.919418
0.919418
0.919418
0.919418
0.919418
0.919418
0.919418
0.919418
0.919418
0.919418
0.919418
0.919418
0.919418
0.919418
0.919418
0.919418
0.919418
0.919418
0.919418
0.919418
0.919418
0.919418
0.919418
0.919418
0.919418
0.919418
0.919418
0.919418
0.919418
0.919418
0.919418
0.919418
0.919418
0.919418
0.919418
0.919418
0.919418
0.919418
0.919418
0.919418
0.919418
0.919418
0.919418
0.919418
0.919418
0.919418
0.919418
0.919418
0.919418
0.919418
0.919418
0.919418
0.919418
0.919418
0.919418
0.919418
0.919418
0.919418
0.919418
0.919418
0.919418
0.919418
0.919418
0.919418
0.919418
0.919418
0.919418
0.919418
0.919418
0.919418
0.919418
0.919418
0.919418
0.919418
0.919418
0.919418
0.919418
0.919418
0.919418
0.919418
0.919418
0.919418
0.919418
0.919418
0.919418
0.919418
0.919418
0.919418
0.919418
0.919418
0.919418
0.919418
0.919418
0.919418
0.919418
0.919418
0.919418
0.919418
0.919418
0.919418
0.919418
0.919418
0.919418
0.919418
0.919418
0.919418
0.919418
0.919418
0.919418
0.919418
0.919418
0.919418
0.919418
0.919418
0.919418
0.919418
0.919418
0.919418
0.919418
0.919418
0.919418
0.919418
0.919418
0.919418
0.919418
0.919418
0.919418
0.919418
0.919418
0.919418
0.919418
0.919418
0.919418
0.919418
0.919418
0.919418
0.919418
0.919418
0.919418
0.919418
0.919418
0.919418
0.919418
0.919418
0.919418
0.919418
0.919418
0.919418
0.919418
0.919418
0.919418
0.919418
0.919418
0.919418
0.919418
0.919418
0.919418
0.919418
0.919418
0.919418
0.919418
0.919418
0.919418
0.919418
0.919418
0.919418
0.919418
0.919418
0.919418
0.919418
0.919418
0.919418
0.919418
0.919418
0.919418
0.919418
0.919418
0.919418
0.919418
0.919418
0.919418
0.919418
0.919418
0.919418
0.919418
0.919418
0.919418
0.919418
0.919418
0.919418
0.919418
0.919418
0.919418
0.919418
0.919418
0.919418
0.919418
0.919418
0.919418
0.919418
0.919418
0.919418
0.919418
0.919418
0.919418
0.919418
0.919418
0.919418
0.919418
0.919418
0.919418
0.919418
0.919418
0.919418
0.919418
0.919418
0.919418
0.919418
0.919418
0.919418
0.919418
0.919418
0.919418
0.919418
0.919418
0.919418
0.919418
0.919418
0.919418
0.919418
0.919418
0.919418
0.919418
0.919418
0.919418
0.919418
0.919418
0.919418
0.919418
0.919418
0.919418
0.919418
0.919418
0.919418
0.919418
0.919418
0.919418
0.919418
