0.000000
0.013095
0.021646
0.026701
0.032020
0.037693
0.043792
0.050406
0.057644
0.065638
0.074544
0.084540
0.095861
0.108823
0.123850
0.141496
0.162530
0.188175
0.220423
0.262596
0.320451
0.403079
0.494422
0.492433
0.439217
0.431440
0.435385
0.439848
0.444425
0.449102
0.453867
0.458712
0.463632
0.468620
0.473674
0.478788
0.483961
0.489189
0.494469
0.499960
0.505176
0.510456
0.515786
0.521162
0.526582
0.532043
0.537543
0.543078
0.548646
0.554246
0.559873
0.565526
0.571202
0.576898
0.582612
0.588341
0.594082
0.599833
0.605592
0.611356
0.617121
0.622886
0.628648
0.634404
0.640152
0.645889
0.651612
0.657320
0.663010
0.668679
0.674326
0.679947
0.685540
0.691103
0.696635
0.702132
0.707593
0.713016
0.718399
0.723739
0.729036
0.734287
0.739490
0.744645
0.749748
0.754800
0.759798
0.764741
0.769627
0.774457
0.779227
0.783938
0.788588
0.793177
0.797703
0.802166
0.806564
0.810899
0.815167
0.819370
0.823507
0.827577
0.831581
0.835517
0.839386
0.843187
0.846921
0.850587
0.854185
0.857717
0.861181
0.864577
0.867907
0.871171
0.874368
0.877499
0.880565
0.883566
0.886503
0.889375
0.892185
0.894931
0.897616
0.900239
0.902802
0.905304
0.907747
0.910132
0.912459
0.914729
0.916943
0.919102
0.921207
0.923258
0.925256
0.927202
0.929098
0.930944
0.932740
0.934489
0.936190
0.937844
0.939453
0.941018
0.942539
0.944017
0.945454
0.946849
0.948205
0.949521
0.950799
0.952040
0.953244
0.954412
0.955546
0.956645
0.957712
0.958746
0.959748
0.960720
0.961662
0.962575
0.963459
0.964315
0.965145
0.965948
0.966726
0.967479
0.968208
0.968914
0.969597
0.970257
0.970897
0.971515
0.972113
0.972691
0.973250
0.973791
0.974313
0.974819
0.975307
0.975779
0.976235
0.976675
0.977101
0.977512
0.977909
0.978292
0.978662
0.979020
0.979365
0.979698
0.980020
0.980330
0.980630
0.980919
0.981199
0.981468
0.981728
0.981978
0.982220
0.982454
0.982679
0.982896
0.983105
0.983307
0.983502
0.983690
0.983871
0.984045
0.984214
0.984376
0.984532
0.984683
0.984828
0.984969
0.985104
0.985234
0.985359
0.985480
0.985597
0.985709
0.985817
0.985921
0.986022
0.986119
0.986212
0.986302
0.986388
0.986472
0.986552
0.986629
0.986704
0.986776
0.986845
0.986912
0.986976
0.987038
0.987098
0.987155
0.987210
0.987264
0.987315
0.987364
0.987412
0.987458
0.987502
0.987544
0.987585
0.987625
0.987663
0.987700
0.987735
0.987769
0.987802
0.987833
0.987864
0.987893
0.987921
0.987948
0.987974
0.987999
0.988024
0.988047
0.988070
0.988091
0.988112
0.988132
0.988152
0.988170
0.988188
0.988206
0.988222
0.988238
0.988254
0.988269
0.988283
0.988297
0.988310
0.988323
0.988336
0.988348
0.988359
0.988370
0.988381
0.988391
0.988401
0.988411
0.988420
0.988429
0.988437
0.988446
0.988454
0.988461
0.988469
0.988476
0.988483
0.988489
0.988496
0.988502
0.988508
0.988513
0.988519
0.988524
0.988529
0.988534
0.988539
0.988544
0.988548
0.988552
0.988556
0.988560
0.988564
0.988568
0.988571
0.988575
0.988578
0.988581
0.988584
0.988587
0.988590
0.988593
0.988596
0.988598
0.988601
0.988603
0.988605
0.988608
0.988610
0.988612
0.988614
0.988616
0.988618
0.988620
0.988621
0.988623
0.988625
0.988626
0.988628
0.988629
0.988630
0.988632
0.988633
0.988634
0.988636
0.988637
0.988638
0.988639
0.988640
0.988641
0.988642
0.988643
0.988644
0.988645
0.988646
0.988647
0.988647
0.988648
0.988649
0.988650
0.988650
0.988651
0.988652
0.988652
0.988653
0.988653
0.988654
0.988655
0.988655
0.988656
0.988656
0.988657
0.988657
0.988657
0.988658
0.988658
0.988659
0.988659
0.988659
0.988660
0.988660
0.988661
0.988661
0.988661
0.988661
0.988662
0.988662
0.988662
0.988663
0.988663
0.988663
0.988663
0.988664
0.988664
0.988664
0.988664
0.988664
0.988665
0.988665
0.988665
0.988665
0.988665
0.988666
0.988666
0.988666
0.988666
0.988666
0.988666
0.988666
0.988667
0.988667
0.988667
0.988667
0.988667
0.988667
0.988667
0.988667
0.988667
0.988668
0.988668
0.988668
0.988668
0.988668
0.988668
0.988668
0.988668
0.988668
0.988668
0.988668
0.988668
0.988669
0.988669
0.988669
0.988669
0.988669
0.988669
0.988669
0.988669
0.988669
0.988669
0.988669
0.988669
0.988669
0.988669
0.988669
0.988669
0.988669
0.988669
0.988669
0.988669
0.988669
0.988670
0.988670
0.988670
0.988670
0.988670
0.988670
0.988670
0.988670
0.988670
0.988670
0.988670
0.988670
0.988670
0.988670
0.988670
0.988670
0.988670
0.988670
0.988670
0.988670
0.988670
0.988670
0.988670
0.988670
0.988670
0.988670
0.988670
0.988670
0.988670
0.988670
0.988670
0.988670
0.988670
0.988670
0.988670
0.988670
0.988670
0.988670
0.988670
0.988670
0.988670
0.988670
0.988670
0.988670
0.988670
0.988670
0.988670
0.988670
0.988670
0.988670
0.988670
0.988670
0.988670
0.988670
0.988670
0.988670
0.988670
0.988670
0.988670
0.988670
0.988670
0.988670
0.988670
0.988670
0.988670
0.988670
0.988670
0.988670
0.988670
0.988670
0.988670
0.988670
0.988670
0.988670
0.988670
0.988670
0.988670
0.988670
0.988670
0.988671
0.988671
0.988671
0.988671
0.988671
0.988671
0.988671
0.988671
0.988671
0.988671
0.988671
0.988671
0.988671
0.988671
0.988671
0.988671
0.988671
0.988671
0.988671
0.988671
0.988671
0.988671
0.988671
0.988671
0.988671
0.988671
0.988671
0.988671
0.988671
0.988671
0.988671
0.988671
0.988671
0.988671
0.988671
0.988671
0.988671
0.988671
0.988671
0.988671
0.988671
0.988671
0.988671
0.988671
0.988671
0.988671
0.988671
0.988671
0.988671
0.988671
0.988671
0.988671
0.988671
0.988671
0.988671
0.988671
0.988671
0.988671
0.988671
0.988671
0.988671
0.988671
0.988671
0.988671
0.988671
0.988671
0.988671
0.988671
0.988671
0.988671
