0.000000
0.004897
0.009470
0.013907
0.018330
0.022831
0.027491
0.032398
0.037633
0.043285
0.049455
0.056255
0.063812
0.072278
0.081856
0.092815
0.105495
0.120333
0.138006
0.159536
0.186424
0.221243
0.268788
0.338348
0.449997
0.637303
0.850206
0.938701
0.949067
0.950346
0.951413
0.952483
0.953556
0.954627
0.955693
0.956749
0.957793
0.958823
0.959837
0.960833
0.961810
0.962767
0.963703
0.964618
0.965510
0.966380
0.967226
0.968048
0.968847
0.969622
0.970373
0.971100
0.971804
0.972483
0.973139
0.973772
0.974382
0.974969
0.975534
0.976077
0.976598
0.977098
0.977578
0.978037
0.978477
0.978898
0.979300
0.979684
0.980051
0.980400
0.980734
0.981051
0.981353
0.981640
0.981913
0.982173
0.982419
0.982652
0.982874
0.983083
0.983282
0.983470
0.983647
0.983815
0.983974
0.984124
0.984265
0.984398
0.984524
0.984642
0.984753
0.984858
0.984956
0.985049
0.985136
0.985217
0.985294
0.985366
0.985433
0.985496
0.985555
0.985611
0.985663
0.985711
0.985756
0.985799
0.985838
0.985875
0.985909
0.985941
0.985971
0.985999
0.986025
0.986049
0.986072
0.986093
0.986112
0.986130
0.986147
0.986163
0.986177
0.986191
0.986203
0.986215
0.986226
0.986236
0.986245
0.986253
0.986261
0.986269
0.986275
0.986282
0.986287
0.986293
0.986298
0.986302
0.986306
0.986310
0.986314
0.986317
0.986320
0.986323
0.986326
0.986328
0.986330
0.986332
0.986334
0.986336
0.986337
0.986339
0.986340
0.986341
0.986342
0.986343
0.986344
0.986345
0.986346
0.986347
0.986347
0.986348
0.986349
0.986349
0.986350
0.986350
0.986350
0.986351
0.986351
0.986351
0.986352
0.986352
0.986352
0.986352
0.986353
0.986353
0.986353
0.986353
0.986353
0.986353
0.986353
0.986353
0.986354
0.986354
0.986354
0.986354
0.986354
0.986354
0.986354
0.986354
0.986354
0.986354
0.986354
0.986354
0.986354
0.986354
0.986354
0.986354
0.986354
0.986354
0.986354
0.986354
0.986354
0.986354
0.986354
0.986354
0.986354
0.986354
0.986354
0.986354
0.986354
0.986354
0.986354
0.986354
0.986354
0.986354
0.986354
0.986354
0.986354
0.986354
0.986354
0.986354
0.986354
0.986354
0.986354
0.986354
0.986354
0.986354
0.986354
0.986354
0.986354
0.986354
0.986354
0.986354
0.986354
0.986354
0.986354
0.986354
0.986354
0.986354
0.986354
0.986354
0.986354
0.986354
0.986354
0.986354
0.986354
0.986354
0.986354
0.986354
0.986354
0.986354
0.986354
0.986354
0.986354
0.986354
0.986354
0.986354
0.986354
0.986354
0.986354
0.986354
0.986354
0.986354
0.986354
0.986354
0.986354
0.986354
0.986354
0.986354
0.986354
0.986354
0.986354
0.986354
0.986354
0.986354
0.986354
0.986354
0.986354
0.986354
0.986354
0.986354
0.986354
0.986354
0.986354
0.986354
0.986354
0.986354
0.986354
0.986354
0.986354
0.986354
0.986354
0.986354
0.986354
0.986354
0.986354
0.986354
0.986354
0.986354
0.986354
0.986354
0.986354
0.986354
0.986354
0.986354
0.986354
0.986354
0.986354
0.986354
0.986354
0.986354
0.986354
0.986354
0.986354
0.986354
0.986354
0.986354
0.986354
0.986354
0.986354
0.986354
0.986354
0.986354
0.986354
0.986354
0.986354
0.986354
0.986354
0.986354
0.986354
0.986354
0.986354
0.986354
0.986354
0.986354
0.986354
0.986354
0.986354
0.986354
0.986354
0.986354
0.986354
0.986354
0.986354
0.986354
0.986354
0.986354
0.986354
0.986354
0.986354
0.986354
0.986354
0.986354
0.986354
0.986354
0.986354
0.986354
0.986354
0.986354
0.986354
0.986354
0.986354
0.986354
0.986354
0.986354
0.986354
0.986354
0.986354
0.986354
0.986354
0.986354
0.986354
0.986354
0.986354
0.986354
0.986354
0.986354
0.986354
0.986354
0.986354
0.986354
0.986354
0.986354
0.986354
0.986354
0.986354
0.986354
0.986354
0.986354
0.986354
0.986354
0.986354
0.986354
0.986354
0.986354
0.986354
0.986354
0.986354
0.986354
0.986354
0.986354
0.986354
0.986354
0.986354
0.986354
0.986354
0.986354
0.986354
0.986354
0.986354
0.986354
0.986354
0.986354
0.986354
0.986354
0.986354
0.986354
0.986354
0.986354
0.986354
0.986354
0.986354
0.986354
0.986354
0.986354
0.986354
0.986354
0.986354
0.986354
0.986354
0.986354
0.986354
0.986354
0.986354
0.986354
0.986354
0.986354
0.986354
0.986354
0.986354
0.986354
0.986354
0.986354
0.986354
0.986354
0.986354
0.986354
0.986354
0.986354
0.986354
0.986354
0.986354
0.986354
0.986354
0.986354
0.986354
0.986354
0.986354
0.986354
0.986354
0.986354
0.986354
0.986354
0.986354
0.986354
0.986354
0.986354
0.986354
0.986354
0.986354
0.986354
0.986354
0.986354
0.986354
0.986354
0.986354
0.986354
0.986354
0.986354
0.986354
0.986354
0.986354
0.986354
0.986354
0.986354
0.986354
0.986354
0.986354
0.986354
0.986354
0.986354
0.986354
0.986354
0.986354
0.986354
0.986354
0.986354
0.986354
0.986354
0.986354
0.986354
0.986354
0.986354
0.986354
0.986354
0.986354
0.986354
0.986354
0.986354
0.986354
0.986354
0.986354
0.986354
0.986354
0.986354
0.986354
0.986354
0.986354
0.986354
0.986354
0.986354
0.986354
0.986354
0.986354
0.986354
0.986354
0.986354
0.986354
0.986354
0.986354
0.986354
0.986354
0.986354
0.986354
0.986354
0.986354
0.986354
0.986354
0.986354
0.986354
0.986354
0.986354
0.986354
0.986354
0.986354
0.986354
0.986354
0.986354
0.986354
0.986354
0.986354
0.986354
0.986354
0.986354
0.986354
0.986354
0.986354
0.986354
0.986354
0.986354
0.986354
0.986354
0.986354
0.986354
0.986354
0.986354
0.986354
0.986354
0.986354
0.986354
0.986354
0.986354
0.986354
0.986354
0.986354
0.986354
0.986354
0.986354
0.986354
0.986354
0.986354
0.986354
0.986354
0.986354
0.986354
0.986354
0.986354
0.986354
0.986354
0.986354
0.986354
0.986354
0.986354
0.986354
0.986354
0.986354
0.986354
0.986354
0.986354
0.986354
0.986354
