0.000000
0.043805
0.090698
0.142912
0.203867
0.278786
0.368199
0.416697
0.328067
0.226185
0.217942
0.227256
0.236528
0.250898
0.271673
0.275215
0.277600
0.279994
0.282395
0.284802
0.287211
0.289622
0.292033
0.294444
0.296855
0.299265
0.301676
0.304087
0.306500
0.308915
0.311334
0.313756
0.316183
0.318615
0.321054
0.323500
0.325954
0.328417
0.330888
0.333378
0.335654
0.337984
0.340329
0.342687
0.345058
0.347443
0.349842
0.352254
0.354681
0.357122
0.359578
0.362049
0.364534
0.367035
0.369551
0.372082
0.374629
0.377191
0.379769
0.382362
0.384972
0.387597
0.390238
0.392894
0.395567
0.398256
0.400960
0.403680
0.406417
0.409169
0.411936
0.414720
0.417519
0.420334
0.423165
0.426011
0.428872
0.431748
0.434640
0.437547
0.440468
0.443405
0.446355
0.449321
0.452300
0.455294
0.458302
0.461323
0.464357
0.467405
0.470467
0.473540
0.476627
0.479726
0.482836
0.485959
0.489093
0.492239
0.495395
0.498562
0.501739
0.504927
0.508124
0.511330
0.514546
0.517770
0.521003
0.524244
0.527493
0.530748
0.534011
0.537281
0.540556
0.543838
0.547125
0.550417
0.553713
0.557014
0.560319
0.563627
0.566939
0.570252
0.573569
0.576887
0.580206
0.583526
0.586847
0.590168
0.593489
0.596809
0.600127
0.603445
0.606760
0.610073
0.613382
0.616689
0.619992
0.623290
0.626585
0.629874
0.633157
0.636435
0.639707
0.642972
0.646229
0.649480
0.652722
0.655956
0.659181
0.662398
0.665604
0.668801
0.671987
0.675163
0.678328
0.681481
0.684622
0.687752
0.690868
0.693972
0.697062
0.700139
0.703202
0.706251
0.709284
0.712303
0.715307
0.718295
0.721268
0.724224
0.727163
0.730086
0.732992
0.735880
0.738751
0.741604
0.744439
0.747256
0.750053
0.752833
0.755592
0.758333
0.761054
0.763756
0.766437
0.769099
0.771740
0.774361
0.776961
0.779540
0.782099
0.784636
0.787152
0.789646
0.792119
0.794571
0.797000
0.799408
0.801794
0.804158
0.806500
0.808819
0.811116
0.813391
0.815643
0.817873
0.820080
0.822265
0.824427
0.826567
0.828684
0.830778
0.832850
0.834899
0.836925
0.838928
0.840909
0.842868
0.844803
0.846717
0.848607
0.850475
0.852321
0.854144
0.855945
0.857724
0.859480
0.861215
0.862927
0.864617
0.866286
0.867932
0.869557
0.871161
0.872742
0.874303
0.875842
0.877360
0.878857
0.880333
0.881788
0.883223
0.884637
0.886030
0.887403
0.888757
0.890090
0.891403
0.892697
0.893971
0.895225
0.896461
0.897677
0.898875
0.900053
0.901213
0.902355
0.903478
0.904584
0.905671
0.906741
0.907793
0.908827
0.909845
0.910845
0.911828
0.912795
0.913745
0.914679
0.915597
0.916498
0.917384
0.918254
0.919109
0.919949
0.920773
0.921583
0.922378
0.923158
0.923924
0.924676
0.925414
0.926138
0.926848
0.927545
0.928229
0.928899
0.929557
0.930202
0.930834
0.931454
0.932062
0.932658
0.933242
0.933814
0.934375
0.934925
0.935463
0.935991
0.936507
0.937013
0.937509
0.937994
0.938469
0.938934
0.939389
0.939834
0.940270
0.940697
0.941115
0.941523
0.941923
0.942313
0.942696
0.943070
0.943435
0.943792
0.944142
0.944483
0.944817
0.945144
0.945462
0.945774
0.946078
0.946376
0.946666
0.946950
0.947227
0.947498
0.947762
0.948020
0.948272
0.948517
0.948757
0.948991
0.949220
0.949443
0.949660
0.949872
0.950079
0.950281
0.950478
0.950670
0.950857
0.951039
0.951217
0.951390
0.951559
0.951724
0.951884
0.952040
0.952192
0.952341
0.952485
0.952626
0.952763
0.952896
0.953026
0.953152
0.953275
0.953395
0.953511
0.953625
0.953735
0.953842
0.953947
0.954048
0.954147
0.954243
0.954337
0.954427
0.954516
0.954601
0.954685
0.954766
0.954845
0.954921
0.954996
0.955068
0.955138
0.955206
0.955272
0.955337
0.955399
0.955460
0.955519
0.955576
0.955631
0.955685
0.955737
0.955788
0.955837
0.955885
0.955931
0.955976
0.956019
0.956061
0.956102
0.956142
0.956180
0.956217
0.956254
0.956289
0.956322
0.956355
0.956387
0.956418
0.956448
0.956477
0.956505
0.956532
0.956558
0.956583
0.956608
0.956632
0.956655
0.956677
0.956699
0.956720
0.956740
0.956759
0.956778
0.956797
0.956814
0.956831
0.956848
0.956864
0.956879
0.956894
0.956909
0.956922
0.956936
0.956949
0.956961
0.956974
0.956985
0.956997
0.957007
0.957018
0.957028
0.957038
0.957048
0.957057
0.957066
0.957074
0.957082
0.957090
0.957098
0.957105
0.957112
0.957119
0.957126
0.957132
0.957138
0.957144
0.957150
0.957155
0.957161
0.957166
0.957171
0.957175
0.957180
0.957184
0.957189
0.957193
0.957197
0.957200
0.957204
0.957208
0.957211
0.957214
0.957217
0.957220
0.957223
0.957226
0.957229
0.957231
0.957234
0.957236
0.957238
0.957241
0.957243
0.957245
0.957247
0.957248
0.957250
0.957252
0.957254
0.957255
0.957257
0.957258
0.957260
0.957261
0.957262
0.957264
0.957265
0.957266
0.957267
0.957268
0.957269
0.957270
0.957271
0.957272
0.957273
0.957273
0.957274
0.957275
0.957276
0.957276
0.957277
0.957278
0.957278
0.957279
0.957280
0.957280
0.957281
0.957281
0.957282
0.957282
0.957282
0.957283
0.957283
0.957284
0.957284
0.957284
0.957285
0.957285
0.957285
0.957286
0.957286
0.957286
0.957286
0.957287
0.957287
0.957287
0.957287
0.957287
0.957288
0.957288
0.957288
0.957288
0.957288
0.957288
0.957289
0.957289
0.957289
0.957289
0.957289
0.957289
0.957289
0.957289
0.957290
0.957290
0.957290
0.957290
0.957290
0.957290
0.957290
0.957290
0.957290
0.957290
0.957290
0.957290
0.957290
0.957290
0.957291
0.957291
0.957291
0.957291
0.957291
0.957291
0.957291
0.957291
0.957291
0.957291
0.957291
0.957291
0.957291
0.957291
0.957291
0.957291
0.957291
0.957291
0.957291
0.957291
0.957291
0.957291
0.957291
0.957291
0.957291
0.957291
0.957291
0.957291
0.957291
0.957291
0.957291
0.957291
0.957291
0.957291
0.957291
