0.000000
0.014087
0.028469
0.058780
0.074466
0.084202
0.094938
0.106861
0.120202
0.135233
0.152312
0.171934
0.194770
0.221734
0.254099
0.293909
0.344354
0.408771
0.481345
0.515687
0.439577
0.331902
0.303405
0.304051
0.306396
0.308772
0.311162
0.313566
0.315982
0.318411
0.320853
0.323307
0.325774
0.328254
0.330748
0.333255
0.335775
0.338310
0.340859
0.343432
0.345790
0.348207
0.350642
0.353095
0.355565
0.358052
0.360557
0.363080
0.365620
0.368178
0.370755
0.373349
0.375962
0.378593
0.381242
0.383909
0.386596
0.389300
0.392023
0.394765
0.397525
0.400304
0.403102
0.405917
0.408752
0.411604
0.414475
0.417364
0.420272
0.423197
0.426140
0.429101
0.432080
0.435076
0.438089
0.441120
0.444167
0.447231
0.450312
0.453408
0.456521
0.459650
0.462794
0.465953
0.469127
0.472316
0.475519
0.478736
0.481967
0.485211
0.488468
0.491737
0.495019
0.498312
0.501618
0.504934
0.508261
0.511598
0.514945
0.518301
0.521666
0.525040
0.528422
0.531812
0.535209
0.538613
0.542023
0.545439
0.548860
0.552286
0.555716
0.559151
0.562589
0.566030
0.569473
0.572918
0.576365
0.579813
0.583261
0.586709
0.590157
0.593604
0.597049
0.600493
0.603934
0.607372
0.610806
0.614237
0.617664
0.621085
0.624502
0.627912
0.631317
0.634714
0.638104
0.641487
0.644862
0.648228
0.651585
0.654933
0.658271
0.661599
0.664916
0.668222
0.671517
0.674800
0.678070
0.681328
0.684573
0.687804
0.691022
0.694225
0.697414
0.700588
0.703748
0.706891
0.710019
0.713131
0.716226
0.719304
0.722366
0.725410
0.728437
0.731445
0.734436
0.737409
0.740362
0.743297
0.746213
0.749110
0.751987
0.754845
0.757683
0.760500
0.763298
0.766075
0.768831
0.771567
0.774282
0.776976
0.779649
0.782300
0.784931
0.787539
0.790127
0.792692
0.795236
0.797758
0.800258
0.802736
0.805192
0.807626
0.810037
0.812427
0.814794
0.817140
0.819463
0.821763
0.824042
0.826298
0.828532
0.830743
0.832933
0.835100
0.837245
0.839367
0.841468
0.843547
0.845603
0.847638
0.849650
0.851641
0.853610
0.855557
0.857483
0.859387
0.861269
0.863130
0.864970
0.866788
0.868586
0.870362
0.872117
0.873852
0.875566
0.877259
0.878931
0.880584
0.882216
0.883828
0.885420
0.886992
0.888544
0.890077
0.891590
0.893084
0.894559
0.896014
0.897451
0.898869
0.900268
0.901649
0.903011
0.904356
0.905682
0.906990
0.908281
0.909554
0.910809
0.912048
0.913269
0.914473
0.915661
0.916832
0.917986
0.919124
0.920246
0.921352
0.922442
0.923516
0.924575
0.925618
0.926647
0.927660
0.928658
0.929642
0.930611
0.931565
0.932506
0.933432
0.934344
0.935243
0.936128
0.936999
0.937858
0.938703
0.939535
0.940354
0.941160
0.941954
0.942736
0.943505
0.944263
0.945008
0.945742
0.946463
0.947174
0.947873
0.948561
0.949238
0.949904
0.950559
0.951204
0.951838
0.952462
0.953075
0.953679
0.954272
0.954856
0.955430
0.955995
0.956550
0.957096
0.957633
0.958160
0.958679
0.959189
0.959691
0.960184
0.960669
0.961145
0.961613
0.962073
0.962526
0.962970
0.963407
0.963836
0.964258
0.964672
0.965079
0.965480
0.965873
0.966259
0.966638
0.967011
0.967377
0.967737
0.968090
0.968437
0.968777
0.969112
0.969441
0.969763
0.970080
0.970391
0.970697
0.970997
0.971291
0.971581
0.971864
0.972143
0.972417
0.972685
0.972949
0.973208
0.973462
0.973711
0.973956
0.974196
0.974431
0.974663
0.974890
0.975112
0.975331
0.975545
0.975756
0.975962
0.976164
0.976363
0.976558
0.976749
0.976937
0.977121
0.977301
0.977478
0.977652
0.977822
0.977989
0.978152
0.978313
0.978471
0.978625
0.978776
0.978925
0.979070
0.979213
0.979353
0.979490
0.979625
0.979757
0.979886
0.980013
0.980137
0.980259
0.980378
0.980495
0.980610
0.980722
0.980832
0.980940
0.981046
0.981149
0.981251
0.981351
0.981448
0.981544
0.981637
0.981729
0.981819
0.981907
0.981993
0.982078
0.982161
0.982242
0.982321
0.982399
0.982475
0.982550
0.982623
0.982695
0.982765
0.982833
0.982901
0.982967
0.983031
0.983094
0.983156
0.983217
0.983276
0.983334
0.983391
0.983447
0.983501
0.983555
0.983607
0.983658
0.983708
0.983757
0.983805
0.983852
0.983898
0.983943
0.983987
0.984030
0.984072
0.984114
0.984154
0.984193
0.984232
0.984270
0.984307
0.984343
0.984379
0.984413
0.984447
0.984481
0.984513
0.984545
0.984576
0.984606
0.984636
0.984665
0.984694
0.984722
0.984749
0.984776
0.984802
0.984827
0.984852
0.984877
0.984900
0.984924
0.984947
0.984969
0.984991
0.985012
0.985033
0.985053
0.985073
0.985093
0.985112
0.985131
0.985149
0.985167
0.985184
0.985201
0.985218
0.985234
0.985250
0.985265
0.985281
0.985296
0.985310
0.985324
0.985338
0.985352
0.985365
0.985378
0.985391
0.985403
0.985415
0.985427
0.985438
0.985450
0.985461
0.985471
0.985482
0.985492
0.985502
0.985512
0.985522
0.985531
0.985540
0.985549
0.985558
0.985566
0.985575
0.985583
0.985591
0.985599
0.985606
0.985613
0.985621
0.985628
0.985635
0.985641
0.985648
0.985654
0.985661
0.985667
0.985673
0.985679
0.985684
0.985690
0.985695
0.985701
0.985706
0.985711
0.985716
0.985721
0.985725
0.985730
0.985734
0.985739
0.985743
0.985747
0.985751
0.985755
0.985759
0.985763
0.985767
0.985770
0.985774
0.985777
0.985780
0.985784
0.985787
0.985790
0.985793
0.985796
0.985799
0.985802
0.985804
0.985807
0.985810
0.985812
0.985815
0.985817
0.985820
0.985822
0.985824
0.985826
0.985829
0.985831
0.985833
0.985835
0.985837
0.985838
0.985840
0.985842
0.985844
0.985846
0.985847
0.985849
0.985850
0.985852
0.985854
0.985855
0.985856
0.985858
0.985859
0.985861
0.985862
0.985863
0.985864
0.985866
0.985867
0.985868
0.985869
0.985870
0.985871
0.985872
0.985873
0.985874
0.985875
0.985876
0.985877
0.985878
0.985879
0.985879
