0.000000
0.138629
0.208602
0.255204
0.289238
0.315668
0.337035
0.354804
0.369925
0.383009
0.394470
0.404626
0.413723
0.421943
0.429434
0.436322
0.442719
0.448721
0.454406
0.459880
0.465276
0.470775
0.476734
0.483475
0.488356
0.489621
0.489725
0.489728
0.489728
0.489728
0.489728
0.489728
0.489728
0.489728
0.489728
0.489728
0.489728
0.489728
0.489728
0.489728
0.489728
0.489728
0.489728
0.489728
0.489728
0.489728
0.489728
0.489728
0.489728
0.489728
0.489728
0.489728
0.489728
0.489728
0.489728
0.489728
0.489728
0.489728
0.489728
0.489728
0.489728
0.489728
0.489728
0.489728
0.489728
0.489728
0.489728
0.489728
0.489728
0.489728
0.489728
0.489728
0.489728
0.489728
0.489728
0.489728
0.489728
0.489728
0.489728
0.489728
0.489728
0.489728
0.489728
0.489728
0.489728
0.489728
0.489728
0.489728
0.489728
0.489728
0.489728
0.489728
0.489728
0.489728
0.489728
0.489728
0.489728
0.489728
0.489728
0.489728
0.489728
0.489728
0.489728
0.489728
0.489728
0.489728
0.489728
0.489728
0.489728
0.489728
0.489728
0.489728
0.489728
0.489728
0.489728
0.489728
0.489728
0.489728
0.489728
0.489728
0.489728
0.489728
0.489728
0.489728
0.489728
0.489728
0.489728
0.489728
0.489728
0.489728
0.489728
0.489728
0.489728
0.489728
0.489728
0.489728
0.489728
0.489728
0.489728
0.489728
0.489728
0.489728
0.489728
0.489728
0.489728
0.489728
0.489728
0.489728
0.489728
0.489728
0.489728
0.489728
0.489728
0.489728
0.489728
0.489728
0.489728
0.489728
0.489728
0.489728
0.489728
0.489728
0.489728
0.489728
0.489728
0.489728
0.489728
0.489728
0.489728
0.489728
0.489728
0.489728
0.489728
0.489728
0.489728
0.489728
0.489728
0.489728
0.489728
0.489728
0.489728
0.489728
0.489728
0.489728
0.489728
0.489728
0.489728
0.489728
0.489728
0.489728
0.489728
0.489728
0.489728
0.489728
0.489728
0.489728
0.489728
0.489728
0.489728
0.489728
0.489728
0.489728
0.489728
0.489728
0.489728
0.489728
0.489728
0.489728
0.489728
0.489728
0.489728
0.489728
0.489728
0.489728
0.489728
0.489728
0.489728
0.489728
0.489728
0.489728
0.489728
0.489728
0.489728
0.489728
0.489728
0.489728
0.489728
0.489728
0.489728
0.489728
0.489728
0.489728
0.489728
0.489728
0.489728
0.489728
0.489728
0.489728
0.489728
0.489728
0.489728
0.489728
0.489728
0.489728
0.489728
0.489728
0.489728
0.489728
0.489728
0.489728
0.489728
0.489728
0.489728
0.489728
0.489728
0.489728
0.489728
0.489728
0.489728
0.489728
0.489728
0.489728
0.489728
0.489728
0.489728
0.489728
0.489728
0.489728
0.489728
0.489728
0.489728
0.489728
0.489728
0.489728
0.489728
0.489728
0.489728
0.489728
0.489728
0.489728
0.489728
0.489728
0.489728
0.489728
0.489728
0.489728
0.489728
0.489728
0.489728
0.489728
0.489728
0.489728
0.489728
0.489728
0.489728
0.489728
0.489728
0.489728
0.489728
0.489728
0.489728
0.489728
0.489728
0.489728
0.489728
0.489728
0.489728
0.489728
0.489728
0.489728
0.489728
0.489728
0.489728
0.489728
0.489728
0.489728
0.489728
0.489728
0.489728
0.489728
0.489728
0.489728
0.489728
0.489728
0.489728
0.489728
0.489728
0.489728
0.489728
0.489728
0.489728
0.489728
0.489728
0.489728
0.489728
0.489728
0.489728
0.489728
0.489728
0.489728
0.489728
0.489728
0.489728
0.489728
0.489728
0.489728
0.489728
0.489728
0.489728
0.489728
0.489728
0.489728
0.489728
0.489728
0.489728
0.489728
0.489728
0.489728
0.489728
0.489728
0.489728
0.489728
0.489728
0.489728
0.489728
0.489728
0.489728
0.489728
0.489728
0.489728
0.489728
0.489728
0.489728
0.489728
0.489728
0.489728
0.489728
0.489728
0.489728
0.489728
0.489728
0.489728
0.489728
0.489728
0.489728
0.489728
0.489728
0.489728
0.489728
0.489728
0.489728
0.489728
0.489728
0.489728
0.489728
0.489728
0.489728
0.489728
0.489728
0.489728
0.489728
0.489728
0.489728
0.489728
0.489728
0.489728
0.489728
0.489728
0.489728
0.489728
0.489728
0.489728
0.489728
0.489728
0.489728
0.489728
0.489728
0.489728
0.489728
0.489728
0.489728
0.489728
0.489728
0.489728
0.489728
0.489728
0.489728
0.489728
0.489728
0.489728
0.489728
0.489728
0.489728
0.489728
0.489728
0.489728
0.489728
0.489728
0.489728
0.489728
0.489728
0.489728
0.489728
0.489728
0.489728
0.489728
0.489728
0.489728
0.489728
0.489728
0.489728
0.489728
0.489728
0.489728
0.489728
0.489728
0.489728
0.489728
0.489728
0.489728
0.489728
0.489728
0.489728
0.489728
0.489728
0.489728
0.489728
0.489728
0.489728
0.489728
0.489728
0.489728
0.489728
0.489728
0.489728
0.489728
0.489728
0.489728
0.489728
0.489728
0.489728
0.489728
0.489728
0.489728
0.489728
0.489728
0.489728
0.489728
0.489728
0.489728
0.489728
0.489728
0.489728
0.489728
0.489728
0.489728
0.489728
0.489728
0.489728
0.489728
0.489728
0.489728
0.489728
0.489728
0.489728
0.489728
0.489728
0.489728
0.489728
0.489728
0.489728
0.489728
0.489728
0.489728
0.489728
0.489728
0.489728
0.489728
0.489728
0.489728
0.489728
0.489728
0.489728
0.489728
0.489728
0.489728
0.489728
0.489728
0.489728
0.489728
0.489728
0.489728
0.489728
0.489728
0.489728
0.489728
0.489728
0.489728
0.489728
0.489728
0.489728
0.489728
0.489728
0.489728
0.489728
0.489728
0.489728
0.489728
0.489728
0.489728
0.489728
0.489728
0.489728
0.489728
0.489728
0.489728
0.489728
0.489728
0.489728
0.489728
0.489728
0.489728
0.489728
0.489728
0.489728
0.489728
0.489728
0.489728
0.489728
0.489728
0.489728
0.489728
0.489728
0.489728
0.489728
0.489728
0.489728
0.489728
0.489728
0.489728
0.489728
0.489728
0.489728
0.489728
0.489728
0.489728
0.489728
0.489728
0.489728
0.489728
0.489728
0.489728
0.489728
0.489728
0.489728
0.489728
0.489728
0.489728
0.489728
0.489728
