0.000000
0.256404
0.305062
0.337845
0.366446
0.391234
0.413200
0.432976
0.451028
0.467699
0.483242
0.497843
0.511662
0.524833
0.537467
0.549640
0.561446
0.573017
0.584517
0.596193
0.608691
0.621122
0.628658
0.634150
0.639486
0.644753
0.649946
0.655062
0.660097
0.665047
0.669910
0.674683
0.679363
0.683947
0.688433
0.692820
0.697106
0.701288
0.705367
0.709496
0.713339
0.717079
0.720715
0.724246
0.727673
0.730994
0.734210
0.737322
0.740330
0.743234
0.746037
0.748738
0.751340
0.753843
0.756249
0.758561
0.760779
0.762905
0.764942
0.766892
0.768756
0.770537
0.772237
0.773859
0.775404
0.776875
0.778274
0.779603
0.780866
0.782064
0.783200
0.784275
0.785293
0.786256
0.787165
0.788023
0.788832
0.789595
0.790313
0.790989
0.791624
0.792220
0.792780
0.793304
0.793796
0.794256
0.794687
0.795089
0.795464
0.795815
0.796141
0.796445
0.796729
0.796992
0.797237
0.797464
0.797675
0.797870
0.798051
0.798218
0.798373
0.798516
0.798648
0.798770
0.798883
0.798986
0.799082
0.799169
0.799250
0.799324
0.799392
0.799454
0.799511
0.799563
0.799611
0.799654
0.799694
0.799730
0.799764
0.799794
0.799821
0.799846
0.799869
0.799890
0.799908
0.799926
0.799941
0.799955
0.799968
0.799979
0.799989
0.799999
0.800007
0.800015
0.800022
0.800028
0.800033
0.800038
0.800043
0.800047
0.800050
0.800054
0.800057
0.800059
0.800061
0.800064
0.800065
0.800067
0.800069
0.800070
0.800071
0.800072
0.800073
0.800074
0.800075
0.800075
0.800076
0.800076
0.800077
0.800077
0.800078
0.800078
0.800078
0.800078
0.800079
0.800079
0.800079
0.800079
0.800079
0.800079
0.800079
0.800080
0.800080
0.800080
0.800080
0.800080
0.800080
0.800080
0.800080
0.800080
0.800080
0.800080
0.800080
0.800080
0.800080
0.800080
0.800080
0.800080
0.800080
0.800080
0.800080
0.800080
0.800080
0.800080
0.800080
0.800080
0.800080
0.800080
0.800080
0.800080
0.800080
0.800080
0.800080
0.800080
0.800080
0.800080
0.800080
0.800080
0.800080
0.800080
0.800080
0.800080
0.800080
0.800080
0.800080
0.800080
0.800080
0.800080
0.800080
0.800080
0.800080
0.800080
0.800080
0.800080
0.800080
0.800080
0.800080
0.800080
0.800080
0.800080
0.800080
0.800080
0.800080
0.800080
0.800080
0.800080
0.800080
0.800080
0.800080
0.800080
0.800080
0.800080
0.800080
0.800080
0.800080
0.800080
0.800080
0.800080
0.800080
0.800080
0.800080
0.800080
0.800080
0.800080
0.800080
0.800080
0.800080
0.800080
0.800080
0.800080
0.800080
0.800080
0.800080
0.800080
0.800080
0.800080
0.800080
0.800080
0.800080
0.800080
0.800080
0.800080
0.800080
0.800080
0.800080
0.800080
0.800080
0.800080
0.800080
0.800080
0.800080
0.800080
0.800080
0.800080
0.800080
0.800080
0.800080
0.800080
0.800080
0.800080
0.800080
0.800080
0.800080
0.800080
0.800080
0.800080
0.800080
0.800080
0.800080
0.800080
0.800080
0.800080
0.800080
0.800080
0.800080
0.800080
0.800080
0.800080
0.800080
0.800080
0.800080
0.800080
0.800080
0.800080
0.800080
0.800080
0.800080
0.800080
0.800080
0.800080
0.800080
0.800080
0.800080
0.800080
0.800080
0.800080
0.800080
0.800080
0.800080
0.800080
0.800080
0.800080
0.800080
0.800080
0.800080
0.800080
0.800080
0.800080
0.800080
0.800080
0.800080
0.800080
0.800080
0.800080
0.800080
0.800080
0.800080
0.800080
0.800080
0.800080
0.800080
0.800080
0.800080
0.800080
0.800080
0.800080
0.800080
0.800080
0.800080
0.800080
0.800080
0.800080
0.800080
0.800080
0.800080
0.800080
0.800080
0.800080
0.800080
0.800080
0.800080
0.800080
0.800080
0.800080
0.800080
0.800080
0.800080
0.800080
0.800080
0.800080
0.800080
0.800080
0.800080
0.800080
0.800080
0.800080
0.800080
0.800080
0.800080
0.800080
0.800080
0.800080
0.800080
0.800080
0.800080
0.800080
0.800080
0.800080
0.800080
0.800080
0.800080
0.800080
0.800080
0.800080
0.800080
0.800080
0.800080
0.800080
0.800080
0.800080
0.800080
0.800080
0.800080
0.800080
0.800080
0.800080
0.800080
0.800080
0.800080
0.800080
0.800080
0.800080
0.800080
0.800080
0.800080
0.800080
0.800080
0.800080
0.800080
0.800080
0.800080
0.800080
0.800080
0.800080
0.800080
0.800080
0.800080
0.800080
0.800080
0.800080
0.800080
0.800080
0.800080
0.800080
0.800080
0.800080
0.800080
0.800080
0.800080
0.800080
0.800080
0.800080
0.800080
0.800080
0.800080
0.800080
0.800080
0.800080
0.800080
0.800080
0.800080
0.800080
0.800080
0.800080
0.800080
0.800080
0.800080
0.800080
0.800080
0.800080
0.800080
0.800080
0.800080
0.800080
0.800080
0.800080
0.800080
0.800080
0.800080
0.800080
0.800080
0.800080
0.800080
0.800080
0.800080
0.800080
0.800080
0.800080
0.800080
0.800080
0.800080
0.800080
0.800080
0.800080
0.800080
0.800080
0.800080
0.800080
0.800080
0.800080
0.800080
0.800080
0.800080
0.800080
0.800080
0.800080
0.800080
0.800080
0.800080
0.800080
0.800080
0.800080
0.800080
0.800080
0.800080
0.800080
0.800080
0.800080
0.800080
0.800080
0.800080
0.800080
0.800080
0.800080
0.800080
0.800080
0.800080
0.800080
0.800080
0.800080
0.800080
0.800080
0.800080
0.800080
0.800080
0.800080
0.800080
0.800080
0.800080
0.800080
0.800080
0.800080
0.800080
0.800080
0.800080
0.800080
0.800080
0.800080
0.800080
0.800080
0.800080
0.800080
0.800080
0.800080
0.800080
0.800080
0.800080
0.800080
0.800080
0.800080
0.800080
0.800080
0.800080
0.800080
0.800080
0.800080
0.800080
0.800080
0.800080
0.800080
0.800080
0.800080
0.800080
0.800080
0.800080
0.800080
0.800080
0.800080
0.800080
0.800080
0.800080
0.800080
0.800080
0.800080
0.800080
0.800080
0.800080
0.800080
0.800080
0.800080
0.800080
0.800080
0.800080
0.800080
0.800080
0.800080
0.800080
0.800080
0.800080
0.800080
