0.000000
0.022347
0.046060
0.075835
0.117653
0.163895
0.199914
0.221090
0.232474
0.240311
0.248243
0.258060
0.262016
0.264006
0.265983
0.267955
0.269921
0.271880
0.273833
0.275780
0.277721
0.279655
0.281584
0.283506
0.285423
0.287333
0.289238
0.291137
0.293030
0.294917
0.296799
0.298675
0.300546
0.302412
0.304272
0.306126
0.307976
0.309820
0.311659
0.313538
0.315220
0.316893
0.318562
0.320226
0.321886
0.323542
0.325193
0.326841
0.328484
0.330123
0.331758
0.333389
0.335016
0.336639
0.338258
0.339872
0.341483
0.343089
0.344692
0.346291
0.347885
0.349476
0.351063
0.352645
0.354224
0.355799
0.357370
0.358938
0.360501
0.362060
0.363616
0.365168
0.366716
0.368260
0.369800
0.371337
0.372870
0.374399
0.375924
0.377446
0.378964
0.380478
0.381989
0.383495
0.384999
0.386498
0.387994
0.389486
0.390975
0.392460
0.393942
0.395420
0.396894
0.398365
0.399832
0.401296
0.402757
0.404214
0.405667
0.407117
0.408563
0.410006
0.411446
0.412882
0.414315
0.415745
0.417171
0.418594
0.420013
0.421429
0.422842
0.424251
0.425658
0.427061
0.428460
0.429857
0.431250
0.432640
0.434027
0.435411
0.436791
0.438168
0.439543
0.440914
0.442282
0.443647
0.445008
0.446367
0.447723
0.449075
0.450425
0.451771
0.453115
0.454455
0.455793
0.457128
0.458459
0.459788
0.461114
0.462437
0.463757
0.465074
0.466389
0.467700
0.469009
0.470315
0.471618
0.472918
0.474215
0.475510
0.476802
0.478091
0.479378
0.480662
0.481943
0.483222
0.484497
0.485771
0.487041
0.488309
0.489575
0.490838
0.492098
0.493355
0.494611
0.495863
0.497113
0.498361
0.499606
0.500849
0.502089
0.503327
0.504562
0.505795
0.507026
0.508254
0.509480
0.510704
0.511925
0.513144
0.514361
0.515575
0.516787
0.517997
0.519204
0.520410
0.521613
0.522814
0.524013
0.525209
0.526404
0.527596
0.528786
0.529974
0.531160
0.532344
0.533526
0.534706
0.535884
0.537059
0.538233
0.539405
0.540575
0.541743
0.542909
0.544073
0.545235
0.546395
0.547553
0.548710
0.549865
0.551017
0.552168
0.553318
0.554465
0.555610
0.556754
0.557896
0.559037
0.560175
0.561312
0.562448
0.563581
0.564713
0.565843
0.566972
0.568099
0.569225
0.570348
0.571471
0.572591
0.573711
0.574828
0.575944
0.577059
0.578172
0.579284
0.580394
0.581503
0.582610
0.583716
0.584821
0.585924
0.587026
0.588126
0.589225
0.590323
0.591419
0.592514
0.593608
0.594701
0.595792
0.596882
0.597971
0.599058
0.600145
0.601230
0.602314
0.603396
0.604478
0.605559
0.606638
0.607716
0.608793
0.609869
0.610944
0.612018
0.613091
0.614163
0.615233
0.616303
0.617372
0.618439
0.619506
0.620572
0.621637
0.622700
0.623763
0.624825
0.625886
0.626946
0.628006
0.629064
0.630122
0.631178
0.632234
0.633289
0.634343
0.635396
0.636449
0.637500
0.638551
0.639601
0.640651
0.641699
0.642747
0.643794
0.644841
0.645886
0.646931
0.647976
0.649019
0.650062
0.651104
0.652146
0.653187
0.654227
0.655266
0.656305
0.657344
0.658381
0.659418
0.660455
0.661491
0.662526
0.663561
0.664595
0.665628
0.666661
0.667694
0.668726
0.669757
0.670788
0.671818
0.672848
0.673877
0.674906
0.675934
0.676962
0.677990
0.679016
0.680043
0.681068
0.682094
0.683119
0.684143
0.685167
0.686190
0.687213
0.688236
0.689258
0.690280
0.691301
0.692322
0.693342
0.694362
0.695381
0.696400
0.697419
0.698437
0.699455
0.700472
0.701489
0.702506
0.703522
0.704537
0.705553
0.706568
0.707582
0.708596
0.709609
0.710623
0.711635
0.712648
0.713659
0.714671
0.715682
0.716693
0.717703
0.718712
0.719722
0.720731
0.721739
0.722747
0.723755
0.724762
0.725768
0.726775
0.727780
0.728786
0.729791
0.730795
0.731799
0.732802
0.733805
0.734808
0.735810
0.736811
0.737812
0.738813
0.739813
0.740812
0.741811
0.742810
0.743808
0.744805
0.745802
0.746798
0.747794
0.748789
0.749783
0.750777
0.751771
0.752764
0.753756
0.754747
0.755738
0.756728
0.757718
0.758707
0.759695
0.760683
0.761670
0.762656
0.763642
0.764627
0.765611
0.766594
0.767577
0.768559
0.769540
0.770520
0.771500
0.772479
0.773457
0.774434
0.775410
0.776386
0.777360
0.778334
0.779307
0.780279
0.781250
0.782220
0.783189
0.784157
0.785124
0.786091
0.787056
0.788020
0.788984
0.789946
0.790907
0.791867
0.792826
0.793784
0.794741
0.795697
0.796651
0.797604
0.798557
0.799508
0.800458
0.801406
0.802354
0.803300
0.804245
0.805188
0.806131
0.807072
0.808011
0.808950
0.809887
0.810822
0.811756
0.812689
0.813621
0.814550
0.815479
0.816406
0.817331
0.818255
0.819178
0.820098
0.821018
0.821935
0.822851
0.823766
0.824679
0.825590
0.826499
0.827407
0.828313
0.829217
0.830120
0.831021
0.831920
0.832817
0.833712
0.834606
0.835498
0.836387
0.837275
0.838161
0.839045
0.839927
0.840807
0.841686
0.842562
0.843436
0.844308
0.845178
0.846046
0.846911
0.847775
0.848637
0.849496
0.850353
0.851208
0.852061
0.852911
0.853760
0.854606
0.855449
0.856291
0.857130
0.857967
0.858801
0.859633
0.860463
0.861290
0.862115
0.862937
0.863757
0.864574
0.865389
0.866202
0.867012
0.867819
0.868624
0.869426
0.870225
0.871022
0.871816
0.872608
0.873397
0.874183
0.874967
0.875747
0.876526
0.877301
0.878073
0.878843
0.879610
0.880374
0.881136
0.881894
0.882650
0.883403
0.884152
0.884899
0.885643
0.886385
0.887123
0.887858
0.888590
0.889319
0.890045
0.890769
0.891489
0.892206
0.892920
0.893631
0.894339
0.895044
0.895745
0.896444
0.897139
0.897832
0.898521
0.899207
0.899890
0.900569
0.901246
0.901919
0.902589
0.903256
0.903919
0.904579
0.905236
0.905890
0.906541
0.907188
0.907832
0.908472
0.909109
0.909743
0.910374
0.911001
0.911625
0.912246
0.912863
0.913477
0.914087
0.914694
0.915298
0.915898
0.916495
0.917089
0.917679
