0.000000
0.004889
0.009454
0.013883
0.018299
0.022791
0.027440
0.032337
0.037559
0.043198
0.049352
0.056135
0.063674
0.072118
0.081670
0.092600
0.105244
0.120038
0.137658
0.159118
0.185910
0.220591
0.267929
0.337163
0.448289
0.635367
0.850383
0.941067
0.951767
0.953000
0.953995
0.954999
0.956005
0.957010
0.958008
0.958997
0.959974
0.960937
0.961884
0.962815
0.963728
0.964621
0.965494
0.966347
0.967178
0.967987
0.968775
0.969540
0.970282
0.971002
0.971699
0.972373
0.973025
0.973655
0.974262
0.974848
0.975412
0.975954
0.976476
0.976976
0.977457
0.977918
0.978360
0.978782
0.979187
0.979573
0.979943
0.980295
0.980631
0.980952
0.981257
0.981547
0.981823
0.982086
0.982335
0.982571
0.982796
0.983008
0.983210
0.983401
0.983581
0.983752
0.983913
0.984065
0.984209
0.984344
0.984472
0.984592
0.984706
0.984812
0.984913
0.985007
0.985096
0.985179
0.985257
0.985331
0.985399
0.985464
0.985524
0.985581
0.985633
0.985683
0.985729
0.985772
0.985813
0.985850
0.985886
0.985918
0.985949
0.985977
0.986004
0.986029
0.986052
0.986073
0.986093
0.986112
0.986129
0.986145
0.986160
0.986173
0.986186
0.986198
0.986209
0.986219
0.986228
0.986237
0.986245
0.986253
0.986260
0.986266
0.986272
0.986277
0.986282
0.986287
0.986291
0.986295
0.986299
0.986302
0.986305
0.986308
0.986311
0.986313
0.986316
0.986318
0.986320
0.986321
0.986323
0.986324
0.986326
0.986327
0.986328
0.986329
0.986330
0.986331
0.986332
0.986332
0.986333
0.986334
0.986334
0.986335
0.986335
0.986336
0.986336
0.986337
0.986337
0.986337
0.986337
0.986338
0.986338
0.986338
0.986338
0.986339
0.986339
0.986339
0.986339
0.986339
0.986339
0.986339
0.986339
0.986339
0.986340
0.986340
0.986340
0.986340
0.986340
0.986340
0.986340
0.986340
0.986340
0.986340
0.986340
0.986340
0.986340
0.986340
0.986340
0.986340
0.986340
0.986340
0.986340
0.986340
0.986340
0.986340
0.986340
0.986340
0.986340
0.986340
0.986340
0.986340
0.986340
0.986340
0.986340
0.986340
0.986340
0.986340
0.986340
0.986340
0.986340
0.986340
0.986340
0.986340
0.986340
0.986340
0.986340
0.986340
0.986340
0.986340
0.986340
0.986340
0.986340
0.986340
0.986340
0.986340
0.986340
0.986340
0.986340
0.986340
0.986340
0.986340
0.986340
0.986340
0.986340
0.986340
0.986340
0.986340
0.986340
0.986340
0.986340
0.986340
0.986340
0.986340
0.986340
0.986340
0.986340
0.986340
0.986340
0.986340
0.986340
0.986340
0.986340
0.986340
0.986340
0.986340
0.986340
0.986340
0.986340
0.986340
0.986340
0.986340
0.986340
0.986340
0.986340
0.986340
0.986340
0.986340
0.986340
0.986340
0.986340
0.986340
0.986340
0.986340
0.986340
0.986340
0.986340
0.986340
0.986340
0.986340
0.986340
0.986340
0.986340
0.986340
0.986340
0.986340
0.986340
0.986340
0.986340
0.986340
0.986340
0.986340
0.986340
0.986340
0.986340
0.986340
0.986340
0.986340
0.986340
0.986340
0.986340
0.986340
0.986340
0.986340
0.986340
0.986340
0.986340
0.986340
0.986340
0.986340
0.986340
0.986340
0.986340
0.986340
0.986340
0.986340
0.986340
0.986340
0.986340
0.986340
0.986340
0.986340
0.986340
0.986340
0.986340
0.986340
0.986340
0.986340
0.986340
0.986340
0.986340
0.986340
0.986340
0.986340
0.986340
0.986340
0.986340
0.986340
0.986340
0.986340
0.986340
0.986340
0.986340
0.986340
0.986340
0.986340
0.986340
0.986340
0.986340
0.986340
0.986340
0.986340
0.986340
0.986340
0.986340
0.986340
0.986340
0.986340
0.986340
0.986340
0.986340
0.986340
0.986340
0.986340
0.986340
0.986340
0.986340
0.986340
0.986340
0.986340
0.986340
0.986340
0.986340
0.986340
0.986340
0.986340
0.986340
0.986340
0.986340
0.986340
0.986340
0.986340
0.986340
0.986340
0.986340
0.986340
0.986340
0.986340
0.986340
0.986340
0.986340
0.986340
0.986340
0.986340
0.986340
0.986340
0.986340
0.986340
0.986340
0.986340
0.986340
0.986340
0.986340
0.986340
0.986340
0.986340
0.986340
0.986340
0.986340
0.986340
0.986340
0.986340
0.986340
0.986340
0.986340
0.986340
0.986340
0.986340
0.986340
0.986340
0.986340
0.986340
0.986340
0.986340
0.986340
0.986340
0.986340
0.986340
0.986340
0.986340
0.986340
0.986340
0.986340
0.986340
0.986340
0.986340
0.986340
0.986340
0.986340
0.986340
0.986340
0.986340
0.986340
0.986340
0.986340
0.986340
0.986340
0.986340
0.986340
0.986340
0.986340
0.986340
0.986340
0.986340
0.986340
0.986340
0.986340
0.986340
0.986340
0.986340
0.986340
0.986340
0.986340
0.986340
0.986340
0.986340
0.986340
0.986340
0.986340
0.986340
0.986340
0.986340
0.986340
0.986340
0.986340
0.986340
0.986340
0.986340
0.986340
0.986340
0.986340
0.986340
0.986340
0.986340
0.986340
0.986340
0.986340
0.986340
0.986340
0.986340
0.986340
0.986340
0.986340
0.986340
0.986340
0.986340
0.986340
0.986340
0.986340
0.986340
0.986340
0.986340
0.986340
0.986340
0.986340
0.986340
0.986340
0.986340
0.986340
0.986340
0.986340
0.986340
0.986340
0.986340
0.986340
0.986340
0.986340
0.986340
0.986340
0.986340
0.986340
0.986340
0.986340
0.986340
0.986340
0.986340
0.986340
0.986340
0.986340
0.986340
0.986340
0.986340
0.986340
0.986340
0.986340
0.986340
0.986340
0.986340
0.986340
0.986340
0.986340
0.986340
0.986340
0.986340
0.986340
0.986340
0.986340
0.986340
0.986340
0.986340
0.986340
0.986340
0.986340
0.986340
0.986340
0.986340
0.986340
0.986340
0.986340
0.986340
0.986340
0.986340
0.986340
0.986340
0.986340
0.986340
0.986340
0.986340
0.986340
0.986340
0.986340
0.986340
0.986340
0.986340
0.986340
0.986340
0.986340
0.986340
0.986340
0.986340
0.986340
0.986340
0.986340
0.986340
0.986340
0.986340
0.986340
0.986340
0.986340
0.986340
0.986340
0.986340
0.986340
0.986340
