0.000000
0.019326
0.039087
0.059631
0.081342
0.104592
0.130116
0.175802
0.203935
0.233858
0.269159
0.306352
0.333770
0.336986
0.315688
0.289312
0.275905
0.274623
0.276525
0.278585
0.280634
0.282672
0.284697
0.286711
0.288714
0.290707
0.292691
0.294665
0.296630
0.298588
0.300538
0.302481
0.304417
0.306347
0.308271
0.310189
0.312102
0.314009
0.315912
0.317830
0.319540
0.321270
0.323000
0.324727
0.326452
0.328173
0.329892
0.331608
0.333322
0.335033
0.336741
0.338448
0.340152
0.341853
0.343553
0.345251
0.346946
0.348640
0.350331
0.352021
0.353709
0.355395
0.357079
0.358762
0.360443
0.362123
0.363801
0.365477
0.367153
0.368826
0.370499
0.372170
0.373840
0.375509
0.377176
0.378843
0.380508
0.382173
0.383836
0.385499
0.387161
0.388822
0.390482
0.392141
0.393800
0.395458
0.397116
0.398773
0.400429
0.402085
0.403741
0.405396
0.407051
0.408706
0.410360
0.412014
0.413669
0.415322
0.416976
0.418630
0.420284
0.421938
0.423592
0.425246
0.426900
0.428554
0.430209
0.431864
0.433519
0.435175
0.436830
0.438487
0.440143
0.441801
0.443458
0.445117
0.446775
0.448435
0.450095
0.451755
0.453417
0.455079
0.456741
0.458405
0.460069
0.461734
0.463400
0.465067
0.466735
0.468403
0.470073
0.471743
0.473414
0.475087
0.476760
0.478435
0.480110
0.481787
0.483464
0.485143
0.486822
0.488503
0.490185
0.491868
0.493552
0.495238
0.496924
0.498612
0.500301
0.501991
0.503682
0.505374
0.507068
0.508763
0.510459
0.512156
0.513854
0.515554
0.517255
0.518956
0.520660
0.522364
0.524069
0.525776
0.527484
0.529193
0.530903
0.532615
0.534327
0.536041
0.537755
0.539471
0.541188
0.542906
0.544625
0.546345
0.548066
0.549789
0.551512
0.553236
0.554961
0.556687
0.558414
0.560142
0.561871
0.563600
0.565331
0.567062
0.568794
0.570527
0.572260
0.573995
0.575729
0.577465
0.579201
0.580938
0.582675
0.584413
0.586151
0.587890
0.589629
0.591369
0.593109
0.594849
0.596590
0.598331
0.600072
0.601813
0.603554
0.605296
0.607037
0.608779
0.610521
0.612262
0.614004
0.615745
0.617486
0.619227
0.620967
0.622708
0.624448
0.626187
0.627926
0.629665
0.631403
0.633140
0.634877
0.636614
0.638349
0.640084
0.641818
0.643551
0.645283
0.647014
0.648744
0.650473
0.652201
0.653928
0.655654
0.657378
0.659101
0.660823
0.662543
0.664262
0.665979
0.667695
0.669409
0.671122
0.672832
0.674541
0.676248
0.677954
0.679657
0.681358
0.683058
0.684755
0.686450
0.688143
0.689834
0.691522
0.693208
0.694891
0.696573
0.698251
0.699927
0.701601
0.703271
0.704939
0.706605
0.708267
0.709927
0.711583
0.713237
0.714888
0.716535
0.718179
0.719821
0.721458
0.723093
0.724724
0.726352
0.727977
0.729598
0.731215
0.732829
0.734439
0.736045
0.737648
0.739247
0.740842
0.742433
0.744020
0.745603
0.747182
0.748757
0.750328
0.751895
0.753457
0.755015
0.756569
0.758119
0.759664
0.761204
0.762741
0.764272
0.765799
0.767321
0.768839
0.770352
0.771860
0.773363
0.774862
0.776355
0.777844
0.779328
0.780806
0.782280
0.783749
0.785212
0.786670
0.788123
0.789571
0.791014
0.792451
0.793883
0.795309
0.796730
0.798146
0.799556
0.800961
0.802360
0.803753
0.805141
0.806523
0.807900
0.809271
0.810636
0.811995
0.813349
0.814696
0.816038
0.817374
0.818704
0.820028
0.821347
0.822659
0.823965
0.825265
0.826560
0.827848
0.829130
0.830406
0.831675
0.832939
0.834196
0.835448
0.836693
0.837932
0.839164
0.840390
0.841610
0.842824
0.844032
0.845233
0.846427
0.847616
0.848798
0.849974
0.851143
0.852306
0.853462
0.854612
0.855756
0.856893
0.858024
0.859148
0.860266
0.861377
0.862482
0.863580
0.864672
0.865757
0.866836
0.867909
0.868975
0.870034
0.871087
0.872133
0.873173
0.874206
0.875233
0.876253
0.877267
0.878274
0.879275
0.880269
0.881257
0.882238
0.883213
0.884181
0.885143
0.886098
0.887047
0.887989
0.888925
0.889854
0.890777
0.891694
0.892604
0.893508
0.894405
0.895296
0.896180
0.897058
0.897930
0.898795
0.899654
0.900507
0.901353
0.902193
0.903026
0.903854
0.904675
0.905490
0.906299
0.907101
0.907897
0.908687
0.909471
0.910249
0.911020
0.911786
0.912545
0.913298
0.914045
0.914786
0.915521
0.916251
0.916974
0.917691
0.918402
0.919107
0.919806
0.920500
0.921187
0.921869
0.922545
0.923215
0.923880
0.924538
0.925191
0.925838
0.926480
0.927116
0.927746
0.928370
0.928989
0.929603
0.930211
0.930813
0.931410
0.932002
0.932588
0.933168
0.933744
0.934313
0.934878
0.935437
0.935991
0.936540
0.937084
0.937622
0.938156
0.938684
0.939207
0.939725
0.940238
0.940745
0.941248
0.941746
0.942239
0.942727
0.943211
0.943689
0.944163
0.944631
0.945095
0.945555
0.946009
0.946459
0.946905
0.947345
0.947782
0.948213
0.948640
0.949063
0.949481
0.949895
0.950304
0.950709
0.951110
0.951506
0.951898
0.952286
0.952669
0.953049
0.953424
0.953795
0.954162
0.954525
0.954884
0.955239
0.955590
0.955937
0.956280
0.956619
0.956954
0.957286
0.957613
0.957937
0.958258
0.958574
0.958887
0.959196
0.959502
0.959804
0.960102
0.960397
0.960689
0.960977
0.961261
0.961542
0.961820
0.962095
0.962366
0.962634
0.962898
0.963159
0.963418
0.963672
0.963924
0.964173
0.964419
0.964661
0.964901
0.965137
0.965371
0.965601
0.965829
0.966054
0.966275
0.966495
0.966711
0.966924
0.967135
0.967343
0.967548
0.967751
0.967951
0.968148
0.968343
0.968535
0.968725
0.968912
0.969096
0.969278
0.969458
0.969635
0.969810
0.969983
0.970153
0.970321
0.970486
0.970650
0.970811
0.970969
0.971126
0.971281
0.971433
0.971583
0.971731
0.971877
0.972021
0.972163
0.972303
0.972441
0.972577
0.972711
0.972843
0.972973
0.973101
0.973228
0.973352
0.973475
0.973596
0.973716
0.973833
0.973949
0.974063
0.974175
