0.000000
0.014256
0.028869
0.044201
0.061605
0.085200
0.120070
0.164608
0.201881
0.230614
0.248556
0.257929
0.262422
0.264876
0.266775
0.268647
0.270584
0.272556
0.274531
0.276499
0.278461
0.280417
0.282368
0.284312
0.286250
0.288183
0.290109
0.292031
0.293946
0.295856
0.297760
0.299659
0.301552
0.303440
0.305323
0.307200
0.309072
0.310938
0.312800
0.314708
0.316419
0.318115
0.319805
0.321491
0.323173
0.324850
0.326523
0.328192
0.329857
0.331517
0.333173
0.334825
0.336472
0.338116
0.339755
0.341390
0.343021
0.344648
0.346270
0.347889
0.349503
0.351114
0.352720
0.354322
0.355920
0.357514
0.359104
0.360690
0.362272
0.363850
0.365424
0.366994
0.368560
0.370122
0.371680
0.373235
0.374785
0.376331
0.377873
0.379412
0.380946
0.382477
0.384004
0.385527
0.387046
0.388561
0.390073
0.391580
0.393084
0.394584
0.396080
0.397573
0.399061
0.400546
0.402027
0.403505
0.404979
0.406449
0.407915
0.409377
0.410836
0.412292
0.413743
0.415191
0.416635
0.418076
0.419513
0.420946
0.422376
0.423802
0.425225
0.426644
0.428060
0.429472
0.430880
0.432285
0.433686
0.435084
0.436478
0.437869
0.439257
0.440640
0.442021
0.443398
0.444771
0.446141
0.447508
0.448871
0.450231
0.451588
0.452941
0.454291
0.455637
0.456980
0.458320
0.459656
0.460989
0.462319
0.463645
0.464968
0.466288
0.467604
0.468918
0.470228
0.471534
0.472838
0.474138
0.475435
0.476729
0.478020
0.479307
0.480592
0.481873
0.483151
0.484426
0.485697
0.486966
0.488231
0.489494
0.490753
0.492009
0.493262
0.494512
0.495759
0.497003
0.498244
0.499482
0.500717
0.501948
0.503177
0.504403
0.505626
0.506845
0.508062
0.509276
0.510487
0.511695
0.512900
0.514102
0.515302
0.516498
0.517691
0.518882
0.520070
0.521254
0.522436
0.523616
0.524792
0.525965
0.527136
0.528304
0.529469
0.530631
0.531791
0.532947
0.534101
0.535253
0.536401
0.537547
0.538690
0.539830
0.540968
0.542103
0.543235
0.544364
0.545491
0.546615
0.547737
0.548856
0.549972
0.551086
0.552197
0.553305
0.554411
0.555515
0.556615
0.557714
0.558809
0.559902
0.560993
0.562081
0.563166
0.564249
0.565330
0.566407
0.567483
0.568556
0.569626
0.570695
0.571760
0.572823
0.573884
0.574943
0.575998
0.577052
0.578103
0.579152
0.580198
0.581242
0.582284
0.583323
0.584360
0.585395
0.586427
0.587457
0.588485
0.589510
0.590534
0.591554
0.592573
0.593589
0.594604
0.595615
0.596625
0.597632
0.598638
0.599641
0.600641
0.601640
0.602636
0.603631
0.604623
0.605613
0.606601
0.607586
0.608570
0.609551
0.610531
0.611508
0.612483
0.613456
0.614427
0.615396
0.616363
0.617328
0.618291
0.619251
0.620210
0.621167
0.622122
0.623074
0.624025
0.624974
0.625921
0.626866
0.627809
0.628750
0.629689
0.630626
0.631561
0.632494
0.633426
0.634355
0.635283
0.636209
0.637133
0.638055
0.638975
0.639893
0.640810
0.641724
0.642637
0.643548
0.644458
0.645365
0.646271
0.647175
0.648077
0.648977
0.649876
0.650773
0.651668
0.652562
0.653453
0.654343
0.655232
0.656118
0.657003
0.657887
0.658768
0.659648
0.660527
0.661403
0.662278
0.663152
0.664023
0.664894
0.665762
0.666629
0.667495
0.668358
0.669221
0.670081
0.670940
0.671798
0.672654
0.673509
0.674362
0.675213
0.676063
0.676911
0.677758
0.678604
0.679448
0.680290
0.681131
0.681971
0.682809
0.683646
0.684481
0.685315
0.686147
0.686978
0.687808
0.688636
0.689463
0.690288
0.691112
0.691935
0.692756
0.693576
0.694395
0.695212
0.696028
0.696842
0.697656
0.698468
0.699278
0.700087
0.700895
0.701702
0.702508
0.703312
0.704115
0.704916
0.705717
0.706516
0.707314
0.708110
0.708906
0.709700
0.710493
0.711285
0.712075
0.712865
0.713653
0.714440
0.715226
0.716010
0.716794
0.717576
0.718357
0.719137
0.719916
0.720694
0.721471
0.722246
0.723020
0.723794
0.724566
0.725337
0.726107
0.726875
0.727643
0.728410
0.729175
0.729940
0.730703
0.731465
0.732227
0.732987
0.733746
0.734504
0.735261
0.736018
0.736773
0.737527
0.738280
0.739032
0.739783
0.740533
0.741282
0.742030
0.742777
0.743523
0.744268
0.745012
0.745755
0.746497
0.747238
0.747978
0.748718
0.749456
0.750193
0.750930
0.751665
0.752400
0.753133
0.753866
0.754598
0.755329
0.756059
0.756788
0.757516
0.758243
0.758969
0.759695
0.760419
0.761143
0.761865
0.762587
0.763308
0.764028
0.764747
0.765466
0.766183
0.766900
0.767615
0.768330
0.769044
0.769757
0.770469
0.771181
0.771891
0.772601
0.773310
0.774018
0.774725
0.775431
0.776137
0.776842
0.777545
0.778248
0.778950
0.779652
0.780352
0.781052
0.781751
0.782449
0.783146
0.783842
0.784538
0.785233
0.785927
0.786620
0.787312
0.788004
0.788694
0.789384
0.790073
0.790761
0.791449
0.792135
0.792821
0.793506
0.794191
0.794874
0.795557
0.796238
0.796919
0.797600
0.798279
0.798958
0.799635
0.800312
0.800988
0.801664
0.802338
0.803012
0.803685
0.804357
0.805029
0.805699
0.806369
0.807038
0.807706
0.808373
0.809040
0.809705
0.810370
0.811034
0.811698
0.812360
0.813022
0.813683
0.814343
0.815002
0.815660
0.816318
0.816974
0.817630
0.818285
0.818940
0.819593
0.820246
0.820897
0.821548
0.822198
0.822848
0.823496
0.824144
0.824790
0.825436
0.826081
0.826725
0.827369
0.828011
0.828653
0.829293
0.829933
0.830572
0.831211
0.831848
0.832484
0.833120
0.833754
0.834388
0.835021
0.835653
0.836284
0.836914
0.837544
0.838172
0.838800
0.839426
0.840052
0.840677
0.841300
0.841923
0.842545
0.843167
0.843787
0.844406
0.845024
0.845642
0.846258
0.846873
0.847488
0.848101
0.848714
0.849326
0.849936
0.850546
0.851155
0.851762
0.852369
0.852975
0.853580
0.854183
0.854786
0.855388
0.855989
0.856588
0.857187
0.857785
0.858381
0.858977
0.859572
0.860165
0.860758
