0.000000
0.014284
0.043266
0.049922
0.057016
0.064645
0.072895
0.081879
0.091746
0.102677
0.114888
0.128630
0.144242
0.162184
0.183078
0.207739
0.237342
0.273795
0.320253
0.382157
0.469203
0.598684
0.756677
0.730632
0.574697
0.541837
0.545115
0.549931
0.554888
0.559958
0.565125
0.570376
0.575701
0.581094
0.586547
0.592054
0.597609
0.603209
0.608848
0.614700
0.620283
0.625912
0.631572
0.637259
0.642967
0.648693
0.654433
0.660184
0.665940
0.671700
0.677458
0.683212
0.688958
0.694692
0.700412
0.706114
0.711794
0.717450
0.723077
0.728674
0.734238
0.739764
0.745252
0.750697
0.756097
0.761449
0.766752
0.772003
0.777199
0.782338
0.787419
0.792439
0.797396
0.802289
0.807116
0.811875
0.816565
0.821185
0.825734
0.830210
0.834612
0.838939
0.843191
0.847367
0.851466
0.855488
0.859432
0.863298
0.867086
0.870795
0.874426
0.877979
0.881453
0.884849
0.888167
0.891407
0.894571
0.897657
0.900668
0.903603
0.906463
0.909249
0.911962
0.914602
0.917171
0.919668
0.922096
0.924455
0.926746
0.928971
0.931129
0.933224
0.935254
0.937223
0.939130
0.940978
0.942766
0.944498
0.946173
0.947793
0.949359
0.950872
0.952334
0.953747
0.955110
0.956426
0.957695
0.958919
0.960099
0.961236
0.962332
0.963387
0.964404
0.965381
0.966322
0.967227
0.968098
0.968934
0.969738
0.970511
0.971252
0.971964
0.972648
0.973304
0.973933
0.974536
0.975115
0.975669
0.976201
0.976710
0.977197
0.977664
0.978110
0.978538
0.978947
0.979338
0.979712
0.980069
0.980411
0.980738
0.981050
0.981348
0.981632
0.981904
0.982163
0.982410
0.982646
0.982871
0.983086
0.983290
0.983485
0.983671
0.983848
0.984017
0.984178
0.984331
0.984477
0.984615
0.984747
0.984873
0.984993
0.985106
0.985214
0.985317
0.985415
0.985508
0.985596
0.985680
0.985760
0.985836
0.985908
0.985976
0.986041
0.986103
0.986161
0.986217
0.986270
0.986320
0.986367
0.986412
0.986455
0.986496
0.986534
0.986571
0.986605
0.986638
0.986669
0.986699
0.986726
0.986753
0.986778
0.986802
0.986824
0.986846
0.986866
0.986885
0.986903
0.986920
0.986937
0.986952
0.986967
0.986980
0.986993
0.987006
0.987018
0.987029
0.987039
0.987049
0.987059
0.987067
0.987076
0.987084
0.987091
0.987098
0.987105
0.987112
0.987118
0.987123
0.987129
0.987134
0.987139
0.987143
0.987148
0.987152
0.987156
0.987159
0.987163
0.987166
0.987169
0.987172
0.987175
0.987177
0.987180
0.987182
0.987184
0.987186
0.987188
0.987190
0.987192
0.987194
0.987195
0.987197
0.987198
0.987200
0.987201
0.987202
0.987203
0.987204
0.987205
0.987206
0.987207
0.987208
0.987209
0.987209
0.987210
0.987211
0.987211
0.987212
0.987213
0.987213
0.987214
0.987214
0.987215
0.987215
0.987216
0.987216
0.987216
0.987217
0.987217
0.987217
0.987218
0.987218
0.987218
0.987218
0.987219
0.987219
0.987219
0.987219
0.987219
0.987220
0.987220
0.987220
0.987220
0.987220
0.987220
0.987220
0.987221
0.987221
0.987221
0.987221
0.987221
0.987221
0.987221
0.987221
0.987221
0.987221
0.987221
0.987222
0.987222
0.987222
0.987222
0.987222
0.987222
0.987222
0.987222
0.987222
0.987222
0.987222
0.987222
0.987222
0.987222
0.987222
0.987222
0.987222
0.987222
0.987222
0.987222
0.987222
0.987222
0.987222
0.987222
0.987222
0.987222
0.987222
0.987222
0.987222
0.987222
0.987222
0.987222
0.987222
0.987223
0.987223
0.987223
0.987223
0.987223
0.987223
0.987223
0.987223
0.987223
0.987223
0.987223
0.987223
0.987223
0.987223
0.987223
0.987223
0.987223
0.987223
0.987223
0.987223
0.987223
0.987223
0.987223
0.987223
0.987223
0.987223
0.987223
0.987223
0.987223
0.987223
0.987223
0.987223
0.987223
0.987223
0.987223
0.987223
0.987223
0.987223
0.987223
0.987223
0.987223
0.987223
0.987223
0.987223
0.987223
0.987223
0.987223
0.987223
0.987223
0.987223
0.987223
0.987223
0.987223
0.987223
0.987223
0.987223
0.987223
0.987223
0.987223
0.987223
0.987223
0.987223
0.987223
0.987223
0.987223
0.987223
0.987223
0.987223
0.987223
0.987223
0.987223
0.987223
0.987223
0.987223
0.987223
0.987223
0.987223
0.987223
0.987223
0.987223
0.987223
0.987223
0.987223
0.987223
0.987223
0.987223
0.987223
0.987223
0.987223
0.987223
0.987223
0.987223
0.987223
0.987223
0.987223
0.987223
0.987223
0.987223
0.987223
0.987223
0.987223
0.987223
0.987223
0.987223
0.987223
0.987223
0.987223
0.987223
0.987223
0.987223
0.987223
0.987223
0.987223
0.987223
0.987223
0.987223
0.987223
0.987223
0.987223
0.987223
0.987223
0.987223
0.987223
0.987223
0.987223
0.987223
0.987223
0.987223
0.987223
0.987223
0.987223
0.987223
0.987223
0.987223
0.987223
0.987223
0.987223
0.987223
0.987223
0.987223
0.987223
0.987223
0.987223
0.987223
0.987223
0.987223
0.987223
0.987223
0.987223
0.987223
0.987223
0.987223
0.987223
0.987223
0.987223
0.987223
0.987223
0.987223
0.987223
0.987223
0.987223
0.987223
0.987223
0.987223
0.987223
0.987223
0.987223
0.987223
0.987223
0.987223
0.987223
0.987223
0.987223
0.987223
0.987223
0.987223
0.987223
0.987223
0.987223
0.987223
0.987223
0.987223
0.987223
0.987223
0.987223
0.987223
0.987223
0.987223
0.987223
0.987223
0.987223
0.987223
0.987223
0.987223
0.987223
0.987223
0.987223
0.987223
0.987223
0.987223
0.987223
0.987223
0.987223
0.987223
0.987223
0.987223
0.987223
0.987223
0.987223
0.987223
0.987223
0.987223
0.987223
0.987223
0.987223
0.987223
0.987223
0.987223
0.987223
0.987223
0.987223
0.987223
0.987223
0.987223
0.987223
0.987223
0.987223
0.987223
0.987223
0.987223
0.987223
0.987223
0.987223
0.987223
0.987223
0.987223
0.987223
0.987223
0.987223
0.987223
0.987223
0.987223
0.987223
0.987223
0.987223
0.987223
0.987223
0.987223
0.987223
0.987223
