0.000000
0.047290
0.100345
0.163936
0.239649
0.270866
0.210309
0.186622
0.195698
0.205281
0.214382
0.223113
0.231609
0.240038
0.248631
0.258082
0.267667
0.271517
0.274003
0.276487
0.278984
0.281495
0.284020
0.286559
0.289112
0.291680
0.294263
0.296861
0.299474
0.302103
0.304748
0.307409
0.310086
0.312780
0.315491
0.318220
0.320966
0.323729
0.326511
0.329356
0.331974
0.334634
0.337316
0.340019
0.342743
0.345488
0.348254
0.351042
0.353850
0.356680
0.359530
0.362403
0.365296
0.368211
0.371147
0.374104
0.377083
0.380083
0.383105
0.386148
0.389212
0.392296
0.395402
0.398529
0.401677
0.404845
0.408034
0.411244
0.414473
0.417723
0.420992
0.424281
0.427589
0.430917
0.434264
0.437629
0.441012
0.444414
0.447834
0.451271
0.454725
0.458197
0.461684
0.465188
0.468708
0.472243
0.475793
0.479358
0.482937
0.486530
0.490137
0.493756
0.497387
0.501031
0.504686
0.508352
0.512029
0.515716
0.519413
0.523118
0.526832
0.530554
0.534284
0.538020
0.541763
0.545511
0.549265
0.553024
0.556786
0.560553
0.564322
0.568094
0.571867
0.575642
0.579417
0.583192
0.586967
0.590741
0.594513
0.598283
0.602049
0.605813
0.609572
0.613326
0.617075
0.620819
0.624555
0.628285
0.632007
0.635721
0.639426
0.643121
0.646807
0.650482
0.654146
0.657798
0.661439
0.665066
0.668680
0.672280
0.675866
0.679437
0.682993
0.686533
0.690056
0.693562
0.697052
0.700523
0.703976
0.707410
0.710825
0.714220
0.717595
0.720950
0.724283
0.727595
0.730886
0.734154
0.737400
0.740623
0.743823
0.746999
0.750151
0.753279
0.756383
0.759461
0.762515
0.765543
0.768545
0.771521
0.774472
0.777395
0.780292
0.783163
0.786006
0.788822
0.791610
0.794371
0.797104
0.799809
0.802486
0.805134
0.807755
0.810347
0.812910
0.815445
0.817951
0.820428
0.822877
0.825296
0.827687
0.830049
0.832382
0.834686
0.836961
0.839207
0.841424
0.843612
0.845772
0.847903
0.850005
0.852078
0.854123
0.856139
0.858127
0.860086
0.862017
0.863921
0.865796
0.867643
0.869463
0.871255
0.873019
0.874756
0.876467
0.878150
0.879806
0.881436
0.883040
0.884617
0.886168
0.887693
0.889193
0.890667
0.892116
0.893540
0.894939
0.896314
0.897664
0.898990
0.900292
0.901571
0.902826
0.904058
0.905268
0.906454
0.907618
0.908760
0.909880
0.910979
0.912056
0.913111
0.914146
0.915161
0.916155
0.917129
0.918083
0.919017
0.919932
0.920828
0.921706
0.922565
0.923405
0.924228
0.925033
0.925820
0.926591
0.927344
0.928081
0.928801
0.929505
0.930194
0.930866
0.931524
0.932166
0.932793
0.933406
0.934004
0.934589
0.935159
0.935716
0.936259
0.936790
0.937307
0.937812
0.938304
0.938785
0.939253
0.939710
0.940155
0.940589
0.941011
0.941423
0.941825
0.942216
0.942597
0.942967
0.943329
0.943680
0.944022
0.944355
0.944679
0.944995
0.945302
0.945600
0.945890
0.946172
0.946447
0.946713
0.946973
0.947225
0.947469
0.947707
0.947938
0.948163
0.948380
0.948592
0.948797
0.948997
0.949190
0.949378
0.949560
0.949737
0.949908
0.950074
0.950236
0.950392
0.950543
0.950690
0.950832
0.950970
0.951104
0.951233
0.951359
0.951480
0.951597
0.951711
0.951821
0.951928
0.952031
0.952131
0.952227
0.952320
0.952411
0.952498
0.952582
0.952664
0.952743
0.952819
0.952892
0.952963
0.953032
0.953098
0.953162
0.953224
0.953284
0.953341
0.953397
0.953451
0.953502
0.953552
0.953600
0.953647
0.953691
0.953735
0.953776
0.953816
0.953855
0.953892
0.953928
0.953962
0.953996
0.954028
0.954058
0.954088
0.954117
0.954144
0.954170
0.954196
0.954220
0.954244
0.954266
0.954288
0.954309
0.954329
0.954348
0.954367
0.954385
0.954402
0.954418
0.954434
0.954449
0.954463
0.954477
0.954491
0.954504
0.954516
0.954528
0.954539
0.954550
0.954560
0.954570
0.954580
0.954589
0.954598
0.954606
0.954614
0.954622
0.954629
0.954636
0.954643
0.954650
0.954656
0.954662
0.954667
0.954673
0.954678
0.954683
0.954688
0.954692
0.954697
0.954701
0.954705
0.954708
0.954712
0.954715
0.954719
0.954722
0.954725
0.954728
0.954730
0.954733
0.954736
0.954738
0.954740
0.954742
0.954744
0.954746
0.954748
0.954750
0.954752
0.954753
0.954755
0.954756
0.954758
0.954759
0.954760
0.954761
0.954763
0.954764
0.954765
0.954766
0.954767
0.954767
0.954768
0.954769
0.954770
0.954771
0.954771
0.954772
0.954773
0.954773
0.954774
0.954774
0.954775
0.954775
0.954776
0.954776
0.954776
0.954777
0.954777
0.954778
0.954778
0.954778
0.954778
0.954779
0.954779
0.954779
0.954780
0.954780
0.954780
0.954780
0.954780
0.954781
0.954781
0.954781
0.954781
0.954781
0.954781
0.954781
0.954782
0.954782
0.954782
0.954782
0.954782
0.954782
0.954782
0.954782
0.954782
0.954782
0.954782
0.954782
0.954783
0.954783
0.954783
0.954783
0.954783
0.954783
0.954783
0.954783
0.954783
0.954783
0.954783
0.954783
0.954783
0.954783
0.954783
0.954783
0.954783
0.954783
0.954783
0.954783
0.954783
0.954783
0.954783
0.954783
0.954783
0.954783
0.954783
0.954783
0.954783
0.954783
0.954783
0.954783
0.954783
0.954783
0.954783
0.954783
0.954783
0.954783
0.954783
0.954783
0.954783
0.954783
0.954783
0.954783
0.954783
0.954783
0.954783
0.954783
0.954783
0.954783
0.954783
0.954783
0.954783
0.954783
0.954783
0.954783
0.954783
0.954783
0.954783
0.954783
0.954783
0.954783
0.954783
0.954783
0.954783
0.954783
0.954783
0.954783
0.954783
0.954783
0.954783
0.954783
0.954783
0.954783
0.954783
0.954783
0.954783
0.954783
0.954783
0.954783
0.954783
0.954783
0.954783
0.954783
0.954783
0.954783
0.954783
0.954783
0.954783
0.954783
0.954783
0.954783
0.954783
0.954783
0.954783
0.954783
0.954783
0.954783
0.954783
0.954783
0.954783
0.954783
0.954783
0.954783
0.954783
0.954783
0.954783
0.954783
