0.179260
0.441815
0.556317
0.588391
0.616204
0.640196
0.661361
0.680326
0.697553
0.713383
0.728069
0.741795
0.754718
0.766975
0.778676
0.789899
0.800734
0.811312
0.821796
0.832428
0.843824
0.855343
0.862086
0.866541
0.870797
0.874971
0.879059
0.883059
0.886970
0.890788
0.894513
0.898143
0.901677
0.905113
0.908452
0.911692
0.914833
0.917876
0.920820
0.923779
0.926512
0.929151
0.931695
0.934146
0.936505
0.938772
0.940950
0.943039
0.945041
0.946958
0.948791
0.950544
0.952216
0.953812
0.955332
0.956779
0.958155
0.959463
0.960704
0.961881
0.962996
0.964052
0.965050
0.965994
0.966884
0.967724
0.968515
0.969260
0.969961
0.970619
0.971238
0.971817
0.972361
0.972870
0.973346
0.973791
0.974206
0.974594
0.974955
0.975292
0.975605
0.975896
0.976167
0.976418
0.976651
0.976867
0.977067
0.977251
0.977422
0.977580
0.977726
0.977860
0.977984
0.978097
0.978202
0.978298
0.978387
0.978468
0.978542
0.978610
0.978672
0.978729
0.978781
0.978829
0.978872
0.978911
0.978947
0.978980
0.979010
0.979037
0.979061
0.979084
0.979104
0.979122
0.979139
0.979154
0.979167
0.979179
0.979190
0.979200
0.979209
0.979217
0.979225
0.979231
0.979237
0.979242
0.979247
0.979251
0.979255
0.979258
0.979261
0.979264
0.979267
0.979269
0.979271
0.979272
0.979274
0.979275
0.979276
0.979277
0.979278
0.979279
0.979280
0.979281
0.979281
0.979282
0.979282
0.979283
0.979283
0.979283
0.979284
0.979284
0.979284
0.979284
0.979284
0.979285
0.979285
0.979285
0.979285
0.979285
0.979285
0.979285
0.979285
0.979285
0.979285
0.979285
0.979285
0.979285
0.979285
0.979285
0.979285
0.979285
0.979285
0.979285
0.979285
0.979285
0.979286
0.979286
0.979286
0.979286
0.979286
0.979286
0.979286
0.979286
0.979286
0.979286
0.979286
0.979286
0.979286
0.979286
0.979286
0.979286
0.979286
0.979286
0.979286
0.979286
0.979286
0.979286
0.979286
0.979286
0.979286
0.979286
0.979286
0.979286
0.979286
0.979286
0.979286
0.979286
0.979286
0.979286
0.979286
0.979286
0.979286
0.979286
0.979286
0.979286
0.979286
0.979286
0.979286
0.979286
0.979286
0.979286
0.979286
0.979286
0.979286
0.979286
0.979286
0.979286
0.979286
0.979286
0.979286
0.979286
0.979286
0.979286
0.979286
0.979286
0.979286
0.979286
0.979286
0.979286
0.979286
0.979286
0.979286
0.979286
0.979286
0.979286
0.979286
0.979286
0.979286
0.979286
0.979286
0.979286
0.979286
0.979286
0.979286
0.979286
0.979286
0.979286
0.979286
0.979286
0.979286
0.979286
0.979286
0.979286
0.979286
0.979286
0.979286
0.979286
0.979286
0.979286
0.979286
0.979286
0.979286
0.979286
0.979286
0.979286
0.979286
0.979286
0.979286
0.979286
0.979286
0.979286
0.979286
0.979286
0.979286
0.979286
0.979286
0.979286
0.979286
0.979286
0.979286
0.979286
0.979286
0.979286
0.979286
0.979286
0.979286
0.979286
0.979286
0.979286
0.979286
0.979286
0.979286
0.979286
0.979286
0.979286
0.979286
0.979286
0.979286
0.979286
0.979286
0.979286
0.979286
0.979286
0.979286
0.979286
0.979286
0.979286
0.979286
0.979286
0.979286
0.979286
0.979286
0.979286
0.979286
0.979286
0.979286
0.979286
0.979286
0.979286
0.979286
0.979286
0.979286
0.979286
0.979286
0.979286
0.979286
0.979286
0.979286
0.979286
0.979286
0.979286
0.979286
0.979286
0.979286
0.979286
0.979286
0.979286
0.979286
0.979286
0.979286
0.979286
0.979286
0.979286
0.979286
0.979286
0.979286
0.979286
0.979286
0.979286
0.979286
0.979286
0.979286
0.979286
0.979286
0.979286
0.979286
0.979286
0.979286
0.979286
0.979286
0.979286
0.979286
0.979286
0.979286
0.979286
0.979286
0.979286
0.979286
0.979286
0.979286
0.979286
0.979286
0.979286
0.979286
0.979286
0.979286
0.979286
0.979286
0.979286
0.979286
0.979286
0.979286
0.979286
0.979286
0.979286
0.979286
0.979286
0.979286
0.979286
0.979286
0.979286
0.979286
0.979286
0.979286
0.979286
0.979286
0.979286
0.979286
0.979286
0.979286
0.979286
0.979286
0.979286
0.979286
0.979286
0.979286
0.979286
0.979286
0.979286
0.979286
0.979286
0.979286
0.979286
0.979286
0.979286
0.979286
0.979286
0.979286
0.979286
0.979286
0.979286
0.979286
0.979286
0.979286
0.979286
0.979286
0.979286
0.979286
0.979286
0.979286
0.979286
0.979286
0.979286
0.979286
0.979286
0.979286
0.979286
0.979286
0.979286
0.979286
0.979286
0.979286
0.979286
0.979286
0.979286
0.979286
0.979286
0.979286
0.979286
0.979286
0.979286
0.979286
0.979286
0.979286
0.979286
0.979286
0.979286
0.979286
0.979286
0.979286
0.979286
0.979286
0.979286
0.979286
0.979286
0.979286
0.979286
0.979286
0.979286
0.979286
0.979286
0.979286
0.979286
0.979286
0.979286
0.979286
0.979286
0.979286
0.979286
0.979286
0.979286
0.979286
0.979286
0.979286
0.979286
0.979286
0.979286
0.979286
0.979286
0.979286
0.979286
0.979286
0.979286
0.979286
0.979286
0.979286
0.979286
0.979286
0.979286
0.979286
0.979286
0.979286
0.979286
0.979286
0.979286
0.979286
0.979286
0.979286
0.979286
0.979286
0.979286
0.979286
0.979286
0.979286
0.979286
0.979286
0.979286
0.979286
0.979286
0.979286
0.979286
0.979286
0.979286
0.979286
0.979286
0.979286
0.979286
0.979286
0.979286
0.979286
0.979286
0.979286
0.979286
0.979286
0.979286
0.979286
0.979286
0.979286
0.979286
0.979286
0.979286
0.979286
0.979286
0.979286
0.979286
0.979286
0.979286
0.979286
0.979286
0.979286
0.979286
0.979286
0.979286
0.979286
0.979286
0.979286
0.979286
0.979286
0.979286
0.979286
0.979286
0.979286
0.979286
0.979286
0.979286
0.979286
0.979286
0.979286
0.979286
0.979286
0.979286
0.979286
0.979286
0.979286
0.979286
0.979286
0.979286
0.979286
0.979286
0.979286
0.979286
0.979286
0.979286
0.979286
0.979286
0.979286
0.979286
0.979286
0.979286
