0.012731
0.026987
0.041600
0.056932
0.074331
0.097891
0.132691
0.177174
0.214451
0.243235
0.261232
0.270639
0.275145
0.277601
0.279499
0.281370
0.283307
0.285279
0.287253
0.289222
0.291184
0.293140
0.295090
0.297034
0.298972
0.300905
0.302831
0.304752
0.306668
0.308577
0.310482
0.312380
0.314274
0.316161
0.318044
0.319921
0.321793
0.323659
0.325521
0.327429
0.329139
0.330835
0.332525
0.334211
0.335893
0.337570
0.339243
0.340912
0.342576
0.344236
0.345892
0.347544
0.349191
0.350834
0.352474
0.354108
0.355739
0.357366
0.358988
0.360607
0.362221
0.363831
0.365437
0.367039
0.368637
0.370231
0.371821
0.373407
0.374989
0.376567
0.378140
0.379710
0.381276
0.382838
0.384396
0.385950
0.387500
0.389046
0.390588
0.392126
0.393661
0.395191
0.396718
0.398241
0.399760
0.401275
0.402786
0.404294
0.405797
0.407297
0.408793
0.410285
0.411774
0.413259
0.414740
0.416217
0.417690
0.419160
0.420626
0.422089
0.423547
0.425003
0.426454
0.427902
0.429346
0.430786
0.432223
0.433656
0.435086
0.436512
0.437934
0.439353
0.440769
0.442180
0.443589
0.444993
0.446395
0.447792
0.449186
0.450577
0.451964
0.453348
0.454728
0.456105
0.457478
0.458848
0.460215
0.461578
0.462938
0.464294
0.465647
0.466996
0.468343
0.469685
0.471025
0.472361
0.473694
0.475023
0.476350
0.477673
0.478992
0.480309
0.481622
0.482931
0.484238
0.485541
0.486842
0.488138
0.489432
0.490723
0.492010
0.493294
0.494575
0.495853
0.497128
0.498399
0.499668
0.500933
0.502195
0.503454
0.504710
0.505963
0.507213
0.508460
0.509704
0.510944
0.512182
0.513417
0.514648
0.515877
0.517103
0.518325
0.519545
0.520762
0.521975
0.523186
0.524394
0.525599
0.526801
0.528000
0.529196
0.530390
0.531580
0.532768
0.533952
0.535134
0.536313
0.537489
0.538663
0.539833
0.541001
0.542166
0.543328
0.544487
0.545644
0.546798
0.547949
0.549097
0.550243
0.551386
0.552526
0.553664
0.554798
0.555931
0.557060
0.558187
0.559311
0.560432
0.561551
0.562667
0.563781
0.564892
0.566000
0.567106
0.568209
0.569310
0.570408
0.571504
0.572597
0.573687
0.574775
0.575860
0.576943
0.578024
0.579102
0.580177
0.581250
0.582320
0.583388
0.584454
0.585517
0.586578
0.587636
0.588692
0.589746
0.590797
0.591845
0.592892
0.593936
0.594977
0.596017
0.597054
0.598088
0.599121
0.600151
0.601178
0.602204
0.603227
0.604248
0.605266
0.606283
0.607297
0.608309
0.609318
0.610326
0.611331
0.612334
0.613335
0.614333
0.615330
0.616324
0.617316
0.618306
0.619294
0.620280
0.621264
0.622245
0.623224
0.624202
0.625177
0.626150
0.627121
0.628090
0.629057
0.630022
0.630985
0.631946
0.632904
0.633861
0.634816
0.635769
0.636720
0.637669
0.638616
0.639561
0.640504
0.641445
0.642384
0.643321
0.644256
0.645190
0.646121
0.647051
0.647979
0.648905
0.649829
0.650751
0.651671
0.652589
0.653506
0.654421
0.655334
0.656245
0.657155
0.658062
0.658968
0.659872
0.660775
0.661675
0.662574
0.663471
0.664366
0.665260
0.666152
0.667042
0.667931
0.668818
0.669703
0.670586
0.671468
0.672348
0.673227
0.674104
0.674979
0.675852
0.676724
0.677595
0.678464
0.679331
0.680197
0.681061
0.681923
0.682784
0.683643
0.684501
0.685357
0.686212
0.687065
0.687917
0.688767
0.689616
0.690463
0.691309
0.692153
0.692996
0.693837
0.694677
0.695516
0.696353
0.697188
0.698022
0.698855
0.699686
0.700516
0.701345
0.702172
0.702997
0.703822
0.704645
0.705466
0.706287
0.707106
0.707923
0.708739
0.709554
0.710368
0.711180
0.711991
0.712801
0.713609
0.714416
0.715222
0.716027
0.716830
0.717632
0.718433
0.719232
0.720030
0.720827
0.721623
0.722418
0.723211
0.724003
0.724794
0.725584
0.726373
0.727160
0.727946
0.728731
0.729515
0.730298
0.731080
0.731860
0.732639
0.733418
0.734195
0.734970
0.735745
0.736519
0.737291
0.738063
0.738833
0.739603
0.740371
0.741138
0.741904
0.742669
0.743433
0.744195
0.744957
0.745718
0.746478
0.747236
0.747994
0.748750
0.749506
0.750261
0.751014
0.751767
0.752518
0.753269
0.754018
0.754767
0.755514
0.756261
0.757006
0.757751
0.758495
0.759237
0.759979
0.760720
0.761459
0.762198
0.762936
0.763673
0.764409
0.765144
0.765878
0.766612
0.767344
0.768075
0.768806
0.769535
0.770264
0.770992
0.771719
0.772445
0.773170
0.773894
0.774617
0.775339
0.776061
0.776782
0.777501
0.778220
0.778938
0.779655
0.780372
0.781087
0.781802
0.782515
0.783228
0.783940
0.784651
0.785362
0.786071
0.786780
0.787487
0.788194
0.788900
0.789606
0.790310
0.791014
0.791717
0.792418
0.793120
0.793820
0.794519
0.795218
0.795916
0.796613
0.797309
0.798004
0.798699
0.799393
0.800086
0.800778
0.801469
0.802159
0.802849
0.803538
0.804226
0.804913
0.805600
0.806285
0.806970
0.807654
0.808338
0.809020
0.809702
0.810382
0.811062
0.811742
0.812420
0.813098
0.813774
0.814450
0.815126
0.815800
0.816474
0.817146
0.817818
0.818490
0.819160
0.819830
0.820498
0.821166
0.821833
0.822500
0.823165
0.823830
0.824494
0.825157
0.825819
0.826481
0.827141
0.827801
0.828460
0.829118
0.829775
0.830432
0.831088
0.831742
0.832396
0.833050
0.833702
0.834354
0.835004
0.835654
0.836303
0.836951
0.837599
0.838245
0.838891
0.839535
0.840179
0.840822
0.841465
0.842106
0.842746
0.843386
0.844025
0.844663
0.845299
0.845936
0.846571
0.847205
0.847839
0.848471
0.849103
0.849734
0.850363
0.850992
0.851620
0.852248
0.852874
0.853499
0.854124
0.854747
0.855370
0.855991
0.856612
0.857232
0.857850
0.858468
0.859085
0.859701
0.860316
0.860930
0.861543
0.862155
0.862767
0.863377
0.863986
0.864594
0.865201
0.865808
0.866413
0.867017
0.867620
0.868223
0.868824
0.869424
0.870023
0.870621
0.871218
0.871814
0.872409
0.873003
0.873596
