0.010938
0.023261
0.035987
0.049399
0.064178
0.081378
0.091887
0.104632
0.122865
0.149151
0.182232
0.216200
0.244167
0.262620
0.272416
0.276764
0.278797
0.280364
0.282098
0.284011
0.285979
0.287947
0.289909
0.291865
0.293815
0.295759
0.297698
0.299631
0.301559
0.303481
0.305397
0.307308
0.309214
0.311114
0.313009
0.314899
0.316783
0.318662
0.320536
0.322455
0.324174
0.325880
0.327581
0.329278
0.330971
0.332659
0.334343
0.336022
0.337698
0.339369
0.341036
0.342699
0.344357
0.346012
0.347662
0.349308
0.350950
0.352588
0.354221
0.355851
0.357476
0.359098
0.360715
0.362328
0.363937
0.365543
0.367144
0.368741
0.370334
0.371923
0.373508
0.375090
0.376667
0.378240
0.379810
0.381375
0.382937
0.384494
0.386048
0.387598
0.389144
0.390687
0.392225
0.393760
0.395291
0.396818
0.398341
0.399860
0.401376
0.402888
0.404396
0.405901
0.407402
0.408899
0.410392
0.411882
0.413368
0.414850
0.416329
0.417804
0.419276
0.420744
0.422208
0.423669
0.425126
0.426580
0.428030
0.429476
0.430919
0.432359
0.433795
0.435227
0.436657
0.438082
0.439504
0.440923
0.442338
0.443750
0.445159
0.446564
0.447965
0.449364
0.450759
0.452150
0.453539
0.454924
0.456305
0.457684
0.459059
0.460431
0.461799
0.463165
0.464527
0.465886
0.467241
0.468594
0.469943
0.471289
0.472632
0.473972
0.475308
0.476642
0.477972
0.479299
0.480623
0.481944
0.483262
0.484577
0.485889
0.487198
0.488504
0.489807
0.491106
0.492403
0.493697
0.494988
0.496276
0.497561
0.498843
0.500122
0.501398
0.502671
0.503942
0.505209
0.506474
0.507736
0.508995
0.510251
0.511504
0.512755
0.514002
0.515247
0.516489
0.517729
0.518966
0.520199
0.521431
0.522659
0.523885
0.525108
0.526328
0.527546
0.528761
0.529974
0.531184
0.532391
0.533595
0.534797
0.535997
0.537194
0.538388
0.539580
0.540769
0.541955
0.543140
0.544321
0.545500
0.546677
0.547851
0.549023
0.550192
0.551359
0.552523
0.553685
0.554845
0.556002
0.557157
0.558309
0.559459
0.560607
0.561752
0.562895
0.564036
0.565174
0.566310
0.567444
0.568576
0.569705
0.570832
0.571957
0.573079
0.574200
0.575318
0.576434
0.577547
0.578659
0.579768
0.580876
0.581981
0.583084
0.584184
0.585283
0.586380
0.587474
0.588567
0.589657
0.590745
0.591832
0.592916
0.593998
0.595078
0.596156
0.597232
0.598307
0.599379
0.600449
0.601517
0.602584
0.603648
0.604710
0.605771
0.606830
0.607886
0.608941
0.609994
0.611045
0.612094
0.613142
0.614187
0.615231
0.616273
0.617313
0.618351
0.619388
0.620422
0.621455
0.622487
0.623516
0.624544
0.625570
0.626594
0.627616
0.628637
0.629656
0.630674
0.631689
0.632703
0.633716
0.634727
0.635736
0.636743
0.637749
0.638753
0.639756
0.640757
0.641756
0.642754
0.643750
0.644745
0.645738
0.646730
0.647720
0.648708
0.649695
0.650681
0.651665
0.652647
0.653628
0.654608
0.655586
0.656562
0.657537
0.658511
0.659483
0.660454
0.661423
0.662391
0.663357
0.664322
0.665286
0.666248
0.667209
0.668169
0.669127
0.670084
0.671039
0.671993
0.672946
0.673897
0.674847
0.675796
0.676743
0.677690
0.678634
0.679578
0.680520
0.681461
0.682401
0.683339
0.684276
0.685212
0.686147
0.687080
0.688012
0.688943
0.689872
0.690801
0.691728
0.692654
0.693579
0.694502
0.695425
0.696346
0.697266
0.698185
0.699102
0.700019
0.700934
0.701848
0.702761
0.703673
0.704584
0.705493
0.706402
0.707309
0.708215
0.709120
0.710024
0.710927
0.711828
0.712729
0.713628
0.714527
0.715424
0.716320
0.717215
0.718109
0.719002
0.719894
0.720784
0.721674
0.722563
0.723450
0.724337
0.725222
0.726106
0.726990
0.727872
0.728753
0.729633
0.730512
0.731390
0.732267
0.733143
0.734018
0.734892
0.735765
0.736637
0.737508
0.738378
0.739246
0.740114
0.740981
0.741847
0.742711
0.743575
0.744438
0.745300
0.746160
0.747020
0.747879
0.748736
0.749593
0.750449
0.751303
0.752157
0.753009
0.753861
0.754712
0.755561
0.756410
0.757258
0.758104
0.758950
0.759795
0.760638
0.761481
0.762323
0.763163
0.764003
0.764841
0.765679
0.766516
0.767351
0.768186
0.769020
0.769852
0.770684
0.771515
0.772344
0.773173
0.774000
0.774827
0.775653
0.776477
0.777301
0.778123
0.778945
0.779765
0.780585
0.781403
0.782221
0.783037
0.783852
0.784667
0.785480
0.786292
0.787103
0.787914
0.788723
0.789531
0.790338
0.791144
0.791949
0.792753
0.793556
0.794358
0.795158
0.795958
0.796757
0.797554
0.798351
0.799146
0.799940
0.800734
0.801526
0.802317
0.803107
0.803896
0.804683
0.805470
0.806256
0.807040
0.807823
0.808606
0.809387
0.810167
0.810946
0.811723
0.812500
0.813275
0.814049
0.814823
0.815595
0.816365
0.817135
0.817903
0.818671
0.819437
0.820202
0.820966
0.821728
0.822489
0.823250
0.824009
0.824766
0.825523
0.826278
0.827032
0.827785
0.828537
0.829287
0.830036
0.830784
0.831531
0.832276
0.833020
0.833763
0.834505
0.835245
0.835984
0.836722
0.837458
0.838193
0.838927
0.839660
0.840391
0.841121
0.841849
0.842577
0.843302
0.844027
0.844750
0.845472
0.846192
0.846912
0.847629
0.848346
0.849061
0.849774
0.850486
0.851197
0.851906
0.852614
0.853321
0.854026
0.854730
0.855432
0.856133
0.856832
0.857530
0.858226
0.858921
0.859615
0.860307
0.860997
0.861686
0.862374
0.863060
0.863744
0.864427
0.865109
0.865789
0.866467
0.867144
0.867820
0.868493
0.869166
0.869836
0.870505
0.871173
0.871839
0.872503
0.873166
0.873827
0.874487
0.875145
0.875801
0.876456
0.877109
0.877761
0.878411
0.879059
0.879705
0.880350
0.880994
0.881635
0.882275
0.882913
0.883550
0.884185
0.884818
0.885450
0.886079
0.886707
0.887334
0.887959
0.888581
0.889203
0.889822
0.890440
0.891056
0.891670
0.892282
0.892893
0.893502
0.894109
0.894715
0.895318
0.895920
