0.179256
0.440955
0.542536
0.574756
0.602747
0.626919
0.648266
0.667414
0.684827
0.700846
0.715724
0.729645
0.742768
0.755226
0.767132
0.778563
0.789610
0.800403
0.811105
0.821960
0.833591
0.845306
0.852216
0.856888
0.861369
0.865769
0.870085
0.874313
0.878453
0.882501
0.886455
0.890314
0.894076
0.897740
0.901305
0.904770
0.908134
0.911398
0.914561
0.917745
0.920690
0.923538
0.926289
0.928944
0.931502
0.933966
0.936336
0.938613
0.940800
0.942897
0.944906
0.946830
0.948669
0.950427
0.952104
0.953704
0.955228
0.956679
0.958059
0.959370
0.960614
0.961794
0.962913
0.963971
0.964972
0.965918
0.966810
0.967653
0.968446
0.969193
0.969896
0.970557
0.971177
0.971759
0.972304
0.972815
0.973293
0.973740
0.974157
0.974546
0.974910
0.975248
0.975563
0.975856
0.976128
0.976381
0.976615
0.976833
0.977034
0.977220
0.977393
0.977552
0.977699
0.977834
0.977959
0.978074
0.978180
0.978277
0.978366
0.978448
0.978523
0.978592
0.978655
0.978713
0.978766
0.978814
0.978858
0.978898
0.978934
0.978968
0.978998
0.979026
0.979050
0.979073
0.979094
0.979112
0.979129
0.979145
0.979158
0.979171
0.979182
0.979192
0.979201
0.979210
0.979217
0.979224
0.979230
0.979235
0.979240
0.979244
0.979248
0.979252
0.979255
0.979258
0.979260
0.979262
0.979264
0.979266
0.979268
0.979269
0.979270
0.979272
0.979273
0.979273
0.979274
0.979275
0.979275
0.979276
0.979276
0.979277
0.979277
0.979278
0.979278
0.979278
0.979278
0.979279
0.979279
0.979279
0.979279
0.979279
0.979279
0.979279
0.979279
0.979280
0.979280
0.979280
0.979280
0.979280
0.979280
0.979280
0.979280
0.979280
0.979280
0.979280
0.979280
0.979280
0.979280
0.979280
0.979280
0.979280
0.979280
0.979280
0.979280
0.979280
0.979280
0.979280
0.979280
0.979280
0.979280
0.979280
0.979280
0.979280
0.979280
0.979280
0.979280
0.979280
0.979280
0.979280
0.979280
0.979280
0.979280
0.979280
0.979280
0.979280
0.979280
0.979280
0.979280
0.979280
0.979280
0.979280
0.979280
0.979280
0.979280
0.979280
0.979280
0.979280
0.979280
0.979280
0.979280
0.979280
0.979280
0.979280
0.979280
0.979280
0.979280
0.979280
0.979280
0.979280
0.979280
0.979280
0.979280
0.979280
0.979280
0.979280
0.979280
0.979280
0.979280
0.979280
0.979280
0.979280
0.979280
0.979280
0.979280
0.979280
0.979280
0.979280
0.979280
0.979280
0.979280
0.979280
0.979280
0.979280
0.979280
0.979280
0.979280
0.979280
0.979280
0.979280
0.979280
0.979280
0.979280
0.979280
0.979280
0.979280
0.979280
0.979280
0.979280
0.979280
0.979280
0.979280
0.979280
0.979280
0.979280
0.979280
0.979280
0.979280
0.979280
0.979280
0.979280
0.979280
0.979280
0.979280
0.979280
0.979280
0.979280
0.979280
0.979280
0.979280
0.979280
0.979280
0.979280
0.979280
0.979280
0.979280
0.979280
0.979280
0.979280
0.979280
0.979280
0.979280
0.979280
0.979280
0.979280
0.979280
0.979280
0.979280
0.979280
0.979280
0.979280
0.979280
0.979280
0.979280
0.979280
0.979280
0.979280
0.979280
0.979280
0.979280
0.979280
0.979280
0.979280
0.979280
0.979280
0.979280
0.979280
0.979280
0.979280
0.979280
0.979280
0.979280
0.979280
0.979280
0.979280
0.979280
0.979280
0.979280
0.979280
0.979280
0.979280
0.979280
0.979280
0.979280
0.979280
0.979280
0.979280
0.979280
0.979280
0.979280
0.979280
0.979280
0.979280
0.979280
0.979280
0.979280
0.979280
0.979280
0.979280
0.979280
0.979280
0.979280
0.979280
0.979280
0.979280
0.979280
0.979280
0.979280
0.979280
0.979280
0.979280
0.979280
0.979280
0.979280
0.979280
0.979280
0.979280
0.979280
0.979280
0.979280
0.979280
0.979280
0.979280
0.979280
0.979280
0.979280
0.979280
0.979280
0.979280
0.979280
0.979280
0.979280
0.979280
0.979280
0.979280
0.979280
0.979280
0.979280
0.979280
0.979280
0.979280
0.979280
0.979280
0.979280
0.979280
0.979280
0.979280
0.979280
0.979280
0.979280
0.979280
0.979280
0.979280
0.979280
0.979280
0.979280
0.979280
0.979280
0.979280
0.979280
0.979280
0.979280
0.979280
0.979280
0.979280
0.979280
0.979280
0.979280
0.979280
0.979280
0.979280
0.979280
0.979280
0.979280
0.979280
0.979280
0.979280
0.979280
0.979280
0.979280
0.979280
0.979280
0.979280
0.979280
0.979280
0.979280
0.979280
0.979280
0.979280
0.979280
0.979280
0.979280
0.979280
0.979280
0.979280
0.979280
0.979280
0.979280
0.979280
0.979280
0.979280
0.979280
0.979280
0.979280
0.979280
0.979280
0.979280
0.979280
0.979280
0.979280
0.979280
0.979280
0.979280
0.979280
0.979280
0.979280
0.979280
0.979280
0.979280
0.979280
0.979280
0.979280
0.979280
0.979280
0.979280
0.979280
0.979280
0.979280
0.979280
0.979280
0.979280
0.979280
0.979280
0.979280
0.979280
0.979280
0.979280
0.979280
0.979280
0.979280
0.979280
0.979280
0.979280
0.979280
0.979280
0.979280
0.979280
0.979280
0.979280
0.979280
0.979280
0.979280
0.979280
0.979280
0.979280
0.979280
0.979280
0.979280
0.979280
0.979280
0.979280
0.979280
0.979280
0.979280
0.979280
0.979280
0.979280
0.979280
0.979280
0.979280
0.979280
0.979280
0.979280
0.979280
0.979280
0.979280
0.979280
0.979280
0.979280
0.979280
0.979280
0.979280
0.979280
0.979280
0.979280
0.979280
0.979280
0.979280
0.979280
0.979280
0.979280
0.979280
0.979280
0.979280
0.979280
0.979280
0.979280
0.979280
0.979280
0.979280
0.979280
0.979280
0.979280
0.979280
0.979280
0.979280
0.979280
0.979280
0.979280
0.979280
0.979280
0.979280
0.979280
0.979280
0.979280
0.979280
0.979280
0.979280
0.979280
0.979280
0.979280
0.979280
0.979280
0.979280
0.979280
0.979280
0.979280
0.979280
0.979280
0.979280
0.979280
0.979280
0.979280
0.979280
0.979280
0.979280
0.979280
0.979280
0.979280
0.979280
0.979280
0.979280
