0.011723
0.024869
0.038365
0.052495
0.067604
0.084509
0.104155
0.119307
0.140265
0.169310
0.203509
0.235526
0.258799
0.271670
0.276958
0.278776
0.279950
0.281493
0.283371
0.285339
0.287307
0.289269
0.291225
0.293176
0.295120
0.297059
0.298993
0.300920
0.302842
0.304759
0.306670
0.308575
0.310476
0.312371
0.314260
0.316144
0.318024
0.319897
0.321766
0.323677
0.325388
0.327089
0.328785
0.330477
0.332164
0.333847
0.335527
0.337201
0.338872
0.340538
0.342201
0.343859
0.345513
0.347163
0.348809
0.350451
0.352088
0.353722
0.355351
0.356977
0.358599
0.360216
0.361830
0.363439
0.365045
0.366647
0.368244
0.369838
0.371428
0.373014
0.374596
0.376174
0.377749
0.379319
0.380886
0.382449
0.384008
0.385564
0.387115
0.388663
0.390207
0.391748
0.393284
0.394817
0.396347
0.397872
0.399394
0.400912
0.402427
0.403938
0.405446
0.406949
0.408450
0.409946
0.411440
0.412929
0.414415
0.415898
0.417377
0.418853
0.420325
0.421793
0.423259
0.424721
0.426179
0.427634
0.429086
0.430534
0.431979
0.433420
0.434859
0.436294
0.437725
0.439154
0.440579
0.442001
0.443419
0.444834
0.446247
0.447656
0.449061
0.450464
0.451863
0.453260
0.454653
0.456043
0.457430
0.458814
0.460194
0.461572
0.462947
0.464318
0.465687
0.467052
0.468415
0.469775
0.471131
0.472485
0.473836
0.475184
0.476529
0.477871
0.479210
0.480546
0.481880
0.483211
0.484538
0.485863
0.487186
0.488505
0.489822
0.491136
0.492447
0.493755
0.495061
0.496364
0.497665
0.498962
0.500257
0.501550
0.502840
0.504127
0.505411
0.506693
0.507973
0.509250
0.510524
0.511796
0.513065
0.514332
0.515596
0.516858
0.518117
0.519374
0.520629
0.521881
0.523131
0.524378
0.525623
0.526865
0.528106
0.529343
0.530579
0.531812
0.533043
0.534272
0.535498
0.536722
0.537944
0.539164
0.540381
0.541596
0.542809
0.544020
0.545229
0.546435
0.547640
0.548842
0.550042
0.551240
0.552436
0.553630
0.554822
0.556012
0.557200
0.558385
0.559569
0.560751
0.561930
0.563108
0.564284
0.565458
0.566630
0.567800
0.568968
0.570134
0.571298
0.572461
0.573621
0.574780
0.575937
0.577092
0.578245
0.579397
0.580546
0.581694
0.582840
0.583985
0.585127
0.586268
0.587408
0.588545
0.589681
0.590815
0.591947
0.593078
0.594207
0.595335
0.596460
0.597585
0.598707
0.599828
0.600948
0.602065
0.603182
0.604296
0.605409
0.606521
0.607631
0.608740
0.609847
0.610952
0.612057
0.613159
0.614260
0.615360
0.616458
0.617555
0.618651
0.619745
0.620837
0.621928
0.623018
0.624107
0.625194
0.626279
0.627364
0.628447
0.629528
0.630609
0.631688
0.632765
0.633842
0.634917
0.635991
0.637063
0.638135
0.639205
0.640273
0.641341
0.642407
0.643472
0.644536
0.645599
0.646660
0.647720
0.648779
0.649837
0.650894
0.651949
0.653004
0.654057
0.655109
0.656160
0.657210
0.658258
0.659306
0.660352
0.661397
0.662441
0.663484
0.664526
0.665567
0.666607
0.667645
0.668683
0.669720
0.670755
0.671789
0.672823
0.673855
0.674886
0.675916
0.676946
0.677974
0.679001
0.680027
0.681052
0.682076
0.683099
0.684121
0.685142
0.686162
0.687181
0.688199
0.689216
0.690232
0.691247
0.692261
0.693274
0.694286
0.695297
0.696307
0.697316
0.698324
0.699331
0.700338
0.701343
0.702347
0.703350
0.704353
0.705354
0.706355
0.707354
0.708353
0.709350
0.710347
0.711342
0.712337
0.713331
0.714324
0.715316
0.716306
0.717296
0.718285
0.719273
0.720260
0.721247
0.722232
0.723216
0.724199
0.725182
0.726163
0.727143
0.728123
0.729101
0.730079
0.731055
0.732031
0.733006
0.733979
0.734952
0.735924
0.736894
0.737864
0.738833
0.739801
0.740768
0.741733
0.742698
0.743662
0.744625
0.745587
0.746548
0.747507
0.748466
0.749424
0.750381
0.751337
0.752292
0.753245
0.754198
0.755150
0.756100
0.757050
0.757999
0.758946
0.759892
0.760838
0.761782
0.762725
0.763668
0.764609
0.765549
0.766488
0.767426
0.768362
0.769298
0.770233
0.771166
0.772098
0.773029
0.773959
0.774888
0.775816
0.776743
0.777668
0.778592
0.779516
0.780437
0.781358
0.782278
0.783196
0.784113
0.785029
0.785944
0.786858
0.787770
0.788681
0.789591
0.790499
0.791407
0.792313
0.793218
0.794121
0.795023
0.795924
0.796824
0.797722
0.798619
0.799515
0.800409
0.801302
0.802194
0.803084
0.803973
0.804861
0.805747
0.806632
0.807515
0.808397
0.809278
0.810157
0.811035
0.811911
0.812786
0.813659
0.814531
0.815401
0.816270
0.817138
0.818004
0.818868
0.819731
0.820593
0.821453
0.822311
0.823168
0.824023
0.824877
0.825729
0.826580
0.827429
0.828276
0.829122
0.829966
0.830809
0.831649
0.832489
0.833326
0.834162
0.834996
0.835829
0.836660
0.837489
0.838316
0.839142
0.839966
0.840788
0.841609
0.842427
0.843244
0.844059
0.844873
0.845685
0.846494
0.847302
0.848108
0.848913
0.849715
0.850516
0.851315
0.852112
0.852907
0.853700
0.854491
0.855281
0.856068
0.856854
0.857637
0.858419
0.859199
0.859977
0.860752
0.861526
0.862298
0.863068
0.863836
0.864602
0.865366
0.866128
0.866887
0.867645
0.868401
0.869154
0.869906
0.870656
0.871403
0.872148
0.872892
0.873633
0.874372
0.875109
0.875843
0.876576
0.877306
0.878035
0.878761
0.879485
0.880207
0.880926
0.881644
0.882359
0.883072
0.883783
0.884491
0.885198
0.885902
0.886604
0.887303
0.888001
0.888696
0.889388
0.890079
0.890767
0.891453
0.892137
0.892818
0.893497
0.894174
0.894848
0.895520
0.896190
0.896857
0.897522
0.898185
0.898845
0.899503
0.900159
0.900812
0.901463
0.902111
0.902757
0.903401
0.904042
0.904681
0.905317
0.905951
0.906582
0.907212
0.907838
0.908462
0.909084
0.909703
0.910320
0.910935
0.911547
0.912156
0.912763
0.913368
0.913970
0.914569
0.915166
0.915761
0.916353
0.916943
0.917530
0.918114
0.918696
0.919276
