0.012067
0.016980
0.021574
0.026038
0.030495
0.035035
0.039742
0.044706
0.050002
0.055723
0.061970
0.068856
0.076512
0.085091
0.094799
0.105911
0.118775
0.133837
0.151786
0.173672
0.201052
0.236575
0.285169
0.356368
0.470576
0.658124
0.858437
0.935504
0.944326
0.945923
0.947380
0.948850
0.950326
0.951797
0.953256
0.954705
0.956142
0.957563
0.958966
0.960348
0.961707
0.963043
0.964353
0.965637
0.966893
0.968121
0.969319
0.970488
0.971627
0.972736
0.973813
0.974860
0.975876
0.976861
0.977815
0.978738
0.979631
0.980494
0.981326
0.982130
0.982904
0.983649
0.984367
0.985056
0.985719
0.986355
0.986966
0.987551
0.988112
0.988648
0.989162
0.989653
0.990122
0.990569
0.990997
0.991404
0.991792
0.992162
0.992514
0.992848
0.993166
0.993468
0.993755
0.994028
0.994286
0.994530
0.994762
0.994982
0.995189
0.995386
0.995571
0.995747
0.995912
0.996069
0.996216
0.996355
0.996486
0.996609
0.996726
0.996835
0.996938
0.997034
0.997125
0.997210
0.997290
0.997365
0.997436
0.997502
0.997564
0.997622
0.997676
0.997727
0.997774
0.997819
0.997860
0.997899
0.997935
0.997969
0.998001
0.998030
0.998058
0.998083
0.998107
0.998129
0.998150
0.998169
0.998187
0.998204
0.998220
0.998234
0.998247
0.998260
0.998271
0.998282
0.998292
0.998301
0.998310
0.998318
0.998325
0.998332
0.998338
0.998344
0.998349
0.998354
0.998359
0.998363
0.998367
0.998371
0.998374
0.998377
0.998380
0.998383
0.998385
0.998387
0.998389
0.998391
0.998393
0.998395
0.998396
0.998397
0.998399
0.998400
0.998401
0.998402
0.998403
0.998404
0.998404
0.998405
0.998406
0.998406
0.998407
0.998407
0.998408
0.998408
0.998409
0.998409
0.998409
0.998409
0.998410
0.998410
0.998410
0.998410
0.998411
0.998411
0.998411
0.998411
0.998411
0.998411
0.998411
0.998412
0.998412
0.998412
0.998412
0.998412
0.998412
0.998412
0.998412
0.998412
0.998412
0.998412
0.998412
0.998412
0.998412
0.998412
0.998412
0.998412
0.998412
0.998412
0.998412
0.998412
0.998412
0.998412
0.998412
0.998412
0.998412
0.998412
0.998412
0.998412
0.998412
0.998412
0.998413
0.998413
0.998413
0.998413
0.998413
0.998413
0.998413
0.998413
0.998413
0.998413
0.998413
0.998413
0.998413
0.998413
0.998413
0.998413
0.998413
0.998413
0.998413
0.998413
0.998413
0.998413
0.998413
0.998413
0.998413
0.998413
0.998413
0.998413
0.998413
0.998413
0.998413
0.998413
0.998413
0.998413
0.998413
0.998413
0.998413
0.998413
0.998413
0.998413
0.998413
0.998413
0.998413
0.998413
0.998413
0.998413
0.998413
0.998413
0.998413
0.998413
0.998413
0.998413
0.998413
0.998413
0.998413
0.998413
0.998413
0.998413
0.998413
0.998413
0.998413
0.998413
0.998413
0.998413
0.998413
0.998413
0.998413
0.998413
0.998413
0.998413
0.998413
0.998413
0.998413
0.998413
0.998413
0.998413
0.998413
0.998413
0.998413
0.998413
0.998413
0.998413
0.998413
0.998413
0.998413
0.998413
0.998413
0.998413
0.998413
0.998413
0.998413
0.998413
0.998413
0.998413
0.998413
0.998413
0.998413
0.998413
0.998413
0.998413
0.998413
0.998413
0.998413
0.998413
0.998413
0.998413
0.998413
0.998413
0.998413
0.998413
0.998413
0.998413
0.998413
0.998413
0.998413
0.998413
0.998413
0.998413
0.998413
0.998413
0.998413
0.998413
0.998413
0.998413
0.998413
0.998413
0.998413
0.998413
0.998413
0.998413
0.998413
0.998413
0.998413
0.998413
0.998413
0.998413
0.998413
0.998413
0.998413
0.998413
0.998413
0.998413
0.998413
0.998413
0.998413
0.998413
0.998413
0.998413
0.998413
0.998413
0.998413
0.998413
0.998413
0.998413
0.998413
0.998413
0.998413
0.998413
0.998413
0.998413
0.998413
0.998413
0.998413
0.998413
0.998413
0.998413
0.998413
0.998413
0.998413
0.998413
0.998413
0.998413
0.998413
0.998413
0.998413
0.998413
0.998413
0.998413
0.998413
0.998413
0.998413
0.998413
0.998413
0.998413
0.998413
0.998413
0.998413
0.998413
0.998413
0.998413
0.998413
0.998413
0.998413
0.998413
0.998413
0.998413
0.998413
0.998413
0.998413
0.998413
0.998413
0.998413
0.998413
0.998413
0.998413
0.998413
0.998413
0.998413
0.998413
0.998413
0.998413
0.998413
0.998413
0.998413
0.998413
0.998413
0.998413
0.998413
0.998413
0.998413
0.998413
0.998413
0.998413
0.998413
0.998413
0.998413
0.998413
0.998413
0.998413
0.998413
0.998413
0.998413
0.998413
0.998413
0.998413
0.998413
0.998413
0.998413
0.998413
0.998413
0.998413
0.998413
0.998413
0.998413
0.998413
0.998413
0.998413
0.998413
0.998413
0.998413
0.998413
0.998413
0.998413
0.998413
0.998413
0.998413
0.998413
0.998413
0.998413
0.998413
0.998413
0.998413
0.998413
0.998413
0.998413
0.998413
0.998413
0.998413
0.998413
0.998413
0.998413
0.998413
0.998413
0.998413
0.998413
0.998413
0.998413
0.998413
0.998413
0.998413
0.998413
0.998413
0.998413
0.998413
0.998413
0.998413
0.998413
0.998413
0.998413
0.998413
0.998413
0.998413
0.998413
0.998413
0.998413
0.998413
0.998413
0.998413
0.998413
0.998413
0.998413
0.998413
0.998413
0.998413
0.998413
0.998413
0.998413
0.998413
0.998413
0.998413
0.998413
0.998413
0.998413
0.998413
0.998413
0.998413
0.998413
0.998413
0.998413
0.998413
0.998413
0.998413
0.998413
0.998413
0.998413
0.998413
0.998413
0.998413
0.998413
0.998413
0.998413
0.998413
0.998413
0.998413
0.998413
0.998413
0.998413
0.998413
0.998413
0.998413
0.998413
0.998413
0.998413
0.998413
0.998413
0.998413
0.998413
0.998413
0.998413
0.998413
0.998413
0.998413
0.998413
0.998413
0.998413
0.998413
0.998413
0.998413
0.998413
0.998413
0.998413
0.998413
0.998413
0.998413
0.998413
0.998413
0.998413
0.998413
0.998413
0.998413
0.998413
0.998413
0.998413
0.998413
0.998413
0.998413
0.998413
0.998413
0.998413
0.998413
