0.032536
0.070034
0.110759
0.157340
0.213162
0.270614
0.285177
0.251444
0.236663
0.243632
0.252043
0.260245
0.268411
0.276806
0.286357
0.294520
0.297199
0.299335
0.301471
0.303610
0.305752
0.307896
0.310044
0.312194
0.314348
0.316505
0.318665
0.320830
0.322998
0.325171
0.327348
0.329530
0.331717
0.333909
0.336106
0.338309
0.340518
0.342733
0.344954
0.347210
0.349252
0.351322
0.353401
0.355488
0.357585
0.359689
0.361803
0.363925
0.366056
0.368197
0.370346
0.372506
0.374674
0.376853
0.379041
0.381239
0.383447
0.385665
0.387893
0.390132
0.392382
0.394642
0.396912
0.399194
0.401486
0.403789
0.406103
0.408429
0.410765
0.413113
0.415472
0.417843
0.420225
0.422618
0.425023
0.427440
0.429868
0.432308
0.434759
0.437222
0.439697
0.442183
0.444681
0.447191
0.449713
0.452246
0.454790
0.457346
0.459914
0.462493
0.465084
0.467686
0.470300
0.472925
0.475561
0.478208
0.480866
0.483535
0.486216
0.488906
0.491608
0.494320
0.497043
0.499776
0.502519
0.505273
0.508036
0.510809
0.513592
0.516384
0.519186
0.521997
0.524817
0.527646
0.530483
0.533329
0.536183
0.539046
0.541916
0.544794
0.547680
0.550572
0.553472
0.556379
0.559292
0.562212
0.565138
0.568070
0.571007
0.573950
0.576898
0.579851
0.582809
0.585771
0.588737
0.591708
0.594682
0.597659
0.600639
0.603622
0.606608
0.609596
0.612586
0.615577
0.618570
0.621564
0.624559
0.627555
0.630550
0.633546
0.636541
0.639536
0.642529
0.645522
0.648512
0.651501
0.654488
0.657473
0.660454
0.663433
0.666408
0.669379
0.672347
0.675310
0.678269
0.681223
0.684172
0.687115
0.690052
0.692984
0.695909
0.698828
0.701739
0.704644
0.707541
0.710430
0.713311
0.716184
0.719048
0.721903
0.724749
0.727586
0.730413
0.733230
0.736036
0.738832
0.741618
0.744392
0.747156
0.749907
0.752647
0.755375
0.758091
0.760794
0.763485
0.766162
0.768827
0.771478
0.774116
0.776739
0.779349
0.781945
0.784526
0.787093
0.789644
0.792181
0.794703
0.797209
0.799700
0.802175
0.804635
0.807078
0.809505
0.811916
0.814311
0.816688
0.819049
0.821394
0.823721
0.826031
0.828324
0.830599
0.832857
0.835098
0.837321
0.839526
0.841713
0.843882
0.846033
0.848167
0.850281
0.852378
0.854456
0.856516
0.858558
0.860581
0.862586
0.864572
0.866539
0.868488
0.870418
0.872329
0.874222
0.876096
0.877951
0.879787
0.881605
0.883404
0.885184
0.886945
0.888688
0.890412
0.892117
0.893804
0.895471
0.897121
0.898751
0.900364
0.901957
0.903533
0.905089
0.906628
0.908148
0.909650
0.911133
0.912599
0.914047
0.915476
0.916888
0.918282
0.919658
0.921016
0.922357
0.923680
0.924986
0.926275
0.927546
0.928800
0.930038
0.931258
0.932461
0.933648
0.934818
0.935972
0.937109
0.938230
0.939335
0.940424
0.941497
0.942554
0.943595
0.944621
0.945632
0.946627
0.947607
0.948572
0.949522
0.950457
0.951377
0.952283
0.953175
0.954053
0.954916
0.955765
0.956601
0.957423
0.958231
0.959026
0.959807
0.960575
0.961331
0.962073
0.962803
0.963520
0.964225
0.964918
0.965598
0.966266
0.966923
0.967567
0.968201
0.968822
0.969433
0.970032
0.970620
0.971197
0.971764
0.972320
0.972866
0.973401
0.973926
0.974441
0.974946
0.975441
0.975927
0.976403
0.976870
0.977327
0.977776
0.978216
0.978646
0.979068
0.979482
0.979887
0.980284
0.980672
0.981053
0.981425
0.981790
0.982147
0.982497
0.982839
0.983174
0.983501
0.983822
0.984136
0.984443
0.984743
0.985036
0.985323
0.985604
0.985878
0.986147
0.986409
0.986665
0.986915
0.987160
0.987399
0.987633
0.987861
0.988084
0.988302
0.988514
0.988722
0.988924
0.989122
0.989315
0.989503
0.989687
0.989867
0.990042
0.990213
0.990379
0.990542
0.990700
0.990854
0.991005
0.991152
0.991295
0.991435
0.991571
0.991703
0.991832
0.991958
0.992080
0.992200
0.992316
0.992429
0.992539
0.992646
0.992751
0.992853
0.992951
0.993048
0.993141
0.993233
0.993321
0.993407
0.993491
0.993573
0.993652
0.993729
0.993804
0.993877
0.993948
0.994017
0.994084
0.994148
0.994212
0.994273
0.994332
0.994390
0.994446
0.994501
0.994554
0.994605
0.994655
0.994703
0.994750
0.994796
0.994840
0.994883
0.994925
0.994965
0.995004
0.995042
0.995079
0.995114
0.995149
0.995182
0.995215
0.995246
0.995276
0.995306
0.995334
0.995362
0.995389
0.995415
0.995440
0.995464
0.995488
0.995510
0.995532
0.995554
0.995574
0.995594
0.995613
0.995632
0.995650
0.995667
0.995684
0.995700
0.995716
0.995731
0.995746
0.995760
0.995774
0.995787
0.995800
0.995812
0.995824
0.995836
0.995847
0.995857
0.995868
0.995878
0.995887
0.995897
0.995906
0.995914
0.995923
0.995931
0.995938
0.995946
0.995953
0.995960
0.995967
0.995973
0.995979
0.995985
0.995991
0.995996
0.996002
0.996007
0.996012
0.996017
0.996021
0.996025
0.996030
0.996034
0.996038
0.996041
0.996045
0.996049
0.996052
0.996055
0.996058
0.996061
0.996064
0.996067
0.996069
0.996072
0.996074
0.996077
0.996079
0.996081
0.996083
0.996085
0.996087
0.996089
0.996091
0.996092
0.996094
0.996096
0.996097
0.996098
0.996100
0.996101
0.996102
0.996104
0.996105
0.996106
0.996107
0.996108
0.996109
0.996110
0.996111
0.996111
0.996112
0.996113
0.996114
0.996115
0.996115
0.996116
0.996116
0.996117
0.996118
0.996118
0.996119
0.996119
0.996120
0.996120
0.996121
0.996121
0.996121
0.996122
0.996122
0.996122
0.996123
0.996123
0.996123
0.996124
0.996124
0.996124
0.996124
0.996125
0.996125
0.996125
0.996125
0.996126
0.996126
0.996126
0.996126
0.996126
0.996126
0.996126
0.996127
0.996127
0.996127
0.996127
0.996127
0.996127
0.996127
0.996127
0.996128
0.996128
0.996128
0.996128
0.996128
0.996128
0.996128
0.996128
0.996128
0.996128
0.996128
0.996128
0.996128
0.996128
0.996128
0.996128
