0.011432
0.021854
0.026580
0.031333
0.036216
0.041324
0.046747
0.052558
0.058847
0.065723
0.073313
0.081764
0.091248
0.101990
0.114296
0.128570
0.145330
0.165323
0.189736
0.220475
0.260715
0.315997
0.396924
0.516218
0.623496
0.643566
0.643525
0.647775
0.652589
0.657531
0.662571
0.667692
0.672879
0.678121
0.683407
0.688729
0.694081
0.699457
0.704850
0.710447
0.715772
0.721111
0.726454
0.731798
0.737136
0.742465
0.747781
0.753080
0.758357
0.763610
0.768835
0.774029
0.779187
0.784308
0.789388
0.794425
0.799415
0.804356
0.809245
0.814081
0.818860
0.823580
0.828240
0.832838
0.837372
0.841840
0.846240
0.850571
0.854833
0.859023
0.863140
0.867185
0.871155
0.875050
0.878870
0.882613
0.886280
0.889870
0.893383
0.896820
0.900178
0.903460
0.906665
0.909794
0.912846
0.915822
0.918722
0.921548
0.924300
0.926977
0.929582
0.932115
0.934577
0.936968
0.939290
0.941544
0.943730
0.945850
0.947905
0.949896
0.951823
0.953690
0.955495
0.957241
0.958929
0.960561
0.962136
0.963658
0.965126
0.966543
0.967909
0.969226
0.970495
0.971717
0.972894
0.974027
0.975116
0.976165
0.977172
0.978140
0.979071
0.979964
0.980821
0.981644
0.982433
0.983190
0.983916
0.984611
0.985277
0.985915
0.986526
0.987110
0.987669
0.988204
0.988715
0.989203
0.989670
0.990116
0.990541
0.990948
0.991335
0.991705
0.992058
0.992394
0.992715
0.993021
0.993312
0.993589
0.993853
0.994104
0.994343
0.994570
0.994787
0.994992
0.995188
0.995373
0.995550
0.995718
0.995877
0.996028
0.996172
0.996308
0.996437
0.996560
0.996676
0.996787
0.996891
0.996990
0.997084
0.997173
0.997258
0.997338
0.997413
0.997485
0.997553
0.997617
0.997678
0.997735
0.997789
0.997841
0.997890
0.997936
0.997979
0.998020
0.998059
0.998096
0.998130
0.998163
0.998194
0.998223
0.998251
0.998277
0.998302
0.998325
0.998347
0.998368
0.998387
0.998406
0.998423
0.998440
0.998455
0.998470
0.998484
0.998497
0.998509
0.998520
0.998531
0.998542
0.998551
0.998561
0.998569
0.998577
0.998585
0.998592
0.998599
0.998606
0.998612
0.998617
0.998623
0.998628
0.998633
0.998637
0.998642
0.998646
0.998649
0.998653
0.998656
0.998659
0.998662
0.998665
0.998668
0.998670
0.998673
0.998675
0.998677
0.998679
0.998681
0.998683
0.998684
0.998686
0.998687
0.998689
0.998690
0.998691
0.998693
0.998694
0.998695
0.998696
0.998697
0.998698
0.998698
0.998699
0.998700
0.998701
0.998701
0.998702
0.998702
0.998703
0.998703
0.998704
0.998704
0.998705
0.998705
0.998706
0.998706
0.998706
0.998707
0.998707
0.998707
0.998708
0.998708
0.998708
0.998708
0.998709
0.998709
0.998709
0.998709
0.998709
0.998709
0.998710
0.998710
0.998710
0.998710
0.998710
0.998710
0.998710
0.998710
0.998711
0.998711
0.998711
0.998711
0.998711
0.998711
0.998711
0.998711
0.998711
0.998711
0.998711
0.998711
0.998711
0.998711
0.998712
0.998712
0.998712
0.998712
0.998712
0.998712
0.998712
0.998712
0.998712
0.998712
0.998712
0.998712
0.998712
0.998712
0.998712
0.998712
0.998712
0.998712
0.998712
0.998712
0.998712
0.998712
0.998712
0.998712
0.998712
0.998712
0.998712
0.998712
0.998712
0.998712
0.998712
0.998712
0.998712
0.998712
0.998712
0.998712
0.998712
0.998712
0.998712
0.998712
0.998712
0.998712
0.998712
0.998712
0.998712
0.998712
0.998712
0.998712
0.998712
0.998712
0.998712
0.998712
0.998712
0.998712
0.998712
0.998712
0.998712
0.998712
0.998712
0.998712
0.998712
0.998712
0.998712
0.998712
0.998712
0.998712
0.998712
0.998712
0.998712
0.998712
0.998712
0.998712
0.998712
0.998712
0.998712
0.998712
0.998712
0.998712
0.998712
0.998712
0.998712
0.998712
0.998712
0.998712
0.998712
0.998712
0.998712
0.998712
0.998712
0.998712
0.998712
0.998712
0.998712
0.998712
0.998712
0.998712
0.998712
0.998712
0.998712
0.998712
0.998712
0.998712
0.998712
0.998712
0.998712
0.998712
0.998712
0.998712
0.998712
0.998712
0.998712
0.998712
0.998712
0.998712
0.998712
0.998712
0.998712
0.998712
0.998712
0.998712
0.998712
0.998712
0.998712
0.998712
0.998712
0.998712
0.998712
0.998712
0.998712
0.998712
0.998712
0.998712
0.998712
0.998712
0.998712
0.998712
0.998712
0.998712
0.998712
0.998712
0.998712
0.998712
0.998712
0.998712
0.998712
0.998712
0.998712
0.998712
0.998712
0.998712
0.998712
0.998712
0.998712
0.998712
0.998712
0.998712
0.998712
0.998712
0.998712
0.998712
0.998712
0.998712
0.998712
0.998712
0.998712
0.998712
0.998712
0.998712
0.998712
0.998712
0.998712
0.998712
0.998712
0.998712
0.998712
0.998712
0.998712
0.998712
0.998712
0.998712
0.998712
0.998712
0.998712
0.998712
0.998712
0.998712
0.998712
0.998712
0.998712
0.998712
0.998712
0.998712
0.998712
0.998712
0.998712
0.998712
0.998712
0.998712
0.998712
0.998712
0.998712
0.998712
0.998712
0.998712
0.998712
0.998712
0.998712
0.998712
0.998712
0.998712
0.998712
0.998712
0.998712
0.998712
0.998712
0.998712
0.998712
0.998712
0.998712
0.998712
0.998712
0.998712
0.998712
0.998712
0.998712
0.998712
0.998712
0.998712
0.998712
0.998712
0.998712
0.998712
0.998712
0.998712
0.998712
0.998712
0.998712
0.998712
0.998712
0.998712
0.998712
0.998712
0.998712
0.998712
0.998712
0.998712
0.998712
0.998712
0.998712
0.998712
0.998712
0.998712
0.998712
0.998712
0.998712
0.998712
0.998712
0.998712
0.998712
0.998712
0.998712
0.998712
0.998712
0.998712
0.998712
0.998712
0.998712
0.998712
0.998712
0.998712
0.998712
0.998712
0.998712
0.998712
0.998712
0.998712
0.998712
0.998712
0.998712
0.998712
0.998712
0.998712
0.998712
0.998712
0.998712
0.998712
0.998712
0.998712
0.998712
0.998712
0.998712
0.998712
0.998712
0.998712
0.998712
0.998712
0.998712
0.998712
0.998712
