0.012721
0.026966
0.041568
0.056811
0.073080
0.091298
0.114534
0.146666
0.179870
0.215299
0.244874
0.263884
0.273294
0.277029
0.278689
0.280151
0.281901
0.283837
0.285810
0.287779
0.289742
0.291699
0.293649
0.295594
0.297533
0.299466
0.301394
0.303315
0.305232
0.307142
0.309047
0.310947
0.312841
0.314730
0.316613
0.318491
0.320364
0.322232
0.324094
0.326000
0.327707
0.329402
0.331093
0.332779
0.334461
0.336139
0.337812
0.339481
0.341146
0.342807
0.344464
0.346116
0.347764
0.349409
0.351049
0.352685
0.354316
0.355944
0.357568
0.359187
0.360803
0.362414
0.364022
0.365625
0.367225
0.368820
0.370412
0.372000
0.373583
0.375163
0.376739
0.378311
0.379879
0.381443
0.383003
0.384559
0.386112
0.387661
0.389205
0.390746
0.392284
0.393817
0.395347
0.396873
0.398395
0.399914
0.401428
0.402939
0.404447
0.405950
0.407450
0.408947
0.410440
0.411929
0.413414
0.414896
0.416374
0.417849
0.419320
0.420787
0.422251
0.423712
0.425169
0.426622
0.428072
0.429519
0.430962
0.432401
0.433837
0.435270
0.436699
0.438125
0.439547
0.440966
0.442382
0.443795
0.445204
0.446609
0.448012
0.449411
0.450806
0.452199
0.453588
0.454974
0.456357
0.457736
0.459112
0.460485
0.461855
0.463222
0.464586
0.465946
0.467303
0.468657
0.470008
0.471356
0.472701
0.474043
0.475381
0.476717
0.478050
0.479379
0.480706
0.482029
0.483350
0.484667
0.485982
0.487294
0.488602
0.489908
0.491211
0.492511
0.493808
0.495102
0.496394
0.497682
0.498968
0.500251
0.501531
0.502808
0.504083
0.505355
0.506623
0.507890
0.509153
0.510414
0.511672
0.512927
0.514180
0.515430
0.516677
0.517922
0.519164
0.520404
0.521641
0.522875
0.524106
0.525336
0.526562
0.527786
0.529008
0.530227
0.531443
0.532657
0.533868
0.535077
0.536284
0.537488
0.538690
0.539889
0.541086
0.542280
0.543472
0.544662
0.545850
0.547035
0.548217
0.549398
0.550576
0.551751
0.552925
0.554096
0.555265
0.556432
0.557596
0.558758
0.559919
0.561076
0.562232
0.563385
0.564537
0.565686
0.566833
0.567978
0.569121
0.570261
0.571400
0.572537
0.573671
0.574803
0.575934
0.577062
0.578188
0.579313
0.580435
0.581555
0.582674
0.583790
0.584905
0.586017
0.587128
0.588236
0.589343
0.590448
0.591551
0.592652
0.593752
0.594849
0.595945
0.597038
0.598130
0.599220
0.600309
0.601395
0.602480
0.603563
0.604645
0.605724
0.606802
0.607878
0.608953
0.610025
0.611096
0.612166
0.613234
0.614300
0.615364
0.616427
0.617488
0.618548
0.619606
0.620662
0.621717
0.622770
0.623822
0.624872
0.625921
0.626968
0.628013
0.629057
0.630100
0.631141
0.632180
0.633218
0.634255
0.635290
0.636324
0.637356
0.638387
0.639417
0.640445
0.641471
0.642497
0.643521
0.644543
0.645564
0.646584
0.647603
0.648620
0.649636
0.650650
0.651663
0.652675
0.653686
0.654695
0.655703
0.656710
0.657715
0.658719
0.659722
0.660724
0.661725
0.662724
0.663722
0.664719
0.665715
0.666709
0.667702
0.668694
0.669685
0.670675
0.671664
0.672651
0.673638
0.674623
0.675607
0.676590
0.677571
0.678552
0.679532
0.680510
0.681487
0.682464
0.683439
0.684413
0.685386
0.686358
0.687329
0.688299
0.689268
0.690236
0.691202
0.692168
0.693133
0.694096
0.695059
0.696020
0.696981
0.697941
0.698899
0.699857
0.700813
0.701769
0.702724
0.703677
0.704630
0.705582
0.706532
0.707482
0.708431
0.709379
0.710326
0.711272
0.712217
0.713161
0.714104
0.715046
0.715987
0.716927
0.717867
0.718805
0.719743
0.720679
0.721615
0.722550
0.723483
0.724416
0.725348
0.726279
0.727209
0.728139
0.729067
0.729994
0.730921
0.731846
0.732771
0.733695
0.734618
0.735540
0.736461
0.737381
0.738300
0.739219
0.740136
0.741053
0.741968
0.742883
0.743797
0.744710
0.745622
0.746533
0.747443
0.748353
0.749261
0.750169
0.751075
0.751981
0.752886
0.753790
0.754693
0.755595
0.756496
0.757396
0.758296
0.759194
0.760092
0.760988
0.761884
0.762779
0.763672
0.764565
0.765457
0.766348
0.767238
0.768127
0.769016
0.769903
0.770789
0.771674
0.772559
0.773442
0.774325
0.775206
0.776086
0.776966
0.777845
0.778722
0.779599
0.780474
0.781349
0.782222
0.783095
0.783966
0.784837
0.785707
0.786575
0.787443
0.788309
0.789174
0.790039
0.790902
0.791764
0.792626
0.793486
0.794345
0.795203
0.796060
0.796916
0.797770
0.798624
0.799477
0.800328
0.801179
0.802028
0.802876
0.803723
0.804569
0.805414
0.806257
0.807100
0.807941
0.808781
0.809620
0.810457
0.811294
0.812129
0.812963
0.813796
0.814628
0.815459
0.816288
0.817116
0.817943
0.818768
0.819593
0.820416
0.821237
0.822058
0.822877
0.823695
0.824511
0.825327
0.826141
0.826953
0.827765
0.828575
0.829383
0.830190
0.830996
0.831801
0.832604
0.833406
0.834206
0.835005
0.835803
0.836599
0.837393
0.838187
0.838978
0.839769
0.840558
0.841345
0.842131
0.842916
0.843698
0.844480
0.845260
0.846038
0.846815
0.847591
0.848364
0.849137
0.849907
0.850677
0.851444
0.852210
0.852974
0.853737
0.854498
0.855258
0.856016
0.856772
0.857527
0.858280
0.859031
0.859781
0.860529
0.861275
0.862019
0.862762
0.863503
0.864243
0.864981
0.865716
0.866451
0.867183
0.867914
0.868643
0.869370
0.870095
0.870819
0.871540
0.872260
0.872978
0.873695
0.874409
0.875121
0.875832
0.876541
0.877248
0.877953
0.878656
0.879357
0.880057
0.880754
0.881450
0.882143
0.882835
0.883525
0.884212
0.884898
0.885582
0.886264
0.886944
0.887622
0.888297
0.888971
0.889643
0.890313
0.890981
0.891646
0.892310
0.892972
0.893631
0.894289
0.894944
0.895598
0.896249
0.896898
0.897545
0.898190
0.898833
0.899474
0.900112
0.900749
0.901383
0.902015
0.902645
0.903273
0.903899
0.904522
0.905144
0.905763
0.906380
0.906995
0.907607
0.908218
0.908826
0.909432
0.910035
