0.013849
0.029429
0.045426
0.062141
0.079927
0.099255
0.120743
0.145578
0.174803
0.201750
0.235095
0.272852
0.301197
0.304924
0.291187
0.281841
0.281550
0.283463
0.285460
0.287454
0.289444
0.291431
0.293414
0.295394
0.297371
0.299345
0.301315
0.303283
0.305247
0.307209
0.309168
0.311124
0.313078
0.315029
0.316978
0.318925
0.320870
0.322812
0.324753
0.326722
0.328483
0.330255
0.332028
0.333800
0.335571
0.337342
0.339112
0.340882
0.342651
0.344420
0.346189
0.347958
0.349727
0.351496
0.353264
0.355033
0.356803
0.358572
0.360342
0.362112
0.363883
0.365655
0.367427
0.369200
0.370973
0.372748
0.374523
0.376300
0.378078
0.379856
0.381637
0.383418
0.385201
0.386985
0.388771
0.390558
0.392347
0.394137
0.395930
0.397724
0.399520
0.401318
0.403118
0.404920
0.406724
0.408531
0.410339
0.412150
0.413964
0.415779
0.417597
0.419418
0.421241
0.423067
0.424895
0.426727
0.428561
0.430397
0.432237
0.434079
0.435924
0.437773
0.439624
0.441478
0.443335
0.445196
0.447059
0.448926
0.450796
0.452669
0.454545
0.456424
0.458307
0.460193
0.462083
0.463976
0.465872
0.467771
0.469674
0.471580
0.473490
0.475403
0.477319
0.479239
0.481163
0.483089
0.485020
0.486953
0.488890
0.490831
0.492775
0.494722
0.496673
0.498627
0.500585
0.502546
0.504510
0.506477
0.508448
0.510423
0.512400
0.514381
0.516365
0.518352
0.520342
0.522336
0.524332
0.526332
0.528335
0.530341
0.532349
0.534361
0.536376
0.538393
0.540413
0.542437
0.544462
0.546491
0.548522
0.550555
0.552592
0.554630
0.556671
0.558715
0.560760
0.562808
0.564858
0.566911
0.568965
0.571021
0.573080
0.575140
0.577202
0.579266
0.581331
0.583398
0.585466
0.587536
0.589608
0.591680
0.593754
0.595829
0.597905
0.599982
0.602060
0.604139
0.606219
0.608299
0.610380
0.612462
0.614544
0.616626
0.618708
0.620791
0.622874
0.624957
0.627039
0.629122
0.631204
0.633286
0.635367
0.637448
0.639529
0.641608
0.643687
0.645765
0.647842
0.649918
0.651992
0.654066
0.656138
0.658208
0.660277
0.662345
0.664411
0.666474
0.668536
0.670596
0.672654
0.674710
0.676763
0.678814
0.680862
0.682908
0.684952
0.686992
0.689030
0.691064
0.693096
0.695124
0.697149
0.699171
0.701190
0.703204
0.705216
0.707223
0.709227
0.711227
0.713223
0.715215
0.717203
0.719186
0.721166
0.723140
0.725111
0.727076
0.729037
0.730993
0.732945
0.734891
0.736833
0.738769
0.740700
0.742626
0.744547
0.746462
0.748371
0.750275
0.752173
0.754066
0.755953
0.757834
0.759708
0.761577
0.763440
0.765296
0.767146
0.768990
0.770828
0.772658
0.774483
0.776301
0.778112
0.779916
0.781713
0.783504
0.785287
0.787064
0.788833
0.790596
0.792351
0.794099
0.795839
0.797572
0.799298
0.801016
0.802727
0.804430
0.806125
0.807813
0.809493
0.811165
0.812830
0.814486
0.816135
0.817775
0.819408
0.821032
0.822648
0.824256
0.825856
0.827448
0.829032
0.830607
0.832173
0.833732
0.835282
0.836823
0.838357
0.839881
0.841397
0.842905
0.844404
0.845894
0.847376
0.848849
0.850313
0.851768
0.853215
0.854653
0.856083
0.857503
0.858915
0.860318
0.861712
0.863097
0.864474
0.865841
0.867200
0.868550
0.869891
0.871223
0.872546
0.873860
0.875165
0.876461
0.877749
0.879027
0.880296
0.881557
0.882809
0.884051
0.885285
0.886510
0.887726
0.888933
0.890131
0.891320
0.892500
0.893671
0.894834
0.895987
0.897132
0.898268
0.899395
0.900513
0.901623
0.902724
0.903815
0.904899
0.905973
0.907039
0.908096
0.909144
0.910184
0.911215
0.912237
0.913251
0.914256
0.915252
0.916241
0.917220
0.918191
0.919154
0.920108
0.921054
0.921992
0.922921
0.923842
0.924754
0.925658
0.926554
0.927442
0.928322
0.929194
0.930057
0.930913
0.931760
0.932600
0.933431
0.934255
0.935070
0.935878
0.936678
0.937471
0.938255
0.939032
0.939801
0.940563
0.941317
0.942063
0.942802
0.943534
0.944258
0.944974
0.945684
0.946386
0.947080
0.947768
0.948448
0.949122
0.949788
0.950447
0.951099
0.951744
0.952382
0.953014
0.953638
0.954256
0.954867
0.955471
0.956069
0.956660
0.957245
0.957822
0.958394
0.958959
0.959518
0.960070
0.960616
0.961156
0.961690
0.962217
0.962738
0.963254
0.963763
0.964266
0.964764
0.965255
0.965741
0.966221
0.966695
0.967164
0.967626
0.968084
0.968535
0.968982
0.969422
0.969858
0.970287
0.970712
0.971131
0.971545
0.971954
0.972358
0.972757
0.973150
0.973539
0.973923
0.974301
0.974675
0.975044
0.975409
0.975768
0.976123
0.976473
0.976819
0.977160
0.977496
0.977828
0.978156
0.978479
0.978798
0.979113
0.979423
0.979729
0.980031
0.980329
0.980623
0.980913
0.981198
0.981480
0.981758
0.982032
0.982302
0.982568
0.982831
0.983090
0.983345
0.983597
0.983845
0.984089
0.984330
0.984567
0.984801
0.985032
0.985259
0.985483
0.985704
0.985921
0.986136
0.986347
0.986555
0.986759
0.986961
0.987160
0.987356
0.987548
0.987738
0.987925
0.988109
0.988291
0.988469
0.988645
0.988818
0.988989
0.989156
0.989322
0.989484
0.989644
0.989802
0.989957
0.990109
0.990260
0.990407
0.990553
0.990696
0.990837
0.990975
0.991112
0.991246
0.991378
0.991508
0.991635
0.991761
0.991884
0.992006
0.992125
0.992243
0.992358
0.992472
0.992584
0.992694
0.992802
0.992908
0.993012
0.993115
0.993216
0.993315
0.993413
0.993508
0.993603
0.993695
0.993786
0.993875
0.993963
0.994049
0.994134
0.994218
0.994299
0.994380
0.994459
0.994536
0.994613
0.994687
0.994761
0.994833
0.994904
0.994974
0.995042
0.995109
0.995175
0.995240
0.995303
0.995366
0.995427
0.995487
0.995546
0.995604
0.995661
0.995716
0.995771
0.995825
0.995877
0.995929
0.995980
0.996030
0.996078
0.996126
0.996173
0.996220
0.996265
0.996309
0.996353
0.996395
0.996437
0.996478
0.996518
0.996558
0.996597
