0.011423
0.021750
0.026619
0.031586
0.036763
0.042250
0.048146
0.054541
0.061530
0.069238
0.077811
0.087419
0.098252
0.110539
0.124577
0.140737
0.159474
0.181338
0.207089
0.237774
0.274570
0.317920
0.363312
0.387286
0.361626
0.332924
0.329990
0.332599
0.335451
0.338343
0.341272
0.344233
0.347224
0.350245
0.353292
0.356366
0.359466
0.362590
0.365738
0.368980
0.371988
0.375037
0.378111
0.381209
0.384332
0.387479
0.390648
0.393840
0.397054
0.400289
0.403544
0.406821
0.410116
0.413431
0.416765
0.420117
0.423486
0.426871
0.430273
0.433690
0.437122
0.440568
0.444028
0.447500
0.450984
0.454480
0.457986
0.461502
0.465028
0.468561
0.472102
0.475651
0.479205
0.482764
0.486329
0.489897
0.493468
0.497041
0.500617
0.504193
0.507769
0.511344
0.514918
0.518490
0.522059
0.525625
0.529186
0.532743
0.536294
0.539838
0.543375
0.546905
0.550427
0.553940
0.557443
0.560936
0.564418
0.567889
0.571348
0.574795
0.578228
0.581649
0.585055
0.588447
0.591823
0.595185
0.598530
0.601859
0.605172
0.608467
0.611745
0.615005
0.618247
0.621470
0.624674
0.627859
0.631025
0.634171
0.637297
0.640402
0.643487
0.646552
0.649595
0.652617
0.655618
0.658598
0.661556
0.664492
0.667406
0.670298
0.673168
0.676016
0.678842
0.681645
0.684426
0.687185
0.689921
0.692634
0.695325
0.697994
0.700640
0.703263
0.705864
0.708443
0.710999
0.713532
0.716044
0.718532
0.720999
0.723444
0.725866
0.728267
0.730646
0.733002
0.735337
0.737651
0.739943
0.742213
0.744463
0.746691
0.748898
0.751084
0.753250
0.755394
0.757519
0.759622
0.761706
0.763770
0.765813
0.767837
0.769842
0.771826
0.773792
0.775738
0.777665
0.779574
0.781464
0.783335
0.785188
0.787022
0.788839
0.790637
0.792418
0.794182
0.795928
0.797657
0.799368
0.801063
0.802741
0.804403
0.806048
0.807676
0.809289
0.810886
0.812467
0.814032
0.815582
0.817117
0.818636
0.820141
0.821630
0.823106
0.824566
0.826012
0.827444
0.828862
0.830266
0.831656
0.833033
0.834396
0.835745
0.837082
0.838406
0.839716
0.841014
0.842299
0.843572
0.844833
0.846081
0.847317
0.848541
0.849754
0.850955
0.852144
0.853322
0.854488
0.855643
0.856788
0.857921
0.859044
0.860155
0.861257
0.862348
0.863428
0.864498
0.865559
0.866609
0.867649
0.868680
0.869701
0.870712
0.871714
0.872706
0.873690
0.874664
0.875629
0.876585
0.877532
0.878471
0.879401
0.880322
0.881235
0.882140
0.883036
0.883924
0.884805
0.885677
0.886541
0.887397
0.888246
0.889086
0.889920
0.890746
0.891564
0.892375
0.893179
0.893976
0.894765
0.895548
0.896323
0.897092
0.897854
0.898609
0.899358
0.900100
0.900835
0.901564
0.902287
0.903003
0.903713
0.904417
0.905115
0.905807
0.906493
0.907173
0.907847
0.908515
0.909177
0.909834
0.910485
0.911131
0.911771
0.912406
0.913035
0.913659
0.914278
0.914892
0.915500
0.916103
0.916701
0.917294
0.917883
0.918466
0.919044
0.919618
0.920187
0.920751
0.921310
0.921865
0.922415
0.922961
0.923502
0.924039
0.924572
0.925100
0.925623
0.926143
0.926658
0.927169
0.927676
0.928179
0.928678
0.929172
0.929663
0.930150
0.930633
0.931112
0.931587
0.932059
0.932526
0.932990
0.933450
0.933907
0.934360
0.934809
0.935255
0.935698
0.936136
0.936572
0.937004
0.937432
0.937858
0.938280
0.938698
0.939114
0.939526
0.939935
0.940341
0.940743
0.941143
0.941539
0.941933
0.942323
0.942710
0.943095
0.943476
0.943855
0.944230
0.944603
0.944973
0.945340
0.945705
0.946066
0.946425
0.946781
0.947135
0.947486
0.947834
0.948179
0.948522
0.948862
0.949200
0.949536
0.949868
0.950199
0.950526
0.950852
0.951175
0.951495
0.951814
0.952129
0.952443
0.952754
0.953063
0.953370
0.953674
0.953976
0.954276
0.954574
0.954869
0.955163
0.955454
0.955743
0.956030
0.956315
0.956598
0.956879
0.957157
0.957434
0.957709
0.957982
0.958252
0.958521
0.958788
0.959053
0.959316
0.959577
0.959837
0.960094
0.960350
0.960604
0.960856
0.961106
0.961354
0.961601
0.961846
0.962089
0.962330
0.962570
0.962808
0.963044
0.963279
0.963512
0.963743
0.963973
0.964201
0.964428
0.964653
0.964876
0.965098
0.965318
0.965537
0.965754
0.965969
0.966184
0.966396
0.966607
0.966817
0.967025
0.967232
0.967438
0.967641
0.967844
0.968045
0.968245
0.968443
0.968640
0.968836
0.969030
0.969223
0.969415
0.969605
0.969794
0.969982
0.970168
0.970353
0.970537
0.970720
0.970901
0.971081
0.971260
0.971438
0.971614
0.971790
0.971964
0.972137
0.972309
0.972479
0.972649
0.972817
0.972984
0.973150
0.973315
0.973479
0.973641
0.973803
0.973963
0.974123
0.974281
0.974438
0.974595
0.974750
0.974904
0.975057
0.975209
0.975360
0.975510
0.975659
0.975807
0.975954
0.976100
0.976245
0.976390
0.976533
0.976675
0.976816
0.976957
0.977096
0.977234
0.977372
0.977509
0.977644
0.977779
0.977913
0.978046
0.978179
0.978310
0.978440
0.978570
0.978699
0.978827
0.978954
0.979080
0.979205
0.979330
0.979454
0.979577
0.979699
0.979820
0.979941
0.980060
0.980179
0.980297
0.980415
0.980531
0.980647
0.980762
0.980877
0.980990
0.981103
0.981216
0.981327
0.981438
0.981548
0.981657
0.981765
0.981873
0.981980
0.982087
0.982193
0.982298
0.982402
0.982506
0.982609
0.982711
0.982813
0.982914
0.983014
0.983114
0.983213
0.983312
0.983410
0.983507
0.983603
0.983699
0.983795
0.983889
0.983984
0.984077
0.984170
0.984262
0.984354
0.984445
0.984536
0.984626
0.984715
0.984804
0.984892
0.984980
0.985067
0.985154
0.985240
0.985325
0.985410
0.985494
0.985578
0.985661
0.985744
0.985826
0.985908
0.985989
0.986070
0.986150
0.986230
0.986309
0.986388
0.986466
0.986543
0.986620
0.986697
0.986773
0.986849
0.986924
0.986999
0.987073
0.987147
0.987220
0.987293
0.987365
0.987437
