0.044633
0.018349
0.044332
0.076488
0.102922
0.125303
0.144640
0.161630
0.176776
0.190446
0.202907
0.214368
0.225009
0.234979
0.244388
0.253319
0.261893
0.270249
0.278561
0.287112
0.296688
0.304868
0.308140
0.310455
0.312762
0.315078
0.317404
0.319739
0.322086
0.324442
0.326810
0.329188
0.331579
0.333981
0.336395
0.338822
0.341262
0.343716
0.346183
0.348694
0.350985
0.353316
0.355664
0.358030
0.360413
0.362813
0.365232
0.367669
0.370124
0.372599
0.375092
0.377605
0.380137
0.382690
0.385262
0.387856
0.390470
0.393106
0.395762
0.398441
0.401142
0.403864
0.406610
0.409377
0.412168
0.414983
0.417820
0.420681
0.423566
0.426475
0.429409
0.432366
0.435349
0.438356
0.441388
0.444445
0.447527
0.450635
0.453768
0.456926
0.460110
0.463320
0.466556
0.469817
0.473105
0.476418
0.479757
0.483123
0.486514
0.489931
0.493373
0.496842
0.500336
0.503856
0.507402
0.510973
0.514569
0.518190
0.521836
0.525507
0.529203
0.532923
0.536667
0.540435
0.544226
0.548041
0.551878
0.555738
0.559621
0.563525
0.567451
0.571398
0.575366
0.579353
0.583361
0.587387
0.591433
0.595497
0.599578
0.603676
0.607791
0.611921
0.616067
0.620228
0.624402
0.628589
0.632789
0.637001
0.641224
0.645457
0.649699
0.653950
0.658209
0.662474
0.666746
0.671023
0.675304
0.679588
0.683875
0.688164
0.692453
0.696741
0.701028
0.705313
0.709594
0.713871
0.718142
0.722406
0.726663
0.730911
0.735149
0.739376
0.743591
0.747793
0.751981
0.756153
0.760309
0.764447
0.768566
0.772666
0.776745
0.780801
0.784834
0.788843
0.792826
0.796783
0.800712
0.804612
0.808483
0.812322
0.816130
0.819904
0.823645
0.827350
0.831019
0.834651
0.838245
0.841800
0.845315
0.848790
0.852222
0.855612
0.858959
0.862262
0.865519
0.868731
0.871897
0.875016
0.878086
0.881109
0.884083
0.887007
0.889881
0.892705
0.895479
0.898200
0.900871
0.903489
0.906056
0.908570
0.911032
0.913440
0.915796
0.918100
0.920350
0.922547
0.924692
0.926784
0.928824
0.930811
0.932746
0.934629
0.936461
0.938241
0.939971
0.941651
0.943280
0.944860
0.946392
0.947875
0.949310
0.950699
0.952041
0.953337
0.954589
0.955796
0.956960
0.958081
0.959160
0.960199
0.961197
0.962156
0.963077
0.963960
0.964807
0.965618
0.966395
0.967137
0.967847
0.968525
0.969172
0.969789
0.970377
0.970937
0.971470
0.971976
0.972457
0.972914
0.973347
0.973757
0.974146
0.974514
0.974862
0.975190
0.975500
0.975792
0.976068
0.976327
0.976571
0.976801
0.977016
0.977218
0.977408
0.977586
0.977752
0.977907
0.978053
0.978188
0.978315
0.978433
0.978543
0.978645
0.978740
0.978828
0.978910
0.978986
0.979056
0.979121
0.979182
0.979237
0.979289
0.979336
0.979380
0.979420
0.979457
0.979491
0.979522
0.979551
0.979577
0.979601
0.979623
0.979644
0.979662
0.979679
0.979694
0.979708
0.979721
0.979732
0.979743
0.979752
0.979761
0.979769
0.979776
0.979782
0.979788
0.979794
0.979798
0.979803
0.979806
0.979810
0.979813
0.979816
0.979818
0.979821
0.979823
0.979824
0.979826
0.979828
0.979829
0.979830
0.979831
0.979832
0.979833
0.979834
0.979834
0.979835
0.979835
0.979836
0.979836
0.979836
0.979837
0.979837
0.979837
0.979838
0.979838
0.979838
0.979838
0.979838
0.979838
0.979838
0.979838
0.979839
0.979839
0.979839
0.979839
0.979839
0.979839
0.979839
0.979839
0.979839
0.979839
0.979839
0.979839
0.979839
0.979839
0.979839
0.979839
0.979839
0.979839
0.979839
0.979839
0.979839
0.979839
0.979839
0.979839
0.979839
0.979839
0.979839
0.979839
0.979839
0.979839
0.979839
0.979839
0.979839
0.979839
0.979839
0.979839
0.979839
0.979839
0.979839
0.979839
0.979839
0.979839
0.979839
0.979839
0.979839
0.979839
0.979839
0.979839
0.979839
0.979839
0.979839
0.979839
0.979839
0.979839
0.979839
0.979839
0.979839
0.979839
0.979839
0.979839
0.979839
0.979839
0.979839
0.979839
0.979839
0.979839
0.979839
0.979839
0.979839
0.979839
0.979839
0.979839
0.979839
0.979839
0.979839
0.979839
0.979839
0.979839
0.979839
0.979839
0.979839
0.979839
0.979839
0.979839
0.979839
0.979839
0.979839
0.979839
0.979839
0.979839
0.979839
0.979839
0.979839
0.979839
0.979839
0.979839
0.979839
0.979839
0.979839
0.979839
0.979839
0.979839
0.979839
0.979839
0.979839
0.979839
0.979839
0.979839
0.979839
0.979839
0.979839
0.979839
0.979839
0.979839
0.979839
0.979839
0.979839
0.979839
0.979839
0.979839
0.979839
0.979839
0.979839
0.979839
0.979839
0.979839
0.979839
0.979839
0.979839
0.979839
0.979839
0.979839
0.979839
0.979839
0.979839
0.979839
0.979839
0.979839
0.979839
0.979839
0.979839
0.979839
0.979839
0.979839
0.979839
0.979839
0.979839
0.979839
0.979839
0.979839
0.979839
0.979839
0.979839
0.979839
0.979839
0.979839
0.979839
0.979839
0.979839
0.979839
0.979839
0.979839
0.979839
0.979839
0.979839
0.979839
0.979839
0.979839
0.979839
0.979839
0.979839
0.979839
0.979839
0.979839
0.979839
0.979839
0.979839
0.979839
0.979839
0.979839
0.979839
0.979839
0.979839
0.979839
0.979839
0.979839
0.979839
0.979839
0.979839
0.979839
0.979839
0.979839
0.979839
0.979839
0.979839
0.979839
0.979839
0.979839
0.979839
0.979839
0.979839
0.979839
0.979839
0.979839
0.979839
0.979839
0.979839
0.979839
0.979839
0.979839
0.979839
0.979839
0.979839
0.979839
0.979839
0.979839
0.979839
0.979839
0.979839
0.979839
0.979839
0.979839
0.979839
0.979839
0.979839
0.979839
0.979839
0.979839
0.979839
0.979839
0.979839
0.979839
0.979839
0.979839
0.979839
0.979839
0.979839
0.979839
0.979839
0.979839
0.979839
0.979839
0.979839
0.979839
0.979839
0.979839
0.979839
0.979839
0.979839
0.979839
0.979839
0.979839
0.979839
0.979839
0.979839
0.979839
0.979839
0.979839
0.979839
