0.052329
0.115125
0.189051
0.284562
0.365677
0.271209
0.237575
0.249737
0.261431
0.272451
0.282925
0.292933
0.302572
0.311974
0.321294
0.330744
0.340813
0.351918
0.358271
0.361886
0.365443
0.369039
0.372673
0.376345
0.380055
0.383804
0.387591
0.391416
0.395280
0.399181
0.403121
0.407098
0.411113
0.415165
0.419255
0.423382
0.427545
0.431745
0.435981
0.440360
0.444481
0.448657
0.452873
0.457128
0.461419
0.465748
0.470112
0.474511
0.478944
0.483410
0.487909
0.492439
0.497000
0.501591
0.506210
0.510857
0.515531
0.520231
0.524955
0.529703
0.534473
0.539265
0.544077
0.548908
0.553757
0.558622
0.563503
0.568398
0.573306
0.578226
0.583156
0.588095
0.593041
0.597994
0.602952
0.607913
0.612877
0.617842
0.622806
0.627768
0.632728
0.637682
0.642631
0.647573
0.652505
0.657428
0.662340
0.667239
0.672124
0.676993
0.681847
0.686682
0.691498
0.696293
0.701067
0.705818
0.710545
0.715247
0.719922
0.724569
0.729188
0.733777
0.738335
0.742862
0.747355
0.751814
0.756239
0.760627
0.764979
0.769293
0.773569
0.777805
0.782001
0.786157
0.790270
0.794342
0.798370
0.802355
0.806296
0.810192
0.814042
0.817847
0.821606
0.825318
0.828982
0.832599
0.836169
0.839690
0.843162
0.846586
0.849961
0.853287
0.856564
0.859791
0.862969
0.866097
0.869176
0.872205
0.875184
0.878114
0.880995
0.883826
0.886607
0.889340
0.892024
0.894658
0.897245
0.899783
0.902273
0.904715
0.907109
0.909457
0.911758
0.914012
0.916220
0.918383
0.920500
0.922572
0.924600
0.926584
0.928524
0.930422
0.932276
0.934089
0.935860
0.937591
0.939280
0.940930
0.942540
0.944112
0.945645
0.947141
0.948599
0.950021
0.951406
0.952757
0.954072
0.955353
0.956600
0.957815
0.958997
0.960147
0.961265
0.962353
0.963411
0.964439
0.965438
0.966409
0.967352
0.968268
0.969157
0.970021
0.970858
0.971671
0.972459
0.973223
0.973965
0.974683
0.975379
0.976053
0.976707
0.977339
0.977952
0.978544
0.979118
0.979673
0.980210
0.980729
0.981231
0.981716
0.982185
0.982638
0.983075
0.983497
0.983905
0.984299
0.984679
0.985045
0.985399
0.985740
0.986068
0.986385
0.986690
0.986985
0.987268
0.987541
0.987804
0.988057
0.988300
0.988534
0.988759
0.988976
0.989184
0.989385
0.989577
0.989762
0.989939
0.990110
0.990274
0.990431
0.990582
0.990727
0.990866
0.990999
0.991127
0.991249
0.991367
0.991479
0.991587
0.991691
0.991789
0.991884
0.991975
0.992061
0.992144
0.992224
0.992300
0.992372
0.992442
0.992508
0.992572
0.992632
0.992690
0.992745
0.992798
0.992848
0.992896
0.992942
0.992986
0.993027
0.993067
0.993105
0.993141
0.993175
0.993208
0.993239
0.993269
0.993297
0.993324
0.993350
0.993374
0.993397
0.993420
0.993440
0.993460
0.993479
0.993497
0.993514
0.993531
0.993546
0.993561
0.993575
0.993588
0.993600
0.993612
0.993623
0.993634
0.993644
0.993654
0.993663
0.993671
0.993679
0.993687
0.993694
0.993701
0.993708
0.993714
0.993720
0.993725
0.993731
0.993735
0.993740
0.993745
0.993749
0.993753
0.993756
0.993760
0.993763
0.993766
0.993769
0.993772
0.993775
0.993777
0.993779
0.993782
0.993784
0.993786
0.993787
0.993789
0.993791
0.993792
0.993794
0.993795
0.993796
0.993797
0.993799
0.993800
0.993801
0.993802
0.993802
0.993803
0.993804
0.993805
0.993805
0.993806
0.993807
0.993807
0.993808
0.993808
0.993809
0.993809
0.993810
0.993810
0.993810
0.993811
0.993811
0.993811
0.993812
0.993812
0.993812
0.993812
0.993812
0.993813
0.993813
0.993813
0.993813
0.993813
0.993813
0.993814
0.993814
0.993814
0.993814
0.993814
0.993814
0.993814
0.993814
0.993814
0.993814
0.993814
0.993815
0.993815
0.993815
0.993815
0.993815
0.993815
0.993815
0.993815
0.993815
0.993815
0.993815
0.993815
0.993815
0.993815
0.993815
0.993815
0.993815
0.993815
0.993815
0.993815
0.993815
0.993815
0.993815
0.993815
0.993815
0.993815
0.993815
0.993815
0.993815
0.993815
0.993815
0.993815
0.993815
0.993815
0.993815
0.993815
0.993815
0.993815
0.993815
0.993815
0.993815
0.993815
0.993815
0.993815
0.993815
0.993815
0.993815
0.993815
0.993815
0.993815
0.993815
0.993815
0.993815
0.993815
0.993815
0.993815
0.993815
0.993815
0.993815
0.993815
0.993815
0.993815
0.993815
0.993815
0.993815
0.993815
0.993815
0.993815
0.993815
0.993815
0.993815
0.993815
0.993815
0.993815
0.993815
0.993815
0.993815
0.993815
0.993815
0.993815
0.993815
0.993815
0.993815
0.993815
0.993815
0.993815
0.993815
0.993815
0.993815
0.993815
0.993815
0.993815
0.993815
0.993815
0.993815
0.993815
0.993815
0.993815
0.993815
0.993815
0.993815
0.993815
0.993815
0.993815
0.993815
0.993815
0.993815
0.993815
0.993815
0.993815
0.993815
0.993815
0.993815
0.993815
0.993815
0.993815
0.993815
0.993815
0.993815
0.993815
0.993815
0.993815
0.993815
0.993815
0.993815
0.993815
0.993815
0.993815
0.993815
0.993815
0.993815
0.993815
0.993815
0.993815
0.993815
0.993815
0.993815
0.993815
0.993815
0.993815
0.993815
0.993815
0.993815
0.993815
0.993815
0.993815
0.993815
0.993815
0.993815
0.993815
0.993815
0.993815
0.993815
0.993815
0.993815
0.993815
0.993815
0.993815
0.993815
0.993815
0.993815
0.993815
0.993815
0.993815
0.993815
0.993815
0.993815
0.993815
0.993815
0.993815
0.993815
0.993815
0.993815
0.993815
0.993815
0.993815
0.993815
0.993815
0.993815
0.993815
0.993815
0.993815
0.993815
0.993815
0.993815
0.993815
0.993815
0.993815
0.993815
0.993815
0.993815
0.993815
0.993815
0.993815
0.993815
0.993815
0.993815
0.993815
0.993815
0.993815
0.993815
0.993815
0.993815
0.993815
0.993815
0.993815
0.993815
0.993815
0.993815
0.993815
0.993815
0.993815
0.993815
0.993815
0.993815
0.993815
0.993815
0.993815
0.993815
0.993815
0.993815
