0.007395
0.012412
0.016864
0.021055
0.025135
0.029197
0.033313
0.037552
0.041994
0.046725
0.051827
0.057388
0.063506
0.070283
0.077854
0.086391
0.096119
0.107303
0.120305
0.135682
0.154182
0.176890
0.205701
0.244005
0.298388
0.383399
0.533500
0.771520
0.952654
0.995098
0.997553
0.997610
0.997637
0.997662
0.997688
0.997712
0.997736
0.997760
0.997782
0.997804
0.997825
0.997845
0.997864
0.997882
0.997900
0.997917
0.997933
0.997948
0.997963
0.997976
0.997989
0.998002
0.998013
0.998024
0.998035
0.998045
0.998054
0.998063
0.998071
0.998078
0.998086
0.998092
0.998099
0.998104
0.998110
0.998115
0.998120
0.998124
0.998128
0.998132
0.998136
0.998139
0.998142
0.998145
0.998148
0.998150
0.998153
0.998155
0.998157
0.998158
0.998160
0.998162
0.998163
0.998164
0.998165
0.998166
0.998167
0.998168
0.998169
0.998170
0.998171
0.998171
0.998172
0.998173
0.998173
0.998173
0.998174
0.998174
0.998175
0.998175
0.998175
0.998175
0.998176
0.998176
0.998176
0.998176
0.998176
0.998177
0.998177
0.998177
0.998177
0.998177
0.998177
0.998177
0.998177
0.998177
0.998177
0.998178
0.998178
0.998178
0.998178
0.998178
0.998178
0.998178
0.998178
0.998178
0.998178
0.998178
0.998178
0.998178
0.998178
0.998178
0.998178
0.998178
0.998178
0.998178
0.998178
0.998178
0.998178
0.998178
0.998178
0.998178
0.998178
0.998178
0.998178
0.998178
0.998178
0.998178
0.998178
0.998178
0.998178
0.998178
0.998178
0.998178
0.998178
0.998178
0.998178
0.998178
0.998178
0.998178
0.998178
0.998178
0.998178
0.998178
0.998178
0.998178
0.998178
0.998178
0.998178
0.998178
0.998178
0.998178
0.998178
0.998178
0.998178
0.998178
0.998178
0.998178
0.998178
0.998178
0.998178
0.998178
0.998178
0.998178
0.998178
0.998178
0.998178
0.998178
0.998178
0.998178
0.998178
0.998178
0.998178
0.998178
0.998178
0.998178
0.998178
0.998178
0.998178
0.998178
0.998178
0.998178
0.998178
0.998178
0.998178
0.998178
0.998178
0.998178
0.998178
0.998178
0.998178
0.998178
0.998178
0.998178
0.998178
0.998178
0.998178
0.998178
0.998178
0.998178
0.998178
0.998178
0.998178
0.998178
0.998178
0.998178
0.998178
0.998178
0.998178
0.998178
0.998178
0.998178
0.998178
0.998178
0.998178
0.998178
0.998178
0.998178
0.998178
0.998178
0.998178
0.998178
0.998178
0.998178
0.998178
0.998178
0.998178
0.998178
0.998178
0.998178
0.998178
0.998178
0.998178
0.998178
0.998178
0.998178
0.998178
0.998178
0.998178
0.998178
0.998178
0.998178
0.998178
0.998178
0.998178
0.998178
0.998178
0.998178
0.998178
0.998178
0.998178
0.998178
0.998178
0.998178
0.998178
0.998178
0.998178
0.998178
0.998178
0.998178
0.998178
0.998178
0.998178
0.998178
0.998178
0.998178
0.998178
0.998178
0.998178
0.998178
0.998178
0.998178
0.998178
0.998178
0.998178
0.998178
0.998178
0.998178
0.998178
0.998178
0.998178
0.998178
0.998178
0.998178
0.998178
0.998178
0.998178
0.998178
0.998178
0.998178
0.998178
0.998178
0.998178
0.998178
0.998178
0.998178
0.998178
0.998178
0.998178
0.998178
0.998178
0.998178
0.998178
0.998178
0.998178
0.998178
0.998178
0.998178
0.998178
0.998178
0.998178
0.998178
0.998178
0.998178
0.998178
0.998178
0.998178
0.998178
0.998178
0.998178
0.998178
0.998178
0.998178
0.998178
0.998178
0.998178
0.998178
0.998178
0.998178
0.998178
0.998178
0.998178
0.998178
0.998178
0.998178
0.998178
0.998178
0.998178
0.998178
0.998178
0.998178
0.998178
0.998178
0.998178
0.998178
0.998178
0.998178
0.998178
0.998178
0.998178
0.998178
0.998178
0.998178
0.998178
0.998178
0.998178
0.998178
0.998178
0.998178
0.998178
0.998178
0.998178
0.998178
0.998178
0.998178
0.998178
0.998178
0.998178
0.998178
0.998178
0.998178
0.998178
0.998178
0.998178
0.998178
0.998178
0.998178
0.998178
0.998178
0.998178
0.998178
0.998178
0.998178
0.998178
0.998178
0.998178
0.998178
0.998178
0.998178
0.998178
0.998178
0.998178
0.998178
0.998178
0.998178
0.998178
0.998178
0.998178
0.998178
0.998178
0.998178
0.998178
0.998178
0.998178
0.998178
0.998178
0.998178
0.998178
0.998178
0.998178
0.998178
0.998178
0.998178
0.998178
0.998178
0.998178
0.998178
0.998178
0.998178
0.998178
0.998178
0.998178
0.998178
0.998178
0.998178
0.998178
0.998178
0.998178
0.998178
0.998178
0.998178
0.998178
0.998178
0.998178
0.998178
0.998178
0.998178
0.998178
0.998178
0.998178
0.998178
0.998178
0.998178
0.998178
0.998178
0.998178
0.998178
0.998178
0.998178
0.998178
0.998178
0.998178
0.998178
0.998178
0.998178
0.998178
0.998178
0.998178
0.998178
0.998178
0.998178
0.998178
0.998178
0.998178
0.998178
0.998178
0.998178
0.998178
0.998178
0.998178
0.998178
0.998178
0.998178
0.998178
0.998178
0.998178
0.998178
0.998178
0.998178
0.998178
0.998178
0.998178
0.998178
0.998178
0.998178
0.998178
0.998178
0.998178
0.998178
0.998178
0.998178
0.998178
0.998178
0.998178
0.998178
0.998178
0.998178
0.998178
0.998178
0.998178
0.998178
0.998178
0.998178
0.998178
0.998178
0.998178
0.998178
0.998178
0.998178
0.998178
0.998178
0.998178
0.998178
0.998178
0.998178
0.998178
0.998178
0.998178
0.998178
0.998178
0.998178
0.998178
0.998178
0.998178
0.998178
0.998178
0.998178
0.998178
0.998178
0.998178
0.998178
0.998178
0.998178
0.998178
0.998178
0.998178
0.998178
0.998178
0.998178
0.998178
0.998178
0.998178
0.998178
0.998178
0.998178
0.998178
0.998178
0.998178
0.998178
0.998178
0.998178
0.998178
0.998178
0.998178
0.998178
0.998178
0.998178
0.998178
0.998178
0.998178
0.998178
0.998178
0.998178
0.998178
0.998178
0.998178
0.998178
0.998178
0.998178
0.998178
0.998178
0.998178
0.998178
0.998178
0.998178
0.998178
0.998178
0.998178
0.998178
0.998178
