0.019678
0.041951
0.065194
0.090060
0.117334
0.148044
0.184115
0.227845
0.273413
0.298806
0.293080
0.282809
0.280404
0.282053
0.284068
0.286084
0.288097
0.290108
0.292115
0.294121
0.296123
0.298122
0.300120
0.302114
0.304106
0.306096
0.308084
0.310070
0.312054
0.314036
0.316017
0.317997
0.319975
0.321952
0.323928
0.325903
0.327877
0.329851
0.331824
0.333825
0.335617
0.337425
0.339235
0.341046
0.342857
0.344670
0.346484
0.348300
0.350117
0.351935
0.353754
0.355575
0.357398
0.359223
0.361050
0.362878
0.364709
0.366542
0.368377
0.370214
0.372054
0.373896
0.375741
0.377589
0.379439
0.381292
0.383148
0.385007
0.386870
0.388735
0.390604
0.392476
0.394351
0.396230
0.398113
0.399999
0.401889
0.403782
0.405680
0.407581
0.409486
0.411396
0.413309
0.415227
0.417149
0.419075
0.421006
0.422941
0.424880
0.426824
0.428773
0.430726
0.432684
0.434646
0.436614
0.438586
0.440562
0.442544
0.444531
0.446522
0.448519
0.450520
0.452527
0.454538
0.456555
0.458577
0.460603
0.462635
0.464672
0.466715
0.468762
0.470814
0.472872
0.474935
0.477003
0.479076
0.481154
0.483238
0.485326
0.487420
0.489519
0.491623
0.493732
0.495846
0.497965
0.500089
0.502218
0.504353
0.506492
0.508636
0.510785
0.512938
0.515097
0.517260
0.519428
0.521600
0.523777
0.525959
0.528145
0.530336
0.532531
0.534730
0.536934
0.539142
0.541354
0.543570
0.545790
0.548014
0.550241
0.552473
0.554708
0.556947
0.559189
0.561435
0.563684
0.565937
0.568192
0.570451
0.572713
0.574977
0.577245
0.579515
0.581787
0.584063
0.586340
0.588620
0.590902
0.593186
0.595473
0.597761
0.600050
0.602342
0.604635
0.606929
0.609225
0.611522
0.613820
0.616119
0.618418
0.620719
0.623020
0.625321
0.627623
0.629925
0.632227
0.634529
0.636831
0.639133
0.641434
0.643734
0.646034
0.648333
0.650632
0.652929
0.655224
0.657519
0.659812
0.662103
0.664393
0.666681
0.668967
0.671250
0.673532
0.675811
0.678087
0.680361
0.682632
0.684900
0.687165
0.689427
0.691685
0.693940
0.696192
0.698439
0.700683
0.702923
0.705159
0.707390
0.709617
0.711840
0.714057
0.716271
0.718479
0.720682
0.722880
0.725073
0.727260
0.729442
0.731618
0.733789
0.735953
0.738112
0.740264
0.742410
0.744550
0.746683
0.748810
0.750930
0.753043
0.755149
0.757248
0.759340
0.761425
0.763503
0.765573
0.767635
0.769689
0.771736
0.773775
0.775806
0.777829
0.779844
0.781850
0.783848
0.785838
0.787819
0.789791
0.791755
0.793710
0.795656
0.797593
0.799520
0.801439
0.803349
0.805249
0.807139
0.809021
0.810892
0.812754
0.814607
0.816450
0.818282
0.820105
0.821919
0.823722
0.825515
0.827297
0.829070
0.830832
0.832585
0.834326
0.836058
0.837779
0.839489
0.841189
0.842878
0.844557
0.846225
0.847883
0.849529
0.851165
0.852790
0.854404
0.856008
0.857600
0.859181
0.860752
0.862312
0.863860
0.865398
0.866924
0.868439
0.869944
0.871437
0.872919
0.874390
0.875850
0.877299
0.878736
0.880163
0.881578
0.882982
0.884375
0.885757
0.887128
0.888487
0.889835
0.891173
0.892499
0.893813
0.895117
0.896410
0.897691
0.898962
0.900221
0.901470
0.902707
0.903933
0.905149
0.906353
0.907546
0.908729
0.909901
0.911061
0.912211
0.913350
0.914478
0.915596
0.916702
0.917799
0.918884
0.919959
0.921023
0.922076
0.923120
0.924152
0.925174
0.926186
0.927188
0.928179
0.929160
0.930130
0.931091
0.932041
0.932981
0.933911
0.934832
0.935742
0.936642
0.937533
0.938414
0.939285
0.940146
0.940998
0.941840
0.942672
0.943495
0.944309
0.945114
0.945909
0.946694
0.947471
0.948239
0.948997
0.949746
0.950487
0.951219
0.951941
0.952655
0.953361
0.954057
0.954745
0.955425
0.956096
0.956759
0.957413
0.958059
0.958697
0.959327
0.959949
0.960562
0.961168
0.961766
0.962356
0.962938
0.963513
0.964080
0.964639
0.965191
0.965735
0.966273
0.966802
0.967325
0.967840
0.968349
0.968850
0.969344
0.969832
0.970313
0.970786
0.971253
0.971714
0.972168
0.972615
0.973056
0.973491
0.973919
0.974341
0.974757
0.975167
0.975570
0.975968
0.976360
0.976745
0.977125
0.977500
0.977868
0.978231
0.978589
0.978941
0.979287
0.979628
0.979964
0.980295
0.980620
0.980941
0.981256
0.981566
0.981872
0.982172
0.982468
0.982758
0.983045
0.983326
0.983603
0.983875
0.984143
0.984406
0.984666
0.984920
0.985171
0.985417
0.985659
0.985897
0.986131
0.986361
0.986588
0.986810
0.987028
0.987243
0.987454
0.987661
0.987865
0.988065
0.988261
0.988454
0.988644
0.988830
0.989013
0.989193
0.989369
0.989542
0.989713
0.989880
0.990044
0.990204
0.990362
0.990518
0.990670
0.990819
0.990966
0.991110
0.991251
0.991389
0.991525
0.991658
0.991789
0.991917
0.992043
0.992167
0.992288
0.992406
0.992523
0.992637
0.992749
0.992858
0.992966
0.993071
0.993174
0.993276
0.993375
0.993472
0.993567
0.993661
0.993752
0.993842
0.993930
0.994016
0.994100
0.994182
0.994263
0.994342
0.994420
0.994496
0.994570
0.994643
0.994714
0.994784
0.994852
0.994919
0.994984
0.995048
0.995111
0.995172
0.995232
0.995290
0.995348
0.995404
0.995459
0.995512
0.995565
0.995616
0.995667
0.995716
0.995764
0.995811
0.995856
0.995901
0.995945
0.995988
0.996030
0.996071
0.996111
0.996150
0.996188
0.996226
0.996262
0.996298
0.996332
0.996366
0.996400
0.996432
0.996464
0.996495
0.996525
0.996554
0.996583
0.996611
0.996639
0.996665
0.996691
0.996717
0.996742
0.996766
0.996790
0.996813
0.996835
0.996857
0.996879
0.996900
0.996920
0.996940
0.996959
0.996978
0.996997
0.997015
0.997032
0.997049
0.997066
0.997082
0.997098
0.997114
0.997129
0.997143
0.997158
0.997171
0.997185
0.997198
0.997211
0.997224
0.997236
0.997248
0.997259
0.997270
0.997281
0.997292
0.997302
0.997313
0.997322
0.997332
