0.236091
0.192453
0.250707
0.294924
0.330588
0.360658
0.386816
0.410065
0.431081
0.450354
0.468245
0.485013
0.500858
0.515951
0.530433
0.544415
0.557972
0.571214
0.584277
0.597332
0.610652
0.624952
0.638337
0.646831
0.654012
0.661153
0.668287
0.675409
0.682514
0.689596
0.696650
0.703670
0.710653
0.717591
0.724481
0.731317
0.738095
0.744809
0.751455
0.758282
0.764723
0.771091
0.777380
0.783584
0.789699
0.795720
0.801644
0.807467
0.813185
0.818796
0.824296
0.829682
0.834953
0.840105
0.845137
0.850047
0.854834
0.859496
0.864032
0.868442
0.872724
0.876878
0.880905
0.884805
0.888577
0.892222
0.895741
0.899136
0.902406
0.905554
0.908581
0.911488
0.914278
0.916952
0.919513
0.921962
0.924303
0.926537
0.928667
0.930695
0.932625
0.934460
0.936201
0.937853
0.939417
0.940897
0.942296
0.943616
0.944862
0.946034
0.947138
0.948175
0.949148
0.950061
0.950916
0.951715
0.952462
0.953159
0.953809
0.954414
0.954976
0.955499
0.955983
0.956432
0.956848
0.957232
0.957586
0.957913
0.958214
0.958491
0.958745
0.958979
0.959192
0.959388
0.959567
0.959730
0.959879
0.960015
0.960138
0.960250
0.960352
0.960444
0.960527
0.960603
0.960671
0.960732
0.960787
0.960837
0.960882
0.960922
0.960957
0.960989
0.961018
0.961044
0.961066
0.961087
0.961105
0.961121
0.961135
0.961148
0.961159
0.961169
0.961177
0.961185
0.961192
0.961198
0.961203
0.961207
0.961211
0.961215
0.961218
0.961221
0.961223
0.961225
0.961227
0.961228
0.961229
0.961231
0.961232
0.961232
0.961233
0.961234
0.961234
0.961235
0.961235
0.961236
0.961236
0.961236
0.961236
0.961237
0.961237
0.961237
0.961237
0.961237
0.961237
0.961237
0.961237
0.961237
0.961237
0.961237
0.961237
0.961237
0.961237
0.961237
0.961238
0.961238
0.961238
0.961238
0.961238
0.961238
0.961238
0.961238
0.961238
0.961238
0.961238
0.961238
0.961238
0.961238
0.961238
0.961238
0.961238
0.961238
0.961238
0.961238
0.961238
0.961238
0.961238
0.961238
0.961238
0.961238
0.961238
0.961238
0.961238
0.961238
0.961238
0.961238
0.961238
0.961238
0.961238
0.961238
0.961238
0.961238
0.961238
0.961238
0.961238
0.961238
0.961238
0.961238
0.961238
0.961238
0.961238
0.961238
0.961238
0.961238
0.961238
0.961238
0.961238
0.961238
0.961238
0.961238
0.961238
0.961238
0.961238
0.961238
0.961238
0.961238
0.961238
0.961238
0.961238
0.961238
0.961238
0.961238
0.961238
0.961238
0.961238
0.961238
0.961238
0.961238
0.961238
0.961238
0.961238
0.961238
0.961238
0.961238
0.961238
0.961238
0.961238
0.961238
0.961238
0.961238
0.961238
0.961238
0.961238
0.961238
0.961238
0.961238
0.961238
0.961238
0.961238
0.961238
0.961238
0.961238
0.961238
0.961238
0.961238
0.961238
0.961238
0.961238
0.961238
0.961238
0.961238
0.961238
0.961238
0.961238
0.961238
0.961238
0.961238
0.961238
0.961238
0.961238
0.961238
0.961238
0.961238
0.961238
0.961238
0.961238
0.961238
0.961238
0.961238
0.961238
0.961238
0.961238
0.961238
0.961238
0.961238
0.961238
0.961238
0.961238
0.961238
0.961238
0.961238
0.961238
0.961238
0.961238
0.961238
0.961238
0.961238
0.961238
0.961238
0.961238
0.961238
0.961238
0.961238
0.961238
0.961238
0.961238
0.961238
0.961238
0.961238
0.961238
0.961238
0.961238
0.961238
0.961238
0.961238
0.961238
0.961238
0.961238
0.961238
0.961238
0.961238
0.961238
0.961238
0.961238
0.961238
0.961238
0.961238
0.961238
0.961238
0.961238
0.961238
0.961238
0.961238
0.961238
0.961238
0.961238
0.961238
0.961238
0.961238
0.961238
0.961238
0.961238
0.961238
0.961238
0.961238
0.961238
0.961238
0.961238
0.961238
0.961238
0.961238
0.961238
0.961238
0.961238
0.961238
0.961238
0.961238
0.961238
0.961238
0.961238
0.961238
0.961238
0.961238
0.961238
0.961238
0.961238
0.961238
0.961238
0.961238
0.961238
0.961238
0.961238
0.961238
0.961238
0.961238
0.961238
0.961238
0.961238
0.961238
0.961238
0.961238
0.961238
0.961238
0.961238
0.961238
0.961238
0.961238
0.961238
0.961238
0.961238
0.961238
0.961238
0.961238
0.961238
0.961238
0.961238
0.961238
0.961238
0.961238
0.961238
0.961238
0.961238
0.961238
0.961238
0.961238
0.961238
0.961238
0.961238
0.961238
0.961238
0.961238
0.961238
0.961238
0.961238
0.961238
0.961238
0.961238
0.961238
0.961238
0.961238
0.961238
0.961238
0.961238
0.961238
0.961238
0.961238
0.961238
0.961238
0.961238
0.961238
0.961238
0.961238
0.961238
0.961238
0.961238
0.961238
0.961238
0.961238
0.961238
0.961238
0.961238
0.961238
0.961238
0.961238
0.961238
0.961238
0.961238
0.961238
0.961238
0.961238
0.961238
0.961238
0.961238
0.961238
0.961238
0.961238
0.961238
0.961238
0.961238
0.961238
0.961238
0.961238
0.961238
0.961238
0.961238
0.961238
0.961238
0.961238
0.961238
0.961238
0.961238
0.961238
0.961238
0.961238
0.961238
0.961238
0.961238
0.961238
0.961238
0.961238
0.961238
0.961238
0.961238
0.961238
0.961238
0.961238
0.961238
0.961238
0.961238
0.961238
0.961238
0.961238
0.961238
0.961238
0.961238
0.961238
0.961238
0.961238
0.961238
0.961238
0.961238
0.961238
0.961238
0.961238
0.961238
0.961238
0.961238
0.961238
0.961238
0.961238
0.961238
0.961238
0.961238
0.961238
0.961238
0.961238
0.961238
0.961238
0.961238
0.961238
0.961238
0.961238
0.961238
0.961238
0.961238
0.961238
0.961238
0.961238
0.961238
0.961238
0.961238
0.961238
0.961238
0.961238
0.961238
0.961238
0.961238
0.961238
0.961238
0.961238
0.961238
0.961238
0.961238
0.961238
0.961238
0.961238
0.961238
0.961238
0.961238
0.961238
0.961238
0.961238
0.961238
0.961238
0.961238
0.961238
0.961238
0.961238
0.961238
0.961238
0.961238
0.961238
0.961238
0.961238
0.961238
0.961238
0.961238
0.961238
0.961238
0.961238
