0.339846
0.490553
0.547132
0.589452
0.623144
0.651188
0.675273
0.696414
0.715261
0.732292
0.747859
0.762220
0.775566
0.788060
0.799841
0.811022
0.821681
0.831915
0.841858
0.851678
0.861627
0.872352
0.882840
0.888498
0.892084
0.895467
0.898746
0.901921
0.904991
0.907956
0.910815
0.913569
0.916217
0.918762
0.921203
0.923542
0.925781
0.927919
0.929961
0.931984
0.933827
0.935580
0.937245
0.938824
0.940320
0.941735
0.943071
0.944332
0.945519
0.946637
0.947686
0.948671
0.949594
0.950458
0.951265
0.952018
0.952721
0.953374
0.953982
0.954546
0.955069
0.955553
0.956001
0.956415
0.956796
0.957148
0.957471
0.957768
0.958040
0.958290
0.958518
0.958727
0.958918
0.959092
0.959250
0.959394
0.959524
0.959643
0.959750
0.959847
0.959935
0.960014
0.960085
0.960149
0.960207
0.960258
0.960305
0.960346
0.960383
0.960417
0.960446
0.960473
0.960496
0.960517
0.960535
0.960552
0.960566
0.960579
0.960590
0.960600
0.960609
0.960617
0.960624
0.960630
0.960635
0.960640
0.960644
0.960647
0.960650
0.960653
0.960655
0.960657
0.960659
0.960661
0.960662
0.960663
0.960664
0.960665
0.960666
0.960666
0.960667
0.960667
0.960668
0.960668
0.960668
0.960668
0.960669
0.960669
0.960669
0.960669
0.960669
0.960669
0.960669
0.960670
0.960670
0.960670
0.960670
0.960670
0.960670
0.960670
0.960670
0.960670
0.960670
0.960670
0.960670
0.960670
0.960670
0.960670
0.960670
0.960670
0.960670
0.960670
0.960670
0.960670
0.960670
0.960670
0.960670
0.960670
0.960670
0.960670
0.960670
0.960670
0.960670
0.960670
0.960670
0.960670
0.960670
0.960670
0.960670
0.960670
0.960670
0.960670
0.960670
0.960670
0.960670
0.960670
0.960670
0.960670
0.960670
0.960670
0.960670
0.960670
0.960670
0.960670
0.960670
0.960670
0.960670
0.960670
0.960670
0.960670
0.960670
0.960670
0.960670
0.960670
0.960670
0.960670
0.960670
0.960670
0.960670
0.960670
0.960670
0.960670
0.960670
0.960670
0.960670
0.960670
0.960670
0.960670
0.960670
0.960670
0.960670
0.960670
0.960670
0.960670
0.960670
0.960670
0.960670
0.960670
0.960670
0.960670
0.960670
0.960670
0.960670
0.960670
0.960670
0.960670
0.960670
0.960670
0.960670
0.960670
0.960670
0.960670
0.960670
0.960670
0.960670
0.960670
0.960670
0.960670
0.960670
0.960670
0.960670
0.960670
0.960670
0.960670
0.960670
0.960670
0.960670
0.960670
0.960670
0.960670
0.960670
0.960670
0.960670
0.960670
0.960670
0.960670
0.960670
0.960670
0.960670
0.960670
0.960670
0.960670
0.960670
0.960670
0.960670
0.960670
0.960670
0.960670
0.960670
0.960670
0.960670
0.960670
0.960670
0.960670
0.960670
0.960670
0.960670
0.960670
0.960670
0.960670
0.960670
0.960670
0.960670
0.960670
0.960670
0.960670
0.960670
0.960670
0.960670
0.960670
0.960670
0.960670
0.960670
0.960670
0.960670
0.960670
0.960670
0.960670
0.960670
0.960670
0.960670
0.960670
0.960670
0.960670
0.960670
0.960670
0.960670
0.960670
0.960670
0.960670
0.960670
0.960670
0.960670
0.960670
0.960670
0.960670
0.960670
0.960670
0.960670
0.960670
0.960670
0.960670
0.960670
0.960670
0.960670
0.960670
0.960670
0.960670
0.960670
0.960670
0.960670
0.960670
0.960670
0.960670
0.960670
0.960670
0.960670
0.960670
0.960670
0.960670
0.960670
0.960670
0.960670
0.960670
0.960670
0.960670
0.960670
0.960670
0.960670
0.960670
0.960670
0.960670
0.960670
0.960670
0.960670
0.960670
0.960670
0.960670
0.960670
0.960670
0.960670
0.960670
0.960670
0.960670
0.960670
0.960670
0.960670
0.960670
0.960670
0.960670
0.960670
0.960670
0.960670
0.960670
0.960670
0.960670
0.960670
0.960670
0.960670
0.960670
0.960670
0.960670
0.960670
0.960670
0.960670
0.960670
0.960670
0.960670
0.960670
0.960670
0.960670
0.960670
0.960670
0.960670
0.960670
0.960670
0.960670
0.960670
0.960670
0.960670
0.960670
0.960670
0.960670
0.960670
0.960670
0.960670
0.960670
0.960670
0.960670
0.960670
0.960670
0.960670
0.960670
0.960670
0.960670
0.960670
0.960670
0.960670
0.960670
0.960670
0.960670
0.960670
0.960670
0.960670
0.960670
0.960670
0.960670
0.960670
0.960670
0.960670
0.960670
0.960670
0.960670
0.960670
0.960670
0.960670
0.960670
0.960670
0.960670
0.960670
0.960670
0.960670
0.960670
0.960670
0.960670
0.960670
0.960670
0.960670
0.960670
0.960670
0.960670
0.960670
0.960670
0.960670
0.960670
0.960670
0.960670
0.960670
0.960670
0.960670
0.960670
0.960670
0.960670
0.960670
0.960670
0.960670
0.960670
0.960670
0.960670
0.960670
0.960670
0.960670
0.960670
0.960670
0.960670
0.960670
0.960670
0.960670
0.960670
0.960670
0.960670
0.960670
0.960670
0.960670
0.960670
0.960670
0.960670
0.960670
0.960670
0.960670
0.960670
0.960670
0.960670
0.960670
0.960670
0.960670
0.960670
0.960670
0.960670
0.960670
0.960670
0.960670
0.960670
0.960670
0.960670
0.960670
0.960670
0.960670
0.960670
0.960670
0.960670
0.960670
0.960670
0.960670
0.960670
0.960670
0.960670
0.960670
0.960670
0.960670
0.960670
0.960670
0.960670
0.960670
0.960670
0.960670
0.960670
0.960670
0.960670
0.960670
0.960670
0.960670
0.960670
0.960670
0.960670
0.960670
0.960670
0.960670
0.960670
0.960670
0.960670
0.960670
0.960670
0.960670
0.960670
0.960670
0.960670
0.960670
0.960670
0.960670
0.960670
0.960670
0.960670
0.960670
0.960670
0.960670
0.960670
0.960670
0.960670
0.960670
0.960670
0.960670
0.960670
0.960670
0.960670
0.960670
0.960670
0.960670
0.960670
0.960670
0.960670
0.960670
0.960670
0.960670
0.960670
0.960670
0.960670
0.960670
0.960670
0.960670
0.960670
0.960670
0.960670
0.960670
0.960670
0.960670
0.960670
0.960670
0.960670
0.960670
0.960670
0.960670
0.960670
0.960670
0.960670
0.960670
0.960670
0.960670
0.960670
0.960670
