0.179124
0.431309
0.453509
0.486547
0.515382
0.540405
0.562607
0.582621
0.600917
0.617840
0.633640
0.648507
0.662600
0.676055
0.688983
0.701458
0.713577
0.725471
0.737306
0.749332
0.762204
0.774934
0.782738
0.788593
0.794312
0.799970
0.805563
0.811087
0.816539
0.821913
0.827207
0.832417
0.837539
0.842571
0.847511
0.852355
0.857100
0.861746
0.866290
0.870904
0.875210
0.879414
0.883515
0.887510
0.891399
0.895181
0.898856
0.902423
0.905883
0.909235
0.912481
0.915621
0.918655
0.921585
0.924411
0.927135
0.929759
0.932284
0.934711
0.937043
0.939281
0.941426
0.943482
0.945450
0.947333
0.949132
0.950850
0.952488
0.954051
0.955538
0.956954
0.958301
0.959580
0.960794
0.961945
0.963037
0.964070
0.965048
0.965972
0.966845
0.967669
0.968446
0.969178
0.969867
0.970515
0.971124
0.971697
0.972234
0.972737
0.973209
0.973651
0.974064
0.974450
0.974810
0.975147
0.975461
0.975753
0.976025
0.976278
0.976513
0.976732
0.976935
0.977123
0.977297
0.977458
0.977607
0.977745
0.977873
0.977990
0.978099
0.978199
0.978291
0.978375
0.978453
0.978525
0.978590
0.978650
0.978706
0.978756
0.978803
0.978845
0.978884
0.978919
0.978951
0.978981
0.979007
0.979032
0.979054
0.979074
0.979092
0.979109
0.979124
0.979138
0.979150
0.979161
0.979172
0.979181
0.979189
0.979196
0.979203
0.979209
0.979215
0.979220
0.979224
0.979228
0.979232
0.979235
0.979238
0.979240
0.979243
0.979245
0.979247
0.979248
0.979250
0.979251
0.979252
0.979253
0.979254
0.979255
0.979256
0.979256
0.979257
0.979257
0.979258
0.979258
0.979259
0.979259
0.979259
0.979259
0.979260
0.979260
0.979260
0.979260
0.979260
0.979260
0.979261
0.979261
0.979261
0.979261
0.979261
0.979261
0.979261
0.979261
0.979261
0.979261
0.979261
0.979261
0.979261
0.979261
0.979261
0.979261
0.979261
0.979261
0.979261
0.979261
0.979261
0.979261
0.979261
0.979261
0.979261
0.979261
0.979261
0.979261
0.979261
0.979261
0.979261
0.979261
0.979261
0.979261
0.979261
0.979261
0.979261
0.979261
0.979261
0.979261
0.979261
0.979261
0.979261
0.979261
0.979261
0.979261
0.979261
0.979261
0.979261
0.979261
0.979261
0.979261
0.979261
0.979261
0.979261
0.979261
0.979261
0.979261
0.979261
0.979261
0.979261
0.979261
0.979261
0.979261
0.979261
0.979261
0.979261
0.979261
0.979261
0.979261
0.979261
0.979261
0.979261
0.979261
0.979261
0.979261
0.979261
0.979261
0.979261
0.979261
0.979261
0.979261
0.979261
0.979261
0.979261
0.979261
0.979261
0.979261
0.979261
0.979261
0.979261
0.979261
0.979261
0.979261
0.979261
0.979261
0.979261
0.979261
0.979261
0.979261
0.979261
0.979261
0.979261
0.979261
0.979261
0.979261
0.979261
0.979261
0.979261
0.979261
0.979261
0.979261
0.979261
0.979261
0.979261
0.979261
0.979261
0.979261
0.979261
0.979261
0.979261
0.979261
0.979261
0.979261
0.979261
0.979261
0.979261
0.979261
0.979261
0.979261
0.979261
0.979261
0.979261
0.979261
0.979261
0.979261
0.979261
0.979261
0.979261
0.979261
0.979261
0.979261
0.979261
0.979261
0.979261
0.979261
0.979261
0.979261
0.979261
0.979261
0.979261
0.979261
0.979261
0.979261
0.979261
0.979261
0.979261
0.979261
0.979261
0.979261
0.979261
0.979261
0.979261
0.979261
0.979261
0.979261
0.979261
0.979261
0.979261
0.979261
0.979261
0.979261
0.979261
0.979261
0.979261
0.979261
0.979261
0.979261
0.979261
0.979261
0.979261
0.979261
0.979261
0.979261
0.979261
0.979261
0.979261
0.979261
0.979261
0.979261
0.979261
0.979261
0.979261
0.979261
0.979261
0.979261
0.979261
0.979261
0.979261
0.979261
0.979261
0.979261
0.979261
0.979261
0.979261
0.979261
0.979261
0.979261
0.979261
0.979261
0.979261
0.979261
0.979261
0.979261
0.979261
0.979261
0.979261
0.979261
0.979261
0.979261
0.979261
0.979261
0.979261
0.979261
0.979261
0.979261
0.979261
0.979261
0.979261
0.979261
0.979261
0.979261
0.979261
0.979261
0.979261
0.979261
0.979261
0.979261
0.979261
0.979261
0.979261
0.979261
0.979261
0.979261
0.979261
0.979261
0.979261
0.979261
0.979261
0.979261
0.979261
0.979261
0.979261
0.979261
0.979261
0.979261
0.979261
0.979261
0.979261
0.979261
0.979261
0.979261
0.979261
0.979261
0.979261
0.979261
0.979261
0.979261
0.979261
0.979261
0.979261
0.979261
0.979261
0.979261
0.979261
0.979261
0.979261
0.979261
0.979261
0.979261
0.979261
0.979261
0.979261
0.979261
0.979261
0.979261
0.979261
0.979261
0.979261
0.979261
0.979261
0.979261
0.979261
0.979261
0.979261
0.979261
0.979261
0.979261
0.979261
0.979261
0.979261
0.979261
0.979261
0.979261
0.979261
0.979261
0.979261
0.979261
0.979261
0.979261
0.979261
0.979261
0.979261
0.979261
0.979261
0.979261
0.979261
0.979261
0.979261
0.979261
0.979261
0.979261
0.979261
0.979261
0.979261
0.979261
0.979261
0.979261
0.979261
0.979261
0.979261
0.979261
0.979261
0.979261
0.979261
0.979261
0.979261
0.979261
0.979261
0.979261
0.979261
0.979261
0.979261
0.979261
0.979261
0.979261
0.979261
0.979261
0.979261
0.979261
0.979261
0.979261
0.979261
0.979261
0.979261
0.979261
0.979261
0.979261
0.979261
0.979261
0.979261
0.979261
0.979261
0.979261
0.979261
0.979261
0.979261
0.979261
0.979261
0.979261
0.979261
0.979261
0.979261
0.979261
0.979261
0.979261
0.979261
0.979261
0.979261
0.979261
0.979261
0.979261
0.979261
0.979261
0.979261
0.979261
0.979261
0.979261
0.979261
0.979261
0.979261
0.979261
0.979261
0.979261
0.979261
0.979261
0.979261
0.979261
0.979261
0.979261
0.979261
0.979261
0.979261
0.979261
0.979261
0.979261
0.979261
0.979261
0.979261
0.979261
0.979261
0.979261
0.979261
0.979261
0.979261
0.979261
0.979261
0.979261
0.979261
0.979261
0.979261
0.979261
0.979261
0.979261
0.979261
