0.019723
0.042041
0.065324
0.090231
0.117801
0.150552
0.190903
0.232314
0.260338
0.270143
0.271934
0.277157
0.280003
0.281934
0.283913
0.285886
0.287855
0.289817
0.291774
0.293726
0.295672
0.297612
0.299547
0.301477
0.303401
0.305320
0.307234
0.309143
0.311047
0.312946
0.314840
0.316730
0.318615
0.320496
0.322372
0.324243
0.326110
0.327973
0.329832
0.331722
0.333410
0.335099
0.336787
0.338472
0.340153
0.341832
0.343507
0.345180
0.346849
0.348515
0.350179
0.351839
0.353497
0.355152
0.356804
0.358454
0.360101
0.361745
0.363387
0.365026
0.366662
0.368296
0.369928
0.371557
0.373183
0.374808
0.376430
0.378050
0.379667
0.381282
0.382896
0.384507
0.386116
0.387723
0.389328
0.390931
0.392532
0.394131
0.395728
0.397324
0.398918
0.400510
0.402100
0.403689
0.405276
0.406861
0.408445
0.410028
0.411609
0.413188
0.414766
0.416343
0.417919
0.419493
0.421066
0.422638
0.424209
0.425778
0.427347
0.428914
0.430481
0.432046
0.433611
0.435174
0.436737
0.438299
0.439860
0.441421
0.442980
0.444540
0.446098
0.447656
0.449213
0.450770
0.452326
0.453882
0.455437
0.456992
0.458547
0.460101
0.461655
0.463209
0.464762
0.466316
0.467869
0.469422
0.470975
0.472528
0.474081
0.475633
0.477186
0.478739
0.480292
0.481845
0.483399
0.484952
0.486506
0.488060
0.489614
0.491168
0.492723
0.494278
0.495834
0.497390
0.498946
0.500502
0.502060
0.503617
0.505175
0.506734
0.508293
0.509853
0.511414
0.512975
0.514536
0.516099
0.517661
0.519225
0.520790
0.522355
0.523920
0.525487
0.527054
0.528623
0.530192
0.531761
0.533332
0.534904
0.536476
0.538049
0.539623
0.541198
0.542774
0.544351
0.545928
0.547507
0.549087
0.550667
0.552249
0.553831
0.555414
0.556999
0.558584
0.560170
0.561758
0.563346
0.564935
0.566525
0.568117
0.569709
0.571302
0.572896
0.574491
0.576087
0.577684
0.579282
0.580881
0.582481
0.584082
0.585684
0.587286
0.588890
0.590495
0.592100
0.593706
0.595314
0.596922
0.598531
0.600141
0.601751
0.603363
0.604975
0.606588
0.608202
0.609817
0.611432
0.613049
0.614666
0.616283
0.617901
0.619520
0.621140
0.622760
0.624381
0.626002
0.627624
0.629246
0.630869
0.632493
0.634117
0.635741
0.637366
0.638991
0.640616
0.642242
0.643868
0.645494
0.647121
0.648747
0.650374
0.652001
0.653628
0.655256
0.656883
0.658510
0.660138
0.661765
0.663392
0.665019
0.666646
0.668273
0.669899
0.671525
0.673151
0.674777
0.676402
0.678026
0.679651
0.681274
0.682898
0.684520
0.686142
0.687764
0.689384
0.691004
0.692624
0.694242
0.695859
0.697476
0.699092
0.700706
0.702320
0.703932
0.705544
0.707154
0.708763
0.710370
0.711977
0.713582
0.715186
0.716788
0.718388
0.719988
0.721585
0.723181
0.724775
0.726368
0.727958
0.729547
0.731134
0.732719
0.734303
0.735884
0.737463
0.739040
0.740614
0.742187
0.743757
0.745325
0.746891
0.748454
0.750015
0.751573
0.753129
0.754682
0.756232
0.757780
0.759325
0.760867
0.762406
0.763942
0.765476
0.767006
0.768533
0.770058
0.771579
0.773097
0.774611
0.776123
0.777631
0.779135
0.780637
0.782134
0.783628
0.785119
0.786606
0.788089
0.789569
0.791044
0.792516
0.793984
0.795449
0.796909
0.798365
0.799817
0.801265
0.802709
0.804149
0.805584
0.807015
0.808442
0.809865
0.811283
0.812696
0.814106
0.815510
0.816910
0.818306
0.819696
0.821082
0.822464
0.823840
0.825212
0.826579
0.827941
0.829298
0.830650
0.831997
0.833339
0.834675
0.836007
0.837334
0.838655
0.839971
0.841282
0.842587
0.843887
0.845182
0.846471
0.847755
0.849034
0.850307
0.851574
0.852836
0.854092
0.855343
0.856588
0.857827
0.859060
0.860288
0.861510
0.862726
0.863937
0.865141
0.866340
0.867532
0.868719
0.869900
0.871075
0.872244
0.873407
0.874563
0.875714
0.876859
0.877997
0.879130
0.880256
0.881376
0.882490
0.883598
0.884700
0.885795
0.886884
0.887967
0.889044
0.890114
0.891178
0.892236
0.893287
0.894332
0.895371
0.896404
0.897430
0.898449
0.899463
0.900470
0.901470
0.902464
0.903452
0.904433
0.905408
0.906377
0.907339
0.908294
0.909244
0.910186
0.911123
0.912053
0.912976
0.913893
0.914804
0.915708
0.916606
0.917497
0.918382
0.919260
0.920132
0.920998
0.921857
0.922710
0.923556
0.924396
0.925230
0.926057
0.926878
0.927693
0.928501
0.929303
0.930098
0.930887
0.931670
0.932447
0.933217
0.933981
0.934739
0.935490
0.936236
0.936975
0.937708
0.938434
0.939155
0.939869
0.940577
0.941279
0.941975
0.942665
0.943349
0.944027
0.944698
0.945364
0.946024
0.946677
0.947325
0.947967
0.948603
0.949233
0.949857
0.950475
0.951088
0.951694
0.952295
0.952890
0.953480
0.954064
0.954642
0.955214
0.955781
0.956342
0.956897
0.957447
0.957992
0.958531
0.959064
0.959592
0.960115
0.960632
0.961144
0.961651
0.962152
0.962648
0.963139
0.963624
0.964105
0.964580
0.965050
0.965515
0.965975
0.966430
0.966880
0.967324
0.967764
0.968199
0.968629
0.969055
0.969475
0.969891
0.970302
0.970708
0.971109
0.971506
0.971899
0.972286
0.972669
0.973048
0.973422
0.973791
0.974156
0.974517
0.974874
0.975226
0.975573
0.975917
0.976256
0.976591
0.976922
0.977249
0.977571
0.977890
0.978204
0.978515
0.978821
0.979124
0.979423
0.979718
0.980009
0.980296
0.980579
0.980859
0.981135
0.981407
0.981676
0.981941
0.982203
0.982461
0.982715
0.982966
0.983214
0.983458
0.983699
0.983936
0.984171
0.984402
0.984629
0.984854
0.985075
0.985293
0.985508
0.985720
0.985929
0.986135
0.986338
0.986538
0.986735
0.986929
0.987120
0.987308
0.987494
0.987677
0.987857
0.988034
0.988209
0.988381
0.988551
0.988717
0.988882
0.989044
0.989203
0.989360
0.989514
0.989666
0.989815
0.989963
0.990108
0.990250
0.990390
0.990528
0.990664
0.990798
0.990929
0.991059
