0.020438
0.064028
0.131171
0.182474
0.210995
0.226667
0.237122
0.245791
0.253940
0.262070
0.270721
0.280884
0.284867
0.286857
0.288833
0.290803
0.292767
0.294725
0.296676
0.298622
0.300561
0.302494
0.304421
0.306341
0.308256
0.310165
0.312068
0.313965
0.315856
0.317742
0.319622
0.321496
0.323365
0.325229
0.327086
0.328939
0.330786
0.332628
0.334465
0.336350
0.338040
0.339714
0.341383
0.343046
0.344706
0.346361
0.348012
0.349658
0.351300
0.352939
0.354573
0.356202
0.357828
0.359449
0.361066
0.362680
0.364289
0.365894
0.367494
0.369091
0.370684
0.372272
0.373857
0.375437
0.377014
0.378586
0.380155
0.381719
0.383280
0.384836
0.386389
0.387937
0.389482
0.391023
0.392560
0.394092
0.395621
0.397146
0.398668
0.400185
0.401698
0.403208
0.404714
0.406216
0.407714
0.409208
0.410698
0.412185
0.413668
0.415147
0.416622
0.418094
0.419562
0.421026
0.422486
0.423943
0.425396
0.426845
0.428291
0.429733
0.431171
0.432605
0.434036
0.435464
0.436887
0.438307
0.439723
0.441136
0.442545
0.443951
0.445353
0.446751
0.448146
0.449538
0.450925
0.452310
0.453690
0.455068
0.456441
0.457811
0.459178
0.460541
0.461901
0.463257
0.464610
0.465960
0.467306
0.468648
0.469987
0.471323
0.472655
0.473984
0.475310
0.476632
0.477951
0.479266
0.480578
0.481887
0.483193
0.484495
0.485794
0.487089
0.488381
0.489670
0.490956
0.492238
0.493517
0.494793
0.496066
0.497335
0.498601
0.499864
0.501124
0.502381
0.503634
0.504884
0.506131
0.507375
0.508615
0.509853
0.511087
0.512318
0.513547
0.514771
0.515993
0.517212
0.518428
0.519640
0.520850
0.522056
0.523259
0.524460
0.525657
0.526851
0.528042
0.529230
0.530415
0.531598
0.532777
0.533953
0.535126
0.536296
0.537463
0.538627
0.539789
0.540947
0.542102
0.543255
0.544404
0.545551
0.546695
0.547836
0.548973
0.550108
0.551241
0.552370
0.553496
0.554620
0.555741
0.556859
0.557974
0.559086
0.560195
0.561302
0.562406
0.563507
0.564605
0.565700
0.566793
0.567883
0.568970
0.570055
0.571136
0.572215
0.573291
0.574365
0.575436
0.576504
0.577569
0.578632
0.579692
0.580749
0.581804
0.582856
0.583905
0.584952
0.585996
0.587038
0.588077
0.589113
0.590146
0.591177
0.592206
0.593232
0.594255
0.595275
0.596294
0.597309
0.598322
0.599333
0.600340
0.601346
0.602349
0.603349
0.604347
0.605342
0.606335
0.607325
0.608313
0.609298
0.610281
0.611262
0.612240
0.613215
0.614189
0.615159
0.616127
0.617093
0.618057
0.619018
0.619976
0.620933
0.621886
0.622838
0.623787
0.624734
0.625678
0.626620
0.627560
0.628497
0.629432
0.630365
0.631295
0.632223
0.633149
0.634073
0.634994
0.635913
0.636829
0.637744
0.638656
0.639566
0.640473
0.641379
0.642282
0.643183
0.644081
0.644978
0.645872
0.646764
0.647654
0.648542
0.649427
0.650310
0.651192
0.652071
0.652947
0.653822
0.654695
0.655565
0.656433
0.657300
0.658164
0.659026
0.659885
0.660743
0.661599
0.662453
0.663304
0.664154
0.665001
0.665846
0.666690
0.667531
0.668370
0.669207
0.670043
0.670876
0.671707
0.672536
0.673363
0.674189
0.675012
0.675833
0.676652
0.677470
0.678285
0.679098
0.679910
0.680719
0.681527
0.682333
0.683137
0.683939
0.684739
0.685537
0.686333
0.687127
0.687920
0.688710
0.689499
0.690286
0.691071
0.691854
0.692636
0.693415
0.694193
0.694969
0.695743
0.696515
0.697286
0.698055
0.698822
0.699587
0.700350
0.701112
0.701872
0.702630
0.703386
0.704141
0.704894
0.705645
0.706395
0.707143
0.707889
0.708633
0.709376
0.710117
0.710857
0.711594
0.712331
0.713065
0.713798
0.714529
0.715259
0.715987
0.716713
0.717438
0.718161
0.718882
0.719602
0.720320
0.721037
0.721752
0.722466
0.723178
0.723889
0.724598
0.725305
0.726011
0.726715
0.727418
0.728120
0.728819
0.729518
0.730215
0.730910
0.731604
0.732297
0.732988
0.733677
0.734365
0.735052
0.735737
0.736421
0.737103
0.737784
0.738464
0.739142
0.739819
0.740494
0.741168
0.741841
0.742512
0.743182
0.743851
0.744518
0.745184
0.745849
0.746512
0.747174
0.747835
0.748494
0.749152
0.749809
0.750464
0.751119
0.751772
0.752423
0.753074
0.753723
0.754371
0.755018
0.755663
0.756308
0.756951
0.757593
0.758233
0.758873
0.759511
0.760148
0.760784
0.761419
0.762053
0.762685
0.763317
0.763947
0.764576
0.765204
0.765831
0.766457
0.767082
0.767705
0.768328
0.768949
0.769570
0.770189
0.770807
0.771424
0.772041
0.772656
0.773270
0.773883
0.774495
0.775106
0.775716
0.776325
0.776934
0.777541
0.778147
0.778752
0.779356
0.779960
0.780562
0.781163
0.781764
0.782363
0.782962
0.783560
0.784157
0.784753
0.785348
0.785942
0.786535
0.787128
0.787719
0.788310
0.788900
0.789489
0.790077
0.790664
0.791251
0.791837
0.792422
0.793006
0.793589
0.794172
0.794754
0.795335
0.795915
0.796494
0.797073
0.797651
0.798228
0.798805
0.799381
0.799956
0.800530
0.801104
0.801677
0.802249
0.802821
0.803392
0.803962
0.804531
0.805100
0.805669
0.806236
0.806803
0.807370
0.807935
0.808500
0.809065
0.809629
0.810192
0.810755
0.811317
0.811878
0.812439
0.812999
0.813559
0.814118
0.814677
0.815235
0.815793
0.816350
0.816906
0.817462
0.818017
0.818572
0.819127
0.819681
0.820234
0.820787
0.821339
0.821891
0.822443
0.822994
0.823544
0.824094
0.824644
0.825193
0.825742
0.826290
0.826838
0.827385
0.827932
0.828479
0.829025
0.829571
0.830116
0.830661
0.831206
0.831750
0.832293
0.832837
0.833380
0.833923
0.834465
0.835007
0.835548
0.836089
0.836630
0.837171
0.837711
0.838251
0.838790
0.839329
0.839868
0.840407
0.840945
0.841483
0.842020
0.842557
0.843094
0.843631
0.844167
0.844703
0.845239
0.845774
0.846310
0.846844
0.847379
0.847913
0.848447
0.848981
0.849515
0.850048
0.850581
0.851113
