0.010928
0.023239
0.035954
0.049358
0.064131
0.081311
0.091551
0.102736
0.116212
0.134087
0.158796
0.190143
0.223288
0.251075
0.268833
0.276937
0.279301
0.279984
0.281073
0.282798
0.284748
0.286716
0.288678
0.290634
0.292585
0.294529
0.296469
0.298402
0.300331
0.302253
0.304171
0.306083
0.307989
0.309891
0.311787
0.313678
0.315563
0.317444
0.319319
0.321236
0.322951
0.324658
0.326359
0.328057
0.329751
0.331440
0.333125
0.334807
0.336484
0.338156
0.339825
0.341490
0.343151
0.344807
0.346460
0.348108
0.349753
0.351394
0.353030
0.354663
0.356292
0.357917
0.359538
0.361155
0.362768
0.364377
0.365983
0.367585
0.369183
0.370777
0.372367
0.373954
0.375536
0.377115
0.378691
0.380263
0.381831
0.383395
0.384956
0.386513
0.388066
0.389616
0.391162
0.392705
0.394244
0.395780
0.397312
0.398841
0.400366
0.401887
0.403405
0.404920
0.406431
0.407939
0.409444
0.410945
0.412443
0.413937
0.415428
0.416916
0.418401
0.419882
0.421360
0.422835
0.424306
0.425775
0.427240
0.428702
0.430160
0.431616
0.433068
0.434518
0.435964
0.437407
0.438847
0.440284
0.441719
0.443150
0.444578
0.446003
0.447425
0.448844
0.450260
0.451673
0.453084
0.454491
0.455896
0.457298
0.458697
0.460093
0.461486
0.462877
0.464265
0.465650
0.467032
0.468412
0.469789
0.471163
0.472534
0.473903
0.475269
0.476633
0.477994
0.479352
0.480708
0.482062
0.483412
0.484761
0.486106
0.487449
0.488790
0.490129
0.491464
0.492798
0.494129
0.495457
0.496784
0.498107
0.499429
0.500748
0.502065
0.503379
0.504692
0.506002
0.507309
0.508615
0.509918
0.511219
0.512518
0.513815
0.515109
0.516402
0.517692
0.518980
0.520266
0.521550
0.522832
0.524111
0.525389
0.526665
0.527938
0.529210
0.530480
0.531747
0.533013
0.534277
0.535539
0.536799
0.538057
0.539313
0.540567
0.541820
0.543070
0.544319
0.545566
0.546811
0.548054
0.549296
0.550535
0.551773
0.553010
0.554244
0.555477
0.556708
0.557938
0.559165
0.560391
0.561616
0.562839
0.564060
0.565279
0.566497
0.567714
0.568929
0.570142
0.571353
0.572564
0.573772
0.574979
0.576185
0.577389
0.578592
0.579793
0.580992
0.582191
0.583387
0.584583
0.585777
0.586969
0.588160
0.589350
0.590538
0.591725
0.592911
0.594095
0.595278
0.596460
0.597640
0.598819
0.599997
0.601173
0.602348
0.603522
0.604694
0.605866
0.607036
0.608205
0.609372
0.610538
0.611704
0.612868
0.614030
0.615192
0.616352
0.617511
0.618669
0.619826
0.620982
0.622136
0.623290
0.624442
0.625593
0.626743
0.627892
0.629040
0.630187
0.631332
0.632477
0.633620
0.634763
0.635904
0.637044
0.638183
0.639321
0.640458
0.641594
0.642729
0.643863
0.644996
0.646128
0.647259
0.648388
0.649517
0.650645
0.651772
0.652897
0.654022
0.655146
0.656269
0.657390
0.658511
0.659631
0.660750
0.661867
0.662984
0.664100
0.665215
0.666329
0.667441
0.668553
0.669664
0.670774
0.671883
0.672991
0.674098
0.675204
0.676309
0.677413
0.678517
0.679619
0.680720
0.681820
0.682920
0.684018
0.685115
0.686212
0.687307
0.688402
0.689495
0.690588
0.691679
0.692770
0.693859
0.694948
0.696035
0.697122
0.698208
0.699292
0.700376
0.701459
0.702541
0.703621
0.704701
0.705780
0.706857
0.707934
0.709010
0.710084
0.711158
0.712231
0.713302
0.714373
0.715442
0.716511
0.717578
0.718645
0.719710
0.720774
0.721838
0.722900
0.723961
0.725021
0.726080
0.727138
0.728195
0.729250
0.730305
0.731358
0.732411
0.733462
0.734512
0.735561
0.736609
0.737656
0.738701
0.739746
0.740789
0.741831
0.742872
0.743911
0.744950
0.745987
0.747023
0.748058
0.749092
0.750124
0.751156
0.752186
0.753214
0.754242
0.755268
0.756293
0.757316
0.758339
0.759360
0.760380
0.761398
0.762415
0.763431
0.764445
0.765458
0.766470
0.767480
0.768489
0.769497
0.770503
0.771508
0.772511
0.773513
0.774514
0.775513
0.776510
0.777507
0.778501
0.779494
0.780486
0.781476
0.782465
0.783452
0.784438
0.785422
0.786405
0.787386
0.788365
0.789343
0.790319
0.791294
0.792267
0.793239
0.794209
0.795177
0.796143
0.797108
0.798071
0.799033
0.799993
0.800951
0.801908
0.802862
0.803815
0.804766
0.805716
0.806664
0.807610
0.808554
0.809496
0.810437
0.811376
0.812313
0.813248
0.814181
0.815112
0.816042
0.816969
0.817895
0.818819
0.819741
0.820661
0.821579
0.822495
0.823409
0.824321
0.825232
0.826140
0.827046
0.827950
0.828853
0.829753
0.830651
0.831547
0.832441
0.833333
0.834223
0.835111
0.835996
0.836880
0.837761
0.838641
0.839518
0.840393
0.841266
0.842136
0.843005
0.843871
0.844735
0.845597
0.846457
0.847314
0.848169
0.849022
0.849873
0.850721
0.851567
0.852411
0.853253
0.854092
0.854929
0.855763
0.856596
0.857425
0.858253
0.859078
0.859901
0.860721
0.861539
0.862355
0.863168
0.863979
0.864787
0.865593
0.866396
0.867197
0.867996
0.868792
0.869585
0.870376
0.871165
0.871951
0.872734
0.873515
0.874294
0.875070
0.875843
0.876614
0.877382
0.878148
0.878911
0.879672
0.880430
0.881185
0.881938
0.882688
0.883435
0.884180
0.884923
0.885662
0.886399
0.887134
0.887865
0.888594
0.889321
0.890044
0.890765
0.891484
0.892199
0.892912
0.893623
0.894330
0.895035
0.895737
0.896437
0.897133
0.897827
0.898518
0.899207
0.899893
0.900575
0.901256
0.901933
0.902608
0.903280
0.903949
0.904615
0.905279
0.905940
0.906598
0.907253
0.907905
0.908555
0.909202
0.909846
0.910487
0.911126
0.911761
0.912394
0.913024
0.913651
0.914276
0.914897
0.915516
0.916132
0.916745
0.917355
0.917963
0.918567
0.919169
0.919768
0.920364
0.920957
0.921548
0.922135
0.922720
0.923302
0.923881
0.924457
0.925031
0.925601
0.926169
0.926734
0.927296
0.927855
0.928411
0.928965
0.929516
0.930064
0.930609
0.931151
0.931690
0.932227
0.932761
