0.052522
0.115341
0.176668
0.197561
0.185540
0.182923
0.193459
0.205143
0.215936
0.225989
0.235431
0.244345
0.252835
0.261034
0.269097
0.277230
0.285954
0.295567
0.300121
0.302183
0.304171
0.306156
0.308139
0.310120
0.312099
0.314076
0.316051
0.318025
0.319997
0.321967
0.323936
0.325904
0.327870
0.329836
0.331801
0.333766
0.335730
0.337694
0.339659
0.341648
0.343430
0.345231
0.347035
0.348840
0.350647
0.352456
0.354266
0.356079
0.357893
0.359710
0.361529
0.363351
0.365175
0.367001
0.368831
0.370663
0.372498
0.374337
0.376178
0.378023
0.379871
0.381723
0.383578
0.385437
0.387300
0.389167
0.391038
0.392913
0.394793
0.396676
0.398565
0.400457
0.402355
0.404257
0.406164
0.408076
0.409993
0.411915
0.413843
0.415775
0.417714
0.419657
0.421606
0.423561
0.425522
0.427489
0.429461
0.431440
0.433424
0.435415
0.437412
0.439416
0.441425
0.443441
0.445464
0.447494
0.449530
0.451572
0.453622
0.455678
0.457742
0.459812
0.461889
0.463973
0.466065
0.468163
0.470269
0.472382
0.474502
0.476630
0.478765
0.480907
0.483057
0.485214
0.487378
0.489550
0.491730
0.493916
0.496111
0.498313
0.500522
0.502739
0.504964
0.507196
0.509435
0.511682
0.513937
0.516199
0.518468
0.520745
0.523029
0.525321
0.527620
0.529926
0.532240
0.534561
0.536889
0.539224
0.541566
0.543916
0.546272
0.548635
0.551005
0.553382
0.555766
0.558156
0.560553
0.562956
0.565366
0.567782
0.570205
0.572633
0.575068
0.577508
0.579955
0.582407
0.584865
0.587329
0.589798
0.592272
0.594751
0.597236
0.599725
0.602219
0.604718
0.607222
0.609730
0.612242
0.614759
0.617279
0.619803
0.622331
0.624863
0.627398
0.629936
0.632477
0.635021
0.637568
0.640118
0.642670
0.645224
0.647780
0.650338
0.652898
0.655459
0.658022
0.660586
0.663151
0.665716
0.668283
0.670849
0.673416
0.675983
0.678549
0.681116
0.683681
0.686246
0.688810
0.691373
0.693934
0.696493
0.699051
0.701607
0.704161
0.706712
0.709260
0.711806
0.714348
0.716888
0.719423
0.721955
0.724483
0.727007
0.729527
0.732042
0.734552
0.737057
0.739557
0.742052
0.744541
0.747024
0.749500
0.751971
0.754435
0.756893
0.759343
0.761786
0.764222
0.766651
0.769072
0.771484
0.773889
0.776285
0.778672
0.781051
0.783421
0.785782
0.788133
0.790474
0.792806
0.795128
0.797440
0.799741
0.802032
0.804312
0.806582
0.808840
0.811087
0.813322
0.815546
0.817758
0.819958
0.822147
0.824322
0.826486
0.828637
0.830775
0.832900
0.835012
0.837111
0.839196
0.841268
0.843327
0.845372
0.847402
0.849419
0.851422
0.853410
0.855384
0.857344
0.859289
0.861219
0.863135
0.865035
0.866921
0.868791
0.870646
0.872486
0.874310
0.876119
0.877913
0.879690
0.881452
0.883199
0.884929
0.886644
0.888343
0.890025
0.891692
0.893343
0.894977
0.896595
0.898197
0.899783
0.901353
0.902906
0.904443
0.905964
0.907468
0.908956
0.910428
0.911883
0.913322
0.914744
0.916151
0.917541
0.918914
0.920271
0.921612
0.922937
0.924246
0.925538
0.926814
0.928074
0.929318
0.930546
0.931758
0.932954
0.934134
0.935299
0.936447
0.937580
0.938697
0.939799
0.940885
0.941956
0.943011
0.944051
0.945076
0.946086
0.947080
0.948060
0.949025
0.949975
0.950911
0.951832
0.952738
0.953630
0.954508
0.955372
0.956221
0.957057
0.957879
0.958687
0.959482
0.960263
0.961030
0.961785
0.962526
0.963254
0.963970
0.964672
0.965362
0.966040
0.966705
0.967358
0.967999
0.968627
0.969244
0.969849
0.970443
0.971025
0.971596
0.972155
0.972704
0.973241
0.973768
0.974284
0.974790
0.975285
0.975770
0.976245
0.976709
0.977164
0.977610
0.978046
0.978472
0.978889
0.979297
0.979696
0.980086
0.980467
0.980840
0.981204
0.981560
0.981907
0.982247
0.982579
0.982902
0.983219
0.983527
0.983828
0.984122
0.984409
0.984689
0.984961
0.985227
0.985487
0.985740
0.985986
0.986226
0.986460
0.986688
0.986910
0.987126
0.987336
0.987541
0.987740
0.987934
0.988123
0.988306
0.988485
0.988659
0.988827
0.988991
0.989151
0.989306
0.989456
0.989602
0.989744
0.989882
0.990016
0.990146
0.990272
0.990394
0.990513
0.990628
0.990739
0.990847
0.990952
0.991054
0.991152
0.991247
0.991340
0.991429
0.991516
0.991600
0.991681
0.991759
0.991835
0.991909
0.991980
0.992048
0.992115
0.992179
0.992241
0.992301
0.992359
0.992414
0.992468
0.992520
0.992571
0.992619
0.992666
0.992711
0.992755
0.992796
0.992837
0.992876
0.992913
0.992950
0.992984
0.993018
0.993050
0.993081
0.993111
0.993140
0.993168
0.993194
0.993220
0.993244
0.993268
0.993291
0.993313
0.993334
0.993354
0.993373
0.993392
0.993409
0.993426
0.993443
0.993458
0.993474
0.993488
0.993502
0.993515
0.993528
0.993540
0.993551
0.993563
0.993573
0.993583
0.993593
0.993603
0.993611
0.993620
0.993628
0.993636
0.993643
0.993650
0.993657
0.993664
0.993670
0.993676
0.993681
0.993687
0.993692
0.993697
0.993701
0.993706
0.993710
0.993714
0.993718
0.993722
0.993725
0.993728
0.993731
0.993734
0.993737
0.993740
0.993742
0.993745
0.993747
0.993749
0.993752
0.993753
0.993755
0.993757
0.993759
0.993760
0.993762
0.993763
0.993765
0.993766
0.993767
0.993768
0.993769
0.993771
0.993771
0.993772
0.993773
0.993774
0.993775
0.993776
0.993776
0.993777
0.993778
0.993778
0.993779
0.993779
0.993780
0.993780
0.993781
0.993781
0.993781
0.993782
0.993782
0.993783
0.993783
0.993783
0.993783
0.993784
0.993784
0.993784
0.993784
0.993785
0.993785
0.993785
0.993785
0.993785
0.993785
0.993785
0.993786
0.993786
0.993786
0.993786
0.993786
0.993786
0.993786
0.993786
0.993786
0.993786
0.993787
0.993787
0.993787
0.993787
0.993787
0.993787
0.993787
0.993787
0.993787
0.993787
0.993787
0.993787
0.993787
0.993787
0.993787
0.993787
0.993787
0.993787
