0.107017
0.232473
0.202190
0.138244
0.158602
0.178154
0.195474
0.211039
0.225201
0.238215
0.250283
0.261582
0.272255
0.282407
0.292123
0.301525
0.310758
0.320004
0.329572
0.340279
0.349008
0.353034
0.356405
0.359801
0.363230
0.366693
0.370189
0.373719
0.377283
0.380881
0.384513
0.388179
0.391880
0.395615
0.399384
0.403187
0.407025
0.410897
0.414803
0.418836
0.422618
0.426456
0.430333
0.434247
0.438199
0.442187
0.446211
0.450271
0.454366
0.458496
0.462660
0.466858
0.471089
0.475352
0.479648
0.483975
0.488333
0.492722
0.497139
0.501585
0.506060
0.510561
0.515089
0.519642
0.524220
0.528822
0.533446
0.538093
0.542760
0.547448
0.552154
0.556878
0.561620
0.566377
0.571148
0.575934
0.580732
0.585541
0.590360
0.595189
0.600025
0.604868
0.609716
0.614568
0.619424
0.624281
0.629138
0.633995
0.638850
0.643701
0.648548
0.653389
0.658223
0.663049
0.667865
0.672670
0.677463
0.682242
0.687007
0.691756
0.696488
0.701202
0.705896
0.710569
0.715220
0.719848
0.724452
0.729030
0.733582
0.738107
0.742602
0.747068
0.751503
0.755906
0.760276
0.764612
0.768914
0.773179
0.777408
0.781600
0.785753
0.789867
0.793940
0.797973
0.801965
0.805914
0.809820
0.813683
0.817501
0.821274
0.825002
0.828684
0.832320
0.835909
0.839450
0.842944
0.846389
0.849786
0.853134
0.856433
0.859683
0.862883
0.866033
0.869133
0.872184
0.875184
0.878134
0.881033
0.883882
0.886681
0.889430
0.892129
0.894777
0.897376
0.899925
0.902424
0.904874
0.907275
0.909626
0.911930
0.914185
0.916391
0.918551
0.920662
0.922727
0.924746
0.926718
0.928645
0.930526
0.932363
0.934155
0.935904
0.937610
0.939273
0.940893
0.942473
0.944011
0.945508
0.946966
0.948385
0.949765
0.951107
0.952411
0.953679
0.954911
0.956107
0.957268
0.958395
0.959488
0.960548
0.961576
0.962573
0.963538
0.964473
0.965378
0.966254
0.967102
0.967922
0.968715
0.969481
0.970222
0.970937
0.971628
0.972294
0.972937
0.973558
0.974156
0.974733
0.975288
0.975823
0.976339
0.976834
0.977312
0.977771
0.978212
0.978636
0.979044
0.979435
0.979811
0.980172
0.980518
0.980850
0.981168
0.981473
0.981765
0.982045
0.982313
0.982569
0.982815
0.983049
0.983273
0.983487
0.983692
0.983887
0.984074
0.984252
0.984422
0.984583
0.984738
0.984885
0.985024
0.985158
0.985284
0.985405
0.985520
0.985629
0.985732
0.985830
0.985924
0.986012
0.986096
0.986176
0.986252
0.986323
0.986391
0.986455
0.986516
0.986574
0.986628
0.986679
0.986728
0.986774
0.986817
0.986858
0.986897
0.986933
0.986967
0.986999
0.987030
0.987059
0.987086
0.987111
0.987135
0.987157
0.987178
0.987198
0.987217
0.987234
0.987250
0.987266
0.987280
0.987294
0.987306
0.987318
0.987329
0.987339
0.987349
0.987358
0.987366
0.987374
0.987382
0.987388
0.987395
0.987401
0.987406
0.987412
0.987416
0.987421
0.987425
0.987429
0.987432
0.987436
0.987439
0.987442
0.987444
0.987447
0.987449
0.987451
0.987453
0.987455
0.987457
0.987458
0.987460
0.987461
0.987462
0.987464
0.987465
0.987466
0.987467
0.987467
0.987468
0.987469
0.987469
0.987470
0.987471
0.987471
0.987472
0.987472
0.987472
0.987473
0.987473
0.987473
0.987474
0.987474
0.987474
0.987474
0.987474
0.987475
0.987475
0.987475
0.987475
0.987475
0.987475
0.987475
0.987476
0.987476
0.987476
0.987476
0.987476
0.987476
0.987476
0.987476
0.987476
0.987476
0.987476
0.987476
0.987476
0.987476
0.987476
0.987476
0.987476
0.987476
0.987476
0.987476
0.987476
0.987476
0.987476
0.987476
0.987476
0.987476
0.987476
0.987476
0.987476
0.987476
0.987476
0.987476
0.987476
0.987476
0.987476
0.987476
0.987476
0.987476
0.987476
0.987476
0.987476
0.987476
0.987476
0.987476
0.987476
0.987476
0.987476
0.987476
0.987476
0.987476
0.987476
0.987476
0.987476
0.987476
0.987476
0.987476
0.987476
0.987476
0.987476
0.987476
0.987476
0.987476
0.987476
0.987476
0.987476
0.987476
0.987476
0.987476
0.987476
0.987476
0.987476
0.987476
0.987476
0.987476
0.987476
0.987476
0.987476
0.987476
0.987476
0.987476
0.987476
0.987476
0.987476
0.987476
0.987476
0.987476
0.987476
0.987476
0.987476
0.987476
0.987476
0.987476
0.987476
0.987476
0.987476
0.987476
0.987476
0.987476
0.987476
0.987476
0.987476
0.987476
0.987476
0.987476
0.987476
0.987476
0.987476
0.987476
0.987476
0.987476
0.987476
0.987476
0.987476
0.987476
0.987476
0.987476
0.987476
0.987476
0.987476
0.987476
0.987476
0.987476
0.987476
0.987476
0.987476
0.987476
0.987476
0.987476
0.987476
0.987476
0.987476
0.987476
0.987476
0.987476
0.987476
0.987476
0.987476
0.987476
0.987476
0.987476
0.987476
0.987476
0.987476
0.987476
0.987476
0.987476
0.987476
0.987476
0.987476
0.987476
0.987476
0.987476
0.987476
0.987476
0.987476
0.987476
0.987476
0.987476
0.987476
0.987476
0.987476
0.987476
0.987476
0.987476
0.987476
0.987476
0.987476
0.987476
0.987476
0.987476
0.987476
0.987476
0.987476
0.987476
0.987476
0.987476
0.987476
0.987476
0.987476
0.987476
0.987476
0.987476
0.987476
0.987476
0.987476
0.987476
0.987476
0.987476
0.987476
0.987476
0.987476
0.987476
0.987476
0.987476
0.987476
0.987476
0.987476
0.987476
0.987476
0.987476
0.987476
0.987476
0.987476
0.987476
0.987476
0.987476
0.987476
0.987476
0.987476
0.987476
0.987476
0.987476
0.987476
0.987476
0.987476
0.987476
0.987476
0.987476
0.987476
0.987476
0.987476
0.987476
0.987476
0.987476
0.987476
0.987476
0.987476
0.987476
0.987476
0.987476
0.987476
0.987476
0.987476
0.987476
0.987476
0.987476
0.987476
0.987476
0.987476
0.987476
0.987476
0.987476
0.987476
0.987476
0.987476
0.987476
0.987476
0.987476
0.987476
0.987476
0.987476
0.987476
0.987476
0.987476
0.987476
0.987476
