0.011681
0.024782
0.038235
0.052327
0.067408
0.084259
0.103555
0.116685
0.131309
0.148434
0.169243
0.195693
0.228587
0.262863
0.286981
0.293027
0.286924
0.281523
0.281314
0.283123
0.285098
0.287070
0.289037
0.291000
0.292958
0.294912
0.296861
0.298806
0.300746
0.302683
0.304615
0.306542
0.308466
0.310386
0.312302
0.314213
0.316121
0.318026
0.319926
0.321858
0.323584
0.325313
0.327041
0.328766
0.330489
0.332209
0.333927
0.335642
0.337355
0.339065
0.340773
0.342479
0.344182
0.345884
0.347583
0.349280
0.350975
0.352667
0.354358
0.356047
0.357734
0.359420
0.361103
0.362785
0.364465
0.366144
0.367820
0.369496
0.371169
0.372842
0.374513
0.376182
0.377851
0.379518
0.381183
0.382848
0.384512
0.386174
0.387835
0.389496
0.391155
0.392814
0.394472
0.396129
0.397785
0.399440
0.401095
0.402749
0.404403
0.406056
0.407708
0.409361
0.411012
0.412664
0.414315
0.415966
0.417616
0.419266
0.420917
0.422567
0.424217
0.425867
0.427517
0.429167
0.430817
0.432467
0.434118
0.435768
0.437419
0.439070
0.440722
0.442373
0.444025
0.445678
0.447331
0.448984
0.450638
0.452293
0.453948
0.455603
0.457260
0.458917
0.460574
0.462232
0.463891
0.465551
0.467212
0.468873
0.470535
0.472198
0.473862
0.475527
0.477193
0.478860
0.480528
0.482196
0.483866
0.485537
0.487208
0.488881
0.490555
0.492230
0.493906
0.495583
0.497262
0.498941
0.500622
0.502303
0.503986
0.505670
0.507355
0.509042
0.510730
0.512418
0.514108
0.515800
0.517492
0.519186
0.520881
0.522577
0.524274
0.525972
0.527672
0.529373
0.531075
0.532778
0.534483
0.536189
0.537895
0.539604
0.541313
0.543023
0.544735
0.546447
0.548161
0.549876
0.551592
0.553309
0.555027
0.556746
0.558466
0.560188
0.561910
0.563633
0.565357
0.567082
0.568808
0.570535
0.572263
0.573992
0.575721
0.577452
0.579183
0.580915
0.582647
0.584381
0.586115
0.587849
0.589585
0.591320
0.593057
0.594794
0.596531
0.598269
0.600008
0.601746
0.603486
0.605225
0.606965
0.608705
0.610445
0.612186
0.613926
0.615667
0.617408
0.619149
0.620890
0.622631
0.624371
0.626112
0.627852
0.629593
0.631333
0.633073
0.634812
0.636551
0.638290
0.640028
0.641766
0.643503
0.645240
0.646976
0.648711
0.650445
0.652179
0.653912
0.655644
0.657375
0.659106
0.660835
0.662563
0.664290
0.666016
0.667741
0.669464
0.671186
0.672907
0.674626
0.676344
0.678061
0.679776
0.681489
0.683201
0.684911
0.686619
0.688325
0.690030
0.691732
0.693433
0.695132
0.696828
0.698523
0.700215
0.701906
0.703593
0.705279
0.706962
0.708643
0.710321
0.711997
0.713670
0.715341
0.717009
0.718674
0.720337
0.721996
0.723653
0.725307
0.726958
0.728606
0.730251
0.731892
0.733531
0.735166
0.736798
0.738427
0.740052
0.741674
0.743292
0.744907
0.746518
0.748126
0.749730
0.751330
0.752927
0.754520
0.756109
0.757694
0.759275
0.760852
0.762425
0.763994
0.765559
0.767119
0.768676
0.770228
0.771776
0.773319
0.774859
0.776393
0.777923
0.779449
0.780970
0.782487
0.783999
0.785506
0.787008
0.788506
0.789999
0.791487
0.792970
0.794449
0.795922
0.797391
0.798854
0.800312
0.801765
0.803213
0.804656
0.806094
0.807526
0.808953
0.810375
0.811792
0.813203
0.814608
0.816009
0.817404
0.818793
0.820177
0.821555
0.822928
0.824295
0.825656
0.827012
0.828362
0.829706
0.831045
0.832377
0.833704
0.835026
0.836341
0.837650
0.838954
0.840252
0.841543
0.842829
0.844109
0.845383
0.846651
0.847912
0.849168
0.850418
0.851661
0.852899
0.854130
0.855355
0.856574
0.857787
0.858994
0.860194
0.861389
0.862577
0.863758
0.864934
0.866103
0.867266
0.868423
0.869574
0.870718
0.871856
0.872987
0.874112
0.875231
0.876344
0.877450
0.878550
0.879643
0.880731
0.881811
0.882886
0.883954
0.885016
0.886071
0.887120
0.888162
0.889199
0.890228
0.891252
0.892269
0.893280
0.894284
0.895282
0.896274
0.897259
0.898238
0.899210
0.900176
0.901136
0.902089
0.903037
0.903977
0.904912
0.905840
0.906762
0.907677
0.908587
0.909490
0.910386
0.911277
0.912161
0.913039
0.913910
0.914776
0.915635
0.916488
0.917335
0.918176
0.919010
0.919839
0.920661
0.921477
0.922287
0.923091
0.923889
0.924680
0.925466
0.926246
0.927020
0.927787
0.928549
0.929305
0.930055
0.930799
0.931537
0.932269
0.932995
0.933715
0.934430
0.935139
0.935842
0.936539
0.937230
0.937916
0.938596
0.939271
0.939939
0.940602
0.941260
0.941912
0.942558
0.943199
0.943834
0.944464
0.945088
0.945707
0.946320
0.946928
0.947530
0.948128
0.948719
0.949306
0.949887
0.950463
0.951034
0.951600
0.952160
0.952715
0.953266
0.953811
0.954351
0.954885
0.955415
0.955940
0.956460
0.956975
0.957485
0.957990
0.958491
0.958986
0.959477
0.959963
0.960444
0.960921
0.961392
0.961859
0.962322
0.962780
0.963233
0.963682
0.964126
0.964566
0.965001
0.965432
0.965858
0.966280
0.966698
0.967111
0.967520
0.967925
0.968326
0.968722
0.969114
0.969503
0.969886
0.970266
0.970642
0.971014
0.971382
0.971745
0.972105
0.972461
0.972813
0.973161
0.973506
0.973846
0.974183
0.974516
0.974845
0.975171
0.975493
0.975811
0.976126
0.976437
0.976745
0.977049
0.977350
0.977647
0.977940
0.978231
0.978518
0.978801
0.979082
0.979359
0.979632
0.979903
0.980170
0.980434
0.980695
0.980953
0.981208
0.981460
0.981708
0.981954
0.982197
0.982436
0.982673
0.982907
0.983138
0.983366
0.983591
0.983814
0.984034
0.984251
0.984465
0.984676
0.984885
0.985092
0.985295
0.985496
0.985695
0.985891
0.986084
0.986275
0.986463
0.986649
0.986833
0.987014
0.987193
0.987369
0.987543
0.987715
0.987884
0.988052
0.988217
0.988380
0.988540
0.988699
0.988855
0.989009
0.989161
0.989312
0.989460
0.989606
0.989750
0.989892
0.990032
0.990170
0.990306
0.990440
