0.050254
0.153468
0.212871
0.241031
0.256979
0.269775
0.272986
0.275284
0.277395
0.279441
0.281463
0.283472
0.285474
0.287469
0.289457
0.291440
0.293415
0.295385
0.297348
0.299306
0.301257
0.303202
0.305141
0.307075
0.309002
0.310924
0.312840
0.314750
0.316655
0.318554
0.320447
0.322335
0.324218
0.326095
0.327966
0.329833
0.331694
0.333549
0.335400
0.337307
0.339023
0.340714
0.342398
0.344077
0.345752
0.347422
0.349088
0.350749
0.352406
0.354059
0.355707
0.357351
0.358991
0.360627
0.362258
0.363886
0.365509
0.367128
0.368742
0.370353
0.371959
0.373561
0.375159
0.376753
0.378343
0.379928
0.381510
0.383088
0.384661
0.386230
0.387796
0.389357
0.390914
0.392467
0.394016
0.395562
0.397103
0.398640
0.400173
0.401703
0.403228
0.404749
0.406267
0.407780
0.409290
0.410796
0.412298
0.413796
0.415290
0.416780
0.418267
0.419749
0.421228
0.422703
0.424174
0.425642
0.427105
0.428565
0.430021
0.431473
0.432922
0.434367
0.435808
0.437245
0.438679
0.440109
0.441535
0.442958
0.444377
0.445792
0.447204
0.448612
0.450016
0.451417
0.452814
0.454208
0.455598
0.456984
0.458367
0.459746
0.461122
0.462494
0.463863
0.465228
0.466590
0.467948
0.469302
0.470653
0.472001
0.473345
0.474686
0.476023
0.477357
0.478688
0.480014
0.481338
0.482658
0.483975
0.485288
0.486598
0.487905
0.489208
0.490508
0.491805
0.493098
0.494388
0.495674
0.496958
0.498238
0.499514
0.500788
0.502058
0.503325
0.504588
0.505849
0.507106
0.508360
0.509610
0.510858
0.512102
0.513343
0.514581
0.515815
0.517047
0.518275
0.519500
0.520722
0.521941
0.523157
0.524370
0.525579
0.526786
0.527989
0.529189
0.530386
0.531580
0.532771
0.533959
0.535144
0.536326
0.537505
0.538681
0.539853
0.541023
0.542190
0.543354
0.544515
0.545672
0.546827
0.547979
0.549128
0.550274
0.551417
0.552557
0.553694
0.554828
0.555960
0.557088
0.558214
0.559336
0.560456
0.561573
0.562687
0.563798
0.564906
0.566012
0.567114
0.568214
0.569311
0.570405
0.571497
0.572585
0.573671
0.574754
0.575834
0.576912
0.577986
0.579058
0.580127
0.581194
0.582258
0.583319
0.584377
0.585432
0.586485
0.587535
0.588583
0.589628
0.590670
0.591709
0.592746
0.593780
0.594811
0.595840
0.596866
0.597890
0.598911
0.599929
0.600945
0.601958
0.602968
0.603976
0.604981
0.605984
0.606984
0.607982
0.608977
0.609969
0.610959
0.611947
0.612932
0.613914
0.614894
0.615871
0.616846
0.617819
0.618788
0.619756
0.620721
0.621683
0.622643
0.623601
0.624556
0.625508
0.626458
0.627406
0.628351
0.629294
0.630235
0.631173
0.632109
0.633042
0.633973
0.634901
0.635827
0.636751
0.637673
0.638592
0.639508
0.640423
0.641335
0.642244
0.643152
0.644057
0.644959
0.645860
0.646758
0.647654
0.648547
0.649438
0.650327
0.651214
0.652098
0.652980
0.653860
0.654738
0.655613
0.656486
0.657357
0.658226
0.659092
0.659957
0.660819
0.661678
0.662536
0.663392
0.664245
0.665096
0.665945
0.666791
0.667636
0.668478
0.669319
0.670157
0.670993
0.671826
0.672658
0.673488
0.674315
0.675140
0.675964
0.676785
0.677604
0.678421
0.679235
0.680048
0.680859
0.681667
0.682474
0.683278
0.684081
0.684881
0.685680
0.686476
0.687270
0.688062
0.688852
0.689641
0.690427
0.691211
0.691993
0.692773
0.693551
0.694327
0.695102
0.695874
0.696644
0.697412
0.698179
0.698943
0.699705
0.700466
0.701224
0.701981
0.702735
0.703488
0.704239
0.704988
0.705735
0.706480
0.707223
0.707964
0.708703
0.709441
0.710176
0.710910
0.711642
0.712372
0.713100
0.713826
0.714551
0.715273
0.715994
0.716713
0.717430
0.718145
0.718858
0.719570
0.720279
0.720987
0.721693
0.722398
0.723100
0.723801
0.724500
0.725197
0.725892
0.726586
0.727277
0.727967
0.728656
0.729342
0.730027
0.730710
0.731391
0.732071
0.732749
0.733425
0.734099
0.734772
0.735442
0.736112
0.736779
0.737445
0.738109
0.738771
0.739432
0.740091
0.740748
0.741404
0.742058
0.742710
0.743361
0.744010
0.744657
0.745303
0.745947
0.746589
0.747230
0.747869
0.748507
0.749142
0.749777
0.750409
0.751040
0.751670
0.752297
0.752924
0.753548
0.754171
0.754793
0.755412
0.756031
0.756647
0.757262
0.757876
0.758488
0.759098
0.759707
0.760314
0.760920
0.761524
0.762127
0.762728
0.763328
0.763926
0.764522
0.765117
0.765711
0.766303
0.766893
0.767482
0.768069
0.768655
0.769240
0.769823
0.770404
0.770984
0.771563
0.772140
0.772715
0.773290
0.773862
0.774433
0.775003
0.775571
0.776138
0.776704
0.777267
0.777830
0.778391
0.778951
0.779509
0.780066
0.780621
0.781175
0.781727
0.782279
0.782828
0.783377
0.783924
0.784469
0.785013
0.785556
0.786097
0.786637
0.787176
0.787713
0.788249
0.788784
0.789317
0.789848
0.790379
0.790908
0.791436
0.791962
0.792487
0.793011
0.793533
0.794054
0.794574
0.795092
0.795609
0.796125
0.796639
0.797153
0.797664
0.798175
0.798684
0.799192
0.799699
0.800204
0.800708
0.801211
0.801712
0.802212
0.802711
0.803209
0.803705
0.804200
0.804694
0.805187
0.805678
0.806168
0.806657
0.807145
0.807631
0.808116
0.808600
0.809083
0.809564
0.810044
0.810523
0.811001
0.811477
0.811953
0.812427
0.812900
0.813371
0.813842
0.814311
0.814779
0.815246
0.815712
0.816176
0.816640
0.817102
0.817563
0.818023
0.818481
0.818939
0.819395
0.819850
0.820304
0.820757
0.821209
0.821659
0.822108
0.822557
0.823004
0.823450
0.823894
0.824338
0.824781
0.825222
0.825662
0.826102
0.826540
0.826977
0.827412
0.827847
0.828281
0.828713
0.829145
0.829575
0.830004
0.830432
0.830859
0.831285
0.831710
0.832134
0.832556
0.832978
0.833399
0.833818
0.834237
0.834654
0.835070
0.835485
0.835899
0.836313
0.836725
0.837136
0.837546
0.837955
0.838362
0.838769
0.839175
0.839580
0.839983
