0.145044
0.195910
0.213580
0.224171
0.232887
0.240981
0.248877
0.256833
0.265469
0.275076
0.277840
0.279852
0.281858
0.283857
0.285851
0.287838
0.289819
0.291794
0.293763
0.295726
0.297683
0.299633
0.301578
0.303517
0.305449
0.307376
0.309297
0.311213
0.313122
0.315026
0.316925
0.318818
0.320705
0.322587
0.324464
0.326335
0.328201
0.330061
0.331917
0.333827
0.335543
0.337237
0.338924
0.340606
0.342284
0.343957
0.345626
0.347291
0.348951
0.350607
0.352259
0.353907
0.355551
0.357190
0.358825
0.360456
0.362083
0.363706
0.365325
0.366939
0.368549
0.370156
0.371758
0.373356
0.374950
0.376540
0.378125
0.379707
0.381285
0.382859
0.384429
0.385994
0.387556
0.389114
0.390668
0.392217
0.393763
0.395305
0.396843
0.398377
0.399907
0.401434
0.402956
0.404474
0.405989
0.407500
0.409006
0.410509
0.412009
0.413504
0.414995
0.416483
0.417967
0.419447
0.420924
0.422396
0.423865
0.425330
0.426791
0.428249
0.429703
0.431153
0.432599
0.434042
0.435481
0.436917
0.438349
0.439777
0.441201
0.442622
0.444039
0.445453
0.446863
0.448269
0.449672
0.451071
0.452467
0.453859
0.455247
0.456632
0.458014
0.459392
0.460766
0.462137
0.463504
0.464868
0.466229
0.467586
0.468939
0.470289
0.471636
0.472979
0.474319
0.475655
0.476988
0.478318
0.479644
0.480966
0.482286
0.483602
0.484914
0.486224
0.487530
0.488832
0.490132
0.491428
0.492720
0.494010
0.495296
0.496579
0.497858
0.499134
0.500407
0.501677
0.502944
0.504207
0.505467
0.506724
0.507978
0.509228
0.510475
0.511720
0.512960
0.514198
0.515433
0.516664
0.517893
0.519118
0.520340
0.521559
0.522775
0.523987
0.525197
0.526404
0.527607
0.528808
0.530005
0.531199
0.532390
0.533579
0.534764
0.535946
0.537125
0.538301
0.539474
0.540645
0.541812
0.542976
0.544137
0.545296
0.546451
0.547603
0.548753
0.549899
0.551043
0.552183
0.553321
0.554456
0.555588
0.556717
0.557843
0.558967
0.560087
0.561205
0.562319
0.563431
0.564540
0.565647
0.566750
0.567851
0.568949
0.570044
0.571136
0.572225
0.573312
0.574396
0.575477
0.576555
0.577631
0.578704
0.579774
0.580842
0.581906
0.582968
0.584028
0.585084
0.586138
0.587189
0.588238
0.589284
0.590327
0.591368
0.592405
0.593441
0.594473
0.595503
0.596531
0.597555
0.598578
0.599597
0.600614
0.601628
0.602640
0.603649
0.604656
0.605660
0.606661
0.607660
0.608657
0.609650
0.610642
0.611631
0.612617
0.613601
0.614582
0.615561
0.616537
0.617511
0.618482
0.619451
0.620417
0.621381
0.622342
0.623301
0.624258
0.625212
0.626164
0.627113
0.628060
0.629004
0.629946
0.630886
0.631823
0.632758
0.633690
0.634620
0.635548
0.636473
0.637396
0.638317
0.639235
0.640151
0.641065
0.641976
0.642885
0.643792
0.644696
0.645598
0.646498
0.647395
0.648290
0.649183
0.650074
0.650962
0.651848
0.652732
0.653613
0.654493
0.655370
0.656245
0.657117
0.657988
0.658856
0.659722
0.660586
0.661447
0.662307
0.663164
0.664019
0.664871
0.665722
0.666571
0.667417
0.668261
0.669103
0.669943
0.670781
0.671616
0.672450
0.673281
0.674110
0.674937
0.675762
0.676585
0.677406
0.678225
0.679041
0.679856
0.680669
0.681479
0.682287
0.683094
0.683898
0.684700
0.685500
0.686298
0.687094
0.687888
0.688680
0.689470
0.690258
0.691044
0.691828
0.692610
0.693390
0.694168
0.694944
0.695718
0.696490
0.697261
0.698029
0.698795
0.699559
0.700322
0.701082
0.701840
0.702597
0.703351
0.704104
0.704855
0.705604
0.706350
0.707095
0.707839
0.708580
0.709319
0.710057
0.710792
0.711526
0.712258
0.712988
0.713716
0.714442
0.715166
0.715889
0.716610
0.717329
0.718046
0.718761
0.719474
0.720186
0.720896
0.721604
0.722310
0.723014
0.723717
0.724417
0.725116
0.725814
0.726509
0.727203
0.727895
0.728585
0.729273
0.729960
0.730645
0.731328
0.732009
0.732689
0.733367
0.734043
0.734718
0.735390
0.736062
0.736731
0.737399
0.738064
0.738729
0.739391
0.740052
0.740711
0.741369
0.742025
0.742679
0.743331
0.743982
0.744631
0.745279
0.745925
0.746569
0.747212
0.747853
0.748492
0.749130
0.749766
0.750400
0.751033
0.751664
0.752294
0.752922
0.753548
0.754173
0.754796
0.755418
0.756038
0.756657
0.757274
0.757889
0.758503
0.759115
0.759726
0.760335
0.760942
0.761548
0.762153
0.762756
0.763357
0.763957
0.764555
0.765152
0.765747
0.766341
0.766933
0.767524
0.768113
0.768701
0.769287
0.769872
0.770455
0.771037
0.771617
0.772196
0.772774
0.773349
0.773924
0.774497
0.775068
0.775638
0.776207
0.776774
0.777340
0.777904
0.778467
0.779028
0.779588
0.780147
0.780704
0.781260
0.781814
0.782367
0.782918
0.783468
0.784017
0.784564
0.785110
0.785655
0.786198
0.786739
0.787280
0.787819
0.788356
0.788893
0.789427
0.789961
0.790493
0.791024
0.791553
0.792081
0.792608
0.793134
0.793658
0.794180
0.794702
0.795222
0.795741
0.796258
0.796774
0.797289
0.797802
0.798315
0.798826
0.799335
0.799843
0.800350
0.800856
0.801361
0.801864
0.802366
0.802866
0.803365
0.803863
0.804360
0.804856
0.805350
0.805843
0.806335
0.806825
0.807314
0.807802
0.808289
0.808775
0.809259
0.809742
0.810224
0.810705
0.811184
0.811662
0.812139
0.812615
0.813089
0.813563
0.814035
0.814506
0.814975
0.815444
0.815911
0.816377
0.816842
0.817306
0.817769
0.818230
0.818691
0.819150
0.819608
0.820064
0.820520
0.820974
0.821428
0.821880
0.822331
0.822781
0.823229
0.823677
0.824123
0.824569
0.825013
0.825456
0.825898
0.826339
0.826778
0.827217
0.827654
0.828091
0.828526
0.828960
0.829393
0.829825
0.830256
0.830686
0.831114
0.831542
0.831969
0.832394
0.832818
0.833242
0.833664
0.834085
0.834505
0.834924
0.835342
0.835759
0.836175
0.836589
0.837003
0.837416
0.837827
0.838238
0.838648
0.839056
0.839464
