0.041066
0.098031
0.147824
0.172147
0.184375
0.194638
0.205151
0.215576
0.225460
0.234756
0.243538
0.251924
0.260047
0.268072
0.276226
0.285242
0.294206
0.297384
0.299323
0.301244
0.303159
0.305069
0.306972
0.308869
0.310761
0.312646
0.314526
0.316399
0.318267
0.320130
0.321986
0.323837
0.325683
0.327523
0.329357
0.331187
0.333011
0.334830
0.336644
0.338491
0.340141
0.341788
0.343432
0.345071
0.346707
0.348339
0.349967
0.351591
0.353210
0.354826
0.356438
0.358047
0.359651
0.361251
0.362848
0.364441
0.366030
0.367615
0.369197
0.370775
0.372349
0.373920
0.375487
0.377050
0.378610
0.380166
0.381719
0.383268
0.384814
0.386356
0.387894
0.389429
0.390961
0.392489
0.394014
0.395536
0.397054
0.398569
0.400080
0.401588
0.403093
0.404595
0.406093
0.407588
0.409080
0.410569
0.412055
0.413537
0.415017
0.416493
0.417966
0.419436
0.420904
0.422368
0.423829
0.425287
0.426742
0.428195
0.429644
0.431091
0.432535
0.433976
0.435414
0.436849
0.438282
0.439711
0.441139
0.442563
0.443985
0.445404
0.446821
0.448235
0.449646
0.451055
0.452461
0.453865
0.455267
0.456666
0.458062
0.459456
0.460848
0.462237
0.463625
0.465009
0.466392
0.467772
0.469150
0.470526
0.471900
0.473272
0.474641
0.476009
0.477374
0.478738
0.480099
0.481459
0.482816
0.484172
0.485525
0.486877
0.488227
0.489575
0.490922
0.492266
0.493609
0.494950
0.496290
0.497628
0.498964
0.500299
0.501632
0.502963
0.504294
0.505622
0.506949
0.508275
0.509600
0.510923
0.512244
0.513565
0.514884
0.516202
0.517519
0.518834
0.520149
0.521462
0.522774
0.524085
0.525395
0.526705
0.528013
0.529320
0.530626
0.531932
0.533236
0.534540
0.535843
0.537145
0.538447
0.539747
0.541047
0.542347
0.543646
0.544944
0.546242
0.547539
0.548836
0.550132
0.551428
0.552723
0.554018
0.555313
0.556607
0.557902
0.559195
0.560489
0.561783
0.563076
0.564369
0.565662
0.566955
0.568248
0.569541
0.570834
0.572127
0.573420
0.574713
0.576007
0.577300
0.578594
0.579888
0.581182
0.582476
0.583771
0.585066
0.586362
0.587657
0.588954
0.590250
0.591547
0.592845
0.594143
0.595442
0.596741
0.598041
0.599341
0.600642
0.601944
0.603247
0.604550
0.605854
0.607159
0.608464
0.609771
0.611078
0.612386
0.613695
0.615005
0.616316
0.617627
0.618940
0.620254
0.621569
0.622884
0.624201
0.625519
0.626838
0.628159
0.629480
0.630802
0.632126
0.633451
0.634777
0.636105
0.637433
0.638763
0.640094
0.641427
0.642760
0.644095
0.645432
0.646769
0.648109
0.649449
0.650791
0.652134
0.653479
0.654825
0.656173
0.657522
0.658872
0.660224
0.661577
0.662932
0.664288
0.665646
0.667006
0.668366
0.669729
0.671093
0.672458
0.673825
0.675193
0.676563
0.677934
0.679307
0.680682
0.682057
0.683435
0.684814
0.686194
0.687576
0.688960
0.690345
0.691731
0.693119
0.694508
0.695899
0.697291
0.698685
0.700080
0.701477
0.702875
0.704274
0.705675
0.707077
0.708481
0.709886
0.711292
0.712700
0.714108
0.715519
0.716930
0.718343
0.719756
0.721171
0.722588
0.724005
0.725424
0.726843
0.728264
0.729686
0.731108
0.732532
0.733957
0.735383
0.736809
0.738237
0.739665
0.741094
0.742524
0.743955
0.745386
0.746818
0.748251
0.749684
0.751118
0.752553
0.753988
0.755423
0.756859
0.758295
0.759732
0.761169
0.762606
0.764043
0.765481
0.766918
0.768356
0.769793
0.771231
0.772668
0.774106
0.775543
0.776980
0.778417
0.779853
0.781289
0.782725
0.784160
0.785594
0.787028
0.788461
0.789894
0.791326
0.792757
0.794187
0.795616
0.797044
0.798471
0.799897
0.801321
0.802745
0.804167
0.805588
0.807007
0.808425
0.809841
0.811255
0.812668
0.814079
0.815489
0.816896
0.818301
0.819705
0.821106
0.822505
0.823902
0.825296
0.826689
0.828078
0.829465
0.830850
0.832232
0.833611
0.834987
0.836361
0.837732
0.839099
0.840464
0.841825
0.843183
0.844538
0.845889
0.847237
0.848582
0.849923
0.851260
0.852593
0.853923
0.855249
0.856571
0.857889
0.859202
0.860512
0.861817
0.863118
0.864415
0.865707
0.866995
0.868278
0.869557
0.870831
0.872099
0.873364
0.874623
0.875877
0.877126
0.878370
0.879609
0.880842
0.882070
0.883293
0.884510
0.885722
0.886928
0.888128
0.889323
0.890512
0.891695
0.892872
0.894044
0.895209
0.896368
0.897521
0.898667
0.899808
0.900942
0.902070
0.903191
0.904306
0.905414
0.906516
0.907611
0.908699
0.909781
0.910855
0.911923
0.912984
0.914039
0.915086
0.916126
0.917159
0.918185
0.919204
0.920215
0.921220
0.922217
0.923207
0.924189
0.925164
0.926132
0.927092
0.928045
0.928990
0.929928
0.930858
0.931781
0.932696
0.933603
0.934503
0.935395
0.936279
0.937156
0.938025
0.938886
0.939739
0.940585
0.941423
0.942253
0.943075
0.943889
0.944696
0.945494
0.946285
0.947068
0.947843
0.948610
0.949370
0.950121
0.950865
0.951601
0.952329
0.953049
0.953762
0.954466
0.955163
0.955852
0.956533
0.957206
0.957872
0.958529
0.959179
0.959822
0.960456
0.961083
0.961703
0.962314
0.962918
0.963515
0.964104
0.964685
0.965259
0.965826
0.966385
0.966936
0.967480
0.968017
0.968547
0.969069
0.969584
0.970092
0.970593
0.971086
0.971573
0.972052
0.972524
0.972990
0.973448
0.973900
0.974345
0.974783
0.975214
0.975639
0.976057
0.976468
0.976873
0.977272
0.977664
0.978049
0.978429
0.978802
0.979168
0.979529
0.979884
0.980232
0.980574
0.980911
0.981242
0.981566
0.981885
0.982199
0.982506
0.982808
0.983105
0.983396
0.983682
0.983962
0.984237
0.984507
0.984771
0.985031
0.985285
0.985534
0.985779
0.986018
0.986253
0.986483
0.986709
0.986929
0.987146
0.987357
0.987564
0.987767
0.987966
0.988160
0.988350
0.988536
0.988718
0.988896
0.989070
0.989240
0.989406
0.989568
0.989727
0.989882
0.990034
0.990182
0.990326
0.990467
