0.011391
0.021917
0.026576
0.031247
0.036032
0.041021
0.046308
0.051965
0.058083
0.064769
0.072148
0.080363
0.089579
0.100018
0.111979
0.125854
0.142139
0.161573
0.185322
0.215225
0.254336
0.308098
0.387034
0.509967
0.662765
0.744891
0.760525
0.764909
0.769014
0.773214
0.777487
0.781814
0.786181
0.790576
0.794989
0.799411
0.803835
0.808256
0.812667
0.817228
0.821553
0.825862
0.830147
0.834405
0.838632
0.842823
0.846976
0.851088
0.855154
0.859173
0.863142
0.867059
0.870920
0.874725
0.878471
0.882157
0.885781
0.889341
0.892836
0.896265
0.899627
0.902921
0.906146
0.909302
0.912388
0.915404
0.918350
0.921224
0.924028
0.926762
0.929425
0.932017
0.934540
0.936993
0.939378
0.941694
0.943943
0.946124
0.948240
0.950290
0.952276
0.954199
0.956059
0.957858
0.959597
0.961276
0.962898
0.964463
0.965973
0.967428
0.968831
0.970181
0.971481
0.972732
0.973935
0.975091
0.976202
0.977268
0.978292
0.979274
0.980216
0.981118
0.981983
0.982811
0.983603
0.984362
0.985087
0.985780
0.986442
0.987075
0.987679
0.988255
0.988804
0.989328
0.989827
0.990303
0.990756
0.991187
0.991597
0.991987
0.992358
0.992710
0.993045
0.993363
0.993665
0.993951
0.994222
0.994480
0.994723
0.994954
0.995173
0.995380
0.995576
0.995762
0.995937
0.996103
0.996259
0.996407
0.996547
0.996679
0.996803
0.996920
0.997031
0.997135
0.997233
0.997326
0.997413
0.997495
0.997572
0.997645
0.997713
0.997777
0.997837
0.997894
0.997947
0.997997
0.998044
0.998088
0.998129
0.998168
0.998204
0.998238
0.998270
0.998300
0.998328
0.998354
0.998379
0.998402
0.998423
0.998443
0.998462
0.998479
0.998496
0.998511
0.998525
0.998539
0.998551
0.998563
0.998573
0.998583
0.998593
0.998602
0.998610
0.998617
0.998625
0.998631
0.998637
0.998643
0.998648
0.998653
0.998658
0.998662
0.998666
0.998670
0.998673
0.998677
0.998680
0.998682
0.998685
0.998687
0.998690
0.998692
0.998694
0.998695
0.998697
0.998699
0.998700
0.998701
0.998703
0.998704
0.998705
0.998706
0.998707
0.998707
0.998708
0.998709
0.998710
0.998710
0.998711
0.998711
0.998712
0.998712
0.998713
0.998713
0.998713
0.998714
0.998714
0.998714
0.998715
0.998715
0.998715
0.998715
0.998716
0.998716
0.998716
0.998716
0.998716
0.998716
0.998716
0.998717
0.998717
0.998717
0.998717
0.998717
0.998717
0.998717
0.998717
0.998717
0.998717
0.998717
0.998717
0.998717
0.998717
0.998717
0.998717
0.998717
0.998718
0.998718
0.998718
0.998718
0.998718
0.998718
0.998718
0.998718
0.998718
0.998718
0.998718
0.998718
0.998718
0.998718
0.998718
0.998718
0.998718
0.998718
0.998718
0.998718
0.998718
0.998718
0.998718
0.998718
0.998718
0.998718
0.998718
0.998718
0.998718
0.998718
0.998718
0.998718
0.998718
0.998718
0.998718
0.998718
0.998718
0.998718
0.998718
0.998718
0.998718
0.998718
0.998718
0.998718
0.998718
0.998718
0.998718
0.998718
0.998718
0.998718
0.998718
0.998718
0.998718
0.998718
0.998718
0.998718
0.998718
0.998718
0.998718
0.998718
0.998718
0.998718
0.998718
0.998718
0.998718
0.998718
0.998718
0.998718
0.998718
0.998718
0.998718
0.998718
0.998718
0.998718
0.998718
0.998718
0.998718
0.998718
0.998718
0.998718
0.998718
0.998718
0.998718
0.998718
0.998718
0.998718
0.998718
0.998718
0.998718
0.998718
0.998718
0.998718
0.998718
0.998718
0.998718
0.998718
0.998718
0.998718
0.998718
0.998718
0.998718
0.998718
0.998718
0.998718
0.998718
0.998718
0.998718
0.998718
0.998718
0.998718
0.998718
0.998718
0.998718
0.998718
0.998718
0.998718
0.998718
0.998718
0.998718
0.998718
0.998718
0.998718
0.998718
0.998718
0.998718
0.998718
0.998718
0.998718
0.998718
0.998718
0.998718
0.998718
0.998718
0.998718
0.998718
0.998718
0.998718
0.998718
0.998718
0.998718
0.998718
0.998718
0.998718
0.998718
0.998718
0.998718
0.998718
0.998718
0.998718
0.998718
0.998718
0.998718
0.998718
0.998718
0.998718
0.998718
0.998718
0.998718
0.998718
0.998718
0.998718
0.998718
0.998718
0.998718
0.998718
0.998718
0.998718
0.998718
0.998718
0.998718
0.998718
0.998718
0.998718
0.998718
0.998718
0.998718
0.998718
0.998718
0.998718
0.998718
0.998718
0.998718
0.998718
0.998718
0.998718
0.998718
0.998718
0.998718
0.998718
0.998718
0.998718
0.998718
0.998718
0.998718
0.998718
0.998718
0.998718
0.998718
0.998718
0.998718
0.998718
0.998718
0.998718
0.998718
0.998718
0.998718
0.998718
0.998718
0.998718
0.998718
0.998718
0.998718
0.998718
0.998718
0.998718
0.998718
0.998718
0.998718
0.998718
0.998718
0.998718
0.998718
0.998718
0.998718
0.998718
0.998718
0.998718
0.998718
0.998718
0.998718
0.998718
0.998718
0.998718
0.998718
0.998718
0.998718
0.998718
0.998718
0.998718
0.998718
0.998718
0.998718
0.998718
0.998718
0.998718
0.998718
0.998718
0.998718
0.998718
0.998718
0.998718
0.998718
0.998718
0.998718
0.998718
0.998718
0.998718
0.998718
0.998718
0.998718
0.998718
0.998718
0.998718
0.998718
0.998718
0.998718
0.998718
0.998718
0.998718
0.998718
0.998718
0.998718
0.998718
0.998718
0.998718
0.998718
0.998718
0.998718
0.998718
0.998718
0.998718
0.998718
0.998718
0.998718
0.998718
0.998718
0.998718
0.998718
0.998718
0.998718
0.998718
0.998718
0.998718
0.998718
0.998718
0.998718
0.998718
0.998718
0.998718
0.998718
0.998718
0.998718
0.998718
0.998718
0.998718
0.998718
0.998718
0.998718
0.998718
0.998718
0.998718
0.998718
0.998718
0.998718
0.998718
0.998718
0.998718
0.998718
0.998718
0.998718
0.998718
0.998718
0.998718
0.998718
0.998718
0.998718
0.998718
0.998718
0.998718
0.998718
0.998718
0.998718
0.998718
0.998718
0.998718
0.998718
0.998718
0.998718
0.998718
0.998718
0.998718
0.998718
0.998718
0.998718
