0.115771
0.209142
0.251006
0.265546
0.271698
0.275318
0.277977
0.280263
0.282400
0.284476
0.286524
0.288559
0.290583
0.292601
0.294611
0.296614
0.298611
0.300602
0.302586
0.304564
0.306536
0.308501
0.310460
0.312414
0.314361
0.316302
0.318237
0.320166
0.322089
0.324007
0.325919
0.327825
0.329725
0.331619
0.333508
0.335391
0.337269
0.339141
0.341008
0.342934
0.344672
0.346384
0.348087
0.349785
0.351478
0.353167
0.354850
0.356529
0.358204
0.359874
0.361539
0.363200
0.364856
0.366508
0.368156
0.369799
0.371437
0.373071
0.374701
0.376326
0.377946
0.379563
0.381175
0.382782
0.384386
0.385984
0.387579
0.389169
0.390755
0.392337
0.393914
0.395487
0.397056
0.398621
0.400181
0.401738
0.403290
0.404837
0.406381
0.407920
0.409456
0.410987
0.412514
0.414037
0.415556
0.417071
0.418581
0.420088
0.421590
0.423089
0.424583
0.426074
0.427560
0.429043
0.430521
0.431996
0.433466
0.434933
0.436396
0.437854
0.439309
0.440760
0.442207
0.443650
0.445090
0.446525
0.447957
0.449384
0.450808
0.452228
0.453645
0.455057
0.456466
0.457871
0.459272
0.460670
0.462063
0.463453
0.464840
0.466222
0.467601
0.468976
0.470348
0.471716
0.473080
0.474441
0.475798
0.477151
0.478501
0.479847
0.481189
0.482528
0.483864
0.485196
0.486524
0.487849
0.489170
0.490488
0.491802
0.493113
0.494420
0.495724
0.497024
0.498321
0.499614
0.500904
0.502191
0.503474
0.504754
0.506030
0.507303
0.508573
0.509839
0.511102
0.512361
0.513617
0.514870
0.516120
0.517366
0.518609
0.519848
0.521085
0.522318
0.523548
0.524774
0.525997
0.527217
0.528434
0.529648
0.530858
0.532065
0.533269
0.534470
0.535668
0.536862
0.538054
0.539242
0.540427
0.541609
0.542788
0.543963
0.545136
0.546305
0.547472
0.548635
0.549795
0.550952
0.552106
0.553258
0.554406
0.555551
0.556693
0.557832
0.558968
0.560101
0.561231
0.562358
0.563482
0.564603
0.565721
0.566836
0.567949
0.569058
0.570164
0.571268
0.572369
0.573466
0.574561
0.575653
0.576742
0.577829
0.578912
0.579993
0.581070
0.582145
0.583217
0.584286
0.585353
0.586417
0.587477
0.588535
0.589591
0.590643
0.591693
0.592740
0.593784
0.594826
0.595865
0.596901
0.597934
0.598965
0.599993
0.601018
0.602040
0.603060
0.604078
0.605092
0.606104
0.607113
0.608120
0.609124
0.610125
0.611124
0.612120
0.613114
0.614104
0.615093
0.616078
0.617062
0.618042
0.619020
0.619996
0.620969
0.621939
0.622907
0.623872
0.624835
0.625795
0.626753
0.627708
0.628661
0.629611
0.630559
0.631504
0.632447
0.633388
0.634326
0.635261
0.636194
0.637125
0.638053
0.638979
0.639902
0.640823
0.641742
0.642658
0.643572
0.644483
0.645392
0.646299
0.647203
0.648105
0.649004
0.649902
0.650797
0.651689
0.652579
0.653467
0.654353
0.655236
0.656117
0.656996
0.657872
0.658747
0.659618
0.660488
0.661355
0.662220
0.663083
0.663944
0.664802
0.665658
0.666512
0.667364
0.668213
0.669061
0.669906
0.670749
0.671589
0.672428
0.673264
0.674098
0.674930
0.675760
0.676588
0.677413
0.678236
0.679058
0.679877
0.680694
0.681509
0.682321
0.683132
0.683940
0.684747
0.685551
0.686353
0.687154
0.687952
0.688748
0.689542
0.690334
0.691123
0.691911
0.692697
0.693481
0.694262
0.695042
0.695820
0.696595
0.697369
0.698140
0.698910
0.699678
0.700443
0.701207
0.701969
0.702728
0.703486
0.704242
0.704996
0.705747
0.706497
0.707245
0.707991
0.708735
0.709478
0.710218
0.710956
0.711693
0.712427
0.713160
0.713890
0.714619
0.715346
0.716071
0.716794
0.717516
0.718235
0.718953
0.719669
0.720382
0.721094
0.721805
0.722513
0.723220
0.723924
0.724627
0.725328
0.726027
0.726725
0.727421
0.728114
0.728807
0.729497
0.730185
0.730872
0.731557
0.732240
0.732922
0.733601
0.734279
0.734955
0.735630
0.736302
0.736973
0.737642
0.738310
0.738976
0.739640
0.740302
0.740962
0.741621
0.742279
0.742934
0.743588
0.744240
0.744890
0.745539
0.746186
0.746832
0.747475
0.748118
0.748758
0.749397
0.750034
0.750669
0.751303
0.751936
0.752566
0.753195
0.753822
0.754448
0.755072
0.755695
0.756316
0.756935
0.757553
0.758169
0.758783
0.759396
0.760008
0.760618
0.761226
0.761832
0.762438
0.763041
0.763643
0.764244
0.764842
0.765440
0.766036
0.766630
0.767223
0.767814
0.768404
0.768992
0.769578
0.770164
0.770747
0.771329
0.771910
0.772489
0.773067
0.773643
0.774218
0.774791
0.775363
0.775933
0.776502
0.777069
0.777635
0.778199
0.778762
0.779324
0.779884
0.780443
0.781000
0.781556
0.782110
0.782663
0.783215
0.783765
0.784313
0.784861
0.785406
0.785951
0.786494
0.787036
0.787576
0.788115
0.788652
0.789188
0.789723
0.790256
0.790788
0.791319
0.791848
0.792376
0.792903
0.793428
0.793952
0.794474
0.794995
0.795515
0.796034
0.796551
0.797067
0.797581
0.798094
0.798606
0.799117
0.799626
0.800134
0.800641
0.801146
0.801650
0.802153
0.802654
0.803154
0.803653
0.804151
0.804647
0.805142
0.805636
0.806129
0.806620
0.807110
0.807598
0.808086
0.808572
0.809057
0.809541
0.810023
0.810505
0.810985
0.811463
0.811941
0.812417
0.812892
0.813366
0.813839
0.814310
0.814781
0.815250
0.815718
0.816184
0.816650
0.817114
0.817577
0.818039
0.818500
0.818959
0.819418
0.819875
0.820331
0.820786
0.821239
0.821692
0.822143
0.822593
0.823042
0.823490
0.823937
0.824382
0.824827
0.825270
0.825712
0.826153
0.826593
0.827032
0.827470
0.827906
0.828342
0.828776
0.829209
0.829641
0.830072
0.830502
0.830931
0.831359
0.831785
0.832211
0.832635
0.833058
0.833481
0.833902
0.834322
0.834741
0.835159
0.835575
0.835991
0.836406
0.836820
0.837232
0.837644
0.838054
0.838464
0.838872
0.839279
0.839686
0.840091
0.840495
0.840898
0.841301
0.841702
0.842102
0.842501
0.842899
0.843296
