0.015444
0.033750
0.063991
0.115256
0.170337
0.211557
0.237015
0.252513
0.263948
0.274600
0.277555
0.279566
0.281555
0.283541
0.285526
0.287505
0.289479
0.291446
0.293408
0.295363
0.297311
0.299254
0.301190
0.303121
0.305046
0.306964
0.308877
0.310784
0.312686
0.314582
0.316472
0.318357
0.320236
0.322110
0.323978
0.325841
0.327699
0.329551
0.331398
0.333295
0.334997
0.336681
0.338359
0.340033
0.341702
0.343367
0.345028
0.346684
0.348336
0.349984
0.351628
0.353267
0.354902
0.356534
0.358161
0.359783
0.361402
0.363017
0.364627
0.366233
0.367836
0.369434
0.371028
0.372618
0.374204
0.375786
0.377364
0.378937
0.380507
0.382073
0.383635
0.385193
0.386747
0.388297
0.389843
0.391385
0.392923
0.394457
0.395988
0.397514
0.399037
0.400555
0.402070
0.403581
0.405088
0.406592
0.408091
0.409587
0.411078
0.412567
0.414051
0.415531
0.417008
0.418481
0.419950
0.421415
0.422877
0.424335
0.425789
0.427240
0.428687
0.430130
0.431569
0.433005
0.434437
0.435866
0.437291
0.438712
0.440130
0.441544
0.442954
0.444361
0.445765
0.447164
0.448560
0.449953
0.451342
0.452728
0.454110
0.455488
0.456863
0.458234
0.459602
0.460967
0.462328
0.463686
0.465040
0.466390
0.467738
0.469081
0.470422
0.471759
0.473092
0.474422
0.475749
0.477073
0.478393
0.479709
0.481023
0.482333
0.483639
0.484943
0.486243
0.487539
0.488833
0.490123
0.491410
0.492694
0.493974
0.495251
0.496525
0.497795
0.499063
0.500327
0.501588
0.502845
0.504100
0.505351
0.506599
0.507844
0.509086
0.510325
0.511560
0.512793
0.514022
0.515248
0.516471
0.517691
0.518908
0.520122
0.521332
0.522540
0.523744
0.524946
0.526144
0.527339
0.528532
0.529721
0.530907
0.532091
0.533271
0.534448
0.535622
0.536794
0.537962
0.539127
0.540290
0.541449
0.542606
0.543759
0.544910
0.546058
0.547202
0.548344
0.549483
0.550620
0.551753
0.552883
0.554011
0.555135
0.556257
0.557376
0.558492
0.559606
0.560716
0.561824
0.562929
0.564031
0.565130
0.566227
0.567320
0.568411
0.569500
0.570585
0.571668
0.572748
0.573825
0.574900
0.575972
0.577041
0.578107
0.579171
0.580232
0.581290
0.582346
0.583399
0.584449
0.585497
0.586542
0.587585
0.588624
0.589662
0.590696
0.591728
0.592758
0.593784
0.594809
0.595830
0.596849
0.597866
0.598880
0.599891
0.600900
0.601906
0.602910
0.603911
0.604910
0.605906
0.606900
0.607891
0.608880
0.609866
0.610850
0.611831
0.612810
0.613786
0.614760
0.615732
0.616701
0.617667
0.618632
0.619594
0.620553
0.621510
0.622465
0.623417
0.624367
0.625314
0.626259
0.627202
0.628142
0.629080
0.630016
0.630949
0.631880
0.632809
0.633736
0.634660
0.635582
0.636501
0.637418
0.638333
0.639246
0.640156
0.641065
0.641970
0.642874
0.643775
0.644675
0.645572
0.646466
0.647359
0.648249
0.649137
0.650023
0.650907
0.651788
0.652668
0.653545
0.654420
0.655293
0.656164
0.657032
0.657899
0.658763
0.659625
0.660485
0.661343
0.662199
0.663053
0.663904
0.664754
0.665601
0.666447
0.667290
0.668132
0.668971
0.669808
0.670643
0.671476
0.672307
0.673136
0.673963
0.674788
0.675611
0.676432
0.677252
0.678069
0.678884
0.679697
0.680508
0.681317
0.682124
0.682930
0.683733
0.684534
0.685334
0.686131
0.686927
0.687721
0.688512
0.689302
0.690090
0.690876
0.691661
0.692443
0.693224
0.694002
0.694779
0.695554
0.696327
0.697098
0.697868
0.698635
0.699401
0.700165
0.700927
0.701688
0.702446
0.703203
0.703958
0.704711
0.705463
0.706212
0.706960
0.707707
0.708451
0.709194
0.709935
0.710674
0.711412
0.712147
0.712881
0.713614
0.714345
0.715074
0.715801
0.716527
0.717250
0.717973
0.718693
0.719412
0.720130
0.720845
0.721560
0.722272
0.722983
0.723692
0.724400
0.725106
0.725810
0.726513
0.727214
0.727913
0.728611
0.729308
0.730003
0.730696
0.731388
0.732078
0.732767
0.733454
0.734140
0.734824
0.735506
0.736187
0.736867
0.737545
0.738222
0.738897
0.739570
0.740243
0.740913
0.741582
0.742250
0.742916
0.743581
0.744245
0.744907
0.745567
0.746226
0.746884
0.747540
0.748195
0.748849
0.749501
0.750152
0.750801
0.751449
0.752096
0.752741
0.753385
0.754027
0.754668
0.755308
0.755947
0.756584
0.757220
0.757854
0.758488
0.759120
0.759750
0.760380
0.761008
0.761634
0.762260
0.762884
0.763507
0.764129
0.764749
0.765368
0.765986
0.766603
0.767219
0.767833
0.768446
0.769058
0.769668
0.770278
0.770886
0.771493
0.772099
0.772704
0.773307
0.773910
0.774511
0.775111
0.775710
0.776307
0.776904
0.777500
0.778094
0.778687
0.779279
0.779870
0.780460
0.781049
0.781637
0.782223
0.782809
0.783393
0.783977
0.784559
0.785140
0.785721
0.786300
0.786878
0.787455
0.788031
0.788606
0.789180
0.789753
0.790325
0.790896
0.791466
0.792035
0.792603
0.793170
0.793736
0.794301
0.794865
0.795429
0.795991
0.796552
0.797112
0.797672
0.798230
0.798788
0.799344
0.799900
0.800455
0.801009
0.801561
0.802113
0.802665
0.803215
0.803764
0.804313
0.804860
0.805407
0.805953
0.806498
0.807042
0.807586
0.808128
0.808670
0.809211
0.809751
0.810290
0.810828
0.811366
0.811903
0.812439
0.812974
0.813508
0.814042
0.814574
0.815106
0.815638
0.816168
0.816698
0.817227
0.817755
0.818283
0.818809
0.819335
0.819860
0.820385
0.820909
0.821432
0.821954
0.822476
0.822997
0.823517
0.824036
0.824555
0.825073
0.825591
0.826108
0.826624
0.827139
0.827654
0.828168
0.828681
0.829194
0.829706
0.830218
0.830729
0.831239
0.831748
0.832257
0.832765
0.833273
0.833780
0.834287
0.834792
0.835298
0.835802
0.836306
0.836810
0.837312
0.837815
0.838316
0.838817
0.839318
0.839817
0.840317
0.840816
0.841314
0.841811
0.842308
0.842805
0.843301
0.843796
0.844291
0.844785
0.845279
0.845772
0.846265
0.846757
