0.107133
0.244584
0.262381
0.163985
0.183223
0.203177
0.220929
0.236954
0.251601
0.265123
0.277722
0.289569
0.300809
0.311548
0.321869
0.331893
0.341764
0.351665
0.361904
0.373287
0.382823
0.387618
0.391726
0.395869
0.400058
0.404291
0.408569
0.412890
0.417256
0.421664
0.426116
0.430610
0.435147
0.439726
0.444345
0.449006
0.453706
0.458446
0.463225
0.468175
0.472854
0.477588
0.482365
0.487182
0.492037
0.496930
0.501859
0.506824
0.511822
0.516852
0.521914
0.527005
0.532125
0.537272
0.542445
0.547642
0.552862
0.558103
0.563364
0.568644
0.573940
0.579251
0.584576
0.589912
0.595259
0.600615
0.605977
0.611345
0.616716
0.622089
0.627461
0.632833
0.638201
0.643563
0.648919
0.654266
0.659603
0.664928
0.670239
0.675534
0.680812
0.686071
0.691310
0.696526
0.701719
0.706886
0.712026
0.717137
0.722218
0.727267
0.732283
0.737265
0.742210
0.747117
0.751986
0.756814
0.761601
0.766345
0.771045
0.775700
0.780308
0.784869
0.789381
0.793844
0.798257
0.802617
0.806926
0.811181
0.815382
0.819529
0.823620
0.827655
0.831633
0.835554
0.839417
0.843222
0.846968
0.850655
0.854282
0.857850
0.861358
0.864806
0.868193
0.871520
0.874787
0.877993
0.881138
0.884223
0.887247
0.890212
0.893116
0.895960
0.898745
0.901470
0.904137
0.906745
0.909294
0.911786
0.914220
0.916597
0.918918
0.921183
0.923392
0.925547
0.927648
0.929695
0.931689
0.933631
0.935522
0.937361
0.939151
0.940891
0.942583
0.944226
0.945823
0.947373
0.948878
0.950338
0.951754
0.953128
0.954459
0.955748
0.956997
0.958206
0.959377
0.960509
0.961604
0.962663
0.963686
0.964674
0.965629
0.966550
0.967439
0.968297
0.969124
0.969921
0.970689
0.971429
0.972141
0.972827
0.973487
0.974121
0.974731
0.975317
0.975880
0.976421
0.976940
0.977439
0.977917
0.978375
0.978814
0.979235
0.979638
0.980024
0.980393
0.980747
0.981085
0.981408
0.981716
0.982011
0.982293
0.982562
0.982818
0.983063
0.983296
0.983518
0.983730
0.983932
0.984124
0.984306
0.984480
0.984645
0.984802
0.984952
0.985093
0.985228
0.985356
0.985477
0.985592
0.985700
0.985804
0.985901
0.985994
0.986081
0.986164
0.986242
0.986316
0.986386
0.986452
0.986515
0.986574
0.986629
0.986682
0.986731
0.986777
0.986821
0.986862
0.986901
0.986938
0.986972
0.987004
0.987035
0.987063
0.987090
0.987115
0.987139
0.987161
0.987181
0.987201
0.987219
0.987236
0.987252
0.987267
0.987281
0.987294
0.987306
0.987317
0.987328
0.987338
0.987347
0.987355
0.987363
0.987371
0.987378
0.987384
0.987390
0.987396
0.987401
0.987406
0.987410
0.987415
0.987418
0.987422
0.987425
0.987428
0.987431
0.987434
0.987436
0.987439
0.987441
0.987443
0.987445
0.987446
0.987448
0.987449
0.987450
0.987452
0.987453
0.987454
0.987455
0.987456
0.987456
0.987457
0.987458
0.987458
0.987459
0.987459
0.987460
0.987460
0.987461
0.987461
0.987461
0.987462
0.987462
0.987462
0.987463
0.987463
0.987463
0.987463
0.987463
0.987463
0.987464
0.987464
0.987464
0.987464
0.987464
0.987464
0.987464
0.987464
0.987464
0.987464
0.987464
0.987465
0.987465
0.987465
0.987465
0.987465
0.987465
0.987465
0.987465
0.987465
0.987465
0.987465
0.987465
0.987465
0.987465
0.987465
0.987465
0.987465
0.987465
0.987465
0.987465
0.987465
0.987465
0.987465
0.987465
0.987465
0.987465
0.987465
0.987465
0.987465
0.987465
0.987465
0.987465
0.987465
0.987465
0.987465
0.987465
0.987465
0.987465
0.987465
0.987465
0.987465
0.987465
0.987465
0.987465
0.987465
0.987465
0.987465
0.987465
0.987465
0.987465
0.987465
0.987465
0.987465
0.987465
0.987465
0.987465
0.987465
0.987465
0.987465
0.987465
0.987465
0.987465
0.987465
0.987465
0.987465
0.987465
0.987465
0.987465
0.987465
0.987465
0.987465
0.987465
0.987465
0.987465
0.987465
0.987465
0.987465
0.987465
0.987465
0.987465
0.987465
0.987465
0.987465
0.987465
0.987465
0.987465
0.987465
0.987465
0.987465
0.987465
0.987465
0.987465
0.987465
0.987465
0.987465
0.987465
0.987465
0.987465
0.987465
0.987465
0.987465
0.987465
0.987465
0.987465
0.987465
0.987465
0.987465
0.987465
0.987465
0.987465
0.987465
0.987465
0.987465
0.987465
0.987465
0.987465
0.987465
0.987465
0.987465
0.987465
0.987465
0.987465
0.987465
0.987465
0.987465
0.987465
0.987465
0.987465
0.987465
0.987465
0.987465
0.987465
0.987465
0.987465
0.987465
0.987465
0.987465
0.987465
0.987465
0.987465
0.987465
0.987465
0.987465
0.987465
0.987465
0.987465
0.987465
0.987465
0.987465
0.987465
0.987465
0.987465
0.987465
0.987465
0.987465
0.987465
0.987465
0.987465
0.987465
0.987465
0.987465
0.987465
0.987465
0.987465
0.987465
0.987465
0.987465
0.987465
0.987465
0.987465
0.987465
0.987465
0.987465
0.987465
0.987465
0.987465
0.987465
0.987465
0.987465
0.987465
0.987465
0.987465
0.987465
0.987465
0.987465
0.987465
0.987465
0.987465
0.987465
0.987465
0.987465
0.987465
0.987465
0.987465
0.987465
0.987465
0.987465
0.987465
0.987465
0.987465
0.987465
0.987465
0.987465
0.987465
0.987465
0.987465
0.987465
0.987465
0.987465
0.987465
0.987465
0.987465
0.987465
0.987465
0.987465
0.987465
0.987465
0.987465
0.987465
0.987465
0.987465
0.987465
0.987465
0.987465
0.987465
0.987465
0.987465
0.987465
0.987465
0.987465
0.987465
0.987465
0.987465
0.987465
0.987465
0.987465
0.987465
0.987465
0.987465
0.987465
0.987465
0.987465
0.987465
0.987465
0.987465
0.987465
0.987465
0.987465
0.987465
0.987465
0.987465
0.987465
0.987465
0.987465
0.987465
0.987465
0.987465
0.987465
0.987465
0.987465
0.987465
0.987465
0.987465
0.987465
0.987465
0.987465
0.987465
0.987465
0.987465
0.987465
0.987465
0.987465
0.987465
0.987465
0.987465
0.987465
0.987465
0.987465
