0.011703
0.024827
0.038302
0.052413
0.067510
0.084374
0.103668
0.116833
0.131809
0.150565
0.175487
0.207073
0.240466
0.266808
0.280188
0.282613
0.281021
0.280558
0.281901
0.283829
0.285797
0.287760
0.289718
0.291670
0.293616
0.295557
0.297493
0.299423
0.301348
0.303268
0.305183
0.307093
0.308998
0.310897
0.312792
0.314682
0.316567
0.318447
0.320323
0.322235
0.323943
0.325648
0.327350
0.329048
0.330742
0.332433
0.334119
0.335803
0.337482
0.339158
0.340830
0.342498
0.344163
0.345824
0.347481
0.349136
0.350786
0.352433
0.354077
0.355717
0.357354
0.358987
0.360617
0.362244
0.363867
0.365487
0.367104
0.368718
0.370328
0.371935
0.373539
0.375140
0.376738
0.378333
0.379925
0.381513
0.383099
0.384681
0.386261
0.387838
0.389412
0.390983
0.392551
0.394116
0.395678
0.397238
0.398795
0.400349
0.401901
0.403450
0.404996
0.406540
0.408080
0.409619
0.411155
0.412688
0.414219
0.415747
0.417273
0.418797
0.420318
0.421837
0.423354
0.424868
0.426380
0.427889
0.429397
0.430902
0.432405
0.433906
0.435405
0.436901
0.438396
0.439888
0.441379
0.442867
0.444354
0.445839
0.447321
0.448802
0.450281
0.451758
0.453233
0.454707
0.456178
0.457648
0.459116
0.460583
0.462048
0.463511
0.464972
0.466432
0.467890
0.469347
0.470802
0.472256
0.473708
0.475159
0.476608
0.478056
0.479503
0.480948
0.482391
0.483834
0.485275
0.486715
0.488153
0.489590
0.491026
0.492461
0.493895
0.495327
0.496759
0.498189
0.499618
0.501046
0.502473
0.503899
0.505324
0.506748
0.508171
0.509592
0.511013
0.512433
0.513852
0.515271
0.516688
0.518104
0.519520
0.520935
0.522349
0.523762
0.525174
0.526585
0.527996
0.529406
0.530816
0.532224
0.533632
0.535039
0.536446
0.537852
0.539257
0.540662
0.542066
0.543469
0.544872
0.546274
0.547675
0.549076
0.550477
0.551877
0.553276
0.554675
0.556074
0.557471
0.558869
0.560266
0.561662
0.563058
0.564454
0.565849
0.567243
0.568637
0.570031
0.571424
0.572817
0.574210
0.575602
0.576994
0.578385
0.579776
0.581166
0.582556
0.583946
0.585335
0.586724
0.588113
0.589501
0.590889
0.592276
0.593663
0.595050
0.596437
0.597823
0.599208
0.600594
0.601979
0.603363
0.604747
0.606131
0.607515
0.608898
0.610280
0.611663
0.613045
0.614426
0.615808
0.617189
0.618569
0.619949
0.621329
0.622708
0.624087
0.625465
0.626843
0.628221
0.629598
0.630975
0.632351
0.633727
0.635102
0.636477
0.637851
0.639225
0.640599
0.641972
0.643344
0.644716
0.646087
0.647458
0.648829
0.650198
0.651567
0.652936
0.654304
0.655671
0.657038
0.658404
0.659770
0.661134
0.662499
0.663862
0.665225
0.666587
0.667948
0.669309
0.670669
0.672028
0.673386
0.674744
0.676100
0.677456
0.678811
0.680166
0.681519
0.682871
0.684223
0.685573
0.686923
0.688272
0.689620
0.690966
0.692312
0.693657
0.695000
0.696343
0.697685
0.699025
0.700364
0.701702
0.703039
0.704375
0.705710
0.707043
0.708376
0.709706
0.711036
0.712364
0.713692
0.715017
0.716342
0.717665
0.718986
0.720306
0.721625
0.722942
0.724258
0.725572
0.726885
0.728196
0.729506
0.730814
0.732121
0.733425
0.734728
0.736030
0.737330
0.738628
0.739924
0.741219
0.742511
0.743802
0.745091
0.746379
0.747664
0.748947
0.750229
0.751508
0.752786
0.754061
0.755335
0.756607
0.757876
0.759143
0.760409
0.761672
0.762933
0.764191
0.765448
0.766702
0.767954
0.769204
0.770452
0.771697
0.772940
0.774180
0.775418
0.776654
0.777887
0.779118
0.780346
0.781572
0.782795
0.784016
0.785234
0.786449
0.787662
0.788872
0.790080
0.791285
0.792487
0.793686
0.794883
0.796077
0.797268
0.798456
0.799642
0.800824
0.802004
0.803181
0.804354
0.805525
0.806693
0.807858
0.809020
0.810179
0.811334
0.812487
0.813637
0.814783
0.815926
0.817066
0.818203
0.819337
0.820468
0.821595
0.822719
0.823840
0.824957
0.826071
0.827182
0.828289
0.829393
0.830494
0.831591
0.832685
0.833775
0.834862
0.835945
0.837025
0.838101
0.839174
0.840243
0.841309
0.842371
0.843429
0.844484
0.845535
0.846583
0.847627
0.848667
0.849703
0.850736
0.851765
0.852790
0.853812
0.854829
0.855843
0.856853
0.857860
0.858862
0.859861
0.860855
0.861846
0.862833
0.863816
0.864795
0.865770
0.866742
0.867709
0.868672
0.869632
0.870587
0.871539
0.872486
0.873429
0.874369
0.875304
0.876235
0.877163
0.878086
0.879005
0.879920
0.880831
0.881738
0.882641
0.883539
0.884434
0.885324
0.886211
0.887093
0.887971
0.888844
0.889714
0.890580
0.891441
0.892298
0.893151
0.894000
0.894845
0.895685
0.896521
0.897353
0.898181
0.899005
0.899824
0.900639
0.901450
0.902257
0.903059
0.903858
0.904652
0.905441
0.906227
0.907008
0.907785
0.908558
0.909327
0.910091
0.910852
0.911608
0.912359
0.913107
0.913850
0.914589
0.915324
0.916054
0.916781
0.917503
0.918221
0.918934
0.919644
0.920349
0.921050
0.921747
0.922439
0.923128
0.923812
0.924492
0.925168
0.925840
0.926507
0.927170
0.927830
0.928485
0.929135
0.929782
0.930425
0.931063
0.931697
0.932327
0.932953
0.933575
0.934193
0.934807
0.935416
0.936022
0.936623
0.937221
0.937814
0.938403
0.938989
0.939570
0.940147
0.940720
0.941290
0.941855
0.942416
0.942973
0.943527
0.944076
0.944621
0.945163
0.945700
0.946234
0.946764
0.947290
0.947812
0.948330
0.948844
0.949354
0.949861
0.950364
0.950863
0.951358
0.951849
0.952337
0.952821
0.953301
0.953778
0.954250
0.954719
0.955185
0.955646
0.956104
0.956559
0.957009
0.957457
0.957900
0.958340
0.958776
0.959209
0.959638
0.960064
0.960486
0.960905
0.961320
0.961732
0.962140
0.962545
0.962947
0.963345
0.963739
0.964131
0.964519
0.964903
0.965284
0.965662
0.966037
0.966408
0.966776
0.967141
0.967503
0.967861
0.968216
0.968568
0.968917
0.969263
0.969605
