0.009920
0.021468
0.035936
0.043174
0.049237
0.056058
0.064372
0.075422
0.090545
0.110484
0.134825
0.161959
0.189537
0.215139
0.236883
0.253771
0.265751
0.273507
0.278123
0.280785
0.282551
0.284166
0.285958
0.287892
0.289855
0.291813
0.293766
0.295714
0.297655
0.299592
0.301523
0.303448
0.305368
0.307283
0.309192
0.311096
0.312995
0.314888
0.316776
0.318713
0.320451
0.322172
0.323887
0.325598
0.327304
0.329006
0.330704
0.332398
0.334087
0.335772
0.337453
0.339129
0.340802
0.342470
0.344134
0.345794
0.347449
0.349101
0.350748
0.352392
0.354031
0.355666
0.357297
0.358924
0.360547
0.362165
0.363780
0.365391
0.366998
0.368600
0.370199
0.371794
0.373385
0.374971
0.376554
0.378133
0.379708
0.381280
0.382847
0.384410
0.385970
0.387525
0.389077
0.390625
0.392169
0.393710
0.395246
0.396779
0.398308
0.399833
0.401355
0.402873
0.404387
0.405897
0.407404
0.408907
0.410406
0.411902
0.413393
0.414882
0.416366
0.417847
0.419325
0.420799
0.422269
0.423736
0.425199
0.426658
0.428114
0.429567
0.431016
0.432461
0.433903
0.435342
0.436776
0.438208
0.439636
0.441061
0.442482
0.443900
0.445314
0.446725
0.448133
0.449537
0.450938
0.452335
0.453729
0.455120
0.456507
0.457892
0.459273
0.460650
0.462024
0.463395
0.464763
0.466128
0.467489
0.468847
0.470202
0.471554
0.472902
0.474247
0.475589
0.476928
0.478264
0.479597
0.480926
0.482253
0.483576
0.484896
0.486213
0.487527
0.488838
0.490146
0.491451
0.492753
0.494051
0.495347
0.496640
0.497929
0.499216
0.500500
0.501781
0.503058
0.504333
0.505605
0.506874
0.508140
0.509403
0.510663
0.511921
0.513175
0.514427
0.515675
0.516921
0.518164
0.519404
0.520642
0.521876
0.523108
0.524337
0.525563
0.526786
0.528006
0.529224
0.530439
0.531651
0.532861
0.534068
0.535272
0.536473
0.537672
0.538868
0.540061
0.541251
0.542439
0.543625
0.544807
0.545987
0.547164
0.548339
0.549511
0.550681
0.551848
0.553012
0.554174
0.555333
0.556489
0.557643
0.558795
0.559944
0.561090
0.562234
0.563375
0.564514
0.565650
0.566784
0.567915
0.569044
0.570170
0.571294
0.572416
0.573535
0.574651
0.575766
0.576877
0.577987
0.579093
0.580198
0.581300
0.582400
0.583497
0.584592
0.585685
0.586775
0.587863
0.588948
0.590032
0.591112
0.592191
0.593267
0.594341
0.595413
0.596482
0.597549
0.598614
0.599677
0.600737
0.601795
0.602851
0.603904
0.604956
0.606005
0.607052
0.608096
0.609139
0.610179
0.611217
0.612253
0.613287
0.614318
0.615347
0.616375
0.617400
0.618422
0.619443
0.620462
0.621478
0.622493
0.623505
0.624515
0.625523
0.626529
0.627533
0.628534
0.629534
0.630532
0.631527
0.632521
0.633512
0.634502
0.635489
0.636474
0.637457
0.638439
0.639418
0.640395
0.641370
0.642344
0.643315
0.644284
0.645251
0.646216
0.647180
0.648141
0.649100
0.650058
0.651013
0.651967
0.652918
0.653868
0.654816
0.655761
0.656705
0.657647
0.658587
0.659525
0.660462
0.661396
0.662329
0.663259
0.664188
0.665115
0.666040
0.666963
0.667884
0.668803
0.669721
0.670637
0.671551
0.672463
0.673373
0.674281
0.675188
0.676093
0.676996
0.677897
0.678796
0.679694
0.680590
0.681484
0.682376
0.683266
0.684155
0.685042
0.685927
0.686811
0.687692
0.688572
0.689450
0.690327
0.691201
0.692074
0.692946
0.693815
0.694683
0.695549
0.696413
0.697276
0.698137
0.698996
0.699854
0.700710
0.701564
0.702416
0.703267
0.704116
0.704964
0.705810
0.706654
0.707496
0.708337
0.709177
0.710014
0.710850
0.711684
0.712517
0.713348
0.714177
0.715005
0.715831
0.716656
0.717479
0.718300
0.719120
0.719938
0.720754
0.721569
0.722383
0.723194
0.724005
0.724813
0.725620
0.726426
0.727229
0.728032
0.728832
0.729632
0.730429
0.731225
0.732020
0.732813
0.733604
0.734394
0.735182
0.735969
0.736754
0.737538
0.738320
0.739101
0.739880
0.740658
0.741434
0.742208
0.742981
0.743753
0.744523
0.745292
0.746059
0.746824
0.747588
0.748351
0.749112
0.749872
0.750630
0.751386
0.752142
0.752895
0.753648
0.754398
0.755148
0.755895
0.756642
0.757387
0.758130
0.758872
0.759613
0.760352
0.761090
0.761826
0.762561
0.763294
0.764026
0.764756
0.765485
0.766213
0.766939
0.767664
0.768387
0.769109
0.769830
0.770549
0.771266
0.771983
0.772697
0.773411
0.774123
0.774833
0.775543
0.776250
0.776957
0.777662
0.778366
0.779068
0.779769
0.780468
0.781166
0.781863
0.782558
0.783252
0.783945
0.784636
0.785326
0.786014
0.786701
0.787387
0.788071
0.788754
0.789436
0.790116
0.790795
0.791472
0.792149
0.792823
0.793497
0.794169
0.794840
0.795509
0.796177
0.796844
0.797509
0.798173
0.798836
0.799497
0.800157
0.800816
0.801473
0.802129
0.802784
0.803437
0.804089
0.804740
0.805389
0.806037
0.806684
0.807330
0.807974
0.808616
0.809258
0.809898
0.810537
0.811174
0.811810
0.812445
0.813079
0.813711
0.814342
0.814972
0.815600
0.816227
0.816853
0.817477
0.818100
0.818722
0.819343
0.819962
0.820580
0.821197
0.821812
0.822426
0.823039
0.823651
0.824261
0.824870
0.825477
0.826084
0.826689
0.827293
0.827895
0.828496
0.829096
0.829695
0.830292
0.830888
0.831483
0.832077
0.832669
0.833260
0.833850
0.834438
0.835026
0.835612
0.836196
0.836780
0.837362
0.837943
0.838522
0.839101
0.839678
0.840254
0.840828
0.841402
0.841974
0.842544
0.843114
0.843682
0.844249
0.844815
0.845380
0.845943
0.846505
0.847066
0.847625
0.848183
0.848740
0.849296
0.849851
0.850404
0.850956
0.851507
0.852056
0.852605
0.853152
0.853698
0.854242
0.854785
0.855328
0.855868
0.856408
0.856946
0.857484
0.858019
0.858554
0.859088
0.859620
0.860151
0.860680
0.861209
0.861736
0.862262
0.862787
0.863311
0.863833
0.864354
0.864874
0.865393
0.865910
0.866426
0.866941
0.867455
