0.022843
0.048828
0.076266
0.107630
0.147815
0.192530
0.226471
0.243091
0.249488
0.254332
0.260958
0.269223
0.279293
0.284417
0.286430
0.288394
0.290353
0.292305
0.294252
0.296193
0.298128
0.300057
0.301979
0.303897
0.305808
0.307713
0.309613
0.311507
0.313396
0.315279
0.317157
0.319030
0.320897
0.322760
0.324617
0.326469
0.328316
0.330158
0.331996
0.333868
0.335540
0.337209
0.338875
0.340538
0.342197
0.343852
0.345503
0.347150
0.348794
0.350434
0.352070
0.353703
0.355331
0.356957
0.358578
0.360197
0.361811
0.363422
0.365030
0.366634
0.368234
0.369832
0.371425
0.373016
0.374603
0.376187
0.377767
0.379344
0.380918
0.382489
0.384056
0.385620
0.387181
0.388739
0.390294
0.391846
0.393394
0.394940
0.396482
0.398022
0.399558
0.401092
0.402622
0.404150
0.405675
0.407197
0.408716
0.410233
0.411746
0.413257
0.414765
0.416271
0.417774
0.419274
0.420771
0.422266
0.423758
0.425248
0.426735
0.428220
0.429702
0.431182
0.432659
0.434134
0.435607
0.437077
0.438545
0.440011
0.441474
0.442936
0.444395
0.445851
0.447306
0.448759
0.450209
0.451657
0.453103
0.454548
0.455990
0.457430
0.458869
0.460305
0.461739
0.463172
0.464603
0.466032
0.467459
0.468884
0.470308
0.471730
0.473150
0.474569
0.475986
0.477402
0.478815
0.480228
0.481638
0.483048
0.484455
0.485862
0.487267
0.488670
0.490072
0.491473
0.492873
0.494271
0.495668
0.497063
0.498458
0.499851
0.501243
0.502634
0.504024
0.505413
0.506801
0.508187
0.509573
0.510958
0.512341
0.513724
0.515106
0.516487
0.517867
0.519246
0.520625
0.522002
0.523379
0.524755
0.526130
0.527505
0.528879
0.530252
0.531625
0.532997
0.534368
0.535739
0.537109
0.538479
0.539848
0.541217
0.542586
0.543953
0.545321
0.546688
0.548054
0.549421
0.550787
0.552152
0.553518
0.554883
0.556247
0.557612
0.558976
0.560340
0.561704
0.563067
0.564431
0.565794
0.567158
0.568521
0.569884
0.571246
0.572609
0.573972
0.575335
0.576698
0.578060
0.579423
0.580786
0.582149
0.583512
0.584874
0.586237
0.587601
0.588964
0.590327
0.591690
0.593054
0.594418
0.595781
0.597145
0.598510
0.599874
0.601239
0.602603
0.603968
0.605334
0.606699
0.608065
0.609431
0.610797
0.612163
0.613530
0.614897
0.616264
0.617631
0.618999
0.620367
0.621735
0.623104
0.624473
0.625842
0.627212
0.628581
0.629952
0.631322
0.632693
0.634064
0.635435
0.636807
0.638179
0.639551
0.640923
0.642296
0.643669
0.645043
0.646417
0.647791
0.649165
0.650539
0.651914
0.653289
0.654665
0.656040
0.657416
0.658792
0.660169
0.661545
0.662922
0.664299
0.665676
0.667054
0.668431
0.669809
0.671187
0.672565
0.673943
0.675321
0.676700
0.678078
0.679457
0.680836
0.682214
0.683593
0.684972
0.686351
0.687730
0.689109
0.690487
0.691866
0.693245
0.694624
0.696002
0.697380
0.698759
0.700137
0.701515
0.702892
0.704270
0.705647
0.707024
0.708401
0.709778
0.711154
0.712529
0.713905
0.715280
0.716655
0.718029
0.719402
0.720776
0.722148
0.723521
0.724892
0.726263
0.727634
0.729004
0.730373
0.731741
0.733109
0.734476
0.735842
0.737207
0.738572
0.739936
0.741298
0.742660
0.744021
0.745381
0.746740
0.748098
0.749455
0.750811
0.752165
0.753519
0.754871
0.756222
0.757572
0.758920
0.760267
0.761613
0.762957
0.764300
0.765642
0.766982
0.768320
0.769657
0.770992
0.772326
0.773658
0.774988
0.776317
0.777644
0.778969
0.780292
0.781613
0.782932
0.784250
0.785565
0.786879
0.788190
0.789499
0.790806
0.792111
0.793414
0.794715
0.796013
0.797309
0.798602
0.799894
0.801182
0.802469
0.803752
0.805034
0.806312
0.807588
0.808862
0.810133
0.811401
0.812666
0.813928
0.815188
0.816445
0.817699
0.818950
0.820198
0.821443
0.822685
0.823923
0.825159
0.826392
0.827621
0.828847
0.830070
0.831290
0.832506
0.833719
0.834928
0.836134
0.837336
0.838535
0.839731
0.840923
0.842111
0.843295
0.844476
0.845653
0.846827
0.847996
0.849162
0.850324
0.851482
0.852636
0.853786
0.854932
0.856074
0.857212
0.858346
0.859476
0.860602
0.861724
0.862841
0.863954
0.865063
0.866167
0.867267
0.868363
0.869455
0.870542
0.871624
0.872702
0.873776
0.874845
0.875910
0.876970
0.878025
0.879076
0.880122
0.881163
0.882200
0.883232
0.884259
0.885281
0.886299
0.887312
0.888320
0.889323
0.890321
0.891314
0.892303
0.893286
0.894264
0.895238
0.896206
0.897170
0.898128
0.899081
0.900029
0.900973
0.901910
0.902843
0.903771
0.904694
0.905611
0.906523
0.907430
0.908332
0.909228
0.910119
0.911005
0.911886
0.912761
0.913632
0.914496
0.915356
0.916210
0.917059
0.917902
0.918741
0.919573
0.920401
0.921223
0.922040
0.922851
0.923657
0.924457
0.925253
0.926042
0.926827
0.927606
0.928379
0.929147
0.929910
0.930667
0.931419
0.932166
0.932907
0.933642
0.934372
0.935097
0.935817
0.936531
0.937239
0.937942
0.938640
0.939333
0.940020
0.940701
0.941377
0.942048
0.942714
0.943374
0.944029
0.944678
0.945323
0.945961
0.946595
0.947223
0.947846
0.948464
0.949076
0.949683
0.950285
0.950882
0.951473
0.952059
0.952640
0.953216
0.953787
0.954352
0.954912
0.955468
0.956018
0.956563
0.957102
0.957637
0.958167
0.958692
0.959212
0.959726
0.960236
0.960741
0.961241
0.961736
0.962226
0.962711
0.963191
0.963667
0.964138
0.964603
0.965065
0.965521
0.965973
0.966419
0.966862
0.967299
0.967732
0.968160
0.968584
0.969003
0.969418
0.969828
0.970234
0.970635
0.971031
0.971423
0.971811
0.972195
0.972574
0.972949
0.973319
0.973685
0.974047
0.974405
0.974759
0.975108
0.975453
0.975795
0.976132
0.976465
0.976794
0.977119
0.977440
0.977757
0.978070
0.978379
0.978685
0.978987
0.979284
0.979578
0.979869
0.980155
0.980438
0.980718
0.980993
0.981265
0.981534
0.981799
0.982060
0.982318
