0.073404
0.028292
0.047405
0.079656
0.106204
0.128700
0.148155
0.165265
0.180535
0.194330
0.206921
0.218515
0.229293
0.239405
0.248959
0.258040
0.266768
0.275284
0.283761
0.292483
0.302233
0.310612
0.314076
0.316577
0.319074
0.321586
0.324113
0.326655
0.329212
0.331785
0.334375
0.336980
0.339603
0.342243
0.344901
0.347577
0.350272
0.352985
0.355717
0.358509
0.361076
0.363687
0.366322
0.368981
0.371662
0.374368
0.377097
0.379850
0.382628
0.385430
0.388258
0.391110
0.393988
0.396891
0.399821
0.402776
0.405758
0.408767
0.411802
0.414864
0.417954
0.421071
0.424215
0.427387
0.430586
0.433814
0.437069
0.440352
0.443664
0.447004
0.450372
0.453768
0.457193
0.460646
0.464127
0.467636
0.471174
0.474739
0.478333
0.481955
0.485604
0.489282
0.492986
0.496719
0.500478
0.504264
0.508077
0.511916
0.515782
0.519674
0.523591
0.527533
0.531500
0.535492
0.539508
0.543548
0.547611
0.551696
0.555804
0.559934
0.564085
0.568257
0.572449
0.576661
0.580892
0.585141
0.589408
0.593691
0.597991
0.602307
0.606638
0.610982
0.615340
0.619711
0.624093
0.628487
0.632890
0.637302
0.641723
0.646151
0.650585
0.655025
0.659469
0.663917
0.668367
0.672819
0.677271
0.681723
0.686173
0.690621
0.695065
0.699504
0.703937
0.708362
0.712780
0.717189
0.721587
0.725973
0.730347
0.734707
0.739052
0.743381
0.747693
0.751986
0.756259
0.760512
0.764743
0.768951
0.773134
0.777293
0.781425
0.785529
0.789605
0.793650
0.797665
0.801648
0.805598
0.809514
0.813395
0.817240
0.821048
0.824818
0.828548
0.832239
0.835889
0.839498
0.843063
0.846586
0.850064
0.853497
0.856884
0.860225
0.863519
0.866765
0.869963
0.873111
0.876211
0.879260
0.882258
0.885206
0.888102
0.890947
0.893739
0.896480
0.899167
0.901802
0.904383
0.906912
0.909387
0.911809
0.914178
0.916493
0.918756
0.920965
0.923121
0.925224
0.927275
0.929273
0.931220
0.933114
0.934958
0.936750
0.938492
0.940184
0.941826
0.943420
0.944965
0.946462
0.947912
0.949315
0.950673
0.951985
0.953253
0.954477
0.955658
0.956797
0.957895
0.958952
0.959970
0.960948
0.961889
0.962793
0.963660
0.964492
0.965290
0.966054
0.966785
0.967485
0.968154
0.968793
0.969403
0.969985
0.970539
0.971068
0.971571
0.972049
0.972504
0.972936
0.973346
0.973734
0.974103
0.974451
0.974781
0.975093
0.975388
0.975666
0.975929
0.976176
0.976409
0.976629
0.976835
0.977028
0.977210
0.977381
0.977541
0.977691
0.977831
0.977962
0.978084
0.978199
0.978305
0.978405
0.978497
0.978583
0.978663
0.978738
0.978807
0.978871
0.978930
0.978985
0.979036
0.979083
0.979126
0.979166
0.979203
0.979237
0.979269
0.979297
0.979324
0.979348
0.979370
0.979391
0.979410
0.979427
0.979442
0.979457
0.979470
0.979482
0.979492
0.979502
0.979511
0.979519
0.979527
0.979534
0.979540
0.979545
0.979550
0.979555
0.979559
0.979563
0.979566
0.979569
0.979572
0.979574
0.979576
0.979578
0.979580
0.979582
0.979583
0.979584
0.979585
0.979586
0.979587
0.979588
0.979589
0.979589
0.979590
0.979591
0.979591
0.979591
0.979592
0.979592
0.979592
0.979593
0.979593
0.979593
0.979593
0.979593
0.979593
0.979594
0.979594
0.979594
0.979594
0.979594
0.979594
0.979594
0.979594
0.979594
0.979594
0.979594
0.979594
0.979594
0.979594
0.979594
0.979594
0.979594
0.979594
0.979594
0.979594
0.979594
0.979594
0.979594
0.979594
0.979594
0.979594
0.979594
0.979594
0.979594
0.979594
0.979594
0.979594
0.979594
0.979594
0.979594
0.979594
0.979594
0.979594
0.979594
0.979594
0.979594
0.979594
0.979594
0.979594
0.979594
0.979594
0.979594
0.979594
0.979594
0.979594
0.979594
0.979594
0.979594
0.979594
0.979594
0.979594
0.979594
0.979594
0.979594
0.979594
0.979594
0.979594
0.979594
0.979594
0.979594
0.979594
0.979594
0.979594
0.979594
0.979594
0.979594
0.979594
0.979594
0.979594
0.979594
0.979594
0.979594
0.979594
0.979594
0.979594
0.979594
0.979594
0.979594
0.979594
0.979594
0.979594
0.979594
0.979594
0.979594
0.979594
0.979594
0.979594
0.979594
0.979594
0.979594
0.979594
0.979594
0.979594
0.979594
0.979594
0.979594
0.979594
0.979594
0.979594
0.979594
0.979594
0.979594
0.979594
0.979594
0.979594
0.979594
0.979594
0.979594
0.979594
0.979594
0.979594
0.979594
0.979594
0.979594
0.979594
0.979594
0.979594
0.979594
0.979594
0.979594
0.979594
0.979594
0.979594
0.979594
0.979594
0.979594
0.979594
0.979594
0.979594
0.979594
0.979594
0.979594
0.979594
0.979594
0.979594
0.979594
0.979594
0.979594
0.979594
0.979594
0.979594
0.979594
0.979594
0.979594
0.979594
0.979594
0.979594
0.979594
0.979594
0.979594
0.979594
0.979594
0.979594
0.979594
0.979594
0.979594
0.979594
0.979594
0.979594
0.979594
0.979594
0.979594
0.979594
0.979594
0.979594
0.979594
0.979594
0.979594
0.979594
0.979594
0.979594
0.979594
0.979594
0.979594
0.979594
0.979594
0.979594
0.979594
0.979594
0.979594
0.979594
0.979594
0.979594
0.979594
0.979594
0.979594
0.979594
0.979594
0.979594
0.979594
0.979594
0.979594
0.979594
0.979594
0.979594
0.979594
0.979594
0.979594
0.979594
0.979594
0.979594
0.979594
0.979594
0.979594
0.979594
0.979594
0.979594
0.979594
0.979594
0.979594
0.979594
0.979594
0.979594
0.979594
0.979594
0.979594
0.979594
0.979594
0.979594
0.979594
0.979594
0.979594
0.979594
0.979594
0.979594
0.979594
0.979594
0.979594
0.979594
0.979594
0.979594
0.979594
0.979594
0.979594
0.979594
0.979594
0.979594
0.979594
0.979594
0.979594
0.979594
0.979594
0.979594
0.979594
0.979594
0.979594
0.979594
0.979594
0.979594
0.979594
0.979594
0.979594
0.979594
0.979594
0.979594
0.979594
0.979594
0.979594
0.979594
0.979594
0.979594
0.979594
0.979594
0.979594
0.979594
0.979594
