0.040517
0.087890
0.141190
0.196087
0.222365
0.215114
0.208537
0.214901
0.224689
0.233991
0.242784
0.251184
0.259326
0.267377
0.275565
0.284609
0.293659
0.296937
0.298930
0.300908
0.302882
0.304853
0.306821
0.308786
0.310749
0.312708
0.314665
0.316619
0.318571
0.320520
0.322467
0.324412
0.326356
0.328297
0.330237
0.332176
0.334113
0.336049
0.337984
0.339945
0.341699
0.343469
0.345241
0.347013
0.348786
0.350559
0.352333
0.354108
0.355884
0.357661
0.359438
0.361217
0.362997
0.364779
0.366561
0.368346
0.370132
0.371919
0.373709
0.375500
0.377294
0.379089
0.380887
0.382687
0.384489
0.386294
0.388101
0.389911
0.391723
0.393539
0.395357
0.397178
0.399002
0.400830
0.402660
0.404494
0.406332
0.408173
0.410017
0.411865
0.413717
0.415572
0.417432
0.419295
0.421163
0.423034
0.424910
0.426790
0.428674
0.430563
0.432456
0.434354
0.436256
0.438163
0.440074
0.441991
0.443912
0.445838
0.447770
0.449706
0.451647
0.453593
0.455545
0.457502
0.459464
0.461431
0.463404
0.465382
0.467366
0.469355
0.471349
0.473349
0.475355
0.477367
0.479384
0.481406
0.483435
0.485469
0.487509
0.489555
0.491606
0.493664
0.495727
0.497796
0.499870
0.501951
0.504038
0.506130
0.508228
0.510332
0.512442
0.514558
0.516679
0.518806
0.520940
0.523078
0.525223
0.527373
0.529530
0.531691
0.533859
0.536032
0.538211
0.540395
0.542584
0.544780
0.546980
0.549186
0.551398
0.553614
0.555836
0.558063
0.560296
0.562533
0.564775
0.567023
0.569275
0.571532
0.573793
0.576059
0.578330
0.580606
0.582885
0.585170
0.587458
0.589751
0.592047
0.594348
0.596652
0.598960
0.601272
0.603588
0.605907
0.608229
0.610555
0.612884
0.615216
0.617551
0.619888
0.622229
0.624571
0.626917
0.629265
0.631615
0.633967
0.636321
0.638676
0.641034
0.643393
0.645754
0.648116
0.650479
0.652843
0.655208
0.657573
0.659939
0.662306
0.664673
0.667040
0.669408
0.671775
0.674141
0.676508
0.678873
0.681238
0.683602
0.685965
0.688327
0.690687
0.693046
0.695404
0.697759
0.700112
0.702463
0.704812
0.707159
0.709502
0.711843
0.714181
0.716516
0.718847
0.721175
0.723500
0.725820
0.728137
0.730449
0.732757
0.735061
0.737360
0.739655
0.741944
0.744229
0.746508
0.748781
0.751049
0.753312
0.755568
0.757819
0.760063
0.762301
0.764532
0.766756
0.768974
0.771185
0.773388
0.775585
0.777774
0.779955
0.782128
0.784294
0.786451
0.788601
0.790742
0.792874
0.794998
0.797113
0.799219
0.801316
0.803404
0.805483
0.807552
0.809611
0.811661
0.813701
0.815732
0.817752
0.819761
0.821761
0.823750
0.825728
0.827696
0.829653
0.831599
0.833534
0.835458
0.837371
0.839272
0.841162
0.843041
0.844907
0.846762
0.848606
0.850437
0.852257
0.854064
0.855859
0.857642
0.859413
0.861171
0.862917
0.864650
0.866371
0.868079
0.869774
0.871457
0.873126
0.874783
0.876427
0.878058
0.879675
0.881280
0.882871
0.884450
0.886015
0.887567
0.889105
0.890630
0.892142
0.893640
0.895125
0.896597
0.898055
0.899500
0.900931
0.902349
0.903753
0.905143
0.906521
0.907884
0.909234
0.910571
0.911894
0.913203
0.914499
0.915782
0.917051
0.918307
0.919549
0.920777
0.921993
0.923195
0.924383
0.925558
0.926720
0.927869
0.929005
0.930127
0.931236
0.932332
0.933415
0.934485
0.935542
0.936586
0.937617
0.938636
0.939641
0.940634
0.941614
0.942582
0.943537
0.944480
0.945410
0.946328
0.947233
0.948127
0.949008
0.949877
0.950734
0.951579
0.952413
0.953234
0.954044
0.954842
0.955629
0.956405
0.957169
0.957921
0.958663
0.959393
0.960112
0.960821
0.961518
0.962205
0.962881
0.963546
0.964201
0.964846
0.965480
0.966104
0.966718
0.967322
0.967916
0.968500
0.969075
0.969640
0.970195
0.970741
0.971277
0.971804
0.972322
0.972832
0.973332
0.973823
0.974305
0.974779
0.975244
0.975701
0.976150
0.976590
0.977022
0.977446
0.977862
0.978270
0.978671
0.979064
0.979449
0.979827
0.980197
0.980560
0.980916
0.981265
0.981607
0.981943
0.982271
0.982593
0.982908
0.983216
0.983519
0.983815
0.984105
0.984388
0.984666
0.984938
0.985204
0.985464
0.985719
0.985968
0.986211
0.986449
0.986682
0.986910
0.987133
0.987350
0.987563
0.987771
0.987974
0.988172
0.988366
0.988555
0.988740
0.988920
0.989097
0.989269
0.989436
0.989600
0.989760
0.989916
0.990068
0.990216
0.990361
0.990502
0.990640
0.990774
0.990905
0.991032
0.991156
0.991277
0.991395
0.991510
0.991621
0.991730
0.991836
0.991939
0.992040
0.992137
0.992232
0.992325
0.992415
0.992502
0.992587
0.992670
0.992751
0.992829
0.992905
0.992979
0.993051
0.993120
0.993188
0.993254
0.993318
0.993380
0.993440
0.993499
0.993555
0.993610
0.993664
0.993716
0.993766
0.993815
0.993862
0.993908
0.993952
0.993995
0.994037
0.994078
0.994117
0.994155
0.994191
0.994227
0.994262
0.994295
0.994327
0.994358
0.994389
0.994418
0.994446
0.994474
0.994500
0.994526
0.994550
0.994574
0.994597
0.994620
0.994641
0.994662
0.994682
0.994702
0.994720
0.994739
0.994756
0.994773
0.994789
0.994805
0.994820
0.994835
0.994849
0.994862
0.994875
0.994888
0.994900
0.994912
0.994923
0.994934
0.994944
0.994954
0.994964
0.994973
0.994982
0.994991
0.994999
0.995007
0.995015
0.995022
0.995030
0.995036
0.995043
0.995049
0.995055
0.995061
0.995067
0.995072
0.995077
0.995082
0.995087
0.995091
0.995096
0.995100
0.995104
0.995108
0.995111
0.995115
0.995118
0.995122
0.995125
0.995128
0.995131
0.995133
0.995136
0.995138
0.995141
0.995143
0.995145
0.995147
0.995149
0.995151
0.995153
0.995155
0.995157
0.995158
0.995160
0.995161
0.995163
0.995164
0.995165
0.995166
0.995168
0.995169
0.995170
0.995171
0.995172
0.995173
0.995173
0.995174
0.995175
0.995176
0.995177
0.995177
0.995178
0.995178
0.995179
