0.010338
0.022049
0.034268
0.047567
0.063488
0.071869
0.080545
0.090217
0.101077
0.113420
0.127814
0.145394
0.167833
0.196137
0.228404
0.258612
0.279133
0.286455
0.284650
0.281659
0.281597
0.283301
0.285265
0.287231
0.289192
0.291148
0.293100
0.295046
0.296988
0.298924
0.300856
0.302784
0.304706
0.306624
0.308537
0.310446
0.312350
0.314249
0.316145
0.318075
0.319800
0.321524
0.323245
0.324962
0.326677
0.328387
0.330095
0.331799
0.333500
0.335198
0.336892
0.338583
0.340271
0.341956
0.343638
0.345317
0.346993
0.348665
0.350335
0.352002
0.353666
0.355327
0.356985
0.358641
0.360293
0.361943
0.363590
0.365235
0.366877
0.368516
0.370153
0.371787
0.373418
0.375047
0.376674
0.378298
0.379920
0.381540
0.383157
0.384772
0.386385
0.387995
0.389604
0.391210
0.392814
0.394416
0.396016
0.397614
0.399210
0.400804
0.402396
0.403986
0.405574
0.407161
0.408745
0.410328
0.411909
0.413489
0.415067
0.416643
0.418218
0.419790
0.421362
0.422932
0.424500
0.426067
0.427633
0.429197
0.430760
0.432321
0.433881
0.435440
0.436998
0.438554
0.440109
0.441663
0.443216
0.444767
0.446318
0.447867
0.449416
0.450963
0.452510
0.454055
0.455600
0.457143
0.458686
0.460228
0.461769
0.463309
0.464849
0.466387
0.467925
0.469462
0.470998
0.472534
0.474069
0.475603
0.477137
0.478670
0.480203
0.481734
0.483266
0.484797
0.486327
0.487857
0.489386
0.490915
0.492443
0.493971
0.495498
0.497025
0.498552
0.500078
0.501604
0.503130
0.504655
0.506180
0.507704
0.509228
0.510752
0.512276
0.513799
0.515322
0.516845
0.518368
0.519890
0.521412
0.522934
0.524455
0.525977
0.527498
0.529019
0.530539
0.532060
0.533580
0.535101
0.536621
0.538140
0.539660
0.541179
0.542699
0.544218
0.545737
0.547255
0.548774
0.550292
0.551811
0.553329
0.554847
0.556364
0.557882
0.559399
0.560916
0.562433
0.563950
0.565467
0.566983
0.568499
0.570015
0.571531
0.573047
0.574562
0.576077
0.577592
0.579106
0.580620
0.582134
0.583648
0.585162
0.586675
0.588188
0.589700
0.591212
0.592724
0.594236
0.595747
0.597257
0.598768
0.600278
0.601787
0.603296
0.604805
0.606313
0.607821
0.609328
0.610835
0.612341
0.613846
0.615351
0.616856
0.618360
0.619863
0.621366
0.622868
0.624369
0.625870
0.627370
0.628870
0.630368
0.631866
0.633363
0.634859
0.636355
0.637850
0.639343
0.640836
0.642328
0.643820
0.645310
0.646799
0.648287
0.649775
0.651261
0.652746
0.654230
0.655713
0.657195
0.658676
0.660156
0.661634
0.663112
0.664588
0.666062
0.667536
0.669008
0.670479
0.671949
0.673417
0.674884
0.676349
0.677813
0.679275
0.680736
0.682196
0.683654
0.685110
0.686565
0.688018
0.689469
0.690919
0.692367
0.693813
0.695258
0.696700
0.698141
0.699581
0.701018
0.702453
0.703887
0.705318
0.706748
0.708175
0.709601
0.711024
0.712446
0.713865
0.715282
0.716697
0.718110
0.719521
0.720929
0.722335
0.723739
0.725141
0.726540
0.727937
0.729331
0.730723
0.732113
0.733500
0.734885
0.736267
0.737646
0.739023
0.740398
0.741770
0.743139
0.744505
0.745869
0.747230
0.748588
0.749944
0.751296
0.752646
0.753993
0.755337
0.756678
0.758017
0.759352
0.760684
0.762013
0.763340
0.764663
0.765983
0.767300
0.768614
0.769925
0.771232
0.772537
0.773838
0.775136
0.776431
0.777722
0.779010
0.780295
0.781576
0.782854
0.784129
0.785400
0.786668
0.787932
0.789193
0.790450
0.791704
0.792954
0.794201
0.795444
0.796683
0.797919
0.799151
0.800379
0.801604
0.802825
0.804043
0.805256
0.806466
0.807672
0.808874
0.810073
0.811267
0.812458
0.813645
0.814828
0.816007
0.817182
0.818353
0.819520
0.820683
0.821843
0.822998
0.824149
0.825296
0.826440
0.827579
0.828714
0.829845
0.830971
0.832094
0.833213
0.834327
0.835437
0.836543
0.837645
0.838743
0.839836
0.840925
0.842010
0.843091
0.844168
0.845240
0.846308
0.847372
0.848431
0.849486
0.850537
0.851583
0.852625
0.853663
0.854696
0.855725
0.856750
0.857770
0.858786
0.859797
0.860804
0.861807
0.862805
0.863799
0.864788
0.865773
0.866754
0.867730
0.868701
0.869669
0.870631
0.871590
0.872543
0.873493
0.874437
0.875378
0.876313
0.877245
0.878172
0.879094
0.880012
0.880925
0.881834
0.882738
0.883638
0.884534
0.885424
0.886311
0.887193
0.888070
0.888943
0.889811
0.890675
0.891534
0.892389
0.893239
0.894085
0.894926
0.895763
0.896595
0.897423
0.898246
0.899065
0.899879
0.900689
0.901495
0.902295
0.903092
0.903884
0.904671
0.905454
0.906233
0.907007
0.907776
0.908542
0.909302
0.910059
0.910811
0.911558
0.912301
0.913040
0.913774
0.914504
0.915229
0.915950
0.916667
0.917380
0.918088
0.918791
0.919490
0.920185
0.920876
0.921562
0.922244
0.922922
0.923596
0.924265
0.924930
0.925590
0.926247
0.926899
0.927546
0.928190
0.928830
0.929465
0.930096
0.930723
0.931345
0.931964
0.932578
0.933189
0.933795
0.934397
0.934995
0.935588
0.936178
0.936764
0.937345
0.937923
0.938497
0.939066
0.939632
0.940193
0.940751
0.941304
0.941854
0.942400
0.942941
0.943479
0.944013
0.944543
0.945070
0.945592
0.946111
0.946625
0.947136
0.947643
0.948147
0.948646
0.949142
0.949634
0.950122
0.950607
0.951088
0.951565
0.952039
0.952509
0.952975
0.953437
0.953897
0.954352
0.954804
0.955252
0.955697
0.956138
0.956576
0.957011
0.957441
0.957869
0.958293
0.958713
0.959130
0.959544
0.959954
0.960361
0.960765
0.961165
0.961562
0.961956
0.962346
0.962733
0.963117
0.963498
0.963875
0.964249
0.964620
0.964988
0.965353
0.965715
0.966073
0.966429
0.966781
0.967130
0.967476
0.967820
0.968160
0.968497
0.968831
0.969163
0.969491
0.969816
0.970139
0.970458
0.970775
0.971089
0.971400
0.971708
0.972014
0.972316
0.972616
0.972913
0.973208
0.973499
0.973788
0.974074
