0.015431
0.032824
0.050788
0.070260
0.095438
0.131844
0.176445
0.217932
0.248599
0.268789
0.274793
0.277102
0.278782
0.280555
0.282475
0.284451
0.286427
0.288398
0.290362
0.292320
0.294272
0.296217
0.298157
0.300090
0.302018
0.303940
0.305856
0.307766
0.309670
0.311569
0.313462
0.315350
0.317232
0.319109
0.320981
0.322847
0.324708
0.326563
0.328414
0.330308
0.332005
0.333690
0.335369
0.337044
0.338715
0.340382
0.342045
0.343703
0.345357
0.347007
0.348652
0.350294
0.351931
0.353564
0.355193
0.356818
0.358438
0.360055
0.361668
0.363276
0.364881
0.366481
0.368077
0.369669
0.371258
0.372842
0.374422
0.375999
0.377571
0.379139
0.380704
0.382264
0.383821
0.385374
0.386922
0.388467
0.390008
0.391545
0.393079
0.394608
0.396134
0.397655
0.399173
0.400688
0.402198
0.403705
0.405207
0.406707
0.408202
0.409694
0.411182
0.412666
0.414146
0.415623
0.417096
0.418566
0.420032
0.421494
0.422952
0.424407
0.425859
0.427306
0.428751
0.430191
0.431628
0.433062
0.434492
0.435918
0.437341
0.438760
0.440176
0.441589
0.442998
0.444403
0.445805
0.447204
0.448599
0.449991
0.451379
0.452764
0.454146
0.455524
0.456899
0.458271
0.459639
0.461004
0.462365
0.463723
0.465078
0.466430
0.467778
0.469124
0.470466
0.471804
0.473140
0.474472
0.475801
0.477127
0.478449
0.479769
0.481085
0.482398
0.483709
0.485015
0.486319
0.487620
0.488918
0.490212
0.491504
0.492792
0.494078
0.495360
0.496639
0.497916
0.499189
0.500459
0.501727
0.502991
0.504253
0.505511
0.506767
0.508019
0.509269
0.510516
0.511760
0.513001
0.514239
0.515475
0.516707
0.517937
0.519164
0.520388
0.521609
0.522828
0.524043
0.525256
0.526467
0.527674
0.528879
0.530081
0.531280
0.532477
0.533671
0.534862
0.536051
0.537237
0.538420
0.539601
0.540779
0.541954
0.543127
0.544298
0.545466
0.546631
0.547793
0.548953
0.550111
0.551266
0.552419
0.553569
0.554716
0.555862
0.557004
0.558145
0.559282
0.560418
0.561551
0.562681
0.563810
0.564935
0.566059
0.567180
0.568299
0.569415
0.570529
0.571641
0.572750
0.573858
0.574963
0.576065
0.577166
0.578264
0.579360
0.580453
0.581545
0.582634
0.583721
0.584806
0.585889
0.586970
0.588048
0.589125
0.590199
0.591271
0.592341
0.593409
0.594475
0.595539
0.596601
0.597660
0.598718
0.599774
0.600827
0.601879
0.602929
0.603977
0.605022
0.606066
0.607108
0.608148
0.609186
0.610222
0.611256
0.612289
0.613319
0.614348
0.615374
0.616399
0.617422
0.618444
0.619463
0.620481
0.621496
0.622511
0.623523
0.624533
0.625542
0.626549
0.627555
0.628558
0.629560
0.630560
0.631559
0.632556
0.633551
0.634544
0.635536
0.636527
0.637515
0.638502
0.639488
0.640472
0.641454
0.642435
0.643414
0.644391
0.645367
0.646342
0.647315
0.648286
0.649256
0.650225
0.651192
0.652157
0.653122
0.654084
0.655045
0.656005
0.656964
0.657921
0.658876
0.659830
0.660783
0.661735
0.662685
0.663633
0.664581
0.665527
0.666471
0.667415
0.668357
0.669298
0.670237
0.671175
0.672112
0.673048
0.673982
0.674915
0.675847
0.676778
0.677707
0.678636
0.679563
0.680489
0.681413
0.682337
0.683259
0.684180
0.685101
0.686019
0.686937
0.687854
0.688769
0.689684
0.690597
0.691509
0.692420
0.693331
0.694240
0.695147
0.696054
0.696960
0.697865
0.698769
0.699671
0.700573
0.701474
0.702373
0.703272
0.704170
0.705066
0.705962
0.706857
0.707751
0.708643
0.709535
0.710426
0.711316
0.712205
0.713093
0.713981
0.714867
0.715752
0.716637
0.717520
0.718403
0.719285
0.720166
0.721046
0.721925
0.722803
0.723681
0.724557
0.725433
0.726308
0.727182
0.728055
0.728928
0.729799
0.730670
0.731540
0.732409
0.733278
0.734145
0.735012
0.735878
0.736743
0.737607
0.738471
0.739334
0.740196
0.741057
0.741917
0.742777
0.743636
0.744494
0.745352
0.746208
0.747064
0.747920
0.748774
0.749628
0.750481
0.751333
0.752184
0.753035
0.753885
0.754735
0.755583
0.756431
0.757278
0.758124
0.758970
0.759815
0.760659
0.761503
0.762346
0.763188
0.764029
0.764870
0.765710
0.766549
0.767387
0.768225
0.769062
0.769899
0.770734
0.771569
0.772404
0.773237
0.774070
0.774902
0.775733
0.776564
0.777394
0.778223
0.779052
0.779880
0.780707
0.781533
0.782359
0.783184
0.784008
0.784832
0.785654
0.786476
0.787298
0.788118
0.788938
0.789757
0.790576
0.791393
0.792210
0.793026
0.793842
0.794656
0.795470
0.796283
0.797095
0.797907
0.798718
0.799528
0.800337
0.801146
0.801953
0.802760
0.803566
0.804372
0.805176
0.805980
0.806783
0.807585
0.808386
0.809186
0.809986
0.810785
0.811583
0.812380
0.813176
0.813972
0.814766
0.815560
0.816353
0.817144
0.817935
0.818726
0.819515
0.820303
0.821091
0.821877
0.822663
0.823448
0.824231
0.825014
0.825796
0.826577
0.827357
0.828136
0.828914
0.829691
0.830468
0.831243
0.832017
0.832790
0.833562
0.834333
0.835103
0.835872
0.836640
0.837407
0.838173
0.838938
0.839702
0.840464
0.841226
0.841986
0.842746
0.843504
0.844261
0.845017
0.845772
0.846526
0.847279
0.848030
0.848780
0.849529
0.850277
0.851024
0.851769
0.852514
0.853257
0.853998
0.854739
0.855478
0.856216
0.856953
0.857689
0.858423
0.859156
0.859887
0.860618
0.861347
0.862074
0.862800
0.863525
0.864249
0.864971
0.865692
0.866411
0.867129
0.867846
0.868561
0.869275
0.869987
0.870698
0.871408
0.872115
0.872822
0.873527
0.874230
0.874932
0.875633
0.876332
0.877029
0.877725
0.878419
0.879112
0.879803
0.880492
0.881180
0.881867
0.882551
0.883234
0.883916
0.884596
0.885274
0.885950
0.886625
0.887298
0.887970
0.888639
0.889307
0.889974
0.890638
0.891301
0.891962
0.892621
0.893279
0.893934
0.894588
0.895240
0.895891
0.896539
0.897186
0.897831
0.898474
0.899115
0.899754
0.900391
0.901027
