0.011730
0.024885
0.038388
0.052523
0.067653
0.084812
0.105962
0.125544
0.153497
0.188033
0.222084
0.248636
0.265114
0.273376
0.276985
0.278860
0.280490
0.282295
0.284235
0.286207
0.288175
0.290137
0.292093
0.294043
0.295988
0.297927
0.299860
0.301787
0.303709
0.305625
0.307536
0.309441
0.311340
0.313235
0.315124
0.317008
0.318886
0.320759
0.322627
0.324540
0.326254
0.327955
0.329651
0.331342
0.333029
0.334712
0.336391
0.338065
0.339735
0.341401
0.343063
0.344720
0.346373
0.348022
0.349667
0.351308
0.352945
0.354577
0.356206
0.357830
0.359450
0.361066
0.362678
0.364286
0.365890
0.367490
0.369086
0.370678
0.372266
0.373850
0.375430
0.377006
0.378578
0.380146
0.381710
0.383270
0.384827
0.386379
0.387928
0.389473
0.391013
0.392551
0.394084
0.395613
0.397139
0.398660
0.400178
0.401693
0.403203
0.404710
0.406213
0.407712
0.409208
0.410699
0.412188
0.413672
0.415153
0.416630
0.418103
0.419573
0.421040
0.422502
0.423961
0.425417
0.426868
0.428317
0.429762
0.431203
0.432640
0.434075
0.435505
0.436932
0.438356
0.439776
0.441193
0.442606
0.444016
0.445422
0.446825
0.448225
0.449621
0.451014
0.452403
0.453790
0.455172
0.456552
0.457928
0.459301
0.460670
0.462036
0.463399
0.464759
0.466115
0.467468
0.468818
0.470165
0.471508
0.472849
0.474186
0.475520
0.476851
0.478178
0.479503
0.480824
0.482142
0.483457
0.484769
0.486078
0.487384
0.488687
0.489987
0.491284
0.492577
0.493868
0.495156
0.496440
0.497722
0.499001
0.500277
0.501549
0.502819
0.504086
0.505350
0.506612
0.507870
0.509125
0.510378
0.511627
0.512874
0.514118
0.515359
0.516598
0.517833
0.519066
0.520296
0.521523
0.522748
0.523970
0.525189
0.526405
0.527619
0.528829
0.530038
0.531243
0.532446
0.533646
0.534844
0.536039
0.537231
0.538421
0.539608
0.540792
0.541974
0.543154
0.544331
0.545505
0.546677
0.547846
0.549013
0.550177
0.551339
0.552498
0.553655
0.554809
0.555961
0.557110
0.558257
0.559402
0.560544
0.561684
0.562822
0.563957
0.565090
0.566220
0.567348
0.568474
0.569597
0.570718
0.571837
0.572954
0.574068
0.575180
0.576290
0.577398
0.578503
0.579606
0.580707
0.581806
0.582902
0.583997
0.585089
0.586179
0.587267
0.588353
0.589436
0.590518
0.591597
0.592675
0.593750
0.594823
0.595895
0.596964
0.598031
0.599096
0.600159
0.601220
0.602279
0.603336
0.604391
0.605444
0.606495
0.607545
0.608592
0.609637
0.610681
0.611722
0.612762
0.613800
0.614836
0.615870
0.616902
0.617932
0.618960
0.619987
0.621012
0.622035
0.623056
0.624076
0.625093
0.626109
0.627123
0.628136
0.629146
0.630155
0.631162
0.632168
0.633172
0.634174
0.635174
0.636173
0.637170
0.638165
0.639159
0.640151
0.641142
0.642130
0.643118
0.644103
0.645087
0.646070
0.647051
0.648030
0.649008
0.649984
0.650958
0.651932
0.652903
0.653873
0.654842
0.655809
0.656774
0.657738
0.658701
0.659662
0.660622
0.661580
0.662537
0.663492
0.664446
0.665398
0.666349
0.667299
0.668247
0.669194
0.670140
0.671084
0.672026
0.672968
0.673908
0.674847
0.675784
0.676720
0.677655
0.678588
0.679520
0.680451
0.681380
0.682308
0.683235
0.684161
0.685085
0.686008
0.686930
0.687850
0.688770
0.689688
0.690605
0.691520
0.692435
0.693348
0.694260
0.695171
0.696080
0.696988
0.697896
0.698802
0.699707
0.700610
0.701513
0.702414
0.703314
0.704213
0.705111
0.706008
0.706904
0.707798
0.708692
0.709584
0.710475
0.711365
0.712254
0.713142
0.714029
0.714915
0.715799
0.716683
0.717565
0.718447
0.719327
0.720206
0.721085
0.721962
0.722838
0.723713
0.724587
0.725460
0.726332
0.727203
0.728073
0.728942
0.729810
0.730677
0.731543
0.732407
0.733271
0.734134
0.734996
0.735857
0.736717
0.737575
0.738433
0.739290
0.740146
0.741001
0.741855
0.742708
0.743560
0.744411
0.745261
0.746110
0.746958
0.747805
0.748651
0.749496
0.750340
0.751184
0.752026
0.752867
0.753708
0.754547
0.755386
0.756223
0.757060
0.757895
0.758730
0.759564
0.760396
0.761228
0.762059
0.762889
0.763718
0.764546
0.765373
0.766199
0.767024
0.767848
0.768672
0.769494
0.770315
0.771136
0.771955
0.772774
0.773591
0.774408
0.775224
0.776039
0.776852
0.777665
0.778477
0.779288
0.780098
0.780907
0.781715
0.782522
0.783328
0.784133
0.784938
0.785741
0.786543
0.787344
0.788145
0.788944
0.789742
0.790540
0.791336
0.792132
0.792926
0.793720
0.794512
0.795303
0.796094
0.796883
0.797672
0.798459
0.799246
0.800031
0.800816
0.801599
0.802382
0.803163
0.803944
0.804723
0.805501
0.806279
0.807055
0.807830
0.808605
0.809378
0.810150
0.810921
0.811691
0.812460
0.813228
0.813994
0.814760
0.815525
0.816288
0.817051
0.817812
0.818573
0.819332
0.820090
0.820847
0.821603
0.822358
0.823111
0.823864
0.824615
0.825366
0.826115
0.826863
0.827610
0.828356
0.829100
0.829843
0.830586
0.831327
0.832067
0.832805
0.833543
0.834279
0.835014
0.835748
0.836481
0.837212
0.837943
0.838672
0.839400
0.840126
0.840852
0.841576
0.842299
0.843020
0.843740
0.844460
0.845177
0.845894
0.846609
0.847323
0.848036
0.848747
0.849457
0.850166
0.850873
0.851579
0.852284
0.852987
0.853689
0.854390
0.855090
0.855788
0.856484
0.857179
0.857873
0.858566
0.859257
0.859947
0.860635
0.861322
0.862007
0.862691
0.863374
0.864055
0.864735
0.865413
0.866090
0.866765
0.867439
0.868111
0.868782
0.869452
0.870120
0.870786
0.871451
0.872115
0.872777
0.873437
0.874096
0.874753
0.875409
0.876063
0.876716
0.877367
0.878017
0.878665
0.879311
0.879956
0.880599
0.881241
0.881881
0.882519
0.883156
0.883791
0.884425
0.885057
0.885687
0.886316
0.886943
0.887568
0.888192
0.888814
0.889434
0.890053
0.890670
0.891285
0.891899
0.892511
0.893121
0.893729
0.894336
