0.072002
0.161477
0.276031
0.410733
0.303458
0.284378
0.300606
0.315633
0.329655
0.342851
0.355378
0.367369
0.378918
0.390105
0.401055
0.411913
0.422874
0.434295
0.446974
0.456821
0.462438
0.467701
0.473017
0.478386
0.483807
0.489278
0.494798
0.500366
0.505979
0.511636
0.517334
0.523073
0.528850
0.534663
0.540510
0.546389
0.552298
0.558235
0.564197
0.570379
0.576249
0.582153
0.588080
0.594028
0.599993
0.605973
0.611964
0.617963
0.623969
0.629977
0.635987
0.641993
0.647995
0.653989
0.659973
0.665944
0.671900
0.677837
0.683753
0.689646
0.695513
0.701352
0.707160
0.712935
0.718674
0.724376
0.730037
0.735656
0.741230
0.746758
0.752237
0.757666
0.763042
0.768364
0.773629
0.778837
0.783985
0.789073
0.794097
0.799058
0.803954
0.808783
0.813544
0.818237
0.822860
0.827412
0.831892
0.836300
0.840635
0.844897
0.849084
0.853196
0.857233
0.861195
0.865081
0.868891
0.872625
0.876283
0.879865
0.883371
0.886802
0.890156
0.893436
0.896641
0.899771
0.902827
0.905809
0.908719
0.911556
0.914321
0.917016
0.919640
0.922194
0.924680
0.927098
0.929449
0.931734
0.933954
0.936110
0.938203
0.940234
0.942203
0.944113
0.945964
0.947757
0.949493
0.951174
0.952801
0.954374
0.955895
0.957365
0.958785
0.960157
0.961481
0.962759
0.963991
0.965179
0.966324
0.967428
0.968491
0.969514
0.970498
0.971445
0.972356
0.973232
0.974073
0.974881
0.975657
0.976401
0.977116
0.977801
0.978458
0.979087
0.979690
0.980268
0.980820
0.981349
0.981855
0.982339
0.982802
0.983243
0.983665
0.984068
0.984453
0.984820
0.985170
0.985504
0.985822
0.986125
0.986413
0.986688
0.986949
0.987198
0.987435
0.987659
0.987873
0.988076
0.988269
0.988452
0.988625
0.988790
0.988946
0.989094
0.989235
0.989368
0.989494
0.989613
0.989726
0.989832
0.989933
0.990028
0.990119
0.990204
0.990284
0.990360
0.990432
0.990499
0.990563
0.990623
0.990680
0.990733
0.990783
0.990830
0.990875
0.990917
0.990956
0.990993
0.991028
0.991061
0.991091
0.991120
0.991147
0.991172
0.991196
0.991219
0.991240
0.991259
0.991278
0.991295
0.991311
0.991326
0.991340
0.991353
0.991365
0.991377
0.991388
0.991398
0.991407
0.991416
0.991424
0.991432
0.991439
0.991445
0.991452
0.991457
0.991463
0.991468
0.991472
0.991477
0.991481
0.991484
0.991488
0.991491
0.991494
0.991497
0.991499
0.991502
0.991504
0.991506
0.991508
0.991510
0.991511
0.991513
0.991514
0.991516
0.991517
0.991518
0.991519
0.991520
0.991521
0.991522
0.991522
0.991523
0.991524
0.991524
0.991525
0.991525
0.991526
0.991526
0.991527
0.991527
0.991527
0.991528
0.991528
0.991528
0.991528
0.991529
0.991529
0.991529
0.991529
0.991529
0.991530
0.991530
0.991530
0.991530
0.991530
0.991530
0.991530
0.991530
0.991530
0.991530
0.991530
0.991530
0.991531
0.991531
0.991531
0.991531
0.991531
0.991531
0.991531
0.991531
0.991531
0.991531
0.991531
0.991531
0.991531
0.991531
0.991531
0.991531
0.991531
0.991531
0.991531
0.991531
0.991531
0.991531
0.991531
0.991531
0.991531
0.991531
0.991531
0.991531
0.991531
0.991531
0.991531
0.991531
0.991531
0.991531
0.991531
0.991531
0.991531
0.991531
0.991531
0.991531
0.991531
0.991531
0.991531
0.991531
0.991531
0.991531
0.991531
0.991531
0.991531
0.991531
0.991531
0.991531
0.991531
0.991531
0.991531
0.991531
0.991531
0.991531
0.991531
0.991531
0.991531
0.991531
0.991531
0.991531
0.991531
0.991531
0.991531
0.991531
0.991531
0.991531
0.991531
0.991531
0.991531
0.991531
0.991531
0.991531
0.991531
0.991531
0.991531
0.991531
0.991531
0.991531
0.991531
0.991531
0.991531
0.991531
0.991531
0.991531
0.991531
0.991531
0.991531
0.991531
0.991531
0.991531
0.991531
0.991531
0.991531
0.991531
0.991531
0.991531
0.991531
0.991531
0.991531
0.991531
0.991531
0.991531
0.991531
0.991531
0.991531
0.991531
0.991531
0.991531
0.991531
0.991531
0.991531
0.991531
0.991531
0.991531
0.991531
0.991531
0.991531
0.991531
0.991531
0.991531
0.991531
0.991531
0.991531
0.991531
0.991531
0.991531
0.991531
0.991531
0.991531
0.991531
0.991531
0.991531
0.991531
0.991531
0.991531
0.991531
0.991531
0.991531
0.991531
0.991531
0.991531
0.991531
0.991531
0.991531
0.991531
0.991531
0.991531
0.991531
0.991531
0.991531
0.991531
0.991531
0.991531
0.991531
0.991531
0.991531
0.991531
0.991531
0.991531
0.991531
0.991531
0.991531
0.991531
0.991531
0.991531
0.991531
0.991531
0.991531
0.991531
0.991531
0.991531
0.991531
0.991531
0.991531
0.991531
0.991531
0.991531
0.991531
0.991531
0.991531
0.991531
0.991531
0.991531
0.991531
0.991531
0.991531
0.991531
0.991531
0.991531
0.991531
0.991531
0.991531
0.991531
0.991531
0.991531
0.991531
0.991531
0.991531
0.991531
0.991531
0.991531
0.991531
0.991531
0.991531
0.991531
0.991531
0.991531
0.991531
0.991531
0.991531
0.991531
0.991531
0.991531
0.991531
0.991531
0.991531
0.991531
0.991531
0.991531
0.991531
0.991531
0.991531
0.991531
0.991531
0.991531
0.991531
0.991531
0.991531
0.991531
0.991531
0.991531
0.991531
0.991531
0.991531
0.991531
0.991531
0.991531
0.991531
0.991531
0.991531
0.991531
0.991531
0.991531
0.991531
0.991531
0.991531
0.991531
0.991531
0.991531
0.991531
0.991531
0.991531
0.991531
0.991531
0.991531
0.991531
0.991531
0.991531
0.991531
0.991531
0.991531
0.991531
0.991531
0.991531
0.991531
0.991531
0.991531
0.991531
0.991531
0.991531
0.991531
0.991531
0.991531
0.991531
0.991531
0.991531
0.991531
0.991531
0.991531
0.991531
0.991531
0.991531
0.991531
0.991531
0.991531
0.991531
0.991531
0.991531
0.991531
0.991531
0.991531
0.991531
0.991531
0.991531
0.991531
0.991531
0.991531
0.991531
0.991531
0.991531
0.991531
0.991531
0.991531
