0.348513
0.651859
0.703575
0.741050
0.770004
0.793345
0.812765
0.829305
0.843614
0.856157
0.867287
0.877267
0.886292
0.894521
0.902096
0.909134
0.915729
0.921966
0.927971
0.933901
0.939978
0.946707
0.954090
0.957789
0.958336
0.958513
0.958669
0.958814
0.958948
0.959071
0.959185
0.959289
0.959385
0.959472
0.959552
0.959625
0.959691
0.959752
0.959806
0.959856
0.959901
0.959941
0.959978
0.960011
0.960040
0.960067
0.960091
0.960112
0.960131
0.960148
0.960163
0.960177
0.960189
0.960199
0.960209
0.960217
0.960224
0.960231
0.960236
0.960241
0.960246
0.960250
0.960253
0.960256
0.960258
0.960261
0.960263
0.960264
0.960266
0.960267
0.960268
0.960269
0.960270
0.960271
0.960271
0.960272
0.960272
0.960273
0.960273
0.960273
0.960273
0.960274
0.960274
0.960274
0.960274
0.960274
0.960274
0.960274
0.960274
0.960275
0.960275
0.960275
0.960275
0.960275
0.960275
0.960275
0.960275
0.960275
0.960275
0.960275
0.960275
0.960275
0.960275
0.960275
0.960275
0.960275
0.960275
0.960275
0.960275
0.960275
0.960275
0.960275
0.960275
0.960275
0.960275
0.960275
0.960275
0.960275
0.960275
0.960275
0.960275
0.960275
0.960275
0.960275
0.960275
0.960275
0.960275
0.960275
0.960275
0.960275
0.960275
0.960275
0.960275
0.960275
0.960275
0.960275
0.960275
0.960275
0.960275
0.960275
0.960275
0.960275
0.960275
0.960275
0.960275
0.960275
0.960275
0.960275
0.960275
0.960275
0.960275
0.960275
0.960275
0.960275
0.960275
0.960275
0.960275
0.960275
0.960275
0.960275
0.960275
0.960275
0.960275
0.960275
0.960275
0.960275
0.960275
0.960275
0.960275
0.960275
0.960275
0.960275
0.960275
0.960275
0.960275
0.960275
0.960275
0.960275
0.960275
0.960275
0.960275
0.960275
0.960275
0.960275
0.960275
0.960275
0.960275
0.960275
0.960275
0.960275
0.960275
0.960275
0.960275
0.960275
0.960275
0.960275
0.960275
0.960275
0.960275
0.960275
0.960275
0.960275
0.960275
0.960275
0.960275
0.960275
0.960275
0.960275
0.960275
0.960275
0.960275
0.960275
0.960275
0.960275
0.960275
0.960275
0.960275
0.960275
0.960275
0.960275
0.960275
0.960275
0.960275
0.960275
0.960275
0.960275
0.960275
0.960275
0.960275
0.960275
0.960275
0.960275
0.960275
0.960275
0.960275
0.960275
0.960275
0.960275
0.960275
0.960275
0.960275
0.960275
0.960275
0.960275
0.960275
0.960275
0.960275
0.960275
0.960275
0.960275
0.960275
0.960275
0.960275
0.960275
0.960275
0.960275
0.960275
0.960275
0.960275
0.960275
0.960275
0.960275
0.960275
0.960275
0.960275
0.960275
0.960275
0.960275
0.960275
0.960275
0.960275
0.960275
0.960275
0.960275
0.960275
0.960275
0.960275
0.960275
0.960275
0.960275
0.960275
0.960275
0.960275
0.960275
0.960275
0.960275
0.960275
0.960275
0.960275
0.960275
0.960275
0.960275
0.960275
0.960275
0.960275
0.960275
0.960275
0.960275
0.960275
0.960275
0.960275
0.960275
0.960275
0.960275
0.960275
0.960275
0.960275
0.960275
0.960275
0.960275
0.960275
0.960275
0.960275
0.960275
0.960275
0.960275
0.960275
0.960275
0.960275
0.960275
0.960275
0.960275
0.960275
0.960275
0.960275
0.960275
0.960275
0.960275
0.960275
0.960275
0.960275
0.960275
0.960275
0.960275
0.960275
0.960275
0.960275
0.960275
0.960275
0.960275
0.960275
0.960275
0.960275
0.960275
0.960275
0.960275
0.960275
0.960275
0.960275
0.960275
0.960275
0.960275
0.960275
0.960275
0.960275
0.960275
0.960275
0.960275
0.960275
0.960275
0.960275
0.960275
0.960275
0.960275
0.960275
0.960275
0.960275
0.960275
0.960275
0.960275
0.960275
0.960275
0.960275
0.960275
0.960275
0.960275
0.960275
0.960275
0.960275
0.960275
0.960275
0.960275
0.960275
0.960275
0.960275
0.960275
0.960275
0.960275
0.960275
0.960275
0.960275
0.960275
0.960275
0.960275
0.960275
0.960275
0.960275
0.960275
0.960275
0.960275
0.960275
0.960275
0.960275
0.960275
0.960275
0.960275
0.960275
0.960275
0.960275
0.960275
0.960275
0.960275
0.960275
0.960275
0.960275
0.960275
0.960275
0.960275
0.960275
0.960275
0.960275
0.960275
0.960275
0.960275
0.960275
0.960275
0.960275
0.960275
0.960275
0.960275
0.960275
0.960275
0.960275
0.960275
0.960275
0.960275
0.960275
0.960275
0.960275
0.960275
0.960275
0.960275
0.960275
0.960275
0.960275
0.960275
0.960275
0.960275
0.960275
0.960275
0.960275
0.960275
0.960275
0.960275
0.960275
0.960275
0.960275
0.960275
0.960275
0.960275
0.960275
0.960275
0.960275
0.960275
0.960275
0.960275
0.960275
0.960275
0.960275
0.960275
0.960275
0.960275
0.960275
0.960275
0.960275
0.960275
0.960275
0.960275
0.960275
0.960275
0.960275
0.960275
0.960275
0.960275
0.960275
0.960275
0.960275
0.960275
0.960275
0.960275
0.960275
0.960275
0.960275
0.960275
0.960275
0.960275
0.960275
0.960275
0.960275
0.960275
0.960275
0.960275
0.960275
0.960275
0.960275
0.960275
0.960275
0.960275
0.960275
0.960275
0.960275
0.960275
0.960275
0.960275
0.960275
0.960275
0.960275
0.960275
0.960275
0.960275
0.960275
0.960275
0.960275
0.960275
0.960275
0.960275
0.960275
0.960275
0.960275
0.960275
0.960275
0.960275
0.960275
0.960275
0.960275
0.960275
0.960275
0.960275
0.960275
0.960275
0.960275
0.960275
0.960275
0.960275
0.960275
0.960275
0.960275
0.960275
0.960275
0.960275
0.960275
0.960275
0.960275
0.960275
0.960275
0.960275
0.960275
0.960275
0.960275
0.960275
0.960275
0.960275
0.960275
0.960275
0.960275
0.960275
0.960275
0.960275
0.960275
0.960275
0.960275
0.960275
0.960275
0.960275
0.960275
0.960275
0.960275
0.960275
0.960275
0.960275
0.960275
0.960275
0.960275
0.960275
0.960275
0.960275
0.960275
0.960275
0.960275
0.960275
0.960275
0.960275
0.960275
0.960275
0.960275
0.960275
0.960275
0.960275
0.960275
0.960275
