0.026969
0.058006
0.095066
0.143323
0.187615
0.213660
0.225640
0.232864
0.239997
0.247786
0.255817
0.263884
0.272255
0.282069
0.288526
0.290642
0.292595
0.294541
0.296481
0.298416
0.300344
0.302266
0.304182
0.306092
0.307996
0.309895
0.311787
0.313673
0.315554
0.317429
0.319299
0.321163
0.323022
0.324875
0.326723
0.328566
0.330403
0.332236
0.334063
0.335926
0.337591
0.339252
0.340908
0.342561
0.344210
0.345855
0.347495
0.349132
0.350765
0.352394
0.354018
0.355639
0.357256
0.358869
0.360478
0.362084
0.363685
0.365283
0.366877
0.368467
0.370054
0.371636
0.373215
0.374791
0.376362
0.377930
0.379495
0.381055
0.382613
0.384166
0.385716
0.387263
0.388805
0.390345
0.391881
0.393413
0.394942
0.396468
0.397990
0.399508
0.401024
0.402536
0.404044
0.405549
0.407051
0.408550
0.410045
0.411537
0.413026
0.414512
0.415994
0.417474
0.418950
0.420423
0.421893
0.423359
0.424823
0.426284
0.427741
0.429196
0.430647
0.432096
0.433542
0.434984
0.436424
0.437861
0.439295
0.440726
0.442154
0.443579
0.445002
0.446422
0.447839
0.449253
0.450665
0.452074
0.453480
0.454884
0.456285
0.457683
0.459079
0.460472
0.461862
0.463250
0.464636
0.466019
0.467400
0.468778
0.470154
0.471527
0.472898
0.474266
0.475633
0.476997
0.478358
0.479718
0.481075
0.482430
0.483782
0.485133
0.486481
0.487828
0.489172
0.490514
0.491854
0.493191
0.494527
0.495861
0.497193
0.498523
0.499851
0.501177
0.502501
0.503823
0.505144
0.506462
0.507779
0.509094
0.510407
0.511719
0.513029
0.514337
0.515643
0.516948
0.518251
0.519552
0.520852
0.522151
0.523448
0.524743
0.526037
0.527329
0.528620
0.529910
0.531198
0.532485
0.533770
0.535054
0.536337
0.537618
0.538898
0.540177
0.541455
0.542731
0.544007
0.545281
0.546554
0.547826
0.549097
0.550366
0.551635
0.552903
0.554169
0.555435
0.556700
0.557964
0.559226
0.560488
0.561749
0.563010
0.564269
0.565528
0.566785
0.568042
0.569299
0.570554
0.571809
0.573063
0.574316
0.575569
0.576821
0.578073
0.579324
0.580574
0.581824
0.583073
0.584322
0.585570
0.586818
0.588065
0.589312
0.590559
0.591805
0.593050
0.594296
0.595541
0.596785
0.598029
0.599273
0.600517
0.601761
0.603004
0.604247
0.605490
0.606732
0.607975
0.609217
0.610459
0.611701
0.612943
0.614184
0.615426
0.616668
0.617909
0.619151
0.620392
0.621633
0.622875
0.624116
0.625358
0.626599
0.627841
0.629082
0.630324
0.631566
0.632807
0.634049
0.635291
0.636533
0.637776
0.639018
0.640261
0.641504
0.642747
0.643990
0.645233
0.646476
0.647720
0.648964
0.650208
0.651453
0.652697
0.653942
0.655187
0.656433
0.657679
0.658924
0.660171
0.661417
0.662664
0.663911
0.665158
0.666406
0.667654
0.668902
0.670151
0.671400
0.672649
0.673898
0.675148
0.676398
0.677649
0.678899
0.680150
0.681402
0.682653
0.683905
0.685157
0.686410
0.687663
0.688916
0.690169
0.691423
0.692677
0.693931
0.695186
0.696441
0.697696
0.698951
0.700207
0.701463
0.702719
0.703975
0.705232
0.706489
0.707746
0.709003
0.710260
0.711518
0.712775
0.714033
0.715291
0.716549
0.717808
0.719066
0.720325
0.721583
0.722842
0.724101
0.725359
0.726618
0.727877
0.729136
0.730395
0.731653
0.732912
0.734171
0.735429
0.736688
0.737946
0.739204
0.740462
0.741720
0.742978
0.744235
0.745493
0.746750
0.748006
0.749263
0.750519
0.751775
0.753030
0.754285
0.755540
0.756794
0.758048
0.759301
0.760554
0.761806
0.763058
0.764309
0.765559
0.766809
0.768059
0.769307
0.770555
0.771802
0.773048
0.774294
0.775539
0.776783
0.778026
0.779268
0.780509
0.781749
0.782988
0.784226
0.785463
0.786699
0.787934
0.789168
0.790401
0.791632
0.792862
0.794091
0.795318
0.796545
0.797769
0.798993
0.800215
0.801435
0.802654
0.803871
0.805087
0.806301
0.807514
0.808725
0.809934
0.811141
0.812347
0.813550
0.814752
0.815952
0.817150
0.818346
0.819541
0.820733
0.821923
0.823110
0.824296
0.825480
0.826661
0.827840
0.829016
0.830191
0.831363
0.832532
0.833699
0.834864
0.836026
0.837186
0.838343
0.839497
0.840649
0.841798
0.842944
0.844087
0.845228
0.846365
0.847500
0.848632
0.849761
0.850887
0.852010
0.853130
0.854246
0.855360
0.856470
0.857577
0.858681
0.859781
0.860878
0.861972
0.863063
0.864150
0.865233
0.866313
0.867389
0.868462
0.869531
0.870597
0.871659
0.872717
0.873771
0.874821
0.875868
0.876911
0.877950
0.878985
0.880016
0.881043
0.882066
0.883085
0.884100
0.885111
0.886117
0.887120
0.888118
0.889112
0.890102
0.891087
0.892068
0.893045
0.894017
0.894985
0.895948
0.896907
0.897862
0.898812
0.899757
0.900698
0.901634
0.902566
0.903493
0.904415
0.905332
0.906245
0.907153
0.908056
0.908955
0.909848
0.910737
0.911621
0.912500
0.913374
0.914244
0.915108
0.915967
0.916822
0.917671
0.918515
0.919355
0.920189
0.921018
0.921842
0.922661
0.923475
0.924284
0.925088
0.925886
0.926680
0.927468
0.928251
0.929028
0.929801
0.930568
0.931331
0.932087
0.932839
0.933585
0.934327
0.935063
0.935793
0.936518
0.937238
0.937953
0.938663
0.939367
0.940066
0.940759
0.941447
0.942130
0.942808
0.943480
0.944147
0.944809
0.945465
0.946117
0.946762
0.947403
0.948038
0.948668
0.949292
0.949912
0.950526
0.951134
0.951738
0.952336
0.952929
0.953517
0.954099
0.954676
0.955248
0.955815
0.956377
0.956933
0.957484
0.958030
0.958571
0.959107
0.959637
0.960163
0.960683
0.961198
0.961708
0.962213
0.962714
0.963209
0.963698
0.964183
0.964663
0.965138
0.965609
0.966074
0.966534
0.966989
0.967440
0.967885
0.968326
0.968762
0.969193
0.969620
0.970041
0.970458
0.970870
0.971278
0.971681
0.972079
0.972473
0.972862
0.973246
0.973626
0.974002
0.974373
0.974739
0.975101
0.975459
0.975812
0.976161
0.976506
