0.054105
0.114255
0.143743
0.156635
0.168237
0.180927
0.193547
0.205227
0.216001
0.226031
0.235447
0.244330
0.252784
0.260942
0.268959
0.277038
0.285708
0.295243
0.299664
0.301646
0.303555
0.305458
0.307356
0.309248
0.311134
0.313014
0.314889
0.316758
0.318622
0.320479
0.322332
0.324179
0.326021
0.327857
0.329689
0.331515
0.333337
0.335153
0.336965
0.338806
0.340447
0.342091
0.343732
0.345370
0.347004
0.348635
0.350261
0.351884
0.353504
0.355120
0.356732
0.358341
0.359946
0.361548
0.363147
0.364742
0.366334
0.367922
0.369508
0.371090
0.372669
0.374244
0.375817
0.377386
0.378953
0.380516
0.382076
0.383634
0.385188
0.386739
0.388288
0.389833
0.391376
0.392916
0.394453
0.395987
0.397519
0.399048
0.400574
0.402098
0.403619
0.405137
0.406653
0.408167
0.409678
0.411186
0.412692
0.414196
0.415698
0.417197
0.418694
0.420188
0.421681
0.423171
0.424659
0.426146
0.427630
0.429112
0.430592
0.432070
0.433546
0.435021
0.436493
0.437964
0.439433
0.440900
0.442366
0.443830
0.445292
0.446753
0.448212
0.449670
0.451126
0.452581
0.454035
0.455487
0.456938
0.458388
0.459836
0.461284
0.462730
0.464175
0.465619
0.467062
0.468504
0.469946
0.471386
0.472826
0.474264
0.475702
0.477140
0.478576
0.480012
0.481448
0.482883
0.484317
0.485751
0.487185
0.488618
0.490051
0.491483
0.492916
0.494348
0.495780
0.497212
0.498644
0.500076
0.501508
0.502940
0.504372
0.505805
0.507237
0.508670
0.510103
0.511537
0.512971
0.514405
0.515840
0.517275
0.518711
0.520148
0.521585
0.523023
0.524461
0.525901
0.527341
0.528782
0.530224
0.531668
0.533112
0.534557
0.536003
0.537450
0.538899
0.540349
0.541800
0.543252
0.544706
0.546161
0.547618
0.549076
0.550535
0.551996
0.553459
0.554923
0.556389
0.557857
0.559327
0.560798
0.562271
0.563746
0.565223
0.566702
0.568183
0.569666
0.571151
0.572639
0.574128
0.575619
0.577113
0.578609
0.580107
0.581608
0.583110
0.584616
0.586123
0.587633
0.589146
0.590661
0.592179
0.593699
0.595221
0.596747
0.598275
0.599805
0.601339
0.602875
0.604414
0.605955
0.607500
0.609047
0.610597
0.612149
0.613705
0.615264
0.616825
0.618390
0.619957
0.621527
0.623100
0.624677
0.626256
0.627838
0.629423
0.631012
0.632603
0.634197
0.635795
0.637395
0.638999
0.640605
0.642215
0.643827
0.645443
0.647062
0.648684
0.650309
0.651937
0.653568
0.655202
0.656839
0.658479
0.660122
0.661768
0.663417
0.665069
0.666724
0.668382
0.670043
0.671707
0.673374
0.675043
0.676716
0.678391
0.680069
0.681750
0.683433
0.685120
0.686809
0.688500
0.690194
0.691891
0.693590
0.695292
0.696997
0.698703
0.700412
0.702124
0.703837
0.705553
0.707272
0.708992
0.710714
0.712439
0.714165
0.715894
0.717624
0.719356
0.721090
0.722826
0.724563
0.726302
0.728042
0.729784
0.731527
0.733272
0.735018
0.736765
0.738513
0.740262
0.742012
0.743763
0.745515
0.747267
0.749021
0.750774
0.752529
0.754283
0.756038
0.757793
0.759549
0.761304
0.763059
0.764814
0.766569
0.768324
0.770078
0.771831
0.773584
0.775337
0.777088
0.778839
0.780588
0.782337
0.784084
0.785830
0.787574
0.789317
0.791059
0.792798
0.794536
0.796271
0.798005
0.799736
0.801465
0.803192
0.804916
0.806637
0.808356
0.810072
0.811784
0.813494
0.815200
0.816903
0.818603
0.820299
0.821991
0.823679
0.825364
0.827044
0.828720
0.830392
0.832059
0.833722
0.835380
0.837033
0.838682
0.840325
0.841963
0.843596
0.845224
0.846846
0.848462
0.850073
0.851677
0.853276
0.854868
0.856455
0.858035
0.859608
0.861175
0.862735
0.864288
0.865835
0.867374
0.868906
0.870431
0.871948
0.873458
0.874961
0.876455
0.877942
0.879421
0.880892
0.882354
0.883809
0.885255
0.886692
0.888121
0.889542
0.890953
0.892356
0.893750
0.895134
0.896510
0.897876
0.899234
0.900581
0.901920
0.903248
0.904567
0.905877
0.907176
0.908466
0.909746
0.911015
0.912275
0.913524
0.914764
0.915993
0.917211
0.918419
0.919617
0.920804
0.921981
0.923147
0.924302
0.925447
0.926581
0.927704
0.928816
0.929918
0.931008
0.932087
0.933156
0.934213
0.935260
0.936295
0.937320
0.938333
0.939335
0.940326
0.941306
0.942274
0.943232
0.944178
0.945113
0.946037
0.946950
0.947852
0.948742
0.949621
0.950490
0.951347
0.952193
0.953028
0.953852
0.954664
0.955466
0.956257
0.957037
0.957806
0.958564
0.959311
0.960048
0.960773
0.961488
0.962192
0.962886
0.963569
0.964242
0.964904
0.965555
0.966197
0.966828
0.967448
0.968059
0.968659
0.969250
0.969830
0.970401
0.970962
0.971512
0.972054
0.972585
0.973108
0.973620
0.974124
0.974618
0.975102
0.975578
0.976045
0.976503
0.976951
0.977392
0.977823
0.978246
0.978660
0.979066
0.979464
0.979854
0.980235
0.980608
0.980974
0.981331
0.981681
0.982024
0.982358
0.982686
0.983006
0.983319
0.983624
0.983923
0.984215
0.984500
0.984778
0.985050
0.985315
0.985574
0.985826
0.986072
0.986312
0.986546
0.986775
0.986997
0.987214
0.987425
0.987631
0.987831
0.988026
0.988215
0.988400
0.988580
0.988754
0.988924
0.989089
0.989250
0.989406
0.989558
0.989705
0.989848
0.989987
0.990121
0.990252
0.990379
0.990502
0.990622
0.990737
0.990849
0.990958
0.991063
0.991165
0.991264
0.991360
0.991452
0.991542
0.991628
0.991712
0.991793
0.991871
0.991947
0.992020
0.992091
0.992159
0.992225
0.992288
0.992350
0.992409
0.992466
0.992521
0.992574
0.992625
0.992674
0.992722
0.992767
0.992811
0.992854
0.992894
0.992934
0.992971
0.993007
0.993042
0.993076
0.993108
0.993139
0.993168
0.993197
0.993224
0.993250
0.993275
0.993299
0.993322
0.993344
0.993366
0.993386
0.993405
0.993424
0.993442
0.993459
0.993475
0.993490
0.993505
0.993519
0.993533
0.993546
0.993558
0.993570
0.993581
0.993592
0.993602
