0.345772
0.593640
0.647848
0.687742
0.718991
0.744570
0.766178
0.784845
0.801220
0.815778
0.828872
0.840764
0.851648
0.861688
0.871023
0.879772
0.888018
0.895857
0.903421
0.910875
0.918462
0.926777
0.935282
0.939298
0.940819
0.942101
0.943319
0.944476
0.945573
0.946612
0.947595
0.948522
0.949396
0.950219
0.950996
0.951720
0.952399
0.953035
0.953629
0.954183
0.954699
0.955179
0.955625
0.956039
0.956422
0.956776
0.957103
0.957405
0.957682
0.957938
0.958172
0.958387
0.958584
0.958763
0.958928
0.959077
0.959213
0.959337
0.959449
0.959551
0.959643
0.959727
0.959802
0.959870
0.959931
0.959986
0.960035
0.960079
0.960119
0.960154
0.960186
0.960214
0.960239
0.960261
0.960281
0.960299
0.960314
0.960328
0.960340
0.960351
0.960360
0.960369
0.960376
0.960382
0.960388
0.960393
0.960397
0.960401
0.960404
0.960407
0.960410
0.960412
0.960414
0.960415
0.960417
0.960418
0.960419
0.960420
0.960421
0.960422
0.960422
0.960423
0.960423
0.960423
0.960424
0.960424
0.960424
0.960424
0.960425
0.960425
0.960425
0.960425
0.960425
0.960425
0.960425
0.960425
0.960425
0.960425
0.960425
0.960425
0.960425
0.960425
0.960425
0.960425
0.960425
0.960425
0.960425
0.960426
0.960426
0.960426
0.960426
0.960426
0.960426
0.960426
0.960426
0.960426
0.960426
0.960426
0.960426
0.960426
0.960426
0.960426
0.960426
0.960426
0.960426
0.960426
0.960426
0.960426
0.960426
0.960426
0.960426
0.960426
0.960426
0.960426
0.960426
0.960426
0.960426
0.960426
0.960426
0.960426
0.960426
0.960426
0.960426
0.960426
0.960426
0.960426
0.960426
0.960426
0.960426
0.960426
0.960426
0.960426
0.960426
0.960426
0.960426
0.960426
0.960426
0.960426
0.960426
0.960426
0.960426
0.960426
0.960426
0.960426
0.960426
0.960426
0.960426
0.960426
0.960426
0.960426
0.960426
0.960426
0.960426
0.960426
0.960426
0.960426
0.960426
0.960426
0.960426
0.960426
0.960426
0.960426
0.960426
0.960426
0.960426
0.960426
0.960426
0.960426
0.960426
0.960426
0.960426
0.960426
0.960426
0.960426
0.960426
0.960426
0.960426
0.960426
0.960426
0.960426
0.960426
0.960426
0.960426
0.960426
0.960426
0.960426
0.960426
0.960426
0.960426
0.960426
0.960426
0.960426
0.960426
0.960426
0.960426
0.960426
0.960426
0.960426
0.960426
0.960426
0.960426
0.960426
0.960426
0.960426
0.960426
0.960426
0.960426
0.960426
0.960426
0.960426
0.960426
0.960426
0.960426
0.960426
0.960426
0.960426
0.960426
0.960426
0.960426
0.960426
0.960426
0.960426
0.960426
0.960426
0.960426
0.960426
0.960426
0.960426
0.960426
0.960426
0.960426
0.960426
0.960426
0.960426
0.960426
0.960426
0.960426
0.960426
0.960426
0.960426
0.960426
0.960426
0.960426
0.960426
0.960426
0.960426
0.960426
0.960426
0.960426
0.960426
0.960426
0.960426
0.960426
0.960426
0.960426
0.960426
0.960426
0.960426
0.960426
0.960426
0.960426
0.960426
0.960426
0.960426
0.960426
0.960426
0.960426
0.960426
0.960426
0.960426
0.960426
0.960426
0.960426
0.960426
0.960426
0.960426
0.960426
0.960426
0.960426
0.960426
0.960426
0.960426
0.960426
0.960426
0.960426
0.960426
0.960426
0.960426
0.960426
0.960426
0.960426
0.960426
0.960426
0.960426
0.960426
0.960426
0.960426
0.960426
0.960426
0.960426
0.960426
0.960426
0.960426
0.960426
0.960426
0.960426
0.960426
0.960426
0.960426
0.960426
0.960426
0.960426
0.960426
0.960426
0.960426
0.960426
0.960426
0.960426
0.960426
0.960426
0.960426
0.960426
0.960426
0.960426
0.960426
0.960426
0.960426
0.960426
0.960426
0.960426
0.960426
0.960426
0.960426
0.960426
0.960426
0.960426
0.960426
0.960426
0.960426
0.960426
0.960426
0.960426
0.960426
0.960426
0.960426
0.960426
0.960426
0.960426
0.960426
0.960426
0.960426
0.960426
0.960426
0.960426
0.960426
0.960426
0.960426
0.960426
0.960426
0.960426
0.960426
0.960426
0.960426
0.960426
0.960426
0.960426
0.960426
0.960426
0.960426
0.960426
0.960426
0.960426
0.960426
0.960426
0.960426
0.960426
0.960426
0.960426
0.960426
0.960426
0.960426
0.960426
0.960426
0.960426
0.960426
0.960426
0.960426
0.960426
0.960426
0.960426
0.960426
0.960426
0.960426
0.960426
0.960426
0.960426
0.960426
0.960426
0.960426
0.960426
0.960426
0.960426
0.960426
0.960426
0.960426
0.960426
0.960426
0.960426
0.960426
0.960426
0.960426
0.960426
0.960426
0.960426
0.960426
0.960426
0.960426
0.960426
0.960426
0.960426
0.960426
0.960426
0.960426
0.960426
0.960426
0.960426
0.960426
0.960426
0.960426
0.960426
0.960426
0.960426
0.960426
0.960426
0.960426
0.960426
0.960426
0.960426
0.960426
0.960426
0.960426
0.960426
0.960426
0.960426
0.960426
0.960426
0.960426
0.960426
0.960426
0.960426
0.960426
0.960426
0.960426
0.960426
0.960426
0.960426
0.960426
0.960426
0.960426
0.960426
0.960426
0.960426
0.960426
0.960426
0.960426
0.960426
0.960426
0.960426
0.960426
0.960426
0.960426
0.960426
0.960426
0.960426
0.960426
0.960426
0.960426
0.960426
0.960426
0.960426
0.960426
0.960426
0.960426
0.960426
0.960426
0.960426
0.960426
0.960426
0.960426
0.960426
0.960426
0.960426
0.960426
0.960426
0.960426
0.960426
0.960426
0.960426
0.960426
0.960426
0.960426
0.960426
0.960426
0.960426
0.960426
0.960426
0.960426
0.960426
0.960426
0.960426
0.960426
0.960426
0.960426
0.960426
0.960426
0.960426
0.960426
0.960426
0.960426
0.960426
0.960426
0.960426
0.960426
0.960426
0.960426
0.960426
0.960426
0.960426
0.960426
0.960426
0.960426
0.960426
0.960426
0.960426
0.960426
0.960426
0.960426
0.960426
0.960426
0.960426
0.960426
0.960426
0.960426
0.960426
0.960426
0.960426
0.960426
0.960426
0.960426
0.960426
0.960426
0.960426
0.960426
0.960426
0.960426
0.960426
0.960426
0.960426
0.960426
0.960426
