0.010909
0.023200
0.035896
0.049285
0.064046
0.081224
0.091453
0.102480
0.115000
0.129536
0.147235
0.170049
0.199287
0.232507
0.262243
0.280386
0.285237
0.282934
0.280940
0.281614
0.283459
0.285426
0.287391
0.289350
0.291304
0.293253
0.295197
0.297136
0.299069
0.300998
0.302922
0.304841
0.306755
0.308664
0.310569
0.312469
0.314364
0.316255
0.318141
0.320062
0.321778
0.323493
0.325205
0.326914
0.328619
0.330321
0.332019
0.333713
0.335404
0.337092
0.338776
0.340457
0.342135
0.343809
0.345480
0.347148
0.348813
0.350474
0.352132
0.353787
0.355439
0.357088
0.358734
0.360377
0.362017
0.363654
0.365288
0.366920
0.368548
0.370174
0.371796
0.373416
0.375034
0.376648
0.378260
0.379869
0.381476
0.383080
0.384682
0.386281
0.387878
0.389472
0.391063
0.392653
0.394240
0.395824
0.397407
0.398987
0.400565
0.402140
0.403714
0.405285
0.406854
0.408422
0.409987
0.411550
0.413111
0.414670
0.416227
0.417782
0.419336
0.420887
0.422437
0.423985
0.425531
0.427076
0.428619
0.430160
0.431700
0.433237
0.434774
0.436309
0.437842
0.439374
0.440904
0.442433
0.443961
0.445487
0.447011
0.448535
0.450057
0.451578
0.453098
0.454616
0.456133
0.457649
0.459164
0.460678
0.462191
0.463702
0.465213
0.466722
0.468231
0.469739
0.471245
0.472751
0.474256
0.475760
0.477263
0.478765
0.480267
0.481768
0.483268
0.484767
0.486265
0.487763
0.489260
0.490756
0.492252
0.493747
0.495242
0.496736
0.498229
0.499722
0.501214
0.502706
0.504197
0.505688
0.507179
0.508668
0.510158
0.511647
0.513136
0.514624
0.516112
0.517599
0.519086
0.520573
0.522059
0.523545
0.525031
0.526517
0.528002
0.529487
0.530972
0.532456
0.533940
0.535424
0.536908
0.538392
0.539875
0.541358
0.542841
0.544324
0.545807
0.547289
0.548771
0.550253
0.551735
0.553217
0.554699
0.556180
0.557661
0.559142
0.560623
0.562104
0.563585
0.565066
0.566546
0.568026
0.569507
0.570987
0.572467
0.573946
0.575426
0.576906
0.578385
0.579864
0.581343
0.582822
0.584301
0.585780
0.587258
0.588736
0.590214
0.591692
0.593170
0.594647
0.596125
0.597602
0.599079
0.600555
0.602032
0.603508
0.604984
0.606459
0.607935
0.609410
0.610885
0.612359
0.613833
0.615307
0.616781
0.618254
0.619727
0.621199
0.622671
0.624143
0.625614
0.627085
0.628555
0.630025
0.631495
0.632964
0.634432
0.635900
0.637367
0.638834
0.640300
0.641766
0.643231
0.644695
0.646159
0.647622
0.649084
0.650546
0.652007
0.653467
0.654927
0.656386
0.657844
0.659301
0.660757
0.662212
0.663667
0.665120
0.666573
0.668025
0.669476
0.670925
0.672374
0.673822
0.675269
0.676714
0.678159
0.679602
0.681044
0.682485
0.683925
0.685364
0.686801
0.688237
0.689672
0.691106
0.692538
0.693969
0.695398
0.696826
0.698253
0.699678
0.701101
0.702523
0.703944
0.705362
0.706780
0.708195
0.709609
0.711022
0.712432
0.713841
0.715248
0.716654
0.718057
0.719459
0.720859
0.722257
0.723653
0.725047
0.726439
0.727829
0.729217
0.730603
0.731987
0.733369
0.734748
0.736126
0.737501
0.738874
0.740245
0.741614
0.742980
0.744344
0.745705
0.747065
0.748421
0.749776
0.751128
0.752477
0.753824
0.755168
0.756510
0.757849
0.759185
0.760519
0.761850
0.763179
0.764505
0.765827
0.767148
0.768465
0.769780
0.771091
0.772400
0.773706
0.775009
0.776309
0.777605
0.778899
0.780190
0.781478
0.782763
0.784044
0.785323
0.786598
0.787870
0.789139
0.790404
0.791667
0.792926
0.794181
0.795434
0.796683
0.797928
0.799170
0.800409
0.801644
0.802876
0.804104
0.805329
0.806550
0.807768
0.808982
0.810193
0.811399
0.812603
0.813802
0.814998
0.816190
0.817378
0.818563
0.819743
0.820920
0.822093
0.823263
0.824428
0.825590
0.826747
0.827901
0.829051
0.830197
0.831339
0.832476
0.833610
0.834740
0.835866
0.836988
0.838105
0.839219
0.840328
0.841434
0.842535
0.843632
0.844725
0.845814
0.846898
0.847978
0.849055
0.850126
0.851194
0.852257
0.853316
0.854371
0.855421
0.856468
0.857509
0.858547
0.859580
0.860609
0.861633
0.862653
0.863669
0.864680
0.865686
0.866689
0.867687
0.868680
0.869669
0.870654
0.871634
0.872609
0.873580
0.874547
0.875509
0.876467
0.877420
0.878368
0.879312
0.880252
0.881187
0.882117
0.883043
0.883964
0.884881
0.885793
0.886701
0.887604
0.888503
0.889397
0.890286
0.891171
0.892051
0.892926
0.893797
0.894664
0.895526
0.896383
0.897235
0.898083
0.898927
0.899766
0.900600
0.901429
0.902255
0.903075
0.903891
0.904702
0.905509
0.906311
0.907108
0.907901
0.908690
0.909473
0.910253
0.911027
0.911797
0.912563
0.913324
0.914080
0.914832
0.915579
0.916322
0.917060
0.917794
0.918523
0.919247
0.919967
0.920683
0.921394
0.922101
0.922803
0.923500
0.924194
0.924882
0.925567
0.926246
0.926922
0.927593
0.928259
0.928921
0.929579
0.930232
0.930881
0.931526
0.932166
0.932802
0.933433
0.934060
0.934683
0.935301
0.935916
0.936525
0.937131
0.937732
0.938329
0.938922
0.939511
0.940095
0.940675
0.941251
0.941823
0.942391
0.942954
0.943513
0.944068
0.944619
0.945166
0.945709
0.946248
0.946783
0.947313
0.947840
0.948362
0.948881
0.949396
0.949906
0.950413
0.950915
0.951414
0.951909
0.952400
0.952887
0.953370
0.953849
0.954325
0.954797
0.955264
0.955728
0.956189
0.956645
0.957098
0.957547
0.957992
0.958434
0.958872
0.959306
0.959737
0.960164
0.960587
0.961007
0.961423
0.961836
0.962245
0.962651
0.963053
0.963451
0.963846
0.964238
0.964626
0.965011
0.965393
0.965771
0.966145
0.966517
0.966885
0.967250
0.967611
0.967969
0.968324
0.968676
0.969024
0.969369
0.969711
0.970050
0.970386
0.970719
0.971048
0.971375
0.971698
0.972018
0.972336
0.972650
0.972961
0.973269
0.973575
0.973877
0.974176
0.974473
0.974767
0.975057
0.975345
