0.040600
0.092509
0.145850
0.175247
0.187037
0.195433
0.205004
0.215248
0.225123
0.234415
0.243194
0.251576
0.259696
0.267720
0.275872
0.284886
0.293855
0.297041
0.298980
0.300902
0.302818
0.304728
0.306632
0.308531
0.310424
0.312310
0.314192
0.316067
0.317937
0.319801
0.321660
0.323514
0.325362
0.327205
0.329043
0.330876
0.332703
0.334526
0.336344
0.338193
0.339843
0.341494
0.343141
0.344785
0.346426
0.348062
0.349695
0.351324
0.352949
0.354570
0.356188
0.357803
0.359414
0.361021
0.362625
0.364225
0.365822
0.367415
0.369006
0.370592
0.372176
0.373756
0.375333
0.376906
0.378477
0.380044
0.381608
0.383169
0.384726
0.386281
0.387832
0.389381
0.390926
0.392469
0.394008
0.395545
0.397079
0.398610
0.400138
0.401663
0.403185
0.404705
0.406222
0.407736
0.409247
0.410756
0.412262
0.413766
0.415267
0.416765
0.418261
0.419755
0.421246
0.422735
0.424221
0.425705
0.427186
0.428666
0.430143
0.431618
0.433090
0.434561
0.436029
0.437495
0.438960
0.440422
0.441882
0.443340
0.444796
0.446250
0.447703
0.449153
0.450602
0.452049
0.453494
0.454938
0.456380
0.457820
0.459258
0.460695
0.462131
0.463565
0.464997
0.466428
0.467858
0.469286
0.470713
0.472139
0.473563
0.474986
0.476408
0.477829
0.479248
0.480667
0.482084
0.483501
0.484916
0.486330
0.487744
0.489157
0.490568
0.491979
0.493390
0.494799
0.496208
0.497616
0.499023
0.500430
0.501836
0.503242
0.504647
0.506052
0.507456
0.508860
0.510264
0.511667
0.513070
0.514472
0.515875
0.517277
0.518679
0.520081
0.521483
0.522885
0.524287
0.525689
0.527091
0.528493
0.529895
0.531298
0.532700
0.534103
0.535506
0.536909
0.538313
0.539717
0.541121
0.542526
0.543931
0.545337
0.546743
0.548150
0.549558
0.550966
0.552375
0.553784
0.555194
0.556605
0.558017
0.559429
0.560842
0.562256
0.563671
0.565087
0.566504
0.567922
0.569341
0.570761
0.572182
0.573604
0.575027
0.576451
0.577877
0.579303
0.580731
0.582160
0.583591
0.585022
0.586455
0.587889
0.589325
0.590762
0.592201
0.593640
0.595082
0.596524
0.597969
0.599414
0.600862
0.602310
0.603761
0.605213
0.606666
0.608121
0.609578
0.611037
0.612497
0.613958
0.615422
0.616887
0.618354
0.619822
0.621292
0.622764
0.624238
0.625713
0.627191
0.628670
0.630150
0.631633
0.633117
0.634604
0.636092
0.637581
0.639073
0.640566
0.642061
0.643558
0.645057
0.646558
0.648060
0.649565
0.651071
0.652579
0.654088
0.655600
0.657113
0.658628
0.660145
0.661663
0.663184
0.664706
0.666230
0.667755
0.669282
0.670811
0.672342
0.673874
0.675408
0.676944
0.678481
0.680020
0.681560
0.683102
0.684646
0.686191
0.687737
0.689285
0.690834
0.692385
0.693938
0.695491
0.697046
0.698602
0.700160
0.701719
0.703279
0.704840
0.706403
0.707966
0.709531
0.711096
0.712663
0.714231
0.715799
0.717369
0.718939
0.720511
0.722083
0.723655
0.725229
0.726803
0.728378
0.729953
0.731529
0.733105
0.734682
0.736259
0.737836
0.739414
0.740991
0.742570
0.744148
0.745726
0.747304
0.748882
0.750460
0.752038
0.753616
0.755193
0.756770
0.758347
0.759923
0.761499
0.763074
0.764649
0.766222
0.767795
0.769367
0.770939
0.772509
0.774078
0.775646
0.777213
0.778779
0.780344
0.781907
0.783468
0.785028
0.786587
0.788144
0.789699
0.791252
0.792804
0.794353
0.795901
0.797446
0.798990
0.800531
0.802069
0.803606
0.805139
0.806671
0.808199
0.809725
0.811248
0.812769
0.814286
0.815801
0.817312
0.818820
0.820325
0.821827
0.823325
0.824819
0.826311
0.827798
0.829282
0.830762
0.832238
0.833710
0.835179
0.836643
0.838103
0.839558
0.841009
0.842456
0.843899
0.845337
0.846770
0.848198
0.849622
0.851041
0.852454
0.853863
0.855267
0.856665
0.858058
0.859446
0.860829
0.862206
0.863577
0.864943
0.866303
0.867658
0.869006
0.870349
0.871685
0.873016
0.874340
0.875659
0.876971
0.878276
0.879576
0.880868
0.882155
0.883434
0.884708
0.885974
0.887234
0.888486
0.889732
0.890971
0.892203
0.893428
0.894646
0.895857
0.897060
0.898256
0.899445
0.900626
0.901800
0.902967
0.904125
0.905277
0.906421
0.907557
0.908685
0.909805
0.910918
0.912023
0.913120
0.914209
0.915291
0.916364
0.917429
0.918486
0.919535
0.920576
0.921609
0.922633
0.923650
0.924658
0.925658
0.926649
0.927632
0.928607
0.929574
0.930532
0.931482
0.932424
0.933357
0.934281
0.935198
0.936105
0.937005
0.937895
0.938778
0.939652
0.940517
0.941374
0.942222
0.943062
0.943894
0.944717
0.945531
0.946338
0.947135
0.947924
0.948705
0.949477
0.950241
0.950996
0.951744
0.952482
0.953212
0.953934
0.954648
0.955353
0.956050
0.956739
0.957419
0.958092
0.958756
0.959412
0.960060
0.960699
0.961331
0.961954
0.962570
0.963178
0.963777
0.964369
0.964953
0.965529
0.966097
0.966658
0.967210
0.967756
0.968293
0.968823
0.969345
0.969860
0.970368
0.970868
0.971361
0.971846
0.972324
0.972795
0.973259
0.973716
0.974166
0.974608
0.975044
0.975473
0.975895
0.976310
0.976719
0.977121
0.977516
0.977905
0.978287
0.978663
0.979033
0.979396
0.979753
0.980104
0.980449
0.980787
0.981120
0.981447
0.981768
0.982083
0.982392
0.982696
0.982994
0.983286
0.983573
0.983855
0.984131
0.984402
0.984668
0.984928
0.985184
0.985434
0.985679
0.985920
0.986156
0.986386
0.986613
0.986834
0.987051
0.987263
0.987471
0.987675
0.987874
0.988069
0.988260
0.988446
0.988629
0.988807
0.988982
0.989152
0.989319
0.989482
0.989641
0.989797
0.989949
0.990098
0.990243
0.990384
0.990523
0.990658
0.990790
0.990918
0.991044
0.991166
0.991285
0.991402
0.991515
0.991626
0.991734
0.991839
0.991941
0.992041
0.992138
0.992233
0.992325
0.992415
0.992503
0.992588
0.992670
0.992751
0.992829
0.992906
0.992980
0.993052
0.993122
0.993190
0.993256
