0.011751
0.024939
0.039270
0.060585
0.097134
0.146876
0.197842
0.231344
0.252506
0.264426
0.270839
0.274534
0.277088
0.279233
0.281253
0.283243
0.285225
0.287204
0.289177
0.291145
0.293106
0.295061
0.297011
0.298954
0.300892
0.302824
0.304750
0.306670
0.308585
0.310494
0.312398
0.314296
0.316189
0.318076
0.319958
0.321835
0.323706
0.325572
0.327433
0.329346
0.331064
0.332762
0.334453
0.336139
0.337822
0.339499
0.341173
0.342842
0.344507
0.346168
0.347824
0.349477
0.351125
0.352768
0.354408
0.356044
0.357675
0.359302
0.360925
0.362544
0.364158
0.365769
0.367375
0.368978
0.370576
0.372170
0.373760
0.375347
0.376929
0.378507
0.380081
0.381651
0.383217
0.384779
0.386337
0.387891
0.389441
0.390987
0.392529
0.394068
0.395602
0.397132
0.398659
0.400182
0.401701
0.403215
0.404726
0.406234
0.407737
0.409237
0.410732
0.412224
0.413712
0.415197
0.416677
0.418154
0.419627
0.421096
0.422562
0.424024
0.425482
0.426936
0.428387
0.429834
0.431277
0.432716
0.434152
0.435585
0.437013
0.438438
0.439860
0.441277
0.442691
0.444102
0.445509
0.446912
0.448312
0.449708
0.451101
0.452490
0.453875
0.455257
0.456636
0.458011
0.459382
0.460750
0.462115
0.463476
0.464834
0.466188
0.467538
0.468886
0.470230
0.471570
0.472907
0.474240
0.475571
0.476897
0.478221
0.479541
0.480858
0.482171
0.483481
0.484788
0.486091
0.487391
0.488688
0.489981
0.491271
0.492558
0.493841
0.495122
0.496399
0.497673
0.498943
0.500210
0.501474
0.502735
0.503993
0.505247
0.506499
0.507747
0.508992
0.510233
0.511472
0.512707
0.513940
0.515169
0.516395
0.517618
0.518838
0.520054
0.521268
0.522478
0.523686
0.524890
0.526091
0.527290
0.528485
0.529677
0.530866
0.532052
0.533235
0.534415
0.535592
0.536766
0.537938
0.539106
0.540271
0.541433
0.542592
0.543748
0.544902
0.546052
0.547200
0.548344
0.549486
0.550625
0.551760
0.552893
0.554024
0.555151
0.556275
0.557397
0.558515
0.559631
0.560744
0.561854
0.562962
0.564066
0.565168
0.566267
0.567363
0.568456
0.569547
0.570634
0.571719
0.572802
0.573881
0.574958
0.576032
0.577103
0.578172
0.579238
0.580301
0.581362
0.582419
0.583475
0.584527
0.585577
0.586624
0.587668
0.588710
0.589749
0.590786
0.591820
0.592851
0.593880
0.594906
0.595929
0.596950
0.597968
0.598984
0.599997
0.601008
0.602016
0.603021
0.604024
0.605024
0.606022
0.607017
0.608010
0.609000
0.609988
0.610973
0.611956
0.612936
0.613914
0.614889
0.615862
0.616833
0.617800
0.618766
0.619729
0.620689
0.621648
0.622603
0.623557
0.624508
0.625456
0.626402
0.627346
0.628287
0.629226
0.630163
0.631097
0.632029
0.632958
0.633886
0.634810
0.635733
0.636653
0.637571
0.638486
0.639400
0.640310
0.641219
0.642125
0.643029
0.643931
0.644831
0.645728
0.646623
0.647515
0.648406
0.649294
0.650180
0.651064
0.651945
0.652825
0.653702
0.654577
0.655449
0.656320
0.657188
0.658054
0.658918
0.659780
0.660639
0.661497
0.662352
0.663205
0.664056
0.664905
0.665752
0.666596
0.667439
0.668279
0.669118
0.669954
0.670788
0.671620
0.672450
0.673278
0.674103
0.674927
0.675749
0.676568
0.677386
0.678201
0.679015
0.679826
0.680635
0.681443
0.682248
0.683051
0.683853
0.684652
0.685449
0.686245
0.687038
0.687829
0.688619
0.689406
0.690192
0.690975
0.691757
0.692537
0.693314
0.694090
0.694864
0.695636
0.696406
0.697174
0.697940
0.698704
0.699467
0.700227
0.700986
0.701743
0.702497
0.703250
0.704001
0.704751
0.705498
0.706244
0.706987
0.707729
0.708469
0.709208
0.709944
0.710679
0.711411
0.712142
0.712872
0.713599
0.714325
0.715048
0.715770
0.716491
0.717209
0.717926
0.718641
0.719354
0.720066
0.720775
0.721483
0.722190
0.722894
0.723597
0.724298
0.724997
0.725695
0.726391
0.727085
0.727778
0.728469
0.729158
0.729846
0.730531
0.731216
0.731898
0.732579
0.733258
0.733936
0.734612
0.735286
0.735959
0.736630
0.737299
0.737967
0.738633
0.739298
0.739961
0.740622
0.741282
0.741940
0.742597
0.743252
0.743905
0.744557
0.745207
0.745856
0.746503
0.747149
0.747793
0.748436
0.749077
0.749716
0.750354
0.750991
0.751626
0.752259
0.752891
0.753522
0.754151
0.754778
0.755404
0.756029
0.756652
0.757273
0.757893
0.758512
0.759129
0.759745
0.760359
0.760972
0.761583
0.762193
0.762802
0.763409
0.764014
0.764619
0.765221
0.765823
0.766423
0.767021
0.767619
0.768215
0.768809
0.769402
0.769994
0.770584
0.771173
0.771761
0.772347
0.772932
0.773515
0.774098
0.774679
0.775258
0.775836
0.776413
0.776989
0.777563
0.778136
0.778708
0.779278
0.779847
0.780415
0.780981
0.781546
0.782110
0.782673
0.783234
0.783794
0.784353
0.784911
0.785467
0.786022
0.786576
0.787128
0.787680
0.788230
0.788779
0.789326
0.789873
0.790418
0.790962
0.791505
0.792046
0.792587
0.793126
0.793664
0.794201
0.794736
0.795271
0.795804
0.796336
0.796867
0.797397
0.797926
0.798453
0.798980
0.799505
0.800029
0.800552
0.801074
0.801595
0.802114
0.802633
0.803150
0.803666
0.804181
0.804695
0.805208
0.805720
0.806231
0.806741
0.807249
0.807757
0.808263
0.808769
0.809273
0.809776
0.810279
0.810780
0.811280
0.811779
0.812277
0.812774
0.813270
0.813765
0.814259
0.814752
0.815244
0.815735
0.816225
0.816714
0.817202
0.817688
0.818174
0.818659
0.819143
0.819626
0.820108
0.820589
0.821069
0.821548
0.822026
0.822504
0.822980
0.823455
0.823929
0.824403
0.824875
0.825347
0.825817
0.826287
0.826756
0.827224
0.827691
0.828157
0.828622
0.829086
0.829549
0.830012
0.830473
0.830934
0.831393
0.831852
0.832310
0.832767
0.833224
0.833679
0.834134
0.834587
0.835040
0.835492
0.835943
0.836393
0.836843
0.837291
0.837739
0.838186
0.838632
0.839077
0.839522
0.839965
0.840408
