0.327833
0.403183
0.460887
0.504408
0.539336
0.568644
0.594018
0.616465
0.636639
0.655021
0.671964
0.687723
0.702491
0.716432
0.729684
0.742357
0.754525
0.766290
0.777784
0.789175
0.800722
0.813095
0.824991
0.831968
0.837118
0.842098
0.846977
0.851752
0.856420
0.860979
0.865425
0.869757
0.873972
0.878069
0.882047
0.885904
0.889640
0.893255
0.896747
0.900253
0.903486
0.906602
0.909600
0.912482
0.915247
0.917899
0.920437
0.922865
0.925183
0.927395
0.929502
0.931507
0.933412
0.935221
0.936936
0.938560
0.940096
0.941546
0.942915
0.944204
0.945417
0.946558
0.947628
0.948632
0.949571
0.950450
0.951271
0.952037
0.952751
0.953415
0.954032
0.954605
0.955136
0.955627
0.956082
0.956502
0.956889
0.957246
0.957574
0.957876
0.958153
0.958407
0.958639
0.958852
0.959046
0.959223
0.959384
0.959531
0.959664
0.959785
0.959895
0.959994
0.960083
0.960164
0.960238
0.960303
0.960363
0.960416
0.960463
0.960506
0.960544
0.960579
0.960609
0.960637
0.960661
0.960682
0.960702
0.960719
0.960734
0.960747
0.960759
0.960769
0.960779
0.960787
0.960794
0.960800
0.960806
0.960810
0.960815
0.960818
0.960822
0.960824
0.960827
0.960829
0.960831
0.960832
0.960834
0.960835
0.960836
0.960837
0.960838
0.960838
0.960839
0.960840
0.960840
0.960840
0.960841
0.960841
0.960841
0.960841
0.960842
0.960842
0.960842
0.960842
0.960842
0.960842
0.960842
0.960842
0.960842
0.960842
0.960842
0.960842
0.960842
0.960842
0.960842
0.960842
0.960842
0.960842
0.960842
0.960842
0.960842
0.960842
0.960842
0.960842
0.960842
0.960842
0.960842
0.960842
0.960842
0.960842
0.960842
0.960842
0.960842
0.960842
0.960842
0.960842
0.960842
0.960842
0.960842
0.960842
0.960843
0.960843
0.960843
0.960843
0.960843
0.960843
0.960843
0.960843
0.960843
0.960843
0.960843
0.960843
0.960843
0.960843
0.960843
0.960843
0.960843
0.960843
0.960843
0.960843
0.960843
0.960843
0.960843
0.960843
0.960843
0.960843
0.960843
0.960843
0.960843
0.960843
0.960843
0.960843
0.960843
0.960843
0.960843
0.960843
0.960843
0.960843
0.960843
0.960843
0.960843
0.960843
0.960843
0.960843
0.960843
0.960843
0.960843
0.960843
0.960843
0.960843
0.960843
0.960843
0.960843
0.960843
0.960843
0.960843
0.960843
0.960843
0.960843
0.960843
0.960843
0.960843
0.960843
0.960843
0.960843
0.960843
0.960843
0.960843
0.960843
0.960843
0.960843
0.960843
0.960843
0.960843
0.960843
0.960843
0.960843
0.960843
0.960843
0.960843
0.960843
0.960843
0.960843
0.960843
0.960843
0.960843
0.960843
0.960843
0.960843
0.960843
0.960843
0.960843
0.960843
0.960843
0.960843
0.960843
0.960843
0.960843
0.960843
0.960843
0.960843
0.960843
0.960843
0.960843
0.960843
0.960843
0.960843
0.960843
0.960843
0.960843
0.960843
0.960843
0.960843
0.960843
0.960843
0.960843
0.960843
0.960843
0.960843
0.960843
0.960843
0.960843
0.960843
0.960843
0.960843
0.960843
0.960843
0.960843
0.960843
0.960843
0.960843
0.960843
0.960843
0.960843
0.960843
0.960843
0.960843
0.960843
0.960843
0.960843
0.960843
0.960843
0.960843
0.960843
0.960843
0.960843
0.960843
0.960843
0.960843
0.960843
0.960843
0.960843
0.960843
0.960843
0.960843
0.960843
0.960843
0.960843
0.960843
0.960843
0.960843
0.960843
0.960843
0.960843
0.960843
0.960843
0.960843
0.960843
0.960843
0.960843
0.960843
0.960843
0.960843
0.960843
0.960843
0.960843
0.960843
0.960843
0.960843
0.960843
0.960843
0.960843
0.960843
0.960843
0.960843
0.960843
0.960843
0.960843
0.960843
0.960843
0.960843
0.960843
0.960843
0.960843
0.960843
0.960843
0.960843
0.960843
0.960843
0.960843
0.960843
0.960843
0.960843
0.960843
0.960843
0.960843
0.960843
0.960843
0.960843
0.960843
0.960843
0.960843
0.960843
0.960843
0.960843
0.960843
0.960843
0.960843
0.960843
0.960843
0.960843
0.960843
0.960843
0.960843
0.960843
0.960843
0.960843
0.960843
0.960843
0.960843
0.960843
0.960843
0.960843
0.960843
0.960843
0.960843
0.960843
0.960843
0.960843
0.960843
0.960843
0.960843
0.960843
0.960843
0.960843
0.960843
0.960843
0.960843
0.960843
0.960843
0.960843
0.960843
0.960843
0.960843
0.960843
0.960843
0.960843
0.960843
0.960843
0.960843
0.960843
0.960843
0.960843
0.960843
0.960843
0.960843
0.960843
0.960843
0.960843
0.960843
0.960843
0.960843
0.960843
0.960843
0.960843
0.960843
0.960843
0.960843
0.960843
0.960843
0.960843
0.960843
0.960843
0.960843
0.960843
0.960843
0.960843
0.960843
0.960843
0.960843
0.960843
0.960843
0.960843
0.960843
0.960843
0.960843
0.960843
0.960843
0.960843
0.960843
0.960843
0.960843
0.960843
0.960843
0.960843
0.960843
0.960843
0.960843
0.960843
0.960843
0.960843
0.960843
0.960843
0.960843
0.960843
0.960843
0.960843
0.960843
0.960843
0.960843
0.960843
0.960843
0.960843
0.960843
0.960843
0.960843
0.960843
0.960843
0.960843
0.960843
0.960843
0.960843
0.960843
0.960843
0.960843
0.960843
0.960843
0.960843
0.960843
0.960843
0.960843
0.960843
0.960843
0.960843
0.960843
0.960843
0.960843
0.960843
0.960843
0.960843
0.960843
0.960843
0.960843
0.960843
0.960843
0.960843
0.960843
0.960843
0.960843
0.960843
0.960843
0.960843
0.960843
0.960843
0.960843
0.960843
0.960843
0.960843
0.960843
0.960843
0.960843
0.960843
0.960843
0.960843
0.960843
0.960843
0.960843
0.960843
0.960843
0.960843
0.960843
0.960843
0.960843
0.960843
0.960843
0.960843
0.960843
0.960843
0.960843
0.960843
0.960843
0.960843
0.960843
0.960843
0.960843
0.960843
0.960843
0.960843
0.960843
0.960843
0.960843
0.960843
0.960843
0.960843
0.960843
0.960843
0.960843
0.960843
0.960843
0.960843
0.960843
0.960843
0.960843
0.960843
0.960843
0.960843
0.960843
0.960843
0.960843
0.960843
