0.040006
0.110373
0.157292
0.180216
0.194089
0.205305
0.215580
0.225273
0.234451
0.243154
0.251491
0.259597
0.267648
0.275904
0.285343
0.293171
0.295605
0.297549
0.299485
0.301415
0.303339
0.305257
0.307169
0.309075
0.310975
0.312868
0.314756
0.316638
0.318514
0.320384
0.322248
0.324106
0.325959
0.327806
0.329648
0.331484
0.333315
0.335141
0.336961
0.338823
0.340489
0.342146
0.343797
0.345444
0.347087
0.348725
0.350360
0.351990
0.353616
0.355237
0.356855
0.358468
0.360077
0.361682
0.363283
0.364880
0.366473
0.368061
0.369646
0.371227
0.372803
0.374376
0.375944
0.377509
0.379069
0.380626
0.382179
0.383727
0.385272
0.386813
0.388350
0.389883
0.391412
0.392937
0.394458
0.395976
0.397490
0.398999
0.400505
0.402008
0.403506
0.405000
0.406491
0.407978
0.409461
0.410941
0.412417
0.413889
0.415357
0.416821
0.418282
0.419739
0.421193
0.422643
0.424089
0.425531
0.426970
0.428405
0.429837
0.431265
0.432689
0.434110
0.435527
0.436941
0.438351
0.439758
0.441161
0.442560
0.443956
0.445349
0.446738
0.448123
0.449505
0.450884
0.452259
0.453630
0.454999
0.456363
0.457725
0.459083
0.460437
0.461788
0.463136
0.464481
0.465822
0.467160
0.468494
0.469825
0.471153
0.472478
0.473799
0.475117
0.476431
0.477743
0.479051
0.480356
0.481658
0.482956
0.484252
0.485544
0.486833
0.488118
0.489401
0.490680
0.491957
0.493230
0.494500
0.495767
0.497031
0.498291
0.499549
0.500804
0.502055
0.503304
0.504549
0.505792
0.507031
0.508268
0.509501
0.510731
0.511959
0.513183
0.514405
0.515624
0.516839
0.518052
0.519262
0.520469
0.521673
0.522875
0.524073
0.525268
0.526461
0.527651
0.528838
0.530022
0.531204
0.532382
0.533558
0.534731
0.535902
0.537070
0.538234
0.539397
0.540556
0.541713
0.542867
0.544019
0.545167
0.546313
0.547457
0.548598
0.549736
0.550872
0.552005
0.553135
0.554263
0.555389
0.556512
0.557632
0.558750
0.559865
0.560978
0.562088
0.563196
0.564301
0.565404
0.566505
0.567603
0.568699
0.569792
0.570883
0.571971
0.573057
0.574141
0.575223
0.576302
0.577379
0.578453
0.579525
0.580595
0.581663
0.582729
0.583792
0.584853
0.585912
0.586968
0.588023
0.589075
0.590125
0.591173
0.592219
0.593262
0.594304
0.595343
0.596381
0.597416
0.598450
0.599481
0.600510
0.601537
0.602562
0.603586
0.604607
0.605626
0.606644
0.607659
0.608673
0.609684
0.610694
0.611702
0.612708
0.613712
0.614714
0.615715
0.616713
0.617710
0.618705
0.619699
0.620690
0.621680
0.622669
0.623655
0.624640
0.625623
0.626604
0.627584
0.628562
0.629539
0.630514
0.631487
0.632459
0.633429
0.634398
0.635365
0.636331
0.637295
0.638258
0.639219
0.640179
0.641137
0.642094
0.643050
0.644004
0.644956
0.645908
0.646858
0.647807
0.648754
0.649700
0.650645
0.651589
0.652531
0.653472
0.654412
0.655351
0.656288
0.657225
0.658160
0.659094
0.660027
0.660959
0.661889
0.662819
0.663748
0.664675
0.665602
0.666527
0.667452
0.668376
0.669298
0.670220
0.671141
0.672061
0.672979
0.673898
0.674815
0.675731
0.676647
0.677561
0.678475
0.679388
0.680301
0.681213
0.682123
0.683034
0.683943
0.684852
0.685760
0.686668
0.687574
0.688481
0.689386
0.690291
0.691196
0.692100
0.693003
0.693906
0.694809
0.695711
0.696612
0.697513
0.698414
0.699314
0.700213
0.701113
0.702012
0.702910
0.703809
0.704707
0.705604
0.706502
0.707399
0.708295
0.709192
0.710088
0.710984
0.711880
0.712776
0.713671
0.714567
0.715462
0.716357
0.717252
0.718147
0.719042
0.719937
0.720831
0.721726
0.722621
0.723515
0.724410
0.725304
0.726199
0.727094
0.727989
0.728883
0.729778
0.730673
0.731569
0.732464
0.733359
0.734255
0.735151
0.736047
0.736943
0.737839
0.738736
0.739632
0.740529
0.741427
0.742324
0.743222
0.744120
0.745018
0.745917
0.746816
0.747715
0.748615
0.749515
0.750415
0.751316
0.752217
0.753118
0.754020
0.754922
0.755825
0.756728
0.757632
0.758536
0.759440
0.760345
0.761250
0.762156
0.763062
0.763969
0.764876
0.765784
0.766692
0.767601
0.768510
0.769420
0.770330
0.771241
0.772152
0.773064
0.773976
0.774889
0.775802
0.776716
0.777631
0.778546
0.779462
0.780378
0.781294
0.782212
0.783129
0.784048
0.784967
0.785886
0.786806
0.787727
0.788648
0.789569
0.790492
0.791414
0.792338
0.793261
0.794186
0.795111
0.796036
0.796962
0.797888
0.798815
0.799743
0.800671
0.801599
0.802528
0.803458
0.804387
0.805318
0.806248
0.807180
0.808111
0.809043
0.809976
0.810909
0.811842
0.812776
0.813710
0.814644
0.815579
0.816514
0.817450
0.818385
0.819321
0.820258
0.821194
0.822131
0.823068
0.824005
0.824943
0.825881
0.826818
0.827756
0.828695
0.829633
0.830571
0.831510
0.832448
0.833386
0.834325
0.835264
0.836202
0.837140
0.838079
0.839017
0.839955
0.840893
0.841831
0.842769
0.843706
0.844644
0.845581
0.846517
0.847454
0.848390
0.849325
0.850261
0.851196
0.852130
0.853064
0.853997
0.854930
0.855863
0.856794
0.857725
0.858656
0.859586
0.860515
0.861443
0.862371
0.863297
0.864223
0.865148
0.866072
0.866995
0.867918
0.868839
0.869759
0.870678
0.871596
0.872512
0.873428
0.874342
0.875255
0.876167
0.877078
0.877987
0.878894
0.879801
0.880705
0.881609
0.882510
0.883410
0.884309
0.885206
0.886101
0.886994
0.887885
0.888775
0.889663
0.890549
0.891433
0.892315
0.893195
0.894073
0.894949
0.895822
0.896694
0.897563
0.898430
0.899295
0.900157
0.901017
0.901874
0.902729
0.903582
0.904432
0.905279
0.906124
0.906966
0.907805
0.908642
0.909476
0.910307
0.911135
0.911960
0.912782
0.913602
0.914418
0.915231
0.916041
0.916848
0.917652
0.918452
0.919249
0.920043
0.920834
0.921621
0.922405
0.923185
0.923962
0.924736
0.925505
0.926271
0.927034
0.927793
0.928548
0.929299
