0.010866
0.023110
0.035760
0.049112
0.063839
0.081007
0.091229
0.102226
0.114697
0.128997
0.145607
0.165190
0.188804
0.218220
0.254625
0.292836
0.315997
0.310009
0.290809
0.282819
0.283629
0.285624
0.287646
0.289666
0.291684
0.293702
0.295718
0.297733
0.299747
0.301759
0.303770
0.305781
0.307790
0.309798
0.311806
0.313813
0.315819
0.317825
0.319831
0.321866
0.323689
0.325526
0.327367
0.329208
0.331051
0.332895
0.334740
0.336587
0.338435
0.340285
0.342136
0.343990
0.345845
0.347702
0.349562
0.351423
0.353287
0.355153
0.357022
0.358893
0.360767
0.362644
0.364523
0.366406
0.368291
0.370180
0.372072
0.373967
0.375865
0.377767
0.379672
0.381581
0.383494
0.385410
0.387330
0.389254
0.391182
0.393114
0.395051
0.396991
0.398935
0.400884
0.402837
0.404795
0.406757
0.408724
0.410695
0.412671
0.414651
0.416636
0.418626
0.420621
0.422620
0.424625
0.426634
0.428649
0.430668
0.432692
0.434721
0.436756
0.438795
0.440840
0.442889
0.444944
0.447004
0.449069
0.451139
0.453214
0.455295
0.457380
0.459471
0.461567
0.463668
0.465774
0.467886
0.470002
0.472123
0.474250
0.476381
0.478518
0.480659
0.482806
0.484957
0.487113
0.489274
0.491440
0.493611
0.495786
0.497966
0.500150
0.502339
0.504533
0.506731
0.508934
0.511140
0.513351
0.515567
0.517786
0.520009
0.522237
0.524468
0.526703
0.528942
0.531185
0.533431
0.535680
0.537934
0.540190
0.542450
0.544713
0.546978
0.549247
0.551519
0.553794
0.556071
0.558351
0.560633
0.562918
0.565204
0.567493
0.569784
0.572078
0.574372
0.576669
0.578967
0.581267
0.583568
0.585870
0.588173
0.590478
0.592783
0.595089
0.597396
0.599703
0.602011
0.604319
0.606627
0.608935
0.611243
0.613551
0.615859
0.618166
0.620472
0.622778
0.625083
0.627387
0.629690
0.631992
0.634292
0.636591
0.638888
0.641183
0.643477
0.645768
0.648058
0.650345
0.652629
0.654912
0.657191
0.659468
0.661742
0.664013
0.666280
0.668545
0.670806
0.673063
0.675317
0.677567
0.679813
0.682055
0.684293
0.686527
0.688756
0.690981
0.693201
0.695416
0.697626
0.699832
0.702032
0.704227
0.706417
0.708601
0.710780
0.712953
0.715120
0.717282
0.719437
0.721586
0.723729
0.725866
0.727996
0.730120
0.732237
0.734347
0.736451
0.738547
0.740637
0.742719
0.744794
0.746862
0.748922
0.750975
0.753020
0.755058
0.757088
0.759110
0.761124
0.763130
0.765128
0.767118
0.769099
0.771073
0.773037
0.774994
0.776941
0.778881
0.780811
0.782733
0.784646
0.786549
0.788444
0.790330
0.792207
0.794075
0.795934
0.797783
0.799623
0.801453
0.803275
0.805086
0.806888
0.808681
0.810464
0.812237
0.814001
0.815755
0.817499
0.819233
0.820958
0.822672
0.824377
0.826072
0.827756
0.829431
0.831095
0.832750
0.834394
0.836029
0.837653
0.839267
0.840870
0.842464
0.844047
0.845620
0.847183
0.848735
0.850277
0.851809
0.853331
0.854842
0.856343
0.857834
0.859314
0.860784
0.862243
0.863692
0.865131
0.866560
0.867978
0.869386
0.870783
0.872170
0.873547
0.874913
0.876269
0.877615
0.878951
0.880276
0.881591
0.882896
0.884191
0.885475
0.886749
0.888013
0.889267
0.890510
0.891744
0.892967
0.894181
0.895384
0.896577
0.897761
0.898934
0.900098
0.901251
0.902395
0.903528
0.904652
0.905766
0.906871
0.907965
0.909050
0.910125
0.911191
0.912247
0.913294
0.914331
0.915358
0.916376
0.917385
0.918384
0.919374
0.920355
0.921326
0.922288
0.923242
0.924186
0.925120
0.926046
0.926963
0.927871
0.928770
0.929661
0.930542
0.931415
0.932279
0.933134
0.933981
0.934819
0.935649
0.936470
0.937282
0.938087
0.938883
0.939671
0.940450
0.941222
0.941985
0.942740
0.943488
0.944227
0.944958
0.945682
0.946398
0.947106
0.947806
0.948498
0.949184
0.949861
0.950531
0.951194
0.951849
0.952497
0.953137
0.953771
0.954397
0.955016
0.955628
0.956233
0.956831
0.957422
0.958007
0.958584
0.959155
0.959719
0.960277
0.960827
0.961372
0.961910
0.962441
0.962966
0.963485
0.963998
0.964504
0.965005
0.965499
0.965987
0.966469
0.966945
0.967416
0.967880
0.968339
0.968792
0.969239
0.969681
0.970117
0.970547
0.970973
0.971392
0.971807
0.972216
0.972620
0.973018
0.973412
0.973800
0.974183
0.974561
0.974935
0.975303
0.975667
0.976025
0.976379
0.976728
0.977073
0.977413
0.977748
0.978079
0.978406
0.978728
0.979045
0.979358
0.979667
0.979972
0.980272
0.980569
0.980861
0.981149
0.981433
0.981714
0.981990
0.982262
0.982531
0.982795
0.983056
0.983314
0.983567
0.983817
0.984064
0.984306
0.984546
0.984782
0.985014
0.985243
0.985469
0.985691
0.985910
0.986126
0.986339
0.986548
0.986755
0.986958
0.987159
0.987356
0.987550
0.987742
0.987930
0.988116
0.988299
0.988479
0.988657
0.988831
0.989003
0.989173
0.989339
0.989503
0.989665
0.989824
0.989981
0.990135
0.990287
0.990436
0.990583
0.990728
0.990870
0.991010
0.991148
0.991284
0.991418
0.991549
0.991678
0.991806
0.991931
0.992054
0.992175
0.992294
0.992412
0.992527
0.992640
0.992752
0.992862
0.992970
0.993076
0.993180
0.993283
0.993384
0.993483
0.993581
0.993677
0.993771
0.993864
0.993955
0.994045
0.994133
0.994219
0.994305
0.994388
0.994471
0.994551
0.994631
0.994709
0.994786
0.994861
0.994935
0.995008
0.995079
0.995150
0.995219
0.995287
0.995353
0.995419
0.995483
0.995546
0.995608
0.995669
0.995729
0.995788
0.995845
0.995902
0.995958
0.996012
0.996066
0.996119
0.996171
0.996221
0.996271
0.996320
0.996368
0.996415
0.996462
0.996507
0.996552
0.996596
0.996639
0.996681
0.996722
0.996763
0.996803
0.996842
0.996880
0.996918
0.996955
0.996991
0.997026
0.997061
0.997095
0.997129
0.997162
0.997194
0.997226
0.997257
0.997287
0.997317
0.997346
0.997375
0.997403
0.997431
0.997458
0.997485
0.997511
0.997536
