0.019130
0.071519
0.143333
0.192506
0.218794
0.233458
0.243566
0.252167
0.260447
0.269259
0.279340
0.282587
0.284579
0.286563
0.288542
0.290515
0.292481
0.294441
0.296395
0.298343
0.300285
0.302221
0.304150
0.306073
0.307991
0.309902
0.311808
0.313708
0.315602
0.317491
0.319374
0.321251
0.323123
0.324989
0.326850
0.328706
0.330556
0.332401
0.334241
0.336131
0.337827
0.339505
0.341177
0.342844
0.344507
0.346165
0.347819
0.349469
0.351115
0.352756
0.354393
0.356026
0.357655
0.359280
0.360900
0.362516
0.364129
0.365737
0.367341
0.368941
0.370537
0.372128
0.373716
0.375300
0.376879
0.378455
0.380027
0.381594
0.383158
0.384717
0.386273
0.387825
0.389373
0.390916
0.392456
0.393992
0.395524
0.397052
0.398577
0.400097
0.401613
0.403126
0.404635
0.406140
0.407641
0.409138
0.410632
0.412121
0.413607
0.415089
0.416567
0.418042
0.419513
0.420980
0.422443
0.423903
0.425358
0.426811
0.428259
0.429704
0.431145
0.432582
0.434016
0.435446
0.436873
0.438295
0.439715
0.441130
0.442542
0.443950
0.445355
0.446757
0.448154
0.449548
0.450939
0.452326
0.453709
0.455089
0.456466
0.457839
0.459208
0.460574
0.461936
0.463295
0.464651
0.466003
0.467352
0.468697
0.470039
0.471377
0.472712
0.474043
0.475372
0.476696
0.478018
0.479336
0.480650
0.481962
0.483270
0.484574
0.485876
0.487174
0.488469
0.489760
0.491048
0.492333
0.493615
0.494893
0.496168
0.497440
0.498708
0.499974
0.501236
0.502495
0.503750
0.505003
0.506252
0.507498
0.508741
0.509981
0.511218
0.512451
0.513682
0.514909
0.516133
0.517354
0.518572
0.519787
0.520998
0.522207
0.523412
0.524615
0.525814
0.527011
0.528204
0.529394
0.530581
0.531766
0.532947
0.534125
0.535300
0.536472
0.537642
0.538808
0.539971
0.541131
0.542289
0.543443
0.544595
0.545743
0.546889
0.548031
0.549171
0.550308
0.551442
0.552573
0.553701
0.554827
0.555949
0.557069
0.558186
0.559300
0.560411
0.561519
0.562625
0.563727
0.564827
0.565924
0.567018
0.568110
0.569198
0.570284
0.571368
0.572448
0.573526
0.574601
0.575673
0.576742
0.577809
0.578873
0.579934
0.580993
0.582049
0.583102
0.584153
0.585200
0.586246
0.587288
0.588328
0.589365
0.590400
0.591432
0.592461
0.593488
0.594512
0.595534
0.596553
0.597569
0.598583
0.599594
0.600603
0.601609
0.602612
0.603613
0.604612
0.605608
0.606601
0.607592
0.608580
0.609566
0.610549
0.611530
0.612508
0.613484
0.614457
0.615428
0.616397
0.617363
0.618326
0.619287
0.620246
0.621202
0.622156
0.623107
0.624056
0.625003
0.625947
0.626888
0.627828
0.628765
0.629699
0.630631
0.631561
0.632489
0.633414
0.634336
0.635257
0.636175
0.637091
0.638004
0.638915
0.639824
0.640731
0.641635
0.642537
0.643436
0.644334
0.645229
0.646122
0.647012
0.647901
0.648787
0.649671
0.650552
0.651431
0.652309
0.653183
0.654056
0.654927
0.655795
0.656661
0.657525
0.658387
0.659246
0.660104
0.660959
0.661812
0.662663
0.663511
0.664358
0.665202
0.666045
0.666885
0.667723
0.668559
0.669393
0.670225
0.671054
0.671882
0.672707
0.673531
0.674352
0.675171
0.675989
0.676804
0.677617
0.678428
0.679237
0.680044
0.680849
0.681652
0.682452
0.683251
0.684048
0.684843
0.685636
0.686427
0.687216
0.688003
0.688788
0.689570
0.690351
0.691131
0.691908
0.692683
0.693456
0.694227
0.694997
0.695764
0.696529
0.697293
0.698055
0.698814
0.699572
0.700328
0.701082
0.701835
0.702585
0.703333
0.704080
0.704825
0.705568
0.706309
0.707048
0.707785
0.708521
0.709254
0.709986
0.710716
0.711444
0.712171
0.712895
0.713618
0.714339
0.715058
0.715776
0.716491
0.717205
0.717917
0.718628
0.719336
0.720043
0.720748
0.721452
0.722153
0.722853
0.723551
0.724248
0.724943
0.725636
0.726327
0.727017
0.727705
0.728391
0.729075
0.729758
0.730439
0.731119
0.731797
0.732473
0.733148
0.733821
0.734492
0.735162
0.735830
0.736496
0.737161
0.737824
0.738485
0.739145
0.739804
0.740460
0.741115
0.741769
0.742421
0.743071
0.743720
0.744367
0.745013
0.745657
0.746300
0.746941
0.747580
0.748218
0.748855
0.749490
0.750123
0.750755
0.751385
0.752014
0.752641
0.753267
0.753892
0.754514
0.755136
0.755756
0.756374
0.756991
0.757607
0.758221
0.758833
0.759444
0.760054
0.760662
0.761269
0.761875
0.762479
0.763081
0.763683
0.764282
0.764881
0.765478
0.766073
0.766667
0.767260
0.767852
0.768442
0.769030
0.769618
0.770204
0.770788
0.771372
0.771954
0.772534
0.773114
0.773692
0.774268
0.774844
0.775418
0.775990
0.776562
0.777132
0.777701
0.778268
0.778834
0.779399
0.779963
0.780525
0.781087
0.781647
0.782205
0.782763
0.783319
0.783874
0.784428
0.784980
0.785531
0.786081
0.786630
0.787178
0.787724
0.788270
0.788814
0.789356
0.789898
0.790439
0.790978
0.791516
0.792053
0.792589
0.793124
0.793657
0.794190
0.794721
0.795251
0.795780
0.796308
0.796835
0.797361
0.797885
0.798409
0.798931
0.799452
0.799973
0.800492
0.801010
0.801527
0.802043
0.802558
0.803071
0.803584
0.804096
0.804607
0.805116
0.805625
0.806132
0.806639
0.807145
0.807649
0.808153
0.808655
0.809157
0.809657
0.810157
0.810656
0.811153
0.811650
0.812146
0.812640
0.813134
0.813627
0.814119
0.814610
0.815100
0.815589
0.816077
0.816564
0.817051
0.817536
0.818021
0.818504
0.818987
0.819469
0.819950
0.820430
0.820909
0.821387
0.821865
0.822342
0.822817
0.823292
0.823766
0.824240
0.824712
0.825184
0.825654
0.826124
0.826594
0.827062
0.827529
0.827996
0.828462
0.828927
0.829392
0.829855
0.830318
0.830780
0.831241
0.831702
0.832162
0.832621
0.833079
0.833537
0.833993
0.834449
0.834905
0.835359
0.835813
0.836267
0.836719
0.837171
0.837622
0.838073
0.838522
0.838971
0.839420
0.839868
0.840315
0.840761
0.841207
