0.011427
0.021784
0.026596
0.031467
0.036503
0.041799
0.047442
0.053507
0.060080
0.067271
0.075210
0.084051
0.093972
0.105201
0.118053
0.132944
0.150421
0.171240
0.196597
0.228434
0.269959
0.326533
0.405779
0.494226
0.506320
0.463594
0.455315
0.459071
0.463488
0.468019
0.472645
0.477356
0.482143
0.486998
0.491918
0.496897
0.501931
0.507016
0.512151
0.517489
0.522556
0.527682
0.532853
0.538065
0.543316
0.548603
0.553923
0.559274
0.564653
0.570057
0.575484
0.580932
0.586397
0.591878
0.597372
0.602875
0.608387
0.613904
0.619424
0.624945
0.630463
0.635977
0.641484
0.646982
0.652469
0.657941
0.663398
0.668836
0.674253
0.679648
0.685018
0.690360
0.695674
0.700957
0.706207
0.711422
0.716601
0.721741
0.726842
0.731900
0.736916
0.741886
0.746811
0.751688
0.756516
0.761293
0.766020
0.770694
0.775314
0.779880
0.784390
0.788844
0.793241
0.797580
0.801861
0.806082
0.810244
0.814346
0.818387
0.822367
0.826286
0.830143
0.833939
0.837672
0.841344
0.844954
0.848502
0.851988
0.855413
0.858776
0.862077
0.865318
0.868497
0.871616
0.874675
0.877674
0.880614
0.883495
0.886318
0.889082
0.891790
0.894441
0.897036
0.899575
0.902059
0.904489
0.906866
0.909190
0.911462
0.913683
0.915853
0.917973
0.920044
0.922067
0.924042
0.925971
0.927854
0.929691
0.931484
0.933234
0.934941
0.936606
0.938229
0.939812
0.941356
0.942861
0.944328
0.945758
0.947151
0.948509
0.949831
0.951120
0.952375
0.953597
0.954788
0.955947
0.957076
0.958175
0.959245
0.960286
0.961300
0.962286
0.963247
0.964181
0.965091
0.965975
0.966836
0.967674
0.968489
0.969282
0.970053
0.970803
0.971533
0.972243
0.972933
0.973605
0.974258
0.974893
0.975511
0.976111
0.976696
0.977264
0.977816
0.978354
0.978876
0.979384
0.979879
0.980359
0.980827
0.981281
0.981723
0.982153
0.982571
0.982978
0.983373
0.983757
0.984131
0.984495
0.984849
0.985193
0.985528
0.985854
0.986170
0.986478
0.986778
0.987070
0.987353
0.987629
0.987898
0.988159
0.988413
0.988661
0.988902
0.989136
0.989364
0.989586
0.989802
0.990012
0.990217
0.990416
0.990610
0.990799
0.990983
0.991162
0.991337
0.991506
0.991672
0.991833
0.991990
0.992143
0.992291
0.992436
0.992578
0.992715
0.992850
0.992980
0.993108
0.993232
0.993353
0.993471
0.993586
0.993698
0.993807
0.993914
0.994018
0.994119
0.994218
0.994314
0.994408
0.994500
0.994590
0.994677
0.994762
0.994845
0.994926
0.995005
0.995083
0.995158
0.995231
0.995303
0.995373
0.995442
0.995509
0.995574
0.995638
0.995700
0.995761
0.995820
0.995878
0.995935
0.995990
0.996044
0.996097
0.996148
0.996199
0.996248
0.996296
0.996344
0.996390
0.996435
0.996479
0.996522
0.996564
0.996605
0.996645
0.996684
0.996723
0.996761
0.996797
0.996833
0.996869
0.996903
0.996937
0.996970
0.997002
0.997034
0.997065
0.997095
0.997125
0.997154
0.997182
0.997210
0.997237
0.997264
0.997290
0.997316
0.997341
0.997365
0.997389
0.997413
0.997436
0.997458
0.997480
0.997502
0.997523
0.997544
0.997565
0.997585
0.997604
0.997623
0.997642
0.997661
0.997679
0.997697
0.997714
0.997731
0.997748
0.997764
0.997780
0.997796
0.997811
0.997827
0.997842
0.997856
0.997870
0.997884
0.997898
0.997912
0.997925
0.997938
0.997951
0.997963
0.997976
0.997988
0.998000
0.998011
0.998023
0.998034
0.998045
0.998056
0.998066
0.998077
0.998087
0.998097
0.998107
0.998116
0.998126
0.998135
0.998144
0.998153
0.998162
0.998171
0.998179
0.998188
0.998196
0.998204
0.998212
0.998220
0.998228
0.998235
0.998243
0.998250
0.998257
0.998264
0.998271
0.998278
0.998284
0.998291
0.998297
0.998304
0.998310
0.998316
0.998322
0.998328
0.998334
0.998340
0.998345
0.998351
0.998356
0.998361
0.998367
0.998372
0.998377
0.998382
0.998387
0.998392
0.998396
0.998401
0.998406
0.998410
0.998415
0.998419
0.998423
0.998428
0.998432
0.998436
0.998440
0.998444
0.998448
0.998452
0.998456
0.998459
0.998463
0.998467
0.998470
0.998474
0.998477
0.998480
0.998484
0.998487
0.998490
0.998493
0.998497
0.998500
0.998503
0.998506
0.998509
0.998512
0.998514
0.998517
0.998520
0.998523
0.998525
0.998528
0.998531
0.998533
0.998536
0.998538
0.998541
0.998543
0.998545
0.998548
0.998550
0.998552
0.998554
0.998557
0.998559
0.998561
0.998563
0.998565
0.998567
0.998569
0.998571
0.998573
0.998575
0.998577
0.998579
0.998581
0.998582
0.998584
0.998586
0.998588
0.998589
0.998591
0.998593
0.998594
0.998596
0.998597
0.998599
0.998601
0.998602
0.998604
0.998605
0.998606
0.998608
0.998609
0.998611
0.998612
0.998613
0.998615
0.998616
0.998617
0.998619
0.998620
0.998621
0.998622
0.998624
0.998625
0.998626
0.998627
0.998628
0.998629
0.998630
0.998631
0.998633
0.998634
0.998635
0.998636
0.998637
0.998638
0.998639
0.998640
0.998641
0.998642
0.998642
0.998643
0.998644
0.998645
0.998646
0.998647
0.998648
0.998649
0.998650
0.998650
0.998651
0.998652
0.998653
0.998654
0.998654
0.998655
0.998656
0.998657
0.998657
0.998658
0.998659
0.998659
0.998660
0.998661
0.998661
0.998662
0.998663
0.998663
0.998664
0.998665
0.998665
0.998666
0.998666
0.998667
0.998668
0.998668
0.998669
0.998669
0.998670
0.998670
0.998671
0.998671
0.998672
0.998673
0.998673
0.998674
0.998674
0.998675
0.998675
0.998675
0.998676
0.998676
0.998677
0.998677
0.998678
0.998678
0.998679
0.998679
0.998680
0.998680
0.998680
0.998681
0.998681
0.998682
0.998682
0.998682
0.998683
0.998683
0.998683
0.998684
0.998684
0.998685
0.998685
0.998685
0.998686
0.998686
0.998686
0.998687
0.998687
0.998687
0.998688
0.998688
0.998688
0.998688
0.998689
0.998689
0.998689
0.998690
0.998690
0.998690
0.998691
0.998691
0.998691
0.998691
0.998692
0.998692
