0.011725
0.024875
0.038373
0.052504
0.067617
0.084560
0.104500
0.120735
0.143777
0.174889
0.209567
0.240107
0.261106
0.272274
0.276895
0.278728
0.280089
0.281743
0.283648
0.285617
0.287585
0.289548
0.291504
0.293454
0.295399
0.297338
0.299271
0.301198
0.303120
0.305037
0.306948
0.308853
0.310753
0.312648
0.314537
0.316421
0.318300
0.320174
0.322042
0.323954
0.325666
0.327367
0.329063
0.330754
0.332442
0.334125
0.335804
0.337478
0.339149
0.340815
0.342477
0.344135
0.345788
0.347438
0.349083
0.350725
0.352362
0.353995
0.355624
0.357249
0.358870
0.360487
0.362100
0.363709
0.365313
0.366914
0.368511
0.370104
0.371693
0.373278
0.374860
0.376437
0.378010
0.379580
0.381145
0.382707
0.384265
0.385819
0.387369
0.388916
0.390459
0.391998
0.393533
0.395064
0.396592
0.398116
0.399636
0.401152
0.402665
0.404175
0.405680
0.407182
0.408680
0.410175
0.411666
0.413153
0.414637
0.416117
0.417594
0.419067
0.420537
0.422003
0.423465
0.424924
0.426380
0.427832
0.429281
0.430726
0.432168
0.433606
0.435041
0.436473
0.437901
0.439326
0.440747
0.442166
0.443581
0.444992
0.446400
0.447805
0.449207
0.450605
0.452001
0.453393
0.454781
0.456167
0.457549
0.458928
0.460304
0.461677
0.463047
0.464413
0.465777
0.467137
0.468494
0.469849
0.471200
0.472548
0.473893
0.475235
0.476574
0.477910
0.479243
0.480573
0.481900
0.483224
0.484545
0.485864
0.487179
0.488492
0.489801
0.491108
0.492412
0.493713
0.495011
0.496306
0.497599
0.498889
0.500176
0.501460
0.502742
0.504020
0.505296
0.506570
0.507840
0.509108
0.510374
0.511636
0.512896
0.514154
0.515408
0.516660
0.517910
0.519157
0.520401
0.521643
0.522882
0.524119
0.525353
0.526585
0.527814
0.529041
0.530265
0.531487
0.532706
0.533923
0.535138
0.536350
0.537560
0.538767
0.539972
0.541175
0.542375
0.543573
0.544769
0.545962
0.547153
0.548342
0.549528
0.550712
0.551894
0.553074
0.554252
0.555427
0.556600
0.557771
0.558940
0.560107
0.561271
0.562433
0.563594
0.564752
0.565908
0.567062
0.568214
0.569363
0.570511
0.571657
0.572801
0.573942
0.575082
0.576220
0.577355
0.578489
0.579621
0.580751
0.581879
0.583005
0.584129
0.585251
0.586371
0.587490
0.588606
0.589721
0.590834
0.591945
0.593054
0.594161
0.595267
0.596371
0.597473
0.598573
0.599672
0.600768
0.601863
0.602957
0.604048
0.605138
0.606227
0.607313
0.608398
0.609481
0.610563
0.611643
0.612721
0.613798
0.614873
0.615946
0.617018
0.618088
0.619157
0.620224
0.621290
0.622354
0.623416
0.624477
0.625537
0.626595
0.627651
0.628706
0.629760
0.630812
0.631862
0.632912
0.633959
0.635006
0.636050
0.637094
0.638136
0.639177
0.640216
0.641254
0.642290
0.643326
0.644359
0.645392
0.646423
0.647453
0.648481
0.649508
0.650534
0.651559
0.652582
0.653604
0.654625
0.655644
0.656662
0.657679
0.658695
0.659709
0.660723
0.661735
0.662745
0.663755
0.664763
0.665770
0.666776
0.667781
0.668785
0.669787
0.670788
0.671788
0.672787
0.673785
0.674782
0.675777
0.676772
0.677765
0.678757
0.679748
0.680738
0.681727
0.682714
0.683701
0.684686
0.685671
0.686654
0.687636
0.688617
0.689598
0.690577
0.691555
0.692532
0.693507
0.694482
0.695456
0.696429
0.697401
0.698371
0.699341
0.700310
0.701277
0.702244
0.703209
0.704174
0.705138
0.706100
0.707062
0.708022
0.708982
0.709940
0.710898
0.711855
0.712810
0.713765
0.714718
0.715671
0.716623
0.717573
0.718523
0.719472
0.720420
0.721366
0.722312
0.723257
0.724201
0.725144
0.726086
0.727027
0.727967
0.728906
0.729844
0.730781
0.731717
0.732653
0.733587
0.734520
0.735452
0.736384
0.737314
0.738244
0.739172
0.740100
0.741026
0.741952
0.742876
0.743800
0.744723
0.745644
0.746565
0.747485
0.748404
0.749321
0.750238
0.751154
0.752069
0.752983
0.753896
0.754808
0.755719
0.756628
0.757537
0.758445
0.759352
0.760258
0.761163
0.762067
0.762970
0.763872
0.764773
0.765673
0.766572
0.767469
0.768366
0.769262
0.770157
0.771051
0.771943
0.772835
0.773725
0.774615
0.775503
0.776391
0.777277
0.778163
0.779047
0.779930
0.780812
0.781693
0.782573
0.783451
0.784329
0.785206
0.786081
0.786956
0.787829
0.788701
0.789572
0.790442
0.791310
0.792178
0.793044
0.793909
0.794774
0.795636
0.796498
0.797359
0.798218
0.799076
0.799933
0.800789
0.801643
0.802497
0.803349
0.804200
0.805049
0.805898
0.806745
0.807591
0.808436
0.809279
0.810121
0.810962
0.811801
0.812640
0.813477
0.814312
0.815146
0.815979
0.816811
0.817641
0.818470
0.819298
0.820124
0.820949
0.821773
0.822595
0.823416
0.824235
0.825053
0.825870
0.826685
0.827499
0.828311
0.829122
0.829931
0.830739
0.831546
0.832351
0.833154
0.833956
0.834757
0.835556
0.836353
0.837149
0.837944
0.838737
0.839528
0.840318
0.841107
0.841893
0.842679
0.843462
0.844244
0.845025
0.845804
0.846581
0.847356
0.848130
0.848903
0.849673
0.850443
0.851210
0.851976
0.852740
0.853502
0.854263
0.855022
0.855779
0.856535
0.857289
0.858041
0.858791
0.859540
0.860287
0.861032
0.861775
0.862517
0.863256
0.863994
0.864730
0.865465
0.866197
0.866928
0.867657
0.868384
0.869109
0.869833
0.870554
0.871274
0.871992
0.872707
0.873421
0.874133
0.874844
0.875552
0.876258
0.876962
0.877665
0.878365
0.879064
0.879761
0.880455
0.881148
0.881838
0.882527
0.883214
0.883898
0.884581
0.885262
0.885940
0.886617
0.887291
0.887964
0.888634
0.889303
0.889969
0.890633
0.891296
0.891956
0.892614
0.893270
0.893923
0.894575
0.895225
0.895872
0.896517
0.897161
0.897802
0.898441
0.899077
0.899712
0.900344
0.900975
0.901603
0.902229
0.902852
0.903474
0.904093
0.904711
0.905326
0.905938
0.906549
0.907157
0.907763
0.908367
0.908969
0.909568
0.910165
0.910760
