0.072095
0.161569
0.275845
0.381796
0.260168
0.249451
0.265308
0.279917
0.293491
0.306213
0.318245
0.329723
0.340739
0.351378
0.361767
0.372052
0.382429
0.393261
0.405339
0.414395
0.419338
0.423964
0.428641
0.433368
0.438146
0.442974
0.447850
0.452774
0.457746
0.462763
0.467826
0.472933
0.478082
0.483274
0.488506
0.493778
0.499088
0.504435
0.509817
0.515399
0.520689
0.526028
0.531404
0.536814
0.542255
0.547726
0.553225
0.558749
0.564297
0.569866
0.575455
0.581061
0.586683
0.592319
0.597965
0.603621
0.609285
0.614953
0.620624
0.626296
0.631967
0.637634
0.643296
0.648950
0.654595
0.660227
0.665846
0.671448
0.677033
0.682597
0.688139
0.693657
0.699149
0.704612
0.710046
0.715448
0.720816
0.726149
0.731444
0.736700
0.741916
0.747089
0.752218
0.757302
0.762339
0.767327
0.772266
0.777154
0.781989
0.786770
0.791496
0.796167
0.800780
0.805336
0.809832
0.814269
0.818645
0.822959
0.827211
0.831400
0.835526
0.839588
0.843585
0.847517
0.851384
0.855186
0.858921
0.862591
0.866194
0.869731
0.873201
0.876605
0.879943
0.883215
0.886420
0.889560
0.892634
0.895643
0.898586
0.901465
0.904280
0.907031
0.909718
0.912343
0.914906
0.917407
0.919846
0.922226
0.924546
0.926806
0.929009
0.931153
0.933242
0.935274
0.937250
0.939173
0.941042
0.942858
0.944623
0.946336
0.948000
0.949614
0.951180
0.952699
0.954172
0.955599
0.956981
0.958320
0.959616
0.960871
0.962085
0.963259
0.964393
0.965490
0.966550
0.967574
0.968562
0.969516
0.970436
0.971323
0.972179
0.973004
0.973799
0.974565
0.975302
0.976012
0.976695
0.977352
0.977983
0.978591
0.979174
0.979735
0.980273
0.980790
0.981286
0.981762
0.982219
0.982657
0.983076
0.983478
0.983863
0.984232
0.984585
0.984923
0.985246
0.985555
0.985850
0.986132
0.986402
0.986660
0.986905
0.987140
0.987364
0.987578
0.987781
0.987976
0.988161
0.988337
0.988505
0.988665
0.988817
0.988961
0.989099
0.989230
0.989354
0.989472
0.989585
0.989691
0.989793
0.989889
0.989980
0.990066
0.990148
0.990226
0.990299
0.990369
0.990435
0.990498
0.990557
0.990613
0.990666
0.990716
0.990763
0.990808
0.990850
0.990890
0.990927
0.990963
0.990996
0.991028
0.991058
0.991086
0.991112
0.991137
0.991161
0.991183
0.991204
0.991223
0.991242
0.991259
0.991275
0.991290
0.991305
0.991318
0.991331
0.991343
0.991354
0.991364
0.991374
0.991383
0.991392
0.991400
0.991408
0.991415
0.991421
0.991427
0.991433
0.991439
0.991444
0.991448
0.991453
0.991457
0.991461
0.991464
0.991468
0.991471
0.991474
0.991477
0.991479
0.991481
0.991484
0.991486
0.991488
0.991489
0.991491
0.991493
0.991494
0.991495
0.991497
0.991498
0.991499
0.991500
0.991501
0.991502
0.991502
0.991503
0.991504
0.991504
0.991505
0.991505
0.991506
0.991506
0.991507
0.991507
0.991508
0.991508
0.991508
0.991509
0.991509
0.991509
0.991509
0.991510
0.991510
0.991510
0.991510
0.991510
0.991510
0.991510
0.991511
0.991511
0.991511
0.991511
0.991511
0.991511
0.991511
0.991511
0.991511
0.991511
0.991511
0.991511
0.991511
0.991511
0.991512
0.991512
0.991512
0.991512
0.991512
0.991512
0.991512
0.991512
0.991512
0.991512
0.991512
0.991512
0.991512
0.991512
0.991512
0.991512
0.991512
0.991512
0.991512
0.991512
0.991512
0.991512
0.991512
0.991512
0.991512
0.991512
0.991512
0.991512
0.991512
0.991512
0.991512
0.991512
0.991512
0.991512
0.991512
0.991512
0.991512
0.991512
0.991512
0.991512
0.991512
0.991512
0.991512
0.991512
0.991512
0.991512
0.991512
0.991512
0.991512
0.991512
0.991512
0.991512
0.991512
0.991512
0.991512
0.991512
0.991512
0.991512
0.991512
0.991512
0.991512
0.991512
0.991512
0.991512
0.991512
0.991512
0.991512
0.991512
0.991512
0.991512
0.991512
0.991512
0.991512
0.991512
0.991512
0.991512
0.991512
0.991512
0.991512
0.991512
0.991512
0.991512
0.991512
0.991512
0.991512
0.991512
0.991512
0.991512
0.991512
0.991512
0.991512
0.991512
0.991512
0.991512
0.991512
0.991512
0.991512
0.991512
0.991512
0.991512
0.991512
0.991512
0.991512
0.991512
0.991512
0.991512
0.991512
0.991512
0.991512
0.991512
0.991512
0.991512
0.991512
0.991512
0.991512
0.991512
0.991512
0.991512
0.991512
0.991512
0.991512
0.991512
0.991512
0.991512
0.991512
0.991512
0.991512
0.991512
0.991512
0.991512
0.991512
0.991512
0.991512
0.991512
0.991512
0.991512
0.991512
0.991512
0.991512
0.991512
0.991512
0.991512
0.991512
0.991512
0.991512
0.991512
0.991512
0.991512
0.991512
0.991512
0.991512
0.991512
0.991512
0.991512
0.991512
0.991512
0.991512
0.991512
0.991512
0.991512
0.991512
0.991512
0.991512
0.991512
0.991512
0.991512
0.991512
0.991512
0.991512
0.991512
0.991512
0.991512
0.991512
0.991512
0.991512
0.991512
0.991512
0.991512
0.991512
0.991512
0.991512
0.991512
0.991512
0.991512
0.991512
0.991512
0.991512
0.991512
0.991512
0.991512
0.991512
0.991512
0.991512
0.991512
0.991512
0.991512
0.991512
0.991512
0.991512
0.991512
0.991512
0.991512
0.991512
0.991512
0.991512
0.991512
0.991512
0.991512
0.991512
0.991512
0.991512
0.991512
0.991512
0.991512
0.991512
0.991512
0.991512
0.991512
0.991512
0.991512
0.991512
0.991512
0.991512
0.991512
0.991512
0.991512
0.991512
0.991512
0.991512
0.991512
0.991512
0.991512
0.991512
0.991512
0.991512
0.991512
0.991512
0.991512
0.991512
0.991512
0.991512
0.991512
0.991512
0.991512
0.991512
0.991512
0.991512
0.991512
0.991512
0.991512
0.991512
0.991512
0.991512
0.991512
0.991512
0.991512
0.991512
0.991512
0.991512
0.991512
0.991512
0.991512
0.991512
0.991512
0.991512
0.991512
0.991512
0.991512
0.991512
0.991512
0.991512
0.991512
0.991512
0.991512
0.991512
0.991512
0.991512
0.991512
