0.009923
0.021474
0.035958
0.043243
0.049774
0.058419
0.071084
0.089327
0.113272
0.141320
0.170735
0.198637
0.222823
0.242147
0.256489
0.266462
0.273061
0.277348
0.280237
0.282414
0.284326
0.286208
0.288137
0.290095
0.292056
0.294011
0.295960
0.297904
0.299843
0.301775
0.303703
0.305624
0.307541
0.309452
0.311357
0.313257
0.315152
0.317042
0.318926
0.320862
0.322600
0.324319
0.326031
0.327739
0.329443
0.331142
0.332836
0.334527
0.336213
0.337894
0.339572
0.341245
0.342914
0.344579
0.346239
0.347895
0.349547
0.351195
0.352839
0.354478
0.356114
0.357745
0.359372
0.360995
0.362614
0.364228
0.365839
0.367445
0.369048
0.370646
0.372240
0.373831
0.375417
0.376999
0.378577
0.380151
0.381722
0.383288
0.384850
0.386408
0.387963
0.389513
0.391060
0.392602
0.394141
0.395676
0.397207
0.398734
0.400257
0.401776
0.403292
0.404803
0.406311
0.407815
0.409315
0.410812
0.412305
0.413793
0.415279
0.416760
0.418238
0.419712
0.421182
0.422648
0.424111
0.425570
0.427026
0.428477
0.429926
0.431370
0.432811
0.434248
0.435682
0.437112
0.438538
0.439961
0.441380
0.442796
0.444208
0.445617
0.447022
0.448423
0.449821
0.451215
0.452606
0.453994
0.455378
0.456758
0.458136
0.459509
0.460879
0.462246
0.463609
0.464969
0.466326
0.467679
0.469029
0.470375
0.471718
0.473058
0.474394
0.475727
0.477057
0.478383
0.479706
0.481026
0.482342
0.483655
0.484965
0.486272
0.487575
0.488875
0.490172
0.491465
0.492756
0.494043
0.495327
0.496608
0.497886
0.499160
0.500431
0.501699
0.502964
0.504226
0.505485
0.506741
0.507993
0.509242
0.510489
0.511732
0.512972
0.514209
0.515443
0.516674
0.517902
0.519127
0.520349
0.521568
0.522783
0.523996
0.525206
0.526413
0.527617
0.528818
0.530016
0.531211
0.532403
0.533592
0.534778
0.535961
0.537142
0.538319
0.539494
0.540666
0.541835
0.543001
0.544164
0.545324
0.546481
0.547636
0.548788
0.549937
0.551083
0.552226
0.553367
0.554505
0.555640
0.556772
0.557901
0.559028
0.560152
0.561273
0.562392
0.563508
0.564621
0.565731
0.566839
0.567944
0.569046
0.570146
0.571243
0.572337
0.573429
0.574518
0.575604
0.576688
0.577769
0.578847
0.579923
0.580997
0.582067
0.583136
0.584201
0.585264
0.586325
0.587382
0.588438
0.589490
0.590541
0.591588
0.592634
0.593676
0.594717
0.595754
0.596790
0.597822
0.598853
0.599880
0.600906
0.601929
0.602949
0.603967
0.604983
0.605996
0.607006
0.608015
0.609021
0.610024
0.611025
0.612024
0.613020
0.614014
0.615006
0.615995
0.616982
0.617967
0.618949
0.619929
0.620907
0.621882
0.622855
0.623826
0.624794
0.625760
0.626724
0.627686
0.628645
0.629602
0.630557
0.631509
0.632460
0.633408
0.634354
0.635297
0.636239
0.637178
0.638115
0.639050
0.639982
0.640913
0.641841
0.642767
0.643691
0.644613
0.645532
0.646450
0.647365
0.648278
0.649189
0.650098
0.651005
0.651910
0.652812
0.653713
0.654611
0.655508
0.656402
0.657294
0.658184
0.659073
0.659959
0.660843
0.661725
0.662604
0.663482
0.664358
0.665232
0.666104
0.666974
0.667842
0.668708
0.669571
0.670433
0.671293
0.672151
0.673007
0.673861
0.674713
0.675563
0.676411
0.677258
0.678102
0.678944
0.679785
0.680623
0.681460
0.682295
0.683128
0.683959
0.684788
0.685615
0.686440
0.687264
0.688085
0.688905
0.689723
0.690539
0.691353
0.692165
0.692976
0.693785
0.694591
0.695397
0.696200
0.697001
0.697801
0.698599
0.699395
0.700189
0.700982
0.701772
0.702561
0.703348
0.704134
0.704917
0.705699
0.706480
0.707258
0.708035
0.708810
0.709583
0.710355
0.711124
0.711893
0.712659
0.713424
0.714187
0.714948
0.715708
0.716466
0.717222
0.717977
0.718730
0.719481
0.720231
0.720979
0.721725
0.722470
0.723213
0.723954
0.724694
0.725432
0.726169
0.726904
0.727637
0.728369
0.729099
0.729828
0.730555
0.731280
0.732004
0.732726
0.733447
0.734166
0.734883
0.735599
0.736314
0.737027
0.737738
0.738448
0.739156
0.739863
0.740568
0.741271
0.741974
0.742674
0.743373
0.744071
0.744767
0.745462
0.746155
0.746846
0.747536
0.748225
0.748912
0.749598
0.750282
0.750965
0.751646
0.752326
0.753004
0.753681
0.754357
0.755031
0.755703
0.756375
0.757044
0.757713
0.758380
0.759045
0.759709
0.760372
0.761033
0.761693
0.762351
0.763008
0.763664
0.764318
0.764971
0.765623
0.766273
0.766921
0.767569
0.768215
0.768859
0.769503
0.770145
0.770785
0.771424
0.772062
0.772699
0.773334
0.773968
0.774600
0.775232
0.775862
0.776490
0.777117
0.777743
0.778368
0.778991
0.779613
0.780234
0.780853
0.781472
0.782088
0.782704
0.783318
0.783931
0.784543
0.785153
0.785763
0.786371
0.786977
0.787583
0.788187
0.788790
0.789391
0.789992
0.790591
0.791189
0.791785
0.792381
0.792975
0.793568
0.794160
0.794750
0.795339
0.795927
0.796514
0.797100
0.797684
0.798268
0.798850
0.799431
0.800010
0.800589
0.801166
0.801742
0.802317
0.802891
0.803463
0.804034
0.804605
0.805174
0.805741
0.806308
0.806874
0.807438
0.808001
0.808563
0.809124
0.809684
0.810242
0.810800
0.811356
0.811911
0.812465
0.813018
0.813570
0.814120
0.814670
0.815218
0.815766
0.816312
0.816857
0.817401
0.817944
0.818485
0.819026
0.819565
0.820104
0.820641
0.821177
0.821712
0.822246
0.822779
0.823311
0.823842
0.824371
0.824900
0.825427
0.825954
0.826479
0.827003
0.827527
0.828049
0.828570
0.829090
0.829609
0.830127
0.830644
0.831159
0.831674
0.832188
0.832700
0.833212
0.833723
0.834232
0.834741
0.835248
0.835754
0.836260
0.836764
0.837267
0.837770
0.838271
0.838771
0.839270
0.839769
0.840266
0.840762
0.841257
0.841751
0.842244
0.842736
0.843228
0.843718
0.844207
0.844695
0.845182
0.845668
0.846153
0.846637
0.847120
0.847603
0.848084
0.848564
0.849043
0.849521
