0.011762
0.026961
0.058944
0.114006
0.172578
0.218552
0.250037
0.262913
0.269464
0.273241
0.275873
0.278078
0.280138
0.282150
0.284145
0.286132
0.288113
0.290088
0.292056
0.294019
0.295975
0.297926
0.299870
0.301809
0.303741
0.305668
0.307589
0.309505
0.311415
0.313319
0.315218
0.317111
0.318999
0.320881
0.322758
0.324629
0.326496
0.328357
0.330213
0.332123
0.333838
0.335533
0.337220
0.338903
0.340581
0.342254
0.343924
0.345589
0.347250
0.348907
0.350559
0.352207
0.353851
0.355491
0.357126
0.358758
0.360385
0.362008
0.363627
0.365241
0.366852
0.368459
0.370061
0.371659
0.373253
0.374844
0.376430
0.378012
0.379590
0.381164
0.382734
0.384300
0.385862
0.387419
0.388973
0.390523
0.392069
0.393612
0.395150
0.396684
0.398214
0.399741
0.401263
0.402782
0.404296
0.405807
0.407314
0.408818
0.410317
0.411812
0.413304
0.414792
0.416276
0.417756
0.419233
0.420706
0.422174
0.423640
0.425101
0.426559
0.428013
0.429463
0.430910
0.432353
0.433792
0.435228
0.436660
0.438088
0.439512
0.440933
0.442351
0.443765
0.445175
0.446581
0.447984
0.449383
0.450779
0.452171
0.453560
0.454945
0.456327
0.457705
0.459079
0.460451
0.461818
0.463182
0.464543
0.465900
0.467253
0.468604
0.469950
0.471294
0.472634
0.473970
0.475303
0.476633
0.477959
0.479282
0.480601
0.481917
0.483230
0.484540
0.485846
0.487149
0.488448
0.489744
0.491037
0.492326
0.493613
0.494896
0.496175
0.497452
0.498725
0.499995
0.501261
0.502525
0.503785
0.505042
0.506296
0.507546
0.508794
0.510038
0.511279
0.512517
0.513752
0.514983
0.516212
0.517437
0.518659
0.519878
0.521094
0.522307
0.523517
0.524723
0.525927
0.527128
0.528325
0.529520
0.530711
0.531899
0.533085
0.534267
0.535446
0.536622
0.537796
0.538966
0.540133
0.541297
0.542459
0.543617
0.544773
0.545925
0.547075
0.548221
0.549365
0.550506
0.551644
0.552779
0.553911
0.555040
0.556166
0.557290
0.558410
0.559528
0.560643
0.561755
0.562864
0.563970
0.565074
0.566175
0.567273
0.568368
0.569460
0.570550
0.571636
0.572720
0.573802
0.574880
0.575956
0.577029
0.578099
0.579167
0.580232
0.581294
0.582353
0.583410
0.584464
0.585515
0.586564
0.587610
0.588653
0.589694
0.590732
0.591767
0.592800
0.593830
0.594857
0.595882
0.596904
0.597924
0.598941
0.599955
0.600967
0.601976
0.602983
0.603987
0.604989
0.605988
0.606984
0.607978
0.608970
0.609959
0.610945
0.611929
0.612910
0.613889
0.614865
0.615839
0.616811
0.617780
0.618746
0.619710
0.620672
0.621631
0.622587
0.623541
0.624493
0.625443
0.626390
0.627334
0.628276
0.629216
0.630153
0.631088
0.632021
0.632951
0.633879
0.634804
0.635727
0.636648
0.637566
0.638482
0.639396
0.640308
0.641217
0.642123
0.643028
0.643930
0.644830
0.645727
0.646623
0.647516
0.648406
0.649295
0.650181
0.651065
0.651947
0.652826
0.653703
0.654578
0.655451
0.656322
0.657190
0.658056
0.658920
0.659782
0.660641
0.661499
0.662354
0.663207
0.664058
0.664906
0.665753
0.666597
0.667439
0.668279
0.669117
0.669953
0.670786
0.671618
0.672447
0.673275
0.674100
0.674923
0.675744
0.676563
0.677380
0.678194
0.679007
0.679818
0.680626
0.681433
0.682237
0.683040
0.683840
0.684638
0.685435
0.686229
0.687021
0.687811
0.688600
0.689386
0.690170
0.690952
0.691732
0.692511
0.693287
0.694061
0.694834
0.695604
0.696372
0.697139
0.697903
0.698666
0.699427
0.700185
0.700942
0.701697
0.702450
0.703201
0.703950
0.704697
0.705443
0.706186
0.706928
0.707667
0.708405
0.709141
0.709875
0.710607
0.711338
0.712066
0.712793
0.713517
0.714240
0.714961
0.715681
0.716398
0.717114
0.717828
0.718540
0.719250
0.719958
0.720665
0.721370
0.722073
0.722774
0.723473
0.724171
0.724867
0.725561
0.726253
0.726944
0.727633
0.728320
0.729005
0.729689
0.730371
0.731051
0.731730
0.732406
0.733081
0.733755
0.734426
0.735096
0.735765
0.736431
0.737096
0.737759
0.738421
0.739080
0.739739
0.740395
0.741050
0.741703
0.742355
0.743004
0.743653
0.744299
0.744944
0.745587
0.746229
0.746869
0.747508
0.748144
0.748780
0.749413
0.750045
0.750676
0.751305
0.751932
0.752557
0.753182
0.753804
0.754425
0.755044
0.755662
0.756278
0.756893
0.757506
0.758118
0.758728
0.759336
0.759943
0.760549
0.761153
0.761755
0.762356
0.762955
0.763553
0.764150
0.764744
0.765338
0.765930
0.766520
0.767109
0.767696
0.768282
0.768867
0.769450
0.770031
0.770611
0.771190
0.771767
0.772343
0.772917
0.773490
0.774061
0.774631
0.775200
0.775767
0.776332
0.776897
0.777459
0.778021
0.778581
0.779139
0.779697
0.780252
0.780807
0.781360
0.781912
0.782462
0.783011
0.783558
0.784104
0.784649
0.785193
0.785735
0.786275
0.786815
0.787353
0.787889
0.788425
0.788959
0.789491
0.790023
0.790553
0.791081
0.791609
0.792135
0.792659
0.793183
0.793705
0.794226
0.794745
0.795264
0.795781
0.796296
0.796811
0.797324
0.797836
0.798346
0.798856
0.799364
0.799870
0.800376
0.800880
0.801383
0.801885
0.802385
0.802885
0.803383
0.803880
0.804375
0.804870
0.805363
0.805855
0.806346
0.806835
0.807323
0.807810
0.808296
0.808781
0.809265
0.809747
0.810228
0.810708
0.811187
0.811664
0.812141
0.812616
0.813090
0.813563
0.814035
0.814506
0.814975
0.815443
0.815911
0.816377
0.816841
0.817305
0.817768
0.818229
0.818690
0.819149
0.819607
0.820064
0.820520
0.820975
0.821429
0.821881
0.822333
0.822783
0.823232
0.823681
0.824128
0.824574
0.825019
0.825463
0.825905
0.826347
0.826788
0.827228
0.827666
0.828104
0.828540
0.828975
0.829410
0.829843
0.830275
0.830707
0.831137
0.831566
0.831994
0.832421
0.832847
0.833272
0.833697
0.834120
0.834542
0.834963
0.835383
0.835802
0.836220
0.836637
0.837053
0.837468
0.837882
0.838295
