0.054944
0.151102
0.200001
0.221883
0.234238
0.243547
0.251945
0.260209
0.269126
0.279049
0.281835
0.283832
0.285822
0.287806
0.289784
0.291756
0.293721
0.295680
0.297634
0.299581
0.301521
0.303456
0.305385
0.307308
0.309225
0.311136
0.313041
0.314940
0.316834
0.318722
0.320604
0.322481
0.324353
0.326219
0.328080
0.329935
0.331785
0.333630
0.335469
0.337362
0.339062
0.340741
0.342413
0.344081
0.345744
0.347403
0.349057
0.350707
0.352353
0.353995
0.355633
0.357266
0.358895
0.360520
0.362141
0.363757
0.365370
0.366978
0.368583
0.370183
0.371779
0.373371
0.374959
0.376543
0.378123
0.379699
0.381271
0.382839
0.384402
0.385962
0.387518
0.389070
0.390618
0.392162
0.393702
0.395238
0.396770
0.398299
0.399823
0.401344
0.402860
0.404373
0.405882
0.407387
0.408888
0.410386
0.411879
0.413369
0.414855
0.416337
0.417816
0.419290
0.420761
0.422228
0.423692
0.425151
0.426607
0.428059
0.429508
0.430953
0.432394
0.433831
0.435265
0.436695
0.438122
0.439544
0.440964
0.442379
0.443791
0.445200
0.446604
0.448006
0.449403
0.450797
0.452188
0.453575
0.454958
0.456338
0.457715
0.459088
0.460457
0.461823
0.463185
0.464544
0.465900
0.467252
0.468600
0.469945
0.471287
0.472625
0.473960
0.475292
0.476620
0.477945
0.479266
0.480584
0.481898
0.483210
0.484518
0.485822
0.487123
0.488421
0.489716
0.491007
0.492295
0.493580
0.494862
0.496140
0.497415
0.498686
0.499955
0.501220
0.502482
0.503741
0.504996
0.506249
0.507498
0.508744
0.509987
0.511226
0.512463
0.513696
0.514926
0.516154
0.517377
0.518598
0.519816
0.521031
0.522242
0.523451
0.524656
0.525858
0.527057
0.528254
0.529447
0.530637
0.531824
0.533008
0.534189
0.535367
0.536542
0.537714
0.538883
0.540049
0.541212
0.542372
0.543529
0.544683
0.545834
0.546983
0.548128
0.549271
0.550410
0.551547
0.552681
0.553811
0.554939
0.556065
0.557187
0.558306
0.559423
0.560536
0.561647
0.562755
0.563861
0.564963
0.566062
0.567159
0.568253
0.569344
0.570433
0.571519
0.572601
0.573682
0.574759
0.575834
0.576905
0.577975
0.579041
0.580105
0.581166
0.582224
0.583280
0.584333
0.585383
0.586430
0.587475
0.588517
0.589557
0.590594
0.591628
0.592660
0.593689
0.594715
0.595739
0.596760
0.597779
0.598795
0.599808
0.600819
0.601827
0.602833
0.603836
0.604837
0.605835
0.606830
0.607823
0.608814
0.609801
0.610787
0.611770
0.612750
0.613728
0.614703
0.615676
0.616647
0.617614
0.618580
0.619543
0.620503
0.621462
0.622417
0.623370
0.624321
0.625270
0.626216
0.627159
0.628100
0.629039
0.629976
0.630909
0.631841
0.632770
0.633697
0.634622
0.635544
0.636464
0.637381
0.638296
0.639209
0.640120
0.641028
0.641934
0.642837
0.643738
0.644637
0.645534
0.646428
0.647320
0.648210
0.649098
0.649983
0.650866
0.651747
0.652625
0.653502
0.654376
0.655248
0.656117
0.656985
0.657850
0.658713
0.659574
0.660432
0.661289
0.662143
0.662995
0.663845
0.664693
0.665538
0.666382
0.667223
0.668062
0.668899
0.669734
0.670567
0.671397
0.672226
0.673052
0.673877
0.674699
0.675519
0.676337
0.677153
0.677967
0.678778
0.679588
0.680396
0.681201
0.682005
0.682806
0.683606
0.684403
0.685199
0.685992
0.686784
0.687573
0.688360
0.689145
0.689929
0.690710
0.691489
0.692267
0.693042
0.693816
0.694587
0.695357
0.696124
0.696890
0.697653
0.698415
0.699175
0.699932
0.700688
0.701442
0.702194
0.702944
0.703693
0.704439
0.705183
0.705926
0.706666
0.707405
0.708142
0.708877
0.709610
0.710341
0.711071
0.711798
0.712524
0.713248
0.713970
0.714690
0.715408
0.716124
0.716839
0.717552
0.718263
0.718972
0.719680
0.720385
0.721089
0.721791
0.722491
0.723190
0.723886
0.724581
0.725274
0.725966
0.726655
0.727343
0.728029
0.728714
0.729396
0.730077
0.730756
0.731434
0.732110
0.732784
0.733456
0.734126
0.734795
0.735462
0.736128
0.736792
0.737454
0.738114
0.738773
0.739430
0.740085
0.740739
0.741391
0.742041
0.742690
0.743337
0.743982
0.744626
0.745268
0.745909
0.746548
0.747185
0.747821
0.748455
0.749087
0.749718
0.750347
0.750975
0.751601
0.752225
0.752848
0.753469
0.754089
0.754707
0.755324
0.755939
0.756552
0.757164
0.757774
0.758383
0.758990
0.759596
0.760200
0.760802
0.761404
0.762003
0.762601
0.763198
0.763792
0.764386
0.764978
0.765568
0.766157
0.766745
0.767331
0.767915
0.768498
0.769080
0.769660
0.770238
0.770815
0.771391
0.771965
0.772538
0.773109
0.773679
0.774247
0.774814
0.775380
0.775944
0.776507
0.777068
0.777628
0.778186
0.778743
0.779298
0.779852
0.780405
0.780957
0.781506
0.782055
0.782602
0.783148
0.783692
0.784235
0.784777
0.785317
0.785856
0.786394
0.786930
0.787465
0.787998
0.788530
0.789061
0.789590
0.790118
0.790645
0.791171
0.791695
0.792217
0.792739
0.793259
0.793778
0.794295
0.794812
0.795326
0.795840
0.796352
0.796863
0.797373
0.797882
0.798389
0.798895
0.799399
0.799903
0.800405
0.800905
0.801405
0.801903
0.802400
0.802896
0.803390
0.803884
0.804376
0.804867
0.805356
0.805844
0.806332
0.806817
0.807302
0.807786
0.808268
0.808749
0.809229
0.809707
0.810185
0.810661
0.811136
0.811610
0.812082
0.812554
0.813024
0.813493
0.813961
0.814428
0.814893
0.815358
0.815821
0.816283
0.816744
0.817204
0.817662
0.818120
0.818576
0.819032
0.819486
0.819939
0.820390
0.820841
0.821291
0.821739
0.822186
0.822633
0.823078
0.823522
0.823965
0.824406
0.824847
0.825287
0.825725
0.826163
0.826599
0.827034
0.827469
0.827902
0.828334
0.828765
0.829195
0.829623
0.830051
0.830478
0.830904
0.831328
0.831752
0.832174
0.832596
0.833016
0.833436
0.833854
0.834272
0.834688
0.835103
0.835518
0.835931
0.836343
0.836754
0.837165
0.837574
0.837982
0.838389
0.838796
