0.032601
0.070535
0.116308
0.166080
0.198467
0.211297
0.217317
0.224181
0.232589
0.241233
0.249553
0.257646
0.265684
0.273934
0.283353
0.291222
0.293670
0.295612
0.297546
0.299475
0.301398
0.303315
0.305226
0.307132
0.309032
0.310926
0.312814
0.314697
0.316574
0.318446
0.320312
0.322173
0.324029
0.325880
0.327726
0.329566
0.331402
0.333233
0.335059
0.336917
0.338576
0.340234
0.341890
0.343542
0.345190
0.346835
0.348476
0.350113
0.351747
0.353377
0.355003
0.356626
0.358246
0.359862
0.361475
0.363084
0.364690
0.366292
0.367891
0.369487
0.371080
0.372669
0.374256
0.375839
0.377419
0.378995
0.380569
0.382139
0.383707
0.385271
0.386833
0.388391
0.389947
0.391500
0.393050
0.394597
0.396141
0.397682
0.399220
0.400756
0.402289
0.403820
0.405348
0.406873
0.408395
0.409915
0.411433
0.412948
0.414460
0.415970
0.417478
0.418983
0.420486
0.421986
0.423484
0.424980
0.426474
0.427965
0.429455
0.430942
0.432427
0.433910
0.435391
0.436870
0.438347
0.439822
0.441295
0.442766
0.444235
0.445703
0.447168
0.448632
0.450094
0.451555
0.453013
0.454471
0.455926
0.457380
0.458832
0.460283
0.461733
0.463181
0.464627
0.466072
0.467516
0.468959
0.470400
0.471840
0.473279
0.474716
0.476153
0.477588
0.479022
0.480455
0.481888
0.483319
0.484749
0.486178
0.487607
0.489034
0.490461
0.491887
0.493312
0.494736
0.496160
0.497583
0.499005
0.500427
0.501848
0.503269
0.504689
0.506109
0.507528
0.508947
0.510365
0.511783
0.513201
0.514618
0.516036
0.517453
0.518869
0.520286
0.521702
0.523119
0.524535
0.525951
0.527367
0.528784
0.530200
0.531616
0.533032
0.534449
0.535866
0.537282
0.538699
0.540117
0.541534
0.542952
0.544370
0.545788
0.547207
0.548626
0.550046
0.551466
0.552887
0.554308
0.555729
0.557151
0.558574
0.559997
0.561421
0.562845
0.564270
0.565696
0.567123
0.568550
0.569978
0.571407
0.572836
0.574266
0.575697
0.577129
0.578562
0.579996
0.581430
0.582866
0.584302
0.585739
0.587178
0.588617
0.590057
0.591499
0.592941
0.594384
0.595829
0.597274
0.598720
0.600168
0.601617
0.603066
0.604517
0.605969
0.607423
0.608877
0.610332
0.611789
0.613247
0.614706
0.616166
0.617627
0.619090
0.620553
0.622018
0.623484
0.624952
0.626420
0.627890
0.629361
0.630833
0.632307
0.633781
0.635257
0.636734
0.638212
0.639692
0.641172
0.642654
0.644137
0.645621
0.647107
0.648593
0.650081
0.651570
0.653060
0.654551
0.656043
0.657537
0.659031
0.660527
0.662024
0.663521
0.665020
0.666520
0.668021
0.669523
0.671026
0.672530
0.674034
0.675540
0.677047
0.678554
0.680063
0.681572
0.683082
0.684593
0.686105
0.687617
0.689131
0.690645
0.692159
0.693675
0.695191
0.696707
0.698224
0.699742
0.701260
0.702779
0.704298
0.705818
0.707338
0.708858
0.710379
0.711900
0.713421
0.714943
0.716464
0.717986
0.719508
0.721030
0.722552
0.724074
0.725596
0.727118
0.728640
0.730162
0.731683
0.733205
0.734726
0.736246
0.737766
0.739286
0.740806
0.742325
0.743843
0.745361
0.746878
0.748394
0.749910
0.751425
0.752939
0.754452
0.755964
0.757475
0.758985
0.760494
0.762002
0.763509
0.765015
0.766519
0.768022
0.769523
0.771023
0.772521
0.774018
0.775513
0.777007
0.778499
0.779989
0.781477
0.782963
0.784448
0.785930
0.787410
0.788888
0.790364
0.791838
0.793309
0.794778
0.796245
0.797709
0.799170
0.800629
0.802085
0.803539
0.804990
0.806438
0.807883
0.809325
0.810764
0.812200
0.813633
0.815062
0.816489
0.817912
0.819332
0.820748
0.822161
0.823570
0.824975
0.826377
0.827775
0.829170
0.830560
0.831947
0.833330
0.834708
0.836083
0.837453
0.838820
0.840182
0.841539
0.842892
0.844241
0.845586
0.846925
0.848261
0.849591
0.850917
0.852238
0.853554
0.854865
0.856172
0.857473
0.858770
0.860061
0.861347
0.862628
0.863904
0.865174
0.866439
0.867699
0.868953
0.870202
0.871445
0.872682
0.873914
0.875140
0.876361
0.877575
0.878784
0.879987
0.881184
0.882375
0.883560
0.884739
0.885912
0.887079
0.888239
0.889394
0.890542
0.891684
0.892819
0.893948
0.895071
0.896187
0.897297
0.898400
0.899497
0.900587
0.901671
0.902748
0.903818
0.904881
0.905938
0.906988
0.908031
0.909068
0.910098
0.911120
0.912136
0.913145
0.914147
0.915142
0.916130
0.917112
0.918086
0.919053
0.920013
0.920966
0.921912
0.922851
0.923782
0.924707
0.925624
0.926535
0.927438
0.928334
0.929223
0.930105
0.930979
0.931846
0.932707
0.933559
0.934405
0.935244
0.936075
0.936899
0.937716
0.938526
0.939328
0.940124
0.940912
0.941693
0.942466
0.943233
0.943992
0.944744
0.945490
0.946227
0.946958
0.947682
0.948398
0.949108
0.949810
0.950506
0.951194
0.951875
0.952549
0.953216
0.953877
0.954530
0.955176
0.955815
0.956448
0.957073
0.957692
0.958304
0.958909
0.959507
0.960099
0.960684
0.961262
0.961833
0.962398
0.962956
0.963508
0.964053
0.964591
0.965123
0.965648
0.966167
0.966680
0.967186
0.967686
0.968180
0.968667
0.969149
0.969624
0.970092
0.970555
0.971012
0.971462
0.971907
0.972346
0.972778
0.973205
0.973626
0.974042
0.974451
0.974855
0.975253
0.975645
0.976032
0.976414
0.976789
0.977160
0.977525
0.977884
0.978239
0.978588
0.978932
0.979270
0.979604
0.979932
0.980255
0.980574
0.980887
0.981195
0.981499
0.981798
0.982092
0.982381
0.982666
0.982946
0.983221
0.983492
0.983758
0.984020
0.984278
0.984531
0.984780
0.985024
0.985265
0.985501
0.985733
0.985961
0.986186
0.986406
0.986622
0.986834
0.987043
0.987248
0.987449
0.987646
0.987840
0.988030
0.988216
0.988400
0.988579
0.988755
0.988928
0.989098
0.989264
0.989427
0.989587
0.989744
0.989897
0.990048
0.990196
0.990340
0.990482
0.990621
0.990757
0.990890
0.991020
0.991148
0.991273
0.991396
0.991516
0.991633
