0.012736
0.026997
0.041637
0.057603
0.078991
0.111971
0.156661
0.203996
0.236061
0.256463
0.267615
0.273243
0.276319
0.278492
0.280450
0.282400
0.284369
0.286346
0.288319
0.290286
0.292247
0.294202
0.296151
0.298094
0.300031
0.301963
0.303888
0.305808
0.307722
0.309631
0.311534
0.313431
0.315324
0.317210
0.319091
0.320967
0.322838
0.324703
0.326563
0.328472
0.330184
0.331880
0.333570
0.335255
0.336936
0.338612
0.340284
0.341952
0.343616
0.345275
0.346930
0.348581
0.350228
0.351870
0.353509
0.355143
0.356773
0.358399
0.360020
0.361638
0.363251
0.364861
0.366466
0.368067
0.369664
0.371257
0.372846
0.374431
0.376012
0.377589
0.379162
0.380731
0.382295
0.383856
0.385413
0.386966
0.388515
0.390060
0.391601
0.393139
0.394672
0.396201
0.397727
0.399248
0.400766
0.402280
0.403790
0.405296
0.406799
0.408297
0.409792
0.411283
0.412770
0.414254
0.415733
0.417209
0.418681
0.420150
0.421614
0.423075
0.424532
0.425986
0.427436
0.428882
0.430324
0.431763
0.433198
0.434630
0.436058
0.437482
0.438903
0.440320
0.441733
0.443143
0.444550
0.445952
0.447352
0.448747
0.450139
0.451528
0.452913
0.454295
0.455673
0.457047
0.458418
0.459786
0.461150
0.462511
0.463868
0.465222
0.466572
0.467919
0.469263
0.470603
0.471940
0.473273
0.474603
0.475930
0.477253
0.478573
0.479890
0.481203
0.482513
0.483820
0.485123
0.486424
0.487720
0.489014
0.490304
0.491591
0.492875
0.494156
0.495433
0.496707
0.497978
0.499246
0.500511
0.501772
0.503030
0.504285
0.505537
0.506786
0.508031
0.509274
0.510513
0.511749
0.512983
0.514213
0.515440
0.516663
0.517884
0.519102
0.520317
0.521528
0.522737
0.523943
0.525145
0.526345
0.527541
0.528735
0.529925
0.531113
0.532298
0.533479
0.534658
0.535834
0.537007
0.538177
0.539344
0.540508
0.541669
0.542827
0.543983
0.545135
0.546285
0.547432
0.548576
0.549717
0.550856
0.551991
0.553124
0.554254
0.555381
0.556505
0.557627
0.558745
0.559861
0.560974
0.562085
0.563193
0.564298
0.565400
0.566499
0.567596
0.568690
0.569782
0.570871
0.571957
0.573040
0.574121
0.575199
0.576274
0.577347
0.578417
0.579485
0.580550
0.581612
0.582672
0.583729
0.584784
0.585836
0.586885
0.587932
0.588976
0.590018
0.591057
0.592094
0.593128
0.594160
0.595189
0.596216
0.597240
0.598262
0.599281
0.600298
0.601312
0.602324
0.603334
0.604341
0.605345
0.606347
0.607347
0.608344
0.609339
0.610332
0.611322
0.612310
0.613296
0.614279
0.615260
0.616238
0.617214
0.618188
0.619159
0.620129
0.621096
0.622060
0.623022
0.623982
0.624940
0.625896
0.626849
0.627800
0.628749
0.629695
0.630639
0.631582
0.632521
0.633459
0.634395
0.635328
0.636259
0.637188
0.638115
0.639039
0.639962
0.640882
0.641800
0.642716
0.643630
0.644542
0.645452
0.646359
0.647265
0.648168
0.649070
0.649969
0.650866
0.651762
0.652655
0.653546
0.654435
0.655322
0.656207
0.657090
0.657971
0.658850
0.659727
0.660603
0.661476
0.662347
0.663216
0.664083
0.664949
0.665812
0.666673
0.667533
0.668391
0.669246
0.670100
0.670952
0.671802
0.672650
0.673497
0.674341
0.675184
0.676024
0.676863
0.677700
0.678536
0.679369
0.680201
0.681030
0.681858
0.682685
0.683509
0.684332
0.685153
0.685972
0.686789
0.687605
0.688419
0.689231
0.690041
0.690850
0.691657
0.692462
0.693266
0.694068
0.694868
0.695666
0.696463
0.697258
0.698052
0.698844
0.699634
0.700423
0.701210
0.701995
0.702779
0.703561
0.704342
0.705120
0.705898
0.706674
0.707448
0.708220
0.708991
0.709761
0.710529
0.711295
0.712060
0.712824
0.713585
0.714346
0.715104
0.715862
0.716618
0.717372
0.718125
0.718876
0.719626
0.720375
0.721121
0.721867
0.722611
0.723354
0.724095
0.724835
0.725573
0.726310
0.727046
0.727780
0.728513
0.729244
0.729974
0.730703
0.731430
0.732156
0.732881
0.733604
0.734326
0.735046
0.735766
0.736483
0.737200
0.737915
0.738629
0.739342
0.740053
0.740764
0.741472
0.742180
0.742886
0.743591
0.744295
0.744998
0.745699
0.746399
0.747098
0.747795
0.748492
0.749187
0.749881
0.750574
0.751265
0.751955
0.752645
0.753333
0.754019
0.754705
0.755390
0.756073
0.756755
0.757436
0.758116
0.758795
0.759473
0.760149
0.760825
0.761499
0.762172
0.762844
0.763515
0.764185
0.764854
0.765522
0.766188
0.766854
0.767518
0.768182
0.768844
0.769506
0.770166
0.770825
0.771483
0.772141
0.772797
0.773452
0.774106
0.774759
0.775411
0.776063
0.776713
0.777362
0.778010
0.778657
0.779304
0.779949
0.780593
0.781236
0.781879
0.782520
0.783161
0.783800
0.784439
0.785076
0.785713
0.786349
0.786984
0.787618
0.788251
0.788883
0.789514
0.790144
0.790774
0.791402
0.792030
0.792657
0.793283
0.793908
0.794532
0.795155
0.795777
0.796399
0.797020
0.797639
0.798258
0.798876
0.799494
0.800110
0.800726
0.801340
0.801954
0.802567
0.803180
0.803791
0.804402
0.805012
0.805621
0.806229
0.806836
0.807443
0.808049
0.808654
0.809258
0.809861
0.810464
0.811066
0.811667
0.812267
0.812867
0.813465
0.814063
0.814661
0.815257
0.815853
0.816448
0.817042
0.817635
0.818228
0.818820
0.819411
0.820001
0.820591
0.821180
0.821768
0.822356
0.822942
0.823528
0.824114
0.824698
0.825282
0.825865
0.826447
0.827029
0.827610
0.828190
0.828769
0.829348
0.829926
0.830504
0.831080
0.831656
0.832231
0.832806
0.833379
0.833953
0.834525
0.835097
0.835667
0.836238
0.836807
0.837376
0.837944
0.838512
0.839078
0.839644
0.840210
0.840774
0.841338
0.841902
0.842464
0.843026
0.843587
0.844148
0.844708
0.845267
0.845825
0.846383
0.846940
0.847496
0.848052
0.848607
0.849161
0.849714
0.850267
0.850819
0.851371
0.851922
0.852472
0.853021
0.853570
0.854118
0.854665
0.855212
0.855758
0.856303
0.856847
0.857391
