0.012739
0.027004
0.041767
0.059436
0.086963
0.128432
0.177297
0.222029
0.247988
0.262777
0.270469
0.274528
0.277094
0.279179
0.281157
0.283128
0.285105
0.287082
0.289054
0.291020
0.292980
0.294934
0.296882
0.298824
0.300759
0.302690
0.304614
0.306533
0.308446
0.310353
0.312255
0.314151
0.316042
0.317928
0.319808
0.321683
0.323552
0.325416
0.327275
0.329184
0.330896
0.332591
0.334280
0.335965
0.337645
0.339320
0.340992
0.342659
0.344322
0.345980
0.347634
0.349284
0.350930
0.352572
0.354210
0.355843
0.357472
0.359097
0.360718
0.362335
0.363947
0.365556
0.367160
0.368761
0.370357
0.371949
0.373537
0.375121
0.376701
0.378277
0.379849
0.381417
0.382981
0.384542
0.386098
0.387650
0.389198
0.390742
0.392282
0.393819
0.395351
0.396880
0.398405
0.399925
0.401442
0.402955
0.404465
0.405970
0.407472
0.408969
0.410463
0.411953
0.413440
0.414922
0.416401
0.417876
0.419347
0.420815
0.422279
0.423739
0.425195
0.426648
0.428097
0.429542
0.430984
0.432421
0.433856
0.435286
0.436713
0.438137
0.439556
0.440973
0.442385
0.443794
0.445199
0.446601
0.448000
0.449394
0.450785
0.452173
0.453557
0.454938
0.456315
0.457688
0.459058
0.460425
0.461788
0.463148
0.464504
0.465857
0.467206
0.468552
0.469894
0.471233
0.472569
0.473901
0.475230
0.476556
0.477878
0.479197
0.480512
0.481824
0.483133
0.484439
0.485741
0.487040
0.488335
0.489628
0.490917
0.492202
0.493485
0.494764
0.496040
0.497313
0.498583
0.499849
0.501112
0.502372
0.503629
0.504882
0.506133
0.507380
0.508624
0.509865
0.511103
0.512337
0.513569
0.514797
0.516023
0.517245
0.518464
0.519680
0.520893
0.522103
0.523310
0.524513
0.525714
0.526912
0.528107
0.529298
0.530487
0.531673
0.532855
0.534035
0.535212
0.536385
0.537556
0.538724
0.539889
0.541051
0.542210
0.543366
0.544519
0.545670
0.546817
0.547962
0.549103
0.550242
0.551378
0.552511
0.553641
0.554768
0.555893
0.557015
0.558134
0.559250
0.560363
0.561473
0.562581
0.563686
0.564788
0.565888
0.566984
0.568078
0.569169
0.570258
0.571343
0.572426
0.573507
0.574584
0.575659
0.576731
0.577801
0.578867
0.579932
0.580993
0.582052
0.583108
0.584162
0.585213
0.586261
0.587307
0.588350
0.589390
0.590428
0.591464
0.592496
0.593527
0.594554
0.595579
0.596602
0.597622
0.598639
0.599654
0.600667
0.601677
0.602684
0.603689
0.604691
0.605691
0.606689
0.607684
0.608676
0.609667
0.610654
0.611639
0.612622
0.613603
0.614581
0.615556
0.616529
0.617500
0.618468
0.619434
0.620398
0.621359
0.622318
0.623275
0.624229
0.625181
0.626130
0.627077
0.628022
0.628965
0.629905
0.630843
0.631779
0.632712
0.633643
0.634572
0.635499
0.636423
0.637345
0.638265
0.639183
0.640098
0.641011
0.641922
0.642831
0.643738
0.644642
0.645544
0.646444
0.647342
0.648238
0.649131
0.650023
0.650912
0.651799
0.652684
0.653567
0.654448
0.655326
0.656203
0.657077
0.657950
0.658820
0.659688
0.660554
0.661418
0.662280
0.663140
0.663998
0.664854
0.665708
0.666559
0.667409
0.668257
0.669103
0.669946
0.670788
0.671628
0.672466
0.673302
0.674136
0.674968
0.675798
0.676626
0.677452
0.678276
0.679098
0.679918
0.680737
0.681553
0.682368
0.683181
0.683992
0.684801
0.685608
0.686413
0.687216
0.688018
0.688817
0.689615
0.690411
0.691206
0.691998
0.692788
0.693577
0.694364
0.695149
0.695933
0.696714
0.697494
0.698272
0.699048
0.699823
0.700596
0.701367
0.702136
0.702904
0.703669
0.704433
0.705196
0.705957
0.706716
0.707473
0.708229
0.708982
0.709735
0.710485
0.711234
0.711982
0.712727
0.713471
0.714214
0.714954
0.715693
0.716431
0.717167
0.717901
0.718634
0.719365
0.720094
0.720822
0.721549
0.722273
0.722997
0.723718
0.724438
0.725157
0.725874
0.726590
0.727303
0.728016
0.728727
0.729436
0.730144
0.730851
0.731556
0.732259
0.732961
0.733662
0.734361
0.735058
0.735754
0.736449
0.737142
0.737834
0.738525
0.739213
0.739901
0.740587
0.741272
0.741955
0.742637
0.743318
0.743997
0.744675
0.745351
0.746026
0.746700
0.747372
0.748043
0.748713
0.749381
0.750048
0.750714
0.751378
0.752041
0.752703
0.753363
0.754022
0.754680
0.755337
0.755992
0.756646
0.757299
0.757950
0.758600
0.759249
0.759897
0.760543
0.761189
0.761833
0.762475
0.763117
0.763757
0.764396
0.765034
0.765671
0.766307
0.766941
0.767574
0.768206
0.768837
0.769467
0.770095
0.770723
0.771349
0.771974
0.772598
0.773221
0.773842
0.774463
0.775082
0.775701
0.776318
0.776934
0.777549
0.778163
0.778776
0.779387
0.779998
0.780608
0.781216
0.781824
0.782430
0.783036
0.783640
0.784243
0.784845
0.785447
0.786047
0.786646
0.787244
0.787841
0.788437
0.789033
0.789627
0.790220
0.790812
0.791403
0.791993
0.792583
0.793171
0.793758
0.794344
0.794930
0.795514
0.796098
0.796680
0.797262
0.797842
0.798422
0.799001
0.799579
0.800156
0.800732
0.801307
0.801881
0.802454
0.803027
0.803598
0.804169
0.804739
0.805308
0.805876
0.806443
0.807009
0.807575
0.808139
0.808703
0.809266
0.809828
0.810389
0.810949
0.811509
0.812067
0.812625
0.813182
0.813738
0.814294
0.814848
0.815402
0.815955
0.816507
0.817059
0.817609
0.818159
0.818708
0.819256
0.819804
0.820350
0.820896
0.821441
0.821985
0.822529
0.823072
0.823614
0.824155
0.824696
0.825235
0.825775
0.826313
0.826850
0.827387
0.827923
0.828459
0.828993
0.829527
0.830060
0.830593
0.831125
0.831656
0.832186
0.832716
0.833244
0.833773
0.834300
0.834827
0.835353
0.835879
0.836403
0.836927
0.837451
0.837973
0.838495
0.839017
0.839537
0.840057
0.840576
0.841095
0.841613
0.842130
0.842647
0.843163
0.843678
0.844193
0.844707
0.845220
0.845733
0.846245
0.846756
0.847267
0.847777
0.848286
0.848795
0.849303
0.849811
