0.011748
0.024923
0.038589
0.055065
0.081061
0.121631
0.171488
0.210760
0.239546
0.257444
0.267362
0.272699
0.275875
0.278202
0.280256
0.282244
0.284222
0.286200
0.288175
0.290144
0.292107
0.294065
0.296016
0.297961
0.299901
0.301834
0.303762
0.305685
0.307601
0.309512
0.311418
0.313318
0.315213
0.317102
0.318986
0.320864
0.322737
0.324605
0.326468
0.328382
0.330099
0.331798
0.333491
0.335179
0.336863
0.338542
0.340217
0.341888
0.343554
0.345216
0.346874
0.348528
0.350177
0.351823
0.353464
0.355101
0.356733
0.358362
0.359986
0.361606
0.363223
0.364835
0.366442
0.368046
0.369646
0.371242
0.372833
0.374421
0.376004
0.377584
0.379159
0.380731
0.382298
0.383861
0.385421
0.386976
0.388528
0.390075
0.391619
0.393159
0.394694
0.396226
0.397754
0.399278
0.400798
0.402315
0.403827
0.405336
0.406841
0.408342
0.409839
0.411332
0.412821
0.414307
0.415789
0.417267
0.418742
0.420212
0.421679
0.423142
0.424602
0.426057
0.427509
0.428958
0.430402
0.431843
0.433280
0.434714
0.436144
0.437570
0.438993
0.440412
0.441828
0.443239
0.444648
0.446052
0.447454
0.448851
0.450245
0.451635
0.453022
0.454406
0.455786
0.457162
0.458535
0.459904
0.461270
0.462632
0.463991
0.465347
0.466699
0.468047
0.469393
0.470734
0.472073
0.473408
0.474739
0.476067
0.477392
0.478713
0.480031
0.481346
0.482657
0.483965
0.485270
0.486571
0.487869
0.489164
0.490456
0.491744
0.493029
0.494310
0.495589
0.496864
0.498136
0.499404
0.500670
0.501932
0.503191
0.504447
0.505700
0.506949
0.508195
0.509438
0.510678
0.511915
0.513149
0.514379
0.515607
0.516831
0.518052
0.519270
0.520485
0.521697
0.522906
0.524112
0.525314
0.526514
0.527711
0.528904
0.530095
0.531282
0.532467
0.533648
0.534827
0.536002
0.537175
0.538344
0.539511
0.540674
0.541835
0.542993
0.544148
0.545300
0.546449
0.547595
0.548738
0.549878
0.551015
0.552150
0.553281
0.554410
0.555536
0.556659
0.557779
0.558897
0.560011
0.561123
0.562232
0.563338
0.564441
0.565542
0.566639
0.567734
0.568826
0.569916
0.571002
0.572086
0.573167
0.574246
0.575322
0.576395
0.577465
0.578532
0.579597
0.580660
0.581719
0.582776
0.583830
0.584882
0.585930
0.586977
0.588020
0.589061
0.590099
0.591135
0.592168
0.593199
0.594227
0.595252
0.596275
0.597295
0.598312
0.599327
0.600340
0.601350
0.602357
0.603362
0.604364
0.605364
0.606361
0.607356
0.608348
0.609338
0.610325
0.611310
0.612292
0.613272
0.614250
0.615224
0.616197
0.617167
0.618135
0.619100
0.620063
0.621023
0.621981
0.622937
0.623890
0.624840
0.625789
0.626735
0.627679
0.628620
0.629559
0.630495
0.631430
0.632362
0.633291
0.634219
0.635144
0.636066
0.636987
0.637905
0.638820
0.639734
0.640645
0.641554
0.642461
0.643365
0.644267
0.645167
0.646065
0.646961
0.647854
0.648745
0.649634
0.650520
0.651405
0.652287
0.653167
0.654045
0.654920
0.655794
0.656665
0.657534
0.658402
0.659266
0.660129
0.660990
0.661848
0.662705
0.663559
0.664411
0.665261
0.666109
0.666955
0.667799
0.668641
0.669480
0.670318
0.671153
0.671987
0.672818
0.673648
0.674475
0.675300
0.676124
0.676945
0.677764
0.678582
0.679397
0.680210
0.681021
0.681831
0.682638
0.683443
0.684247
0.685048
0.685848
0.686645
0.687441
0.688235
0.689027
0.689816
0.690604
0.691390
0.692174
0.692957
0.693737
0.694515
0.695292
0.696067
0.696839
0.697610
0.698380
0.699147
0.699912
0.700676
0.701437
0.702197
0.702955
0.703712
0.704466
0.705219
0.705970
0.706719
0.707466
0.708211
0.708955
0.709697
0.710437
0.711175
0.711912
0.712647
0.713380
0.714111
0.714841
0.715569
0.716295
0.717020
0.717743
0.718464
0.719183
0.719901
0.720617
0.721331
0.722044
0.722755
0.723464
0.724172
0.724878
0.725582
0.726285
0.726986
0.727685
0.728383
0.729079
0.729773
0.730466
0.731158
0.731847
0.732536
0.733222
0.733907
0.734590
0.735272
0.735952
0.736631
0.737308
0.737984
0.738658
0.739330
0.740001
0.740670
0.741338
0.742005
0.742669
0.743333
0.743995
0.744655
0.745314
0.745971
0.746627
0.747281
0.747934
0.748585
0.749235
0.749884
0.750531
0.751176
0.751821
0.752463
0.753104
0.753744
0.754383
0.755020
0.755655
0.756289
0.756922
0.757554
0.758184
0.758812
0.759439
0.760065
0.760690
0.761313
0.761934
0.762555
0.763174
0.763791
0.764408
0.765023
0.765636
0.766249
0.766860
0.767469
0.768078
0.768685
0.769291
0.769895
0.770498
0.771100
0.771701
0.772300
0.772898
0.773495
0.774091
0.774685
0.775278
0.775870
0.776460
0.777049
0.777637
0.778224
0.778810
0.779394
0.779977
0.780559
0.781140
0.781720
0.782298
0.782875
0.783451
0.784026
0.784599
0.785172
0.785743
0.786313
0.786882
0.787450
0.788016
0.788582
0.789146
0.789709
0.790272
0.790832
0.791392
0.791951
0.792509
0.793065
0.793620
0.794175
0.794728
0.795280
0.795831
0.796381
0.796930
0.797478
0.798024
0.798570
0.799115
0.799658
0.800201
0.800742
0.801282
0.801822
0.802360
0.802897
0.803434
0.803969
0.804503
0.805036
0.805568
0.806100
0.806630
0.807159
0.807687
0.808214
0.808741
0.809266
0.809790
0.810314
0.810836
0.811357
0.811878
0.812397
0.812916
0.813433
0.813950
0.814466
0.814980
0.815494
0.816007
0.816519
0.817030
0.817540
0.818049
0.818558
0.819065
0.819572
0.820077
0.820582
0.821086
0.821589
0.822091
0.822592
0.823093
0.823592
0.824091
0.824588
0.825085
0.825581
0.826076
0.826571
0.827064
0.827557
0.828049
0.828540
0.829030
0.829519
0.830008
0.830495
0.830982
0.831468
0.831954
0.832438
0.832922
0.833404
0.833886
0.834368
0.834848
0.835328
0.835807
0.836285
0.836762
0.837239
0.837715
0.838190
0.838664
0.839137
0.839610
0.840082
0.840553
0.841024
0.841494
0.841963
0.842431
0.842898
0.843365
