0.032493
0.069949
0.110642
0.157194
0.213467
0.280192
0.316337
0.273838
0.242539
0.247988
0.256499
0.264817
0.273109
0.281639
0.291325
0.299687
0.302545
0.304847
0.307156
0.309473
0.311799
0.314134
0.316477
0.318830
0.321192
0.323564
0.325945
0.328337
0.330739
0.333151
0.335575
0.338009
0.340455
0.342912
0.345382
0.347863
0.350357
0.352864
0.355383
0.357952
0.360300
0.362684
0.365084
0.367500
0.369932
0.372379
0.374843
0.377322
0.379817
0.382328
0.384856
0.387399
0.389960
0.392537
0.395130
0.397740
0.400367
0.403011
0.405672
0.408350
0.411044
0.413756
0.416484
0.419230
0.421993
0.424773
0.427570
0.430383
0.433214
0.436062
0.438927
0.441808
0.444706
0.447621
0.450552
0.453500
0.456464
0.459445
0.462441
0.465454
0.468482
0.471526
0.474585
0.477660
0.480750
0.483854
0.486974
0.490108
0.493256
0.496418
0.499594
0.502783
0.505986
0.509202
0.512430
0.515671
0.518924
0.522189
0.525466
0.528753
0.532052
0.535361
0.538681
0.542010
0.545348
0.548696
0.552053
0.555418
0.558791
0.562172
0.565560
0.568955
0.572356
0.575764
0.579177
0.582595
0.586018
0.589446
0.592877
0.596312
0.599750
0.603191
0.606634
0.610079
0.613525
0.616972
0.620419
0.623867
0.627314
0.630760
0.634204
0.637647
0.641087
0.644525
0.647960
0.651391
0.654817
0.658240
0.661657
0.665069
0.668475
0.671874
0.675267
0.678652
0.682030
0.685400
0.688761
0.692113
0.695456
0.698789
0.702111
0.705423
0.708724
0.712014
0.715291
0.718556
0.721809
0.725048
0.728274
0.731486
0.734684
0.737867
0.741036
0.744189
0.747326
0.750448
0.753553
0.756641
0.759712
0.762766
0.765803
0.768821
0.771822
0.774803
0.777766
0.780710
0.783635
0.786539
0.789424
0.792289
0.795134
0.797958
0.800761
0.803543
0.806304
0.809043
0.811761
0.814457
0.817131
0.819783
0.822412
0.825019
0.827604
0.830165
0.832704
0.835219
0.837712
0.840181
0.842626
0.845049
0.847447
0.849823
0.852174
0.854502
0.856805
0.859085
0.861341
0.863573
0.865781
0.867965
0.870125
0.872261
0.874372
0.876460
0.878524
0.880563
0.882579
0.884571
0.886538
0.888482
0.890402
0.892298
0.894170
0.896019
0.897844
0.899646
0.901424
0.903178
0.904910
0.906618
0.908303
0.909965
0.911604
0.913220
0.914814
0.916385
0.917934
0.919461
0.920965
0.922447
0.923908
0.925346
0.926763
0.928159
0.929533
0.930887
0.932219
0.933530
0.934821
0.936092
0.937342
0.938572
0.939782
0.940972
0.942143
0.943294
0.944426
0.945539
0.946633
0.947708
0.948765
0.949804
0.950825
0.951827
0.952812
0.953780
0.954730
0.955663
0.956579
0.957478
0.958361
0.959228
0.960078
0.960913
0.961731
0.962534
0.963322
0.964095
0.964853
0.965596
0.966324
0.967038
0.967738
0.968425
0.969097
0.969756
0.970401
0.971033
0.971653
0.972259
0.972853
0.973435
0.974004
0.974562
0.975107
0.975641
0.976163
0.976675
0.977175
0.977664
0.978142
0.978610
0.979068
0.979515
0.979953
0.980380
0.980798
0.981207
0.981606
0.981996
0.982377
0.982749
0.983112
0.983467
0.983814
0.984152
0.984482
0.984805
0.985119
0.985426
0.985726
0.986018
0.986303
0.986582
0.986853
0.987118
0.987376
0.987627
0.987872
0.988111
0.988344
0.988571
0.988792
0.989008
0.989218
0.989422
0.989621
0.989815
0.990004
0.990188
0.990367
0.990541
0.990710
0.990875
0.991036
0.991192
0.991344
0.991491
0.991635
0.991775
0.991910
0.992042
0.992171
0.992296
0.992417
0.992535
0.992649
0.992760
0.992868
0.992973
0.993075
0.993174
0.993270
0.993363
0.993454
0.993541
0.993627
0.993709
0.993790
0.993868
0.993943
0.994016
0.994087
0.994156
0.994223
0.994288
0.994350
0.994411
0.994470
0.994527
0.994582
0.994636
0.994688
0.994738
0.994787
0.994834
0.994879
0.994923
0.994966
0.995008
0.995048
0.995086
0.995124
0.995160
0.995195
0.995229
0.995262
0.995293
0.995324
0.995353
0.995382
0.995410
0.995436
0.995462
0.995487
0.995511
0.995534
0.995557
0.995578
0.995599
0.995620
0.995639
0.995658
0.995676
0.995693
0.995710
0.995727
0.995742
0.995758
0.995772
0.995786
0.995800
0.995813
0.995825
0.995838
0.995849
0.995861
0.995871
0.995882
0.995892
0.995902
0.995911
0.995920
0.995929
0.995937
0.995945
0.995953
0.995960
0.995967
0.995974
0.995981
0.995987
0.995993
0.995999
0.996005
0.996010
0.996015
0.996020
0.996025
0.996030
0.996034
0.996038
0.996043
0.996046
0.996050
0.996054
0.996057
0.996061
0.996064
0.996067
0.996070
0.996073
0.996075
0.996078
0.996080
0.996083
0.996085
0.996087
0.996089
0.996091
0.996093
0.996095
0.996097
0.996099
0.996100
0.996102
0.996103
0.996105
0.996106
0.996107
0.996109
0.996110
0.996111
0.996112
0.996113
0.996114
0.996115
0.996116
0.996117
0.996118
0.996118
0.996119
0.996120
0.996121
0.996121
0.996122
0.996123
0.996123
0.996124
0.996124
0.996125
0.996125
0.996126
0.996126
0.996126
0.996127
0.996127
0.996128
0.996128
0.996128
0.996129
0.996129
0.996129
0.996129
0.996130
0.996130
0.996130
0.996130
0.996131
0.996131
0.996131
0.996131
0.996131
0.996132
0.996132
0.996132
0.996132
0.996132
0.996132
0.996132
0.996132
0.996133
0.996133
0.996133
0.996133
0.996133
0.996133
0.996133
0.996133
0.996133
0.996133
0.996133
0.996133
0.996134
0.996134
0.996134
0.996134
0.996134
0.996134
0.996134
0.996134
0.996134
0.996134
0.996134
0.996134
0.996134
0.996134
0.996134
0.996134
0.996134
0.996134
0.996134
0.996134
0.996134
0.996134
0.996134
0.996134
0.996134
0.996134
0.996134
0.996134
0.996134
0.996134
0.996134
0.996134
0.996134
0.996134
0.996134
0.996134
0.996134
0.996134
0.996134
0.996134
0.996134
0.996134
0.996134
0.996134
0.996134
0.996134
0.996134
0.996134
0.996134
0.996134
0.996134
0.996135
0.996135
0.996135
0.996135
0.996135
0.996135
