0.007103
0.012217
0.016731
0.020974
0.025101
0.029210
0.033377
0.037670
0.042170
0.046964
0.052135
0.057772
0.063974
0.070849
0.078531
0.087199
0.097082
0.108456
0.121691
0.137363
0.156255
0.179501
0.209089
0.248596
0.305000
0.393724
0.550347
0.789898
0.958912
0.994964
0.996864
0.996934
0.996983
0.997032
0.997079
0.997126
0.997171
0.997216
0.997258
0.997300
0.997340
0.997378
0.997415
0.997451
0.997485
0.997518
0.997549
0.997579
0.997607
0.997634
0.997660
0.997684
0.997707
0.997729
0.997750
0.997770
0.997788
0.997806
0.997822
0.997838
0.997852
0.997866
0.997879
0.997891
0.997903
0.997913
0.997923
0.997932
0.997941
0.997949
0.997957
0.997964
0.997970
0.997977
0.997982
0.997988
0.997992
0.997997
0.998001
0.998005
0.998009
0.998012
0.998015
0.998018
0.998021
0.998023
0.998025
0.998027
0.998029
0.998031
0.998033
0.998034
0.998036
0.998037
0.998038
0.998039
0.998040
0.998041
0.998042
0.998042
0.998043
0.998044
0.998044
0.998045
0.998045
0.998046
0.998046
0.998046
0.998047
0.998047
0.998047
0.998048
0.998048
0.998048
0.998048
0.998048
0.998048
0.998049
0.998049
0.998049
0.998049
0.998049
0.998049
0.998049
0.998049
0.998049
0.998049
0.998049
0.998050
0.998050
0.998050
0.998050
0.998050
0.998050
0.998050
0.998050
0.998050
0.998050
0.998050
0.998050
0.998050
0.998050
0.998050
0.998050
0.998050
0.998050
0.998050
0.998050
0.998050
0.998050
0.998050
0.998050
0.998050
0.998050
0.998050
0.998050
0.998050
0.998050
0.998050
0.998050
0.998050
0.998050
0.998050
0.998050
0.998050
0.998050
0.998050
0.998050
0.998050
0.998050
0.998050
0.998050
0.998050
0.998050
0.998050
0.998050
0.998050
0.998050
0.998050
0.998050
0.998050
0.998050
0.998050
0.998050
0.998050
0.998050
0.998050
0.998050
0.998050
0.998050
0.998050
0.998050
0.998050
0.998050
0.998050
0.998050
0.998050
0.998050
0.998050
0.998050
0.998050
0.998050
0.998050
0.998050
0.998050
0.998050
0.998050
0.998050
0.998050
0.998050
0.998050
0.998050
0.998050
0.998050
0.998050
0.998050
0.998050
0.998050
0.998050
0.998050
0.998050
0.998050
0.998050
0.998050
0.998050
0.998050
0.998050
0.998050
0.998050
0.998050
0.998050
0.998050
0.998050
0.998050
0.998050
0.998050
0.998050
0.998050
0.998050
0.998050
0.998050
0.998050
0.998050
0.998050
0.998050
0.998050
0.998050
0.998050
0.998050
0.998050
0.998050
0.998050
0.998050
0.998050
0.998050
0.998050
0.998050
0.998050
0.998050
0.998050
0.998050
0.998050
0.998050
0.998050
0.998050
0.998050
0.998050
0.998050
0.998050
0.998050
0.998050
0.998050
0.998050
0.998050
0.998050
0.998050
0.998050
0.998050
0.998050
0.998050
0.998050
0.998050
0.998050
0.998050
0.998050
0.998050
0.998050
0.998050
0.998050
0.998050
0.998050
0.998050
0.998050
0.998050
0.998050
0.998050
0.998050
0.998050
0.998050
0.998050
0.998050
0.998050
0.998050
0.998050
0.998050
0.998050
0.998050
0.998050
0.998050
0.998050
0.998050
0.998050
0.998050
0.998050
0.998050
0.998050
0.998050
0.998050
0.998050
0.998050
0.998050
0.998050
0.998050
0.998050
0.998050
0.998050
0.998050
0.998050
0.998050
0.998050
0.998050
0.998050
0.998050
0.998050
0.998050
0.998050
0.998050
0.998050
0.998050
0.998050
0.998050
0.998050
0.998050
0.998050
0.998050
0.998050
0.998050
0.998050
0.998050
0.998050
0.998050
0.998050
0.998050
0.998050
0.998050
0.998050
0.998050
0.998050
0.998050
0.998050
0.998050
0.998050
0.998050
0.998050
0.998050
0.998050
0.998050
0.998050
0.998050
0.998050
0.998050
0.998050
0.998050
0.998050
0.998050
0.998050
0.998050
0.998050
0.998050
0.998050
0.998050
0.998050
0.998050
0.998050
0.998050
0.998050
0.998050
0.998050
0.998050
0.998050
0.998050
0.998050
0.998050
0.998050
0.998050
0.998050
0.998050
0.998050
0.998050
0.998050
0.998050
0.998050
0.998050
0.998050
0.998050
0.998050
0.998050
0.998050
0.998050
0.998050
0.998050
0.998050
0.998050
0.998050
0.998050
0.998050
0.998050
0.998050
0.998050
0.998050
0.998050
0.998050
0.998050
0.998050
0.998050
0.998050
0.998050
0.998050
0.998050
0.998050
0.998050
0.998050
0.998050
0.998050
0.998050
0.998050
0.998050
0.998050
0.998050
0.998050
0.998050
0.998050
0.998050
0.998050
0.998050
0.998050
0.998050
0.998050
0.998050
0.998050
0.998050
0.998050
0.998050
0.998050
0.998050
0.998050
0.998050
0.998050
0.998050
0.998050
0.998050
0.998050
0.998050
0.998050
0.998050
0.998050
0.998050
0.998050
0.998050
0.998050
0.998050
0.998050
0.998050
0.998050
0.998050
0.998050
0.998050
0.998050
0.998050
0.998050
0.998050
0.998050
0.998050
0.998050
0.998050
0.998050
0.998050
0.998050
0.998050
0.998050
0.998050
0.998050
0.998050
0.998050
0.998050
0.998050
0.998050
0.998050
0.998050
0.998050
0.998050
0.998050
0.998050
0.998050
0.998050
0.998050
0.998050
0.998050
0.998050
0.998050
0.998050
0.998050
0.998050
0.998050
0.998050
0.998050
0.998050
0.998050
0.998050
0.998050
0.998050
0.998050
0.998050
0.998050
0.998050
0.998050
0.998050
0.998050
0.998050
0.998050
0.998050
0.998050
0.998050
0.998050
0.998050
0.998050
0.998050
0.998050
0.998050
0.998050
0.998050
0.998050
0.998050
0.998050
0.998050
0.998050
0.998050
0.998050
0.998050
0.998050
0.998050
0.998050
0.998050
0.998050
0.998050
0.998050
0.998050
0.998050
0.998050
0.998050
0.998050
0.998050
0.998050
0.998050
0.998050
0.998050
0.998050
0.998050
0.998050
0.998050
0.998050
0.998050
0.998050
0.998050
0.998050
0.998050
0.998050
0.998050
0.998050
0.998050
0.998050
0.998050
0.998050
0.998050
0.998050
0.998050
0.998050
0.998050
0.998050
0.998050
0.998050
0.998050
0.998050
0.998050
0.998050
0.998050
0.998050
0.998050
0.998050
0.998050
