0.040347
0.087573
0.140590
0.204244
0.285410
0.348537
0.283007
0.238830
0.247232
0.257040
0.266385
0.275375
0.284147
0.292866
0.301764
0.311525
0.321487
0.325737
0.328583
0.331435
0.334312
0.337212
0.340136
0.343085
0.346058
0.349055
0.352078
0.355125
0.358198
0.361296
0.364420
0.367570
0.370746
0.373949
0.377178
0.380433
0.383715
0.387024
0.390360
0.393791
0.396982
0.400224
0.403497
0.406800
0.410133
0.413496
0.416888
0.420310
0.423760
0.427240
0.430748
0.434285
0.437850
0.441443
0.445064
0.448712
0.452387
0.456089
0.459818
0.463572
0.467353
0.471158
0.474989
0.478843
0.482722
0.486624
0.490549
0.494496
0.498466
0.502456
0.506467
0.510498
0.514549
0.518618
0.522706
0.526811
0.530933
0.535071
0.539224
0.543392
0.547574
0.551769
0.555976
0.560195
0.564425
0.568665
0.572914
0.577172
0.581437
0.585708
0.589986
0.594269
0.598556
0.602846
0.607138
0.611433
0.615728
0.620022
0.624316
0.628608
0.632897
0.637182
0.641463
0.645739
0.650008
0.654270
0.658524
0.662769
0.667005
0.671230
0.675443
0.679644
0.683832
0.688007
0.692166
0.696310
0.700438
0.704548
0.708641
0.712715
0.716769
0.720804
0.724818
0.728810
0.732779
0.736726
0.740649
0.744548
0.748422
0.752270
0.756093
0.759888
0.763656
0.767396
0.771108
0.774790
0.778443
0.782066
0.785659
0.789220
0.792751
0.796249
0.799715
0.803148
0.806549
0.809916
0.813249
0.816548
0.819813
0.823043
0.826239
0.829399
0.832524
0.835613
0.838666
0.841684
0.844665
0.847610
0.850519
0.853391
0.856226
0.859025
0.861787
0.864513
0.867201
0.869853
0.872467
0.875045
0.877586
0.880091
0.882558
0.884989
0.887384
0.889742
0.892064
0.894349
0.896599
0.898812
0.900990
0.903132
0.905239
0.907311
0.909347
0.911349
0.913317
0.915250
0.917149
0.919014
0.920846
0.922644
0.924410
0.926142
0.927843
0.929511
0.931147
0.932752
0.934326
0.935869
0.937381
0.938863
0.940316
0.941739
0.943132
0.944497
0.945834
0.947142
0.948423
0.949676
0.950903
0.952102
0.953276
0.954423
0.955545
0.956642
0.957715
0.958762
0.959786
0.960786
0.961763
0.962717
0.963649
0.964558
0.965445
0.966311
0.967157
0.967981
0.968785
0.969569
0.970334
0.971079
0.971806
0.972514
0.973204
0.973876
0.974531
0.975168
0.975789
0.976393
0.976981
0.977554
0.978111
0.978653
0.979180
0.979693
0.980191
0.980676
0.981147
0.981605
0.982050
0.982482
0.982902
0.983310
0.983706
0.984090
0.984464
0.984826
0.985177
0.985519
0.985849
0.986170
0.986482
0.986783
0.987076
0.987360
0.987634
0.987901
0.988159
0.988409
0.988651
0.988885
0.989112
0.989332
0.989544
0.989750
0.989949
0.990142
0.990328
0.990508
0.990682
0.990850
0.991013
0.991170
0.991322
0.991469
0.991611
0.991748
0.991880
0.992008
0.992131
0.992250
0.992365
0.992475
0.992582
0.992685
0.992785
0.992880
0.992973
0.993062
0.993148
0.993230
0.993310
0.993387
0.993460
0.993532
0.993600
0.993666
0.993730
0.993791
0.993849
0.993906
0.993960
0.994013
0.994063
0.994111
0.994158
0.994203
0.994245
0.994287
0.994326
0.994364
0.994401
0.994436
0.994470
0.994502
0.994533
0.994563
0.994591
0.994619
0.994645
0.994670
0.994694
0.994718
0.994740
0.994761
0.994781
0.994801
0.994820
0.994837
0.994855
0.994871
0.994887
0.994902
0.994916
0.994930
0.994943
0.994956
0.994968
0.994979
0.994990
0.995001
0.995011
0.995020
0.995030
0.995038
0.995047
0.995055
0.995062
0.995070
0.995077
0.995083
0.995090
0.995096
0.995101
0.995107
0.995112
0.995117
0.995122
0.995126
0.995131
0.995135
0.995139
0.995143
0.995146
0.995149
0.995153
0.995156
0.995159
0.995161
0.995164
0.995167
0.995169
0.995171
0.995173
0.995176
0.995177
0.995179
0.995181
0.995183
0.995184
0.995186
0.995187
0.995189
0.995190
0.995191
0.995192
0.995193
0.995194
0.995195
0.995196
0.995197
0.995198
0.995199
0.995200
0.995200
0.995201
0.995202
0.995202
0.995203
0.995203
0.995204
0.995205
0.995205
0.995205
0.995206
0.995206
0.995207
0.995207
0.995207
0.995208
0.995208
0.995208
0.995208
0.995209
0.995209
0.995209
0.995209
0.995210
0.995210
0.995210
0.995210
0.995210
0.995210
0.995211
0.995211
0.995211
0.995211
0.995211
0.995211
0.995211
0.995211
0.995211
0.995211
0.995212
0.995212
0.995212
0.995212
0.995212
0.995212
0.995212
0.995212
0.995212
0.995212
0.995212
0.995212
0.995212
0.995212
0.995212
0.995212
0.995212
0.995212
0.995212
0.995212
0.995212
0.995212
0.995212
0.995212
0.995212
0.995212
0.995212
0.995213
0.995213
0.995213
0.995213
0.995213
0.995213
0.995213
0.995213
0.995213
0.995213
0.995213
0.995213
0.995213
0.995213
0.995213
0.995213
0.995213
0.995213
0.995213
0.995213
0.995213
0.995213
0.995213
0.995213
0.995213
0.995213
0.995213
0.995213
0.995213
0.995213
0.995213
0.995213
0.995213
0.995213
0.995213
0.995213
0.995213
0.995213
0.995213
0.995213
0.995213
0.995213
0.995213
0.995213
0.995213
0.995213
0.995213
0.995213
0.995213
0.995213
0.995213
0.995213
0.995213
0.995213
0.995213
0.995213
0.995213
0.995213
0.995213
0.995213
0.995213
0.995213
0.995213
0.995213
0.995213
0.995213
0.995213
0.995213
0.995213
0.995213
0.995213
0.995213
0.995213
0.995213
0.995213
0.995213
0.995213
0.995213
0.995213
0.995213
0.995213
0.995213
0.995213
0.995213
0.995213
0.995213
0.995213
0.995213
0.995213
0.995213
0.995213
0.995213
0.995213
0.995213
0.995213
0.995213
0.995213
0.995213
0.995213
0.995213
0.995213
0.995213
0.995213
0.995213
0.995213
0.995213
0.995213
0.995213
0.995213
0.995213
0.995213
0.995213
0.995213
0.995213
0.995213
0.995213
0.995213
0.995213
0.995213
0.995213
0.995213
0.995213
0.995213
0.995213
0.995213
0.995213
0.995213
0.995213
0.995213
0.995213
0.995213
