0.009921
0.021249
0.033408
0.048463
0.055829
0.062809
0.070460
0.078919
0.088348
0.098934
0.110922
0.124644
0.140547
0.159225
0.181499
0.208680
0.242921
0.287358
0.343026
0.389328
0.372529
0.318541
0.302201
0.303502
0.305973
0.308482
0.311015
0.313571
0.316147
0.318745
0.321362
0.323999
0.326656
0.329332
0.332028
0.334743
0.337478
0.340233
0.343008
0.345847
0.348457
0.351110
0.353787
0.356487
0.359209
0.361955
0.364723
0.367514
0.370328
0.373165
0.376025
0.378908
0.381815
0.384744
0.387696
0.390671
0.393669
0.396690
0.399734
0.402801
0.405890
0.409002
0.412136
0.415293
0.418472
0.421673
0.424895
0.428140
0.431405
0.434692
0.437999
0.441328
0.444676
0.448045
0.451433
0.454841
0.458267
0.461713
0.465176
0.468658
0.472157
0.475673
0.479206
0.482755
0.486320
0.489901
0.493496
0.497106
0.500729
0.504366
0.508016
0.511678
0.515352
0.519037
0.522733
0.526439
0.530155
0.533880
0.537613
0.541354
0.545103
0.548858
0.552619
0.556386
0.560157
0.563933
0.567713
0.571495
0.575280
0.579067
0.582855
0.586643
0.590432
0.594219
0.598006
0.601790
0.605573
0.609351
0.613127
0.616898
0.620663
0.624424
0.628178
0.631926
0.635666
0.639398
0.643122
0.646836
0.650542
0.654237
0.657921
0.661594
0.665255
0.668904
0.672540
0.676163
0.679772
0.683366
0.686946
0.690510
0.694059
0.697591
0.701107
0.704605
0.708086
0.711549
0.714994
0.718420
0.721826
0.725213
0.728581
0.731928
0.735254
0.738559
0.741843
0.745106
0.748347
0.751565
0.754761
0.757934
0.761084
0.764211
0.767315
0.770395
0.773450
0.776482
0.779489
0.782472
0.785430
0.788363
0.791271
0.794154
0.797012
0.799844
0.802651
0.805432
0.808187
0.810917
0.813620
0.816297
0.818949
0.821574
0.824173
0.826746
0.829293
0.831813
0.834307
0.836775
0.839217
0.841633
0.844022
0.846385
0.848722
0.851033
0.853318
0.855577
0.857810
0.860017
0.862198
0.864353
0.866483
0.868588
0.870667
0.872721
0.874749
0.876752
0.878731
0.880684
0.882613
0.884518
0.886397
0.888253
0.890084
0.891891
0.893675
0.895435
0.897171
0.898884
0.900573
0.902240
0.903884
0.905505
0.907103
0.908679
0.910233
0.911765
0.913275
0.914764
0.916231
0.917677
0.919102
0.920506
0.921889
0.923252
0.924595
0.925918
0.927221
0.928504
0.929768
0.931012
0.932238
0.933444
0.934632
0.935802
0.936953
0.938086
0.939202
0.940300
0.941380
0.942443
0.943490
0.944519
0.945532
0.946528
0.947508
0.948472
0.949421
0.950353
0.951270
0.952173
0.953060
0.953932
0.954789
0.955632
0.956461
0.957276
0.958077
0.958864
0.959638
0.960398
0.961146
0.961880
0.962602
0.963311
0.964007
0.964692
0.965364
0.966024
0.966673
0.967310
0.967936
0.968551
0.969155
0.969747
0.970330
0.970901
0.971462
0.972013
0.972554
0.973085
0.973606
0.974118
0.974620
0.975113
0.975597
0.976072
0.976538
0.976995
0.977444
0.977884
0.978316
0.978740
0.979155
0.979563
0.979963
0.980356
0.980741
0.981118
0.981488
0.981851
0.982208
0.982557
0.982899
0.983235
0.983564
0.983887
0.984204
0.984514
0.984818
0.985116
0.985409
0.985695
0.985976
0.986251
0.986521
0.986786
0.987045
0.987299
0.987547
0.987791
0.988030
0.988264
0.988493
0.988718
0.988938
0.989154
0.989365
0.989572
0.989775
0.989973
0.990168
0.990358
0.990545
0.990727
0.990906
0.991081
0.991253
0.991421
0.991585
0.991746
0.991904
0.992058
0.992209
0.992357
0.992502
0.992644
0.992782
0.992918
0.993051
0.993181
0.993309
0.993433
0.993555
0.993675
0.993791
0.993906
0.994017
0.994127
0.994234
0.994339
0.994441
0.994541
0.994640
0.994736
0.994829
0.994921
0.995011
0.995099
0.995185
0.995269
0.995351
0.995432
0.995510
0.995587
0.995662
0.995736
0.995808
0.995878
0.995947
0.996014
0.996080
0.996144
0.996207
0.996268
0.996328
0.996387
0.996444
0.996501
0.996555
0.996609
0.996661
0.996713
0.996763
0.996812
0.996859
0.996906
0.996952
0.996996
0.997040
0.997082
0.997124
0.997165
0.997205
0.997243
0.997281
0.997318
0.997355
0.997390
0.997424
0.997458
0.997491
0.997523
0.997555
0.997586
0.997616
0.997645
0.997674
0.997701
0.997729
0.997755
0.997782
0.997807
0.997832
0.997856
0.997880
0.997903
0.997925
0.997947
0.997969
0.997990
0.998011
0.998031
0.998050
0.998069
0.998088
0.998106
0.998124
0.998141
0.998158
0.998174
0.998191
0.998206
0.998222
0.998237
0.998251
0.998266
0.998279
0.998293
0.998306
0.998319
0.998332
0.998344
0.998356
0.998368
0.998379
0.998390
0.998401
0.998412
0.998422
0.998432
0.998442
0.998452
0.998461
0.998470
0.998479
0.998488
0.998497
0.998505
0.998513
0.998521
0.998528
0.998536
0.998543
0.998550
0.998557
0.998564
0.998571
0.998577
0.998583
0.998589
0.998595
0.998601
0.998607
0.998612
0.998618
0.998623
0.998628
0.998633
0.998638
0.998643
0.998647
0.998652
0.998656
0.998661
0.998665
0.998669
0.998673
0.998677
0.998680
0.998684
0.998688
0.998691
0.998695
0.998698
0.998701
0.998704
0.998707
0.998710
0.998713
0.998716
0.998719
0.998721
0.998724
0.998727
0.998729
0.998732
0.998734
0.998736
0.998738
0.998741
0.998743
0.998745
0.998747
0.998749
0.998751
0.998753
0.998754
0.998756
0.998758
0.998759
0.998761
0.998763
0.998764
0.998766
0.998767
0.998769
0.998770
0.998771
0.998773
0.998774
0.998775
0.998776
0.998778
0.998779
0.998780
0.998781
0.998782
0.998783
0.998784
0.998785
0.998786
0.998787
0.998788
0.998789
0.998789
0.998790
0.998791
0.998792
0.998793
0.998793
0.998794
0.998795
0.998795
0.998796
0.998797
0.998797
0.998798
0.998799
0.998799
0.998800
0.998800
0.998801
0.998801
0.998802
0.998802
0.998803
0.998803
0.998804
0.998804
0.998805
0.998805
0.998805
0.998806
0.998806
0.998807
0.998807
0.998807
0.998808
0.998808
0.998808
