0.010161
0.023361
0.031845
0.036981
0.042404
0.048198
0.054441
0.061215
0.068629
0.076817
0.085936
0.096168
0.107745
0.120987
0.136319
0.154307
0.175722
0.201786
0.234482
0.276961
0.333615
0.403937
0.447343
0.403267
0.358032
0.354062
0.357181
0.360563
0.364012
0.367521
0.371084
0.374698
0.378361
0.382071
0.385826
0.389624
0.393466
0.397349
0.401273
0.405331
0.409140
0.413011
0.416924
0.420879
0.424875
0.428911
0.432986
0.437099
0.441249
0.445435
0.449657
0.453913
0.458203
0.462525
0.466879
0.471263
0.475677
0.480119
0.484588
0.489084
0.493604
0.498148
0.502715
0.507303
0.511912
0.516539
0.521184
0.525845
0.530521
0.535211
0.539914
0.544627
0.549350
0.554082
0.558834
0.563592
0.568354
0.573119
0.577884
0.582650
0.587413
0.592174
0.596931
0.601682
0.606426
0.611162
0.615888
0.620604
0.625308
0.629999
0.634676
0.639337
0.643981
0.648607
0.653215
0.657802
0.662368
0.666912
0.671433
0.675929
0.680400
0.684845
0.689263
0.693653
0.698014
0.702346
0.706647
0.710917
0.715154
0.719359
0.723531
0.727668
0.731771
0.735839
0.739870
0.743866
0.747824
0.751745
0.755628
0.759473
0.763280
0.767047
0.770775
0.774464
0.778112
0.781721
0.785289
0.788816
0.792303
0.795748
0.799153
0.802517
0.805839
0.809120
0.812360
0.815558
0.818716
0.821832
0.824907
0.827940
0.830933
0.833885
0.836795
0.839666
0.842495
0.845285
0.848034
0.850743
0.853413
0.856043
0.858634
0.861186
0.863699
0.866173
0.868610
0.871009
0.873370
0.875693
0.877980
0.880231
0.882445
0.884623
0.886765
0.888873
0.890946
0.892984
0.894988
0.896958
0.898895
0.900799
0.902671
0.904510
0.906318
0.908094
0.909839
0.911554
0.913238
0.914893
0.916518
0.918114
0.919682
0.921222
0.922733
0.924218
0.925675
0.927106
0.928510
0.929889
0.931242
0.932570
0.933873
0.935153
0.936408
0.937640
0.938848
0.940034
0.941197
0.942339
0.943458
0.944557
0.945634
0.946691
0.947727
0.948744
0.949741
0.950718
0.951677
0.952617
0.953539
0.954443
0.955329
0.956198
0.957050
0.957885
0.958704
0.959507
0.960294
0.961066
0.961822
0.962563
0.963290
0.964002
0.964700
0.965384
0.966054
0.966712
0.967356
0.967987
0.968605
0.969212
0.969806
0.970388
0.970958
0.971517
0.972065
0.972602
0.973128
0.973643
0.974148
0.974643
0.975128
0.975603
0.976069
0.976525
0.976972
0.977409
0.977838
0.978259
0.978670
0.979074
0.979469
0.979856
0.980236
0.980608
0.980972
0.981328
0.981678
0.982021
0.982356
0.982685
0.983007
0.983322
0.983631
0.983934
0.984231
0.984522
0.984806
0.985085
0.985359
0.985626
0.985889
0.986146
0.986397
0.986644
0.986886
0.987123
0.987355
0.987582
0.987805
0.988023
0.988236
0.988446
0.988651
0.988852
0.989049
0.989242
0.989431
0.989616
0.989798
0.989976
0.990150
0.990320
0.990488
0.990652
0.990812
0.990970
0.991124
0.991275
0.991423
0.991568
0.991710
0.991849
0.991986
0.992119
0.992250
0.992379
0.992505
0.992628
0.992749
0.992867
0.992983
0.993097
0.993208
0.993317
0.993424
0.993529
0.993632
0.993733
0.993831
0.993928
0.994023
0.994116
0.994207
0.994296
0.994384
0.994469
0.994553
0.994636
0.994717
0.994796
0.994873
0.994949
0.995024
0.995097
0.995168
0.995239
0.995307
0.995375
0.995441
0.995506
0.995569
0.995631
0.995692
0.995752
0.995811
0.995868
0.995925
0.995980
0.996034
0.996087
0.996139
0.996190
0.996240
0.996289
0.996338
0.996385
0.996431
0.996476
0.996521
0.996564
0.996607
0.996649
0.996690
0.996730
0.996770
0.996809
0.996847
0.996884
0.996920
0.996956
0.996991
0.997026
0.997059
0.997092
0.997125
0.997157
0.997188
0.997219
0.997249
0.997278
0.997307
0.997335
0.997363
0.997390
0.997417
0.997443
0.997469
0.997494
0.997519
0.997543
0.997567
0.997590
0.997613
0.997636
0.997658
0.997679
0.997700
0.997721
0.997741
0.997761
0.997781
0.997800
0.997819
0.997838
0.997856
0.997874
0.997891
0.997908
0.997925
0.997941
0.997958
0.997973
0.997989
0.998004
0.998019
0.998034
0.998048
0.998062
0.998076
0.998090
0.998103
0.998116
0.998129
0.998142
0.998154
0.998166
0.998178
0.998190
0.998201
0.998213
0.998224
0.998235
0.998245
0.998256
0.998266
0.998276
0.998286
0.998295
0.998305
0.998314
0.998323
0.998332
0.998341
0.998350
0.998358
0.998366
0.998375
0.998383
0.998390
0.998398
0.998406
0.998413
0.998420
0.998428
0.998435
0.998441
0.998448
0.998455
0.998461
0.998468
0.998474
0.998480
0.998486
0.998492
0.998498
0.998504
0.998509
0.998515
0.998520
0.998525
0.998530
0.998536
0.998541
0.998545
0.998550
0.998555
0.998560
0.998564
0.998569
0.998573
0.998577
0.998582
0.998586
0.998590
0.998594
0.998598
0.998602
0.998605
0.998609
0.998613
0.998616
0.998620
0.998623
0.998627
0.998630
0.998633
0.998636
0.998639
0.998643
0.998646
0.998649
0.998651
0.998654
0.998657
0.998660
0.998663
0.998665
0.998668
0.998670
0.998673
0.998675
0.998678
0.998680
0.998682
0.998685
0.998687
0.998689
0.998691
0.998693
0.998696
0.998698
0.998700
0.998702
0.998704
0.998705
0.998707
0.998709
0.998711
0.998713
0.998714
0.998716
0.998718
0.998719
0.998721
0.998723
0.998724
0.998726
0.998727
0.998729
0.998730
0.998731
0.998733
0.998734
0.998736
0.998737
0.998738
0.998739
0.998741
0.998742
0.998743
0.998744
0.998745
0.998747
0.998748
0.998749
0.998750
0.998751
0.998752
0.998753
0.998754
0.998755
0.998756
0.998757
0.998758
0.998759
0.998760
0.998760
0.998761
0.998762
0.998763
0.998764
0.998765
0.998765
0.998766
0.998767
0.998768
0.998768
0.998769
0.998770
0.998770
0.998771
0.998772
0.998772
0.998773
0.998774
0.998774
0.998775
0.998776
0.998776
0.998777
0.998777
0.998778
0.998778
0.998779
0.998779
0.998780
0.998780
0.998781
0.998781
0.998782
