0.013974
0.067998
0.145890
0.204098
0.239052
0.261062
0.268180
0.272001
0.274671
0.276912
0.278999
0.281031
0.283040
0.285039
0.287030
0.289014
0.290993
0.292964
0.294930
0.296890
0.298843
0.300791
0.302733
0.304668
0.306598
0.308522
0.310441
0.312354
0.314261
0.316162
0.318058
0.319949
0.321834
0.323713
0.325588
0.327456
0.329320
0.331178
0.333031
0.334941
0.336657
0.338351
0.340036
0.341717
0.343393
0.345065
0.346733
0.348396
0.350055
0.351710
0.353360
0.355006
0.356648
0.358286
0.359920
0.361549
0.363174
0.364795
0.366412
0.368024
0.369633
0.371237
0.372837
0.374433
0.376025
0.377613
0.379197
0.380777
0.382352
0.383924
0.385492
0.387055
0.388615
0.390170
0.391722
0.393269
0.394813
0.396353
0.397888
0.399420
0.400948
0.402472
0.403992
0.405508
0.407020
0.408528
0.410033
0.411533
0.413030
0.414523
0.416012
0.417497
0.418978
0.420456
0.421930
0.423400
0.424866
0.426328
0.427787
0.429242
0.430693
0.432141
0.433585
0.435025
0.436461
0.437894
0.439323
0.440748
0.442170
0.443588
0.445003
0.446413
0.447821
0.449224
0.450624
0.452021
0.453413
0.454803
0.456188
0.457571
0.458949
0.460324
0.461696
0.463064
0.464428
0.465789
0.467147
0.468501
0.469851
0.471199
0.472542
0.473882
0.475219
0.476553
0.477883
0.479209
0.480532
0.481852
0.483168
0.484481
0.485791
0.487097
0.488400
0.489700
0.490996
0.492289
0.493579
0.494865
0.496148
0.497428
0.498704
0.499977
0.501247
0.502514
0.503777
0.505038
0.506295
0.507548
0.508799
0.510046
0.511290
0.512531
0.513769
0.515004
0.516235
0.517464
0.518689
0.519911
0.521130
0.522346
0.523558
0.524768
0.525974
0.527178
0.528378
0.529575
0.530769
0.531960
0.533149
0.534334
0.535516
0.536694
0.537870
0.539043
0.540213
0.541380
0.542544
0.543705
0.544863
0.546018
0.547170
0.548320
0.549466
0.550609
0.551749
0.552887
0.554021
0.555153
0.556282
0.557408
0.558531
0.559651
0.560768
0.561882
0.562994
0.564102
0.565208
0.566311
0.567412
0.568509
0.569604
0.570695
0.571784
0.572871
0.573954
0.575035
0.576113
0.577188
0.578260
0.579330
0.580397
0.581461
0.582522
0.583581
0.584637
0.585691
0.586741
0.587789
0.588834
0.589877
0.590917
0.591954
0.592989
0.594021
0.595050
0.596077
0.597101
0.598123
0.599142
0.600158
0.601172
0.602183
0.603191
0.604197
0.605201
0.606201
0.607200
0.608195
0.609189
0.610179
0.611167
0.612153
0.613136
0.614116
0.615095
0.616070
0.617043
0.618014
0.618982
0.619947
0.620911
0.621871
0.622829
0.623785
0.624739
0.625689
0.626638
0.627584
0.628528
0.629469
0.630408
0.631344
0.632278
0.633210
0.634139
0.635066
0.635991
0.636913
0.637833
0.638750
0.639665
0.640578
0.641489
0.642397
0.643303
0.644206
0.645107
0.646006
0.646903
0.647797
0.648689
0.649579
0.650466
0.651352
0.652235
0.653115
0.653994
0.654870
0.655744
0.656616
0.657485
0.658353
0.659218
0.660081
0.660941
0.661800
0.662656
0.663510
0.664362
0.665212
0.666060
0.666905
0.667748
0.668589
0.669428
0.670265
0.671100
0.671933
0.672763
0.673591
0.674418
0.675242
0.676064
0.676884
0.677702
0.678517
0.679331
0.680142
0.680952
0.681759
0.682565
0.683368
0.684169
0.684969
0.685766
0.686561
0.687354
0.688145
0.688934
0.689722
0.690507
0.691290
0.692071
0.692850
0.693627
0.694402
0.695175
0.695946
0.696716
0.697483
0.698248
0.699012
0.699773
0.700532
0.701290
0.702045
0.702799
0.703551
0.704301
0.705049
0.705795
0.706539
0.707281
0.708021
0.708760
0.709496
0.710231
0.710964
0.711694
0.712424
0.713151
0.713876
0.714600
0.715321
0.716041
0.716759
0.717475
0.718189
0.718902
0.719613
0.720322
0.721029
0.721734
0.722437
0.723139
0.723839
0.724537
0.725233
0.725928
0.726621
0.727312
0.728001
0.728688
0.729374
0.730058
0.730740
0.731421
0.732100
0.732777
0.733452
0.734126
0.734797
0.735468
0.736136
0.736803
0.737468
0.738131
0.738793
0.739453
0.740111
0.740768
0.741423
0.742076
0.742728
0.743378
0.744026
0.744673
0.745318
0.745961
0.746603
0.747243
0.747881
0.748518
0.749153
0.749787
0.750419
0.751049
0.751678
0.752305
0.752931
0.753555
0.754177
0.754798
0.755417
0.756035
0.756651
0.757265
0.757878
0.758490
0.759099
0.759708
0.760314
0.760920
0.761523
0.762125
0.762726
0.763325
0.763922
0.764518
0.765113
0.765706
0.766297
0.766887
0.767475
0.768062
0.768648
0.769232
0.769814
0.770395
0.770975
0.771553
0.772129
0.772704
0.773278
0.773850
0.774421
0.774990
0.775558
0.776124
0.776689
0.777252
0.777814
0.778375
0.778934
0.779492
0.780048
0.780603
0.781157
0.781709
0.782259
0.782809
0.783357
0.783903
0.784448
0.784992
0.785534
0.786075
0.786615
0.787153
0.787690
0.788225
0.788759
0.789292
0.789823
0.790353
0.790882
0.791409
0.791935
0.792460
0.792983
0.793505
0.794026
0.794545
0.795063
0.795580
0.796095
0.796609
0.797122
0.797634
0.798144
0.798653
0.799160
0.799666
0.800171
0.800675
0.801178
0.801679
0.802179
0.802677
0.803174
0.803670
0.804165
0.804659
0.805151
0.805642
0.806132
0.806620
0.807108
0.807594
0.808079
0.808562
0.809044
0.809526
0.810005
0.810484
0.810962
0.811438
0.811913
0.812387
0.812859
0.813331
0.813801
0.814270
0.814738
0.815204
0.815670
0.816134
0.816597
0.817059
0.817520
0.817979
0.818438
0.818895
0.819351
0.819806
0.820260
0.820712
0.821164
0.821614
0.822063
0.822511
0.822958
0.823404
0.823849
0.824292
0.824734
0.825176
0.825616
0.826055
0.826493
0.826929
0.827365
0.827800
0.828233
0.828665
0.829097
0.829527
0.829956
0.830384
0.830811
0.831236
0.831661
0.832085
0.832507
0.832929
0.833349
0.833769
0.834187
0.834604
0.835020
0.835435
0.835849
0.836262
0.836674
0.837085
0.837495
0.837904
0.838312
0.838719
0.839124
