0.179203
0.444033
0.607608
0.639121
0.666141
0.689332
0.709692
0.727844
0.744249
0.759248
0.773092
0.785968
0.798031
0.809418
0.820240
0.830577
0.840518
0.850193
0.859763
0.869465
0.879893
0.890593
0.896662
0.900242
0.903593
0.906861
0.910044
0.913142
0.916153
0.919077
0.921913
0.924660
0.927319
0.929890
0.932372
0.934766
0.937073
0.939294
0.941429
0.943562
0.945520
0.947398
0.949197
0.950919
0.952564
0.954136
0.955635
0.957063
0.958423
0.959716
0.960944
0.962109
0.963214
0.964261
0.965251
0.966186
0.967070
0.967903
0.968689
0.969428
0.970124
0.970777
0.971391
0.971966
0.972505
0.973010
0.973482
0.973923
0.974335
0.974719
0.975077
0.975410
0.975719
0.976007
0.976274
0.976522
0.976752
0.976964
0.977161
0.977343
0.977511
0.977665
0.977808
0.977940
0.978061
0.978172
0.978274
0.978368
0.978454
0.978532
0.978604
0.978670
0.978731
0.978786
0.978836
0.978881
0.978923
0.978961
0.978996
0.979027
0.979055
0.979081
0.979104
0.979126
0.979145
0.979162
0.979178
0.979192
0.979205
0.979216
0.979226
0.979236
0.979244
0.979252
0.979258
0.979264
0.979270
0.979275
0.979279
0.979283
0.979286
0.979290
0.979292
0.979295
0.979297
0.979299
0.979301
0.979302
0.979304
0.979305
0.979306
0.979307
0.979308
0.979309
0.979309
0.979310
0.979310
0.979311
0.979311
0.979312
0.979312
0.979312
0.979312
0.979313
0.979313
0.979313
0.979313
0.979313
0.979313
0.979313
0.979313
0.979314
0.979314
0.979314
0.979314
0.979314
0.979314
0.979314
0.979314
0.979314
0.979314
0.979314
0.979314
0.979314
0.979314
0.979314
0.979314
0.979314
0.979314
0.979314
0.979314
0.979314
0.979314
0.979314
0.979314
0.979314
0.979314
0.979314
0.979314
0.979314
0.979314
0.979314
0.979314
0.979314
0.979314
0.979314
0.979314
0.979314
0.979314
0.979314
0.979314
0.979314
0.979314
0.979314
0.979314
0.979314
0.979314
0.979314
0.979314
0.979314
0.979314
0.979314
0.979314
0.979314
0.979314
0.979314
0.979314
0.979314
0.979314
0.979314
0.979314
0.979314
0.979314
0.979314
0.979314
0.979314
0.979314
0.979314
0.979314
0.979314
0.979314
0.979314
0.979314
0.979314
0.979314
0.979314
0.979314
0.979314
0.979314
0.979314
0.979314
0.979314
0.979314
0.979314
0.979314
0.979314
0.979314
0.979314
0.979314
0.979314
0.979314
0.979314
0.979314
0.979314
0.979314
0.979314
0.979314
0.979314
0.979314
0.979314
0.979314
0.979314
0.979314
0.979314
0.979314
0.979314
0.979314
0.979314
0.979314
0.979314
0.979314
0.979314
0.979314
0.979314
0.979314
0.979314
0.979314
0.979314
0.979314
0.979314
0.979314
0.979314
0.979314
0.979314
0.979314
0.979314
0.979314
0.979314
0.979314
0.979314
0.979314
0.979314
0.979314
0.979314
0.979314
0.979314
0.979314
0.979314
0.979314
0.979314
0.979314
0.979314
0.979314
0.979314
0.979314
0.979314
0.979314
0.979314
0.979314
0.979314
0.979314
0.979314
0.979314
0.979314
0.979314
0.979314
0.979314
0.979314
0.979314
0.979314
0.979314
0.979314
0.979314
0.979314
0.979314
0.979314
0.979314
0.979314
0.979314
0.979314
0.979314
0.979314
0.979314
0.979314
0.979314
0.979314
0.979314
0.979314
0.979314
0.979314
0.979314
0.979314
0.979314
0.979314
0.979314
0.979314
0.979314
0.979314
0.979314
0.979314
0.979314
0.979314
0.979314
0.979314
0.979314
0.979314
0.979314
0.979314
0.979314
0.979314
0.979314
0.979314
0.979314
0.979314
0.979314
0.979314
0.979314
0.979314
0.979314
0.979314
0.979314
0.979314
0.979314
0.979314
0.979314
0.979314
0.979314
0.979314
0.979314
0.979314
0.979314
0.979314
0.979314
0.979314
0.979314
0.979314
0.979314
0.979314
0.979314
0.979314
0.979314
0.979314
0.979314
0.979314
0.979314
0.979314
0.979314
0.979314
0.979314
0.979314
0.979314
0.979314
0.979314
0.979314
0.979314
0.979314
0.979314
0.979314
0.979314
0.979314
0.979314
0.979314
0.979314
0.979314
0.979314
0.979314
0.979314
0.979314
0.979314
0.979314
0.979314
0.979314
0.979314
0.979314
0.979314
0.979314
0.979314
0.979314
0.979314
0.979314
0.979314
0.979314
0.979314
0.979314
0.979314
0.979314
0.979314
0.979314
0.979314
0.979314
0.979314
0.979314
0.979314
0.979314
0.979314
0.979314
0.979314
0.979314
0.979314
0.979314
0.979314
0.979314
0.979314
0.979314
0.979314
0.979314
0.979314
0.979314
0.979314
0.979314
0.979314
0.979314
0.979314
0.979314
0.979314
0.979314
0.979314
0.979314
0.979314
0.979314
0.979314
0.979314
0.979314
0.979314
0.979314
0.979314
0.979314
0.979314
0.979314
0.979314
0.979314
0.979314
0.979314
0.979314
0.979314
0.979314
0.979314
0.979314
0.979314
0.979314
0.979314
0.979314
0.979314
0.979314
0.979314
0.979314
0.979314
0.979314
0.979314
0.979314
0.979314
0.979314
0.979314
0.979314
0.979314
0.979314
0.979314
0.979314
0.979314
0.979314
0.979314
0.979314
0.979314
0.979314
0.979314
0.979314
0.979314
0.979314
0.979314
0.979314
0.979314
0.979314
0.979314
0.979314
0.979314
0.979314
0.979314
0.979314
0.979314
0.979314
0.979314
0.979314
0.979314
0.979314
0.979314
0.979314
0.979314
0.979314
0.979314
0.979314
0.979314
0.979314
0.979314
0.979314
0.979314
0.979314
0.979314
0.979314
0.979314
0.979314
0.979314
0.979314
0.979314
0.979314
0.979314
0.979314
0.979314
0.979314
0.979314
0.979314
0.979314
0.979314
0.979314
0.979314
0.979314
0.979314
0.979314
0.979314
0.979314
0.979314
0.979314
0.979314
0.979314
0.979314
0.979314
0.979314
0.979314
0.979314
0.979314
0.979314
0.979314
0.979314
0.979314
0.979314
0.979314
0.979314
0.979314
0.979314
0.979314
0.979314
0.979314
0.979314
0.979314
0.979314
0.979314
0.979314
0.979314
0.979314
0.979314
0.979314
0.979314
0.979314
0.979314
0.979314
0.979314
0.979314
0.979314
0.979314
0.979314
0.979314
