0.012723
0.026971
0.041575
0.056821
0.073140
0.091773
0.116444
0.150932
0.185860
0.220978
0.248603
0.265507
0.273666
0.277033
0.278756
0.280343
0.282152
0.284100
0.286073
0.288042
0.290005
0.291962
0.293913
0.295857
0.297796
0.299729
0.301657
0.303579
0.305495
0.307405
0.309310
0.311210
0.313104
0.314993
0.316876
0.318754
0.320627
0.322494
0.324357
0.326263
0.327971
0.329666
0.331357
0.333043
0.334725
0.336402
0.338076
0.339745
0.341410
0.343071
0.344727
0.346379
0.348028
0.349672
0.351311
0.352947
0.354579
0.356206
0.357830
0.359449
0.361064
0.362675
0.364283
0.365886
0.367485
0.369080
0.370671
0.372258
0.373841
0.375421
0.376996
0.378567
0.380135
0.381698
0.383258
0.384813
0.386365
0.387913
0.389457
0.390998
0.392534
0.394067
0.395596
0.397121
0.398642
0.400160
0.401673
0.403183
0.404690
0.406192
0.407691
0.409186
0.410678
0.412165
0.413650
0.415130
0.416607
0.418080
0.419550
0.421016
0.422478
0.423937
0.425392
0.426844
0.428292
0.429737
0.431178
0.432616
0.434050
0.435481
0.436908
0.438332
0.439752
0.441169
0.442582
0.443992
0.445399
0.446802
0.448202
0.449599
0.450992
0.452382
0.453768
0.455152
0.456531
0.457908
0.459281
0.460651
0.462018
0.463382
0.464742
0.466099
0.467453
0.468804
0.470152
0.471496
0.472837
0.474175
0.475510
0.476842
0.478171
0.479496
0.480819
0.482138
0.483455
0.484768
0.486078
0.487385
0.488690
0.489991
0.491289
0.492584
0.493877
0.495166
0.496452
0.497736
0.499016
0.500294
0.501569
0.502841
0.504110
0.505376
0.506639
0.507899
0.509157
0.510412
0.511664
0.512913
0.514159
0.515403
0.516644
0.517882
0.519118
0.520350
0.521580
0.522808
0.524032
0.525254
0.526474
0.527690
0.528904
0.530116
0.531324
0.532531
0.533734
0.534935
0.536134
0.537330
0.538523
0.539714
0.540902
0.542088
0.543271
0.544452
0.545630
0.546806
0.547980
0.549151
0.550319
0.551486
0.552649
0.553811
0.554970
0.556126
0.557281
0.558433
0.559582
0.560729
0.561874
0.563017
0.564158
0.565296
0.566432
0.567565
0.568697
0.569826
0.570953
0.572077
0.573200
0.574320
0.575438
0.576554
0.577668
0.578780
0.579890
0.580997
0.582103
0.583206
0.584307
0.585406
0.586503
0.587598
0.588691
0.589782
0.590871
0.591958
0.593043
0.594126
0.595207
0.596286
0.597363
0.598438
0.599512
0.600583
0.601652
0.602720
0.603785
0.604849
0.605911
0.606971
0.608029
0.609086
0.610140
0.611193
0.612244
0.613293
0.614340
0.615386
0.616430
0.617472
0.618512
0.619551
0.620587
0.621623
0.622656
0.623688
0.624718
0.625746
0.626773
0.627798
0.628822
0.629844
0.630864
0.631882
0.632900
0.633915
0.634929
0.635941
0.636952
0.637961
0.638969
0.639975
0.640979
0.641982
0.642984
0.643984
0.644982
0.645979
0.646975
0.647969
0.648962
0.649953
0.650943
0.651931
0.652918
0.653904
0.654888
0.655871
0.656852
0.657832
0.658811
0.659788
0.660764
0.661739
0.662712
0.663684
0.664654
0.665624
0.666592
0.667558
0.668524
0.669488
0.670451
0.671412
0.672373
0.673332
0.674290
0.675246
0.676202
0.677156
0.678109
0.679061
0.680011
0.680960
0.681909
0.682856
0.683801
0.684746
0.685690
0.686632
0.687573
0.688513
0.689452
0.690390
0.691327
0.692262
0.693197
0.694130
0.695062
0.695993
0.696923
0.697852
0.698780
0.699707
0.700633
0.701558
0.702481
0.703404
0.704325
0.705246
0.706166
0.707084
0.708001
0.708918
0.709833
0.710748
0.711661
0.712573
0.713485
0.714395
0.715305
0.716213
0.717120
0.718027
0.718932
0.719837
0.720740
0.721643
0.722545
0.723445
0.724345
0.725244
0.726142
0.727038
0.727934
0.728829
0.729723
0.730617
0.731509
0.732400
0.733290
0.734180
0.735068
0.735956
0.736842
0.737728
0.738613
0.739497
0.740380
0.741262
0.742143
0.743023
0.743903
0.744781
0.745659
0.746535
0.747411
0.748286
0.749160
0.750033
0.750905
0.751776
0.752647
0.753516
0.754385
0.755252
0.756119
0.756985
0.757850
0.758714
0.759577
0.760440
0.761301
0.762162
0.763021
0.763880
0.764738
0.765595
0.766451
0.767306
0.768160
0.769013
0.769866
0.770717
0.771568
0.772417
0.773266
0.774114
0.774961
0.775807
0.776652
0.777496
0.778339
0.779182
0.780023
0.780863
0.781703
0.782541
0.783379
0.784216
0.785051
0.785886
0.786720
0.787553
0.788385
0.789216
0.790046
0.790875
0.791703
0.792530
0.793356
0.794181
0.795006
0.795829
0.796651
0.797472
0.798292
0.799112
0.799930
0.800747
0.801563
0.802378
0.803192
0.804005
0.804817
0.805628
0.806438
0.807247
0.808055
0.808862
0.809668
0.810472
0.811276
0.812078
0.812880
0.813680
0.814479
0.815277
0.816074
0.816870
0.817665
0.818459
0.819251
0.820043
0.820833
0.821622
0.822410
0.823197
0.823982
0.824767
0.825550
0.826332
0.827113
0.827893
0.828671
0.829448
0.830224
0.830999
0.831773
0.832545
0.833316
0.834086
0.834855
0.835622
0.836388
0.837153
0.837917
0.838679
0.839440
0.840199
0.840958
0.841715
0.842470
0.843225
0.843978
0.844729
0.845480
0.846229
0.846976
0.847722
0.848467
0.849211
0.849953
0.850693
0.851432
0.852170
0.852907
0.853641
0.854375
0.855107
0.855837
0.856566
0.857294
0.858020
0.858745
0.859468
0.860190
0.860910
0.861628
0.862345
0.863061
0.863775
0.864487
0.865198
0.865907
0.866615
0.867321
0.868026
0.868729
0.869430
0.870130
0.870828
0.871524
0.872219
0.872913
0.873604
0.874294
0.874982
0.875669
0.876354
0.877037
0.877718
0.878398
0.879076
0.879752
0.880427
0.881100
0.881771
0.882440
0.883108
0.883774
0.884438
0.885100
0.885761
0.886420
0.887077
0.887732
0.888385
0.889036
0.889686
0.890334
0.890980
0.891624
0.892266
0.892907
0.893545
0.894182
0.894817
0.895449
0.896080
0.896709
0.897337
0.897962
0.898585
0.899206
0.899826
0.900443
0.901059
0.901672
0.902284
