0.071968
0.161439
0.276028
0.416680
0.316338
0.295007
0.311332
0.326469
0.340609
0.353930
0.366587
0.378714
0.390402
0.401733
0.412829
0.423836
0.434949
0.446520
0.459354
0.469411
0.475204
0.480629
0.486105
0.491635
0.497217
0.502848
0.508526
0.514251
0.520019
0.525829
0.531679
0.537567
0.543490
0.549447
0.555434
0.561451
0.567493
0.573559
0.579647
0.585958
0.591951
0.597972
0.604013
0.610068
0.616136
0.622212
0.628295
0.634380
0.640465
0.646547
0.652623
0.658690
0.664745
0.670787
0.676811
0.682815
0.688796
0.694752
0.700680
0.706577
0.712442
0.718270
0.724061
0.729811
0.735518
0.741179
0.746794
0.752358
0.757871
0.763331
0.768734
0.774080
0.779367
0.784592
0.789754
0.794853
0.799885
0.804850
0.809746
0.814573
0.819328
0.824011
0.828622
0.833158
0.837619
0.842005
0.846315
0.850548
0.854703
0.858781
0.862781
0.866702
0.870545
0.874310
0.877995
0.881603
0.885132
0.888582
0.891955
0.895250
0.898468
0.901609
0.904674
0.907663
0.910576
0.913416
0.916181
0.918874
0.921494
0.924043
0.926521
0.928930
0.931270
0.933543
0.935749
0.937890
0.939966
0.941979
0.943929
0.945819
0.947648
0.949419
0.951132
0.952789
0.954390
0.955938
0.957433
0.958876
0.960268
0.961612
0.962907
0.964156
0.965359
0.966518
0.967634
0.968708
0.969741
0.970734
0.971689
0.972606
0.973487
0.974333
0.975145
0.975924
0.976670
0.977386
0.978072
0.978729
0.979358
0.979960
0.980536
0.981087
0.981614
0.982117
0.982597
0.983056
0.983495
0.983913
0.984311
0.984691
0.985054
0.985399
0.985728
0.986041
0.986338
0.986622
0.986891
0.987147
0.987390
0.987622
0.987841
0.988049
0.988247
0.988435
0.988612
0.988781
0.988940
0.989092
0.989235
0.989370
0.989498
0.989620
0.989734
0.989842
0.989945
0.990041
0.990133
0.990219
0.990300
0.990376
0.990449
0.990517
0.990581
0.990641
0.990698
0.990751
0.990802
0.990849
0.990893
0.990935
0.990974
0.991011
0.991046
0.991078
0.991109
0.991137
0.991164
0.991189
0.991213
0.991235
0.991255
0.991275
0.991293
0.991310
0.991326
0.991340
0.991354
0.991367
0.991379
0.991390
0.991401
0.991410
0.991420
0.991428
0.991436
0.991443
0.991450
0.991457
0.991462
0.991468
0.991473
0.991478
0.991482
0.991486
0.991490
0.991494
0.991497
0.991500
0.991503
0.991506
0.991508
0.991510
0.991513
0.991514
0.991516
0.991518
0.991519
0.991521
0.991522
0.991523
0.991525
0.991526
0.991527
0.991527
0.991528
0.991529
0.991530
0.991530
0.991531
0.991531
0.991532
0.991532
0.991533
0.991533
0.991534
0.991534
0.991534
0.991535
0.991535
0.991535
0.991535
0.991535
0.991536
0.991536
0.991536
0.991536
0.991536
0.991536
0.991536
0.991537
0.991537
0.991537
0.991537
0.991537
0.991537
0.991537
0.991537
0.991537
0.991537
0.991537
0.991537
0.991537
0.991537
0.991537
0.991537
0.991537
0.991537
0.991537
0.991537
0.991537
0.991537
0.991537
0.991537
0.991537
0.991537
0.991537
0.991538
0.991538
0.991538
0.991538
0.991538
0.991538
0.991538
0.991538
0.991538
0.991538
0.991538
0.991538
0.991538
0.991538
0.991538
0.991538
0.991538
0.991538
0.991538
0.991538
0.991538
0.991538
0.991538
0.991538
0.991538
0.991538
0.991538
0.991538
0.991538
0.991538
0.991538
0.991538
0.991538
0.991538
0.991538
0.991538
0.991538
0.991538
0.991538
0.991538
0.991538
0.991538
0.991538
0.991538
0.991538
0.991538
0.991538
0.991538
0.991538
0.991538
0.991538
0.991538
0.991538
0.991538
0.991538
0.991538
0.991538
0.991538
0.991538
0.991538
0.991538
0.991538
0.991538
0.991538
0.991538
0.991538
0.991538
0.991538
0.991538
0.991538
0.991538
0.991538
0.991538
0.991538
0.991538
0.991538
0.991538
0.991538
0.991538
0.991538
0.991538
0.991538
0.991538
0.991538
0.991538
0.991538
0.991538
0.991538
0.991538
0.991538
0.991538
0.991538
0.991538
0.991538
0.991538
0.991538
0.991538
0.991538
0.991538
0.991538
0.991538
0.991538
0.991538
0.991538
0.991538
0.991538
0.991538
0.991538
0.991538
0.991538
0.991538
0.991538
0.991538
0.991538
0.991538
0.991538
0.991538
0.991538
0.991538
0.991538
0.991538
0.991538
0.991538
0.991538
0.991538
0.991538
0.991538
0.991538
0.991538
0.991538
0.991538
0.991538
0.991538
0.991538
0.991538
0.991538
0.991538
0.991538
0.991538
0.991538
0.991538
0.991538
0.991538
0.991538
0.991538
0.991538
0.991538
0.991538
0.991538
0.991538
0.991538
0.991538
0.991538
0.991538
0.991538
0.991538
0.991538
0.991538
0.991538
0.991538
0.991538
0.991538
0.991538
0.991538
0.991538
0.991538
0.991538
0.991538
0.991538
0.991538
0.991538
0.991538
0.991538
0.991538
0.991538
0.991538
0.991538
0.991538
0.991538
0.991538
0.991538
0.991538
0.991538
0.991538
0.991538
0.991538
0.991538
0.991538
0.991538
0.991538
0.991538
0.991538
0.991538
0.991538
0.991538
0.991538
0.991538
0.991538
0.991538
0.991538
0.991538
0.991538
0.991538
0.991538
0.991538
0.991538
0.991538
0.991538
0.991538
0.991538
0.991538
0.991538
0.991538
0.991538
0.991538
0.991538
0.991538
0.991538
0.991538
0.991538
0.991538
0.991538
0.991538
0.991538
0.991538
0.991538
0.991538
0.991538
0.991538
0.991538
0.991538
0.991538
0.991538
0.991538
0.991538
0.991538
0.991538
0.991538
0.991538
0.991538
0.991538
0.991538
0.991538
0.991538
0.991538
0.991538
0.991538
0.991538
0.991538
0.991538
0.991538
0.991538
0.991538
0.991538
0.991538
0.991538
0.991538
0.991538
0.991538
0.991538
0.991538
0.991538
0.991538
0.991538
0.991538
0.991538
0.991538
0.991538
0.991538
0.991538
0.991538
0.991538
0.991538
0.991538
0.991538
0.991538
0.991538
0.991538
0.991538
0.991538
0.991538
0.991538
0.991538
0.991538
0.991538
0.991538
0.991538
0.991538
0.991538
0.991538
0.991538
0.991538
0.991538
0.991538
