0.015412
0.032783
0.050711
0.069496
0.089635
0.112371
0.140840
0.177854
0.220039
0.257466
0.274685
0.279567
0.279512
0.279481
0.280739
0.282634
0.284609
0.286578
0.288542
0.290500
0.292451
0.294397
0.296336
0.298270
0.300198
0.302121
0.304037
0.305949
0.307854
0.309755
0.311650
0.313539
0.315424
0.317303
0.319177
0.321046
0.322910
0.324769
0.326623
0.328514
0.330205
0.331890
0.333572
0.335250
0.336924
0.338594
0.340260
0.341922
0.343580
0.345234
0.346885
0.348531
0.350174
0.351813
0.353448
0.355080
0.356707
0.358331
0.359952
0.361568
0.363181
0.364790
0.366396
0.367998
0.369596
0.371191
0.372782
0.374370
0.375954
0.377535
0.379112
0.380686
0.382257
0.383824
0.385387
0.386948
0.388504
0.390058
0.391608
0.393155
0.394699
0.396239
0.397777
0.399311
0.400842
0.402369
0.403894
0.405415
0.406934
0.408449
0.409961
0.411470
0.412976
0.414480
0.415980
0.417477
0.418971
0.420463
0.421951
0.423437
0.424919
0.426399
0.427876
0.429351
0.430822
0.432291
0.433757
0.435221
0.436682
0.438140
0.439595
0.441048
0.442498
0.443946
0.445391
0.446834
0.448274
0.449711
0.451147
0.452579
0.454010
0.455437
0.456863
0.458286
0.459707
0.461126
0.462542
0.463956
0.465367
0.466777
0.468184
0.469589
0.470992
0.472393
0.473792
0.475188
0.476583
0.477975
0.479366
0.480754
0.482141
0.483525
0.484907
0.486288
0.487667
0.489043
0.490418
0.491791
0.493162
0.494532
0.495899
0.497265
0.498629
0.499992
0.501352
0.502711
0.504069
0.505424
0.506778
0.508131
0.509482
0.510831
0.512179
0.513525
0.514870
0.516213
0.517554
0.518895
0.520234
0.521571
0.522907
0.524242
0.525575
0.526907
0.528237
0.529567
0.530895
0.532221
0.533547
0.534871
0.536194
0.537516
0.538837
0.540156
0.541475
0.542792
0.544108
0.545423
0.546737
0.548049
0.549361
0.550672
0.551982
0.553290
0.554598
0.555905
0.557211
0.558515
0.559819
0.561122
0.562424
0.563725
0.565026
0.566325
0.567624
0.568922
0.570219
0.571515
0.572810
0.574105
0.575398
0.576691
0.577984
0.579275
0.580566
0.581856
0.583145
0.584434
0.585722
0.587010
0.588296
0.589582
0.590868
0.592152
0.593437
0.594720
0.596003
0.597286
0.598567
0.599849
0.601129
0.602409
0.603689
0.604968
0.606246
0.607524
0.608802
0.610078
0.611355
0.612631
0.613906
0.615181
0.616455
0.617729
0.619003
0.620276
0.621548
0.622820
0.624092
0.625363
0.626634
0.627904
0.629174
0.630443
0.631712
0.632981
0.634249
0.635517
0.636784
0.638051
0.639317
0.640583
0.641849
0.643114
0.644378
0.645643
0.646906
0.648170
0.649433
0.650695
0.651957
0.653219
0.654480
0.655741
0.657001
0.658261
0.659521
0.660780
0.662039
0.663297
0.664554
0.665812
0.667068
0.668325
0.669581
0.670836
0.672091
0.673345
0.674599
0.675852
0.677105
0.678358
0.679610
0.680861
0.682112
0.683362
0.684612
0.685861
0.687109
0.688357
0.689605
0.690851
0.692098
0.693343
0.694588
0.695833
0.697076
0.698319
0.699562
0.700803
0.702044
0.703285
0.704524
0.705763
0.707002
0.708239
0.709476
0.710712
0.711947
0.713181
0.714415
0.715647
0.716879
0.718110
0.719341
0.720570
0.721798
0.723026
0.724253
0.725478
0.726703
0.727927
0.729150
0.730372
0.731592
0.732812
0.734031
0.735249
0.736465
0.737681
0.738895
0.740109
0.741321
0.742532
0.743742
0.744950
0.746158
0.747364
0.748569
0.749773
0.750975
0.752176
0.753376
0.754575
0.755772
0.756968
0.758162
0.759355
0.760547
0.761737
0.762925
0.764112
0.765298
0.766482
0.767665
0.768846
0.770025
0.771203
0.772379
0.773553
0.774726
0.775897
0.777067
0.778234
0.779400
0.780564
0.781727
0.782887
0.784046
0.785203
0.786358
0.787511
0.788662
0.789811
0.790958
0.792104
0.793247
0.794388
0.795527
0.796664
0.797799
0.798932
0.800063
0.801192
0.802318
0.803442
0.804564
0.805684
0.806802
0.807917
0.809030
0.810140
0.811249
0.812354
0.813458
0.814559
0.815658
0.816754
0.817847
0.818939
0.820027
0.821113
0.822197
0.823278
0.824356
0.825432
0.826505
0.827575
0.828643
0.829708
0.830771
0.831830
0.832887
0.833941
0.834992
0.836040
0.837086
0.838128
0.839168
0.840205
0.841239
0.842270
0.843298
0.844323
0.845345
0.846364
0.847380
0.848392
0.849402
0.850409
0.851412
0.852413
0.853410
0.854404
0.855395
0.856382
0.857367
0.858348
0.859326
0.860300
0.861272
0.862240
0.863204
0.864166
0.865124
0.866078
0.867029
0.867977
0.868921
0.869862
0.870800
0.871734
0.872664
0.873591
0.874514
0.875434
0.876351
0.877263
0.878172
0.879078
0.879980
0.880878
0.881773
0.882664
0.883552
0.884435
0.885315
0.886192
0.887064
0.887933
0.888799
0.889660
0.890518
0.891372
0.892222
0.893068
0.893911
0.894750
0.895585
0.896416
0.897243
0.898067
0.898886
0.899702
0.900514
0.901322
0.902126
0.902926
0.903722
0.904515
0.905303
0.906088
0.906869
0.907645
0.908418
0.909187
0.909952
0.910713
0.911470
0.912223
0.912972
0.913717
0.914458
0.915195
0.915928
0.916657
0.917382
0.918103
0.918821
0.919534
0.920243
0.920948
0.921649
0.922346
0.923039
0.923728
0.924413
0.925094
0.925771
0.926444
0.927113
0.927778
0.928439
0.929096
0.929749
0.930398
0.931043
0.931684
0.932321
0.932954
0.933582
0.934207
0.934828
0.935445
0.936058
0.936667
0.937272
0.937873
0.938470
0.939063
0.939652
0.940237
0.940818
0.941395
0.941969
0.942538
0.943103
0.943665
0.944222
0.944776
0.945326
0.945872
0.946414
0.946952
0.947486
0.948016
0.948543
0.949065
0.949584
0.950099
0.950610
0.951117
0.951621
0.952121
0.952616
0.953109
0.953597
0.954082
0.954562
0.955039
0.955513
0.955983
0.956448
0.956911
0.957369
0.957824
0.958276
0.958723
0.959167
0.959607
0.960044
0.960477
0.960907
0.961333
0.961755
0.962174
0.962590
0.963001
0.963410
0.963815
