0.040439
0.087743
0.140807
0.204322
0.277038
0.298929
0.242785
0.224367
0.233589
0.243117
0.252159
0.260827
0.269257
0.277615
0.286133
0.295508
0.304999
0.308750
0.311146
0.313539
0.315942
0.318357
0.320782
0.323219
0.325667
0.328128
0.330600
0.333084
0.335582
0.338092
0.340615
0.343152
0.345702
0.348267
0.350846
0.353439
0.356047
0.358670
0.361308
0.364002
0.366472
0.368982
0.371510
0.374056
0.376621
0.379204
0.381805
0.384425
0.387063
0.389720
0.392395
0.395090
0.397803
0.400535
0.403286
0.406056
0.408845
0.411653
0.414480
0.417326
0.420192
0.423077
0.425980
0.428903
0.431845
0.434806
0.437786
0.440784
0.443802
0.446838
0.449893
0.452966
0.456057
0.459167
0.462294
0.465439
0.468603
0.471783
0.474981
0.478196
0.481428
0.484676
0.487941
0.491222
0.494519
0.497831
0.501159
0.504502
0.507859
0.511231
0.514617
0.518017
0.521430
0.524856
0.528295
0.531746
0.535209
0.538684
0.542170
0.545666
0.549173
0.552690
0.556216
0.559751
0.563295
0.566847
0.570407
0.573974
0.577547
0.581127
0.584713
0.588304
0.591900
0.595501
0.599105
0.602712
0.606323
0.609935
0.613550
0.617166
0.620782
0.624399
0.628016
0.631632
0.635246
0.638859
0.642470
0.646077
0.649681
0.653282
0.656877
0.660468
0.664054
0.667633
0.671206
0.674772
0.678330
0.681880
0.685421
0.688954
0.692477
0.695990
0.699492
0.702983
0.706463
0.709930
0.713385
0.716827
0.720256
0.723670
0.727071
0.730456
0.733826
0.737181
0.740519
0.743841
0.747146
0.750433
0.753703
0.756955
0.760188
0.763402
0.766596
0.769771
0.772926
0.776061
0.779175
0.782268
0.785340
0.788390
0.791418
0.794424
0.797407
0.800367
0.803305
0.806219
0.809109
0.811976
0.814818
0.817636
0.820430
0.823199
0.825944
0.828663
0.831357
0.834025
0.836668
0.839286
0.841877
0.844443
0.846982
0.849496
0.851983
0.854444
0.856878
0.859286
0.861667
0.864022
0.866349
0.868651
0.870925
0.873173
0.875394
0.877588
0.879755
0.881896
0.884010
0.886097
0.888157
0.890191
0.892198
0.894179
0.896133
0.898061
0.899963
0.901838
0.903687
0.905511
0.907308
0.909079
0.910825
0.912545
0.914240
0.915910
0.917554
0.919173
0.920767
0.922337
0.923882
0.925403
0.926899
0.928372
0.929820
0.931245
0.932646
0.934024
0.935379
0.936711
0.938021
0.939307
0.940572
0.941814
0.943034
0.944233
0.945410
0.946566
0.947701
0.948815
0.949909
0.950982
0.952035
0.953068
0.954082
0.955076
0.956051
0.957007
0.957944
0.958862
0.959763
0.960645
0.961510
0.962357
0.963187
0.963999
0.964795
0.965574
0.966337
0.967084
0.967815
0.968530
0.969230
0.969914
0.970584
0.971239
0.971879
0.972506
0.973118
0.973716
0.974301
0.974873
0.975431
0.975976
0.976509
0.977030
0.977538
0.978034
0.978518
0.978991
0.979452
0.979902
0.980342
0.980770
0.981188
0.981596
0.981993
0.982380
0.982758
0.983126
0.983485
0.983835
0.984175
0.984507
0.984830
0.985145
0.985451
0.985750
0.986040
0.986323
0.986598
0.986865
0.987126
0.987379
0.987625
0.987865
0.988098
0.988324
0.988544
0.988758
0.988966
0.989168
0.989364
0.989554
0.989740
0.989919
0.990094
0.990263
0.990427
0.990587
0.990742
0.990892
0.991038
0.991179
0.991316
0.991449
0.991578
0.991703
0.991824
0.991941
0.992055
0.992165
0.992271
0.992375
0.992475
0.992571
0.992665
0.992756
0.992844
0.992929
0.993011
0.993090
0.993167
0.993242
0.993314
0.993383
0.993450
0.993515
0.993578
0.993639
0.993697
0.993754
0.993809
0.993862
0.993913
0.993962
0.994009
0.994055
0.994099
0.994142
0.994183
0.994223
0.994261
0.994298
0.994334
0.994368
0.994401
0.994433
0.994464
0.994493
0.994522
0.994549
0.994575
0.994601
0.994625
0.994649
0.994672
0.994693
0.994714
0.994734
0.994754
0.994773
0.994791
0.994808
0.994824
0.994840
0.994856
0.994870
0.994884
0.994898
0.994911
0.994923
0.994936
0.994947
0.994958
0.994969
0.994979
0.994989
0.994998
0.995007
0.995016
0.995024
0.995032
0.995039
0.995047
0.995054
0.995060
0.995067
0.995073
0.995079
0.995084
0.995090
0.995095
0.995100
0.995104
0.995109
0.995113
0.995117
0.995121
0.995125
0.995128
0.995132
0.995135
0.995138
0.995141
0.995144
0.995147
0.995149
0.995152
0.995154
0.995157
0.995159
0.995161
0.995163
0.995165
0.995166
0.995168
0.995170
0.995171
0.995173
0.995174
0.995175
0.995177
0.995178
0.995179
0.995180
0.995181
0.995182
0.995183
0.995184
0.995185
0.995186
0.995187
0.995187
0.995188
0.995189
0.995189
0.995190
0.995190
0.995191
0.995191
0.995192
0.995192
0.995193
0.995193
0.995194
0.995194
0.995194
0.995195
0.995195
0.995195
0.995196
0.995196
0.995196
0.995196
0.995197
0.995197
0.995197
0.995197
0.995197
0.995198
0.995198
0.995198
0.995198
0.995198
0.995198
0.995198
0.995199
0.995199
0.995199
0.995199
0.995199
0.995199
0.995199
0.995199
0.995199
0.995199
0.995199
0.995200
0.995200
0.995200
0.995200
0.995200
0.995200
0.995200
0.995200
0.995200
0.995200
0.995200
0.995200
0.995200
0.995200
0.995200
0.995200
0.995200
0.995200
0.995200
0.995200
0.995200
0.995200
0.995200
0.995200
0.995200
0.995200
0.995200
0.995200
0.995200
0.995200
0.995200
0.995200
0.995200
0.995200
0.995200
0.995200
0.995200
0.995200
0.995200
0.995200
0.995200
0.995200
0.995200
0.995200
0.995200
0.995201
0.995201
0.995201
0.995201
0.995201
0.995201
0.995201
0.995201
0.995201
0.995201
0.995201
0.995201
0.995201
0.995201
0.995201
0.995201
0.995201
0.995201
0.995201
0.995201
0.995201
0.995201
0.995201
0.995201
0.995201
0.995201
0.995201
0.995201
0.995201
0.995201
0.995201
0.995201
0.995201
0.995201
0.995201
0.995201
0.995201
0.995201
0.995201
0.995201
0.995201
0.995201
0.995201
0.995201
0.995201
0.995201
0.995201
0.995201
0.995201
