0.019754
0.042220
0.069344
0.111086
0.161735
0.203146
0.228602
0.242822
0.252094
0.260097
0.268530
0.278596
0.282589
0.284581
0.286559
0.288531
0.290497
0.292456
0.294410
0.296357
0.298298
0.300232
0.302161
0.304083
0.306000
0.307910
0.309815
0.311714
0.313607
0.315494
0.317376
0.319252
0.321123
0.322988
0.324847
0.326702
0.328551
0.330394
0.332233
0.334115
0.335800
0.337474
0.339143
0.340807
0.342467
0.344123
0.345774
0.347421
0.349064
0.350703
0.352338
0.353968
0.355595
0.357217
0.358835
0.360449
0.362059
0.363664
0.365266
0.366864
0.368457
0.370047
0.371632
0.373214
0.374791
0.376365
0.377934
0.379500
0.381061
0.382619
0.384173
0.385722
0.387268
0.388810
0.390348
0.391882
0.393413
0.394939
0.396462
0.397981
0.399495
0.401007
0.402514
0.404017
0.405517
0.407013
0.408505
0.409994
0.411479
0.412960
0.414437
0.415910
0.417380
0.418846
0.420309
0.421768
0.423223
0.424674
0.426122
0.427567
0.429007
0.430444
0.431878
0.433308
0.434734
0.436157
0.437576
0.438992
0.440404
0.441813
0.443218
0.444620
0.446018
0.447413
0.448804
0.450192
0.451576
0.452957
0.454335
0.455709
0.457080
0.458447
0.459811
0.461172
0.462529
0.463883
0.465233
0.466581
0.467925
0.469265
0.470603
0.471937
0.473268
0.474595
0.475920
0.477241
0.478559
0.479873
0.481185
0.482493
0.483798
0.485100
0.486399
0.487695
0.488987
0.490276
0.491563
0.492846
0.494126
0.495403
0.496677
0.497948
0.499215
0.500480
0.501742
0.503001
0.504256
0.505509
0.506759
0.508005
0.509249
0.510490
0.511728
0.512963
0.514195
0.515424
0.516650
0.517873
0.519094
0.520311
0.521526
0.522738
0.523947
0.525153
0.526357
0.527557
0.528755
0.529950
0.531142
0.532332
0.533519
0.534703
0.535884
0.537063
0.538239
0.539412
0.540582
0.541750
0.542915
0.544078
0.545238
0.546395
0.547550
0.548702
0.549851
0.550998
0.552143
0.553284
0.554424
0.555560
0.556695
0.557826
0.558955
0.560082
0.561206
0.562328
0.563447
0.564564
0.565678
0.566790
0.567900
0.569007
0.570112
0.571214
0.572314
0.573412
0.574507
0.575600
0.576691
0.577779
0.578865
0.579949
0.581030
0.582110
0.583187
0.584261
0.585334
0.586404
0.587472
0.588538
0.589602
0.590663
0.591722
0.592780
0.593835
0.594888
0.595938
0.596987
0.598034
0.599078
0.600121
0.601161
0.602199
0.603236
0.604270
0.605302
0.606332
0.607361
0.608387
0.609411
0.610434
0.611454
0.612472
0.613489
0.614504
0.615516
0.616527
0.617536
0.618543
0.619548
0.620552
0.621553
0.622553
0.623551
0.624547
0.625542
0.626534
0.627525
0.628514
0.629502
0.630487
0.631471
0.632453
0.633434
0.634413
0.635390
0.636365
0.637339
0.638311
0.639282
0.640251
0.641218
0.642184
0.643148
0.644111
0.645072
0.646031
0.646989
0.647946
0.648901
0.649854
0.650806
0.651757
0.652706
0.653653
0.654599
0.655544
0.656487
0.657429
0.658369
0.659308
0.660246
0.661182
0.662117
0.663051
0.663983
0.664914
0.665844
0.666772
0.667699
0.668625
0.669549
0.670473
0.671395
0.672315
0.673235
0.674153
0.675070
0.675986
0.676901
0.677814
0.678727
0.679638
0.680548
0.681457
0.682365
0.683271
0.684177
0.685082
0.685985
0.686887
0.687789
0.688689
0.689588
0.690486
0.691383
0.692280
0.693175
0.694069
0.694962
0.695854
0.696745
0.697636
0.698525
0.699413
0.700301
0.701187
0.702073
0.702958
0.703841
0.704724
0.705607
0.706488
0.707368
0.708248
0.709126
0.710004
0.710881
0.711757
0.712633
0.713508
0.714381
0.715254
0.716127
0.716998
0.717869
0.718739
0.719608
0.720477
0.721345
0.722212
0.723078
0.723944
0.724809
0.725673
0.726537
0.727400
0.728262
0.729124
0.729985
0.730846
0.731705
0.732564
0.733423
0.734281
0.735138
0.735995
0.736851
0.737706
0.738561
0.739415
0.740269
0.741122
0.741975
0.742827
0.743678
0.744529
0.745380
0.746230
0.747079
0.747928
0.748776
0.749624
0.750471
0.751318
0.752164
0.753010
0.753855
0.754700
0.755544
0.756388
0.757231
0.758074
0.758916
0.759758
0.760599
0.761440
0.762281
0.763121
0.763960
0.764799
0.765638
0.766476
0.767314
0.768151
0.768988
0.769824
0.770660
0.771496
0.772331
0.773165
0.773999
0.774833
0.775667
0.776499
0.777332
0.778164
0.778995
0.779827
0.780657
0.781488
0.782317
0.783147
0.783976
0.784804
0.785632
0.786460
0.787287
0.788114
0.788940
0.789766
0.790592
0.791417
0.792241
0.793065
0.793889
0.794712
0.795535
0.796357
0.797179
0.798000
0.798821
0.799642
0.800462
0.801281
0.802100
0.802919
0.803737
0.804554
0.805371
0.806188
0.807004
0.807819
0.808634
0.809449
0.810263
0.811076
0.811889
0.812701
0.813513
0.814324
0.815135
0.815945
0.816754
0.817563
0.818372
0.819179
0.819987
0.820793
0.821599
0.822405
0.823209
0.824013
0.824817
0.825620
0.826422
0.827223
0.828024
0.828824
0.829623
0.830422
0.831220
0.832018
0.832814
0.833610
0.834405
0.835199
0.835993
0.836786
0.837578
0.838369
0.839160
0.839949
0.840738
0.841526
0.842313
0.843100
0.843885
0.844670
0.845453
0.846236
0.847018
0.847799
0.848579
0.849358
0.850136
0.850914
0.851690
0.852465
0.853239
0.854012
0.854785
0.855556
0.856326
0.857095
0.857863
0.858630
0.859396
0.860161
0.860924
0.861687
0.862448
0.863208
0.863967
0.864725
0.865482
0.866237
0.866991
0.867744
0.868496
0.869246
0.869995
0.870743
0.871490
0.872235
0.872979
0.873721
0.874463
0.875202
0.875941
0.876678
0.877413
0.878147
0.878880
0.879611
0.880341
0.881069
0.881796
0.882521
0.883245
0.883967
0.884688
0.885407
0.886124
0.886840
0.887554
0.888267
0.888978
0.889687
0.890394
0.891100
0.891804
0.892507
0.893207
0.893906
0.894603
0.895299
0.895992
0.896684
0.897374
0.898062
0.898748
0.899433
0.900115
0.900796
0.901474
0.902151
0.902826
0.903499
0.904169
