0.072115
0.161584
0.275666
0.370849
0.248502
0.240231
0.255974
0.270458
0.283897
0.296476
0.308360
0.319682
0.330538
0.341011
0.351229
0.361340
0.371538
0.382190
0.394082
0.402902
0.407638
0.412067
0.416544
0.421070
0.425645
0.430268
0.434939
0.439657
0.444421
0.449231
0.454085
0.458984
0.463925
0.468909
0.473934
0.479000
0.484104
0.489247
0.494426
0.499796
0.504881
0.510018
0.515194
0.520406
0.525652
0.530931
0.536241
0.541580
0.546946
0.552338
0.557753
0.563191
0.568648
0.574124
0.579617
0.585124
0.590643
0.596174
0.601713
0.607259
0.612810
0.618365
0.623920
0.629474
0.635025
0.640572
0.646112
0.651642
0.657163
0.662670
0.668163
0.673639
0.679097
0.684534
0.689949
0.695340
0.700706
0.706043
0.711351
0.716628
0.721872
0.727081
0.732255
0.737390
0.742486
0.747542
0.752555
0.757524
0.762448
0.767326
0.772155
0.776936
0.781667
0.786346
0.790973
0.795547
0.800066
0.804529
0.808936
0.813286
0.817579
0.821812
0.825986
0.830101
0.834154
0.838147
0.842078
0.845948
0.849755
0.853499
0.857180
0.860799
0.864354
0.867846
0.871275
0.874640
0.877941
0.881179
0.884355
0.887467
0.890516
0.893502
0.896426
0.899288
0.902089
0.904828
0.907506
0.910124
0.912682
0.915181
0.917620
0.920002
0.922326
0.924592
0.926803
0.928957
0.931057
0.933102
0.935094
0.937033
0.938919
0.940755
0.942540
0.944275
0.945962
0.947601
0.949192
0.950737
0.952237
0.953692
0.955103
0.956471
0.957797
0.959082
0.960327
0.961533
0.962700
0.963829
0.964921
0.965977
0.966999
0.967986
0.968939
0.969860
0.970749
0.971608
0.972436
0.973234
0.974005
0.974747
0.975462
0.976152
0.976815
0.977454
0.978069
0.978661
0.979230
0.979777
0.980303
0.980808
0.981293
0.981760
0.982207
0.982636
0.983048
0.983443
0.983822
0.984185
0.984533
0.984866
0.985185
0.985491
0.985783
0.986062
0.986330
0.986585
0.986830
0.987063
0.987286
0.987499
0.987702
0.987896
0.988081
0.988258
0.988426
0.988586
0.988739
0.988885
0.989023
0.989155
0.989281
0.989400
0.989514
0.989622
0.989724
0.989822
0.989915
0.990003
0.990086
0.990165
0.990241
0.990312
0.990379
0.990444
0.990504
0.990562
0.990616
0.990668
0.990717
0.990763
0.990807
0.990848
0.990887
0.990924
0.990959
0.990992
0.991023
0.991052
0.991080
0.991106
0.991130
0.991154
0.991176
0.991196
0.991216
0.991234
0.991251
0.991267
0.991283
0.991297
0.991310
0.991323
0.991335
0.991346
0.991357
0.991366
0.991376
0.991384
0.991392
0.991400
0.991407
0.991414
0.991420
0.991426
0.991432
0.991437
0.991442
0.991446
0.991450
0.991454
0.991458
0.991461
0.991465
0.991468
0.991470
0.991473
0.991475
0.991478
0.991480
0.991482
0.991484
0.991485
0.991487
0.991488
0.991490
0.991491
0.991492
0.991493
0.991494
0.991495
0.991496
0.991497
0.991498
0.991499
0.991499
0.991500
0.991501
0.991501
0.991502
0.991502
0.991502
0.991503
0.991503
0.991504
0.991504
0.991504
0.991504
0.991505
0.991505
0.991505
0.991505
0.991505
0.991506
0.991506
0.991506
0.991506
0.991506
0.991506
0.991506
0.991506
0.991507
0.991507
0.991507
0.991507
0.991507
0.991507
0.991507
0.991507
0.991507
0.991507
0.991507
0.991507
0.991507
0.991507
0.991507
0.991507
0.991507
0.991507
0.991507
0.991507
0.991507
0.991507
0.991507
0.991507
0.991507
0.991507
0.991507
0.991507
0.991507
0.991507
0.991507
0.991507
0.991507
0.991507
0.991507
0.991507
0.991507
0.991507
0.991507
0.991507
0.991507
0.991507
0.991507
0.991507
0.991507
0.991507
0.991507
0.991507
0.991507
0.991507
0.991507
0.991507
0.991507
0.991507
0.991507
0.991507
0.991507
0.991507
0.991507
0.991507
0.991507
0.991507
0.991507
0.991507
0.991507
0.991507
0.991507
0.991507
0.991507
0.991507
0.991507
0.991507
0.991507
0.991507
0.991507
0.991507
0.991507
0.991507
0.991507
0.991507
0.991507
0.991507
0.991507
0.991507
0.991507
0.991507
0.991507
0.991507
0.991507
0.991507
0.991507
0.991507
0.991507
0.991507
0.991507
0.991507
0.991507
0.991507
0.991507
0.991507
0.991507
0.991507
0.991507
0.991507
0.991507
0.991507
0.991507
0.991507
0.991507
0.991507
0.991507
0.991507
0.991507
0.991507
0.991507
0.991507
0.991507
0.991507
0.991507
0.991507
0.991507
0.991507
0.991507
0.991507
0.991507
0.991507
0.991507
0.991507
0.991507
0.991507
0.991507
0.991507
0.991507
0.991507
0.991507
0.991507
0.991507
0.991507
0.991507
0.991507
0.991507
0.991507
0.991507
0.991507
0.991507
0.991507
0.991507
0.991507
0.991507
0.991507
0.991507
0.991507
0.991507
0.991507
0.991507
0.991507
0.991507
0.991507
0.991507
0.991507
0.991507
0.991507
0.991507
0.991507
0.991507
0.991507
0.991507
0.991507
0.991507
0.991507
0.991507
0.991507
0.991507
0.991507
0.991507
0.991507
0.991507
0.991507
0.991507
0.991507
0.991507
0.991507
0.991507
0.991507
0.991507
0.991507
0.991507
0.991507
0.991507
0.991507
0.991507
0.991507
0.991507
0.991507
0.991507
0.991507
0.991507
0.991507
0.991507
0.991507
0.991507
0.991507
0.991507
0.991507
0.991507
0.991507
0.991507
0.991507
0.991507
0.991507
0.991507
0.991507
0.991507
0.991507
0.991507
0.991507
0.991507
0.991507
0.991507
0.991507
0.991507
0.991507
0.991507
0.991507
0.991507
0.991507
0.991507
0.991507
0.991507
0.991507
0.991507
0.991507
0.991507
0.991507
0.991507
0.991507
0.991507
0.991507
0.991507
0.991507
0.991507
0.991507
0.991507
0.991507
0.991507
0.991507
0.991507
0.991507
0.991507
0.991507
0.991507
0.991507
0.991507
0.991507
0.991507
0.991507
0.991507
0.991507
0.991507
0.991507
0.991507
0.991507
0.991507
0.991507
0.991507
0.991507
0.991507
0.991507
0.991507
0.991507
0.991507
0.991507
0.991507
0.991507
0.991507
0.991507
0.991507
0.991507
0.991507
0.991507
