0.011631
0.050477
0.109034
0.162730
0.203449
0.231130
0.249049
0.260517
0.268010
0.273154
0.276946
0.279969
0.282555
0.284892
0.287083
0.289188
0.291241
0.293261
0.295260
0.297245
0.299220
0.301187
0.303147
0.305102
0.307052
0.308995
0.310933
0.312865
0.314791
0.316712
0.318626
0.320535
0.322439
0.324337
0.326229
0.328116
0.329998
0.331874
0.333744
0.335674
0.337412
0.339125
0.340830
0.342529
0.344224
0.345914
0.347599
0.349281
0.350957
0.352629
0.354297
0.355961
0.357619
0.359274
0.360924
0.362570
0.364211
0.365848
0.367481
0.369109
0.370733
0.372353
0.373969
0.375580
0.377187
0.378789
0.380388
0.381982
0.383572
0.385158
0.386740
0.388317
0.389890
0.391459
0.393024
0.394585
0.396142
0.397694
0.399243
0.400787
0.402328
0.403864
0.405396
0.406925
0.408449
0.409969
0.411485
0.412997
0.414505
0.416010
0.417510
0.419006
0.420498
0.421987
0.423471
0.424952
0.426429
0.427901
0.429370
0.430835
0.432297
0.433754
0.435208
0.436657
0.438103
0.439545
0.440984
0.442418
0.443849
0.445276
0.446699
0.448119
0.449535
0.450947
0.452355
0.453760
0.455161
0.456558
0.457952
0.459342
0.460729
0.462111
0.463490
0.464866
0.466238
0.467606
0.468971
0.470332
0.471690
0.473044
0.474394
0.475741
0.477085
0.478425
0.479761
0.481094
0.482423
0.483749
0.485072
0.486391
0.487706
0.489019
0.490327
0.491633
0.492934
0.494233
0.495528
0.496820
0.498108
0.499393
0.500675
0.501953
0.503228
0.504499
0.505768
0.507033
0.508294
0.509553
0.510808
0.512060
0.513308
0.514554
0.515796
0.517034
0.518270
0.519502
0.520732
0.521957
0.523180
0.524400
0.525616
0.526829
0.528039
0.529246
0.530450
0.531651
0.532848
0.534043
0.535234
0.536422
0.537607
0.538789
0.539968
0.541144
0.542317
0.543487
0.544653
0.545817
0.546978
0.548135
0.549290
0.550442
0.551590
0.552736
0.553878
0.555018
0.556155
0.557289
0.558419
0.559547
0.560672
0.561794
0.562914
0.564030
0.565143
0.566254
0.567361
0.568466
0.569568
0.570667
0.571763
0.572856
0.573946
0.575034
0.576119
0.577201
0.578280
0.579356
0.580430
0.581501
0.582569
0.583634
0.584696
0.585756
0.586813
0.587867
0.588919
0.589968
0.591014
0.592057
0.593098
0.594136
0.595171
0.596203
0.597233
0.598261
0.599285
0.600307
0.601326
0.602343
0.603357
0.604368
0.605377
0.606383
0.607387
0.608388
0.609386
0.610382
0.611375
0.612366
0.613354
0.614340
0.615323
0.616303
0.617281
0.618256
0.619229
0.620200
0.621168
0.622133
0.623096
0.624056
0.625014
0.625969
0.626922
0.627873
0.628821
0.629766
0.630709
0.631650
0.632588
0.633524
0.634458
0.635389
0.636317
0.637244
0.638167
0.639089
0.640008
0.640925
0.641839
0.642751
0.643660
0.644568
0.645473
0.646375
0.647276
0.648173
0.649069
0.649962
0.650853
0.651742
0.652629
0.653513
0.654395
0.655274
0.656151
0.657027
0.657899
0.658770
0.659638
0.660504
0.661368
0.662230
0.663089
0.663946
0.664801
0.665654
0.666505
0.667353
0.668199
0.669043
0.669885
0.670725
0.671562
0.672398
0.673231
0.674062
0.674891
0.675718
0.676542
0.677365
0.678185
0.679004
0.679820
0.680634
0.681446
0.682256
0.683064
0.683870
0.684673
0.685475
0.686274
0.687072
0.687867
0.688661
0.689452
0.690241
0.691029
0.691814
0.692597
0.693379
0.694158
0.694935
0.695710
0.696484
0.697255
0.698024
0.698791
0.699557
0.700320
0.701081
0.701841
0.702598
0.703354
0.704108
0.704859
0.705609
0.706357
0.707103
0.707847
0.708589
0.709329
0.710067
0.710804
0.711538
0.712271
0.713001
0.713730
0.714457
0.715182
0.715905
0.716627
0.717346
0.718064
0.718780
0.719494
0.720206
0.720916
0.721625
0.722332
0.723037
0.723740
0.724441
0.725140
0.725838
0.726534
0.727228
0.727920
0.728611
0.729300
0.729987
0.730672
0.731356
0.732037
0.732717
0.733396
0.734072
0.734747
0.735420
0.736091
0.736761
0.737429
0.738095
0.738759
0.739422
0.740083
0.740743
0.741400
0.742056
0.742711
0.743363
0.744014
0.744664
0.745311
0.745957
0.746601
0.747244
0.747885
0.748525
0.749162
0.749798
0.750433
0.751066
0.751697
0.752327
0.752955
0.753581
0.754206
0.754829
0.755451
0.756071
0.756689
0.757306
0.757921
0.758535
0.759147
0.759758
0.760367
0.760974
0.761580
0.762184
0.762787
0.763388
0.763988
0.764586
0.765183
0.765778
0.766372
0.766964
0.767554
0.768143
0.768731
0.769317
0.769901
0.770484
0.771066
0.771646
0.772225
0.772802
0.773377
0.773952
0.774524
0.775096
0.775665
0.776234
0.776800
0.777366
0.777930
0.778492
0.779053
0.779613
0.780171
0.780728
0.781283
0.781837
0.782390
0.782941
0.783491
0.784039
0.784586
0.785132
0.785676
0.786218
0.786760
0.787300
0.787838
0.788375
0.788911
0.789446
0.789979
0.790511
0.791041
0.791570
0.792098
0.792624
0.793149
0.793673
0.794195
0.794716
0.795236
0.795754
0.796271
0.796787
0.797301
0.797814
0.798326
0.798836
0.799345
0.799853
0.800360
0.800865
0.801369
0.801871
0.802373
0.802873
0.803372
0.803869
0.804366
0.804861
0.805354
0.805847
0.806338
0.806828
0.807317
0.807804
0.808291
0.808776
0.809259
0.809742
0.810223
0.810703
0.811182
0.811660
0.812136
0.812611
0.813085
0.813558
0.814030
0.814500
0.814969
0.815437
0.815904
0.816370
0.816834
0.817297
0.817759
0.818220
0.818680
0.819138
0.819596
0.820052
0.820507
0.820961
0.821413
0.821865
0.822315
0.822765
0.823213
0.823660
0.824106
0.824550
0.824994
0.825436
0.825878
0.826318
0.826757
0.827195
0.827632
0.828067
0.828502
0.828935
0.829368
0.829799
0.830229
0.830658
0.831086
0.831513
0.831939
0.832364
0.832787
0.833210
0.833632
0.834052
0.834471
0.834890
0.835307
0.835723
0.836138
0.836552
0.836965
0.837377
0.837788
0.838198
0.838607
0.839015
0.839421
0.839827
0.840232
0.840635
