0.012749
0.028261
0.057328
0.109180
0.166873
0.212474
0.243062
0.263293
0.270019
0.273611
0.276132
0.278282
0.280317
0.282318
0.284309
0.286293
0.288272
0.290245
0.292211
0.294171
0.296126
0.298074
0.300016
0.301952
0.303882
0.305807
0.307726
0.309639
0.311546
0.313448
0.315344
0.317235
0.319120
0.321000
0.322875
0.324744
0.326608
0.328466
0.330320
0.332226
0.333938
0.335629
0.337314
0.338994
0.340669
0.342340
0.344007
0.345670
0.347328
0.348982
0.350632
0.352278
0.353919
0.355557
0.357190
0.358819
0.360444
0.362064
0.363681
0.365293
0.366901
0.368505
0.370106
0.371702
0.373293
0.374881
0.376465
0.378045
0.379621
0.381192
0.382760
0.384324
0.385884
0.387439
0.388991
0.390539
0.392083
0.393623
0.395159
0.396691
0.398219
0.399743
0.401264
0.402780
0.404293
0.405802
0.407307
0.408808
0.410306
0.411799
0.413289
0.414775
0.416257
0.417735
0.419210
0.420681
0.422148
0.423611
0.425071
0.426526
0.427979
0.429427
0.430872
0.432313
0.433750
0.435184
0.436614
0.438041
0.439464
0.440883
0.442298
0.443710
0.445119
0.446524
0.447925
0.449322
0.450717
0.452107
0.453494
0.454878
0.456257
0.457634
0.459007
0.460376
0.461742
0.463105
0.464464
0.465819
0.467171
0.468520
0.469865
0.471207
0.472545
0.473880
0.475211
0.476540
0.477864
0.479186
0.480504
0.481818
0.483130
0.484438
0.485742
0.487044
0.488342
0.489636
0.490928
0.492216
0.493501
0.494782
0.496060
0.497335
0.498607
0.499876
0.501141
0.502403
0.503662
0.504918
0.506170
0.507419
0.508665
0.509908
0.511148
0.512385
0.513618
0.514848
0.516076
0.517300
0.518521
0.519738
0.520953
0.522165
0.523373
0.524579
0.525781
0.526980
0.528177
0.529370
0.530560
0.531747
0.532931
0.534113
0.535291
0.536466
0.537638
0.538807
0.539973
0.541136
0.542297
0.543454
0.544608
0.545760
0.546908
0.548054
0.549196
0.550336
0.551473
0.552607
0.553738
0.554866
0.555991
0.557113
0.558233
0.559350
0.560464
0.561575
0.562683
0.563788
0.564891
0.565990
0.567087
0.568182
0.569273
0.570362
0.571447
0.572530
0.573611
0.574688
0.575763
0.576835
0.577905
0.578971
0.580035
0.581096
0.582155
0.583211
0.584264
0.585314
0.586362
0.587407
0.588450
0.589489
0.590527
0.591561
0.592593
0.593622
0.594649
0.595673
0.596694
0.597713
0.598729
0.599743
0.600754
0.601763
0.602769
0.603772
0.604773
0.605771
0.606767
0.607760
0.608751
0.609739
0.610725
0.611708
0.612688
0.613667
0.614642
0.615615
0.616586
0.617554
0.618520
0.619483
0.620444
0.621403
0.622359
0.623312
0.624263
0.625212
0.626158
0.627102
0.628044
0.628983
0.629920
0.630854
0.631786
0.632716
0.633643
0.634568
0.635490
0.636411
0.637328
0.638244
0.639157
0.640068
0.640977
0.641883
0.642787
0.643689
0.644588
0.645485
0.646380
0.647272
0.648163
0.649051
0.649937
0.650820
0.651701
0.652580
0.653457
0.654332
0.655204
0.656074
0.656942
0.657808
0.658672
0.659533
0.660392
0.661249
0.662104
0.662957
0.663807
0.664655
0.665502
0.666346
0.667187
0.668027
0.668865
0.669700
0.670534
0.671365
0.672194
0.673021
0.673846
0.674669
0.675490
0.676309
0.677125
0.677940
0.678752
0.679563
0.680371
0.681178
0.681982
0.682784
0.683585
0.684383
0.685179
0.685973
0.686765
0.687556
0.688344
0.689130
0.689914
0.690697
0.691477
0.692255
0.693031
0.693806
0.694578
0.695349
0.696117
0.696884
0.697648
0.698411
0.699172
0.699931
0.700688
0.701443
0.702196
0.702947
0.703696
0.704444
0.705189
0.705933
0.706675
0.707415
0.708153
0.708889
0.709623
0.710356
0.711086
0.711815
0.712542
0.713267
0.713991
0.714712
0.715432
0.716150
0.716866
0.717580
0.718293
0.719003
0.719712
0.720419
0.721125
0.721828
0.722530
0.723230
0.723928
0.724625
0.725320
0.726013
0.726704
0.727394
0.728081
0.728767
0.729452
0.730135
0.730816
0.731495
0.732172
0.732848
0.733522
0.734195
0.734866
0.735535
0.736202
0.736868
0.737532
0.738195
0.738856
0.739515
0.740172
0.740828
0.741483
0.742135
0.742786
0.743436
0.744083
0.744730
0.745374
0.746017
0.746658
0.747298
0.747936
0.748573
0.749208
0.749841
0.750473
0.751103
0.751732
0.752359
0.752985
0.753609
0.754231
0.754852
0.755472
0.756090
0.756706
0.757321
0.757934
0.758546
0.759156
0.759765
0.760372
0.760978
0.761582
0.762185
0.762787
0.763386
0.763985
0.764582
0.765177
0.765771
0.766364
0.766955
0.767544
0.768132
0.768719
0.769304
0.769888
0.770471
0.771052
0.771631
0.772209
0.772786
0.773361
0.773935
0.774508
0.775079
0.775649
0.776217
0.776784
0.777350
0.777914
0.778477
0.779038
0.779598
0.780157
0.780715
0.781271
0.781825
0.782379
0.782931
0.783482
0.784031
0.784579
0.785126
0.785671
0.786215
0.786758
0.787300
0.787840
0.788379
0.788916
0.789453
0.789988
0.790521
0.791054
0.791585
0.792115
0.792644
0.793171
0.793697
0.794222
0.794746
0.795268
0.795789
0.796309
0.796828
0.797346
0.797862
0.798377
0.798891
0.799403
0.799915
0.800425
0.800934
0.801442
0.801948
0.802454
0.802958
0.803461
0.803963
0.804463
0.804963
0.805461
0.805959
0.806455
0.806950
0.807443
0.807936
0.808427
0.808918
0.809407
0.809895
0.810382
0.810868
0.811352
0.811836
0.812318
0.812800
0.813280
0.813759
0.814237
0.814714
0.815190
0.815665
0.816138
0.816611
0.817083
0.817553
0.818023
0.818491
0.818958
0.819424
0.819890
0.820354
0.820817
0.821279
0.821740
0.822200
0.822659
0.823117
0.823574
0.824030
0.824485
0.824939
0.825392
0.825843
0.826294
0.826744
0.827193
0.827641
0.828088
0.828534
0.828979
0.829423
0.829866
0.830308
0.830749
0.831189
0.831628
0.832067
0.832504
0.832940
0.833376
0.833810
0.834244
0.834676
0.835108
0.835539
0.835969
0.836398
0.836826
0.837253
0.837679
0.838105
0.838529
0.838952
