0.298380
0.301967
0.360280
0.404490
0.440139
0.470192
0.496330
0.519558
0.540539
0.559759
0.577571
0.594234
0.609942
0.624861
0.639131
0.652860
0.666124
0.679025
0.691697
0.704311
0.717130
0.730846
0.743864
0.751949
0.758462
0.764861
0.771194
0.777456
0.783641
0.789746
0.795764
0.801692
0.807525
0.813259
0.818890
0.824414
0.829828
0.835130
0.840315
0.845582
0.850498
0.855296
0.859973
0.864527
0.868957
0.873260
0.877437
0.881485
0.885406
0.889198
0.892862
0.896399
0.899809
0.903093
0.906252
0.909287
0.912201
0.914995
0.917671
0.920230
0.922676
0.925011
0.927237
0.929356
0.931373
0.933288
0.935107
0.936830
0.938462
0.940006
0.941464
0.942839
0.944136
0.945357
0.946504
0.947582
0.948593
0.949540
0.950426
0.951255
0.952028
0.952749
0.953421
0.954045
0.954626
0.955164
0.955663
0.956125
0.956552
0.956947
0.957311
0.957646
0.957954
0.958237
0.958497
0.958736
0.958954
0.959154
0.959336
0.959502
0.959654
0.959791
0.959917
0.960030
0.960133
0.960227
0.960311
0.960387
0.960456
0.960518
0.960574
0.960624
0.960669
0.960709
0.960745
0.960777
0.960806
0.960832
0.960855
0.960875
0.960893
0.960909
0.960924
0.960936
0.960947
0.960957
0.960966
0.960974
0.960980
0.960986
0.960992
0.960996
0.961000
0.961004
0.961007
0.961009
0.961012
0.961014
0.961015
0.961017
0.961018
0.961019
0.961020
0.961021
0.961022
0.961023
0.961023
0.961024
0.961024
0.961024
0.961025
0.961025
0.961025
0.961025
0.961026
0.961026
0.961026
0.961026
0.961026
0.961026
0.961026
0.961026
0.961026
0.961026
0.961026
0.961026
0.961026
0.961026
0.961026
0.961026
0.961026
0.961026
0.961026
0.961026
0.961026
0.961026
0.961026
0.961026
0.961026
0.961026
0.961026
0.961027
0.961027
0.961027
0.961027
0.961027
0.961027
0.961027
0.961027
0.961027
0.961027
0.961027
0.961027
0.961027
0.961027
0.961027
0.961027
0.961027
0.961027
0.961027
0.961027
0.961027
0.961027
0.961027
0.961027
0.961027
0.961027
0.961027
0.961027
0.961027
0.961027
0.961027
0.961027
0.961027
0.961027
0.961027
0.961027
0.961027
0.961027
0.961027
0.961027
0.961027
0.961027
0.961027
0.961027
0.961027
0.961027
0.961027
0.961027
0.961027
0.961027
0.961027
0.961027
0.961027
0.961027
0.961027
0.961027
0.961027
0.961027
0.961027
0.961027
0.961027
0.961027
0.961027
0.961027
0.961027
0.961027
0.961027
0.961027
0.961027
0.961027
0.961027
0.961027
0.961027
0.961027
0.961027
0.961027
0.961027
0.961027
0.961027
0.961027
0.961027
0.961027
0.961027
0.961027
0.961027
0.961027
0.961027
0.961027
0.961027
0.961027
0.961027
0.961027
0.961027
0.961027
0.961027
0.961027
0.961027
0.961027
0.961027
0.961027
0.961027
0.961027
0.961027
0.961027
0.961027
0.961027
0.961027
0.961027
0.961027
0.961027
0.961027
0.961027
0.961027
0.961027
0.961027
0.961027
0.961027
0.961027
0.961027
0.961027
0.961027
0.961027
0.961027
0.961027
0.961027
0.961027
0.961027
0.961027
0.961027
0.961027
0.961027
0.961027
0.961027
0.961027
0.961027
0.961027
0.961027
0.961027
0.961027
0.961027
0.961027
0.961027
0.961027
0.961027
0.961027
0.961027
0.961027
0.961027
0.961027
0.961027
0.961027
0.961027
0.961027
0.961027
0.961027
0.961027
0.961027
0.961027
0.961027
0.961027
0.961027
0.961027
0.961027
0.961027
0.961027
0.961027
0.961027
0.961027
0.961027
0.961027
0.961027
0.961027
0.961027
0.961027
0.961027
0.961027
0.961027
0.961027
0.961027
0.961027
0.961027
0.961027
0.961027
0.961027
0.961027
0.961027
0.961027
0.961027
0.961027
0.961027
0.961027
0.961027
0.961027
0.961027
0.961027
0.961027
0.961027
0.961027
0.961027
0.961027
0.961027
0.961027
0.961027
0.961027
0.961027
0.961027
0.961027
0.961027
0.961027
0.961027
0.961027
0.961027
0.961027
0.961027
0.961027
0.961027
0.961027
0.961027
0.961027
0.961027
0.961027
0.961027
0.961027
0.961027
0.961027
0.961027
0.961027
0.961027
0.961027
0.961027
0.961027
0.961027
0.961027
0.961027
0.961027
0.961027
0.961027
0.961027
0.961027
0.961027
0.961027
0.961027
0.961027
0.961027
0.961027
0.961027
0.961027
0.961027
0.961027
0.961027
0.961027
0.961027
0.961027
0.961027
0.961027
0.961027
0.961027
0.961027
0.961027
0.961027
0.961027
0.961027
0.961027
0.961027
0.961027
0.961027
0.961027
0.961027
0.961027
0.961027
0.961027
0.961027
0.961027
0.961027
0.961027
0.961027
0.961027
0.961027
0.961027
0.961027
0.961027
0.961027
0.961027
0.961027
0.961027
0.961027
0.961027
0.961027
0.961027
0.961027
0.961027
0.961027
0.961027
0.961027
0.961027
0.961027
0.961027
0.961027
0.961027
0.961027
0.961027
0.961027
0.961027
0.961027
0.961027
0.961027
0.961027
0.961027
0.961027
0.961027
0.961027
0.961027
0.961027
0.961027
0.961027
0.961027
0.961027
0.961027
0.961027
0.961027
0.961027
0.961027
0.961027
0.961027
0.961027
0.961027
0.961027
0.961027
0.961027
0.961027
0.961027
0.961027
0.961027
0.961027
0.961027
0.961027
0.961027
0.961027
0.961027
0.961027
0.961027
0.961027
0.961027
0.961027
0.961027
0.961027
0.961027
0.961027
0.961027
0.961027
0.961027
0.961027
0.961027
0.961027
0.961027
0.961027
0.961027
0.961027
0.961027
0.961027
0.961027
0.961027
0.961027
0.961027
0.961027
0.961027
0.961027
0.961027
0.961027
0.961027
0.961027
0.961027
0.961027
0.961027
0.961027
0.961027
0.961027
0.961027
0.961027
0.961027
0.961027
0.961027
0.961027
0.961027
0.961027
0.961027
0.961027
0.961027
0.961027
0.961027
0.961027
0.961027
0.961027
0.961027
0.961027
0.961027
0.961027
0.961027
0.961027
0.961027
0.961027
0.961027
0.961027
0.961027
0.961027
0.961027
0.961027
0.961027
0.961027
0.961027
0.961027
0.961027
0.961027
0.961027
0.961027
0.961027
0.961027
0.961027
0.961027
