0.009998
0.021404
0.033638
0.048791
0.056164
0.063249
0.071010
0.079584
0.089136
0.099883
0.112191
0.126758
0.144708
0.167302
0.194943
0.225887
0.255554
0.277671
0.287780
0.287211
0.283160
0.281899
0.283301
0.285251
0.287222
0.289187
0.291148
0.293105
0.295057
0.297004
0.298946
0.300885
0.302818
0.304748
0.306673
0.308593
0.310510
0.312422
0.314330
0.316273
0.318010
0.319746
0.321480
0.323211
0.324939
0.326663
0.328385
0.330103
0.331818
0.333531
0.335240
0.336947
0.338651
0.340352
0.342050
0.343745
0.345438
0.347128
0.348815
0.350500
0.352182
0.353862
0.355539
0.357214
0.358886
0.360556
0.362223
0.363889
0.365551
0.367212
0.368871
0.370527
0.372181
0.373833
0.375483
0.377131
0.378777
0.380421
0.382063
0.383703
0.385341
0.386978
0.388613
0.390246
0.391877
0.393506
0.395134
0.396760
0.398385
0.400008
0.401630
0.403250
0.404868
0.406486
0.408101
0.409716
0.411329
0.412941
0.414551
0.416160
0.417769
0.419375
0.420981
0.422586
0.424189
0.425791
0.427393
0.428993
0.430592
0.432191
0.433788
0.435385
0.436980
0.438575
0.440169
0.441762
0.443354
0.444945
0.446536
0.448126
0.449715
0.451304
0.452892
0.454479
0.456066
0.457652
0.459237
0.460822
0.462406
0.463990
0.465573
0.467156
0.468738
0.470320
0.471901
0.473482
0.475062
0.476642
0.478221
0.479800
0.481379
0.482958
0.484536
0.486113
0.487690
0.489267
0.490844
0.492420
0.493996
0.495572
0.497147
0.498722
0.500297
0.501872
0.503446
0.505020
0.506594
0.508167
0.509740
0.511313
0.512886
0.514458
0.516030
0.517602
0.519174
0.520745
0.522316
0.523887
0.525458
0.527028
0.528598
0.530168
0.531737
0.533306
0.534875
0.536444
0.538012
0.539580
0.541148
0.542715
0.544282
0.545849
0.547416
0.548982
0.550547
0.552113
0.553678
0.555242
0.556806
0.558370
0.559933
0.561496
0.563059
0.564621
0.566182
0.567743
0.569304
0.570864
0.572423
0.573982
0.575541
0.577099
0.578656
0.580213
0.581769
0.583324
0.584879
0.586433
0.587986
0.589539
0.591091
0.592642
0.594193
0.595742
0.597291
0.598840
0.600387
0.601933
0.603479
0.605023
0.606567
0.608110
0.609652
0.611193
0.612733
0.614271
0.615809
0.617346
0.618882
0.620416
0.621950
0.623482
0.625013
0.626543
0.628072
0.629599
0.631125
0.632650
0.634174
0.635696
0.637217
0.638737
0.640255
0.641771
0.643287
0.644800
0.646313
0.647823
0.649333
0.650840
0.652346
0.653850
0.655353
0.656854
0.658353
0.659851
0.661347
0.662841
0.664333
0.665824
0.667312
0.668799
0.670284
0.671767
0.673247
0.674726
0.676203
0.677678
0.679151
0.680622
0.682090
0.683557
0.685021
0.686483
0.687943
0.689401
0.690857
0.692310
0.693761
0.695209
0.696655
0.698099
0.699541
0.700980
0.702416
0.703850
0.705282
0.706711
0.708137
0.709561
0.710982
0.712401
0.713817
0.715230
0.716641
0.718049
0.719454
0.720856
0.722256
0.723653
0.725047
0.726438
0.727826
0.729211
0.730594
0.731973
0.733349
0.734723
0.736093
0.737461
0.738825
0.740186
0.741544
0.742899
0.744251
0.745600
0.746945
0.748288
0.749627
0.750962
0.752295
0.753624
0.754950
0.756272
0.757592
0.758908
0.760220
0.761529
0.762835
0.764137
0.765435
0.766731
0.768022
0.769311
0.770595
0.771876
0.773154
0.774428
0.775698
0.776965
0.778228
0.779487
0.780743
0.781995
0.783243
0.784488
0.785728
0.786965
0.788199
0.789428
0.790654
0.791876
0.793094
0.794308
0.795519
0.796725
0.797928
0.799126
0.800321
0.801512
0.802699
0.803882
0.805061
0.806236
0.807407
0.808574
0.809737
0.810896
0.812051
0.813202
0.814349
0.815492
0.816631
0.817766
0.818896
0.820023
0.821145
0.822264
0.823378
0.824488
0.825594
0.826695
0.827793
0.828886
0.829976
0.831061
0.832141
0.833218
0.834290
0.835359
0.836423
0.837482
0.838538
0.839589
0.840636
0.841679
0.842718
0.843752
0.844782
0.845808
0.846829
0.847847
0.848860
0.849868
0.850873
0.851873
0.852868
0.853860
0.854847
0.855830
0.856809
0.857783
0.858753
0.859719
0.860680
0.861637
0.862590
0.863538
0.864482
0.865422
0.866358
0.867289
0.868216
0.869138
0.870056
0.870970
0.871880
0.872785
0.873686
0.874583
0.875475
0.876363
0.877247
0.878127
0.879002
0.879873
0.880739
0.881601
0.882459
0.883313
0.884162
0.885008
0.885848
0.886685
0.887517
0.888345
0.889169
0.889989
0.890804
0.891615
0.892422
0.893224
0.894023
0.894817
0.895607
0.896392
0.897174
0.897951
0.898724
0.899493
0.900258
0.901018
0.901775
0.902527
0.903275
0.904019
0.904759
0.905494
0.906226
0.906953
0.907676
0.908396
0.909111
0.909822
0.910528
0.911231
0.911930
0.912625
0.913316
0.914002
0.914685
0.915363
0.916038
0.916709
0.917375
0.918038
0.918697
0.919351
0.920002
0.920649
0.921292
0.921931
0.922566
0.923197
0.923824
0.924448
0.925067
0.925683
0.926295
0.926903
0.927507
0.928108
0.928704
0.929297
0.929886
0.930471
0.931053
0.931631
0.932205
0.932775
0.933342
0.933905
0.934464
0.935020
0.935572
0.936120
0.936665
0.937206
0.937743
0.938277
0.938807
0.939334
0.939857
0.940377
0.940893
0.941406
0.941915
0.942420
0.942923
0.943421
0.943917
0.944408
0.944897
0.945382
0.945863
0.946342
0.946816
0.947288
0.947756
0.948221
0.948683
0.949141
0.949596
0.950047
0.950496
0.950941
0.951383
0.951822
0.952257
0.952690
0.953119
0.953545
0.953968
0.954388
0.954804
0.955218
0.955628
0.956036
0.956440
0.956841
0.957240
0.957635
0.958027
0.958417
0.958803
0.959186
0.959567
0.959944
0.960319
0.960691
0.961059
0.961425
0.961788
0.962149
0.962506
0.962861
0.963213
0.963562
0.963908
0.964252
0.964592
0.964931
0.965266
0.965599
0.965929
0.966256
0.966581
0.966903
0.967222
0.967539
0.967854
0.968165
0.968474
0.968781
0.969085
0.969387
0.969686
0.969982
0.970276
0.970568
