0.026832
0.057569
0.090330
0.126551
0.168397
0.219242
0.281833
0.331741
0.307593
0.263300
0.262058
0.270219
0.278835
0.288876
0.295860
0.298323
0.300607
0.302899
0.305200
0.307509
0.309827
0.312154
0.314490
0.316835
0.319189
0.321552
0.323925
0.326308
0.328702
0.331106
0.333520
0.335946
0.338383
0.340832
0.343292
0.345764
0.348248
0.350745
0.353254
0.355814
0.358151
0.360524
0.362914
0.365319
0.367739
0.370175
0.372627
0.375094
0.377577
0.380076
0.382591
0.385122
0.387669
0.390233
0.392813
0.395410
0.398023
0.400653
0.403299
0.405962
0.408642
0.411339
0.414052
0.416783
0.419530
0.422294
0.425074
0.427872
0.430686
0.433517
0.436365
0.439229
0.442110
0.445007
0.447920
0.450850
0.453796
0.456758
0.459735
0.462729
0.465738
0.468762
0.471802
0.474857
0.477926
0.481011
0.484109
0.487222
0.490350
0.493491
0.496645
0.499813
0.502994
0.506188
0.509394
0.512612
0.515843
0.519085
0.522338
0.525603
0.528878
0.532163
0.535459
0.538764
0.542079
0.545403
0.548735
0.552075
0.555424
0.558780
0.562143
0.565513
0.568889
0.572271
0.575658
0.579051
0.582449
0.585850
0.589256
0.592665
0.596077
0.599492
0.602909
0.606328
0.609748
0.613168
0.616590
0.620011
0.623432
0.626852
0.630270
0.633687
0.637101
0.640513
0.643922
0.647327
0.650728
0.654125
0.657517
0.660903
0.664284
0.667658
0.671026
0.674387
0.677740
0.681086
0.684423
0.687751
0.691070
0.694380
0.697679
0.700969
0.704247
0.707514
0.710770
0.714014
0.717245
0.720463
0.723669
0.726861
0.730039
0.733203
0.736352
0.739487
0.742606
0.745710
0.748798
0.751870
0.754925
0.757963
0.760985
0.763988
0.766975
0.769943
0.772893
0.775824
0.778737
0.781630
0.784504
0.787359
0.790194
0.793009
0.795804
0.798578
0.801332
0.804065
0.806777
0.809468
0.812137
0.814785
0.817412
0.820016
0.822599
0.825159
0.827697
0.830213
0.832707
0.835177
0.837626
0.840051
0.842454
0.844833
0.847190
0.849523
0.851834
0.854121
0.856385
0.858626
0.860843
0.863037
0.865208
0.867355
0.869479
0.871580
0.873657
0.875711
0.877742
0.879749
0.881734
0.883694
0.885632
0.887547
0.889438
0.891307
0.893152
0.894975
0.896774
0.898551
0.900305
0.902037
0.903746
0.905433
0.907097
0.908740
0.910360
0.911958
0.913534
0.915089
0.916621
0.918133
0.919623
0.921092
0.922539
0.923966
0.925372
0.926757
0.928122
0.929466
0.930790
0.932094
0.933378
0.934643
0.935887
0.937113
0.938319
0.939506
0.940674
0.941823
0.942954
0.944067
0.945161
0.946237
0.947295
0.948336
0.949359
0.950365
0.951354
0.952326
0.953281
0.954219
0.955141
0.956047
0.956937
0.957811
0.958669
0.959512
0.960340
0.961153
0.961950
0.962733
0.963502
0.964256
0.964996
0.965722
0.966435
0.967133
0.967819
0.968491
0.969150
0.969796
0.970430
0.971051
0.971660
0.972257
0.972841
0.973414
0.973976
0.974526
0.975065
0.975592
0.976109
0.976615
0.977111
0.977596
0.978071
0.978536
0.978991
0.979436
0.979872
0.980298
0.980716
0.981124
0.981523
0.981913
0.982295
0.982668
0.983033
0.983390
0.983738
0.984079
0.984412
0.984738
0.985056
0.985367
0.985670
0.985967
0.986256
0.986539
0.986815
0.987085
0.987348
0.987605
0.987856
0.988101
0.988340
0.988573
0.988800
0.989022
0.989239
0.989450
0.989656
0.989857
0.990052
0.990243
0.990429
0.990611
0.990787
0.990960
0.991128
0.991291
0.991451
0.991606
0.991757
0.991904
0.992048
0.992188
0.992324
0.992456
0.992585
0.992710
0.992832
0.992951
0.993067
0.993179
0.993289
0.993395
0.993499
0.993600
0.993698
0.993793
0.993885
0.993975
0.994063
0.994148
0.994231
0.994311
0.994389
0.994465
0.994539
0.994610
0.994680
0.994747
0.994813
0.994876
0.994938
0.994998
0.995056
0.995113
0.995168
0.995221
0.995273
0.995323
0.995371
0.995418
0.995464
0.995508
0.995551
0.995593
0.995633
0.995673
0.995711
0.995747
0.995783
0.995818
0.995851
0.995883
0.995915
0.995945
0.995975
0.996003
0.996031
0.996058
0.996084
0.996109
0.996133
0.996156
0.996179
0.996201
0.996222
0.996243
0.996263
0.996282
0.996301
0.996319
0.996336
0.996353
0.996369
0.996385
0.996400
0.996415
0.996429
0.996443
0.996456
0.996469
0.996481
0.996493
0.996505
0.996516
0.996526
0.996537
0.996547
0.996556
0.996566
0.996575
0.996583
0.996592
0.996600
0.996608
0.996615
0.996622
0.996629
0.996636
0.996643
0.996649
0.996655
0.996661
0.996666
0.996672
0.996677
0.996682
0.996687
0.996691
0.996696
0.996700
0.996704
0.996708
0.996712
0.996716
0.996720
0.996723
0.996726
0.996729
0.996732
0.996735
0.996738
0.996741
0.996744
0.996746
0.996748
0.996751
0.996753
0.996755
0.996757
0.996759
0.996761
0.996763
0.996765
0.996766
0.996768
0.996770
0.996771
0.996773
0.996774
0.996775
0.996776
0.996778
0.996779
0.996780
0.996781
0.996782
0.996783
0.996784
0.996785
0.996786
0.996787
0.996787
0.996788
0.996789
0.996790
0.996790
0.996791
0.996792
0.996792
0.996793
0.996793
0.996794
0.996794
0.996795
0.996795
0.996796
0.996796
0.996797
0.996797
0.996797
0.996798
0.996798
0.996798
0.996799
0.996799
0.996799
0.996799
0.996800
0.996800
0.996800
0.996800
0.996801
0.996801
0.996801
0.996801
0.996801
0.996802
0.996802
0.996802
0.996802
0.996802
0.996802
0.996802
0.996803
0.996803
0.996803
0.996803
0.996803
0.996803
0.996803
0.996803
0.996803
0.996803
0.996803
0.996804
0.996804
0.996804
0.996804
0.996804
0.996804
0.996804
0.996804
0.996804
0.996804
0.996804
0.996804
0.996804
0.996804
0.996804
0.996804
0.996804
0.996804
0.996804
0.996804
0.996804
0.996804
0.996805
0.996805
0.996805
0.996805
0.996805
0.996805
0.996805
0.996805
0.996805
0.996805
0.996805
0.996805
0.996805
0.996805
0.996805
0.996805
0.996805
0.996805
0.996805
0.996805
