0.072084
0.161559
0.275904
0.386794
0.266137
0.254199
0.270111
0.284783
0.298422
0.311215
0.323321
0.334875
0.345970
0.356692
0.367164
0.377535
0.388000
0.398921
0.411090
0.420263
0.425306
0.430030
0.434803
0.439629
0.444506
0.449432
0.454408
0.459432
0.464504
0.469621
0.474784
0.479991
0.485240
0.490531
0.495862
0.501233
0.506640
0.512083
0.517561
0.523242
0.528629
0.534063
0.539532
0.545033
0.550565
0.556124
0.561709
0.567318
0.572948
0.578598
0.584265
0.589947
0.595641
0.601347
0.607061
0.612782
0.618507
0.624233
0.629960
0.635684
0.641404
0.647117
0.652821
0.658514
0.664193
0.669857
0.675503
0.681130
0.686734
0.692315
0.697870
0.703397
0.708893
0.714358
0.719789
0.725184
0.730541
0.735860
0.741137
0.746371
0.751560
0.756704
0.761799
0.766846
0.771842
0.776786
0.781676
0.786512
0.791292
0.796015
0.800679
0.805285
0.809830
0.814314
0.818736
0.823095
0.827391
0.831623
0.835789
0.839890
0.843926
0.847895
0.851797
0.855632
0.859400
0.863100
0.866732
0.870297
0.873794
0.877223
0.880585
0.883878
0.887105
0.890264
0.893356
0.896381
0.899340
0.902233
0.905060
0.907823
0.910520
0.913154
0.915724
0.918232
0.920677
0.923061
0.925384
0.927647
0.929851
0.931996
0.934083
0.936114
0.938089
0.940008
0.941873
0.943684
0.945444
0.947151
0.948808
0.950415
0.951973
0.953484
0.954947
0.956365
0.957737
0.959066
0.960351
0.961595
0.962797
0.963959
0.965082
0.966167
0.967214
0.968225
0.969201
0.970142
0.971049
0.971924
0.972766
0.973578
0.974360
0.975112
0.975837
0.976533
0.977203
0.977847
0.978466
0.979060
0.979631
0.980179
0.980705
0.981210
0.981693
0.982157
0.982602
0.983028
0.983436
0.983827
0.984201
0.984559
0.984901
0.985228
0.985541
0.985840
0.986125
0.986398
0.986658
0.986907
0.987144
0.987370
0.987585
0.987791
0.987986
0.988173
0.988350
0.988519
0.988680
0.988832
0.988978
0.989116
0.989247
0.989372
0.989491
0.989603
0.989710
0.989811
0.989907
0.989998
0.990085
0.990167
0.990244
0.990317
0.990387
0.990453
0.990515
0.990574
0.990629
0.990682
0.990732
0.990779
0.990823
0.990865
0.990904
0.990942
0.990977
0.991010
0.991041
0.991070
0.991098
0.991124
0.991149
0.991172
0.991194
0.991214
0.991233
0.991251
0.991268
0.991284
0.991299
0.991313
0.991327
0.991339
0.991351
0.991361
0.991372
0.991381
0.991390
0.991399
0.991406
0.991414
0.991421
0.991427
0.991433
0.991439
0.991444
0.991449
0.991453
0.991458
0.991462
0.991465
0.991469
0.991472
0.991475
0.991478
0.991481
0.991483
0.991485
0.991487
0.991489
0.991491
0.991493
0.991494
0.991496
0.991497
0.991499
0.991500
0.991501
0.991502
0.991503
0.991504
0.991505
0.991505
0.991506
0.991507
0.991507
0.991508
0.991508
0.991509
0.991509
0.991510
0.991510
0.991510
0.991511
0.991511
0.991511
0.991511
0.991512
0.991512
0.991512
0.991512
0.991512
0.991513
0.991513
0.991513
0.991513
0.991513
0.991513
0.991513
0.991513
0.991513
0.991514
0.991514
0.991514
0.991514
0.991514
0.991514
0.991514
0.991514
0.991514
0.991514
0.991514
0.991514
0.991514
0.991514
0.991514
0.991514
0.991514
0.991514
0.991514
0.991514
0.991514
0.991514
0.991514
0.991514
0.991514
0.991514
0.991514
0.991514
0.991514
0.991514
0.991514
0.991514
0.991514
0.991514
0.991514
0.991514
0.991514
0.991514
0.991514
0.991514
0.991514
0.991514
0.991514
0.991514
0.991514
0.991514
0.991514
0.991514
0.991514
0.991514
0.991514
0.991514
0.991514
0.991514
0.991514
0.991514
0.991514
0.991514
0.991514
0.991514
0.991514
0.991514
0.991514
0.991514
0.991514
0.991514
0.991514
0.991514
0.991514
0.991514
0.991514
0.991514
0.991514
0.991514
0.991514
0.991514
0.991514
0.991514
0.991514
0.991514
0.991514
0.991514
0.991514
0.991514
0.991514
0.991514
0.991514
0.991514
0.991514
0.991514
0.991514
0.991514
0.991514
0.991514
0.991514
0.991514
0.991514
0.991514
0.991514
0.991514
0.991514
0.991514
0.991514
0.991514
0.991514
0.991514
0.991514
0.991514
0.991514
0.991514
0.991514
0.991514
0.991514
0.991514
0.991514
0.991514
0.991514
0.991514
0.991514
0.991514
0.991514
0.991514
0.991514
0.991514
0.991514
0.991514
0.991514
0.991514
0.991514
0.991514
0.991514
0.991514
0.991514
0.991514
0.991514
0.991514
0.991514
0.991514
0.991514
0.991514
0.991514
0.991514
0.991514
0.991514
0.991514
0.991514
0.991514
0.991514
0.991514
0.991514
0.991514
0.991514
0.991514
0.991514
0.991514
0.991514
0.991514
0.991514
0.991514
0.991514
0.991514
0.991514
0.991514
0.991514
0.991514
0.991514
0.991514
0.991514
0.991514
0.991514
0.991514
0.991514
0.991514
0.991514
0.991514
0.991514
0.991514
0.991514
0.991514
0.991514
0.991514
0.991514
0.991514
0.991514
0.991514
0.991514
0.991514
0.991514
0.991514
0.991514
0.991514
0.991514
0.991514
0.991514
0.991514
0.991514
0.991514
0.991514
0.991514
0.991514
0.991514
0.991514
0.991514
0.991514
0.991514
0.991514
0.991514
0.991514
0.991514
0.991514
0.991514
0.991514
0.991514
0.991514
0.991514
0.991514
0.991514
0.991514
0.991514
0.991514
0.991514
0.991514
0.991514
0.991514
0.991514
0.991514
0.991514
0.991514
0.991514
0.991514
0.991514
0.991514
0.991514
0.991514
0.991514
0.991514
0.991514
0.991514
0.991514
0.991514
0.991514
0.991514
0.991514
0.991514
0.991514
0.991514
0.991514
0.991514
0.991514
0.991514
0.991514
0.991514
0.991514
0.991514
0.991514
0.991514
0.991514
0.991514
0.991514
0.991514
0.991514
0.991514
0.991514
0.991514
0.991514
0.991514
0.991514
0.991514
0.991514
0.991514
0.991514
0.991514
0.991514
0.991514
0.991514
0.991514
0.991514
0.991514
0.991514
0.991514
0.991514
0.991514
0.991514
0.991514
0.991514
0.991514
0.991514
0.991514
0.991514
0.991514
