0.022879
0.053429
0.104516
0.160013
0.197530
0.218014
0.229969
0.238908
0.247036
0.255017
0.263084
0.271594
0.281684
0.286754
0.288766
0.290732
0.292692
0.294646
0.296594
0.298535
0.300471
0.302400
0.304323
0.306240
0.308151
0.310056
0.311955
0.313848
0.315736
0.317617
0.319493
0.321364
0.323228
0.325087
0.326941
0.328790
0.330633
0.332470
0.334303
0.336179
0.337860
0.339528
0.341191
0.342850
0.344505
0.346155
0.347801
0.349443
0.351080
0.352714
0.354343
0.355968
0.357589
0.359206
0.360818
0.362427
0.364031
0.365631
0.367227
0.368820
0.370408
0.371992
0.373572
0.375148
0.376720
0.378288
0.379852
0.381412
0.382968
0.384520
0.386068
0.387612
0.389153
0.390689
0.392222
0.393750
0.395275
0.396796
0.398313
0.399826
0.401335
0.402841
0.404343
0.405841
0.407335
0.408825
0.410311
0.411794
0.413273
0.414749
0.416220
0.417688
0.419152
0.420612
0.422069
0.423522
0.424972
0.426417
0.427859
0.429298
0.430732
0.432164
0.433591
0.435015
0.436435
0.437852
0.439265
0.440675
0.442081
0.443484
0.444883
0.446278
0.447670
0.449059
0.450444
0.451825
0.453203
0.454578
0.455949
0.457317
0.458681
0.460042
0.461399
0.462753
0.464104
0.465451
0.466795
0.468136
0.469473
0.470807
0.472137
0.473465
0.474788
0.476109
0.477426
0.478740
0.480051
0.481359
0.482663
0.483964
0.485262
0.486556
0.487847
0.489136
0.490421
0.491702
0.492981
0.494256
0.495529
0.496798
0.498064
0.499327
0.500586
0.501843
0.503097
0.504347
0.505594
0.506839
0.508080
0.509318
0.510554
0.511786
0.513015
0.514241
0.515464
0.516684
0.517902
0.519116
0.520327
0.521536
0.522741
0.523944
0.525143
0.526340
0.527534
0.528724
0.529912
0.531098
0.532280
0.533459
0.534636
0.535810
0.536981
0.538149
0.539314
0.540477
0.541637
0.542794
0.543948
0.545100
0.546248
0.547394
0.548538
0.549678
0.550816
0.551952
0.553084
0.554214
0.555342
0.556466
0.557588
0.558708
0.559824
0.560939
0.562050
0.563159
0.564265
0.565369
0.566471
0.567569
0.568666
0.569759
0.570850
0.571939
0.573025
0.574109
0.575190
0.576269
0.577345
0.578419
0.579491
0.580560
0.581626
0.582690
0.583752
0.584812
0.585869
0.586923
0.587976
0.589026
0.590074
0.591119
0.592162
0.593203
0.594241
0.595278
0.596312
0.597343
0.598373
0.599400
0.600425
0.601448
0.602468
0.603487
0.604503
0.605517
0.606529
0.607539
0.608546
0.609552
0.610555
0.611557
0.612556
0.613553
0.614548
0.615541
0.616532
0.617521
0.618507
0.619492
0.620475
0.621456
0.622435
0.623412
0.624387
0.625359
0.626330
0.627300
0.628267
0.629232
0.630195
0.631157
0.632116
0.633074
0.634030
0.634984
0.635936
0.636886
0.637835
0.638782
0.639727
0.640670
0.641611
0.642551
0.643489
0.644425
0.645360
0.646292
0.647223
0.648153
0.649081
0.650007
0.650931
0.651854
0.652775
0.653694
0.654612
0.655528
0.656443
0.657356
0.658268
0.659178
0.660086
0.660993
0.661899
0.662802
0.663705
0.664606
0.665505
0.666403
0.667300
0.668195
0.669088
0.669981
0.670871
0.671761
0.672649
0.673536
0.674421
0.675305
0.676187
0.677069
0.677949
0.678827
0.679705
0.680581
0.681456
0.682329
0.683201
0.684072
0.684942
0.685811
0.686678
0.687545
0.688410
0.689273
0.690136
0.690998
0.691858
0.692717
0.693575
0.694432
0.695288
0.696143
0.696997
0.697850
0.698701
0.699552
0.700402
0.701250
0.702098
0.702944
0.703790
0.704635
0.705478
0.706321
0.707163
0.708004
0.708843
0.709682
0.710520
0.711358
0.712194
0.713029
0.713864
0.714698
0.715531
0.716363
0.717194
0.718024
0.718854
0.719683
0.720511
0.721338
0.722164
0.722990
0.723815
0.724639
0.725463
0.726286
0.727108
0.727930
0.728750
0.729570
0.730390
0.731209
0.732027
0.732844
0.733661
0.734477
0.735293
0.736108
0.736923
0.737736
0.738550
0.739362
0.740175
0.740986
0.741797
0.742608
0.743418
0.744227
0.745036
0.745845
0.746653
0.747461
0.748268
0.749074
0.749880
0.750686
0.751491
0.752296
0.753100
0.753904
0.754708
0.755511
0.756314
0.757116
0.757918
0.758720
0.759521
0.760322
0.761122
0.761922
0.762722
0.763521
0.764320
0.765119
0.765917
0.766715
0.767513
0.768311
0.769108
0.769905
0.770701
0.771497
0.772293
0.773089
0.773884
0.774680
0.775474
0.776269
0.777063
0.777857
0.778651
0.779445
0.780238
0.781031
0.781824
0.782617
0.783409
0.784201
0.784993
0.785785
0.786576
0.787367
0.788158
0.788949
0.789740
0.790530
0.791320
0.792110
0.792900
0.793689
0.794479
0.795268
0.796057
0.796845
0.797634
0.798422
0.799210
0.799998
0.800785
0.801573
0.802360
0.803147
0.803934
0.804720
0.805507
0.806293
0.807079
0.807864
0.808650
0.809435
0.810220
0.811005
0.811790
0.812574
0.813358
0.814142
0.814926
0.815709
0.816492
0.817275
0.818057
0.818840
0.819622
0.820404
0.821185
0.821966
0.822747
0.823528
0.824308
0.825088
0.825868
0.826648
0.827427
0.828205
0.828984
0.829762
0.830540
0.831317
0.832094
0.832871
0.833647
0.834423
0.835199
0.835974
0.836748
0.837523
0.838297
0.839070
0.839843
0.840615
0.841387
0.842159
0.842930
0.843701
0.844471
0.845240
0.846010
0.846778
0.847546
0.848314
0.849080
0.849847
0.850612
0.851378
0.852142
0.852906
0.853669
0.854432
0.855194
0.855955
0.856716
0.857476
0.858235
0.858993
0.859751
0.860508
0.861264
0.862020
0.862774
0.863528
0.864281
0.865033
0.865785
0.866535
0.867285
0.868034
0.868782
0.869528
0.870274
0.871019
0.871764
0.872507
0.873249
0.873990
0.874730
0.875469
0.876207
0.876944
0.877680
0.878414
0.879148
0.879880
0.880611
0.881342
0.882070
0.882798
0.883525
0.884250
0.884974
0.885697
0.886418
0.887138
0.887857
0.888574
0.889290
0.890005
0.890718
0.891430
0.892141
0.892849
0.893557
0.894263
0.894968
0.895671
0.896372
0.897072
