0.032610
0.072544
0.124591
0.170992
0.195924
0.207447
0.215673
0.224186
0.233057
0.241732
0.250058
0.258154
0.266196
0.274447
0.283872
0.291726
0.294169
0.296110
0.298044
0.299972
0.301894
0.303809
0.305719
0.307623
0.309521
0.311413
0.313299
0.315179
0.317054
0.318923
0.320786
0.322644
0.324496
0.326343
0.328184
0.330020
0.331851
0.333677
0.335498
0.337354
0.339011
0.340665
0.342316
0.343962
0.345605
0.347243
0.348878
0.350508
0.352135
0.353757
0.355376
0.356990
0.358601
0.360208
0.361811
0.363411
0.365006
0.366598
0.368186
0.369770
0.371351
0.372928
0.374501
0.376071
0.377636
0.379199
0.380757
0.382313
0.383864
0.385412
0.386957
0.388498
0.390035
0.391569
0.393100
0.394627
0.396151
0.397671
0.399188
0.400701
0.402212
0.403719
0.405222
0.406723
0.408220
0.409714
0.411204
0.412692
0.414176
0.415657
0.417135
0.418610
0.420082
0.421550
0.423016
0.424479
0.425938
0.427395
0.428848
0.430299
0.431747
0.433192
0.434634
0.436073
0.437509
0.438942
0.440373
0.441801
0.443226
0.444648
0.446067
0.447484
0.448899
0.450310
0.451719
0.453125
0.454529
0.455930
0.457329
0.458725
0.460119
0.461510
0.462899
0.464285
0.465669
0.467050
0.468429
0.469806
0.471181
0.472553
0.473923
0.475291
0.476656
0.478020
0.479381
0.480740
0.482097
0.483451
0.484804
0.486155
0.487504
0.488850
0.490195
0.491538
0.492879
0.494218
0.495555
0.496890
0.498223
0.499555
0.500885
0.502213
0.503539
0.504864
0.506187
0.507508
0.508828
0.510146
0.511462
0.512777
0.514091
0.515403
0.516713
0.518022
0.519330
0.520636
0.521941
0.523244
0.524546
0.525847
0.527147
0.528445
0.529742
0.531038
0.532333
0.533626
0.534919
0.536210
0.537500
0.538790
0.540078
0.541365
0.542651
0.543937
0.545221
0.546504
0.547787
0.549069
0.550350
0.551630
0.552909
0.554188
0.555466
0.556743
0.558020
0.559296
0.560571
0.561846
0.563120
0.564394
0.565667
0.566939
0.568211
0.569483
0.570754
0.572025
0.573295
0.574565
0.575835
0.577105
0.578374
0.579643
0.580911
0.582180
0.583448
0.584716
0.585984
0.587252
0.588519
0.589787
0.591054
0.592322
0.593589
0.594857
0.596124
0.597391
0.598659
0.599927
0.601194
0.602462
0.603730
0.604998
0.606267
0.607535
0.608804
0.610073
0.611342
0.612612
0.613882
0.615152
0.616422
0.617693
0.618964
0.620236
0.621508
0.622780
0.624053
0.625326
0.626600
0.627874
0.629149
0.630424
0.631700
0.632976
0.634253
0.635530
0.636808
0.638086
0.639366
0.640645
0.641926
0.643206
0.644488
0.645770
0.647053
0.648337
0.649621
0.650906
0.652191
0.653478
0.654765
0.656053
0.657341
0.658630
0.659920
0.661211
0.662502
0.663795
0.665088
0.666381
0.667676
0.668971
0.670267
0.671564
0.672862
0.674160
0.675459
0.676759
0.678060
0.679362
0.680664
0.681967
0.683271
0.684576
0.685881
0.687187
0.688494
0.689802
0.691110
0.692420
0.693730
0.695041
0.696352
0.697664
0.698977
0.700291
0.701605
0.702920
0.704236
0.705553
0.706870
0.708188
0.709506
0.710825
0.712145
0.713465
0.714786
0.716107
0.717429
0.718752
0.720075
0.721399
0.722723
0.724047
0.725373
0.726698
0.728024
0.729350
0.730677
0.732004
0.733332
0.734660
0.735988
0.737316
0.738645
0.739974
0.741303
0.742632
0.743962
0.745291
0.746621
0.747951
0.749281
0.750610
0.751940
0.753270
0.754600
0.755930
0.757259
0.758589
0.759918
0.761247
0.762576
0.763905
0.765233
0.766561
0.767888
0.769216
0.770542
0.771868
0.773194
0.774519
0.775844
0.777168
0.778491
0.779814
0.781136
0.782457
0.783777
0.785096
0.786415
0.787732
0.789049
0.790364
0.791679
0.792992
0.794305
0.795616
0.796926
0.798234
0.799541
0.800847
0.802152
0.803455
0.804756
0.806056
0.807355
0.808652
0.809947
0.811240
0.812532
0.813821
0.815109
0.816395
0.817680
0.818962
0.820242
0.821519
0.822795
0.824069
0.825340
0.826609
0.827876
0.829140
0.830402
0.831661
0.832918
0.834172
0.835424
0.836673
0.837919
0.839162
0.840402
0.841640
0.842875
0.844106
0.845335
0.846560
0.847783
0.849002
0.850218
0.851431
0.852640
0.853846
0.855048
0.856247
0.857443
0.858635
0.859823
0.861007
0.862188
0.863365
0.864538
0.865708
0.866873
0.868035
0.869192
0.870345
0.871494
0.872639
0.873780
0.874917
0.876049
0.877177
0.878300
0.879419
0.880534
0.881644
0.882749
0.883850
0.884946
0.886038
0.887124
0.888206
0.889283
0.890355
0.891423
0.892485
0.893542
0.894594
0.895642
0.896684
0.897721
0.898752
0.899779
0.900800
0.901816
0.902826
0.903831
0.904831
0.905826
0.906814
0.907798
0.908775
0.909748
0.910714
0.911675
0.912630
0.913580
0.914524
0.915462
0.916394
0.917321
0.918241
0.919156
0.920065
0.920968
0.921865
0.922756
0.923641
0.924521
0.925394
0.926261
0.927122
0.927977
0.928826
0.929668
0.930505
0.931335
0.932160
0.932978
0.933790
0.934596
0.935395
0.936188
0.936975
0.937756
0.938531
0.939299
0.940061
0.940817
0.941567
0.942310
0.943047
0.943777
0.944502
0.945220
0.945931
0.946637
0.947336
0.948029
0.948716
0.949396
0.950070
0.950737
0.951399
0.952054
0.952703
0.953346
0.953982
0.954612
0.955236
0.955854
0.956465
0.957070
0.957670
0.958262
0.958849
0.959430
0.960004
0.960573
0.961135
0.961691
0.962241
0.962785
0.963323
0.963855
0.964381
0.964901
0.965415
0.965924
0.966426
0.966922
0.967413
0.967898
0.968377
0.968850
0.969317
0.969779
0.970235
0.970686
0.971130
0.971569
0.972003
0.972431
0.972854
0.973271
0.973682
0.974088
0.974489
0.974884
0.975275
0.975659
0.976039
0.976413
0.976783
0.977147
0.977505
0.977859
0.978208
0.978552
0.978891
0.979225
0.979554
0.979878
0.980198
0.980512
0.980822
0.981127
0.981428
0.981724
0.982015
0.982302
0.982585
0.982863
0.983136
0.983405
0.983670
0.983931
0.984187
