0.010175
0.023614
0.032268
0.039207
0.049389
0.063869
0.082554
0.104444
0.128130
0.152180
0.175385
0.196844
0.215979
0.232500
0.246351
0.257635
0.266569
0.273443
0.278585
0.282329
0.285006
0.286970
0.288617
0.290326
0.292215
0.294167
0.296119
0.298065
0.300006
0.301942
0.303872
0.305797
0.307716
0.309630
0.311539
0.313442
0.315340
0.317233
0.319120
0.321060
0.322803
0.324525
0.326241
0.327953
0.329660
0.331362
0.333061
0.334755
0.336444
0.338130
0.339811
0.341489
0.343162
0.344830
0.346495
0.348155
0.349812
0.351464
0.353112
0.354756
0.356395
0.358031
0.359663
0.361290
0.362914
0.364533
0.366149
0.367760
0.369368
0.370971
0.372571
0.374166
0.375758
0.377345
0.378929
0.380509
0.382085
0.383657
0.385225
0.386789
0.388349
0.389906
0.391458
0.393007
0.394552
0.396094
0.397631
0.399165
0.400695
0.402221
0.403743
0.405262
0.406777
0.408288
0.409795
0.411299
0.412799
0.414296
0.415789
0.417278
0.418763
0.420245
0.421724
0.423198
0.424669
0.426137
0.427601
0.429061
0.430518
0.431971
0.433421
0.434867
0.436310
0.437749
0.439185
0.440617
0.442046
0.443471
0.444893
0.446311
0.447726
0.449138
0.450546
0.451951
0.453352
0.454750
0.456145
0.457536
0.458924
0.460309
0.461690
0.463068
0.464442
0.465814
0.467182
0.468546
0.469908
0.471266
0.472621
0.473972
0.475321
0.476666
0.478008
0.479346
0.480682
0.482014
0.483343
0.484669
0.485992
0.487312
0.488628
0.489941
0.491251
0.492558
0.493862
0.495163
0.496461
0.497755
0.499047
0.500335
0.501621
0.502903
0.504182
0.505458
0.506731
0.508002
0.509269
0.510533
0.511794
0.513052
0.514307
0.515559
0.516808
0.518054
0.519297
0.520538
0.521775
0.523009
0.524241
0.525469
0.526695
0.527917
0.529137
0.530354
0.531568
0.532779
0.533988
0.535193
0.536395
0.537595
0.538792
0.539986
0.541177
0.542366
0.543551
0.544734
0.545914
0.547091
0.548265
0.549437
0.550606
0.551772
0.552935
0.554096
0.555254
0.556409
0.557561
0.558711
0.559858
0.561002
0.562143
0.563282
0.564418
0.565552
0.566683
0.567811
0.568936
0.570059
0.571179
0.572297
0.573412
0.574524
0.575633
0.576740
0.577845
0.578947
0.580046
0.581142
0.582236
0.583328
0.584417
0.585503
0.586587
0.587668
0.588747
0.589823
0.590896
0.591967
0.593036
0.594102
0.595165
0.596226
0.597285
0.598341
0.599394
0.600445
0.601494
0.602540
0.603584
0.604625
0.605664
0.606700
0.607734
0.608765
0.609794
0.610821
0.611845
0.612867
0.613886
0.614903
0.615917
0.616930
0.617939
0.618947
0.619952
0.620955
0.621955
0.622953
0.623948
0.624942
0.625933
0.626921
0.627908
0.628892
0.629873
0.630853
0.631830
0.632804
0.633777
0.634747
0.635715
0.636680
0.637644
0.638605
0.639564
0.640520
0.641475
0.642427
0.643376
0.644324
0.645269
0.646213
0.647154
0.648092
0.649029
0.649963
0.650895
0.651825
0.652753
0.653678
0.654602
0.655523
0.656442
0.657359
0.658274
0.659186
0.660097
0.661005
0.661911
0.662815
0.663717
0.664617
0.665515
0.666410
0.667304
0.668195
0.669084
0.669971
0.670856
0.671739
0.672620
0.673499
0.674376
0.675251
0.676123
0.676994
0.677862
0.678729
0.679593
0.680456
0.681316
0.682175
0.683031
0.683885
0.684738
0.685588
0.686436
0.687283
0.688127
0.688970
0.689810
0.690648
0.691485
0.692319
0.693152
0.693982
0.694811
0.695637
0.696462
0.697285
0.698106
0.698925
0.699742
0.700557
0.701370
0.702181
0.702990
0.703798
0.704603
0.705407
0.706208
0.707008
0.707806
0.708602
0.709396
0.710189
0.710979
0.711768
0.712554
0.713339
0.714122
0.714903
0.715683
0.716460
0.717236
0.718010
0.718781
0.719552
0.720320
0.721087
0.721851
0.722614
0.723375
0.724135
0.724892
0.725648
0.726402
0.727154
0.727905
0.728653
0.729400
0.730145
0.730889
0.731630
0.732370
0.733108
0.733845
0.734579
0.735312
0.736043
0.736773
0.737500
0.738226
0.738951
0.739673
0.740394
0.741113
0.741831
0.742547
0.743261
0.743973
0.744684
0.745393
0.746100
0.746806
0.747510
0.748212
0.748913
0.749612
0.750309
0.751005
0.751699
0.752391
0.753082
0.753771
0.754459
0.755145
0.755829
0.756512
0.757193
0.757872
0.758550
0.759226
0.759901
0.760574
0.761245
0.761915
0.762583
0.763250
0.763915
0.764578
0.765240
0.765901
0.766559
0.767217
0.767872
0.768526
0.769179
0.769830
0.770479
0.771127
0.771774
0.772418
0.773062
0.773703
0.774344
0.774982
0.775620
0.776255
0.776890
0.777522
0.778153
0.778783
0.779411
0.780038
0.780663
0.781287
0.781909
0.782530
0.783149
0.783767
0.784383
0.784998
0.785611
0.786223
0.786834
0.787443
0.788050
0.788656
0.789261
0.789864
0.790466
0.791066
0.791665
0.792263
0.792859
0.793453
0.794047
0.794638
0.795229
0.795818
0.796405
0.796992
0.797576
0.798160
0.798742
0.799322
0.799901
0.800479
0.801056
0.801631
0.802204
0.802777
0.803348
0.803917
0.804485
0.805052
0.805618
0.806182
0.806745
0.807306
0.807866
0.808425
0.808982
0.809538
0.810093
0.810646
0.811198
0.811749
0.812298
0.812847
0.813393
0.813939
0.814483
0.815026
0.815567
0.816108
0.816646
0.817184
0.817720
0.818256
0.818789
0.819322
0.819853
0.820383
0.820912
0.821439
0.821965
0.822490
0.823013
0.823536
0.824057
0.824576
0.825095
0.825612
0.826128
0.826643
0.827157
0.827669
0.828180
0.828690
0.829198
0.829706
0.830212
0.830717
0.831220
0.831723
0.832224
0.832724
0.833223
0.833721
0.834217
0.834712
0.835206
0.835699
0.836191
0.836681
0.837170
0.837658
0.838145
0.838631
0.839115
0.839598
0.840081
0.840562
0.841041
0.841520
0.841997
0.842474
0.842949
0.843423
0.843896
0.844367
0.844838
0.845307
0.845775
0.846242
0.846708
0.847173
0.847637
0.848099
0.848561
0.849021
0.849480
0.849938
0.850395
0.850851
0.851305
0.851759
0.852211
