0.022831
0.048804
0.076154
0.105938
0.140855
0.183488
0.225170
0.249963
0.256286
0.256827
0.260859
0.268646
0.278700
0.283856
0.285872
0.287841
0.289804
0.291761
0.293713
0.295660
0.297601
0.299536
0.301466
0.303391
0.305310
0.307225
0.309134
0.311038
0.312937
0.314831
0.316721
0.318605
0.320485
0.322361
0.324232
0.326099
0.327962
0.329820
0.331674
0.333559
0.335241
0.336927
0.338610
0.340291
0.341969
0.343643
0.345315
0.346983
0.348649
0.350312
0.351972
0.353629
0.355283
0.356935
0.358584
0.360231
0.361874
0.363516
0.365154
0.366791
0.368425
0.370056
0.371685
0.373312
0.374937
0.376559
0.378179
0.379797
0.381413
0.383027
0.384639
0.386248
0.387856
0.389462
0.391066
0.392668
0.394269
0.395867
0.397464
0.399059
0.400653
0.402245
0.403835
0.405424
0.407012
0.408598
0.410183
0.411766
0.413348
0.414929
0.416508
0.418086
0.419664
0.421240
0.422815
0.424389
0.425962
0.427534
0.429105
0.430675
0.432245
0.433813
0.435381
0.436948
0.438515
0.440081
0.441646
0.443211
0.444775
0.446339
0.447902
0.449465
0.451028
0.452590
0.454152
0.455714
0.457275
0.458836
0.460398
0.461959
0.463520
0.465081
0.466642
0.468203
0.469764
0.471325
0.472886
0.474448
0.476009
0.477571
0.479133
0.480696
0.482258
0.483822
0.485385
0.486949
0.488514
0.490078
0.491644
0.493210
0.494776
0.496343
0.497911
0.499480
0.501049
0.502618
0.504189
0.505760
0.507332
0.508905
0.510479
0.512053
0.513629
0.515205
0.516782
0.518360
0.519939
0.521519
0.523100
0.524682
0.526266
0.527850
0.529435
0.531021
0.532609
0.534197
0.535787
0.537377
0.538969
0.540562
0.542157
0.543752
0.545349
0.546947
0.548546
0.550146
0.551747
0.553350
0.554954
0.556559
0.558166
0.559774
0.561383
0.562993
0.564605
0.566218
0.567832
0.569447
0.571064
0.572682
0.574301
0.575922
0.577544
0.579167
0.580791
0.582417
0.584043
0.585671
0.587301
0.588931
0.590563
0.592196
0.593830
0.595466
0.597102
0.598740
0.600379
0.602019
0.603660
0.605303
0.606946
0.608590
0.610236
0.611883
0.613530
0.615179
0.616828
0.618479
0.620131
0.621783
0.623436
0.625091
0.626746
0.628402
0.630059
0.631716
0.633375
0.635034
0.636693
0.638354
0.640015
0.641676
0.643339
0.645002
0.646665
0.648329
0.649993
0.651658
0.653323
0.654988
0.656654
0.658320
0.659987
0.661653
0.663320
0.664987
0.666654
0.668321
0.669988
0.671655
0.673322
0.674988
0.676655
0.678322
0.679988
0.681654
0.683319
0.684985
0.686650
0.688314
0.689978
0.691642
0.693304
0.694967
0.696628
0.698289
0.699949
0.701608
0.703266
0.704923
0.706580
0.708235
0.709889
0.711543
0.713194
0.714845
0.716495
0.718143
0.719789
0.721435
0.723078
0.724721
0.726361
0.728000
0.729637
0.731273
0.732906
0.734538
0.736168
0.737796
0.739422
0.741046
0.742667
0.744287
0.745904
0.747519
0.749131
0.750741
0.752349
0.753954
0.755556
0.757156
0.758753
0.760347
0.761939
0.763527
0.765113
0.766696
0.768275
0.769852
0.771425
0.772995
0.774562
0.776126
0.777686
0.779243
0.780796
0.782346
0.783892
0.785435
0.786973
0.788508
0.790040
0.791567
0.793090
0.794610
0.796125
0.797636
0.799144
0.800647
0.802145
0.803640
0.805130
0.806615
0.808096
0.809573
0.811045
0.812513
0.813976
0.815434
0.816887
0.818336
0.819779
0.821218
0.822652
0.824081
0.825505
0.826923
0.828337
0.829745
0.831148
0.832546
0.833939
0.835326
0.836708
0.838084
0.839455
0.840820
0.842180
0.843534
0.844882
0.846225
0.847562
0.848893
0.850218
0.851538
0.852851
0.854159
0.855461
0.856756
0.858046
0.859329
0.860607
0.861878
0.863143
0.864402
0.865655
0.866901
0.868141
0.869375
0.870603
0.871824
0.873038
0.874246
0.875448
0.876643
0.877832
0.879014
0.880190
0.881359
0.882521
0.883677
0.884826
0.885968
0.887104
0.888233
0.889355
0.890471
0.891580
0.892682
0.893777
0.894865
0.895947
0.897021
0.898089
0.899150
0.900204
0.901252
0.902292
0.903325
0.904352
0.905371
0.906384
0.907389
0.908388
0.909380
0.910365
0.911342
0.912313
0.913277
0.914234
0.915184
0.916127
0.917063
0.917992
0.918914
0.919829
0.920737
0.921638
0.922533
0.923420
0.924300
0.925174
0.926040
0.926899
0.927752
0.928598
0.929436
0.930268
0.931093
0.931911
0.932722
0.933527
0.934324
0.935115
0.935899
0.936676
0.937446
0.938210
0.938966
0.939717
0.940460
0.941196
0.941926
0.942650
0.943366
0.944076
0.944780
0.945476
0.946167
0.946850
0.947528
0.948198
0.948862
0.949520
0.950172
0.950816
0.951455
0.952087
0.952713
0.953333
0.953946
0.954553
0.955154
0.955748
0.956337
0.956919
0.957496
0.958066
0.958630
0.959188
0.959740
0.960286
0.960826
0.961361
0.961889
0.962412
0.962929
0.963440
0.963945
0.964445
0.964939
0.965428
0.965910
0.966388
0.966859
0.967326
0.967786
0.968242
0.968692
0.969136
0.969576
0.970010
0.970438
0.970862
0.971280
0.971694
0.972102
0.972505
0.972903
0.973296
0.973684
0.974068
0.974446
0.974820
0.975189
0.975553
0.975912
0.976266
0.976616
0.976962
0.977303
0.977639
0.977971
0.978298
0.978621
0.978940
0.979254
0.979564
0.979869
0.980171
0.980468
0.980761
0.981050
0.981335
0.981616
0.981893
0.982166
0.982435
0.982700
0.982962
0.983219
0.983473
0.983723
0.983970
0.984212
0.984451
0.984687
0.984919
0.985148
0.985373
0.985594
0.985813
0.986028
0.986239
0.986447
0.986653
0.986854
0.987053
0.987249
0.987441
0.987631
0.987817
0.988001
0.988181
0.988359
0.988533
0.988705
0.988874
0.989040
0.989204
0.989365
0.989523
0.989678
0.989831
0.989981
0.990129
0.990274
0.990417
0.990557
0.990695
0.990830
0.990964
0.991094
0.991223
0.991349
0.991473
0.991595
0.991715
0.991832
0.991947
0.992061
0.992172
0.992281
0.992389
0.992494
0.992597
0.992699
0.992798
0.992896
