0.013928
0.029591
0.045666
0.062649
0.082737
0.111230
0.150933
0.196187
0.236698
0.258639
0.269808
0.274835
0.277284
0.279082
0.280897
0.282821
0.284794
0.286770
0.288739
0.290702
0.292660
0.294611
0.296556
0.298495
0.300428
0.302355
0.304276
0.306192
0.308102
0.310007
0.311906
0.313799
0.315687
0.317570
0.319447
0.321319
0.323185
0.325046
0.326902
0.328804
0.330508
0.332198
0.333883
0.335564
0.337240
0.338912
0.340580
0.342244
0.343903
0.345558
0.347209
0.348856
0.350499
0.352137
0.353771
0.355401
0.357027
0.358649
0.360267
0.361880
0.363490
0.365095
0.366697
0.368294
0.369887
0.371476
0.373062
0.374643
0.376220
0.377793
0.379362
0.380928
0.382489
0.384047
0.385600
0.387150
0.388695
0.390237
0.391775
0.393309
0.394839
0.396365
0.397888
0.399406
0.400921
0.402432
0.403939
0.405443
0.406942
0.408438
0.409930
0.411418
0.412903
0.414384
0.415861
0.417335
0.418804
0.420270
0.421733
0.423192
0.424647
0.426098
0.427546
0.428990
0.430431
0.431868
0.433302
0.434731
0.436158
0.437581
0.439000
0.440415
0.441828
0.443236
0.444642
0.446043
0.447441
0.448836
0.450227
0.451615
0.453000
0.454381
0.455758
0.457133
0.458503
0.459871
0.461235
0.462595
0.463953
0.465307
0.466657
0.468005
0.469349
0.470689
0.472027
0.473361
0.474692
0.476020
0.477344
0.478665
0.479983
0.481298
0.482609
0.483918
0.485223
0.486525
0.487824
0.489119
0.490412
0.491701
0.492987
0.494271
0.495551
0.496828
0.498102
0.499372
0.500640
0.501905
0.503167
0.504425
0.505681
0.506934
0.508183
0.509430
0.510674
0.511914
0.513152
0.514387
0.515619
0.516848
0.518074
0.519297
0.520517
0.521735
0.522949
0.524161
0.525370
0.526576
0.527779
0.528979
0.530177
0.531372
0.532564
0.533753
0.534939
0.536123
0.537304
0.538482
0.539657
0.540830
0.542000
0.543167
0.544332
0.545494
0.546653
0.547810
0.548964
0.550115
0.551264
0.552410
0.553554
0.554695
0.555833
0.556969
0.558102
0.559233
0.560361
0.561487
0.562610
0.563730
0.564848
0.565964
0.567077
0.568188
0.569296
0.570402
0.571505
0.572606
0.573704
0.574800
0.575894
0.576985
0.578074
0.579161
0.580245
0.581327
0.582406
0.583483
0.584558
0.585631
0.586701
0.587769
0.588835
0.589898
0.590959
0.592018
0.593075
0.594129
0.595182
0.596232
0.597280
0.598325
0.599369
0.600410
0.601449
0.602486
0.603521
0.604554
0.605585
0.606613
0.607640
0.608664
0.609686
0.610706
0.611725
0.612741
0.613755
0.614767
0.615777
0.616785
0.617791
0.618795
0.619797
0.620797
0.621796
0.622792
0.623786
0.624778
0.625769
0.626757
0.627744
0.628729
0.629712
0.630693
0.631672
0.632649
0.633625
0.634598
0.635570
0.636540
0.637508
0.638475
0.639439
0.640402
0.641363
0.642322
0.643280
0.644236
0.645190
0.646142
0.647093
0.648042
0.648989
0.649935
0.650879
0.651821
0.652762
0.653701
0.654638
0.655574
0.656508
0.657440
0.658371
0.659301
0.660228
0.661154
0.662079
0.663002
0.663924
0.664843
0.665762
0.666679
0.667594
0.668508
0.669421
0.670331
0.671241
0.672149
0.673055
0.673960
0.674864
0.675766
0.676667
0.677566
0.678464
0.679361
0.680256
0.681150
0.682042
0.682933
0.683823
0.684711
0.685598
0.686484
0.687368
0.688251
0.689133
0.690013
0.690893
0.691770
0.692647
0.693522
0.694396
0.695269
0.696140
0.697011
0.697880
0.698747
0.699614
0.700479
0.701344
0.702206
0.703068
0.703929
0.704788
0.705646
0.706504
0.707359
0.708214
0.709068
0.709920
0.710772
0.711622
0.712471
0.713319
0.714166
0.715012
0.715857
0.716700
0.717543
0.718384
0.719225
0.720064
0.720902
0.721740
0.722576
0.723411
0.724245
0.725078
0.725911
0.726742
0.727572
0.728401
0.729229
0.730056
0.730882
0.731708
0.732532
0.733355
0.734177
0.734999
0.735819
0.736638
0.737457
0.738274
0.739091
0.739907
0.740721
0.741535
0.742348
0.743160
0.743971
0.744782
0.745591
0.746399
0.747207
0.748013
0.748819
0.749624
0.750428
0.751231
0.752033
0.752835
0.753635
0.754435
0.755234
0.756032
0.756829
0.757625
0.758421
0.759215
0.760009
0.760802
0.761594
0.762385
0.763176
0.763965
0.764754
0.765542
0.766329
0.767116
0.767901
0.768686
0.769470
0.770253
0.771036
0.771817
0.772598
0.773378
0.774157
0.774935
0.775713
0.776490
0.777266
0.778041
0.778815
0.779589
0.780362
0.781134
0.781905
0.782676
0.783445
0.784214
0.784982
0.785750
0.786516
0.787282
0.788047
0.788811
0.789575
0.790338
0.791100
0.791861
0.792621
0.793381
0.794139
0.794897
0.795655
0.796411
0.797167
0.797921
0.798676
0.799429
0.800181
0.800933
0.801684
0.802434
0.803183
0.803932
0.804680
0.805427
0.806173
0.806918
0.807663
0.808406
0.809149
0.809891
0.810633
0.811373
0.812113
0.812852
0.813590
0.814327
0.815063
0.815799
0.816533
0.817267
0.818000
0.818732
0.819464
0.820194
0.820924
0.821653
0.822381
0.823108
0.823834
0.824559
0.825284
0.826007
0.826730
0.827452
0.828173
0.828893
0.829612
0.830330
0.831048
0.831764
0.832480
0.833194
0.833908
0.834621
0.835332
0.836043
0.836753
0.837462
0.838170
0.838878
0.839584
0.840289
0.840993
0.841696
0.842399
0.843100
0.843800
0.844499
0.845198
0.845895
0.846591
0.847287
0.847981
0.848674
0.849366
0.850057
0.850747
0.851436
0.852124
0.852811
0.853497
0.854182
0.854866
0.855548
0.856230
0.856910
0.857589
0.858268
0.858945
0.859621
0.860295
0.860969
0.861641
0.862313
0.862983
0.863652
0.864320
0.864987
0.865652
0.866316
0.866980
0.867641
0.868302
0.868962
0.869620
0.870277
0.870933
0.871587
0.872240
0.872892
0.873543
0.874193
0.874841
0.875488
0.876133
0.876778
0.877421
0.878062
0.878702
0.879341
0.879979
0.880615
0.881250
0.881884
0.882516
0.883147
0.883776
0.884405
0.885031
0.885656
0.886280
0.886903
0.887524
