0.010364
0.022104
0.034345
0.047664
0.063599
0.071984
0.080778
0.091167
0.104840
0.124329
0.151097
0.183267
0.215683
0.242707
0.261268
0.271743
0.276684
0.278952
0.280507
0.282173
0.284053
0.286015
0.287982
0.289943
0.291899
0.293849
0.295793
0.297732
0.299665
0.301593
0.303515
0.305431
0.307343
0.309249
0.311149
0.313044
0.314934
0.316819
0.318698
0.320623
0.322348
0.324059
0.325766
0.327468
0.329165
0.330859
0.332548
0.334233
0.335913
0.337590
0.339262
0.340930
0.342593
0.344253
0.345908
0.347559
0.349206
0.350849
0.352488
0.354122
0.355753
0.357379
0.359002
0.360620
0.362234
0.363845
0.365451
0.367053
0.368651
0.370245
0.371836
0.373422
0.375004
0.376582
0.378157
0.379727
0.381294
0.382857
0.384415
0.385970
0.387521
0.389069
0.390612
0.392152
0.393688
0.395220
0.396748
0.398272
0.399793
0.401310
0.402823
0.404332
0.405838
0.407340
0.408839
0.410333
0.411824
0.413312
0.414795
0.416276
0.417752
0.419225
0.420694
0.422160
0.423622
0.425081
0.426536
0.427987
0.429435
0.430880
0.432321
0.433758
0.435192
0.436623
0.438050
0.439474
0.440894
0.442311
0.443724
0.445134
0.446541
0.447944
0.449344
0.450741
0.452134
0.453524
0.454911
0.456294
0.457674
0.459051
0.460425
0.461795
0.463162
0.464526
0.465887
0.467244
0.468598
0.469949
0.471297
0.472642
0.473984
0.475322
0.476658
0.477990
0.479319
0.480645
0.481968
0.483288
0.484605
0.485919
0.487230
0.488538
0.489843
0.491145
0.492444
0.493740
0.495032
0.496323
0.497610
0.498894
0.500175
0.501454
0.502729
0.504002
0.505271
0.506538
0.507802
0.509064
0.510322
0.511578
0.512831
0.514081
0.515328
0.516573
0.517814
0.519053
0.520290
0.521523
0.522754
0.523983
0.525208
0.526431
0.527651
0.528869
0.530084
0.531296
0.532506
0.533713
0.534918
0.536120
0.537319
0.538516
0.539710
0.540902
0.542091
0.543278
0.544462
0.545644
0.546823
0.548000
0.549174
0.550346
0.551515
0.552682
0.553847
0.555009
0.556169
0.557327
0.558482
0.559634
0.560785
0.561933
0.563078
0.564222
0.565363
0.566502
0.567638
0.568772
0.569904
0.571034
0.572161
0.573287
0.574410
0.575530
0.576649
0.577765
0.578880
0.579992
0.581102
0.582209
0.583315
0.584418
0.585520
0.586619
0.587716
0.588811
0.589904
0.590995
0.592084
0.593170
0.594255
0.595338
0.596418
0.597497
0.598574
0.599648
0.600721
0.601792
0.602860
0.603927
0.604992
0.606055
0.607116
0.608175
0.609232
0.610287
0.611341
0.612392
0.613442
0.614489
0.615535
0.616579
0.617621
0.618662
0.619700
0.620737
0.621772
0.622805
0.623837
0.624866
0.625894
0.626920
0.627944
0.628967
0.629988
0.631007
0.632024
0.633040
0.634054
0.635066
0.636077
0.637086
0.638093
0.639099
0.640103
0.641105
0.642106
0.643105
0.644102
0.645098
0.646092
0.647085
0.648076
0.649065
0.650053
0.651039
0.652024
0.653007
0.653989
0.654969
0.655948
0.656925
0.657900
0.658874
0.659847
0.660818
0.661787
0.662756
0.663722
0.664687
0.665651
0.666613
0.667574
0.668533
0.669491
0.670447
0.671403
0.672356
0.673308
0.674259
0.675208
0.676156
0.677103
0.678048
0.678992
0.679935
0.680876
0.681816
0.682754
0.683691
0.684627
0.685561
0.686494
0.687426
0.688356
0.689285
0.690213
0.691140
0.692065
0.692989
0.693911
0.694832
0.695752
0.696671
0.697589
0.698505
0.699420
0.700333
0.701246
0.702157
0.703067
0.703976
0.704883
0.705789
0.706694
0.707598
0.708500
0.709402
0.710302
0.711201
0.712098
0.712995
0.713890
0.714784
0.715677
0.716569
0.717459
0.718349
0.719237
0.720124
0.721010
0.721894
0.722778
0.723660
0.724541
0.725421
0.726300
0.727177
0.728054
0.728929
0.729803
0.730676
0.731548
0.732419
0.733289
0.734157
0.735024
0.735891
0.736756
0.737620
0.738482
0.739344
0.740205
0.741064
0.741922
0.742780
0.743636
0.744491
0.745344
0.746197
0.747049
0.747899
0.748749
0.749597
0.750444
0.751290
0.752135
0.752979
0.753821
0.754663
0.755504
0.756343
0.757181
0.758018
0.758854
0.759689
0.760523
0.761356
0.762188
0.763018
0.763847
0.764676
0.765503
0.766329
0.767154
0.767978
0.768801
0.769622
0.770443
0.771262
0.772081
0.772898
0.773714
0.774529
0.775343
0.776155
0.776967
0.777778
0.778587
0.779395
0.780202
0.781008
0.781813
0.782617
0.783420
0.784221
0.785022
0.785821
0.786619
0.787416
0.788212
0.789006
0.789800
0.790592
0.791384
0.792174
0.792963
0.793751
0.794537
0.795323
0.796107
0.796890
0.797672
0.798453
0.799233
0.800012
0.800789
0.801565
0.802340
0.803114
0.803887
0.804658
0.805428
0.806197
0.806965
0.807732
0.808497
0.809262
0.810025
0.810787
0.811547
0.812307
0.813065
0.813822
0.814578
0.815332
0.816085
0.816838
0.817588
0.818338
0.819086
0.819833
0.820579
0.821324
0.822067
0.822809
0.823550
0.824290
0.825028
0.825765
0.826501
0.827235
0.827968
0.828700
0.829430
0.830160
0.830888
0.831614
0.832339
0.833063
0.833786
0.834507
0.835228
0.835946
0.836664
0.837380
0.838094
0.838808
0.839519
0.840230
0.840939
0.841647
0.842354
0.843059
0.843763
0.844465
0.845166
0.845865
0.846564
0.847260
0.847956
0.848650
0.849342
0.850034
0.850723
0.851412
0.852098
0.852784
0.853468
0.854150
0.854832
0.855511
0.856189
0.856866
0.857541
0.858215
0.858888
0.859558
0.860228
0.860896
0.861562
0.862227
0.862890
0.863552
0.864213
0.864871
0.865529
0.866185
0.866839
0.867492
0.868143
0.868792
0.869441
0.870087
0.870732
0.871376
0.872018
0.872658
0.873297
0.873934
0.874570
0.875204
0.875836
0.876467
0.877096
0.877724
0.878350
0.878974
0.879597
0.880218
0.880838
0.881456
0.882072
0.882687
0.883300
0.883911
0.884521
0.885129
0.885736
0.886340
0.886944
0.887545
0.888145
0.888743
0.889339
0.889934
0.890527
0.891119
0.891708
0.892296
