0.026848
0.057600
0.090375
0.126607
0.168463
0.219286
0.280616
0.324321
0.298342
0.260212
0.260451
0.268595
0.277169
0.287169
0.294086
0.296496
0.298726
0.300963
0.303207
0.305457
0.307714
0.309978
0.312248
0.314526
0.316810
0.319102
0.321402
0.323710
0.326026
0.328350
0.330683
0.333025
0.335376
0.337736
0.340107
0.342487
0.344877
0.347277
0.349688
0.352143
0.354379
0.356648
0.358932
0.361228
0.363538
0.365861
0.368197
0.370546
0.372910
0.375287
0.377678
0.380082
0.382501
0.384934
0.387382
0.389843
0.392319
0.394810
0.397316
0.399836
0.402371
0.404921
0.407485
0.410065
0.412660
0.415269
0.417894
0.420534
0.423189
0.425858
0.428543
0.431243
0.433958
0.436688
0.439433
0.442193
0.444968
0.447758
0.450562
0.453381
0.456214
0.459062
0.461924
0.464800
0.467691
0.470595
0.473513
0.476445
0.479391
0.482349
0.485321
0.488306
0.491304
0.494314
0.497337
0.500372
0.503419
0.506478
0.509548
0.512630
0.515723
0.518826
0.521940
0.525064
0.528199
0.531343
0.534496
0.537659
0.540830
0.544010
0.547198
0.550395
0.553598
0.556809
0.560027
0.563252
0.566483
0.569719
0.572962
0.576209
0.579462
0.582719
0.585980
0.589245
0.592513
0.595784
0.599058
0.602334
0.605613
0.608892
0.612173
0.615455
0.618737
0.622019
0.625300
0.628581
0.631860
0.635138
0.638414
0.641688
0.644958
0.648226
0.651490
0.654750
0.658006
0.661257
0.664503
0.667744
0.670978
0.674207
0.677428
0.680643
0.683851
0.687050
0.690242
0.693424
0.696599
0.699763
0.702919
0.706064
0.709199
0.712323
0.715436
0.718538
0.721629
0.724707
0.727773
0.730826
0.733867
0.736894
0.739907
0.742907
0.745892
0.748863
0.751819
0.754760
0.757686
0.760596
0.763490
0.766368
0.769230
0.772075
0.774903
0.777714
0.780507
0.783283
0.786042
0.788782
0.791504
0.794207
0.796892
0.799558
0.802205
0.804833
0.807442
0.810031
0.812600
0.815149
0.817679
0.820188
0.822678
0.825146
0.827595
0.830022
0.832429
0.834816
0.837181
0.839525
0.841849
0.844151
0.846431
0.848691
0.850929
0.853146
0.855341
0.857515
0.859667
0.861798
0.863907
0.865995
0.868061
0.870105
0.872128
0.874129
0.876108
0.878066
0.880002
0.881917
0.883810
0.885681
0.887531
0.889360
0.891167
0.892953
0.894718
0.896461
0.898184
0.899885
0.901565
0.903224
0.904862
0.906480
0.908077
0.909653
0.911209
0.912744
0.914259
0.915754
0.917229
0.918684
0.920119
0.921534
0.922929
0.924305
0.925662
0.926999
0.928318
0.929617
0.930897
0.932159
0.933402
0.934627
0.935833
0.937022
0.938192
0.939345
0.940479
0.941597
0.942696
0.943779
0.944845
0.945893
0.946925
0.947940
0.948939
0.949922
0.950888
0.951839
0.952773
0.953693
0.954596
0.955485
0.956358
0.957216
0.958060
0.958889
0.959703
0.960503
0.961290
0.962062
0.962820
0.963565
0.964296
0.965014
0.965719
0.966412
0.967091
0.967758
0.968412
0.969054
0.969684
0.970302
0.970908
0.971503
0.972086
0.972658
0.973218
0.973768
0.974307
0.974835
0.975353
0.975861
0.976358
0.976845
0.977323
0.977791
0.978249
0.978698
0.979137
0.979567
0.979989
0.980401
0.980805
0.981201
0.981588
0.981966
0.982337
0.982699
0.983054
0.983401
0.983740
0.984072
0.984397
0.984715
0.985025
0.985329
0.985625
0.985915
0.986199
0.986476
0.986746
0.987011
0.987269
0.987522
0.987768
0.988009
0.988244
0.988474
0.988698
0.988917
0.989130
0.989339
0.989543
0.989741
0.989935
0.990124
0.990309
0.990489
0.990664
0.990836
0.991003
0.991165
0.991324
0.991479
0.991630
0.991777
0.991920
0.992060
0.992196
0.992329
0.992458
0.992584
0.992706
0.992826
0.992942
0.993055
0.993166
0.993273
0.993377
0.993479
0.993578
0.993674
0.993768
0.993859
0.993948
0.994034
0.994118
0.994200
0.994279
0.994357
0.994432
0.994505
0.994576
0.994645
0.994712
0.994777
0.994840
0.994901
0.994961
0.995019
0.995076
0.995130
0.995183
0.995235
0.995285
0.995334
0.995381
0.995427
0.995471
0.995515
0.995556
0.995597
0.995637
0.995675
0.995712
0.995748
0.995783
0.995817
0.995849
0.995881
0.995912
0.995942
0.995971
0.995999
0.996026
0.996052
0.996078
0.996103
0.996127
0.996150
0.996172
0.996194
0.996215
0.996235
0.996255
0.996274
0.996293
0.996311
0.996328
0.996345
0.996361
0.996376
0.996392
0.996406
0.996420
0.996434
0.996447
0.996460
0.996472
0.996484
0.996496
0.996507
0.996518
0.996528
0.996538
0.996548
0.996557
0.996567
0.996575
0.996584
0.996592
0.996600
0.996607
0.996615
0.996622
0.996629
0.996635
0.996642
0.996648
0.996654
0.996659
0.996665
0.996670
0.996675
0.996680
0.996685
0.996689
0.996694
0.996698
0.996702
0.996706
0.996710
0.996714
0.996717
0.996721
0.996724
0.996727
0.996730
0.996733
0.996736
0.996738
0.996741
0.996744
0.996746
0.996748
0.996750
0.996753
0.996755
0.996757
0.996759
0.996760
0.996762
0.996764
0.996765
0.996767
0.996768
0.996770
0.996771
0.996773
0.996774
0.996775
0.996776
0.996777
0.996779
0.996780
0.996781
0.996782
0.996782
0.996783
0.996784
0.996785
0.996786
0.996787
0.996787
0.996788
0.996789
0.996789
0.996790
0.996790
0.996791
0.996791
0.996792
0.996792
0.996793
0.996793
0.996794
0.996794
0.996795
0.996795
0.996795
0.996796
0.996796
0.996796
0.996797
0.996797
0.996797
0.996798
0.996798
0.996798
0.996798
0.996798
0.996799
0.996799
0.996799
0.996799
0.996799
0.996800
0.996800
0.996800
0.996800
0.996800
0.996800
0.996800
0.996801
0.996801
0.996801
0.996801
0.996801
0.996801
0.996801
0.996801
0.996801
0.996801
0.996802
0.996802
0.996802
0.996802
0.996802
0.996802
0.996802
0.996802
0.996802
0.996802
0.996802
0.996802
0.996802
0.996802
0.996802
0.996802
0.996802
0.996802
0.996802
0.996802
0.996802
0.996803
0.996803
0.996803
0.996803
0.996803
0.996803
