0.009988
0.021385
0.033610
0.048750
0.056124
0.063197
0.070946
0.079508
0.089044
0.099743
0.111864
0.125814
0.142273
0.162307
0.187137
0.217213
0.250328
0.279963
0.296949
0.296793
0.287596
0.282511
0.283136
0.285066
0.287053
0.289038
0.291019
0.292997
0.294972
0.296943
0.298911
0.300876
0.302837
0.304796
0.306751
0.308703
0.310652
0.312598
0.314542
0.316518
0.318284
0.320056
0.321828
0.323598
0.325367
0.327134
0.328899
0.330663
0.332425
0.334186
0.335946
0.337705
0.339462
0.341218
0.342973
0.344727
0.346480
0.348233
0.349984
0.351735
0.353484
0.355234
0.356982
0.358730
0.360478
0.362225
0.363971
0.365718
0.367464
0.369209
0.370955
0.372701
0.374446
0.376191
0.377937
0.379682
0.381428
0.383174
0.384920
0.386666
0.388413
0.390160
0.391907
0.393655
0.395404
0.397153
0.398902
0.400653
0.402404
0.404155
0.405908
0.407661
0.409415
0.411170
0.412925
0.414682
0.416440
0.418199
0.419958
0.421719
0.423481
0.425244
0.427008
0.428774
0.430540
0.432308
0.434077
0.435848
0.437619
0.439392
0.441167
0.442942
0.444719
0.446498
0.448278
0.450059
0.451842
0.453626
0.455411
0.457198
0.458987
0.460777
0.462568
0.464361
0.466156
0.467952
0.469749
0.471548
0.473349
0.475150
0.476954
0.478759
0.480565
0.482373
0.484182
0.485993
0.487805
0.489619
0.491434
0.493250
0.495068
0.496887
0.498708
0.500530
0.502353
0.504178
0.506004
0.507831
0.509659
0.511489
0.513319
0.515151
0.516985
0.518819
0.520654
0.522490
0.524328
0.526166
0.528006
0.529846
0.531687
0.533529
0.535372
0.537216
0.539061
0.540906
0.542752
0.544599
0.546446
0.548294
0.550142
0.551991
0.553840
0.555690
0.557540
0.559390
0.561241
0.563092
0.564943
0.566794
0.568646
0.570497
0.572349
0.574200
0.576051
0.577903
0.579754
0.581604
0.583455
0.585305
0.587155
0.589004
0.590853
0.592701
0.594549
0.596396
0.598242
0.600088
0.601933
0.603777
0.605620
0.607462
0.609303
0.611143
0.612982
0.614819
0.616656
0.618491
0.620325
0.622157
0.623988
0.625818
0.627646
0.629472
0.631297
0.633120
0.634941
0.636760
0.638578
0.640393
0.642207
0.644018
0.645827
0.647634
0.649439
0.651242
0.653043
0.654841
0.656636
0.658429
0.660220
0.662008
0.663793
0.665576
0.667355
0.669132
0.670907
0.672678
0.674446
0.676212
0.677974
0.679733
0.681489
0.683242
0.684991
0.686737
0.688480
0.690220
0.691956
0.693688
0.695417
0.697142
0.698864
0.700582
0.702296
0.704006
0.705713
0.707415
0.709114
0.710809
0.712499
0.714186
0.715868
0.717547
0.719221
0.720891
0.722556
0.724218
0.725875
0.727527
0.729175
0.730819
0.732458
0.734092
0.735722
0.737348
0.738968
0.740584
0.742195
0.743801
0.745403
0.746999
0.748591
0.750178
0.751760
0.753336
0.754908
0.756475
0.758036
0.759593
0.761144
0.762690
0.764231
0.765767
0.767297
0.768822
0.770342
0.771856
0.773365
0.774869
0.776367
0.777859
0.779347
0.780828
0.782304
0.783775
0.785240
0.786699
0.788153
0.789601
0.791043
0.792479
0.793910
0.795335
0.796755
0.798168
0.799576
0.800978
0.802374
0.803765
0.805149
0.806528
0.807901
0.809267
0.810628
0.811983
0.813332
0.814675
0.816012
0.817343
0.818668
0.819987
0.821300
0.822607
0.823908
0.825203
0.826492
0.827775
0.829051
0.830322
0.831587
0.832845
0.834097
0.835344
0.836584
0.837818
0.839046
0.840267
0.841483
0.842692
0.843896
0.845093
0.846284
0.847469
0.848648
0.849820
0.850987
0.852147
0.853301
0.854450
0.855592
0.856727
0.857857
0.858980
0.860098
0.861209
0.862314
0.863413
0.864506
0.865593
0.866674
0.867748
0.868817
0.869879
0.870936
0.871986
0.873030
0.874068
0.875100
0.876126
0.877146
0.878160
0.879168
0.880170
0.881166
0.882156
0.883140
0.884118
0.885090
0.886056
0.887016
0.887970
0.888918
0.889861
0.890797
0.891728
0.892652
0.893571
0.894484
0.895392
0.896293
0.897189
0.898078
0.898962
0.899841
0.900713
0.901580
0.902441
0.903297
0.904146
0.904990
0.905829
0.906662
0.907489
0.908310
0.909127
0.909937
0.910742
0.911541
0.912335
0.913124
0.913907
0.914684
0.915456
0.916223
0.916984
0.917740
0.918490
0.919236
0.919975
0.920710
0.921439
0.922163
0.922882
0.923596
0.924304
0.925007
0.925705
0.926398
0.927086
0.927768
0.928446
0.929119
0.929786
0.930449
0.931106
0.931759
0.932406
0.933049
0.933687
0.934320
0.934948
0.935571
0.936189
0.936803
0.937412
0.938016
0.938615
0.939210
0.939800
0.940385
0.940966
0.941542
0.942113
0.942680
0.943243
0.943801
0.944354
0.944903
0.945447
0.945987
0.946523
0.947054
0.947581
0.948104
0.948622
0.949136
0.949645
0.950151
0.950652
0.951149
0.951642
0.952131
0.952615
0.953096
0.953572
0.954044
0.954513
0.954977
0.955437
0.955894
0.956346
0.956795
0.957239
0.957680
0.958117
0.958550
0.958979
0.959405
0.959827
0.960245
0.960659
0.961070
0.961477
0.961880
0.962280
0.962676
0.963068
0.963458
0.963843
0.964225
0.964604
0.964979
0.965350
0.965719
0.966084
0.966445
0.966803
0.967158
0.967510
0.967858
0.968203
0.968545
0.968884
0.969219
0.969551
0.969881
0.970207
0.970530
0.970849
0.971166
0.971480
0.971791
0.972099
0.972403
0.972705
0.973004
0.973300
0.973594
0.973884
0.974172
0.974456
0.974738
0.975017
0.975294
0.975567
0.975838
0.976107
0.976372
0.976635
0.976895
0.977153
0.977408
0.977661
0.977911
0.978158
0.978403
0.978646
0.978886
0.979123
0.979359
0.979591
0.979822
0.980050
0.980275
0.980499
0.980720
0.980938
0.981155
0.981369
0.981581
0.981790
0.981998
0.982203
0.982406
0.982607
0.982806
0.983003
0.983198
0.983390
0.983581
0.983769
0.983956
0.984140
0.984323
0.984503
0.984682
0.984859
0.985033
0.985206
0.985377
0.985546
0.985713
0.985879
0.986042
0.986204
0.986364
0.986522
0.986679
0.986833
