0.011532
0.016638
0.021471
0.026214
0.030989
0.035896
0.041032
0.046485
0.052329
0.058653
0.065566
0.073193
0.081684
0.091208
0.101991
0.114335
0.128644
0.145433
0.165441
0.189842
0.220513
0.260568
0.315405
0.394813
0.506607
0.601462
0.623274
0.626020
0.630287
0.634872
0.639576
0.644372
0.649246
0.654182
0.659171
0.664204
0.669274
0.674373
0.679497
0.684818
0.689879
0.694962
0.700057
0.705160
0.710266
0.715371
0.720471
0.725563
0.730644
0.735709
0.740757
0.745783
0.750784
0.755759
0.760703
0.765615
0.770492
0.775331
0.780129
0.784885
0.789597
0.794261
0.798877
0.803443
0.807955
0.812414
0.816817
0.821163
0.825450
0.829677
0.833843
0.837948
0.841988
0.845965
0.849877
0.853724
0.857504
0.861218
0.864864
0.868444
0.871955
0.875398
0.878774
0.882081
0.885320
0.888491
0.891595
0.894631
0.897600
0.900501
0.903337
0.906106
0.908810
0.911449
0.914024
0.916536
0.918984
0.921371
0.923696
0.925960
0.928165
0.930311
0.932399
0.934430
0.936405
0.938324
0.940190
0.942003
0.943763
0.945473
0.947132
0.948742
0.950304
0.951819
0.953288
0.954712
0.956093
0.957430
0.958726
0.959981
0.961196
0.962372
0.963510
0.964612
0.965678
0.966709
0.967706
0.968670
0.969602
0.970503
0.971374
0.972215
0.973028
0.973814
0.974572
0.975305
0.976012
0.976695
0.977355
0.977992
0.978606
0.979200
0.979772
0.980325
0.980858
0.981372
0.981869
0.982348
0.982810
0.983256
0.983686
0.984101
0.984501
0.984887
0.985260
0.985619
0.985966
0.986301
0.986624
0.986935
0.987236
0.987526
0.987806
0.988076
0.988337
0.988588
0.988831
0.989066
0.989292
0.989511
0.989722
0.989926
0.990123
0.990313
0.990497
0.990675
0.990847
0.991013
0.991173
0.991329
0.991479
0.991624
0.991765
0.991901
0.992032
0.992160
0.992283
0.992403
0.992518
0.992630
0.992739
0.992844
0.992946
0.993045
0.993141
0.993234
0.993325
0.993413
0.993498
0.993580
0.993661
0.993739
0.993815
0.993888
0.993960
0.994029
0.994097
0.994163
0.994227
0.994290
0.994350
0.994410
0.994467
0.994523
0.994578
0.994632
0.994684
0.994734
0.994784
0.994832
0.994879
0.994925
0.994970
0.995014
0.995057
0.995099
0.995140
0.995180
0.995219
0.995257
0.995295
0.995332
0.995367
0.995402
0.995437
0.995471
0.995503
0.995536
0.995567
0.995598
0.995629
0.995659
0.995688
0.995717
0.995745
0.995772
0.995800
0.995826
0.995852
0.995878
0.995903
0.995928
0.995952
0.995976
0.996000
0.996023
0.996045
0.996068
0.996090
0.996111
0.996132
0.996153
0.996174
0.996194
0.996214
0.996234
0.996253
0.996272
0.996291
0.996309
0.996327
0.996345
0.996363
0.996380
0.996397
0.996414
0.996431
0.996447
0.996464
0.996480
0.996495
0.996511
0.996526
0.996541
0.996556
0.996571
0.996586
0.996600
0.996614
0.996628
0.996642
0.996656
0.996669
0.996682
0.996696
0.996709
0.996721
0.996734
0.996747
0.996759
0.996771
0.996783
0.996795
0.996807
0.996819
0.996830
0.996842
0.996853
0.996864
0.996875
0.996886
0.996897
0.996908
0.996918
0.996929
0.996939
0.996949
0.996959
0.996969
0.996979
0.996989
0.996999
0.997008
0.997018
0.997027
0.997036
0.997046
0.997055
0.997064
0.997073
0.997082
0.997090
0.997099
0.997108
0.997116
0.997125
0.997133
0.997141
0.997150
0.997158
0.997166
0.997174
0.997182
0.997189
0.997197
0.997205
0.997212
0.997220
0.997228
0.997235
0.997242
0.997250
0.997257
0.997264
0.997271
0.997278
0.997285
0.997292
0.997299
0.997306
0.997312
0.997319
0.997326
0.997332
0.997339
0.997345
0.997351
0.997358
0.997364
0.997370
0.997377
0.997383
0.997389
0.997395
0.997401
0.997407
0.997413
0.997418
0.997424
0.997430
0.997436
0.997441
0.997447
0.997453
0.997458
0.997464
0.997469
0.997474
0.997480
0.997485
0.997490
0.997496
0.997501
0.997506
0.997511
0.997516
0.997521
0.997526
0.997531
0.997536
0.997541
0.997546
0.997551
0.997556
0.997560
0.997565
0.997570
0.997574
0.997579
0.997584
0.997588
0.997593
0.997597
0.997602
0.997606
0.997610
0.997615
0.997619
0.997623
0.997628
0.997632
0.997636
0.997640
0.997645
0.997649
0.997653
0.997657
0.997661
0.997665
0.997669
0.997673
0.997677
0.997681
0.997685
0.997688
0.997692
0.997696
0.997700
0.997704
0.997707
0.997711
0.997715
0.997718
0.997722
0.997726
0.997729
0.997733
0.997736
0.997740
0.997743
0.997747
0.997750
0.997753
0.997757
0.997760
0.997764
0.997767
0.997770
0.997774
0.997777
0.997780
0.997783
0.997786
0.997790
0.997793
0.997796
0.997799
0.997802
0.997805
0.997808
0.997811
0.997814
0.997817
0.997820
0.997823
0.997826
0.997829
0.997832
0.997835
0.997838
0.997841
0.997844
0.997847
0.997849
0.997852
0.997855
0.997858
0.997860
0.997863
0.997866
0.997869
0.997871
0.997874
0.997877
0.997879
0.997882
0.997884
0.997887
0.997890
0.997892
0.997895
0.997897
0.997900
0.997902
0.997905
0.997907
0.997910
0.997912
0.997915
0.997917
0.997919
0.997922
0.997924
0.997926
0.997929
0.997931
0.997933
0.997936
0.997938
0.997940
0.997943
0.997945
0.997947
0.997949
0.997951
0.997954
0.997956
0.997958
0.997960
0.997962
0.997964
0.997967
0.997969
0.997971
0.997973
0.997975
0.997977
0.997979
0.997981
0.997983
0.997985
0.997987
0.997989
0.997991
0.997993
0.997995
0.997997
0.997999
0.998001
0.998003
0.998005
0.998007
0.998009
0.998010
0.998012
0.998014
0.998016
0.998018
0.998020
0.998021
0.998023
0.998025
0.998027
0.998029
0.998030
0.998032
0.998034
0.998036
0.998037
0.998039
0.998041
0.998043
0.998044
0.998046
0.998048
0.998049
0.998051
0.998053
0.998054
0.998056
0.998057
0.998059
0.998061
0.998062
0.998064
0.998065
0.998067
0.998069
0.998070
0.998072
0.998073
0.998075
0.998076
0.998078
0.998079
0.998081
0.998082
0.998084
0.998085
0.998087
