0.010004
0.021416
0.033655
0.048816
0.056189
0.063280
0.071048
0.079631
0.089217
0.100113
0.112942
0.128805
0.149062
0.174476
0.203976
0.234094
0.259788
0.276649
0.283493
0.283432
0.281848
0.282088
0.283769
0.285727
0.287692
0.289652
0.291607
0.293557
0.295501
0.297441
0.299375
0.301305
0.303230
0.305149
0.307064
0.308974
0.310880
0.312780
0.314676
0.316611
0.318340
0.320065
0.321786
0.323504
0.325218
0.326928
0.328635
0.330338
0.332038
0.333733
0.335426
0.337114
0.338800
0.340481
0.342160
0.343835
0.345506
0.347174
0.348839
0.350500
0.352158
0.353813
0.355464
0.357113
0.358758
0.360400
0.362039
0.363674
0.365307
0.366936
0.368563
0.370186
0.371806
0.373424
0.375038
0.376650
0.378259
0.379865
0.381468
0.383068
0.384665
0.386260
0.387852
0.389441
0.391028
0.392611
0.394193
0.395771
0.397347
0.398921
0.400492
0.402060
0.403626
0.405190
0.406751
0.408310
0.409866
0.411420
0.412972
0.414521
0.416068
0.417613
0.419155
0.420696
0.422234
0.423770
0.425304
0.426835
0.428365
0.429893
0.431418
0.432942
0.434463
0.435983
0.437500
0.439016
0.440530
0.442041
0.443551
0.445059
0.446566
0.448070
0.449573
0.451074
0.452573
0.454070
0.455566
0.457060
0.458552
0.460043
0.461532
0.463019
0.464505
0.465989
0.467472
0.468953
0.470433
0.471911
0.473387
0.474863
0.476336
0.477808
0.479279
0.480749
0.482217
0.483683
0.485148
0.486612
0.488075
0.489536
0.490996
0.492455
0.493912
0.495368
0.496823
0.498276
0.499729
0.501180
0.502630
0.504078
0.505526
0.506972
0.508417
0.509861
0.511304
0.512746
0.514186
0.515626
0.517064
0.518501
0.519938
0.521373
0.522807
0.524240
0.525672
0.527102
0.528532
0.529961
0.531389
0.532815
0.534241
0.535665
0.537089
0.538512
0.539933
0.541354
0.542773
0.544192
0.545610
0.547026
0.548442
0.549857
0.551270
0.552683
0.554095
0.555505
0.556915
0.558324
0.559732
0.561139
0.562545
0.563950
0.565354
0.566757
0.568159
0.569560
0.570960
0.572359
0.573757
0.575155
0.576551
0.577946
0.579340
0.580734
0.582126
0.583517
0.584908
0.586297
0.587685
0.589073
0.590459
0.591844
0.593229
0.594612
0.595994
0.597375
0.598755
0.600135
0.601513
0.602890
0.604266
0.605641
0.607015
0.608387
0.609759
0.611130
0.612499
0.613868
0.615235
0.616601
0.617966
0.619330
0.620693
0.622054
0.623415
0.624774
0.626132
0.627489
0.628845
0.630199
0.631552
0.632905
0.634255
0.635605
0.636953
0.638300
0.639646
0.640991
0.642334
0.643676
0.645016
0.646355
0.647693
0.649030
0.650365
0.651699
0.653031
0.654362
0.655692
0.657020
0.658347
0.659672
0.660996
0.662318
0.663639
0.664959
0.666276
0.667593
0.668908
0.670221
0.671533
0.672843
0.674151
0.675458
0.676764
0.678068
0.679370
0.680670
0.681969
0.683266
0.684562
0.685855
0.687148
0.688438
0.689726
0.691013
0.692298
0.693582
0.694863
0.696143
0.697421
0.698697
0.699971
0.701243
0.702513
0.703782
0.705049
0.706313
0.707576
0.708837
0.710096
0.711353
0.712607
0.713860
0.715111
0.716360
0.717607
0.718851
0.720094
0.721335
0.722573
0.723809
0.725044
0.726276
0.727506
0.728733
0.729959
0.731182
0.732403
0.733622
0.734839
0.736053
0.737265
0.738475
0.739683
0.740888
0.742091
0.743291
0.744490
0.745685
0.746879
0.748070
0.749259
0.750445
0.751629
0.752810
0.753989
0.755165
0.756339
0.757511
0.758680
0.759846
0.761010
0.762171
0.763330
0.764486
0.765640
0.766791
0.767939
0.769085
0.770228
0.771369
0.772507
0.773642
0.774774
0.775904
0.777031
0.778156
0.779277
0.780396
0.781512
0.782625
0.783736
0.784844
0.785949
0.787051
0.788150
0.789247
0.790340
0.791431
0.792519
0.793604
0.794686
0.795765
0.796842
0.797915
0.798986
0.800053
0.801118
0.802179
0.803238
0.804294
0.805347
0.806396
0.807443
0.808487
0.809527
0.810565
0.811599
0.812631
0.813659
0.814685
0.815707
0.816726
0.817742
0.818755
0.819765
0.820772
0.821776
0.822776
0.823774
0.824768
0.825759
0.826747
0.827732
0.828713
0.829692
0.830667
0.831639
0.832608
0.833573
0.834536
0.835495
0.836451
0.837403
0.838353
0.839299
0.840242
0.841181
0.842118
0.843051
0.843981
0.844907
0.845831
0.846751
0.847667
0.848581
0.849491
0.850398
0.851301
0.852201
0.853098
0.853992
0.854882
0.855769
0.856652
0.857532
0.858409
0.859283
0.860153
0.861020
0.861883
0.862743
0.863600
0.864453
0.865303
0.866150
0.866993
0.867833
0.868670
0.869503
0.870333
0.871159
0.871982
0.872802
0.873618
0.874431
0.875240
0.876046
0.876849
0.877649
0.878445
0.879237
0.880026
0.880812
0.881595
0.882374
0.883150
0.883922
0.884691
0.885456
0.886218
0.886977
0.887733
0.888485
0.889233
0.889979
0.890721
0.891459
0.892194
0.892926
0.893655
0.894380
0.895101
0.895820
0.896535
0.897246
0.897955
0.898660
0.899361
0.900059
0.900754
0.901446
0.902134
0.902819
0.903500
0.904179
0.904854
0.905525
0.906194
0.906859
0.907520
0.908179
0.908834
0.909485
0.910134
0.910779
0.911421
0.912060
0.912695
0.913327
0.913956
0.914582
0.915204
0.915823
0.916439
0.917051
0.917661
0.918267
0.918870
0.919470
0.920066
0.920659
0.921250
0.921837
0.922420
0.923001
0.923578
0.924152
0.924724
0.925291
0.925856
0.926418
0.926976
0.927532
0.928084
0.928633
0.929179
0.929722
0.930262
0.930799
0.931333
0.931863
0.932391
0.932915
0.933437
0.933955
0.934471
0.934983
0.935492
0.935999
0.936502
0.937003
0.937500
0.937994
0.938486
0.938974
0.939460
0.939943
0.940422
0.940899
0.941373
0.941844
0.942312
0.942777
0.943239
0.943699
0.944155
0.944609
0.945060
0.945508
0.945953
0.946396
0.946835
0.947272
0.947706
0.948137
0.948566
0.948991
0.949414
0.949834
0.950252
0.950667
0.951079
0.951488
0.951895
0.952299
0.952700
0.953099
0.953495
