0.011833
0.016843
0.021536
0.026102
0.030669
0.035331
0.040177
0.045299
0.050769
0.056682
0.063140
0.070263
0.078188
0.087074
0.097134
0.108656
0.122011
0.137668
0.156342
0.179148
0.207788
0.245106
0.296316
0.371482
0.490938
0.668787
0.820345
0.866633
0.872653
0.875433
0.878210
0.881027
0.883868
0.886723
0.889581
0.892436
0.895282
0.898113
0.900925
0.903819
0.906554
0.909263
0.911941
0.914586
0.917196
0.919768
0.922299
0.924789
0.927235
0.929637
0.931992
0.934299
0.936559
0.938769
0.940930
0.943040
0.945099
0.947107
0.949064
0.950969
0.952823
0.954626
0.956377
0.958078
0.959728
0.961328
0.962878
0.964379
0.965831
0.967236
0.968593
0.969904
0.971170
0.972391
0.973568
0.974702
0.975794
0.976845
0.977855
0.978827
0.979760
0.980657
0.981517
0.982342
0.983133
0.983891
0.984616
0.985311
0.985975
0.986611
0.987218
0.987798
0.988352
0.988880
0.989384
0.989865
0.990323
0.990759
0.991174
0.991569
0.991945
0.992302
0.992642
0.992964
0.993271
0.993561
0.993837
0.994099
0.994346
0.994581
0.994804
0.995014
0.995213
0.995402
0.995580
0.995748
0.995907
0.996058
0.996200
0.996333
0.996460
0.996579
0.996691
0.996797
0.996896
0.996990
0.997078
0.997162
0.997240
0.997313
0.997382
0.997447
0.997508
0.997565
0.997619
0.997669
0.997716
0.997761
0.997802
0.997841
0.997877
0.997912
0.997943
0.997973
0.998001
0.998027
0.998052
0.998075
0.998096
0.998116
0.998135
0.998152
0.998168
0.998183
0.998197
0.998210
0.998223
0.998234
0.998245
0.998255
0.998264
0.998272
0.998280
0.998288
0.998295
0.998301
0.998307
0.998313
0.998318
0.998322
0.998327
0.998331
0.998335
0.998338
0.998342
0.998345
0.998347
0.998350
0.998353
0.998355
0.998357
0.998359
0.998361
0.998362
0.998364
0.998365
0.998366
0.998368
0.998369
0.998370
0.998371
0.998372
0.998372
0.998373
0.998374
0.998375
0.998375
0.998376
0.998376
0.998377
0.998377
0.998377
0.998378
0.998378
0.998378
0.998379
0.998379
0.998379
0.998379
0.998380
0.998380
0.998380
0.998380
0.998380
0.998380
0.998381
0.998381
0.998381
0.998381
0.998381
0.998381
0.998381
0.998381
0.998381
0.998381
0.998381
0.998381
0.998381
0.998382
0.998382
0.998382
0.998382
0.998382
0.998382
0.998382
0.998382
0.998382
0.998382
0.998382
0.998382
0.998382
0.998382
0.998382
0.998382
0.998382
0.998382
0.998382
0.998382
0.998382
0.998382
0.998382
0.998382
0.998382
0.998382
0.998382
0.998382
0.998382
0.998382
0.998382
0.998382
0.998382
0.998382
0.998382
0.998382
0.998382
0.998382
0.998382
0.998382
0.998382
0.998382
0.998382
0.998382
0.998382
0.998382
0.998382
0.998382
0.998382
0.998382
0.998382
0.998382
0.998382
0.998382
0.998382
0.998382
0.998382
0.998382
0.998382
0.998382
0.998382
0.998382
0.998382
0.998382
0.998382
0.998382
0.998382
0.998382
0.998382
0.998382
0.998382
0.998382
0.998382
0.998382
0.998382
0.998382
0.998382
0.998382
0.998382
0.998382
0.998382
0.998382
0.998382
0.998382
0.998382
0.998382
0.998382
0.998382
0.998382
0.998382
0.998382
0.998382
0.998382
0.998382
0.998382
0.998382
0.998382
0.998382
0.998382
0.998382
0.998382
0.998382
0.998382
0.998382
0.998382
0.998382
0.998382
0.998382
0.998382
0.998382
0.998382
0.998382
0.998382
0.998382
0.998382
0.998382
0.998382
0.998382
0.998382
0.998382
0.998382
0.998382
0.998382
0.998382
0.998382
0.998382
0.998382
0.998382
0.998382
0.998382
0.998382
0.998382
0.998382
0.998382
0.998382
0.998382
0.998382
0.998382
0.998382
0.998382
0.998382
0.998382
0.998382
0.998382
0.998382
0.998382
0.998382
0.998382
0.998382
0.998382
0.998382
0.998382
0.998382
0.998382
0.998382
0.998382
0.998382
0.998382
0.998382
0.998382
0.998382
0.998382
0.998382
0.998382
0.998382
0.998382
0.998382
0.998382
0.998382
0.998382
0.998382
0.998382
0.998382
0.998382
0.998382
0.998382
0.998382
0.998382
0.998382
0.998382
0.998382
0.998382
0.998382
0.998382
0.998382
0.998382
0.998382
0.998382
0.998382
0.998382
0.998382
0.998382
0.998382
0.998382
0.998382
0.998382
0.998382
0.998382
0.998382
0.998382
0.998382
0.998382
0.998382
0.998382
0.998382
0.998382
0.998382
0.998382
0.998382
0.998382
0.998382
0.998382
0.998382
0.998382
0.998382
0.998382
0.998382
0.998382
0.998382
0.998382
0.998382
0.998382
0.998382
0.998382
0.998382
0.998382
0.998382
0.998382
0.998382
0.998382
0.998382
0.998382
0.998382
0.998382
0.998382
0.998382
0.998382
0.998382
0.998382
0.998382
0.998382
0.998382
0.998382
0.998382
0.998382
0.998382
0.998382
0.998382
0.998382
0.998382
0.998382
0.998382
0.998382
0.998382
0.998382
0.998382
0.998382
0.998382
0.998382
0.998382
0.998382
0.998382
0.998382
0.998382
0.998382
0.998382
0.998382
0.998382
0.998382
0.998382
0.998382
0.998382
0.998382
0.998382
0.998382
0.998382
0.998382
0.998382
0.998382
0.998382
0.998382
0.998382
0.998382
0.998382
0.998382
0.998382
0.998382
0.998382
0.998382
0.998382
0.998382
0.998382
0.998382
0.998382
0.998382
0.998382
0.998382
0.998382
0.998382
0.998382
0.998382
0.998382
0.998382
0.998382
0.998382
0.998382
0.998382
0.998382
0.998382
0.998382
0.998382
0.998382
0.998382
0.998382
0.998382
0.998382
0.998382
0.998382
0.998382
0.998382
0.998382
0.998382
0.998382
0.998382
0.998382
0.998382
0.998382
0.998382
0.998382
0.998382
0.998382
0.998382
0.998382
0.998382
0.998382
0.998382
0.998382
0.998382
0.998382
0.998382
0.998382
0.998382
0.998382
0.998382
0.998382
0.998382
0.998382
0.998382
0.998382
0.998382
0.998382
0.998382
0.998382
0.998382
0.998382
0.998382
0.998382
0.998382
0.998382
0.998382
0.998382
0.998382
0.998382
0.998382
0.998382
0.998382
0.998382
0.998382
0.998382
0.998382
0.998382
0.998382
