0.040520
0.087931
0.141465
0.192523
0.212942
0.208479
0.206983
0.214709
0.224524
0.233817
0.242600
0.250989
0.259120
0.267157
0.275329
0.284358
0.293383
0.296631
0.298604
0.300559
0.302511
0.304459
0.306403
0.308343
0.310279
0.312211
0.314140
0.316065
0.317986
0.319904
0.321819
0.323731
0.325639
0.327545
0.329448
0.331349
0.333247
0.335142
0.337036
0.338955
0.340669
0.342396
0.344123
0.345849
0.347575
0.349300
0.351024
0.352747
0.354470
0.356192
0.357914
0.359635
0.361356
0.363077
0.364798
0.366519
0.368240
0.369961
0.371683
0.373404
0.375126
0.376849
0.378572
0.380295
0.382019
0.383744
0.385470
0.387196
0.388924
0.390653
0.392383
0.394114
0.395846
0.397579
0.399314
0.401051
0.402789
0.404529
0.406270
0.408014
0.409759
0.411506
0.413255
0.415006
0.416759
0.418515
0.420273
0.422033
0.423796
0.425561
0.427329
0.429099
0.430872
0.432648
0.434427
0.436208
0.437993
0.439780
0.441571
0.443365
0.445162
0.446962
0.448766
0.450573
0.452384
0.454198
0.456015
0.457836
0.459661
0.461490
0.463322
0.465158
0.466998
0.468842
0.470690
0.472542
0.474398
0.476258
0.478122
0.479991
0.481863
0.483740
0.485621
0.487507
0.489396
0.491291
0.493189
0.495092
0.497000
0.498912
0.500828
0.502749
0.504675
0.506605
0.508540
0.510479
0.512423
0.514372
0.516325
0.518283
0.520246
0.522213
0.524185
0.526162
0.528143
0.530129
0.532120
0.534115
0.536115
0.538120
0.540129
0.542143
0.544162
0.546185
0.548213
0.550245
0.552282
0.554324
0.556370
0.558420
0.560475
0.562534
0.564598
0.566666
0.568739
0.570815
0.572896
0.574981
0.577070
0.579164
0.581261
0.583362
0.585468
0.587577
0.589690
0.591807
0.593927
0.596052
0.598179
0.600311
0.602446
0.604584
0.606726
0.608870
0.611018
0.613170
0.615324
0.617481
0.619641
0.621804
0.623969
0.626138
0.628308
0.630481
0.632657
0.634835
0.637015
0.639197
0.641381
0.643567
0.645754
0.647944
0.650134
0.652327
0.654521
0.656716
0.658912
0.661109
0.663307
0.665506
0.667706
0.669906
0.672107
0.674308
0.676509
0.678710
0.680912
0.683113
0.685314
0.687515
0.689715
0.691914
0.694113
0.696311
0.698508
0.700704
0.702898
0.705091
0.707283
0.709472
0.711660
0.713847
0.716031
0.718213
0.720392
0.722569
0.724744
0.726915
0.729084
0.731250
0.733413
0.735572
0.737728
0.739880
0.742029
0.744174
0.746315
0.748452
0.750584
0.752712
0.754836
0.756955
0.759069
0.761178
0.763282
0.765381
0.767474
0.769563
0.771645
0.773722
0.775792
0.777857
0.779916
0.781968
0.784014
0.786053
0.788086
0.790112
0.792131
0.794143
0.796147
0.798144
0.800134
0.802117
0.804091
0.806058
0.808017
0.809968
0.811910
0.813845
0.815770
0.817688
0.819597
0.821497
0.823388
0.825270
0.827143
0.829007
0.830861
0.832707
0.834542
0.836368
0.838185
0.839991
0.841788
0.843575
0.845351
0.847118
0.848874
0.850620
0.852355
0.854080
0.855794
0.857498
0.859191
0.860873
0.862544
0.864204
0.865853
0.867491
0.869118
0.870734
0.872338
0.873931
0.875512
0.877082
0.878640
0.880187
0.881722
0.883245
0.884757
0.886257
0.887745
0.889221
0.890685
0.892137
0.893578
0.895006
0.896422
0.897826
0.899218
0.900598
0.901966
0.903321
0.904665
0.905996
0.907315
0.908622
0.909916
0.911198
0.912468
0.913726
0.914971
0.916205
0.917426
0.918634
0.919831
0.921015
0.922187
0.923347
0.924494
0.925630
0.926753
0.927864
0.928963
0.930050
0.931125
0.932188
0.933239
0.934277
0.935304
0.936319
0.937322
0.938313
0.939293
0.940261
0.941216
0.942161
0.943093
0.944014
0.944924
0.945822
0.946709
0.947584
0.948448
0.949301
0.950142
0.950972
0.951792
0.952600
0.953397
0.954183
0.954959
0.955724
0.956478
0.957221
0.957954
0.958677
0.959389
0.960090
0.960782
0.961463
0.962134
0.962795
0.963446
0.964087
0.964719
0.965340
0.965952
0.966555
0.967148
0.967732
0.968306
0.968871
0.969427
0.969974
0.970512
0.971041
0.971561
0.972072
0.972575
0.973070
0.973556
0.974033
0.974502
0.974963
0.975416
0.975861
0.976299
0.976728
0.977149
0.977563
0.977969
0.978368
0.978760
0.979144
0.979521
0.979891
0.980254
0.980610
0.980959
0.981301
0.981637
0.981966
0.982289
0.982605
0.982915
0.983219
0.983516
0.983808
0.984093
0.984373
0.984647
0.984915
0.985178
0.985435
0.985686
0.985933
0.986174
0.986410
0.986640
0.986866
0.987087
0.987302
0.987513
0.987720
0.987921
0.988119
0.988311
0.988499
0.988683
0.988863
0.989039
0.989210
0.989377
0.989541
0.989700
0.989856
0.990008
0.990156
0.990301
0.990442
0.990580
0.990714
0.990845
0.990973
0.991097
0.991218
0.991337
0.991452
0.991564
0.991674
0.991780
0.991884
0.991985
0.992083
0.992179
0.992272
0.992363
0.992451
0.992537
0.992621
0.992702
0.992781
0.992858
0.992933
0.993005
0.993076
0.993144
0.993211
0.993276
0.993339
0.993400
0.993459
0.993517
0.993573
0.993627
0.993680
0.993731
0.993780
0.993828
0.993875
0.993920
0.993964
0.994007
0.994048
0.994088
0.994127
0.994164
0.994200
0.994236
0.994270
0.994303
0.994335
0.994366
0.994395
0.994424
0.994452
0.994479
0.994506
0.994531
0.994556
0.994579
0.994602
0.994624
0.994646
0.994666
0.994686
0.994705
0.994724
0.994742
0.994759
0.994776
0.994792
0.994808
0.994823
0.994837
0.994851
0.994865
0.994878
0.994890
0.994902
0.994914
0.994925
0.994936
0.994946
0.994956
0.994966
0.994975
0.994984
0.994992
0.995001
0.995009
0.995016
0.995024
0.995031
0.995037
0.995044
0.995050
0.995056
0.995062
0.995067
0.995073
0.995078
0.995083
0.995088
0.995092
0.995096
0.995101
0.995104
0.995108
0.995112
0.995115
0.995119
0.995122
0.995125
0.995128
0.995131
0.995134
0.995136
0.995139
0.995141
0.995143
0.995145
0.995148
0.995150
0.995151
0.995153
0.995155
0.995157
