0.442389
0.561797
0.629856
0.675231
0.708451
0.734277
0.755196
0.772611
0.787432
0.800269
0.811522
0.821496
0.830430
0.838507
0.845867
0.852632
0.858910
0.864798
0.870375
0.875732
0.880989
0.886302
0.891949
0.898332
0.903907
0.906036
0.906323
0.906338
0.906338
0.906338
0.906338
0.906338
0.906338
0.906338
0.906338
0.906338
0.906338
0.906338
0.906338
0.906338
0.906338
0.906338
0.906338
0.906338
0.906338
0.906338
0.906338
0.906338
0.906338
0.906338
0.906338
0.906338
0.906338
0.906338
0.906338
0.906338
0.906338
0.906338
0.906338
0.906338
0.906338
0.906338
0.906338
0.906338
0.906338
0.906338
0.906338
0.906338
0.906338
0.906338
0.906338
0.906338
0.906338
0.906338
0.906338
0.906338
0.906338
0.906338
0.906338
0.906338
0.906338
0.906338
0.906338
0.906338
0.906338
0.906338
0.906338
0.906338
0.906338
0.906338
0.906338
0.906338
0.906338
0.906338
0.906338
0.906338
0.906338
0.906338
0.906338
0.906338
0.906338
0.906338
0.906338
0.906338
0.906338
0.906338
0.906338
0.906338
0.906338
0.906338
0.906338
0.906338
0.906338
0.906338
0.906338
0.906338
0.906338
0.906338
0.906338
0.906338
0.906338
0.906338
0.906338
0.906338
0.906338
0.906338
0.906338
0.906338
0.906338
0.906338
0.906338
0.906338
0.906338
0.906338
0.906338
0.906338
0.906338
0.906338
0.906338
0.906338
0.906338
0.906338
0.906338
0.906338
0.906338
0.906338
0.906338
0.906338
0.906338
0.906338
0.906338
0.906338
0.906338
0.906338
0.906338
0.906338
0.906338
0.906338
0.906338
0.906338
0.906338
0.906338
0.906338
0.906338
0.906338
0.906338
0.906338
0.906338
0.906338
0.906338
0.906338
0.906338
0.906338
0.906338
0.906338
0.906338
0.906338
0.906338
0.906338
0.906338
0.906338
0.906338
0.906338
0.906338
0.906338
0.906338
0.906338
0.906338
0.906338
0.906338
0.906338
0.906338
0.906338
0.906338
0.906338
0.906338
0.906338
0.906338
0.906338
0.906338
0.906338
0.906338
0.906338
0.906338
0.906338
0.906338
0.906338
0.906338
0.906338
0.906338
0.906338
0.906338
0.906338
0.906338
0.906338
0.906338
0.906338
0.906338
0.906338
0.906338
0.906338
0.906338
0.906338
0.906338
0.906338
0.906338
0.906338
0.906338
0.906338
0.906338
0.906338
0.906338
0.906338
0.906338
0.906338
0.906338
0.906338
0.906338
0.906338
0.906338
0.906338
0.906338
0.906338
0.906338
0.906338
0.906338
0.906338
0.906338
0.906338
0.906338
0.906338
0.906338
0.906338
0.906338
0.906338
0.906338
0.906338
0.906338
0.906338
0.906338
0.906338
0.906338
0.906338
0.906338
0.906338
0.906338
0.906338
0.906338
0.906338
0.906338
0.906338
0.906338
0.906338
0.906338
0.906338
0.906338
0.906338
0.906338
0.906338
0.906338
0.906338
0.906338
0.906338
0.906338
0.906338
0.906338
0.906338
0.906338
0.906338
0.906338
0.906338
0.906338
0.906338
0.906338
0.906338
0.906338
0.906338
0.906338
0.906338
0.906338
0.906338
0.906338
0.906338
0.906338
0.906338
0.906338
0.906338
0.906338
0.906338
0.906338
0.906338
0.906338
0.906338
0.906338
0.906338
0.906338
0.906338
0.906338
0.906338
0.906338
0.906338
0.906338
0.906338
0.906338
0.906338
0.906338
0.906338
0.906338
0.906338
0.906338
0.906338
0.906338
0.906338
0.906338
0.906338
0.906338
0.906338
0.906338
0.906338
0.906338
0.906338
0.906338
0.906338
0.906338
0.906338
0.906338
0.906338
0.906338
0.906338
0.906338
0.906338
0.906338
0.906338
0.906338
0.906338
0.906338
0.906338
0.906338
0.906338
0.906338
0.906338
0.906338
0.906338
0.906338
0.906338
0.906338
0.906338
0.906338
0.906338
0.906338
0.906338
0.906338
0.906338
0.906338
0.906338
0.906338
0.906338
0.906338
0.906338
0.906338
0.906338
0.906338
0.906338
0.906338
0.906338
0.906338
0.906338
0.906338
0.906338
0.906338
0.906338
0.906338
0.906338
0.906338
0.906338
0.906338
0.906338
0.906338
0.906338
0.906338
0.906338
0.906338
0.906338
0.906338
0.906338
0.906338
0.906338
0.906338
0.906338
0.906338
0.906338
0.906338
0.906338
0.906338
0.906338
0.906338
0.906338
0.906338
0.906338
0.906338
0.906338
0.906338
0.906338
0.906338
0.906338
0.906338
0.906338
0.906338
0.906338
0.906338
0.906338
0.906338
0.906338
0.906338
0.906338
0.906338
0.906338
0.906338
0.906338
0.906338
0.906338
0.906338
0.906338
0.906338
0.906338
0.906338
0.906338
0.906338
0.906338
0.906338
0.906338
0.906338
0.906338
0.906338
0.906338
0.906338
0.906338
0.906338
0.906338
0.906338
0.906338
0.906338
0.906338
0.906338
0.906338
0.906338
0.906338
0.906338
0.906338
0.906338
0.906338
0.906338
0.906338
0.906338
0.906338
0.906338
0.906338
0.906338
0.906338
0.906338
0.906338
0.906338
0.906338
0.906338
0.906338
0.906338
0.906338
0.906338
0.906338
0.906338
0.906338
0.906338
0.906338
0.906338
0.906338
0.906338
0.906338
0.906338
0.906338
0.906338
0.906338
0.906338
0.906338
0.906338
0.906338
0.906338
0.906338
0.906338
0.906338
0.906338
0.906338
0.906338
0.906338
0.906338
0.906338
0.906338
0.906338
0.906338
0.906338
0.906338
0.906338
0.906338
0.906338
0.906338
0.906338
0.906338
0.906338
0.906338
0.906338
0.906338
0.906338
0.906338
0.906338
0.906338
0.906338
0.906338
0.906338
0.906338
0.906338
0.906338
0.906338
0.906338
0.906338
0.906338
0.906338
0.906338
0.906338
0.906338
0.906338
0.906338
0.906338
0.906338
0.906338
0.906338
0.906338
0.906338
0.906338
0.906338
0.906338
0.906338
0.906338
0.906338
0.906338
0.906338
0.906338
0.906338
0.906338
0.906338
0.906338
0.906338
0.906338
0.906338
0.906338
0.906338
0.906338
0.906338
0.906338
0.906338
0.906338
0.906338
0.906338
0.906338
0.906338
0.906338
0.906338
0.906338
0.906338
0.906338
0.906338
0.906338
0.906338
0.906338
0.906338
0.906338
0.906338
0.906338
0.906338
0.906338
0.906338
0.906338
