0.012670
0.026862
0.041414
0.056611
0.072798
0.090388
0.110309
0.133164
0.151138
0.172408
0.199457
0.233056
0.267435
0.290042
0.293567
0.286119
0.281069
0.281359
0.283249
0.285226
0.287200
0.289169
0.291133
0.293093
0.295048
0.296999
0.298945
0.300887
0.302825
0.304758
0.306688
0.308613
0.310535
0.312452
0.314366
0.316276
0.318182
0.320085
0.321984
0.323914
0.325638
0.327366
0.329094
0.330819
0.332541
0.334261
0.335979
0.337694
0.339407
0.341118
0.342827
0.344534
0.346238
0.347941
0.349642
0.351341
0.353037
0.354733
0.356426
0.358117
0.359807
0.361496
0.363183
0.364868
0.366552
0.368234
0.369915
0.371595
0.373273
0.374950
0.376626
0.378301
0.379975
0.381648
0.383320
0.384991
0.386661
0.388330
0.389999
0.391667
0.393334
0.395000
0.396666
0.398331
0.399996
0.401661
0.403325
0.404988
0.406652
0.408315
0.409977
0.411640
0.413303
0.414965
0.416628
0.418290
0.419953
0.421615
0.423278
0.424941
0.426604
0.428267
0.429931
0.431595
0.433259
0.434924
0.436589
0.438255
0.439921
0.441588
0.443255
0.444924
0.446592
0.448262
0.449932
0.451603
0.453274
0.454947
0.456620
0.458294
0.459969
0.461645
0.463323
0.465001
0.466680
0.468360
0.470041
0.471723
0.473407
0.475091
0.476777
0.478464
0.480152
0.481841
0.483532
0.485224
0.486917
0.488611
0.490307
0.492004
0.493702
0.495402
0.497103
0.498806
0.500509
0.502215
0.503921
0.505629
0.507339
0.509050
0.510762
0.512476
0.514191
0.515907
0.517625
0.519345
0.521066
0.522788
0.524512
0.526237
0.527964
0.529692
0.531421
0.533152
0.534884
0.536618
0.538353
0.540090
0.541827
0.543567
0.545307
0.547049
0.548792
0.550537
0.552283
0.554030
0.555778
0.557527
0.559278
0.561030
0.562783
0.564538
0.566293
0.568049
0.569807
0.571566
0.573326
0.575086
0.576848
0.578611
0.580374
0.582139
0.583904
0.585670
0.587437
0.589205
0.590974
0.592743
0.594513
0.596284
0.598055
0.599827
0.601599
0.603372
0.605145
0.606919
0.608693
0.610467
0.612242
0.614017
0.615792
0.617568
0.619343
0.621119
0.622895
0.624671
0.626446
0.628222
0.629997
0.631773
0.633548
0.635323
0.637097
0.638871
0.640645
0.642419
0.644191
0.645964
0.647735
0.649506
0.651277
0.653046
0.654815
0.656583
0.658350
0.660116
0.661881
0.663645
0.665408
0.667170
0.668930
0.670690
0.672448
0.674204
0.675959
0.677713
0.679465
0.681215
0.682964
0.684711
0.686457
0.688200
0.689942
0.691681
0.693419
0.695155
0.696889
0.698620
0.700349
0.702076
0.703801
0.705523
0.707243
0.708961
0.710675
0.712388
0.714097
0.715804
0.717508
0.719210
0.720908
0.722604
0.724297
0.725986
0.727673
0.729356
0.731036
0.732713
0.734386
0.736057
0.737724
0.739387
0.741047
0.742703
0.744356
0.746005
0.747650
0.749291
0.750929
0.752563
0.754192
0.755818
0.757440
0.759058
0.760671
0.762281
0.763886
0.765487
0.767083
0.768675
0.770263
0.771846
0.773425
0.774999
0.776568
0.778133
0.779693
0.781249
0.782799
0.784345
0.785886
0.787422
0.788953
0.790479
0.792000
0.793516
0.795026
0.796532
0.798032
0.799527
0.801017
0.802501
0.803980
0.805454
0.806922
0.808385
0.809842
0.811293
0.812739
0.814180
0.815614
0.817043
0.818466
0.819884
0.821296
0.822701
0.824102
0.825496
0.826884
0.828266
0.829642
0.831013
0.832377
0.833735
0.835087
0.836433
0.837773
0.839107
0.840434
0.841756
0.843071
0.844380
0.845682
0.846978
0.848268
0.849552
0.850829
0.852100
0.853365
0.854623
0.855874
0.857119
0.858358
0.859590
0.860816
0.862036
0.863248
0.864454
0.865654
0.866847
0.868034
0.869214
0.870387
0.871554
0.872714
0.873868
0.875015
0.876155
0.877288
0.878415
0.879536
0.880649
0.881756
0.882857
0.883951
0.885038
0.886118
0.887192
0.888259
0.889319
0.890372
0.891419
0.892460
0.893493
0.894520
0.895540
0.896554
0.897561
0.898561
0.899554
0.900541
0.901522
0.902495
0.903462
0.904422
0.905376
0.906323
0.907264
0.908198
0.909125
0.910046
0.910960
0.911867
0.912768
0.913663
0.914551
0.915432
0.916307
0.917175
0.918037
0.918893
0.919742
0.920584
0.921421
0.922250
0.923074
0.923891
0.924701
0.925506
0.926304
0.927095
0.927881
0.928660
0.929433
0.930200
0.930960
0.931714
0.932462
0.933204
0.933940
0.934670
0.935393
0.936111
0.936823
0.937528
0.938228
0.938921
0.939609
0.940290
0.940966
0.941636
0.942300
0.942958
0.943610
0.944257
0.944898
0.945533
0.946162
0.946786
0.947404
0.948016
0.948623
0.949225
0.949820
0.950410
0.950995
0.951574
0.952148
0.952717
0.953280
0.953837
0.954390
0.954937
0.955478
0.956015
0.956546
0.957072
0.957593
0.958109
0.958620
0.959126
0.959626
0.960122
0.960613
0.961099
0.961579
0.962055
0.962527
0.962993
0.963454
0.963911
0.964363
0.964810
0.965253
0.965691
0.966125
0.966553
0.966978
0.967397
0.967813
0.968224
0.968630
0.969032
0.969430
0.969823
0.970212
0.970597
0.970978
0.971354
0.971726
0.972094
0.972458
0.972818
0.973174
0.973525
0.973873
0.974217
0.974557
0.974893
0.975225
0.975554
0.975878
0.976199
0.976516
0.976829
0.977139
0.977445
0.977747
0.978046
0.978341
0.978633
0.978921
0.979206
0.979487
0.979765
0.980040
0.980311
0.980579
0.980843
0.981105
0.981363
0.981618
0.981869
0.982118
0.982363
0.982606
0.982845
0.983081
0.983315
0.983545
0.983772
0.983997
0.984219
0.984437
0.984653
0.984866
0.985077
0.985284
0.985489
0.985691
0.985891
0.986088
0.986282
0.986474
0.986663
0.986850
0.987034
0.987215
0.987395
0.987571
0.987746
0.987918
0.988087
0.988254
0.988419
0.988582
0.988743
0.988901
0.989057
0.989211
0.989362
0.989512
0.989659
0.989805
0.989948
0.990089
0.990229
0.990366
0.990501
0.990635
0.990766
0.990895
0.991023
0.991149
0.991273
0.991395
0.991515
0.991634
0.991751
0.991866
