0.022936
0.056830
0.113529
0.167662
0.201089
0.219110
0.230254
0.239077
0.247245
0.255262
0.263343
0.271855
0.281946
0.287012
0.289023
0.290989
0.292949
0.294903
0.296851
0.298793
0.300728
0.302657
0.304580
0.306497
0.308408
0.310313
0.312212
0.314105
0.315993
0.317874
0.319750
0.321620
0.323485
0.325344
0.327198
0.329046
0.330889
0.332727
0.334559
0.336436
0.338118
0.339786
0.341450
0.343109
0.344763
0.346414
0.348060
0.349702
0.351339
0.352973
0.354602
0.356227
0.357848
0.359465
0.361078
0.362686
0.364291
0.365891
0.367487
0.369079
0.370667
0.372251
0.373832
0.375408
0.376980
0.378548
0.380112
0.381672
0.383228
0.384780
0.386328
0.387872
0.389412
0.390949
0.392481
0.394010
0.395535
0.397055
0.398572
0.400085
0.401595
0.403100
0.404602
0.406100
0.407594
0.409084
0.410570
0.412053
0.413532
0.415007
0.416478
0.417946
0.419410
0.420870
0.422326
0.423779
0.425228
0.426674
0.428116
0.429554
0.430988
0.432419
0.433846
0.435270
0.436690
0.438106
0.439519
0.440928
0.442334
0.443736
0.445135
0.446530
0.447922
0.449310
0.450694
0.452075
0.453453
0.454827
0.456197
0.457564
0.458928
0.460288
0.461645
0.462999
0.464349
0.465695
0.467038
0.468378
0.469715
0.471048
0.472377
0.473704
0.475027
0.476347
0.477663
0.478976
0.480286
0.481592
0.482896
0.484196
0.485492
0.486786
0.488076
0.489363
0.490647
0.491927
0.493205
0.494479
0.495750
0.497018
0.498283
0.499544
0.500802
0.502058
0.503310
0.504559
0.505805
0.507047
0.508287
0.509524
0.510757
0.511988
0.513215
0.514440
0.515661
0.516879
0.518095
0.519307
0.520516
0.521723
0.522926
0.524127
0.525324
0.526518
0.527710
0.528899
0.530084
0.531267
0.532447
0.533624
0.534798
0.535969
0.537138
0.538303
0.539466
0.540626
0.541783
0.542937
0.544088
0.545237
0.546383
0.547526
0.548666
0.549804
0.550938
0.552070
0.553200
0.554326
0.555450
0.556571
0.557690
0.558805
0.559918
0.561029
0.562137
0.563242
0.564344
0.565444
0.566541
0.567636
0.568728
0.569817
0.570904
0.571988
0.573070
0.574149
0.575225
0.576299
0.577371
0.578440
0.579506
0.580570
0.581632
0.582691
0.583747
0.584802
0.585853
0.586902
0.587949
0.588993
0.590035
0.591075
0.592112
0.593147
0.594179
0.595209
0.596237
0.597262
0.598285
0.599306
0.600324
0.601340
0.602354
0.603366
0.604375
0.605382
0.606386
0.607389
0.608389
0.609387
0.610383
0.611376
0.612367
0.613357
0.614343
0.615328
0.616311
0.617291
0.618270
0.619246
0.620220
0.621192
0.622162
0.623130
0.624095
0.625059
0.626021
0.626980
0.627938
0.628893
0.629847
0.630798
0.631748
0.632695
0.633640
0.634584
0.635526
0.636465
0.637403
0.638339
0.639272
0.640204
0.641134
0.642062
0.642989
0.643913
0.644836
0.645756
0.646675
0.647592
0.648507
0.649421
0.650332
0.651242
0.652150
0.653056
0.653961
0.654864
0.655765
0.656664
0.657562
0.658458
0.659352
0.660244
0.661135
0.662025
0.662912
0.663798
0.664682
0.665565
0.666446
0.667326
0.668203
0.669080
0.669954
0.670828
0.671699
0.672569
0.673438
0.674305
0.675171
0.676035
0.676897
0.677758
0.678618
0.679476
0.680333
0.681188
0.682042
0.682895
0.683746
0.684596
0.685444
0.686291
0.687137
0.687981
0.688824
0.689666
0.690506
0.691345
0.692183
0.693019
0.693854
0.694688
0.695521
0.696352
0.697183
0.698012
0.698839
0.699666
0.700491
0.701316
0.702139
0.702961
0.703781
0.704601
0.705420
0.706237
0.707053
0.707869
0.708683
0.709496
0.710308
0.711119
0.711929
0.712737
0.713545
0.714352
0.715158
0.715963
0.716767
0.717570
0.718372
0.719173
0.719973
0.720772
0.721570
0.722368
0.723164
0.723960
0.724754
0.725548
0.726341
0.727133
0.727924
0.728715
0.729504
0.730293
0.731081
0.731869
0.732655
0.733441
0.734226
0.735010
0.735793
0.736576
0.737358
0.738139
0.738920
0.739700
0.740479
0.741257
0.742035
0.742812
0.743589
0.744365
0.745140
0.745915
0.746689
0.747462
0.748235
0.749007
0.749779
0.750550
0.751321
0.752091
0.752860
0.753629
0.754398
0.755165
0.755933
0.756700
0.757466
0.758232
0.758997
0.759762
0.760527
0.761291
0.762054
0.762817
0.763580
0.764342
0.765104
0.765865
0.766626
0.767387
0.768147
0.768907
0.769667
0.770426
0.771184
0.771943
0.772701
0.773458
0.774216
0.774973
0.775729
0.776486
0.777242
0.777997
0.778753
0.779508
0.780263
0.781017
0.781771
0.782525
0.783279
0.784032
0.784785
0.785538
0.786291
0.787043
0.787795
0.788547
0.789298
0.790050
0.790801
0.791552
0.792302
0.793053
0.793803
0.794553
0.795303
0.796052
0.796802
0.797551
0.798300
0.799048
0.799797
0.800545
0.801293
0.802041
0.802789
0.803537
0.804284
0.805031
0.805778
0.806525
0.807271
0.808018
0.808764
0.809510
0.810256
0.811001
0.811747
0.812492
0.813237
0.813982
0.814727
0.815471
0.816216
0.816960
0.817704
0.818447
0.819191
0.819934
0.820677
0.821420
0.822163
0.822905
0.823648
0.824390
0.825132
0.825873
0.826615
0.827356
0.828097
0.828837
0.829578
0.830318
0.831058
0.831798
0.832537
0.833276
0.834015
0.834754
0.835492
0.836230
0.836968
0.837705
0.838443
0.839179
0.839916
0.840652
0.841388
0.842124
0.842859
0.843594
0.844328
0.845062
0.845796
0.846530
0.847263
0.847995
0.848727
0.849459
0.850190
0.850921
0.851652
0.852382
0.853111
0.853841
0.854569
0.855297
0.856025
0.856752
0.857479
0.858205
0.858930
0.859655
0.860380
0.861103
0.861827
0.862549
0.863271
0.863993
0.864714
0.865434
0.866153
0.866872
0.867590
0.868308
0.869024
0.869740
0.870456
0.871170
0.871884
0.872597
0.873309
0.874021
0.874731
0.875441
0.876150
0.876858
0.877565
0.878271
0.878977
0.879681
0.880385
0.881087
0.881789
0.882490
0.883189
0.883888
0.884586
0.885282
0.885978
0.886672
0.887366
0.888058
