0.432512
0.556314
0.626721
0.673609
0.707836
0.734406
0.755876
0.773730
0.788922
0.802066
0.813576
0.823776
0.832913
0.841169
0.848692
0.855611
0.862038
0.868068
0.873780
0.879284
0.884714
0.890262
0.896305
0.903115
0.907773
0.908857
0.908934
0.908936
0.908936
0.908937
0.908937
0.908937
0.908937
0.908937
0.908937
0.908937
0.908937
0.908937
0.908937
0.908937
0.908937
0.908937
0.908937
0.908937
0.908937
0.908937
0.908937
0.908937
0.908937
0.908937
0.908937
0.908937
0.908937
0.908937
0.908937
0.908937
0.908937
0.908937
0.908937
0.908937
0.908937
0.908937
0.908937
0.908937
0.908937
0.908937
0.908937
0.908937
0.908937
0.908937
0.908937
0.908937
0.908937
0.908937
0.908937
0.908937
0.908937
0.908937
0.908937
0.908937
0.908937
0.908937
0.908937
0.908937
0.908937
0.908937
0.908937
0.908937
0.908937
0.908937
0.908937
0.908937
0.908937
0.908937
0.908937
0.908937
0.908937
0.908937
0.908937
0.908937
0.908937
0.908937
0.908937
0.908937
0.908937
0.908937
0.908937
0.908937
0.908937
0.908937
0.908937
0.908937
0.908937
0.908937
0.908937
0.908937
0.908937
0.908937
0.908937
0.908937
0.908937
0.908937
0.908937
0.908937
0.908937
0.908937
0.908937
0.908937
0.908937
0.908937
0.908937
0.908937
0.908937
0.908937
0.908937
0.908937
0.908937
0.908937
0.908937
0.908937
0.908937
0.908937
0.908937
0.908937
0.908937
0.908937
0.908937
0.908937
0.908937
0.908937
0.908937
0.908937
0.908937
0.908937
0.908937
0.908937
0.908937
0.908937
0.908937
0.908937
0.908937
0.908937
0.908937
0.908937
0.908937
0.908937
0.908937
0.908937
0.908937
0.908937
0.908937
0.908937
0.908937
0.908937
0.908937
0.908937
0.908937
0.908937
0.908937
0.908937
0.908937
0.908937
0.908937
0.908937
0.908937
0.908937
0.908937
0.908937
0.908937
0.908937
0.908937
0.908937
0.908937
0.908937
0.908937
0.908937
0.908937
0.908937
0.908937
0.908937
0.908937
0.908937
0.908937
0.908937
0.908937
0.908937
0.908937
0.908937
0.908937
0.908937
0.908937
0.908937
0.908937
0.908937
0.908937
0.908937
0.908937
0.908937
0.908937
0.908937
0.908937
0.908937
0.908937
0.908937
0.908937
0.908937
0.908937
0.908937
0.908937
0.908937
0.908937
0.908937
0.908937
0.908937
0.908937
0.908937
0.908937
0.908937
0.908937
0.908937
0.908937
0.908937
0.908937
0.908937
0.908937
0.908937
0.908937
0.908937
0.908937
0.908937
0.908937
0.908937
0.908937
0.908937
0.908937
0.908937
0.908937
0.908937
0.908937
0.908937
0.908937
0.908937
0.908937
0.908937
0.908937
0.908937
0.908937
0.908937
0.908937
0.908937
0.908937
0.908937
0.908937
0.908937
0.908937
0.908937
0.908937
0.908937
0.908937
0.908937
0.908937
0.908937
0.908937
0.908937
0.908937
0.908937
0.908937
0.908937
0.908937
0.908937
0.908937
0.908937
0.908937
0.908937
0.908937
0.908937
0.908937
0.908937
0.908937
0.908937
0.908937
0.908937
0.908937
0.908937
0.908937
0.908937
0.908937
0.908937
0.908937
0.908937
0.908937
0.908937
0.908937
0.908937
0.908937
0.908937
0.908937
0.908937
0.908937
0.908937
0.908937
0.908937
0.908937
0.908937
0.908937
0.908937
0.908937
0.908937
0.908937
0.908937
0.908937
0.908937
0.908937
0.908937
0.908937
0.908937
0.908937
0.908937
0.908937
0.908937
0.908937
0.908937
0.908937
0.908937
0.908937
0.908937
0.908937
0.908937
0.908937
0.908937
0.908937
0.908937
0.908937
0.908937
0.908937
0.908937
0.908937
0.908937
0.908937
0.908937
0.908937
0.908937
0.908937
0.908937
0.908937
0.908937
0.908937
0.908937
0.908937
0.908937
0.908937
0.908937
0.908937
0.908937
0.908937
0.908937
0.908937
0.908937
0.908937
0.908937
0.908937
0.908937
0.908937
0.908937
0.908937
0.908937
0.908937
0.908937
0.908937
0.908937
0.908937
0.908937
0.908937
0.908937
0.908937
0.908937
0.908937
0.908937
0.908937
0.908937
0.908937
0.908937
0.908937
0.908937
0.908937
0.908937
0.908937
0.908937
0.908937
0.908937
0.908937
0.908937
0.908937
0.908937
0.908937
0.908937
0.908937
0.908937
0.908937
0.908937
0.908937
0.908937
0.908937
0.908937
0.908937
0.908937
0.908937
0.908937
0.908937
0.908937
0.908937
0.908937
0.908937
0.908937
0.908937
0.908937
0.908937
0.908937
0.908937
0.908937
0.908937
0.908937
0.908937
0.908937
0.908937
0.908937
0.908937
0.908937
0.908937
0.908937
0.908937
0.908937
0.908937
0.908937
0.908937
0.908937
0.908937
0.908937
0.908937
0.908937
0.908937
0.908937
0.908937
0.908937
0.908937
0.908937
0.908937
0.908937
0.908937
0.908937
0.908937
0.908937
0.908937
0.908937
0.908937
0.908937
0.908937
0.908937
0.908937
0.908937
0.908937
0.908937
0.908937
0.908937
0.908937
0.908937
0.908937
0.908937
0.908937
0.908937
0.908937
0.908937
0.908937
0.908937
0.908937
0.908937
0.908937
0.908937
0.908937
0.908937
0.908937
0.908937
0.908937
0.908937
0.908937
0.908937
0.908937
0.908937
0.908937
0.908937
0.908937
0.908937
0.908937
0.908937
0.908937
0.908937
0.908937
0.908937
0.908937
0.908937
0.908937
0.908937
0.908937
0.908937
0.908937
0.908937
0.908937
0.908937
0.908937
0.908937
0.908937
0.908937
0.908937
0.908937
0.908937
0.908937
0.908937
0.908937
0.908937
0.908937
0.908937
0.908937
0.908937
0.908937
0.908937
0.908937
0.908937
0.908937
0.908937
0.908937
0.908937
0.908937
0.908937
0.908937
0.908937
0.908937
0.908937
0.908937
0.908937
0.908937
0.908937
0.908937
0.908937
0.908937
0.908937
0.908937
0.908937
0.908937
0.908937
0.908937
0.908937
0.908937
0.908937
0.908937
0.908937
0.908937
0.908937
0.908937
0.908937
0.908937
0.908937
0.908937
0.908937
0.908937
0.908937
0.908937
0.908937
0.908937
0.908937
0.908937
0.908937
0.908937
0.908937
0.908937
0.908937
0.908937
0.908937
0.908937
0.908937
0.908937
