0.107340
0.248912
0.360564
0.230507
0.246785
0.267526
0.286130
0.303065
0.318670
0.333195
0.346834
0.359756
0.372102
0.383977
0.395462
0.406674
0.417756
0.428890
0.440374
0.453003
0.464078
0.470315
0.475758
0.481241
0.486776
0.492362
0.497995
0.503675
0.509400
0.515168
0.520976
0.526824
0.532710
0.538630
0.544583
0.550567
0.556579
0.562618
0.568680
0.574967
0.580937
0.586940
0.592965
0.599008
0.605066
0.611137
0.617217
0.623304
0.629394
0.635485
0.641574
0.647658
0.653735
0.659801
0.665854
0.671891
0.677910
0.683907
0.689880
0.695827
0.701745
0.707630
0.713482
0.719296
0.725072
0.730806
0.736496
0.742140
0.747735
0.753281
0.758773
0.764211
0.769593
0.774916
0.780179
0.785380
0.790517
0.795589
0.800595
0.805533
0.810401
0.815199
0.819925
0.824579
0.829158
0.833663
0.838093
0.842446
0.846722
0.850921
0.855041
0.859084
0.863047
0.866932
0.870738
0.874464
0.878111
0.881679
0.885167
0.888577
0.891908
0.895161
0.898336
0.901434
0.904454
0.907398
0.910267
0.913060
0.915779
0.918424
0.920997
0.923498
0.925927
0.928287
0.930578
0.932800
0.934956
0.937045
0.939070
0.941031
0.942930
0.944767
0.946544
0.948262
0.949922
0.951525
0.953074
0.954568
0.956009
0.957399
0.958738
0.960028
0.961271
0.962466
0.963617
0.964723
0.965786
0.966808
0.967789
0.968730
0.969634
0.970500
0.971331
0.972127
0.972889
0.973619
0.974317
0.974985
0.975624
0.976234
0.976817
0.977374
0.977905
0.978412
0.978895
0.979356
0.979794
0.980212
0.980610
0.980988
0.981348
0.981691
0.982016
0.982324
0.982618
0.982896
0.983160
0.983410
0.983647
0.983871
0.984084
0.984285
0.984476
0.984656
0.984826
0.984987
0.985139
0.985282
0.985417
0.985545
0.985665
0.985779
0.985885
0.985986
0.986080
0.986169
0.986253
0.986332
0.986406
0.986475
0.986540
0.986601
0.986659
0.986712
0.986763
0.986810
0.986854
0.986895
0.986934
0.986970
0.987004
0.987035
0.987065
0.987092
0.987118
0.987142
0.987164
0.987185
0.987204
0.987222
0.987239
0.987255
0.987269
0.987283
0.987295
0.987307
0.987318
0.987328
0.987337
0.987346
0.987354
0.987361
0.987368
0.987374
0.987380
0.987386
0.987391
0.987395
0.987399
0.987403
0.987407
0.987410
0.987414
0.987416
0.987419
0.987421
0.987424
0.987426
0.987428
0.987429
0.987431
0.987432
0.987434
0.987435
0.987436
0.987437
0.987438
0.987439
0.987440
0.987440
0.987441
0.987442
0.987442
0.987443
0.987443
0.987444
0.987444
0.987444
0.987445
0.987445
0.987445
0.987445
0.987446
0.987446
0.987446
0.987446
0.987446
0.987447
0.987447
0.987447
0.987447
0.987447
0.987447
0.987447
0.987447
0.987447
0.987447
0.987447
0.987447
0.987447
0.987448
0.987448
0.987448
0.987448
0.987448
0.987448
0.987448
0.987448
0.987448
0.987448
0.987448
0.987448
0.987448
0.987448
0.987448
0.987448
0.987448
0.987448
0.987448
0.987448
0.987448
0.987448
0.987448
0.987448
0.987448
0.987448
0.987448
0.987448
0.987448
0.987448
0.987448
0.987448
0.987448
0.987448
0.987448
0.987448
0.987448
0.987448
0.987448
0.987448
0.987448
0.987448
0.987448
0.987448
0.987448
0.987448
0.987448
0.987448
0.987448
0.987448
0.987448
0.987448
0.987448
0.987448
0.987448
0.987448
0.987448
0.987448
0.987448
0.987448
0.987448
0.987448
0.987448
0.987448
0.987448
0.987448
0.987448
0.987448
0.987448
0.987448
0.987448
0.987448
0.987448
0.987448
0.987448
0.987448
0.987448
0.987448
0.987448
0.987448
0.987448
0.987448
0.987448
0.987448
0.987448
0.987448
0.987448
0.987448
0.987448
0.987448
0.987448
0.987448
0.987448
0.987448
0.987448
0.987448
0.987448
0.987448
0.987448
0.987448
0.987448
0.987448
0.987448
0.987448
0.987448
0.987448
0.987448
0.987448
0.987448
0.987448
0.987448
0.987448
0.987448
0.987448
0.987448
0.987448
0.987448
0.987448
0.987448
0.987448
0.987448
0.987448
0.987448
0.987448
0.987448
0.987448
0.987448
0.987448
0.987448
0.987448
0.987448
0.987448
0.987448
0.987448
0.987448
0.987448
0.987448
0.987448
0.987448
0.987448
0.987448
0.987448
0.987448
0.987448
0.987448
0.987448
0.987448
0.987448
0.987448
0.987448
0.987448
0.987448
0.987448
0.987448
0.987448
0.987448
0.987448
0.987448
0.987448
0.987448
0.987448
0.987448
0.987448
0.987448
0.987448
0.987448
0.987448
0.987448
0.987448
0.987448
0.987448
0.987448
0.987448
0.987448
0.987448
0.987448
0.987448
0.987448
0.987448
0.987448
0.987448
0.987448
0.987448
0.987448
0.987448
0.987448
0.987448
0.987448
0.987448
0.987448
0.987448
0.987448
0.987448
0.987448
0.987448
0.987448
0.987448
0.987448
0.987448
0.987448
0.987448
0.987448
0.987448
0.987448
0.987448
0.987448
0.987448
0.987448
0.987448
0.987448
0.987448
0.987448
0.987448
0.987448
0.987448
0.987448
0.987448
0.987448
0.987448
0.987448
0.987448
0.987448
0.987448
0.987448
0.987448
0.987448
0.987448
0.987448
0.987448
0.987448
0.987448
0.987448
0.987448
0.987448
0.987448
0.987448
0.987448
0.987448
0.987448
0.987448
0.987448
0.987448
0.987448
0.987448
0.987448
0.987448
0.987448
0.987448
0.987448
0.987448
0.987448
0.987448
0.987448
0.987448
0.987448
0.987448
0.987448
0.987448
0.987448
0.987448
0.987448
0.987448
0.987448
0.987448
0.987448
0.987448
0.987448
0.987448
0.987448
0.987448
0.987448
0.987448
0.987448
0.987448
0.987448
0.987448
0.987448
0.987448
0.987448
0.987448
0.987448
0.987448
0.987448
0.987448
0.987448
0.987448
0.987448
0.987448
0.987448
0.987448
0.987448
0.987448
0.987448
0.987448
0.987448
0.987448
0.987448
0.987448
0.987448
0.987448
0.987448
0.987448
0.987448
0.987448
0.987448
0.987448
0.987448
0.987448
0.987448
0.987448
0.987448
0.987448
0.987448
0.987448
0.987448
0.987448
0.987448
0.987448
0.987448
0.987448
