0.107321
0.248799
0.352663
0.223198
0.239799
0.260468
0.278994
0.295845
0.311362
0.325794
0.339338
0.352161
0.364406
0.376178
0.387558
0.398662
0.409635
0.420660
0.432034
0.444554
0.455489
0.461596
0.466924
0.472292
0.477712
0.483183
0.488703
0.494271
0.499884
0.505542
0.511241
0.516982
0.522761
0.528578
0.534429
0.540314
0.546229
0.552173
0.558144
0.564336
0.570216
0.576132
0.582074
0.588037
0.594019
0.600017
0.606029
0.612051
0.618081
0.624116
0.630153
0.636190
0.642224
0.648252
0.654272
0.660280
0.666275
0.672254
0.678214
0.684153
0.690067
0.695955
0.701813
0.707640
0.713434
0.719191
0.724909
0.730586
0.736220
0.741809
0.747350
0.752842
0.758282
0.763669
0.769000
0.774274
0.779489
0.784644
0.789737
0.794766
0.799730
0.804627
0.809457
0.814218
0.818908
0.823528
0.828076
0.832550
0.836951
0.841277
0.845529
0.849704
0.853803
0.857826
0.861772
0.865640
0.869431
0.873145
0.876781
0.880340
0.883821
0.887224
0.890551
0.893801
0.896975
0.900072
0.903094
0.906041
0.908914
0.911713
0.914439
0.917092
0.919674
0.922185
0.924626
0.926998
0.929302
0.931539
0.933710
0.935816
0.937857
0.939836
0.941752
0.943608
0.945405
0.947142
0.948823
0.950447
0.952016
0.953532
0.954995
0.956407
0.957768
0.959080
0.960345
0.961563
0.962736
0.963865
0.964951
0.965994
0.966998
0.967962
0.968887
0.969775
0.970628
0.971445
0.972228
0.972979
0.973698
0.974386
0.975045
0.975675
0.976277
0.976853
0.977403
0.977928
0.978429
0.978907
0.979362
0.979797
0.980211
0.980605
0.980980
0.981337
0.981677
0.982000
0.982307
0.982598
0.982875
0.983138
0.983387
0.983623
0.983847
0.984059
0.984260
0.984450
0.984630
0.984800
0.984961
0.985113
0.985257
0.985393
0.985521
0.985641
0.985755
0.985862
0.985964
0.986059
0.986148
0.986233
0.986312
0.986387
0.986457
0.986522
0.986584
0.986642
0.986697
0.986748
0.986796
0.986840
0.986882
0.986922
0.986958
0.986993
0.987025
0.987055
0.987083
0.987109
0.987134
0.987156
0.987178
0.987197
0.987216
0.987233
0.987249
0.987264
0.987278
0.987291
0.987303
0.987314
0.987324
0.987334
0.987343
0.987351
0.987359
0.987366
0.987372
0.987378
0.987384
0.987389
0.987394
0.987398
0.987403
0.987406
0.987410
0.987413
0.987416
0.987419
0.987421
0.987424
0.987426
0.987428
0.987430
0.987431
0.987433
0.987434
0.987435
0.987437
0.987438
0.987439
0.987440
0.987440
0.987441
0.987442
0.987443
0.987443
0.987444
0.987444
0.987445
0.987445
0.987445
0.987446
0.987446
0.987446
0.987447
0.987447
0.987447
0.987447
0.987447
0.987448
0.987448
0.987448
0.987448
0.987448
0.987448
0.987448
0.987448
0.987449
0.987449
0.987449
0.987449
0.987449
0.987449
0.987449
0.987449
0.987449
0.987449
0.987449
0.987449
0.987449
0.987449
0.987449
0.987449
0.987449
0.987449
0.987449
0.987449
0.987449
0.987449
0.987449
0.987449
0.987449
0.987449
0.987449
0.987449
0.987449
0.987449
0.987449
0.987449
0.987449
0.987449
0.987449
0.987449
0.987449
0.987449
0.987449
0.987449
0.987449
0.987449
0.987449
0.987449
0.987449
0.987449
0.987449
0.987449
0.987449
0.987449
0.987449
0.987449
0.987449
0.987449
0.987449
0.987449
0.987449
0.987449
0.987449
0.987449
0.987449
0.987449
0.987449
0.987449
0.987449
0.987449
0.987449
0.987449
0.987449
0.987449
0.987449
0.987449
0.987449
0.987449
0.987449
0.987449
0.987449
0.987449
0.987449
0.987449
0.987449
0.987449
0.987449
0.987449
0.987449
0.987449
0.987449
0.987449
0.987449
0.987449
0.987449
0.987449
0.987449
0.987449
0.987449
0.987449
0.987449
0.987449
0.987449
0.987449
0.987449
0.987449
0.987449
0.987449
0.987449
0.987449
0.987449
0.987449
0.987449
0.987449
0.987449
0.987449
0.987449
0.987449
0.987449
0.987449
0.987449
0.987449
0.987449
0.987449
0.987449
0.987449
0.987449
0.987449
0.987449
0.987449
0.987449
0.987449
0.987449
0.987449
0.987449
0.987449
0.987449
0.987449
0.987449
0.987449
0.987449
0.987449
0.987449
0.987449
0.987449
0.987449
0.987449
0.987449
0.987449
0.987449
0.987449
0.987449
0.987449
0.987449
0.987449
0.987449
0.987449
0.987449
0.987449
0.987449
0.987449
0.987449
0.987449
0.987449
0.987449
0.987449
0.987449
0.987449
0.987449
0.987449
0.987449
0.987449
0.987449
0.987449
0.987449
0.987449
0.987449
0.987449
0.987449
0.987449
0.987449
0.987449
0.987449
0.987449
0.987449
0.987449
0.987449
0.987449
0.987449
0.987449
0.987449
0.987449
0.987449
0.987449
0.987449
0.987449
0.987449
0.987449
0.987449
0.987449
0.987449
0.987449
0.987449
0.987449
0.987449
0.987449
0.987449
0.987449
0.987449
0.987449
0.987449
0.987449
0.987449
0.987449
0.987449
0.987449
0.987449
0.987449
0.987449
0.987449
0.987449
0.987449
0.987449
0.987449
0.987449
0.987449
0.987449
0.987449
0.987449
0.987449
0.987449
0.987449
0.987449
0.987449
0.987449
0.987449
0.987449
0.987449
0.987449
0.987449
0.987449
0.987449
0.987449
0.987449
0.987449
0.987449
0.987449
0.987449
0.987449
0.987449
0.987449
0.987449
0.987449
0.987449
0.987449
0.987449
0.987449
0.987449
0.987449
0.987449
0.987449
0.987449
0.987449
0.987449
0.987449
0.987449
0.987449
0.987449
0.987449
0.987449
0.987449
0.987449
0.987449
0.987449
0.987449
0.987449
0.987449
0.987449
0.987449
0.987449
0.987449
0.987449
0.987449
0.987449
0.987449
0.987449
0.987449
0.987449
0.987449
0.987449
0.987449
0.987449
0.987449
0.987449
0.987449
0.987449
0.987449
0.987449
0.987449
0.987449
0.987449
0.987449
0.987449
0.987449
0.987449
0.987449
0.987449
0.987449
0.987449
0.987449
0.987449
0.987449
0.987449
0.987449
0.987449
0.987449
0.987449
0.987449
0.987449
0.987449
0.987449
0.987449
0.987449
0.987449
0.987449
0.987449
0.987449
