0.017328
0.036879
0.057142
0.078638
0.102758
0.133422
0.173043
0.214836
0.247312
0.266434
0.277404
0.278721
0.279326
0.280918
0.282870
0.284846
0.286816
0.288780
0.290738
0.292690
0.294636
0.296576
0.298509
0.300437
0.302359
0.304275
0.306186
0.308091
0.309990
0.311884
0.313772
0.315655
0.317533
0.319405
0.321272
0.323134
0.324991
0.326843
0.328690
0.330575
0.332259
0.333938
0.335613
0.337285
0.338952
0.340615
0.342274
0.343929
0.345581
0.347228
0.348871
0.350510
0.352146
0.353778
0.355405
0.357029
0.358649
0.360266
0.361878
0.363487
0.365092
0.366693
0.368291
0.369885
0.371475
0.373062
0.374645
0.376224
0.377800
0.379372
0.380941
0.382506
0.384067
0.385625
0.387180
0.388731
0.390278
0.391823
0.393363
0.394901
0.396435
0.397965
0.399493
0.401017
0.402537
0.404055
0.405569
0.407080
0.408587
0.410092
0.411593
0.413091
0.414586
0.416078
0.417567
0.419052
0.420535
0.422015
0.423491
0.424964
0.426435
0.427902
0.429367
0.430829
0.432287
0.433743
0.435196
0.436646
0.438093
0.439538
0.440980
0.442418
0.443855
0.445288
0.446719
0.448147
0.449572
0.450995
0.452415
0.453832
0.455247
0.456659
0.458069
0.459476
0.460880
0.462283
0.463682
0.465080
0.466474
0.467867
0.469257
0.470644
0.472030
0.473413
0.474793
0.476171
0.477548
0.478921
0.480293
0.481662
0.483030
0.484395
0.485757
0.487118
0.488477
0.489833
0.491188
0.492540
0.493891
0.495239
0.496585
0.497930
0.499272
0.500613
0.501952
0.503288
0.504623
0.505956
0.507287
0.508617
0.509944
0.511270
0.512594
0.513917
0.515237
0.516556
0.517873
0.519189
0.520503
0.521815
0.523126
0.524435
0.525743
0.527049
0.528353
0.529656
0.530958
0.532258
0.533556
0.534854
0.536149
0.537444
0.538737
0.540028
0.541318
0.542607
0.543895
0.545181
0.546466
0.547750
0.549033
0.550314
0.551594
0.552873
0.554151
0.555428
0.556703
0.557977
0.559251
0.560523
0.561794
0.563064
0.564333
0.565601
0.566868
0.568134
0.569398
0.570662
0.571925
0.573188
0.574449
0.575709
0.576968
0.578227
0.579484
0.580741
0.581997
0.583252
0.584506
0.585760
0.587012
0.588264
0.589516
0.590766
0.592016
0.593265
0.594513
0.595760
0.597007
0.598253
0.599499
0.600743
0.601988
0.603231
0.604474
0.605716
0.606958
0.608199
0.609440
0.610680
0.611919
0.613158
0.614396
0.615634
0.616871
0.618108
0.619344
0.620580
0.621815
0.623049
0.624284
0.625517
0.626751
0.627983
0.629216
0.630448
0.631679
0.632910
0.634141
0.635371
0.636600
0.637830
0.639059
0.640287
0.641515
0.642743
0.643970
0.645197
0.646423
0.647649
0.648875
0.650100
0.651325
0.652550
0.653774
0.654998
0.656221
0.657444
0.658667
0.659889
0.661111
0.662333
0.663554
0.664775
0.665995
0.667215
0.668435
0.669654
0.670873
0.672092
0.673310
0.674528
0.675745
0.676962
0.678179
0.679395
0.680611
0.681826
0.683041
0.684256
0.685470
0.686683
0.687897
0.689110
0.690322
0.691534
0.692746
0.693957
0.695167
0.696378
0.697587
0.698796
0.700005
0.701213
0.702421
0.703628
0.704835
0.706041
0.707247
0.708452
0.709656
0.710860
0.712064
0.713266
0.714469
0.715670
0.716871
0.718071
0.719271
0.720470
0.721668
0.722866
0.724063
0.725259
0.726455
0.727650
0.728844
0.730037
0.731230
0.732422
0.733613
0.734803
0.735993
0.737181
0.738369
0.739556
0.740742
0.741927
0.743111
0.744294
0.745477
0.746658
0.747838
0.749018
0.750196
0.751373
0.752550
0.753725
0.754899
0.756072
0.757245
0.758415
0.759585
0.760754
0.761921
0.763087
0.764252
0.765416
0.766579
0.767740
0.768900
0.770059
0.771216
0.772372
0.773527
0.774680
0.775832
0.776982
0.778131
0.779279
0.780425
0.781569
0.782712
0.783854
0.784994
0.786132
0.787269
0.788404
0.789537
0.790669
0.791799
0.792927
0.794054
0.795179
0.796302
0.797423
0.798542
0.799660
0.800776
0.801890
0.803001
0.804112
0.805220
0.806326
0.807430
0.808532
0.809632
0.810730
0.811826
0.812920
0.814011
0.815101
0.816188
0.817273
0.818356
0.819437
0.820515
0.821592
0.822666
0.823737
0.824806
0.825873
0.826938
0.828000
0.829059
0.830116
0.831171
0.832223
0.833273
0.834320
0.835364
0.836406
0.837445
0.838482
0.839516
0.840547
0.841576
0.842602
0.843625
0.844646
0.845663
0.846678
0.847690
0.848699
0.849706
0.850709
0.851710
0.852707
0.853702
0.854694
0.855682
0.856668
0.857651
0.858630
0.859607
0.860580
0.861551
0.862518
0.863482
0.864443
0.865401
0.866355
0.867307
0.868255
0.869199
0.870141
0.871079
0.872014
0.872946
0.873874
0.874799
0.875721
0.876639
0.877554
0.878465
0.879373
0.880277
0.881178
0.882076
0.882970
0.883860
0.884747
0.885630
0.886510
0.887386
0.888259
0.889128
0.889993
0.890855
0.891713
0.892567
0.893418
0.894265
0.895108
0.895948
0.896783
0.897616
0.898444
0.899268
0.900089
0.900906
0.901719
0.902529
0.903334
0.904136
0.904934
0.905728
0.906518
0.907305
0.908087
0.908866
0.909640
0.910411
0.911178
0.911941
0.912700
0.913455
0.914206
0.914954
0.915697
0.916436
0.917171
0.917903
0.918630
0.919353
0.920073
0.920788
0.921500
0.922207
0.922910
0.923610
0.924305
0.924997
0.925684
0.926367
0.927047
0.927722
0.928393
0.929060
0.929723
0.930383
0.931038
0.931689
0.932336
0.932979
0.933618
0.934253
0.934884
0.935511
0.936134
0.936752
0.937367
0.937978
0.938585
0.939187
0.939786
0.940381
0.940972
0.941558
0.942141
0.942720
0.943294
0.943865
0.944432
0.944995
0.945553
0.946108
0.946659
0.947206
0.947749
0.948288
0.948823
0.949354
0.949881
0.950404
0.950923
0.951439
0.951950
0.952458
0.952962
0.953462
0.953958
0.954450
0.954938
0.955423
0.955903
0.956380
0.956853
0.957322
0.957788
0.958249
0.958707
0.959161
0.959612
0.960059
0.960502
0.960941
0.961376
0.961808
0.962237
