0.009881
0.021386
0.035722
0.043005
0.048937
0.055340
0.062294
0.069910
0.078321
0.087689
0.098197
0.110082
0.123669
0.139396
0.157862
0.179901
0.206813
0.240404
0.281953
0.327731
0.358363
0.344069
0.306607
0.293997
0.295090
0.297351
0.299645
0.301952
0.304271
0.306602
0.308944
0.311297
0.313661
0.316036
0.318421
0.320818
0.323225
0.325644
0.328074
0.330551
0.332805
0.335091
0.337392
0.339706
0.342034
0.344376
0.346731
0.349099
0.351482
0.353878
0.356288
0.358713
0.361151
0.363604
0.366071
0.368553
0.371048
0.373558
0.376083
0.378622
0.381176
0.383744
0.386327
0.388924
0.391535
0.394161
0.396802
0.399457
0.402126
0.404810
0.407507
0.410219
0.412945
0.415684
0.418438
0.421205
0.423985
0.426780
0.429587
0.432407
0.435240
0.438087
0.440945
0.443816
0.446699
0.449595
0.452502
0.455420
0.458350
0.461291
0.464242
0.467205
0.470177
0.473160
0.476152
0.479154
0.482165
0.485185
0.488213
0.491250
0.494295
0.497348
0.500408
0.503475
0.506549
0.509629
0.512715
0.515808
0.518905
0.522008
0.525115
0.528226
0.531342
0.534461
0.537584
0.540710
0.543838
0.546968
0.550101
0.553235
0.556370
0.559506
0.562642
0.565778
0.568915
0.572050
0.575185
0.578318
0.581450
0.584579
0.587706
0.590830
0.593952
0.597070
0.600184
0.603293
0.606399
0.609500
0.612595
0.615685
0.618769
0.621847
0.624919
0.627984
0.631042
0.634092
0.637135
0.640170
0.643197
0.646215
0.649224
0.652224
0.655215
0.658196
0.661167
0.664127
0.667078
0.670017
0.672946
0.675863
0.678769
0.681663
0.684546
0.687416
0.690274
0.693119
0.695951
0.698771
0.701577
0.704370
0.707149
0.709914
0.712666
0.715403
0.718127
0.720835
0.723530
0.726209
0.728874
0.731523
0.734158
0.736777
0.739380
0.741968
0.744541
0.747098
0.749639
0.752164
0.754672
0.757165
0.759642
0.762102
0.764545
0.766973
0.769383
0.771778
0.774155
0.776516
0.778860
0.781187
0.783497
0.785791
0.788068
0.790327
0.792570
0.794795
0.797004
0.799196
0.801370
0.803528
0.805668
0.807792
0.809898
0.811987
0.814060
0.816115
0.818153
0.820174
0.822179
0.824166
0.826137
0.828090
0.830027
0.831947
0.833850
0.835737
0.837606
0.839459
0.841296
0.843116
0.844920
0.846707
0.848477
0.850232
0.851970
0.853692
0.855398
0.857088
0.858761
0.860419
0.862061
0.863688
0.865298
0.866893
0.868473
0.870037
0.871585
0.873118
0.874636
0.876139
0.877627
0.879100
0.880558
0.882001
0.883430
0.884844
0.886243
0.887628
0.888999
0.890355
0.891697
0.893026
0.894340
0.895640
0.896927
0.898200
0.899459
0.900705
0.901938
0.903157
0.904363
0.905556
0.906736
0.907903
0.909057
0.910199
0.911328
0.912444
0.913548
0.914640
0.915720
0.916788
0.917843
0.918887
0.919919
0.920939
0.921948
0.922945
0.923931
0.924905
0.925869
0.926821
0.927762
0.928692
0.929612
0.930521
0.931419
0.932307
0.933184
0.934051
0.934908
0.935755
0.936592
0.937418
0.938235
0.939042
0.939840
0.940628
0.941407
0.942176
0.942936
0.943686
0.944428
0.945161
0.945885
0.946599
0.947306
0.948003
0.948692
0.949373
0.950045
0.950709
0.951365
0.952012
0.952652
0.953283
0.953907
0.954523
0.955131
0.955732
0.956325
0.956911
0.957489
0.958060
0.958624
0.959181
0.959730
0.960273
0.960808
0.961337
0.961859
0.962375
0.962884
0.963386
0.963882
0.964371
0.964855
0.965332
0.965802
0.966267
0.966726
0.967178
0.967625
0.968066
0.968501
0.968931
0.969355
0.969773
0.970186
0.970593
0.970995
0.971392
0.971784
0.972170
0.972551
0.972927
0.973298
0.973665
0.974026
0.974382
0.974734
0.975081
0.975424
0.975761
0.976095
0.976423
0.976748
0.977068
0.977383
0.977695
0.978002
0.978305
0.978604
0.978899
0.979189
0.979476
0.979759
0.980038
0.980314
0.980585
0.980853
0.981117
0.981377
0.981634
0.981888
0.982137
0.982384
0.982627
0.982866
0.983103
0.983336
0.983565
0.983792
0.984015
0.984236
0.984453
0.984667
0.984878
0.985087
0.985292
0.985494
0.985694
0.985891
0.986085
0.986276
0.986465
0.986650
0.986834
0.987014
0.987193
0.987368
0.987541
0.987712
0.987880
0.988046
0.988209
0.988370
0.988529
0.988686
0.988840
0.988992
0.989142
0.989290
0.989435
0.989579
0.989720
0.989860
0.989997
0.990133
0.990266
0.990397
0.990527
0.990655
0.990781
0.990905
0.991027
0.991147
0.991266
0.991383
0.991498
0.991612
0.991724
0.991834
0.991943
0.992050
0.992155
0.992259
0.992361
0.992462
0.992561
0.992659
0.992756
0.992851
0.992944
0.993037
0.993128
0.993217
0.993305
0.993392
0.993478
0.993562
0.993645
0.993727
0.993807
0.993887
0.993965
0.994042
0.994118
0.994192
0.994266
0.994338
0.994410
0.994480
0.994549
0.994618
0.994685
0.994751
0.994816
0.994880
0.994943
0.995006
0.995067
0.995127
0.995187
0.995245
0.995303
0.995359
0.995415
0.995470
0.995524
0.995578
0.995630
0.995682
0.995733
0.995783
0.995832
0.995881
0.995929
0.995976
0.996022
0.996068
0.996113
0.996157
0.996201
0.996244
0.996286
0.996328
0.996368
0.996409
0.996448
0.996487
0.996526
0.996564
0.996601
0.996638
0.996674
0.996709
0.996744
0.996779
0.996812
0.996846
0.996879
0.996911
0.996943
0.996974
0.997005
0.997035
0.997065
0.997094
0.997123
0.997151
0.997179
0.997207
0.997234
0.997261
0.997287
0.997313
0.997338
0.997363
0.997388
0.997412
0.997436
0.997459
0.997482
0.997505
0.997527
0.997549
0.997571
0.997592
0.997613
0.997633
0.997654
0.997674
0.997693
0.997712
0.997731
0.997750
0.997768
0.997786
0.997804
0.997822
0.997839
0.997856
0.997872
0.997889
0.997905
0.997921
0.997936
0.997951
0.997966
0.997981
0.997996
0.998010
0.998024
0.998038
0.998052
0.998065
0.998078
0.998091
0.998104
0.998117
0.998129
0.998141
0.998153
0.998165
0.998176
0.998188
0.998199
0.998210
0.998220
