0.011735
0.024894
0.038401
0.052543
0.067751
0.085605
0.109419
0.134149
0.167267
0.203371
0.234536
0.256121
0.268388
0.274388
0.277318
0.279235
0.281031
0.282923
0.284883
0.286855
0.288823
0.290785
0.292741
0.294691
0.296635
0.298573
0.300505
0.302432
0.304354
0.306269
0.308180
0.310084
0.311983
0.313877
0.315766
0.317649
0.319527
0.321399
0.323267
0.325181
0.326896
0.328597
0.330293
0.331984
0.333671
0.335353
0.337032
0.338706
0.340376
0.342041
0.343702
0.345359
0.347012
0.348661
0.350305
0.351946
0.353582
0.355214
0.356842
0.358465
0.360085
0.361701
0.363312
0.364919
0.366523
0.368122
0.369717
0.371308
0.372895
0.374478
0.376058
0.377633
0.379204
0.380771
0.382334
0.383894
0.385449
0.387000
0.388548
0.390091
0.391631
0.393167
0.394699
0.396227
0.397751
0.399272
0.400788
0.402301
0.403810
0.405315
0.406816
0.408314
0.409808
0.411298
0.412784
0.414267
0.415746
0.417221
0.418693
0.420160
0.421625
0.423085
0.424542
0.425995
0.427445
0.428890
0.430333
0.431772
0.433207
0.434638
0.436066
0.437491
0.438911
0.440329
0.441743
0.443153
0.444560
0.445963
0.447363
0.448759
0.450152
0.451541
0.452927
0.454310
0.455689
0.457064
0.458437
0.459806
0.461171
0.462533
0.463892
0.465247
0.466599
0.467948
0.469294
0.470636
0.471975
0.473310
0.474642
0.475971
0.477297
0.478619
0.479939
0.481255
0.482568
0.483877
0.485184
0.486487
0.487787
0.489084
0.490377
0.491668
0.492955
0.494240
0.495521
0.496799
0.498074
0.499346
0.500615
0.501880
0.503143
0.504403
0.505659
0.506913
0.508164
0.509411
0.510656
0.511897
0.513136
0.514372
0.515604
0.516834
0.518061
0.519285
0.520506
0.521724
0.522939
0.524152
0.525361
0.526568
0.527772
0.528973
0.530171
0.531366
0.532558
0.533748
0.534935
0.536119
0.537300
0.538479
0.539654
0.540827
0.541998
0.543165
0.544330
0.545492
0.546652
0.547809
0.548963
0.550114
0.551263
0.552409
0.553553
0.554693
0.555832
0.556967
0.558100
0.559231
0.560359
0.561484
0.562607
0.563727
0.564845
0.565960
0.567073
0.568183
0.569291
0.570396
0.571498
0.572599
0.573696
0.574792
0.575884
0.576975
0.578063
0.579149
0.580232
0.581313
0.582391
0.583467
0.584541
0.585612
0.586681
0.587748
0.588812
0.589874
0.590934
0.591991
0.593046
0.594099
0.595150
0.596198
0.597244
0.598288
0.599329
0.600369
0.601406
0.602441
0.603474
0.604504
0.605533
0.606559
0.607583
0.608605
0.609625
0.610642
0.611658
0.612672
0.613683
0.614692
0.615699
0.616704
0.617707
0.618708
0.619707
0.620704
0.621699
0.622692
0.623683
0.624672
0.625659
0.626643
0.627626
0.628607
0.629586
0.630563
0.631538
0.632512
0.633483
0.634452
0.635420
0.636385
0.637349
0.638311
0.639271
0.640229
0.641185
0.642139
0.643092
0.644042
0.644991
0.645938
0.646884
0.647827
0.648769
0.649709
0.650647
0.651583
0.652518
0.653451
0.654382
0.655312
0.656240
0.657166
0.658090
0.659013
0.659934
0.660853
0.661771
0.662687
0.663601
0.664514
0.665425
0.666334
0.667242
0.668149
0.669053
0.669956
0.670858
0.671758
0.672656
0.673553
0.674448
0.675342
0.676234
0.677124
0.678013
0.678901
0.679787
0.680672
0.681555
0.682436
0.683316
0.684195
0.685072
0.685948
0.686822
0.687695
0.688566
0.689436
0.690305
0.691172
0.692038
0.692902
0.693765
0.694627
0.695487
0.696346
0.697203
0.698059
0.698914
0.699767
0.700619
0.701470
0.702320
0.703168
0.704014
0.704860
0.705704
0.706547
0.707389
0.708229
0.709068
0.709906
0.710742
0.711578
0.712412
0.713245
0.714076
0.714906
0.715736
0.716563
0.717390
0.718216
0.719040
0.719863
0.720685
0.721506
0.722325
0.723143
0.723961
0.724777
0.725592
0.726405
0.727218
0.728029
0.728840
0.729649
0.730457
0.731264
0.732070
0.732874
0.733678
0.734481
0.735282
0.736082
0.736882
0.737680
0.738477
0.739273
0.740068
0.740862
0.741654
0.742446
0.743237
0.744027
0.744815
0.745603
0.746389
0.747175
0.747959
0.748743
0.749525
0.750307
0.751087
0.751867
0.752645
0.753422
0.754199
0.754974
0.755749
0.756522
0.757295
0.758066
0.758837
0.759606
0.760375
0.761142
0.761909
0.762675
0.763439
0.764203
0.764966
0.765728
0.766489
0.767249
0.768008
0.768766
0.769523
0.770279
0.771034
0.771789
0.772542
0.773295
0.774046
0.774797
0.775546
0.776295
0.777043
0.777790
0.778536
0.779281
0.780025
0.780769
0.781511
0.782252
0.782993
0.783733
0.784471
0.785209
0.785946
0.786682
0.787417
0.788152
0.788885
0.789617
0.790349
0.791080
0.791809
0.792538
0.793266
0.793993
0.794719
0.795444
0.796169
0.796892
0.797615
0.798337
0.799057
0.799777
0.800496
0.801214
0.801931
0.802648
0.803363
0.804078
0.804791
0.805504
0.806216
0.806927
0.807637
0.808346
0.809054
0.809761
0.810468
0.811173
0.811878
0.812582
0.813284
0.813986
0.814687
0.815387
0.816086
0.816785
0.817482
0.818178
0.818874
0.819568
0.820262
0.820954
0.821646
0.822337
0.823027
0.823716
0.824404
0.825091
0.825777
0.826462
0.827147
0.827830
0.828512
0.829194
0.829874
0.830554
0.831232
0.831910
0.832587
0.833262
0.833937
0.834611
0.835284
0.835955
0.836626
0.837296
0.837965
0.838633
0.839299
0.839965
0.840630
0.841294
0.841957
0.842619
0.843279
0.843939
0.844598
0.845256
0.845913
0.846568
0.847223
0.847877
0.848529
0.849181
0.849831
0.850481
0.851129
0.851777
0.852423
0.853068
0.853712
0.854355
0.854997
0.855638
0.856278
0.856917
0.857554
0.858191
0.858826
0.859461
0.860094
0.860726
0.861357
0.861987
0.862616
0.863243
0.863870
0.864495
0.865119
0.865742
0.866364
0.866985
0.867604
0.868223
0.868840
0.869456
0.870071
0.870684
0.871297
0.871908
0.872518
0.873127
0.873734
0.874341
0.874946
0.875550
0.876153
0.876754
0.877354
0.877953
0.878551
0.879148
