0.032594
0.070147
0.111327
0.159668
0.205215
0.226261
0.226571
0.226153
0.232156
0.240648
0.248966
0.257059
0.265100
0.273356
0.282777
0.290688
0.293160
0.295116
0.297065
0.299009
0.300948
0.302883
0.304812
0.306737
0.308657
0.310573
0.312484
0.314390
0.316292
0.318189
0.320083
0.321972
0.323858
0.325739
0.327617
0.329491
0.331361
0.333228
0.335092
0.336983
0.338670
0.340366
0.342061
0.343754
0.345444
0.347133
0.348819
0.350503
0.352186
0.353866
0.355545
0.357222
0.358897
0.360570
0.362242
0.363913
0.365582
0.367249
0.368915
0.370580
0.372243
0.373905
0.375567
0.377227
0.378886
0.380544
0.382201
0.383857
0.385512
0.387167
0.388821
0.390474
0.392126
0.393779
0.395430
0.397081
0.398732
0.400383
0.402033
0.403683
0.405333
0.406983
0.408633
0.410283
0.411933
0.413583
0.415233
0.416884
0.418535
0.420186
0.421838
0.423490
0.425142
0.426796
0.428450
0.430104
0.431759
0.433416
0.435073
0.436730
0.438389
0.440049
0.441710
0.443372
0.445035
0.446700
0.448365
0.450032
0.451700
0.453370
0.455041
0.456714
0.458388
0.460064
0.461742
0.463421
0.465102
0.466784
0.468469
0.470155
0.471844
0.473534
0.475226
0.476920
0.478617
0.480315
0.482016
0.483718
0.485423
0.487131
0.488840
0.490552
0.492266
0.493983
0.495702
0.497423
0.499147
0.500874
0.502603
0.504334
0.506068
0.507805
0.509544
0.511287
0.513031
0.514779
0.516529
0.518282
0.520038
0.521796
0.523558
0.525322
0.527089
0.528859
0.530631
0.532407
0.534185
0.535967
0.537751
0.539538
0.541328
0.543121
0.544917
0.546716
0.548518
0.550322
0.552130
0.553940
0.555754
0.557570
0.559389
0.561211
0.563036
0.564864
0.566695
0.568529
0.570365
0.572204
0.574046
0.575891
0.577739
0.579589
0.581443
0.583298
0.585157
0.587018
0.588882
0.590749
0.592618
0.594489
0.596364
0.598240
0.600119
0.602001
0.603885
0.605771
0.607660
0.609551
0.611444
0.613339
0.615237
0.617136
0.619038
0.620942
0.622848
0.624755
0.626665
0.628576
0.630489
0.632404
0.634321
0.636239
0.638159
0.640080
0.642003
0.643927
0.645852
0.647779
0.649707
0.651635
0.653566
0.655497
0.657429
0.659362
0.661295
0.663230
0.665165
0.667101
0.669037
0.670973
0.672911
0.674848
0.676786
0.678723
0.680661
0.682599
0.684537
0.686474
0.688412
0.690349
0.692285
0.694221
0.696157
0.698092
0.700026
0.701959
0.703892
0.705823
0.707753
0.709682
0.711610
0.713537
0.715462
0.717386
0.719308
0.721228
0.723146
0.725063
0.726978
0.728890
0.730800
0.732709
0.734614
0.736518
0.738419
0.740317
0.742212
0.744105
0.745994
0.747881
0.749765
0.751645
0.753522
0.755396
0.757266
0.759133
0.760996
0.762856
0.764711
0.766562
0.768410
0.770253
0.772092
0.773927
0.775758
0.777583
0.779405
0.781221
0.783033
0.784840
0.786642
0.788439
0.790231
0.792017
0.793798
0.795574
0.797344
0.799109
0.800868
0.802621
0.804368
0.806110
0.807845
0.809574
0.811297
0.813014
0.814725
0.816429
0.818126
0.819817
0.821501
0.823178
0.824849
0.826512
0.828169
0.829818
0.831461
0.833096
0.834723
0.836344
0.837957
0.839562
0.841160
0.842750
0.844333
0.845908
0.847474
0.849033
0.850584
0.852127
0.853662
0.855188
0.856707
0.858217
0.859719
0.861212
0.862697
0.864173
0.865641
0.867100
0.868551
0.869993
0.871426
0.872850
0.874265
0.875672
0.877070
0.878458
0.879838
0.881208
0.882570
0.883922
0.885265
0.886599
0.887924
0.889239
0.890546
0.891842
0.893130
0.894408
0.895677
0.896936
0.898186
0.899426
0.900657
0.901879
0.903090
0.904293
0.905486
0.906669
0.907842
0.909007
0.910161
0.911306
0.912441
0.913567
0.914683
0.915789
0.916886
0.917973
0.919051
0.920119
0.921177
0.922226
0.923265
0.924294
0.925314
0.926324
0.927325
0.928316
0.929298
0.930270
0.931233
0.932186
0.933130
0.934064
0.934989
0.935904
0.936810
0.937706
0.938594
0.939472
0.940340
0.941200
0.942050
0.942891
0.943723
0.944545
0.945359
0.946163
0.946959
0.947745
0.948522
0.949291
0.950051
0.950801
0.951543
0.952277
0.953001
0.953717
0.954424
0.955123
0.955813
0.956494
0.957167
0.957832
0.958488
0.959136
0.959776
0.960407
0.961031
0.961646
0.962253
0.962852
0.963444
0.964027
0.964602
0.965170
0.965730
0.966282
0.966827
0.967364
0.967894
0.968416
0.968931
0.969438
0.969938
0.970431
0.970917
0.971396
0.971868
0.972332
0.972790
0.973241
0.973685
0.974123
0.974554
0.974978
0.975395
0.975807
0.976211
0.976610
0.977002
0.977388
0.977767
0.978141
0.978509
0.978870
0.979226
0.979576
0.979920
0.980258
0.980591
0.980918
0.981240
0.981556
0.981866
0.982172
0.982472
0.982766
0.983056
0.983341
0.983620
0.983895
0.984164
0.984429
0.984689
0.984945
0.985195
0.985441
0.985683
0.985920
0.986152
0.986380
0.986604
0.986824
0.987039
0.987251
0.987458
0.987661
0.987860
0.988056
0.988247
0.988435
0.988619
0.988799
0.988976
0.989149
0.989319
0.989485
0.989648
0.989807
0.989963
0.990116
0.990266
0.990412
0.990555
0.990696
0.990833
0.990968
0.991099
0.991228
0.991354
0.991477
0.991597
0.991715
0.991830
0.991943
0.992053
0.992160
0.992265
0.992368
0.992468
0.992567
0.992662
0.992756
0.992847
0.992937
0.993024
0.993109
0.993192
0.993273
0.993352
0.993430
0.993505
0.993579
0.993650
0.993721
0.993789
0.993855
0.993920
0.993984
0.994045
0.994106
0.994164
0.994221
0.994277
0.994331
0.994384
0.994436
0.994486
0.994535
0.994582
0.994629
0.994674
0.994718
0.994761
0.994802
0.994843
0.994882
0.994920
0.994957
0.994994
0.995029
0.995063
0.995097
0.995129
0.995160
0.995191
0.995221
0.995250
0.995278
0.995305
0.995331
0.995357
0.995382
0.995406
0.995430
0.995453
0.995475
0.995496
0.995517
0.995537
0.995557
0.995576
0.995594
0.995612
0.995630
0.995647
0.995663
