0.013922
0.029578
0.045646
0.062447
0.080772
0.103461
0.135139
0.176666
0.220617
0.249507
0.266357
0.274075
0.277078
0.278651
0.280223
0.282052
0.284010
0.285985
0.287955
0.289918
0.291876
0.293827
0.295772
0.297711
0.299644
0.301572
0.303494
0.305409
0.307320
0.309225
0.311124
0.313018
0.314906
0.316789
0.318666
0.320538
0.322405
0.324267
0.326124
0.328024
0.329725
0.331415
0.333100
0.334780
0.336457
0.338129
0.339797
0.341461
0.343120
0.344776
0.346427
0.348074
0.349717
0.351355
0.352990
0.354621
0.356247
0.357869
0.359487
0.361102
0.362712
0.364318
0.365920
0.367518
0.369112
0.370702
0.372288
0.373870
0.375449
0.377023
0.378593
0.380160
0.381722
0.383281
0.384836
0.386387
0.387934
0.389477
0.391016
0.392552
0.394084
0.395612
0.397136
0.398657
0.400173
0.401686
0.403196
0.404701
0.406203
0.407701
0.409196
0.410686
0.412174
0.413657
0.415137
0.416613
0.418086
0.419555
0.421020
0.422482
0.423941
0.425396
0.426847
0.428295
0.429739
0.431180
0.432617
0.434051
0.435481
0.436908
0.438332
0.439752
0.441168
0.442582
0.443992
0.445398
0.446801
0.448201
0.449597
0.450991
0.452380
0.453767
0.455150
0.456530
0.457907
0.459280
0.460651
0.462018
0.463381
0.464742
0.466099
0.467454
0.468805
0.470153
0.471498
0.472839
0.474178
0.475513
0.476846
0.478175
0.479501
0.480824
0.482144
0.483462
0.484776
0.486087
0.487395
0.488700
0.490002
0.491302
0.492598
0.493891
0.495182
0.496469
0.497754
0.499036
0.500315
0.501591
0.502864
0.504134
0.505402
0.506667
0.507929
0.509188
0.510444
0.511698
0.512949
0.514197
0.515443
0.516686
0.517926
0.519163
0.520398
0.521630
0.522860
0.524087
0.525311
0.526533
0.527752
0.528968
0.530182
0.531393
0.532602
0.533809
0.535012
0.536214
0.537412
0.538609
0.539803
0.540994
0.542183
0.543369
0.544554
0.545735
0.546915
0.548092
0.549266
0.550438
0.551608
0.552776
0.553941
0.555104
0.556264
0.557423
0.558579
0.559733
0.560884
0.562033
0.563181
0.564325
0.565468
0.566609
0.567747
0.568883
0.570017
0.571149
0.572279
0.573406
0.574532
0.575655
0.576777
0.577896
0.579013
0.580129
0.581242
0.582353
0.583462
0.584569
0.585675
0.586778
0.587879
0.588978
0.590076
0.591171
0.592265
0.593356
0.594446
0.595534
0.596620
0.597704
0.598786
0.599867
0.600945
0.602022
0.603097
0.604171
0.605242
0.606312
0.607380
0.608446
0.609510
0.610573
0.611634
0.612694
0.613751
0.614807
0.615862
0.616914
0.617965
0.619015
0.620062
0.621109
0.622153
0.623196
0.624237
0.625277
0.626315
0.627352
0.628387
0.629421
0.630453
0.631484
0.632513
0.633540
0.634566
0.635591
0.636614
0.637636
0.638656
0.639675
0.640693
0.641709
0.642723
0.643737
0.644749
0.645759
0.646768
0.647776
0.648783
0.649788
0.650791
0.651794
0.652795
0.653795
0.654794
0.655791
0.656787
0.657782
0.658775
0.659767
0.660758
0.661748
0.662737
0.663724
0.664710
0.665695
0.666679
0.667662
0.668643
0.669623
0.670602
0.671580
0.672557
0.673533
0.674507
0.675481
0.676453
0.677424
0.678394
0.679363
0.680331
0.681298
0.682264
0.683229
0.684192
0.685155
0.686117
0.687077
0.688037
0.688995
0.689953
0.690909
0.691865
0.692819
0.693772
0.694725
0.695676
0.696627
0.697576
0.698525
0.699473
0.700419
0.701365
0.702310
0.703253
0.704196
0.705138
0.706079
0.707019
0.707958
0.708897
0.709834
0.710771
0.711706
0.712641
0.713574
0.714507
0.715439
0.716370
0.717301
0.718230
0.719158
0.720086
0.721013
0.721939
0.722864
0.723788
0.724711
0.725633
0.726555
0.727476
0.728396
0.729315
0.730233
0.731150
0.732067
0.732983
0.733897
0.734812
0.735725
0.736637
0.737549
0.738459
0.739369
0.740278
0.741187
0.742094
0.743001
0.743907
0.744811
0.745716
0.746619
0.747521
0.748423
0.749324
0.750224
0.751123
0.752022
0.752919
0.753816
0.754712
0.755607
0.756502
0.757395
0.758288
0.759179
0.760070
0.760961
0.761850
0.762738
0.763626
0.764513
0.765399
0.766284
0.767168
0.768052
0.768934
0.769816
0.770697
0.771577
0.772456
0.773335
0.774212
0.775089
0.775965
0.776839
0.777713
0.778587
0.779459
0.780330
0.781201
0.782070
0.782939
0.783806
0.784673
0.785539
0.786404
0.787268
0.788132
0.788994
0.789855
0.790715
0.791575
0.792433
0.793291
0.794147
0.795003
0.795858
0.796711
0.797564
0.798416
0.799267
0.800116
0.800965
0.801813
0.802659
0.803505
0.804350
0.805193
0.806036
0.806877
0.807718
0.808557
0.809396
0.810233
0.811069
0.811904
0.812738
0.813571
0.814403
0.815234
0.816063
0.816892
0.817719
0.818545
0.819371
0.820194
0.821017
0.821839
0.822659
0.823478
0.824296
0.825113
0.825929
0.826743
0.827556
0.828368
0.829179
0.829988
0.830796
0.831603
0.832409
0.833213
0.834016
0.834818
0.835618
0.836417
0.837215
0.838011
0.838806
0.839600
0.840392
0.841183
0.841973
0.842761
0.843548
0.844333
0.845117
0.845900
0.846681
0.847461
0.848239
0.849016
0.849791
0.850565
0.851337
0.852108
0.852877
0.853645
0.854411
0.855176
0.855939
0.856701
0.857461
0.858219
0.858976
0.859731
0.860485
0.861237
0.861988
0.862737
0.863484
0.864229
0.864973
0.865715
0.866456
0.867195
0.867932
0.868667
0.869401
0.870133
0.870863
0.871592
0.872318
0.873043
0.873767
0.874488
0.875208
0.875925
0.876641
0.877356
0.878068
0.878779
0.879487
0.880194
0.880899
0.881602
0.882303
0.883003
0.883700
0.884395
0.885089
0.885781
0.886470
0.887158
0.887844
0.888528
0.889210
0.889889
0.890567
0.891243
0.891917
0.892589
0.893259
0.893926
0.894592
0.895256
0.895918
0.896577
0.897235
0.897890
0.898543
0.899194
0.899844
0.900491
0.901135
0.901778
0.902419
0.903057
0.903693
0.904328
0.904960
0.905589
0.906217
0.906842
0.907466
0.908087
0.908705
0.909322
0.909936
