0.084133
0.089608
0.087772
0.105671
0.127383
0.146261
0.162858
0.177654
0.191003
0.203162
0.214336
0.224701
0.234402
0.243543
0.252207
0.260522
0.268627
0.276704
0.285066
0.294547
0.301788
0.304396
0.306395
0.308388
0.310379
0.312370
0.314360
0.316349
0.318338
0.320327
0.322315
0.324303
0.326291
0.328280
0.330269
0.332259
0.334250
0.336242
0.338235
0.340252
0.342060
0.343891
0.345727
0.347566
0.349408
0.351254
0.353104
0.354957
0.356814
0.358675
0.360540
0.362410
0.364284
0.366163
0.368047
0.369936
0.371830
0.373730
0.375635
0.377545
0.379462
0.381384
0.383312
0.385247
0.387188
0.389136
0.391091
0.393052
0.395021
0.396997
0.398980
0.400971
0.402969
0.404976
0.406990
0.409013
0.411043
0.413083
0.415130
0.417187
0.419253
0.421327
0.423411
0.425504
0.427606
0.429719
0.431841
0.433972
0.436114
0.438266
0.440429
0.442601
0.444785
0.446979
0.449183
0.451399
0.453626
0.455864
0.458113
0.460373
0.462646
0.464929
0.467224
0.469532
0.471850
0.474181
0.476524
0.478880
0.481247
0.483627
0.486019
0.488423
0.490840
0.493270
0.495712
0.498167
0.500635
0.503115
0.505609
0.508115
0.510634
0.513166
0.515710
0.518268
0.520839
0.523423
0.526019
0.528629
0.531251
0.533887
0.536535
0.539197
0.541871
0.544557
0.547257
0.549969
0.552694
0.555432
0.558182
0.560944
0.563719
0.566506
0.569305
0.572116
0.574940
0.577775
0.580621
0.583479
0.586349
0.589230
0.592122
0.595025
0.597939
0.600863
0.603798
0.606743
0.609699
0.612664
0.615638
0.618623
0.621616
0.624618
0.627630
0.630649
0.633677
0.636713
0.639757
0.642808
0.645866
0.648931
0.652003
0.655081
0.658165
0.661254
0.664349
0.667449
0.670554
0.673663
0.676776
0.679893
0.683013
0.686136
0.689262
0.692389
0.695519
0.698650
0.701781
0.704914
0.708046
0.711179
0.714311
0.717442
0.720571
0.723698
0.726823
0.729946
0.733065
0.736180
0.739292
0.742399
0.745500
0.748597
0.751687
0.754771
0.757849
0.760919
0.763981
0.767035
0.770080
0.773116
0.776143
0.779159
0.782165
0.785159
0.788142
0.791113
0.794072
0.797018
0.799950
0.802868
0.805772
0.808661
0.811535
0.814394
0.817236
0.820061
0.822869
0.825660
0.828433
0.831188
0.833924
0.836640
0.839337
0.842014
0.844671
0.847306
0.849921
0.852514
0.855085
0.857633
0.860159
0.862662
0.865141
0.867596
0.870028
0.872435
0.874818
0.877175
0.879507
0.881814
0.884095
0.886349
0.888578
0.890780
0.892955
0.895103
0.897224
0.899317
0.901383
0.903421
0.905432
0.907414
0.909368
0.911294
0.913191
0.915060
0.916901
0.918712
0.920496
0.922250
0.923976
0.925672
0.927341
0.928980
0.930590
0.932172
0.933726
0.935250
0.936746
0.938214
0.939653
0.941064
0.942447
0.943802
0.945129
0.946428
0.947700
0.948944
0.950161
0.951352
0.952515
0.953652
0.954762
0.955847
0.956905
0.957938
0.958946
0.959928
0.960886
0.961819
0.962728
0.963614
0.964475
0.965313
0.966129
0.966922
0.967692
0.968441
0.969167
0.969873
0.970558
0.971222
0.971866
0.972490
0.973095
0.973681
0.974248
0.974797
0.975327
0.975841
0.976337
0.976816
0.977278
0.977725
0.978156
0.978571
0.978972
0.979358
0.979729
0.980087
0.980431
0.980763
0.981081
0.981387
0.981681
0.981963
0.982234
0.982494
0.982743
0.982982
0.983210
0.983429
0.983639
0.983839
0.984031
0.984214
0.984389
0.984556
0.984715
0.984867
0.985012
0.985150
0.985281
0.985406
0.985525
0.985638
0.985746
0.985848
0.985945
0.986037
0.986124
0.986207
0.986286
0.986360
0.986430
0.986497
0.986559
0.986619
0.986675
0.986728
0.986778
0.986825
0.986870
0.986911
0.986951
0.986988
0.987023
0.987056
0.987086
0.987115
0.987142
0.987168
0.987192
0.987214
0.987235
0.987255
0.987273
0.987290
0.987306
0.987321
0.987335
0.987348
0.987360
0.987372
0.987382
0.987392
0.987401
0.987410
0.987417
0.987425
0.987432
0.987438
0.987444
0.987449
0.987454
0.987459
0.987463
0.987467
0.987471
0.987474
0.987477
0.987480
0.987483
0.987485
0.987487
0.987490
0.987491
0.987493
0.987495
0.987496
0.987498
0.987499
0.987500
0.987501
0.987502
0.987503
0.987504
0.987505
0.987505
0.987506
0.987506
0.987507
0.987507
0.987508
0.987508
0.987508
0.987509
0.987509
0.987509
0.987510
0.987510
0.987510
0.987510
0.987510
0.987510
0.987511
0.987511
0.987511
0.987511
0.987511
0.987511
0.987511
0.987511
0.987511
0.987511
0.987511
0.987511
0.987511
0.987512
0.987512
0.987512
0.987512
0.987512
0.987512
0.987512
0.987512
0.987512
0.987512
0.987512
0.987512
0.987512
0.987512
0.987512
0.987512
0.987512
0.987512
0.987512
0.987512
0.987512
0.987512
0.987512
0.987512
0.987512
0.987512
0.987512
0.987512
0.987512
0.987512
0.987512
0.987512
0.987512
0.987512
0.987512
0.987512
0.987512
0.987512
0.987512
0.987512
0.987512
0.987512
0.987512
0.987512
0.987512
0.987512
0.987512
0.987512
0.987512
0.987512
0.987512
0.987512
0.987512
0.987512
0.987512
0.987512
0.987512
0.987512
0.987512
0.987512
0.987512
0.987512
0.987512
0.987512
0.987512
0.987512
0.987512
0.987512
0.987512
0.987512
0.987512
0.987512
0.987512
0.987512
0.987512
0.987512
0.987512
0.987512
0.987512
0.987512
0.987512
0.987512
0.987512
0.987512
0.987512
0.987512
0.987512
0.987512
0.987512
0.987512
0.987512
0.987512
0.987512
0.987512
0.987512
0.987512
0.987512
0.987512
0.987512
0.987512
0.987512
0.987512
0.987512
0.987512
0.987512
0.987512
0.987512
0.987512
0.987512
0.987512
0.987512
0.987512
0.987512
0.987512
0.987512
0.987512
0.987512
0.987512
0.987512
0.987512
0.987512
0.987512
0.987512
0.987512
0.987512
0.987512
0.987512
0.987512
0.987512
0.987512
0.987512
0.987512
0.987512
0.987512
0.987512
0.987512
0.987512
0.987512
0.987512
0.987512
0.987512
0.987512
