0.040359
0.087595
0.140618
0.204272
0.284994
0.343847
0.277975
0.236876
0.245391
0.255163
0.264469
0.273419
0.282148
0.290821
0.299672
0.309384
0.319288
0.323476
0.326265
0.329060
0.331878
0.334718
0.337581
0.340466
0.343374
0.346305
0.349260
0.352238
0.355240
0.358267
0.361318
0.364393
0.367493
0.370618
0.373768
0.376944
0.380145
0.383372
0.386624
0.389966
0.393071
0.396225
0.399409
0.402622
0.405864
0.409135
0.412434
0.415761
0.419116
0.422500
0.425911
0.429350
0.432816
0.436310
0.439831
0.443378
0.446952
0.450553
0.454179
0.457831
0.461508
0.465211
0.468938
0.472689
0.476464
0.480262
0.484083
0.487927
0.491792
0.495679
0.499587
0.503516
0.507464
0.511431
0.515418
0.519422
0.523444
0.527482
0.531537
0.535607
0.539692
0.543791
0.547904
0.552029
0.556167
0.560315
0.564474
0.568643
0.572821
0.577007
0.581200
0.585400
0.589606
0.593817
0.598032
0.602251
0.606472
0.610695
0.614919
0.619143
0.623366
0.627587
0.631807
0.636022
0.640234
0.644441
0.648643
0.652837
0.657025
0.661204
0.665374
0.669535
0.673684
0.677823
0.681949
0.686062
0.690161
0.694246
0.698315
0.702368
0.706405
0.710424
0.714424
0.718406
0.722368
0.726310
0.730230
0.734129
0.738005
0.741859
0.745689
0.749494
0.753275
0.757030
0.760759
0.764462
0.768138
0.771786
0.775406
0.778997
0.782559
0.786092
0.789594
0.793067
0.796508
0.799918
0.803297
0.806644
0.809958
0.813240
0.816489
0.819704
0.822887
0.826035
0.829149
0.832230
0.835275
0.838287
0.841263
0.844204
0.847111
0.849982
0.852818
0.855618
0.858383
0.861112
0.863806
0.866464
0.869086
0.871672
0.874223
0.876739
0.879218
0.881662
0.884071
0.886444
0.888781
0.891084
0.893351
0.895584
0.897781
0.899944
0.902072
0.904166
0.906225
0.908251
0.910243
0.912201
0.914125
0.916017
0.917875
0.919701
0.921495
0.923256
0.924985
0.926683
0.928350
0.929985
0.931589
0.933163
0.934707
0.936221
0.937706
0.939161
0.940587
0.941985
0.943355
0.944696
0.946010
0.947297
0.948557
0.949791
0.950998
0.952179
0.953335
0.954466
0.955572
0.956654
0.957711
0.958745
0.959756
0.960743
0.961708
0.962651
0.963571
0.964470
0.965348
0.966205
0.967042
0.967858
0.968655
0.969432
0.970190
0.970930
0.971651
0.972353
0.973038
0.973706
0.974357
0.974991
0.975608
0.976210
0.976795
0.977365
0.977921
0.978461
0.978987
0.979498
0.979996
0.980480
0.980950
0.981408
0.981853
0.982286
0.982706
0.983114
0.983511
0.983896
0.984271
0.984634
0.984987
0.985330
0.985662
0.985985
0.986298
0.986602
0.986896
0.987182
0.987459
0.987728
0.987988
0.988240
0.988485
0.988721
0.988951
0.989173
0.989388
0.989596
0.989798
0.989993
0.990182
0.990365
0.990542
0.990713
0.990878
0.991038
0.991193
0.991342
0.991487
0.991626
0.991761
0.991891
0.992017
0.992139
0.992256
0.992369
0.992479
0.992584
0.992686
0.992784
0.992879
0.992970
0.993059
0.993144
0.993225
0.993304
0.993380
0.993454
0.993524
0.993592
0.993658
0.993721
0.993782
0.993840
0.993896
0.993951
0.994003
0.994053
0.994101
0.994147
0.994192
0.994235
0.994276
0.994316
0.994354
0.994390
0.994425
0.994459
0.994491
0.994523
0.994552
0.994581
0.994609
0.994635
0.994660
0.994685
0.994708
0.994730
0.994752
0.994772
0.994792
0.994811
0.994829
0.994846
0.994862
0.994878
0.994894
0.994908
0.994922
0.994935
0.994948
0.994960
0.994972
0.994983
0.994994
0.995004
0.995014
0.995023
0.995032
0.995041
0.995049
0.995056
0.995064
0.995071
0.995078
0.995084
0.995090
0.995096
0.995102
0.995107
0.995112
0.995117
0.995122
0.995126
0.995131
0.995135
0.995138
0.995142
0.995146
0.995149
0.995152
0.995155
0.995158
0.995161
0.995163
0.995166
0.995168
0.995170
0.995172
0.995174
0.995176
0.995178
0.995180
0.995181
0.995183
0.995185
0.995186
0.995187
0.995189
0.995190
0.995191
0.995192
0.995193
0.995194
0.995195
0.995196
0.995197
0.995197
0.995198
0.995199
0.995200
0.995200
0.995201
0.995201
0.995202
0.995202
0.995203
0.995203
0.995204
0.995204
0.995205
0.995205
0.995205
0.995206
0.995206
0.995206
0.995207
0.995207
0.995207
0.995207
0.995208
0.995208
0.995208
0.995208
0.995208
0.995208
0.995209
0.995209
0.995209
0.995209
0.995209
0.995209
0.995209
0.995210
0.995210
0.995210
0.995210
0.995210
0.995210
0.995210
0.995210
0.995210
0.995210
0.995210
0.995210
0.995210
0.995210
0.995210
0.995211
0.995211
0.995211
0.995211
0.995211
0.995211
0.995211
0.995211
0.995211
0.995211
0.995211
0.995211
0.995211
0.995211
0.995211
0.995211
0.995211
0.995211
0.995211
0.995211
0.995211
0.995211
0.995211
0.995211
0.995211
0.995211
0.995211
0.995211
0.995211
0.995211
0.995211
0.995211
0.995211
0.995211
0.995211
0.995211
0.995211
0.995211
0.995211
0.995211
0.995211
0.995211
0.995211
0.995211
0.995211
0.995211
0.995211
0.995211
0.995211
0.995211
0.995211
0.995211
0.995211
0.995211
0.995211
0.995211
0.995211
0.995211
0.995211
0.995211
0.995211
0.995211
0.995211
0.995211
0.995211
0.995211
0.995211
0.995211
0.995211
0.995211
0.995211
0.995211
0.995211
0.995211
0.995211
0.995211
0.995211
0.995211
0.995211
0.995211
0.995211
0.995211
0.995211
0.995211
0.995211
0.995211
0.995211
0.995211
0.995211
0.995211
0.995211
0.995211
0.995211
0.995211
0.995211
0.995211
0.995211
0.995211
0.995211
0.995211
0.995211
0.995211
0.995211
0.995211
0.995211
0.995211
0.995211
0.995211
0.995211
0.995211
0.995211
0.995211
0.995211
0.995211
0.995211
0.995211
0.995211
0.995211
0.995211
0.995211
0.995211
0.995211
0.995211
0.995211
0.995211
0.995211
0.995211
0.995211
0.995211
0.995211
0.995211
0.995211
0.995211
0.995211
0.995211
0.995211
0.995211
0.995211
0.995211
0.995211
0.995211
0.995211
