0.019692
0.041979
0.065235
0.090112
0.117399
0.148201
0.184767
0.228548
0.270167
0.289668
0.285099
0.280318
0.280006
0.281772
0.283771
0.285769
0.287762
0.289752
0.291739
0.293721
0.295699
0.297674
0.299645
0.301612
0.303576
0.305536
0.307494
0.309448
0.311399
0.313347
0.315292
0.317235
0.319175
0.321113
0.323048
0.324981
0.326912
0.328841
0.330768
0.332723
0.334471
0.336231
0.337992
0.339751
0.341511
0.343270
0.345028
0.346786
0.348544
0.350302
0.352059
0.353817
0.355574
0.357332
0.359089
0.360847
0.362606
0.364364
0.366124
0.367883
0.369644
0.371405
0.373167
0.374929
0.376693
0.378458
0.380223
0.381990
0.383758
0.385527
0.387298
0.389070
0.390843
0.392618
0.394395
0.396173
0.397953
0.399735
0.401519
0.403305
0.405092
0.406882
0.408674
0.410468
0.412265
0.414063
0.415865
0.417668
0.419474
0.421283
0.423094
0.424908
0.426724
0.428543
0.430366
0.432191
0.434018
0.435849
0.437683
0.439520
0.441360
0.443203
0.445049
0.446898
0.448751
0.450607
0.452466
0.454329
0.456195
0.458064
0.459937
0.461813
0.463693
0.465577
0.467463
0.469354
0.471248
0.473146
0.475047
0.476952
0.478860
0.480773
0.482689
0.484608
0.486532
0.488459
0.490389
0.492324
0.494262
0.496204
0.498150
0.500099
0.502052
0.504009
0.505970
0.507934
0.509902
0.511873
0.513848
0.515827
0.517809
0.519795
0.521785
0.523778
0.525775
0.527775
0.529779
0.531786
0.533796
0.535810
0.537828
0.539848
0.541872
0.543899
0.545929
0.547963
0.550000
0.552039
0.554082
0.556127
0.558176
0.560228
0.562282
0.564339
0.566399
0.568461
0.570526
0.572594
0.574664
0.576736
0.578811
0.580888
0.582967
0.585049
0.587132
0.589218
0.591305
0.593395
0.595486
0.597579
0.599673
0.601770
0.603867
0.605966
0.608067
0.610168
0.612271
0.614375
0.616480
0.618585
0.620692
0.622799
0.624907
0.627016
0.629125
0.631235
0.633344
0.635454
0.637564
0.639674
0.641784
0.643894
0.646004
0.648113
0.650221
0.652330
0.654437
0.656544
0.658650
0.660755
0.662858
0.664961
0.667063
0.669163
0.671261
0.673359
0.675454
0.677548
0.679639
0.681729
0.683817
0.685903
0.687986
0.690067
0.692146
0.694222
0.696295
0.698365
0.700433
0.702497
0.704559
0.706617
0.708672
0.710724
0.712772
0.714817
0.716857
0.718895
0.720928
0.722957
0.724982
0.727003
0.729019
0.731031
0.733039
0.735042
0.737040
0.739034
0.741023
0.743006
0.744985
0.746958
0.748926
0.750889
0.752847
0.754798
0.756745
0.758685
0.760620
0.762548
0.764471
0.766388
0.768298
0.770202
0.772100
0.773992
0.775877
0.777755
0.779627
0.781492
0.783350
0.785201
0.787045
0.788882
0.790712
0.792535
0.794350
0.796158
0.797959
0.799752
0.801538
0.803316
0.805086
0.806848
0.808603
0.810349
0.812088
0.813819
0.815541
0.817255
0.818961
0.820659
0.822349
0.824030
0.825703
0.827367
0.829022
0.830669
0.832308
0.833937
0.835558
0.837170
0.838774
0.840368
0.841953
0.843530
0.845097
0.846656
0.848205
0.849745
0.851276
0.852798
0.854311
0.855814
0.857308
0.858793
0.860269
0.861735
0.863192
0.864639
0.866077
0.867505
0.868924
0.870333
0.871733
0.873124
0.874505
0.875876
0.877237
0.878590
0.879932
0.881265
0.882588
0.883902
0.885206
0.886500
0.887785
0.889060
0.890325
0.891581
0.892827
0.894064
0.895291
0.896508
0.897715
0.898913
0.900102
0.901280
0.902449
0.903609
0.904759
0.905899
0.907030
0.908151
0.909263
0.910365
0.911458
0.912541
0.913614
0.914679
0.915734
0.916779
0.917815
0.918842
0.919859
0.920867
0.921866
0.922856
0.923836
0.924807
0.925769
0.926722
0.927666
0.928601
0.929526
0.930443
0.931351
0.932249
0.933139
0.934020
0.934892
0.935755
0.936610
0.937456
0.938293
0.939121
0.939941
0.940753
0.941555
0.942350
0.943136
0.943913
0.944682
0.945443
0.946196
0.946940
0.947676
0.948404
0.949125
0.949836
0.950540
0.951237
0.951925
0.952605
0.953278
0.953942
0.954600
0.955249
0.955891
0.956525
0.957152
0.957771
0.958384
0.958988
0.959586
0.960176
0.960759
0.961335
0.961903
0.962465
0.963020
0.963568
0.964109
0.964643
0.965171
0.965691
0.966205
0.966713
0.967214
0.967708
0.968196
0.968678
0.969153
0.969622
0.970085
0.970542
0.970993
0.971437
0.971876
0.972308
0.972735
0.973156
0.973571
0.973980
0.974384
0.974782
0.975175
0.975562
0.975943
0.976319
0.976690
0.977056
0.977416
0.977771
0.978121
0.978466
0.978806
0.979141
0.979471
0.979796
0.980116
0.980431
0.980742
0.981048
0.981350
0.981647
0.981939
0.982227
0.982510
0.982790
0.983064
0.983335
0.983601
0.983864
0.984122
0.984376
0.984626
0.984872
0.985114
0.985352
0.985586
0.985817
0.986044
0.986267
0.986487
0.986703
0.986915
0.987124
0.987330
0.987532
0.987730
0.987926
0.988118
0.988306
0.988492
0.988675
0.988854
0.989030
0.989203
0.989374
0.989541
0.989705
0.989867
0.990026
0.990181
0.990335
0.990485
0.990633
0.990778
0.990921
0.991061
0.991198
0.991333
0.991465
0.991596
0.991723
0.991849
0.991972
0.992093
0.992211
0.992328
0.992442
0.992554
0.992664
0.992772
0.992878
0.992981
0.993083
0.993183
0.993281
0.993377
0.993472
0.993564
0.993655
0.993743
0.993831
0.993916
0.994000
0.994082
0.994162
0.994241
0.994318
0.994394
0.994468
0.994541
0.994612
0.994682
0.994750
0.994817
0.994883
0.994947
0.995010
0.995072
0.995132
0.995191
0.995249
0.995306
0.995361
0.995416
0.995469
0.995521
0.995572
0.995622
0.995670
0.995718
0.995765
0.995810
0.995855
0.995899
0.995942
0.995983
0.996024
0.996064
0.996104
0.996142
0.996179
0.996216
0.996252
0.996286
0.996321
0.996354
0.996387
0.996419
0.996450
0.996480
0.996510
0.996539
0.996567
0.996595
0.996622
0.996649
0.996675
0.996700
0.996725
0.996749
0.996772
0.996795
0.996818
0.996840
0.996861
