0.072151
0.161603
0.274511
0.337763
0.221251
0.218979
0.234435
0.248601
0.261699
0.273919
0.285426
0.296357
0.306805
0.316857
0.326642
0.336307
0.346048
0.356236
0.367650
0.375872
0.380080
0.383997
0.387955
0.391957
0.396001
0.400089
0.404218
0.408390
0.412604
0.416859
0.421156
0.425495
0.429873
0.434293
0.438752
0.443250
0.447788
0.452363
0.456976
0.461753
0.466261
0.470825
0.475429
0.480073
0.484755
0.489474
0.494228
0.499017
0.503839
0.508693
0.513578
0.518493
0.523437
0.528408
0.533405
0.538427
0.543472
0.548539
0.553627
0.558734
0.563860
0.569001
0.574157
0.579327
0.584509
0.589701
0.594902
0.600110
0.605324
0.610543
0.615763
0.620985
0.626206
0.631425
0.636641
0.641850
0.647053
0.652247
0.657432
0.662604
0.667763
0.672907
0.678035
0.683144
0.688235
0.693304
0.698351
0.703373
0.708371
0.713341
0.718284
0.723197
0.728078
0.732928
0.737744
0.742525
0.747270
0.751978
0.756648
0.761278
0.765867
0.770415
0.774919
0.779381
0.783797
0.788168
0.792492
0.796769
0.800998
0.805178
0.809309
0.813389
0.817418
0.821396
0.825322
0.829195
0.833015
0.836781
0.840494
0.844152
0.847756
0.851305
0.854799
0.858238
0.861621
0.864948
0.868220
0.871436
0.874596
0.877700
0.880749
0.883742
0.886680
0.889562
0.892389
0.895162
0.897879
0.900542
0.903151
0.905706
0.908208
0.910656
0.913052
0.915395
0.917687
0.919928
0.922117
0.924256
0.926346
0.928386
0.930377
0.932321
0.934216
0.936065
0.937868
0.939625
0.941337
0.943004
0.944628
0.946209
0.947748
0.949244
0.950700
0.952116
0.953492
0.954829
0.956129
0.957390
0.958615
0.959804
0.960958
0.962078
0.963163
0.964215
0.965235
0.966224
0.967181
0.968108
0.969005
0.969873
0.970714
0.971526
0.972312
0.973072
0.973806
0.974515
0.975200
0.975861
0.976500
0.977116
0.977710
0.978283
0.978836
0.979368
0.979881
0.980376
0.980852
0.981310
0.981751
0.982176
0.982584
0.982976
0.983354
0.983716
0.984065
0.984400
0.984721
0.985030
0.985326
0.985610
0.985882
0.986144
0.986394
0.986634
0.986864
0.987084
0.987295
0.987497
0.987690
0.987875
0.988052
0.988221
0.988382
0.988536
0.988684
0.988825
0.988959
0.989087
0.989210
0.989326
0.989438
0.989544
0.989645
0.989742
0.989833
0.989921
0.990004
0.990083
0.990159
0.990231
0.990299
0.990364
0.990425
0.990484
0.990539
0.990592
0.990642
0.990690
0.990735
0.990778
0.990818
0.990857
0.990893
0.990928
0.990960
0.990991
0.991021
0.991049
0.991075
0.991100
0.991123
0.991145
0.991166
0.991186
0.991205
0.991222
0.991239
0.991255
0.991270
0.991284
0.991297
0.991309
0.991321
0.991332
0.991342
0.991352
0.991361
0.991370
0.991378
0.991386
0.991393
0.991400
0.991406
0.991412
0.991418
0.991423
0.991428
0.991432
0.991437
0.991441
0.991445
0.991448
0.991452
0.991455
0.991458
0.991460
0.991463
0.991465
0.991468
0.991470
0.991472
0.991474
0.991475
0.991477
0.991478
0.991480
0.991481
0.991482
0.991483
0.991485
0.991486
0.991486
0.991487
0.991488
0.991489
0.991490
0.991490
0.991491
0.991491
0.991492
0.991492
0.991493
0.991493
0.991494
0.991494
0.991494
0.991495
0.991495
0.991495
0.991495
0.991496
0.991496
0.991496
0.991496
0.991496
0.991496
0.991497
0.991497
0.991497
0.991497
0.991497
0.991497
0.991497
0.991497
0.991497
0.991497
0.991498
0.991498
0.991498
0.991498
0.991498
0.991498
0.991498
0.991498
0.991498
0.991498
0.991498
0.991498
0.991498
0.991498
0.991498
0.991498
0.991498
0.991498
0.991498
0.991498
0.991498
0.991498
0.991498
0.991498
0.991498
0.991498
0.991498
0.991498
0.991498
0.991498
0.991498
0.991498
0.991498
0.991498
0.991498
0.991498
0.991498
0.991498
0.991498
0.991498
0.991498
0.991498
0.991498
0.991498
0.991498
0.991498
0.991498
0.991498
0.991498
0.991498
0.991498
0.991498
0.991498
0.991498
0.991498
0.991498
0.991498
0.991498
0.991498
0.991498
0.991498
0.991498
0.991498
0.991498
0.991498
0.991498
0.991498
0.991498
0.991498
0.991498
0.991498
0.991498
0.991498
0.991498
0.991498
0.991498
0.991498
0.991498
0.991498
0.991498
0.991498
0.991498
0.991498
0.991498
0.991498
0.991498
0.991498
0.991498
0.991498
0.991498
0.991498
0.991498
0.991498
0.991498
0.991498
0.991498
0.991498
0.991498
0.991498
0.991498
0.991498
0.991498
0.991498
0.991498
0.991498
0.991498
0.991498
0.991498
0.991498
0.991498
0.991498
0.991498
0.991498
0.991498
0.991498
0.991498
0.991498
0.991498
0.991498
0.991498
0.991498
0.991498
0.991498
0.991498
0.991498
0.991498
0.991498
0.991498
0.991498
0.991498
0.991498
0.991498
0.991498
0.991498
0.991498
0.991498
0.991498
0.991498
0.991498
0.991498
0.991498
0.991498
0.991498
0.991498
0.991498
0.991498
0.991498
0.991498
0.991498
0.991498
0.991498
0.991498
0.991498
0.991498
0.991498
0.991498
0.991498
0.991498
0.991498
0.991498
0.991498
0.991498
0.991498
0.991498
0.991498
0.991498
0.991498
0.991498
0.991498
0.991498
0.991498
0.991498
0.991498
0.991498
0.991498
0.991498
0.991498
0.991498
0.991498
0.991498
0.991498
0.991498
0.991498
0.991498
0.991498
0.991498
0.991498
0.991498
0.991498
0.991498
0.991498
0.991498
0.991498
0.991498
0.991498
0.991498
0.991498
0.991498
0.991498
0.991498
0.991498
0.991498
0.991498
0.991498
0.991498
0.991498
0.991498
0.991498
0.991498
0.991498
0.991498
0.991498
0.991498
0.991498
0.991498
0.991498
0.991498
0.991498
0.991498
0.991498
0.991498
0.991498
0.991498
0.991498
0.991498
0.991498
0.991498
0.991498
0.991498
0.991498
0.991498
0.991498
0.991498
0.991498
0.991498
0.991498
0.991498
0.991498
0.991498
0.991498
0.991498
0.991498
0.991498
0.991498
0.991498
0.991498
0.991498
0.991498
0.991498
0.991498
0.991498
0.991498
0.991498
0.991498
