0.013939
0.029659
0.047853
0.077995
0.124787
0.176068
0.217793
0.246549
0.265781
0.272002
0.275175
0.277457
0.279488
0.281472
0.283453
0.285435
0.287414
0.289386
0.291353
0.293313
0.295267
0.297215
0.299157
0.301093
0.303023
0.304948
0.306866
0.308779
0.310686
0.312587
0.314483
0.316374
0.318258
0.320138
0.322012
0.323881
0.325744
0.327602
0.329455
0.331358
0.333065
0.334755
0.336438
0.338117
0.339791
0.341461
0.343127
0.344789
0.346446
0.348099
0.349748
0.351393
0.353033
0.354670
0.356302
0.357930
0.359554
0.361173
0.362789
0.364400
0.366008
0.367611
0.369210
0.370805
0.372396
0.373983
0.375566
0.377145
0.378720
0.380290
0.381857
0.383420
0.384979
0.386534
0.388085
0.389632
0.391175
0.392714
0.394249
0.395781
0.397308
0.398832
0.400351
0.401867
0.403379
0.404887
0.406391
0.407892
0.409388
0.410881
0.412370
0.413855
0.415336
0.416814
0.418288
0.419758
0.421224
0.422687
0.424146
0.425601
0.427053
0.428501
0.429945
0.431385
0.432822
0.434255
0.435685
0.437110
0.438533
0.439951
0.441366
0.442778
0.444185
0.445590
0.446990
0.448387
0.449781
0.451171
0.452557
0.453940
0.455320
0.456695
0.458068
0.459437
0.460802
0.462164
0.463523
0.464878
0.466229
0.467577
0.468922
0.470263
0.471601
0.472936
0.474267
0.475595
0.476919
0.478240
0.479558
0.480872
0.482183
0.483490
0.484795
0.486096
0.487393
0.488688
0.489979
0.491267
0.492551
0.493832
0.495110
0.496385
0.497657
0.498925
0.500190
0.501452
0.502711
0.503966
0.505218
0.506467
0.507713
0.508956
0.510196
0.511432
0.512666
0.513896
0.515123
0.516347
0.517568
0.518786
0.520000
0.521212
0.522420
0.523626
0.524828
0.526028
0.527224
0.528417
0.529608
0.530795
0.531979
0.533160
0.534339
0.535514
0.536686
0.537856
0.539022
0.540185
0.541346
0.542503
0.543658
0.544810
0.545958
0.547104
0.548247
0.549387
0.550525
0.551659
0.552790
0.553919
0.555045
0.556168
0.557288
0.558405
0.559519
0.560631
0.561740
0.562846
0.563949
0.565049
0.566147
0.567242
0.568334
0.569423
0.570510
0.571594
0.572675
0.573754
0.574829
0.575902
0.576973
0.578040
0.579105
0.580167
0.581227
0.582284
0.583338
0.584390
0.585439
0.586485
0.587529
0.588570
0.589608
0.590644
0.591677
0.592708
0.593736
0.594761
0.595784
0.596805
0.597822
0.598838
0.599850
0.600861
0.601868
0.602873
0.603876
0.604876
0.605874
0.606869
0.607861
0.608852
0.609839
0.610824
0.611807
0.612787
0.613765
0.614741
0.615714
0.616684
0.617652
0.618618
0.619581
0.620542
0.621501
0.622457
0.623411
0.624362
0.625311
0.626258
0.627202
0.628144
0.629084
0.630021
0.630956
0.631889
0.632819
0.633748
0.634673
0.635597
0.636518
0.637437
0.638354
0.639268
0.640180
0.641090
0.641998
0.642903
0.643807
0.644708
0.645606
0.646503
0.647397
0.648289
0.649179
0.650067
0.650953
0.651836
0.652718
0.653597
0.654474
0.655349
0.656221
0.657092
0.657961
0.658827
0.659691
0.660553
0.661413
0.662271
0.663127
0.663981
0.664833
0.665682
0.666530
0.667375
0.668219
0.669060
0.669900
0.670737
0.671573
0.672406
0.673237
0.674067
0.674894
0.675720
0.676543
0.677364
0.678184
0.679001
0.679817
0.680630
0.681442
0.682252
0.683060
0.683865
0.684669
0.685471
0.686272
0.687070
0.687866
0.688661
0.689453
0.690244
0.691033
0.691820
0.692605
0.693388
0.694169
0.694949
0.695727
0.696503
0.697277
0.698049
0.698819
0.699588
0.700355
0.701120
0.701883
0.702645
0.703405
0.704163
0.704919
0.705673
0.706426
0.707177
0.707927
0.708674
0.709420
0.710164
0.710907
0.711647
0.712386
0.713124
0.713859
0.714593
0.715326
0.716056
0.716785
0.717513
0.718238
0.718962
0.719685
0.720405
0.721125
0.721842
0.722558
0.723272
0.723985
0.724696
0.725406
0.726114
0.726820
0.727525
0.728228
0.728930
0.729630
0.730329
0.731026
0.731721
0.732415
0.733108
0.733799
0.734488
0.735176
0.735863
0.736548
0.737231
0.737913
0.738594
0.739273
0.739950
0.740627
0.741301
0.741975
0.742646
0.743317
0.743986
0.744653
0.745319
0.745984
0.746647
0.747309
0.747970
0.748629
0.749287
0.749943
0.750598
0.751252
0.751904
0.752555
0.753205
0.753853
0.754500
0.755145
0.755790
0.756433
0.757074
0.757715
0.758354
0.758991
0.759628
0.760263
0.760897
0.761530
0.762161
0.762791
0.763420
0.764047
0.764674
0.765299
0.765923
0.766545
0.767167
0.767787
0.768406
0.769024
0.769641
0.770256
0.770870
0.771483
0.772095
0.772706
0.773315
0.773924
0.774531
0.775137
0.775742
0.776346
0.776948
0.777550
0.778150
0.778749
0.779348
0.779945
0.780541
0.781135
0.781729
0.782322
0.782914
0.783504
0.784094
0.784682
0.785269
0.785856
0.786441
0.787025
0.787608
0.788190
0.788771
0.789351
0.789930
0.790509
0.791086
0.791662
0.792237
0.792811
0.793384
0.793956
0.794527
0.795097
0.795666
0.796234
0.796802
0.797368
0.797933
0.798498
0.799061
0.799624
0.800185
0.800746
0.801306
0.801864
0.802422
0.802979
0.803536
0.804091
0.804645
0.805199
0.805751
0.806303
0.806854
0.807404
0.807953
0.808501
0.809048
0.809595
0.810141
0.810685
0.811229
0.811773
0.812315
0.812857
0.813397
0.813937
0.814476
0.815015
0.815552
0.816089
0.816625
0.817160
0.817694
0.818228
0.818760
0.819292
0.819824
0.820354
0.820884
0.821413
0.821941
0.822469
0.822995
0.823521
0.824046
0.824571
0.825095
0.825618
0.826140
0.826662
0.827183
0.827703
0.828222
0.828741
0.829259
0.829777
0.830293
0.830809
0.831325
0.831839
0.832353
0.832867
0.833379
0.833891
0.834402
0.834913
0.835423
0.835932
0.836441
0.836949
0.837456
0.837963
0.838469
0.838975
0.839480
0.839984
0.840487
0.840990
0.841493
0.841994
0.842495
0.842996
0.843496
0.843995
0.844493
0.844992
0.845489
0.845986
0.846482
0.846978
0.847473
