0.032509
0.069980
0.110685
0.157245
0.213438
0.277730
0.306246
0.265641
0.240260
0.246287
0.254760
0.263035
0.271279
0.279759
0.289394
0.297683
0.300475
0.302716
0.304960
0.307212
0.309470
0.311734
0.314005
0.316283
0.318568
0.320861
0.323161
0.325469
0.327785
0.330109
0.332442
0.334784
0.337135
0.339495
0.341865
0.344245
0.346634
0.349034
0.351445
0.353900
0.356136
0.358405
0.360688
0.362985
0.365295
0.367618
0.369954
0.372304
0.374667
0.377044
0.379436
0.381841
0.384260
0.386693
0.389141
0.391603
0.394080
0.396571
0.399077
0.401598
0.404134
0.406685
0.409250
0.411831
0.414427
0.417037
0.419663
0.422304
0.424961
0.427632
0.430319
0.433021
0.435738
0.438470
0.441217
0.443979
0.446756
0.449548
0.452355
0.455177
0.458013
0.460864
0.463730
0.466610
0.469504
0.472412
0.475335
0.478271
0.481221
0.484184
0.487161
0.490152
0.493155
0.496171
0.499199
0.502241
0.505294
0.508359
0.511436
0.514525
0.517625
0.520736
0.523858
0.526991
0.530133
0.533286
0.536449
0.539621
0.542802
0.545991
0.549190
0.552396
0.555611
0.558833
0.562062
0.565298
0.568541
0.571790
0.575045
0.578305
0.581571
0.584841
0.588116
0.591394
0.594677
0.597963
0.601251
0.604543
0.607836
0.611132
0.614428
0.617726
0.621024
0.624323
0.627622
0.630919
0.634216
0.637512
0.640806
0.644097
0.647386
0.650673
0.653955
0.657234
0.660509
0.663780
0.667045
0.670305
0.673560
0.676808
0.680050
0.683284
0.686512
0.689732
0.692944
0.696147
0.699342
0.702527
0.705703
0.708869
0.712024
0.715169
0.718303
0.721426
0.724537
0.727636
0.730722
0.733796
0.736857
0.739904
0.742938
0.745958
0.748963
0.751953
0.754929
0.757890
0.760835
0.763764
0.766677
0.769574
0.772454
0.775317
0.778163
0.780991
0.783802
0.786595
0.789370
0.792127
0.794865
0.797584
0.800285
0.802966
0.805627
0.808270
0.810892
0.813495
0.816077
0.818639
0.821181
0.823702
0.826203
0.828682
0.831141
0.833579
0.835995
0.838390
0.840764
0.843116
0.845447
0.847756
0.850043
0.852308
0.854552
0.856773
0.858973
0.861150
0.863305
0.865439
0.867550
0.869639
0.871705
0.873750
0.875772
0.877772
0.879750
0.881705
0.883639
0.885550
0.887439
0.889306
0.891151
0.892974
0.894775
0.896554
0.898311
0.900047
0.901760
0.903452
0.905123
0.906772
0.908399
0.910005
0.911590
0.913154
0.914696
0.916218
0.917719
0.919199
0.920659
0.922098
0.923516
0.924914
0.926293
0.927651
0.928989
0.930308
0.931607
0.932886
0.934147
0.935388
0.936610
0.937813
0.938998
0.940164
0.941311
0.942440
0.943552
0.944645
0.945721
0.946778
0.947819
0.948842
0.949848
0.950838
0.951810
0.952766
0.953706
0.954629
0.955536
0.956428
0.957303
0.958164
0.959008
0.959838
0.960653
0.961453
0.962238
0.963008
0.963765
0.964507
0.965236
0.965951
0.966652
0.967340
0.968014
0.968676
0.969324
0.969960
0.970584
0.971195
0.971794
0.972381
0.972956
0.973520
0.974072
0.974613
0.975143
0.975662
0.976170
0.976667
0.977154
0.977631
0.978097
0.978554
0.979001
0.979438
0.979866
0.980284
0.980693
0.981093
0.981485
0.981867
0.982241
0.982607
0.982965
0.983314
0.983655
0.983989
0.984314
0.984633
0.984944
0.985247
0.985544
0.985833
0.986116
0.986392
0.986661
0.986924
0.987180
0.987431
0.987675
0.987913
0.988145
0.988372
0.988593
0.988808
0.989018
0.989223
0.989422
0.989617
0.989806
0.989991
0.990171
0.990346
0.990517
0.990683
0.990845
0.991003
0.991156
0.991305
0.991451
0.991592
0.991730
0.991864
0.991994
0.992121
0.992245
0.992365
0.992481
0.992595
0.992705
0.992812
0.992917
0.993018
0.993116
0.993212
0.993305
0.993395
0.993483
0.993568
0.993651
0.993731
0.993809
0.993884
0.993958
0.994029
0.994098
0.994165
0.994230
0.994294
0.994355
0.994414
0.994472
0.994528
0.994582
0.994634
0.994685
0.994735
0.994782
0.994829
0.994874
0.994917
0.994959
0.995000
0.995039
0.995077
0.995114
0.995150
0.995185
0.995218
0.995251
0.995282
0.995313
0.995342
0.995370
0.995398
0.995424
0.995450
0.995475
0.995499
0.995522
0.995545
0.995566
0.995587
0.995607
0.995627
0.995646
0.995664
0.995681
0.995698
0.995715
0.995731
0.995746
0.995761
0.995775
0.995788
0.995802
0.995814
0.995827
0.995839
0.995850
0.995861
0.995872
0.995882
0.995892
0.995901
0.995910
0.995919
0.995928
0.995936
0.995944
0.995951
0.995959
0.995966
0.995972
0.995979
0.995985
0.995991
0.995997
0.996002
0.996008
0.996013
0.996018
0.996023
0.996027
0.996032
0.996036
0.996040
0.996044
0.996048
0.996051
0.996055
0.996058
0.996061
0.996064
0.996067
0.996070
0.996073
0.996075
0.996078
0.996080
0.996082
0.996085
0.996087
0.996089
0.996091
0.996093
0.996094
0.996096
0.996098
0.996099
0.996101
0.996102
0.996104
0.996105
0.996106
0.996107
0.996108
0.996110
0.996111
0.996112
0.996113
0.996114
0.996114
0.996115
0.996116
0.996117
0.996118
0.996118
0.996119
0.996120
0.996120
0.996121
0.996121
0.996122
0.996122
0.996123
0.996123
0.996124
0.996124
0.996125
0.996125
0.996125
0.996126
0.996126
0.996126
0.996127
0.996127
0.996127
0.996128
0.996128
0.996128
0.996128
0.996128
0.996129
0.996129
0.996129
0.996129
0.996129
0.996130
0.996130
0.996130
0.996130
0.996130
0.996130
0.996130
0.996131
0.996131
0.996131
0.996131
0.996131
0.996131
0.996131
0.996131
0.996131
0.996131
0.996131
0.996131
0.996132
0.996132
0.996132
0.996132
0.996132
0.996132
0.996132
0.996132
0.996132
0.996132
0.996132
0.996132
0.996132
0.996132
0.996132
0.996132
0.996132
0.996132
0.996132
0.996132
0.996132
0.996132
0.996132
0.996132
0.996132
0.996132
0.996132
0.996132
0.996132
0.996132
0.996132
0.996132
0.996132
0.996132
0.996132
0.996132
0.996132
0.996132
0.996132
0.996132
0.996133
0.996133
