0.072033
0.161509
0.276018
0.403834
0.290770
0.274018
0.290145
0.305058
0.318956
0.332022
0.344413
0.356264
0.367666
0.378704
0.389500
0.400202
0.411004
0.422265
0.434782
0.444410
0.449844
0.454936
0.460079
0.465277
0.470526
0.475827
0.481176
0.486574
0.492019
0.497509
0.503042
0.508617
0.514232
0.519886
0.525576
0.531302
0.537060
0.542849
0.548668
0.554702
0.560429
0.566195
0.571990
0.577809
0.583651
0.589512
0.595389
0.601281
0.607184
0.613097
0.619015
0.624938
0.630862
0.636785
0.642705
0.648618
0.654522
0.660416
0.666295
0.672159
0.678004
0.683828
0.689628
0.695403
0.701150
0.706866
0.712549
0.718198
0.723810
0.729382
0.734914
0.740402
0.745844
0.751240
0.756587
0.761882
0.767125
0.772314
0.777448
0.782523
0.787540
0.792497
0.797392
0.802224
0.806992
0.811695
0.816332
0.820902
0.825403
0.829836
0.834199
0.838491
0.842713
0.846863
0.850941
0.854947
0.858880
0.862740
0.866526
0.870240
0.873880
0.877446
0.880940
0.884360
0.887707
0.890981
0.894183
0.897312
0.900370
0.903356
0.906272
0.909117
0.911893
0.914599
0.917238
0.919808
0.922312
0.924749
0.927121
0.929429
0.931672
0.933854
0.935973
0.938032
0.940030
0.941970
0.943852
0.945677
0.947446
0.949161
0.950821
0.952429
0.953986
0.955492
0.956949
0.958357
0.959718
0.961033
0.962303
0.963528
0.964711
0.965853
0.966953
0.968014
0.969036
0.970020
0.970968
0.971880
0.972758
0.973602
0.974414
0.975194
0.975943
0.976663
0.977354
0.978017
0.978653
0.979263
0.979848
0.980409
0.980945
0.981460
0.981952
0.982423
0.982873
0.983304
0.983716
0.984109
0.984485
0.984844
0.985186
0.985513
0.985825
0.986122
0.986406
0.986676
0.986933
0.987178
0.987411
0.987633
0.987844
0.988045
0.988236
0.988417
0.988589
0.988753
0.988908
0.989055
0.989195
0.989327
0.989453
0.989572
0.989685
0.989791
0.989892
0.989988
0.990079
0.990164
0.990245
0.990322
0.990394
0.990462
0.990526
0.990587
0.990645
0.990699
0.990750
0.990798
0.990843
0.990886
0.990926
0.990964
0.991000
0.991033
0.991065
0.991094
0.991122
0.991148
0.991173
0.991196
0.991217
0.991238
0.991257
0.991275
0.991291
0.991307
0.991322
0.991336
0.991348
0.991360
0.991372
0.991382
0.991392
0.991401
0.991410
0.991418
0.991426
0.991433
0.991439
0.991445
0.991451
0.991456
0.991461
0.991466
0.991470
0.991474
0.991478
0.991481
0.991484
0.991487
0.991490
0.991493
0.991495
0.991497
0.991500
0.991501
0.991503
0.991505
0.991506
0.991508
0.991509
0.991510
0.991512
0.991513
0.991514
0.991514
0.991515
0.991516
0.991517
0.991517
0.991518
0.991519
0.991519
0.991520
0.991520
0.991520
0.991521
0.991521
0.991521
0.991522
0.991522
0.991522
0.991522
0.991523
0.991523
0.991523
0.991523
0.991523
0.991524
0.991524
0.991524
0.991524
0.991524
0.991524
0.991524
0.991524
0.991524
0.991524
0.991524
0.991524
0.991525
0.991525
0.991525
0.991525
0.991525
0.991525
0.991525
0.991525
0.991525
0.991525
0.991525
0.991525
0.991525
0.991525
0.991525
0.991525
0.991525
0.991525
0.991525
0.991525
0.991525
0.991525
0.991525
0.991525
0.991525
0.991525
0.991525
0.991525
0.991525
0.991525
0.991525
0.991525
0.991525
0.991525
0.991525
0.991525
0.991525
0.991525
0.991525
0.991525
0.991525
0.991525
0.991525
0.991525
0.991525
0.991525
0.991525
0.991525
0.991525
0.991525
0.991525
0.991525
0.991525
0.991525
0.991525
0.991525
0.991525
0.991525
0.991525
0.991525
0.991525
0.991525
0.991525
0.991525
0.991525
0.991525
0.991525
0.991525
0.991525
0.991525
0.991525
0.991525
0.991525
0.991525
0.991525
0.991525
0.991525
0.991525
0.991525
0.991525
0.991525
0.991525
0.991525
0.991525
0.991525
0.991525
0.991525
0.991525
0.991525
0.991525
0.991525
0.991525
0.991525
0.991525
0.991525
0.991525
0.991525
0.991525
0.991525
0.991525
0.991525
0.991525
0.991525
0.991525
0.991525
0.991525
0.991525
0.991525
0.991525
0.991525
0.991525
0.991525
0.991525
0.991525
0.991525
0.991525
0.991525
0.991525
0.991525
0.991525
0.991525
0.991525
0.991525
0.991525
0.991525
0.991525
0.991525
0.991525
0.991525
0.991525
0.991525
0.991525
0.991525
0.991525
0.991525
0.991525
0.991525
0.991525
0.991525
0.991525
0.991525
0.991525
0.991525
0.991525
0.991525
0.991525
0.991525
0.991525
0.991525
0.991525
0.991525
0.991525
0.991525
0.991525
0.991525
0.991525
0.991525
0.991525
0.991525
0.991525
0.991525
0.991525
0.991525
0.991525
0.991525
0.991525
0.991525
0.991525
0.991525
0.991525
0.991525
0.991525
0.991525
0.991525
0.991525
0.991525
0.991525
0.991525
0.991525
0.991525
0.991525
0.991525
0.991525
0.991525
0.991525
0.991525
0.991525
0.991525
0.991525
0.991525
0.991525
0.991525
0.991525
0.991525
0.991525
0.991525
0.991525
0.991525
0.991525
0.991525
0.991525
0.991525
0.991525
0.991525
0.991525
0.991525
0.991525
0.991525
0.991525
0.991525
0.991525
0.991525
0.991525
0.991525
0.991525
0.991525
0.991525
0.991525
0.991525
0.991525
0.991525
0.991525
0.991525
0.991525
0.991525
0.991525
0.991525
0.991525
0.991525
0.991525
0.991525
0.991525
0.991525
0.991525
0.991525
0.991525
0.991525
0.991525
0.991525
0.991525
0.991525
0.991525
0.991525
0.991525
0.991525
0.991525
0.991525
0.991525
0.991525
0.991525
0.991525
0.991525
0.991525
0.991525
0.991525
0.991525
0.991525
0.991525
0.991525
0.991525
0.991525
0.991525
0.991525
0.991525
0.991525
0.991525
0.991525
0.991525
0.991525
0.991525
0.991525
0.991525
0.991525
0.991525
0.991525
0.991525
0.991525
0.991525
0.991525
0.991525
0.991525
0.991525
0.991525
0.991525
0.991525
0.991525
0.991525
0.991525
0.991525
0.991525
0.991525
0.991525
0.991525
0.991525
0.991525
0.991525
0.991525
0.991525
0.991525
0.991525
