0.011550
0.016648
0.021463
0.026182
0.030926
0.035799
0.040893
0.046301
0.052094
0.058362
0.065215
0.072777
0.081196
0.090642
0.101338
0.113588
0.127792
0.144465
0.164345
0.188608
0.219134
0.259039
0.313778
0.393483
0.508696
0.616067
0.649857
0.655368
0.659744
0.664288
0.668948
0.673698
0.678522
0.683405
0.688338
0.693310
0.698313
0.703342
0.708391
0.713631
0.718615
0.723615
0.728620
0.733628
0.738632
0.743629
0.748615
0.753587
0.758540
0.763473
0.768380
0.773260
0.778110
0.782926
0.787705
0.792446
0.797145
0.801801
0.806411
0.810972
0.815483
0.819942
0.824347
0.828696
0.832987
0.837220
0.841392
0.845502
0.849550
0.853534
0.857453
0.861306
0.865093
0.868812
0.872464
0.876048
0.879562
0.883008
0.886385
0.889692
0.892930
0.896099
0.899198
0.902229
0.905190
0.908084
0.910909
0.913666
0.916357
0.918980
0.921538
0.924031
0.926458
0.928823
0.931123
0.933362
0.935540
0.937656
0.939714
0.941712
0.943653
0.945538
0.947367
0.949141
0.950861
0.952530
0.954146
0.955713
0.957230
0.958699
0.960121
0.961496
0.962827
0.964115
0.965359
0.966562
0.967724
0.968846
0.969930
0.970977
0.971987
0.972962
0.973903
0.974810
0.975685
0.976528
0.977341
0.978124
0.978879
0.979605
0.980305
0.980979
0.981628
0.982252
0.982853
0.983431
0.983987
0.984522
0.985037
0.985531
0.986007
0.986464
0.986903
0.987326
0.987731
0.988121
0.988495
0.988855
0.989201
0.989533
0.989851
0.990157
0.990451
0.990734
0.991004
0.991265
0.991514
0.991754
0.991984
0.992205
0.992418
0.992621
0.992817
0.993004
0.993185
0.993358
0.993524
0.993683
0.993836
0.993984
0.994125
0.994260
0.994391
0.994516
0.994636
0.994751
0.994862
0.994969
0.995071
0.995170
0.995265
0.995355
0.995443
0.995527
0.995608
0.995686
0.995761
0.995833
0.995902
0.995969
0.996033
0.996095
0.996155
0.996212
0.996267
0.996321
0.996372
0.996422
0.996469
0.996516
0.996560
0.996603
0.996644
0.996684
0.996723
0.996760
0.996796
0.996831
0.996865
0.996897
0.996929
0.996959
0.996989
0.997017
0.997045
0.997072
0.997098
0.997123
0.997147
0.997171
0.997193
0.997216
0.997237
0.997258
0.997278
0.997298
0.997317
0.997336
0.997354
0.997371
0.997388
0.997405
0.997421
0.997437
0.997452
0.997467
0.997481
0.997495
0.997509
0.997523
0.997536
0.997548
0.997561
0.997573
0.997585
0.997596
0.997608
0.997619
0.997629
0.997640
0.997650
0.997660
0.997670
0.997679
0.997689
0.997698
0.997707
0.997716
0.997724
0.997733
0.997741
0.997749
0.997757
0.997764
0.997772
0.997779
0.997787
0.997794
0.997801
0.997808
0.997814
0.997821
0.997827
0.997834
0.997840
0.997846
0.997852
0.997858
0.997864
0.997870
0.997875
0.997881
0.997886
0.997891
0.997897
0.997902
0.997907
0.997912
0.997917
0.997922
0.997926
0.997931
0.997936
0.997940
0.997945
0.997949
0.997953
0.997957
0.997962
0.997966
0.997970
0.997974
0.997978
0.997982
0.997985
0.997989
0.997993
0.997997
0.998000
0.998004
0.998007
0.998011
0.998014
0.998018
0.998021
0.998024
0.998027
0.998031
0.998034
0.998037
0.998040
0.998043
0.998046
0.998049
0.998052
0.998055
0.998058
0.998060
0.998063
0.998066
0.998069
0.998071
0.998074
0.998077
0.998079
0.998082
0.998084
0.998087
0.998089
0.998092
0.998094
0.998096
0.998099
0.998101
0.998103
0.998106
0.998108
0.998110
0.998112
0.998115
0.998117
0.998119
0.998121
0.998123
0.998125
0.998127
0.998129
0.998131
0.998133
0.998135
0.998137
0.998139
0.998141
0.998143
0.998145
0.998146
0.998148
0.998150
0.998152
0.998154
0.998155
0.998157
0.998159
0.998161
0.998162
0.998164
0.998166
0.998167
0.998169
0.998170
0.998172
0.998174
0.998175
0.998177
0.998178
0.998180
0.998181
0.998183
0.998184
0.998186
0.998187
0.998188
0.998190
0.998191
0.998193
0.998194
0.998195
0.998197
0.998198
0.998199
0.998201
0.998202
0.998203
0.998205
0.998206
0.998207
0.998208
0.998210
0.998211
0.998212
0.998213
0.998215
0.998216
0.998217
0.998218
0.998219
0.998220
0.998222
0.998223
0.998224
0.998225
0.998226
0.998227
0.998228
0.998229
0.998230
0.998231
0.998232
0.998233
0.998235
0.998236
0.998237
0.998238
0.998239
0.998240
0.998241
0.998242
0.998242
0.998243
0.998244
0.998245
0.998246
0.998247
0.998248
0.998249
0.998250
0.998251
0.998252
0.998253
0.998254
0.998254
0.998255
0.998256
0.998257
0.998258
0.998259
0.998260
0.998260
0.998261
0.998262
0.998263
0.998264
0.998264
0.998265
0.998266
0.998267
0.998268
0.998268
0.998269
0.998270
0.998271
0.998271
0.998272
0.998273
0.998274
0.998274
0.998275
0.998276
0.998276
0.998277
0.998278
0.998279
0.998279
0.998280
0.998281
0.998281
0.998282
0.998283
0.998283
0.998284
0.998285
0.998285
0.998286
0.998287
0.998287
0.998288
0.998288
0.998289
0.998290
0.998290
0.998291
0.998291
0.998292
0.998293
0.998293
0.998294
0.998294
0.998295
0.998296
0.998296
0.998297
0.998297
0.998298
0.998298
0.998299
0.998300
0.998300
0.998301
0.998301
0.998302
0.998302
0.998303
0.998303
0.998304
0.998304
0.998305
0.998305
0.998306
0.998306
0.998307
0.998307
0.998308
0.998308
0.998309
0.998309
0.998310
0.998310
0.998311
0.998311
0.998312
0.998312
0.998313
0.998313
0.998314
0.998314
0.998314
0.998315
0.998315
0.998316
0.998316
0.998317
0.998317
0.998318
0.998318
0.998318
0.998319
0.998319
0.998320
0.998320
0.998321
0.998321
0.998321
0.998322
0.998322
0.998323
0.998323
0.998323
0.998324
0.998324
0.998325
0.998325
0.998325
0.998326
0.998326
0.998326
0.998327
0.998327
0.998328
0.998328
0.998328
0.998329
0.998329
0.998329
0.998330
0.998330
0.998330
0.998331
0.998331
0.998331
0.998332
0.998332
0.998332
0.998333
0.998333
0.998333
0.998334
0.998334
0.998334
0.998335
0.998335
