0.011754
0.025260
0.045255
0.084060
0.138309
0.191589
0.233284
0.253924
0.264921
0.270807
0.274300
0.276812
0.278965
0.281002
0.283003
0.284992
0.286974
0.288951
0.290922
0.292887
0.294846
0.296798
0.298745
0.300686
0.302621
0.304550
0.306473
0.308391
0.310303
0.312210
0.314111
0.316006
0.317896
0.319781
0.321660
0.323534
0.325403
0.327266
0.329124
0.331036
0.332753
0.334449
0.336138
0.337822
0.339502
0.341178
0.342849
0.344517
0.346179
0.347838
0.349492
0.351142
0.352788
0.354430
0.356067
0.357700
0.359330
0.360954
0.362575
0.364192
0.365804
0.367413
0.369017
0.370617
0.372213
0.373805
0.375393
0.376977
0.378557
0.380133
0.381705
0.383272
0.384836
0.386396
0.387952
0.389504
0.391052
0.392596
0.394135
0.395672
0.397204
0.398732
0.400256
0.401777
0.403293
0.404806
0.406315
0.407820
0.409321
0.410818
0.412312
0.413801
0.415287
0.416769
0.418248
0.419722
0.421193
0.422660
0.424123
0.425583
0.427039
0.428491
0.429939
0.431384
0.432825
0.434262
0.435696
0.437126
0.438552
0.439975
0.441394
0.442809
0.444221
0.445630
0.447034
0.448435
0.449833
0.451227
0.452617
0.454004
0.455387
0.456767
0.458143
0.459516
0.460885
0.462251
0.463613
0.464972
0.466327
0.467679
0.469028
0.470373
0.471714
0.473052
0.474387
0.475718
0.477046
0.478371
0.479692
0.481010
0.482324
0.483635
0.484943
0.486248
0.487549
0.488846
0.490141
0.491432
0.492720
0.494004
0.495286
0.496564
0.497838
0.499110
0.500378
0.501643
0.502905
0.504164
0.505419
0.506671
0.507920
0.509166
0.510409
0.511648
0.512885
0.514118
0.515348
0.516575
0.517798
0.519019
0.520236
0.521451
0.522662
0.523870
0.525076
0.526278
0.527477
0.528673
0.529866
0.531055
0.532242
0.533426
0.534607
0.535785
0.536959
0.538131
0.539300
0.540466
0.541629
0.542789
0.543946
0.545100
0.546251
0.547399
0.548544
0.549686
0.550826
0.551962
0.553096
0.554226
0.555354
0.556479
0.557601
0.558720
0.559837
0.560950
0.562061
0.563169
0.564274
0.565376
0.566475
0.567572
0.568666
0.569757
0.570845
0.571930
0.573013
0.574093
0.575170
0.576245
0.577316
0.578385
0.579451
0.580515
0.581576
0.582634
0.583689
0.584742
0.585792
0.586840
0.587884
0.588926
0.589966
0.591003
0.592037
0.593068
0.594097
0.595123
0.596147
0.597168
0.598186
0.599202
0.600215
0.601226
0.602234
0.603240
0.604243
0.605243
0.606241
0.607236
0.608229
0.609219
0.610207
0.611192
0.612175
0.613155
0.614133
0.615108
0.616081
0.617051
0.618019
0.618985
0.619948
0.620908
0.621866
0.622822
0.623775
0.624725
0.625674
0.626620
0.627563
0.628504
0.629443
0.630379
0.631313
0.632245
0.633174
0.634101
0.635025
0.635947
0.636867
0.637784
0.638700
0.639612
0.640523
0.641431
0.642337
0.643240
0.644141
0.645040
0.645937
0.646831
0.647723
0.648613
0.649501
0.650386
0.651269
0.652150
0.653029
0.653905
0.654779
0.655651
0.656521
0.657388
0.658254
0.659117
0.659977
0.660836
0.661693
0.662547
0.663399
0.664249
0.665097
0.665943
0.666786
0.667628
0.668467
0.669304
0.670139
0.670972
0.671803
0.672632
0.673458
0.674283
0.675105
0.675926
0.676744
0.677560
0.678374
0.679186
0.679996
0.680804
0.681610
0.682414
0.683215
0.684015
0.684813
0.685609
0.686402
0.687194
0.687984
0.688771
0.689557
0.690341
0.691123
0.691902
0.692680
0.693456
0.694230
0.695002
0.695771
0.696539
0.697305
0.698070
0.698832
0.699592
0.700350
0.701107
0.701861
0.702614
0.703364
0.704113
0.704860
0.705605
0.706348
0.707089
0.707829
0.708566
0.709302
0.710036
0.710767
0.711498
0.712226
0.712952
0.713677
0.714399
0.715120
0.715839
0.716557
0.717272
0.717986
0.718698
0.719408
0.720116
0.720823
0.721527
0.722230
0.722931
0.723631
0.724329
0.725024
0.725719
0.726411
0.727102
0.727791
0.728478
0.729163
0.729847
0.730529
0.731209
0.731888
0.732565
0.733240
0.733913
0.734585
0.735255
0.735924
0.736591
0.737256
0.737919
0.738581
0.739241
0.739899
0.740556
0.741211
0.741865
0.742517
0.743167
0.743816
0.744463
0.745108
0.745752
0.746394
0.747034
0.747673
0.748311
0.748947
0.749581
0.750213
0.750844
0.751474
0.752102
0.752728
0.753353
0.753976
0.754597
0.755218
0.755836
0.756453
0.757069
0.757683
0.758295
0.758906
0.759515
0.760123
0.760729
0.761334
0.761938
0.762539
0.763140
0.763739
0.764336
0.764932
0.765526
0.766119
0.766711
0.767301
0.767889
0.768477
0.769062
0.769646
0.770229
0.770811
0.771390
0.771969
0.772546
0.773122
0.773696
0.774269
0.774840
0.775410
0.775979
0.776546
0.777112
0.777676
0.778239
0.778801
0.779361
0.779920
0.780477
0.781033
0.781588
0.782142
0.782694
0.783244
0.783794
0.784342
0.784889
0.785434
0.785978
0.786521
0.787062
0.787602
0.788141
0.788678
0.789215
0.789749
0.790283
0.790815
0.791346
0.791876
0.792404
0.792931
0.793457
0.793982
0.794505
0.795027
0.795548
0.796067
0.796586
0.797103
0.797619
0.798133
0.798646
0.799159
0.799669
0.800179
0.800687
0.801195
0.801701
0.802205
0.802709
0.803211
0.803712
0.804212
0.804711
0.805209
0.805705
0.806200
0.806694
0.807187
0.807679
0.808170
0.808659
0.809147
0.809634
0.810120
0.810605
0.811089
0.811571
0.812052
0.812533
0.813012
0.813490
0.813967
0.814442
0.814917
0.815390
0.815863
0.816334
0.816804
0.817273
0.817741
0.818208
0.818674
0.819139
0.819603
0.820065
0.820527
0.820987
0.821447
0.821905
0.822362
0.822819
0.823274
0.823728
0.824181
0.824633
0.825084
0.825534
0.825983
0.826431
0.826878
0.827324
0.827769
0.828213
0.828656
0.829097
0.829538
0.829978
0.830417
0.830855
0.831292
0.831728
0.832163
0.832597
0.833030
0.833462
0.833893
0.834323
0.834752
0.835180
0.835607
0.836034
0.836459
0.836883
0.837307
0.837729
0.838151
0.838572
