0.019755
0.042370
0.071761
0.117696
0.168976
0.207578
0.230310
0.243243
0.252210
0.260245
0.268742
0.278837
0.282833
0.284825
0.286803
0.288775
0.290741
0.292700
0.294654
0.296601
0.298542
0.300476
0.302405
0.304327
0.306244
0.308154
0.310059
0.311958
0.313851
0.315738
0.317620
0.319496
0.321366
0.323231
0.325091
0.326945
0.328794
0.330638
0.332476
0.334359
0.336045
0.337719
0.339388
0.341052
0.342712
0.344368
0.346020
0.347667
0.349310
0.350949
0.352584
0.354214
0.355841
0.357463
0.359081
0.360695
0.362305
0.363910
0.365512
0.367110
0.368703
0.370293
0.371878
0.373460
0.375037
0.376610
0.378180
0.379745
0.381307
0.382864
0.384418
0.385967
0.387513
0.389055
0.390593
0.392127
0.393657
0.395183
0.396706
0.398224
0.399739
0.401250
0.402757
0.404260
0.405759
0.407255
0.408747
0.410235
0.411719
0.413200
0.414677
0.416150
0.417619
0.419085
0.420547
0.422005
0.423460
0.424911
0.426359
0.427802
0.429242
0.430679
0.432112
0.433541
0.434967
0.436389
0.437807
0.439222
0.440634
0.442042
0.443446
0.444847
0.446244
0.447638
0.449028
0.450415
0.451799
0.453179
0.454555
0.455928
0.457298
0.458664
0.460027
0.461387
0.462743
0.464095
0.465445
0.466791
0.468133
0.469473
0.470809
0.472141
0.473471
0.474797
0.476120
0.477439
0.478755
0.480068
0.481378
0.482685
0.483988
0.485288
0.486585
0.487879
0.489169
0.490457
0.491741
0.493022
0.494300
0.495575
0.496847
0.498115
0.499381
0.500643
0.501902
0.503159
0.504412
0.505662
0.506909
0.508153
0.509394
0.510633
0.511868
0.513100
0.514329
0.515555
0.516778
0.517998
0.519216
0.520430
0.521642
0.522850
0.524056
0.525259
0.526459
0.527656
0.528850
0.530041
0.531230
0.532416
0.533599
0.534779
0.535956
0.537131
0.538302
0.539471
0.540638
0.541801
0.542962
0.544120
0.545275
0.546428
0.547578
0.548725
0.549870
0.551012
0.552151
0.553288
0.554422
0.555554
0.556682
0.557809
0.558932
0.560053
0.561172
0.562288
0.563401
0.564512
0.565621
0.566727
0.567830
0.568931
0.570029
0.571125
0.572219
0.573310
0.574398
0.575484
0.576568
0.577649
0.578728
0.579805
0.580879
0.581951
0.583020
0.584087
0.585152
0.586215
0.587275
0.588333
0.589388
0.590441
0.591492
0.592541
0.593588
0.594632
0.595674
0.596714
0.597751
0.598787
0.599820
0.600851
0.601880
0.602907
0.603931
0.604954
0.605974
0.606992
0.608008
0.609022
0.610034
0.611044
0.612052
0.613058
0.614062
0.615063
0.616063
0.617061
0.618056
0.619050
0.620042
0.621032
0.622020
0.623006
0.623989
0.624972
0.625952
0.626930
0.627906
0.628881
0.629854
0.630824
0.631793
0.632760
0.633726
0.634689
0.635651
0.636611
0.637569
0.638525
0.639480
0.640433
0.641384
0.642333
0.643281
0.644227
0.645171
0.646114
0.647055
0.647994
0.648932
0.649868
0.650802
0.651735
0.652666
0.653595
0.654523
0.655450
0.656375
0.657298
0.658220
0.659140
0.660058
0.660976
0.661891
0.662806
0.663718
0.664629
0.665539
0.666448
0.667354
0.668260
0.669164
0.670067
0.670968
0.671868
0.672766
0.673663
0.674559
0.675454
0.676347
0.677239
0.678129
0.679018
0.679906
0.680793
0.681678
0.682562
0.683445
0.684327
0.685207
0.686086
0.686964
0.687841
0.688717
0.689591
0.690464
0.691336
0.692207
0.693077
0.693945
0.694813
0.695679
0.696545
0.697409
0.698272
0.699134
0.699995
0.700855
0.701714
0.702572
0.703429
0.704285
0.705139
0.705993
0.706846
0.707698
0.708549
0.709399
0.710248
0.711096
0.711943
0.712789
0.713635
0.714479
0.715322
0.716165
0.717007
0.717848
0.718688
0.719527
0.720365
0.721203
0.722039
0.722875
0.723710
0.724544
0.725378
0.726210
0.727042
0.727873
0.728704
0.729533
0.730362
0.731190
0.732017
0.732844
0.733670
0.734495
0.735320
0.736144
0.736967
0.737789
0.738611
0.739432
0.740252
0.741072
0.741891
0.742710
0.743528
0.744345
0.745162
0.745978
0.746793
0.747608
0.748422
0.749236
0.750049
0.750861
0.751673
0.752484
0.753295
0.754105
0.754915
0.755724
0.756532
0.757340
0.758148
0.758955
0.759761
0.760567
0.761373
0.762178
0.762982
0.763786
0.764589
0.765392
0.766195
0.766997
0.767798
0.768599
0.769400
0.770200
0.770999
0.771798
0.772597
0.773395
0.774193
0.774990
0.775787
0.776584
0.777380
0.778175
0.778970
0.779765
0.780559
0.781353
0.782146
0.782939
0.783732
0.784524
0.785315
0.786107
0.786897
0.787688
0.788478
0.789267
0.790056
0.790845
0.791633
0.792421
0.793209
0.793996
0.794782
0.795569
0.796354
0.797140
0.797925
0.798709
0.799493
0.800277
0.801060
0.801843
0.802625
0.803407
0.804188
0.804969
0.805750
0.806530
0.807310
0.808089
0.808868
0.809646
0.810424
0.811202
0.811979
0.812755
0.813531
0.814307
0.815082
0.815857
0.816631
0.817404
0.818178
0.818950
0.819722
0.820494
0.821265
0.822036
0.822806
0.823576
0.824345
0.825113
0.825881
0.826649
0.827416
0.828182
0.828948
0.829713
0.830478
0.831242
0.832005
0.832768
0.833530
0.834292
0.835053
0.835813
0.836573
0.837332
0.838090
0.838848
0.839605
0.840362
0.841118
0.841873
0.842627
0.843381
0.844134
0.844886
0.845637
0.846388
0.847138
0.847887
0.848636
0.849384
0.850131
0.850877
0.851622
0.852366
0.853110
0.853853
0.854595
0.855336
0.856076
0.856816
0.857554
0.858292
0.859028
0.859764
0.860499
0.861233
0.861965
0.862697
0.863428
0.864158
0.864887
0.865615
0.866342
0.867068
0.867793
0.868516
0.869239
0.869961
0.870681
0.871401
0.872119
0.872836
0.873552
0.874267
0.874980
0.875693
0.876404
0.877114
0.877823
0.878530
0.879237
0.879942
0.880645
0.881348
0.882049
0.882749
0.883447
0.884144
0.884840
0.885535
0.886228
0.886919
0.887609
0.888298
0.888985
0.889671
0.890356
0.891039
0.891720
0.892400
0.893078
0.893755
0.894431
0.895104
0.895776
