0.286893
0.275827
0.334191
0.378472
0.414196
0.444327
0.470545
0.493856
0.514925
0.534238
0.552152
0.568924
0.584750
0.599796
0.614204
0.628082
0.641504
0.654575
0.667431
0.680240
0.693269
0.707215
0.720407
0.728673
0.735432
0.742095
0.748704
0.755255
0.761742
0.768160
0.774503
0.780768
0.786948
0.793040
0.799039
0.804940
0.810741
0.816437
0.822025
0.827717
0.833044
0.838260
0.843360
0.848342
0.853204
0.857942
0.862556
0.867044
0.871405
0.875638
0.879742
0.883717
0.887563
0.891281
0.894870
0.898332
0.901667
0.904877
0.907962
0.910926
0.913768
0.916492
0.919099
0.921592
0.923973
0.926244
0.928408
0.930468
0.932426
0.934286
0.936050
0.937722
0.939304
0.940800
0.942212
0.943544
0.944799
0.945980
0.947090
0.948132
0.949109
0.950024
0.950880
0.951680
0.952426
0.953122
0.953770
0.954372
0.954931
0.955450
0.955931
0.956376
0.956787
0.957167
0.957517
0.957839
0.958136
0.958408
0.958658
0.958887
0.959097
0.959289
0.959464
0.959623
0.959768
0.959901
0.960021
0.960130
0.960228
0.960318
0.960399
0.960472
0.960537
0.960597
0.960650
0.960698
0.960741
0.960779
0.960814
0.960845
0.960872
0.960897
0.960919
0.960938
0.960955
0.960971
0.960984
0.960996
0.961007
0.961016
0.961025
0.961032
0.961039
0.961044
0.961049
0.961053
0.961057
0.961061
0.961063
0.961066
0.961068
0.961070
0.961072
0.961073
0.961075
0.961076
0.961077
0.961077
0.961078
0.961079
0.961079
0.961080
0.961080
0.961080
0.961081
0.961081
0.961081
0.961081
0.961081
0.961082
0.961082
0.961082
0.961082
0.961082
0.961082
0.961082
0.961082
0.961082
0.961082
0.961082
0.961082
0.961082
0.961082
0.961082
0.961082
0.961082
0.961082
0.961082
0.961082
0.961082
0.961082
0.961082
0.961082
0.961082
0.961082
0.961082
0.961082
0.961082
0.961082
0.961082
0.961082
0.961082
0.961082
0.961082
0.961082
0.961082
0.961082
0.961082
0.961082
0.961082
0.961082
0.961082
0.961082
0.961082
0.961082
0.961082
0.961082
0.961082
0.961082
0.961082
0.961082
0.961082
0.961082
0.961082
0.961082
0.961082
0.961082
0.961082
0.961082
0.961082
0.961082
0.961082
0.961082
0.961082
0.961082
0.961082
0.961082
0.961082
0.961082
0.961082
0.961082
0.961082
0.961082
0.961082
0.961082
0.961082
0.961082
0.961082
0.961082
0.961082
0.961082
0.961082
0.961082
0.961082
0.961082
0.961082
0.961082
0.961082
0.961082
0.961082
0.961082
0.961082
0.961082
0.961082
0.961082
0.961082
0.961082
0.961082
0.961082
0.961082
0.961082
0.961082
0.961082
0.961082
0.961082
0.961082
0.961082
0.961082
0.961082
0.961082
0.961082
0.961082
0.961082
0.961082
0.961082
0.961082
0.961082
0.961082
0.961082
0.961082
0.961082
0.961082
0.961082
0.961082
0.961082
0.961082
0.961082
0.961082
0.961082
0.961082
0.961082
0.961082
0.961082
0.961082
0.961082
0.961082
0.961082
0.961082
0.961082
0.961082
0.961082
0.961082
0.961082
0.961082
0.961082
0.961082
0.961082
0.961082
0.961082
0.961082
0.961082
0.961082
0.961082
0.961082
0.961082
0.961082
0.961082
0.961082
0.961082
0.961082
0.961082
0.961082
0.961082
0.961082
0.961082
0.961082
0.961082
0.961082
0.961082
0.961082
0.961082
0.961082
0.961082
0.961082
0.961082
0.961082
0.961082
0.961082
0.961082
0.961082
0.961082
0.961082
0.961082
0.961082
0.961082
0.961082
0.961082
0.961082
0.961082
0.961082
0.961082
0.961082
0.961082
0.961082
0.961082
0.961082
0.961082
0.961082
0.961082
0.961082
0.961082
0.961082
0.961082
0.961082
0.961082
0.961082
0.961082
0.961082
0.961082
0.961082
0.961082
0.961082
0.961082
0.961082
0.961082
0.961082
0.961082
0.961082
0.961082
0.961082
0.961082
0.961082
0.961082
0.961082
0.961082
0.961082
0.961082
0.961082
0.961082
0.961082
0.961082
0.961082
0.961082
0.961082
0.961082
0.961082
0.961082
0.961082
0.961082
0.961082
0.961082
0.961082
0.961082
0.961082
0.961082
0.961082
0.961082
0.961082
0.961082
0.961082
0.961082
0.961082
0.961082
0.961082
0.961082
0.961082
0.961082
0.961082
0.961082
0.961082
0.961082
0.961082
0.961082
0.961082
0.961082
0.961082
0.961082
0.961082
0.961082
0.961082
0.961082
0.961082
0.961082
0.961082
0.961082
0.961082
0.961082
0.961082
0.961082
0.961082
0.961082
0.961082
0.961082
0.961082
0.961082
0.961082
0.961082
0.961082
0.961082
0.961082
0.961082
0.961082
0.961082
0.961082
0.961082
0.961082
0.961082
0.961082
0.961082
0.961082
0.961082
0.961082
0.961082
0.961082
0.961082
0.961082
0.961082
0.961082
0.961082
0.961082
0.961082
0.961082
0.961082
0.961082
0.961082
0.961082
0.961082
0.961082
0.961082
0.961082
0.961082
0.961082
0.961082
0.961082
0.961082
0.961082
0.961082
0.961082
0.961082
0.961082
0.961082
0.961082
0.961082
0.961082
0.961082
0.961082
0.961082
0.961082
0.961082
0.961082
0.961082
0.961082
0.961082
0.961082
0.961082
0.961082
0.961082
0.961082
0.961082
0.961082
0.961082
0.961082
0.961082
0.961082
0.961082
0.961082
0.961082
0.961082
0.961082
0.961082
0.961082
0.961082
0.961082
0.961082
0.961082
0.961082
0.961082
0.961082
0.961082
0.961082
0.961082
0.961082
0.961082
0.961082
0.961082
0.961082
0.961082
0.961082
0.961082
0.961082
0.961082
0.961082
0.961082
0.961082
0.961082
0.961082
0.961082
0.961082
0.961082
0.961082
0.961082
0.961082
0.961082
0.961082
0.961082
0.961082
0.961082
0.961082
0.961082
0.961082
0.961082
0.961082
0.961082
0.961082
0.961082
0.961082
0.961082
0.961082
0.961082
0.961082
0.961082
0.961082
0.961082
0.961082
0.961082
0.961082
0.961082
0.961082
0.961082
0.961082
0.961082
0.961082
0.961082
0.961082
0.961082
0.961082
0.961082
0.961082
0.961082
0.961082
0.961082
0.961082
0.961082
0.961082
0.961082
0.961082
0.961082
0.961082
0.961082
0.961082
