0.010391
0.022710
0.042809
0.082073
0.137979
0.185400
0.221767
0.245615
0.259703
0.267685
0.272376
0.275487
0.277908
0.280053
0.282095
0.284099
0.286089
0.288071
0.290047
0.292016
0.293980
0.295938
0.297889
0.299835
0.301775
0.303709
0.305638
0.307561
0.309478
0.311390
0.313296
0.315197
0.317092
0.318982
0.320867
0.322746
0.324620
0.326488
0.328351
0.330270
0.331995
0.333697
0.335391
0.337081
0.338766
0.340447
0.342124
0.343796
0.345464
0.347128
0.348787
0.350442
0.352093
0.353740
0.355382
0.357020
0.358654
0.360284
0.361910
0.363532
0.365149
0.366762
0.368371
0.369976
0.371577
0.373174
0.374766
0.376355
0.377940
0.379520
0.381096
0.382669
0.384237
0.385802
0.387362
0.388918
0.390471
0.392019
0.393563
0.395104
0.396641
0.398173
0.399702
0.401227
0.402747
0.404264
0.405778
0.407287
0.408792
0.410294
0.411791
0.413285
0.414775
0.416261
0.417744
0.419222
0.420697
0.422168
0.423636
0.425099
0.426559
0.428015
0.429467
0.430916
0.432361
0.433802
0.435240
0.436674
0.438104
0.439530
0.440953
0.442372
0.443788
0.445200
0.446608
0.448013
0.449415
0.450812
0.452206
0.453597
0.454984
0.456367
0.457747
0.459123
0.460496
0.461865
0.463231
0.464593
0.465952
0.467308
0.468659
0.470008
0.471353
0.472694
0.474033
0.475367
0.476698
0.478026
0.479351
0.480672
0.481990
0.483304
0.484615
0.485923
0.487227
0.488528
0.489826
0.491120
0.492411
0.493699
0.494983
0.496264
0.497542
0.498817
0.500088
0.501356
0.502621
0.503883
0.505141
0.506397
0.507649
0.508898
0.510143
0.511386
0.512625
0.513861
0.515094
0.516324
0.517550
0.518774
0.519994
0.521212
0.522426
0.523637
0.524845
0.526050
0.527252
0.528450
0.529646
0.530839
0.532028
0.533215
0.534398
0.535579
0.536756
0.537931
0.539102
0.540271
0.541436
0.542599
0.543759
0.544915
0.546069
0.547220
0.548367
0.549512
0.550654
0.551793
0.552929
0.554062
0.555193
0.556320
0.557445
0.558566
0.559685
0.560801
0.561914
0.563025
0.564132
0.565237
0.566338
0.567437
0.568534
0.569627
0.570718
0.571805
0.572891
0.573973
0.575052
0.576129
0.577203
0.578274
0.579343
0.580409
0.581472
0.582532
0.583590
0.584645
0.585697
0.586747
0.587794
0.588838
0.589879
0.590918
0.591955
0.592988
0.594019
0.595048
0.596073
0.597097
0.598117
0.599135
0.600150
0.601163
0.602173
0.603181
0.604186
0.605188
0.606188
0.607185
0.608180
0.609173
0.610162
0.611149
0.612134
0.613116
0.614096
0.615073
0.616048
0.617020
0.617990
0.618957
0.619922
0.620884
0.621844
0.622801
0.623756
0.624709
0.625659
0.626607
0.627552
0.628495
0.629435
0.630373
0.631309
0.632242
0.633173
0.634102
0.635028
0.635952
0.636873
0.637792
0.638709
0.639624
0.640536
0.641445
0.642353
0.643258
0.644161
0.645061
0.645960
0.646856
0.647749
0.648641
0.649530
0.650417
0.651301
0.652184
0.653064
0.653942
0.654817
0.655691
0.656562
0.657431
0.658297
0.659162
0.660024
0.660884
0.661742
0.662598
0.663452
0.664303
0.665152
0.665999
0.666844
0.667687
0.668528
0.669366
0.670202
0.671037
0.671869
0.672699
0.673526
0.674352
0.675176
0.675997
0.676817
0.677634
0.678449
0.679263
0.680074
0.680883
0.681690
0.682495
0.683298
0.684098
0.684897
0.685694
0.686489
0.687281
0.688072
0.688861
0.689648
0.690432
0.691215
0.691996
0.692774
0.693551
0.694326
0.695099
0.695869
0.696638
0.697405
0.698170
0.698933
0.699694
0.700453
0.701210
0.701966
0.702719
0.703471
0.704220
0.704968
0.705713
0.706457
0.707199
0.707939
0.708677
0.709413
0.710148
0.710880
0.711611
0.712340
0.713067
0.713792
0.714515
0.715237
0.715956
0.716674
0.717390
0.718104
0.718816
0.719527
0.720235
0.720942
0.721647
0.722351
0.723052
0.723752
0.724450
0.725146
0.725840
0.726533
0.727224
0.727913
0.728600
0.729286
0.729970
0.730652
0.731332
0.732011
0.732688
0.733363
0.734037
0.734709
0.735379
0.736047
0.736714
0.737379
0.738042
0.738704
0.739364
0.740022
0.740679
0.741333
0.741987
0.742638
0.743288
0.743937
0.744583
0.745228
0.745872
0.746513
0.747154
0.747792
0.748429
0.749064
0.749698
0.750330
0.750960
0.751589
0.752216
0.752842
0.753466
0.754089
0.754710
0.755329
0.755947
0.756563
0.757178
0.757791
0.758402
0.759012
0.759621
0.760227
0.760833
0.761437
0.762039
0.762640
0.763239
0.763837
0.764433
0.765028
0.765621
0.766212
0.766803
0.767391
0.767979
0.768564
0.769148
0.769731
0.770313
0.770892
0.771471
0.772048
0.772623
0.773197
0.773769
0.774341
0.774910
0.775478
0.776045
0.776610
0.777174
0.777737
0.778298
0.778857
0.779416
0.779972
0.780528
0.781082
0.781634
0.782186
0.782735
0.783284
0.783831
0.784376
0.784921
0.785464
0.786005
0.786545
0.787084
0.787622
0.788158
0.788692
0.789226
0.789758
0.790288
0.790818
0.791346
0.791872
0.792398
0.792922
0.793445
0.793966
0.794486
0.795005
0.795522
0.796039
0.796553
0.797067
0.797579
0.798090
0.798600
0.799108
0.799616
0.800121
0.800626
0.801129
0.801631
0.802132
0.802632
0.803130
0.803627
0.804123
0.804618
0.805111
0.805603
0.806094
0.806583
0.807072
0.807559
0.808045
0.808530
0.809013
0.809495
0.809976
0.810456
0.810935
0.811412
0.811889
0.812364
0.812838
0.813310
0.813782
0.814252
0.814721
0.815189
0.815656
0.816122
0.816586
0.817050
0.817512
0.817973
0.818433
0.818892
0.819349
0.819806
0.820261
0.820715
0.821168
0.821620
0.822071
0.822521
0.822969
0.823417
0.823863
0.824308
0.824752
0.825195
0.825637
0.826078
0.826518
0.826956
0.827394
0.827830
0.828266
0.828700
0.829133
0.829565
0.829996
0.830426
0.830855
0.831283
0.831710
0.832136
0.832560
0.832984
0.833406
0.833828
0.834249
0.834668
0.835086
0.835504
0.835920
0.836336
0.836750
0.837163
0.837575
0.837987
