0.441316
0.561194
0.629495
0.675021
0.708339
0.734238
0.755210
0.772666
0.787522
0.800388
0.811665
0.821660
0.830614
0.838708
0.846083
0.852862
0.859155
0.865056
0.870645
0.876017
0.881290
0.886626
0.892309
0.898740
0.904249
0.906262
0.906518
0.906530
0.906531
0.906531
0.906531
0.906531
0.906531
0.906531
0.906531
0.906531
0.906531
0.906531
0.906531
0.906531
0.906531
0.906531
0.906531
0.906531
0.906531
0.906531
0.906531
0.906531
0.906531
0.906531
0.906531
0.906531
0.906531
0.906531
0.906531
0.906531
0.906531
0.906531
0.906531
0.906531
0.906531
0.906531
0.906531
0.906531
0.906531
0.906531
0.906531
0.906531
0.906531
0.906531
0.906531
0.906531
0.906531
0.906531
0.906531
0.906531
0.906531
0.906531
0.906531
0.906531
0.906531
0.906531
0.906531
0.906531
0.906531
0.906531
0.906531
0.906531
0.906531
0.906531
0.906531
0.906531
0.906531
0.906531
0.906531
0.906531
0.906531
0.906531
0.906531
0.906531
0.906531
0.906531
0.906531
0.906531
0.906531
0.906531
0.906531
0.906531
0.906531
0.906531
0.906531
0.906531
0.906531
0.906531
0.906531
0.906531
0.906531
0.906531
0.906531
0.906531
0.906531
0.906531
0.906531
0.906531
0.906531
0.906531
0.906531
0.906531
0.906531
0.906531
0.906531
0.906531
0.906531
0.906531
0.906531
0.906531
0.906531
0.906531
0.906531
0.906531
0.906531
0.906531
0.906531
0.906531
0.906531
0.906531
0.906531
0.906531
0.906531
0.906531
0.906531
0.906531
0.906531
0.906531
0.906531
0.906531
0.906531
0.906531
0.906531
0.906531
0.906531
0.906531
0.906531
0.906531
0.906531
0.906531
0.906531
0.906531
0.906531
0.906531
0.906531
0.906531
0.906531
0.906531
0.906531
0.906531
0.906531
0.906531
0.906531
0.906531
0.906531
0.906531
0.906531
0.906531
0.906531
0.906531
0.906531
0.906531
0.906531
0.906531
0.906531
0.906531
0.906531
0.906531
0.906531
0.906531
0.906531
0.906531
0.906531
0.906531
0.906531
0.906531
0.906531
0.906531
0.906531
0.906531
0.906531
0.906531
0.906531
0.906531
0.906531
0.906531
0.906531
0.906531
0.906531
0.906531
0.906531
0.906531
0.906531
0.906531
0.906531
0.906531
0.906531
0.906531
0.906531
0.906531
0.906531
0.906531
0.906531
0.906531
0.906531
0.906531
0.906531
0.906531
0.906531
0.906531
0.906531
0.906531
0.906531
0.906531
0.906531
0.906531
0.906531
0.906531
0.906531
0.906531
0.906531
0.906531
0.906531
0.906531
0.906531
0.906531
0.906531
0.906531
0.906531
0.906531
0.906531
0.906531
0.906531
0.906531
0.906531
0.906531
0.906531
0.906531
0.906531
0.906531
0.906531
0.906531
0.906531
0.906531
0.906531
0.906531
0.906531
0.906531
0.906531
0.906531
0.906531
0.906531
0.906531
0.906531
0.906531
0.906531
0.906531
0.906531
0.906531
0.906531
0.906531
0.906531
0.906531
0.906531
0.906531
0.906531
0.906531
0.906531
0.906531
0.906531
0.906531
0.906531
0.906531
0.906531
0.906531
0.906531
0.906531
0.906531
0.906531
0.906531
0.906531
0.906531
0.906531
0.906531
0.906531
0.906531
0.906531
0.906531
0.906531
0.906531
0.906531
0.906531
0.906531
0.906531
0.906531
0.906531
0.906531
0.906531
0.906531
0.906531
0.906531
0.906531
0.906531
0.906531
0.906531
0.906531
0.906531
0.906531
0.906531
0.906531
0.906531
0.906531
0.906531
0.906531
0.906531
0.906531
0.906531
0.906531
0.906531
0.906531
0.906531
0.906531
0.906531
0.906531
0.906531
0.906531
0.906531
0.906531
0.906531
0.906531
0.906531
0.906531
0.906531
0.906531
0.906531
0.906531
0.906531
0.906531
0.906531
0.906531
0.906531
0.906531
0.906531
0.906531
0.906531
0.906531
0.906531
0.906531
0.906531
0.906531
0.906531
0.906531
0.906531
0.906531
0.906531
0.906531
0.906531
0.906531
0.906531
0.906531
0.906531
0.906531
0.906531
0.906531
0.906531
0.906531
0.906531
0.906531
0.906531
0.906531
0.906531
0.906531
0.906531
0.906531
0.906531
0.906531
0.906531
0.906531
0.906531
0.906531
0.906531
0.906531
0.906531
0.906531
0.906531
0.906531
0.906531
0.906531
0.906531
0.906531
0.906531
0.906531
0.906531
0.906531
0.906531
0.906531
0.906531
0.906531
0.906531
0.906531
0.906531
0.906531
0.906531
0.906531
0.906531
0.906531
0.906531
0.906531
0.906531
0.906531
0.906531
0.906531
0.906531
0.906531
0.906531
0.906531
0.906531
0.906531
0.906531
0.906531
0.906531
0.906531
0.906531
0.906531
0.906531
0.906531
0.906531
0.906531
0.906531
0.906531
0.906531
0.906531
0.906531
0.906531
0.906531
0.906531
0.906531
0.906531
0.906531
0.906531
0.906531
0.906531
0.906531
0.906531
0.906531
0.906531
0.906531
0.906531
0.906531
0.906531
0.906531
0.906531
0.906531
0.906531
0.906531
0.906531
0.906531
0.906531
0.906531
0.906531
0.906531
0.906531
0.906531
0.906531
0.906531
0.906531
0.906531
0.906531
0.906531
0.906531
0.906531
0.906531
0.906531
0.906531
0.906531
0.906531
0.906531
0.906531
0.906531
0.906531
0.906531
0.906531
0.906531
0.906531
0.906531
0.906531
0.906531
0.906531
0.906531
0.906531
0.906531
0.906531
0.906531
0.906531
0.906531
0.906531
0.906531
0.906531
0.906531
0.906531
0.906531
0.906531
0.906531
0.906531
0.906531
0.906531
0.906531
0.906531
0.906531
0.906531
0.906531
0.906531
0.906531
0.906531
0.906531
0.906531
0.906531
0.906531
0.906531
0.906531
0.906531
0.906531
0.906531
0.906531
0.906531
0.906531
0.906531
0.906531
0.906531
0.906531
0.906531
0.906531
0.906531
0.906531
0.906531
0.906531
0.906531
0.906531
0.906531
0.906531
0.906531
0.906531
0.906531
0.906531
0.906531
0.906531
0.906531
0.906531
0.906531
0.906531
0.906531
0.906531
0.906531
0.906531
0.906531
0.906531
0.906531
0.906531
0.906531
0.906531
0.906531
0.906531
0.906531
0.906531
0.906531
0.906531
0.906531
0.906531
0.906531
0.906531
0.906531
0.906531
0.906531
0.906531
