0.438219
0.559482
0.628507
0.674489
0.708108
0.734229
0.755366
0.772950
0.787915
0.800870
0.812223
0.822283
0.831296
0.839442
0.846864
0.853688
0.860024
0.865967
0.871597
0.877012
0.882337
0.887741
0.893538
0.900110
0.905384
0.907058
0.907235
0.907242
0.907242
0.907242
0.907242
0.907242
0.907242
0.907242
0.907242
0.907242
0.907242
0.907242
0.907242
0.907242
0.907242
0.907242
0.907242
0.907242
0.907242
0.907242
0.907242
0.907242
0.907242
0.907242
0.907242
0.907242
0.907242
0.907242
0.907242
0.907242
0.907242
0.907242
0.907242
0.907242
0.907242
0.907242
0.907242
0.907242
0.907242
0.907242
0.907242
0.907242
0.907242
0.907242
0.907242
0.907242
0.907242
0.907242
0.907242
0.907242
0.907242
0.907242
0.907242
0.907242
0.907242
0.907242
0.907242
0.907242
0.907242
0.907242
0.907242
0.907242
0.907242
0.907242
0.907242
0.907242
0.907242
0.907242
0.907242
0.907242
0.907242
0.907242
0.907242
0.907242
0.907242
0.907242
0.907242
0.907242
0.907242
0.907242
0.907242
0.907242
0.907242
0.907242
0.907242
0.907242
0.907242
0.907242
0.907242
0.907242
0.907242
0.907242
0.907242
0.907242
0.907242
0.907242
0.907242
0.907242
0.907242
0.907242
0.907242
0.907242
0.907242
0.907242
0.907242
0.907242
0.907242
0.907242
0.907242
0.907242
0.907242
0.907242
0.907242
0.907242
0.907242
0.907242
0.907242
0.907242
0.907242
0.907242
0.907242
0.907242
0.907242
0.907242
0.907242
0.907242
0.907242
0.907242
0.907242
0.907242
0.907242
0.907242
0.907242
0.907242
0.907242
0.907242
0.907242
0.907242
0.907242
0.907242
0.907242
0.907242
0.907242
0.907242
0.907242
0.907242
0.907242
0.907242
0.907242
0.907242
0.907242
0.907242
0.907242
0.907242
0.907242
0.907242
0.907242
0.907242
0.907242
0.907242
0.907242
0.907242
0.907242
0.907242
0.907242
0.907242
0.907242
0.907242
0.907242
0.907242
0.907242
0.907242
0.907242
0.907242
0.907242
0.907242
0.907242
0.907242
0.907242
0.907242
0.907242
0.907242
0.907242
0.907242
0.907242
0.907242
0.907242
0.907242
0.907242
0.907242
0.907242
0.907242
0.907242
0.907242
0.907242
0.907242
0.907242
0.907242
0.907242
0.907242
0.907242
0.907242
0.907242
0.907242
0.907242
0.907242
0.907242
0.907242
0.907242
0.907242
0.907242
0.907242
0.907242
0.907242
0.907242
0.907242
0.907242
0.907242
0.907242
0.907242
0.907242
0.907242
0.907242
0.907242
0.907242
0.907242
0.907242
0.907242
0.907242
0.907242
0.907242
0.907242
0.907242
0.907242
0.907242
0.907242
0.907242
0.907242
0.907242
0.907242
0.907242
0.907242
0.907242
0.907242
0.907242
0.907242
0.907242
0.907242
0.907242
0.907242
0.907242
0.907242
0.907242
0.907242
0.907242
0.907242
0.907242
0.907242
0.907242
0.907242
0.907242
0.907242
0.907242
0.907242
0.907242
0.907242
0.907242
0.907242
0.907242
0.907242
0.907242
0.907242
0.907242
0.907242
0.907242
0.907242
0.907242
0.907242
0.907242
0.907242
0.907242
0.907242
0.907242
0.907242
0.907242
0.907242
0.907242
0.907242
0.907242
0.907242
0.907242
0.907242
0.907242
0.907242
0.907242
0.907242
0.907242
0.907242
0.907242
0.907242
0.907242
0.907242
0.907242
0.907242
0.907242
0.907242
0.907242
0.907242
0.907242
0.907242
0.907242
0.907242
0.907242
0.907242
0.907242
0.907242
0.907242
0.907242
0.907242
0.907242
0.907242
0.907242
0.907242
0.907242
0.907242
0.907242
0.907242
0.907242
0.907242
0.907242
0.907242
0.907242
0.907242
0.907242
0.907242
0.907242
0.907242
0.907242
0.907242
0.907242
0.907242
0.907242
0.907242
0.907242
0.907242
0.907242
0.907242
0.907242
0.907242
0.907242
0.907242
0.907242
0.907242
0.907242
0.907242
0.907242
0.907242
0.907242
0.907242
0.907242
0.907242
0.907242
0.907242
0.907242
0.907242
0.907242
0.907242
0.907242
0.907242
0.907242
0.907242
0.907242
0.907242
0.907242
0.907242
0.907242
0.907242
0.907242
0.907242
0.907242
0.907242
0.907242
0.907242
0.907242
0.907242
0.907242
0.907242
0.907242
0.907242
0.907242
0.907242
0.907242
0.907242
0.907242
0.907242
0.907242
0.907242
0.907242
0.907242
0.907242
0.907242
0.907242
0.907242
0.907242
0.907242
0.907242
0.907242
0.907242
0.907242
0.907242
0.907242
0.907242
0.907242
0.907242
0.907242
0.907242
0.907242
0.907242
0.907242
0.907242
0.907242
0.907242
0.907242
0.907242
0.907242
0.907242
0.907242
0.907242
0.907242
0.907242
0.907242
0.907242
0.907242
0.907242
0.907242
0.907242
0.907242
0.907242
0.907242
0.907242
0.907242
0.907242
0.907242
0.907242
0.907242
0.907242
0.907242
0.907242
0.907242
0.907242
0.907242
0.907242
0.907242
0.907242
0.907242
0.907242
0.907242
0.907242
0.907242
0.907242
0.907242
0.907242
0.907242
0.907242
0.907242
0.907242
0.907242
0.907242
0.907242
0.907242
0.907242
0.907242
0.907242
0.907242
0.907242
0.907242
0.907242
0.907242
0.907242
0.907242
0.907242
0.907242
0.907242
0.907242
0.907242
0.907242
0.907242
0.907242
0.907242
0.907242
0.907242
0.907242
0.907242
0.907242
0.907242
0.907242
0.907242
0.907242
0.907242
0.907242
0.907242
0.907242
0.907242
0.907242
0.907242
0.907242
0.907242
0.907242
0.907242
0.907242
0.907242
0.907242
0.907242
0.907242
0.907242
0.907242
0.907242
0.907242
0.907242
0.907242
0.907242
0.907242
0.907242
0.907242
0.907242
0.907242
0.907242
0.907242
0.907242
0.907242
0.907242
0.907242
0.907242
0.907242
0.907242
0.907242
0.907242
0.907242
0.907242
0.907242
0.907242
0.907242
0.907242
0.907242
0.907242
0.907242
0.907242
0.907242
0.907242
0.907242
0.907242
0.907242
0.907242
0.907242
0.907242
0.907242
0.907242
0.907242
0.907242
0.907242
0.907242
0.907242
0.907242
0.907242
0.907242
0.907242
0.907242
0.907242
0.907242
0.907242
0.907242
0.907242
0.907242
0.907242
