0.011712
0.024846
0.038331
0.052451
0.067553
0.084423
0.103733
0.117104
0.133170
0.154880
0.183988
0.217683
0.248387
0.268998
0.278163
0.280084
0.280034
0.280774
0.282447
0.284399
0.286367
0.288330
0.290286
0.292237
0.294182
0.296121
0.298055
0.299984
0.301907
0.303824
0.305737
0.307644
0.309545
0.311442
0.313333
0.315219
0.317101
0.318977
0.320848
0.322758
0.324466
0.326168
0.327865
0.329559
0.331249
0.332934
0.334616
0.336293
0.337967
0.339636
0.341302
0.342964
0.344621
0.346275
0.347925
0.349571
0.351213
0.352852
0.354486
0.356117
0.357744
0.359367
0.360987
0.362602
0.364215
0.365823
0.367428
0.369029
0.370626
0.372220
0.373810
0.375397
0.376980
0.378560
0.380136
0.381708
0.383278
0.384843
0.386405
0.387964
0.389520
0.391072
0.392620
0.394166
0.395708
0.397246
0.398782
0.400314
0.401843
0.403368
0.404891
0.406410
0.407926
0.409439
0.410949
0.412455
0.413959
0.415459
0.416957
0.418451
0.419943
0.421431
0.422917
0.424399
0.425879
0.427355
0.428829
0.430300
0.431768
0.433233
0.434695
0.436155
0.437612
0.439066
0.440517
0.441965
0.443411
0.444854
0.446295
0.447733
0.449168
0.450601
0.452031
0.453458
0.454883
0.456306
0.457726
0.459143
0.460558
0.461971
0.463381
0.464788
0.466194
0.467597
0.468997
0.470396
0.471791
0.473185
0.474577
0.475966
0.477353
0.478737
0.480120
0.481500
0.482878
0.484254
0.485628
0.487000
0.488370
0.489737
0.491103
0.492467
0.493828
0.495188
0.496545
0.497901
0.499255
0.500606
0.501956
0.503304
0.504650
0.505995
0.507337
0.508678
0.510017
0.511354
0.512689
0.514023
0.515354
0.516685
0.518013
0.519340
0.520665
0.521988
0.523310
0.524630
0.525949
0.527266
0.528581
0.529895
0.531208
0.532519
0.533828
0.535136
0.536442
0.537747
0.539051
0.540353
0.541654
0.542953
0.544251
0.545548
0.546843
0.548137
0.549429
0.550720
0.552010
0.553299
0.554586
0.555873
0.557157
0.558441
0.559724
0.561005
0.562285
0.563564
0.564841
0.566118
0.567393
0.568668
0.569941
0.571213
0.572484
0.573754
0.575022
0.576290
0.577557
0.578822
0.580087
0.581351
0.582613
0.583875
0.585135
0.586395
0.587653
0.588911
0.590168
0.591424
0.592678
0.593932
0.595185
0.596437
0.597688
0.598939
0.600188
0.601436
0.602684
0.603931
0.605177
0.606422
0.607666
0.608909
0.610151
0.611393
0.612634
0.613874
0.615113
0.616351
0.617589
0.618826
0.620062
0.621297
0.622531
0.623765
0.624998
0.626230
0.627461
0.628692
0.629921
0.631150
0.632378
0.633606
0.634833
0.636059
0.637284
0.638508
0.639732
0.640955
0.642177
0.643399
0.644619
0.645839
0.647059
0.648277
0.649495
0.650712
0.651928
0.653144
0.654358
0.655572
0.656786
0.657998
0.659210
0.660421
0.661631
0.662841
0.664049
0.665257
0.666465
0.667671
0.668877
0.670082
0.671286
0.672489
0.673692
0.674893
0.676094
0.677295
0.678494
0.679693
0.680890
0.682087
0.683283
0.684479
0.685673
0.686867
0.688060
0.689251
0.690442
0.691633
0.692822
0.694010
0.695198
0.696385
0.697570
0.698755
0.699939
0.701122
0.702304
0.703485
0.704666
0.705845
0.707023
0.708201
0.709377
0.710552
0.711726
0.712900
0.714072
0.715243
0.716414
0.717583
0.718751
0.719918
0.721084
0.722249
0.723413
0.724575
0.725737
0.726897
0.728056
0.729214
0.730371
0.731527
0.732682
0.733835
0.734987
0.736138
0.737288
0.738436
0.739583
0.740729
0.741874
0.743017
0.744159
0.745300
0.746439
0.747577
0.748713
0.749848
0.750982
0.752115
0.753246
0.754375
0.755503
0.756630
0.757755
0.758878
0.760001
0.761121
0.762240
0.763358
0.764474
0.765588
0.766701
0.767812
0.768922
0.770029
0.771136
0.772240
0.773343
0.774444
0.775544
0.776642
0.777738
0.778832
0.779924
0.781015
0.782104
0.783191
0.784276
0.785360
0.786441
0.787521
0.788599
0.789674
0.790748
0.791820
0.792890
0.793958
0.795024
0.796089
0.797151
0.798211
0.799269
0.800324
0.801378
0.802430
0.803479
0.804527
0.805572
0.806615
0.807656
0.808695
0.809732
0.810766
0.811798
0.812828
0.813856
0.814881
0.815904
0.816925
0.817943
0.818959
0.819973
0.820984
0.821993
0.822999
0.824003
0.825005
0.826004
0.827001
0.827995
0.828987
0.829976
0.830963
0.831947
0.832928
0.833907
0.834884
0.835858
0.836829
0.837798
0.838764
0.839727
0.840687
0.841645
0.842601
0.843553
0.844503
0.845450
0.846395
0.847336
0.848275
0.849211
0.850144
0.851075
0.852002
0.852927
0.853849
0.854768
0.855684
0.856598
0.857508
0.858415
0.859320
0.860221
0.861120
0.862016
0.862909
0.863798
0.864685
0.865569
0.866449
0.867327
0.868202
0.869073
0.869942
0.870807
0.871670
0.872529
0.873385
0.874238
0.875088
0.875935
0.876779
0.877619
0.878457
0.879291
0.880122
0.880950
0.881774
0.882596
0.883414
0.884229
0.885041
0.885849
0.886655
0.887457
0.888255
0.889051
0.889843
0.890632
0.891418
0.892200
0.892980
0.893755
0.894528
0.895297
0.896063
0.896825
0.897585
0.898340
0.899093
0.899842
0.900588
0.901330
0.902070
0.902805
0.903538
0.904267
0.904992
0.905714
0.906433
0.907149
0.907861
0.908569
0.909275
0.909976
0.910675
0.911370
0.912061
0.912750
0.913434
0.914116
0.914794
0.915468
0.916139
0.916807
0.917471
0.918132
0.918789
0.919443
0.920094
0.920741
0.921385
0.922025
0.922662
0.923295
0.923925
0.924552
0.925175
0.925795
0.926411
0.927024
0.927633
0.928240
0.928842
0.929441
0.930037
0.930630
0.931219
0.931804
0.932386
0.932965
0.933541
0.934113
0.934681
0.935247
0.935808
0.936367
0.936922
0.937474
0.938022
0.938567
0.939109
0.939647
0.940182
0.940714
0.941242
0.941767
0.942289
0.942807
0.943322
0.943834
0.944343
0.944848
0.945350
0.945848
0.946343
0.946836
0.947324
0.947810
0.948292
0.948771
0.949247
0.949720
0.950189
0.950655
0.951118
