0.032568
0.070096
0.110846
0.157566
0.211566
0.253963
0.254919
0.236136
0.233428
0.241335
0.249683
0.257814
0.265900
0.274208
0.283674
0.291695
0.294253
0.296278
0.298301
0.300321
0.302340
0.304357
0.306373
0.308387
0.310400
0.312412
0.314423
0.316433
0.318442
0.320451
0.322459
0.324467
0.326475
0.328483
0.330492
0.332501
0.334510
0.336520
0.338531
0.340571
0.342400
0.344250
0.346103
0.347958
0.349817
0.351678
0.353542
0.355409
0.357279
0.359152
0.361029
0.362909
0.364792
0.366679
0.368570
0.370465
0.372363
0.374266
0.376173
0.378084
0.380000
0.381920
0.383844
0.385774
0.387708
0.389647
0.391591
0.393540
0.395494
0.397454
0.399418
0.401389
0.403364
0.405346
0.407333
0.409326
0.411325
0.413329
0.415340
0.417357
0.419380
0.421409
0.423445
0.425486
0.427535
0.429589
0.431651
0.433719
0.435793
0.437874
0.439962
0.442057
0.444159
0.446267
0.448383
0.450505
0.452635
0.454771
0.456915
0.459065
0.461223
0.463387
0.465559
0.467738
0.469924
0.472118
0.474318
0.476526
0.478741
0.480963
0.483192
0.485428
0.487672
0.489922
0.492180
0.494444
0.496716
0.498995
0.501280
0.503573
0.505873
0.508179
0.510492
0.512812
0.515139
0.517473
0.519813
0.522159
0.524512
0.526872
0.529238
0.531610
0.533988
0.536373
0.538763
0.541160
0.543562
0.545970
0.548384
0.550803
0.553228
0.555658
0.558094
0.560535
0.562981
0.565431
0.567887
0.570347
0.572812
0.575282
0.577756
0.580234
0.582716
0.585202
0.587692
0.590185
0.592682
0.595183
0.597687
0.600194
0.602704
0.605216
0.607732
0.610250
0.612770
0.615292
0.617817
0.620343
0.622871
0.625401
0.627932
0.630464
0.632997
0.635531
0.638066
0.640601
0.643137
0.645673
0.648208
0.650744
0.653279
0.655814
0.658348
0.660881
0.663413
0.665943
0.668473
0.671000
0.673526
0.676050
0.678571
0.681090
0.683607
0.686120
0.688631
0.691139
0.693643
0.696144
0.698641
0.701134
0.703623
0.706108
0.708589
0.711065
0.713536
0.716002
0.718462
0.720918
0.723368
0.725812
0.728250
0.730682
0.733108
0.735528
0.737941
0.740347
0.742746
0.745137
0.747522
0.749899
0.752269
0.754630
0.756984
0.759329
0.761666
0.763995
0.766315
0.768626
0.770928
0.773221
0.775505
0.777779
0.780044
0.782299
0.784544
0.786779
0.789004
0.791219
0.793423
0.795617
0.797800
0.799972
0.802133
0.804283
0.806422
0.808550
0.810666
0.812770
0.814863
0.816944
0.819013
0.821070
0.823115
0.825148
0.827168
0.829176
0.831171
0.833154
0.835124
0.837081
0.839025
0.840957
0.842875
0.844780
0.846672
0.848551
0.850416
0.852268
0.854106
0.855931
0.857742
0.859540
0.861324
0.863094
0.864851
0.866593
0.868322
0.870036
0.871737
0.873424
0.875096
0.876755
0.878399
0.880030
0.881646
0.883248
0.884836
0.886409
0.887969
0.889514
0.891045
0.892561
0.894064
0.895552
0.897026
0.898486
0.899931
0.901363
0.902780
0.904183
0.905572
0.906946
0.908307
0.909653
0.910985
0.912304
0.913608
0.914898
0.916174
0.917437
0.918685
0.919920
0.921141
0.922348
0.923541
0.924721
0.925887
0.927039
0.928178
0.929304
0.930416
0.931515
0.932600
0.933672
0.934732
0.935778
0.936811
0.937831
0.938838
0.939832
0.940814
0.941782
0.942739
0.943683
0.944614
0.945533
0.946439
0.947334
0.948216
0.949086
0.949945
0.950791
0.951626
0.952449
0.953260
0.954060
0.954848
0.955625
0.956391
0.957145
0.957889
0.958621
0.959343
0.960053
0.960753
0.961443
0.962122
0.962790
0.963449
0.964097
0.964734
0.965362
0.965980
0.966588
0.967187
0.967775
0.968354
0.968924
0.969484
0.970036
0.970578
0.971111
0.971635
0.972150
0.972656
0.973154
0.973643
0.974124
0.974597
0.975061
0.975517
0.975965
0.976405
0.976837
0.977262
0.977678
0.978088
0.978489
0.978884
0.979271
0.979651
0.980024
0.980390
0.980749
0.981101
0.981446
0.981785
0.982118
0.982444
0.982763
0.983077
0.983384
0.983685
0.983980
0.984270
0.984553
0.984831
0.985103
0.985370
0.985631
0.985887
0.986138
0.986383
0.986623
0.986859
0.987089
0.987315
0.987535
0.987751
0.987962
0.988169
0.988371
0.988569
0.988763
0.988952
0.989137
0.989318
0.989495
0.989668
0.989838
0.990003
0.990165
0.990322
0.990477
0.990627
0.990775
0.990919
0.991059
0.991196
0.991330
0.991461
0.991589
0.991713
0.991835
0.991954
0.992070
0.992183
0.992293
0.992401
0.992506
0.992608
0.992708
0.992805
0.992900
0.992992
0.993083
0.993171
0.993256
0.993340
0.993421
0.993500
0.993577
0.993653
0.993726
0.993797
0.993867
0.993934
0.994000
0.994064
0.994126
0.994187
0.994246
0.994303
0.994359
0.994414
0.994466
0.994518
0.994568
0.994616
0.994664
0.994709
0.994754
0.994797
0.994840
0.994880
0.994920
0.994959
0.994996
0.995033
0.995068
0.995102
0.995136
0.995168
0.995200
0.995230
0.995260
0.995288
0.995316
0.995343
0.995369
0.995395
0.995419
0.995443
0.995466
0.995489
0.995510
0.995531
0.995552
0.995572
0.995591
0.995609
0.995627
0.995645
0.995662
0.995678
0.995694
0.995709
0.995724
0.995738
0.995752
0.995765
0.995778
0.995791
0.995803
0.995814
0.995826
0.995837
0.995847
0.995858
0.995867
0.995877
0.995886
0.995895
0.995904
0.995912
0.995920
0.995928
0.995935
0.995942
0.995949
0.995956
0.995963
0.995969
0.995975
0.995981
0.995986
0.995992
0.995997
0.996002
0.996007
0.996011
0.996016
0.996020
0.996024
0.996028
0.996032
0.996036
0.996040
0.996043
0.996046
0.996050
0.996053
0.996056
0.996059
0.996061
0.996064
0.996066
0.996069
0.996071
0.996073
0.996076
0.996078
0.996080
0.996082
0.996083
0.996085
0.996087
0.996089
0.996090
0.996092
0.996093
0.996095
0.996096
0.996097
0.996098
0.996100
0.996101
0.996102
0.996103
0.996104
0.996105
0.996106
0.996107
0.996107
0.996108
0.996109
0.996110
0.996110
0.996111
0.996112
