0.453026
0.568087
0.633950
0.678006
0.710362
0.735562
0.756022
0.773087
0.787618
0.800212
0.811265
0.821064
0.829843
0.837781
0.845014
0.851659
0.857821
0.863594
0.869059
0.874298
0.879415
0.884543
0.889896
0.895840
0.901754
0.904951
0.905644
0.905705
0.905707
0.905707
0.905707
0.905707
0.905707
0.905707
0.905707
0.905707
0.905707
0.905707
0.905707
0.905707
0.905707
0.905707
0.905707
0.905707
0.905707
0.905707
0.905707
0.905707
0.905707
0.905707
0.905707
0.905707
0.905707
0.905707
0.905707
0.905707
0.905707
0.905707
0.905707
0.905707
0.905707
0.905707
0.905707
0.905707
0.905707
0.905707
0.905707
0.905707
0.905707
0.905707
0.905707
0.905707
0.905707
0.905707
0.905707
0.905707
0.905707
0.905707
0.905707
0.905707
0.905707
0.905707
0.905707
0.905707
0.905707
0.905707
0.905707
0.905707
0.905707
0.905707
0.905707
0.905707
0.905707
0.905707
0.905707
0.905707
0.905707
0.905707
0.905707
0.905707
0.905707
0.905707
0.905707
0.905707
0.905707
0.905707
0.905707
0.905707
0.905707
0.905707
0.905707
0.905707
0.905707
0.905707
0.905707
0.905707
0.905707
0.905707
0.905707
0.905707
0.905707
0.905707
0.905707
0.905707
0.905707
0.905707
0.905707
0.905707
0.905707
0.905707
0.905707
0.905707
0.905707
0.905707
0.905707
0.905707
0.905707
0.905707
0.905707
0.905707
0.905707
0.905707
0.905707
0.905707
0.905707
0.905707
0.905707
0.905707
0.905707
0.905707
0.905707
0.905707
0.905707
0.905707
0.905707
0.905707
0.905707
0.905707
0.905707
0.905707
0.905707
0.905707
0.905707
0.905707
0.905707
0.905707
0.905707
0.905707
0.905707
0.905707
0.905707
0.905707
0.905707
0.905707
0.905707
0.905707
0.905707
0.905707
0.905707
0.905707
0.905707
0.905707
0.905707
0.905707
0.905707
0.905707
0.905707
0.905707
0.905707
0.905707
0.905707
0.905707
0.905707
0.905707
0.905707
0.905707
0.905707
0.905707
0.905707
0.905707
0.905707
0.905707
0.905707
0.905707
0.905707
0.905707
0.905707
0.905707
0.905707
0.905707
0.905707
0.905707
0.905707
0.905707
0.905707
0.905707
0.905707
0.905707
0.905707
0.905707
0.905707
0.905707
0.905707
0.905707
0.905707
0.905707
0.905707
0.905707
0.905707
0.905707
0.905707
0.905707
0.905707
0.905707
0.905707
0.905707
0.905707
0.905707
0.905707
0.905707
0.905707
0.905707
0.905707
0.905707
0.905707
0.905707
0.905707
0.905707
0.905707
0.905707
0.905707
0.905707
0.905707
0.905707
0.905707
0.905707
0.905707
0.905707
0.905707
0.905707
0.905707
0.905707
0.905707
0.905707
0.905707
0.905707
0.905707
0.905707
0.905707
0.905707
0.905707
0.905707
0.905707
0.905707
0.905707
0.905707
0.905707
0.905707
0.905707
0.905707
0.905707
0.905707
0.905707
0.905707
0.905707
0.905707
0.905707
0.905707
0.905707
0.905707
0.905707
0.905707
0.905707
0.905707
0.905707
0.905707
0.905707
0.905707
0.905707
0.905707
0.905707
0.905707
0.905707
0.905707
0.905707
0.905707
0.905707
0.905707
0.905707
0.905707
0.905707
0.905707
0.905707
0.905707
0.905707
0.905707
0.905707
0.905707
0.905707
0.905707
0.905707
0.905707
0.905707
0.905707
0.905707
0.905707
0.905707
0.905707
0.905707
0.905707
0.905707
0.905707
0.905707
0.905707
0.905707
0.905707
0.905707
0.905707
0.905707
0.905707
0.905707
0.905707
0.905707
0.905707
0.905707
0.905707
0.905707
0.905707
0.905707
0.905707
0.905707
0.905707
0.905707
0.905707
0.905707
0.905707
0.905707
0.905707
0.905707
0.905707
0.905707
0.905707
0.905707
0.905707
0.905707
0.905707
0.905707
0.905707
0.905707
0.905707
0.905707
0.905707
0.905707
0.905707
0.905707
0.905707
0.905707
0.905707
0.905707
0.905707
0.905707
0.905707
0.905707
0.905707
0.905707
0.905707
0.905707
0.905707
0.905707
0.905707
0.905707
0.905707
0.905707
0.905707
0.905707
0.905707
0.905707
0.905707
0.905707
0.905707
0.905707
0.905707
0.905707
0.905707
0.905707
0.905707
0.905707
0.905707
0.905707
0.905707
0.905707
0.905707
0.905707
0.905707
0.905707
0.905707
0.905707
0.905707
0.905707
0.905707
0.905707
0.905707
0.905707
0.905707
0.905707
0.905707
0.905707
0.905707
0.905707
0.905707
0.905707
0.905707
0.905707
0.905707
0.905707
0.905707
0.905707
0.905707
0.905707
0.905707
0.905707
0.905707
0.905707
0.905707
0.905707
0.905707
0.905707
0.905707
0.905707
0.905707
0.905707
0.905707
0.905707
0.905707
0.905707
0.905707
0.905707
0.905707
0.905707
0.905707
0.905707
0.905707
0.905707
0.905707
0.905707
0.905707
0.905707
0.905707
0.905707
0.905707
0.905707
0.905707
0.905707
0.905707
0.905707
0.905707
0.905707
0.905707
0.905707
0.905707
0.905707
0.905707
0.905707
0.905707
0.905707
0.905707
0.905707
0.905707
0.905707
0.905707
0.905707
0.905707
0.905707
0.905707
0.905707
0.905707
0.905707
0.905707
0.905707
0.905707
0.905707
0.905707
0.905707
0.905707
0.905707
0.905707
0.905707
0.905707
0.905707
0.905707
0.905707
0.905707
0.905707
0.905707
0.905707
0.905707
0.905707
0.905707
0.905707
0.905707
0.905707
0.905707
0.905707
0.905707
0.905707
0.905707
0.905707
0.905707
0.905707
0.905707
0.905707
0.905707
0.905707
0.905707
0.905707
0.905707
0.905707
0.905707
0.905707
0.905707
0.905707
0.905707
0.905707
0.905707
0.905707
0.905707
0.905707
0.905707
0.905707
0.905707
0.905707
0.905707
0.905707
0.905707
0.905707
0.905707
0.905707
0.905707
0.905707
0.905707
0.905707
0.905707
0.905707
0.905707
0.905707
0.905707
0.905707
0.905707
0.905707
0.905707
0.905707
0.905707
0.905707
0.905707
0.905707
0.905707
0.905707
0.905707
0.905707
0.905707
0.905707
0.905707
0.905707
0.905707
0.905707
0.905707
0.905707
0.905707
0.905707
0.905707
0.905707
0.905707
0.905707
0.905707
0.905707
0.905707
0.905707
0.905707
0.905707
0.905707
