0.012344
0.017132
0.021611
0.025962
0.030299
0.034710
0.039270
0.044068
0.049184
0.054707
0.060734
0.067374
0.074750
0.083008
0.092345
0.103022
0.115360
0.129781
0.146939
0.167796
0.193752
0.227237
0.272760
0.339102
0.445444
0.628691
0.858001
0.967134
0.981418
0.982325
0.982867
0.983409
0.983950
0.984486
0.985017
0.985540
0.986055
0.986560
0.987054
0.987537
0.988008
0.988467
0.988913
0.989347
0.989767
0.990175
0.990569
0.990950
0.991318
0.991673
0.992015
0.992344
0.992660
0.992963
0.993255
0.993534
0.993801
0.994057
0.994302
0.994535
0.994758
0.994971
0.995173
0.995365
0.995549
0.995723
0.995888
0.996045
0.996193
0.996334
0.996467
0.996594
0.996713
0.996825
0.996932
0.997032
0.997126
0.997215
0.997299
0.997378
0.997452
0.997522
0.997587
0.997648
0.997706
0.997760
0.997810
0.997858
0.997902
0.997943
0.997982
0.998018
0.998052
0.998083
0.998112
0.998140
0.998165
0.998189
0.998211
0.998231
0.998251
0.998268
0.998285
0.998300
0.998314
0.998327
0.998339
0.998351
0.998361
0.998371
0.998380
0.998388
0.998396
0.998403
0.998409
0.998415
0.998421
0.998426
0.998431
0.998435
0.998439
0.998443
0.998446
0.998449
0.998452
0.998455
0.998457
0.998460
0.998462
0.998463
0.998465
0.998467
0.998468
0.998470
0.998471
0.998472
0.998473
0.998474
0.998475
0.998476
0.998476
0.998477
0.998478
0.998478
0.998479
0.998479
0.998479
0.998480
0.998480
0.998481
0.998481
0.998481
0.998481
0.998482
0.998482
0.998482
0.998482
0.998482
0.998482
0.998482
0.998483
0.998483
0.998483
0.998483
0.998483
0.998483
0.998483
0.998483
0.998483
0.998483
0.998483
0.998483
0.998483
0.998483
0.998483
0.998483
0.998483
0.998483
0.998483
0.998484
0.998484
0.998484
0.998484
0.998484
0.998484
0.998484
0.998484
0.998484
0.998484
0.998484
0.998484
0.998484
0.998484
0.998484
0.998484
0.998484
0.998484
0.998484
0.998484
0.998484
0.998484
0.998484
0.998484
0.998484
0.998484
0.998484
0.998484
0.998484
0.998484
0.998484
0.998484
0.998484
0.998484
0.998484
0.998484
0.998484
0.998484
0.998484
0.998484
0.998484
0.998484
0.998484
0.998484
0.998484
0.998484
0.998484
0.998484
0.998484
0.998484
0.998484
0.998484
0.998484
0.998484
0.998484
0.998484
0.998484
0.998484
0.998484
0.998484
0.998484
0.998484
0.998484
0.998484
0.998484
0.998484
0.998484
0.998484
0.998484
0.998484
0.998484
0.998484
0.998484
0.998484
0.998484
0.998484
0.998484
0.998484
0.998484
0.998484
0.998484
0.998484
0.998484
0.998484
0.998484
0.998484
0.998484
0.998484
0.998484
0.998484
0.998484
0.998484
0.998484
0.998484
0.998484
0.998484
0.998484
0.998484
0.998484
0.998484
0.998484
0.998484
0.998484
0.998484
0.998484
0.998484
0.998484
0.998484
0.998484
0.998484
0.998484
0.998484
0.998484
0.998484
0.998484
0.998484
0.998484
0.998484
0.998484
0.998484
0.998484
0.998484
0.998484
0.998484
0.998484
0.998484
0.998484
0.998484
0.998484
0.998484
0.998484
0.998484
0.998484
0.998484
0.998484
0.998484
0.998484
0.998484
0.998484
0.998484
0.998484
0.998484
0.998484
0.998484
0.998484
0.998484
0.998484
0.998484
0.998484
0.998484
0.998484
0.998484
0.998484
0.998484
0.998484
0.998484
0.998484
0.998484
0.998484
0.998484
0.998484
0.998484
0.998484
0.998484
0.998484
0.998484
0.998484
0.998484
0.998484
0.998484
0.998484
0.998484
0.998484
0.998484
0.998484
0.998484
0.998484
0.998484
0.998484
0.998484
0.998484
0.998484
0.998484
0.998484
0.998484
0.998484
0.998484
0.998484
0.998484
0.998484
0.998484
0.998484
0.998484
0.998484
0.998484
0.998484
0.998484
0.998484
0.998484
0.998484
0.998484
0.998484
0.998484
0.998484
0.998484
0.998484
0.998484
0.998484
0.998484
0.998484
0.998484
0.998484
0.998484
0.998484
0.998484
0.998484
0.998484
0.998484
0.998484
0.998484
0.998484
0.998484
0.998484
0.998484
0.998484
0.998484
0.998484
0.998484
0.998484
0.998484
0.998484
0.998484
0.998484
0.998484
0.998484
0.998484
0.998484
0.998484
0.998484
0.998484
0.998484
0.998484
0.998484
0.998484
0.998484
0.998484
0.998484
0.998484
0.998484
0.998484
0.998484
0.998484
0.998484
0.998484
0.998484
0.998484
0.998484
0.998484
0.998484
0.998484
0.998484
0.998484
0.998484
0.998484
0.998484
0.998484
0.998484
0.998484
0.998484
0.998484
0.998484
0.998484
0.998484
0.998484
0.998484
0.998484
0.998484
0.998484
0.998484
0.998484
0.998484
0.998484
0.998484
0.998484
0.998484
0.998484
0.998484
0.998484
0.998484
0.998484
0.998484
0.998484
0.998484
0.998484
0.998484
0.998484
0.998484
0.998484
0.998484
0.998484
0.998484
0.998484
0.998484
0.998484
0.998484
0.998484
0.998484
0.998484
0.998484
0.998484
0.998484
0.998484
0.998484
0.998484
0.998484
0.998484
0.998484
0.998484
0.998484
0.998484
0.998484
0.998484
0.998484
0.998484
0.998484
0.998484
0.998484
0.998484
0.998484
0.998484
0.998484
0.998484
0.998484
0.998484
0.998484
0.998484
0.998484
0.998484
0.998484
0.998484
0.998484
0.998484
0.998484
0.998484
0.998484
0.998484
0.998484
0.998484
0.998484
0.998484
0.998484
0.998484
0.998484
0.998484
0.998484
0.998484
0.998484
0.998484
0.998484
0.998484
0.998484
0.998484
0.998484
0.998484
0.998484
0.998484
0.998484
0.998484
0.998484
0.998484
0.998484
0.998484
0.998484
0.998484
0.998484
0.998484
0.998484
0.998484
0.998484
0.998484
0.998484
0.998484
0.998484
0.998484
0.998484
0.998484
0.998484
0.998484
0.998484
0.998484
0.998484
0.998484
0.998484
0.998484
0.998484
0.998484
0.998484
0.998484
0.998484
0.998484
0.998484
0.998484
0.998484
0.998484
0.998484
0.998484
0.998484
0.998484
0.998484
0.998484
0.998484
0.998484
0.998484
0.998484
0.998484
0.998484
0.998484
0.998484
0.998484
0.998484
0.998484
