0.010017
0.021442
0.033692
0.048870
0.056238
0.063347
0.071187
0.080148
0.091165
0.105821
0.125767
0.151478
0.181250
0.211417
0.237817
0.257574
0.270031
0.276513
0.279355
0.280784
0.282172
0.283914
0.285852
0.287817
0.289779
0.291734
0.293684
0.295629
0.297568
0.299501
0.301429
0.303352
0.305269
0.307181
0.309087
0.310988
0.312884
0.314775
0.316661
0.318591
0.320321
0.322038
0.323750
0.325458
0.327161
0.328860
0.330555
0.332246
0.333932
0.335614
0.337292
0.338966
0.340636
0.342301
0.343962
0.345620
0.347273
0.348922
0.350567
0.352207
0.353844
0.355477
0.357106
0.358730
0.360351
0.361968
0.363580
0.365189
0.366794
0.368395
0.369992
0.371585
0.373174
0.374759
0.376341
0.377918
0.379492
0.381062
0.382628
0.384190
0.385748
0.387303
0.388854
0.390401
0.391945
0.393484
0.395020
0.396553
0.398081
0.399606
0.401127
0.402645
0.404159
0.405669
0.407176
0.408679
0.410179
0.411675
0.413167
0.414656
0.416142
0.417624
0.419102
0.420577
0.422048
0.423516
0.424981
0.426442
0.427899
0.429354
0.430804
0.432252
0.433696
0.435137
0.436574
0.438008
0.439439
0.440866
0.442290
0.443711
0.445129
0.446543
0.447954
0.449362
0.450767
0.452168
0.453567
0.454962
0.456354
0.457742
0.459128
0.460510
0.461890
0.463266
0.464639
0.466009
0.467376
0.468740
0.470101
0.471459
0.472814
0.474166
0.475515
0.476861
0.478204
0.479544
0.480881
0.482215
0.483547
0.484875
0.486200
0.487523
0.488843
0.490160
0.491474
0.492785
0.494093
0.495399
0.496702
0.498002
0.499299
0.500593
0.501885
0.503174
0.504460
0.505744
0.507025
0.508303
0.509578
0.510851
0.512121
0.513389
0.514654
0.515916
0.517176
0.518433
0.519687
0.520939
0.522189
0.523436
0.524680
0.525922
0.527161
0.528398
0.529632
0.530864
0.532093
0.533320
0.534544
0.535766
0.536986
0.538203
0.539418
0.540630
0.541840
0.543047
0.544253
0.545455
0.546656
0.547854
0.549050
0.550243
0.551435
0.552624
0.553810
0.554995
0.556177
0.557357
0.558534
0.559710
0.560883
0.562054
0.563223
0.564389
0.565554
0.566716
0.567876
0.569034
0.570190
0.571343
0.572495
0.573644
0.574791
0.575937
0.577080
0.578221
0.579360
0.580497
0.581632
0.582764
0.583895
0.585024
0.586151
0.587275
0.588398
0.589519
0.590638
0.591754
0.592869
0.593982
0.595093
0.596202
0.597309
0.598414
0.599518
0.600619
0.601718
0.602816
0.603911
0.605005
0.606097
0.607187
0.608275
0.609362
0.610446
0.611529
0.612610
0.613689
0.614766
0.615842
0.616916
0.617987
0.619058
0.620126
0.621192
0.622257
0.623320
0.624382
0.625441
0.626499
0.627555
0.628610
0.629663
0.630714
0.631763
0.632811
0.633857
0.634901
0.635944
0.636985
0.638024
0.639062
0.640098
0.641132
0.642165
0.643196
0.644225
0.645253
0.646279
0.647304
0.648327
0.649349
0.650368
0.651387
0.652403
0.653419
0.654432
0.655444
0.656455
0.657464
0.658471
0.659477
0.660481
0.661484
0.662485
0.663485
0.664483
0.665479
0.666474
0.667468
0.668460
0.669451
0.670440
0.671428
0.672414
0.673398
0.674382
0.675363
0.676344
0.677322
0.678300
0.679275
0.680250
0.681223
0.682194
0.683164
0.684133
0.685100
0.686066
0.687030
0.687993
0.688955
0.689915
0.690873
0.691830
0.692786
0.693740
0.694693
0.695645
0.696595
0.697544
0.698491
0.699437
0.700382
0.701325
0.702267
0.703207
0.704146
0.705084
0.706020
0.706955
0.707888
0.708820
0.709751
0.710680
0.711608
0.712535
0.713460
0.714384
0.715307
0.716228
0.717148
0.718066
0.718983
0.719899
0.720813
0.721726
0.722638
0.723548
0.724457
0.725365
0.726271
0.727176
0.728080
0.728982
0.729883
0.730782
0.731680
0.732577
0.733473
0.734367
0.735260
0.736151
0.737041
0.737930
0.738818
0.739704
0.740588
0.741472
0.742354
0.743235
0.744114
0.744992
0.745869
0.746744
0.747618
0.748491
0.749362
0.750232
0.751101
0.751968
0.752834
0.753699
0.754562
0.755424
0.756285
0.757144
0.758002
0.758859
0.759714
0.760568
0.761420
0.762271
0.763121
0.763969
0.764817
0.765662
0.766507
0.767350
0.768191
0.769032
0.769871
0.770708
0.771544
0.772379
0.773213
0.774045
0.774875
0.775705
0.776533
0.777359
0.778185
0.779008
0.779831
0.780652
0.781472
0.782290
0.783107
0.783923
0.784737
0.785550
0.786361
0.787171
0.787979
0.788787
0.789592
0.790397
0.791200
0.792001
0.792802
0.793600
0.794398
0.795194
0.795988
0.796781
0.797573
0.798363
0.799152
0.799939
0.800725
0.801510
0.802293
0.803074
0.803855
0.804633
0.805411
0.806186
0.806961
0.807734
0.808505
0.809275
0.810044
0.810811
0.811577
0.812341
0.813104
0.813865
0.814625
0.815383
0.816140
0.816895
0.817649
0.818401
0.819152
0.819901
0.820649
0.821396
0.822140
0.822884
0.823626
0.824366
0.825105
0.825842
0.826578
0.827312
0.828045
0.828776
0.829506
0.830234
0.830960
0.831685
0.832409
0.833131
0.833851
0.834570
0.835288
0.836003
0.836718
0.837430
0.838141
0.838851
0.839559
0.840265
0.840970
0.841673
0.842375
0.843075
0.843774
0.844470
0.845166
0.845859
0.846552
0.847242
0.847931
0.848618
0.849304
0.849988
0.850671
0.851351
0.852031
0.852708
0.853384
0.854059
0.854731
0.855402
0.856072
0.856740
0.857406
0.858070
0.858733
0.859395
0.860054
0.860712
0.861368
0.862023
0.862676
0.863327
0.863977
0.864625
0.865271
0.865916
0.866559
0.867200
0.867840
0.868478
0.869114
0.869748
0.870381
0.871012
0.871642
0.872269
0.872895
0.873520
0.874142
0.874763
0.875383
0.876000
0.876616
0.877230
0.877842
0.878453
0.879062
0.879669
0.880275
0.880878
0.881480
0.882081
0.882679
0.883276
0.883871
0.884464
0.885056
0.885646
0.886234
0.886820
0.887405
0.887987
0.888569
0.889148
0.889725
0.890301
0.890875
0.891448
0.892018
0.892587
0.893154
0.893719
0.894283
0.894844
0.895404
