0.015448
0.034772
0.071062
0.127709
0.181518
0.218357
0.240263
0.253895
0.264591
0.275015
0.277918
0.279927
0.281918
0.283906
0.285890
0.287869
0.289842
0.291809
0.293770
0.295724
0.297672
0.299614
0.301550
0.303480
0.305404
0.307322
0.309234
0.311141
0.313041
0.314937
0.316826
0.318710
0.320589
0.322462
0.324330
0.326192
0.328049
0.329901
0.331747
0.333644
0.335346
0.337030
0.338707
0.340380
0.342049
0.343714
0.345374
0.347030
0.348681
0.350329
0.351972
0.353611
0.355246
0.356877
0.358503
0.360125
0.361744
0.363358
0.364968
0.366573
0.368175
0.369773
0.371366
0.372956
0.374542
0.376123
0.377700
0.379274
0.380843
0.382409
0.383970
0.385528
0.387081
0.388631
0.390176
0.391718
0.393256
0.394789
0.396319
0.397845
0.399367
0.400886
0.402400
0.403910
0.405417
0.406920
0.408419
0.409914
0.411406
0.412893
0.414377
0.415857
0.417333
0.418806
0.420274
0.421739
0.423201
0.424658
0.426112
0.427562
0.429009
0.430452
0.431891
0.433326
0.434758
0.436186
0.437610
0.439031
0.440449
0.441862
0.443272
0.444679
0.446082
0.447481
0.448877
0.450269
0.451657
0.453043
0.454424
0.455802
0.457177
0.458548
0.459915
0.461279
0.462640
0.463997
0.465351
0.466701
0.468048
0.469391
0.470731
0.472068
0.473401
0.474731
0.476057
0.477380
0.478700
0.480016
0.481329
0.482639
0.483945
0.485248
0.486547
0.487844
0.489137
0.490427
0.491713
0.492996
0.494276
0.495553
0.496826
0.498096
0.499363
0.500627
0.501887
0.503145
0.504399
0.505650
0.506897
0.508142
0.509383
0.510622
0.511857
0.513089
0.514317
0.515543
0.516766
0.517985
0.519202
0.520415
0.521625
0.522832
0.524036
0.525237
0.526435
0.527630
0.528822
0.530011
0.531196
0.532379
0.533559
0.534736
0.535909
0.537080
0.538248
0.539413
0.540575
0.541734
0.542890
0.544043
0.545193
0.546340
0.547485
0.548626
0.549765
0.550900
0.552033
0.553163
0.554290
0.555414
0.556535
0.557654
0.558769
0.559882
0.560992
0.562099
0.563203
0.564305
0.565404
0.566500
0.567593
0.568683
0.569771
0.570856
0.571938
0.573017
0.574094
0.575168
0.576239
0.577307
0.578373
0.579436
0.580497
0.581554
0.582609
0.583662
0.584711
0.585758
0.586803
0.587845
0.588884
0.589920
0.590954
0.591985
0.593014
0.594040
0.595063
0.596084
0.597102
0.598118
0.599131
0.600142
0.601150
0.602155
0.603158
0.604159
0.605156
0.606152
0.607145
0.608135
0.609123
0.610108
0.611091
0.612071
0.613049
0.614025
0.614998
0.615968
0.616936
0.617902
0.618865
0.619826
0.620784
0.621740
0.622694
0.623645
0.624594
0.625540
0.626484
0.627426
0.628365
0.629302
0.630237
0.631169
0.632099
0.633026
0.633952
0.634874
0.635795
0.636713
0.637629
0.638543
0.639454
0.640363
0.641270
0.642175
0.643077
0.643977
0.644875
0.645770
0.646664
0.647555
0.648444
0.649330
0.650215
0.651097
0.651977
0.652855
0.653730
0.654604
0.655475
0.656344
0.657211
0.658076
0.658938
0.659799
0.660657
0.661513
0.662368
0.663220
0.664069
0.664917
0.665763
0.666606
0.667448
0.668287
0.669124
0.669960
0.670793
0.671624
0.672453
0.673280
0.674105
0.674928
0.675749
0.676568
0.677385
0.678199
0.679012
0.679823
0.680632
0.681439
0.682244
0.683047
0.683848
0.684647
0.685444
0.686239
0.687032
0.687823
0.688612
0.689400
0.690185
0.690968
0.691750
0.692530
0.693307
0.694083
0.694857
0.695629
0.696400
0.697168
0.697935
0.698699
0.699462
0.700223
0.700982
0.701739
0.702495
0.703249
0.704000
0.704750
0.705499
0.706245
0.706990
0.707732
0.708474
0.709213
0.709950
0.710686
0.711420
0.712152
0.712883
0.713611
0.714339
0.715064
0.715787
0.716509
0.717229
0.717948
0.718664
0.719379
0.720093
0.720804
0.721514
0.722223
0.722929
0.723634
0.724338
0.725039
0.725739
0.726438
0.727134
0.727830
0.728523
0.729215
0.729905
0.730594
0.731281
0.731967
0.732650
0.733333
0.734014
0.734693
0.735370
0.736046
0.736721
0.737394
0.738065
0.738735
0.739403
0.740070
0.740736
0.741399
0.742062
0.742722
0.743382
0.744039
0.744696
0.745351
0.746004
0.746656
0.747306
0.747955
0.748603
0.749249
0.749893
0.750536
0.751178
0.751819
0.752457
0.753095
0.753731
0.754366
0.754999
0.755631
0.756261
0.756891
0.757518
0.758145
0.758770
0.759393
0.760016
0.760637
0.761256
0.761875
0.762492
0.763107
0.763722
0.764335
0.764946
0.765557
0.766166
0.766774
0.767380
0.767985
0.768589
0.769192
0.769793
0.770394
0.770993
0.771590
0.772187
0.772782
0.773376
0.773969
0.774560
0.775150
0.775740
0.776327
0.776914
0.777500
0.778084
0.778667
0.779249
0.779830
0.780410
0.780988
0.781565
0.782141
0.782716
0.783290
0.783863
0.784435
0.785005
0.785575
0.786143
0.786710
0.787276
0.787841
0.788405
0.788968
0.789529
0.790090
0.790650
0.791208
0.791766
0.792322
0.792877
0.793432
0.793985
0.794537
0.795088
0.795639
0.796188
0.796736
0.797283
0.797829
0.798374
0.798918
0.799462
0.800004
0.800545
0.801085
0.801625
0.802163
0.802700
0.803237
0.803772
0.804307
0.804840
0.805373
0.805905
0.806436
0.806966
0.807495
0.808023
0.808550
0.809076
0.809602
0.810126
0.810650
0.811173
0.811695
0.812216
0.812736
0.813256
0.813774
0.814292
0.814809
0.815325
0.815840
0.816354
0.816868
0.817380
0.817892
0.818403
0.818914
0.819423
0.819932
0.820440
0.820947
0.821454
0.821959
0.822464
0.822968
0.823471
0.823974
0.824476
0.824977
0.825477
0.825977
0.826476
0.826974
0.827471
0.827968
0.828464
0.828959
0.829454
0.829948
0.830441
0.830934
0.831425
0.831917
0.832407
0.832897
0.833386
0.833875
0.834362
0.834850
0.835336
0.835822
0.836307
0.836792
0.837276
0.837759
0.838242
0.838724
0.839205
0.839686
0.840166
0.840646
0.841125
0.841603
0.842081
0.842558
0.843035
0.843511
0.843986
0.844461
