0.149171
0.086559
0.068992
0.101616
0.128643
0.151648
0.171640
0.189312
0.205169
0.219576
0.232802
0.245055
0.256515
0.267331
0.277614
0.287447
0.296949
0.306262
0.315562
0.325129
0.335738
0.345086
0.349520
0.352963
0.356422
0.359915
0.363445
0.367010
0.370612
0.374249
0.377924
0.381634
0.385382
0.389167
0.392988
0.396847
0.400744
0.404677
0.408648
0.412750
0.416602
0.420513
0.424467
0.428461
0.432497
0.436574
0.440691
0.444848
0.449045
0.453281
0.457556
0.461869
0.466220
0.470609
0.475035
0.479497
0.483995
0.488528
0.493095
0.497697
0.502331
0.506998
0.511697
0.516427
0.521186
0.525975
0.530791
0.535635
0.540505
0.545401
0.550320
0.555263
0.560227
0.565213
0.570218
0.575241
0.580282
0.585338
0.590410
0.595494
0.600591
0.605699
0.610816
0.615941
0.621072
0.626209
0.631350
0.636492
0.641636
0.646778
0.651919
0.657056
0.662187
0.667312
0.672429
0.677535
0.682631
0.687713
0.692781
0.697833
0.702868
0.707883
0.712878
0.717851
0.722800
0.727724
0.732621
0.737491
0.742331
0.747139
0.751916
0.756658
0.761366
0.766037
0.770670
0.775263
0.779817
0.784328
0.788797
0.793221
0.797600
0.801933
0.806218
0.810454
0.814641
0.818777
0.822862
0.826894
0.830873
0.834798
0.838668
0.842482
0.846239
0.849940
0.853583
0.857168
0.860694
0.864161
0.867568
0.870916
0.874203
0.877429
0.880595
0.883700
0.886743
0.889726
0.892647
0.895506
0.898305
0.901042
0.903718
0.906333
0.908888
0.911382
0.913816
0.916190
0.918505
0.920761
0.922958
0.925097
0.927179
0.929203
0.931171
0.933084
0.934941
0.936744
0.938493
0.940190
0.941834
0.943426
0.944968
0.946460
0.947903
0.949298
0.950646
0.951948
0.953204
0.954415
0.955583
0.956709
0.957793
0.958836
0.959839
0.960804
0.961731
0.962621
0.963475
0.964294
0.965079
0.965832
0.966552
0.967242
0.967901
0.968531
0.969133
0.969707
0.970255
0.970778
0.971276
0.971750
0.972201
0.972630
0.973038
0.973426
0.973793
0.974142
0.974473
0.974786
0.975083
0.975364
0.975629
0.975880
0.976116
0.976340
0.976551
0.976749
0.976936
0.977112
0.977278
0.977433
0.977579
0.977716
0.977845
0.977965
0.978078
0.978184
0.978283
0.978375
0.978461
0.978542
0.978617
0.978687
0.978752
0.978812
0.978869
0.978921
0.978970
0.979015
0.979057
0.979096
0.979132
0.979165
0.979195
0.979224
0.979250
0.979274
0.979296
0.979317
0.979336
0.979353
0.979369
0.979384
0.979397
0.979410
0.979421
0.979431
0.979441
0.979449
0.979457
0.979464
0.979471
0.979477
0.979483
0.979488
0.979492
0.979496
0.979500
0.979503
0.979506
0.979509
0.979512
0.979514
0.979516
0.979518
0.979519
0.979521
0.979522
0.979524
0.979525
0.979526
0.979527
0.979527
0.979528
0.979529
0.979529
0.979530
0.979530
0.979531
0.979531
0.979531
0.979532
0.979532
0.979532
0.979532
0.979533
0.979533
0.979533
0.979533
0.979533
0.979533
0.979533
0.979533
0.979534
0.979534
0.979534
0.979534
0.979534
0.979534
0.979534
0.979534
0.979534
0.979534
0.979534
0.979534
0.979534
0.979534
0.979534
0.979534
0.979534
0.979534
0.979534
0.979534
0.979534
0.979534
0.979534
0.979534
0.979534
0.979534
0.979534
0.979534
0.979534
0.979534
0.979534
0.979534
0.979534
0.979534
0.979534
0.979534
0.979534
0.979534
0.979534
0.979534
0.979534
0.979534
0.979534
0.979534
0.979534
0.979534
0.979534
0.979534
0.979534
0.979534
0.979534
0.979534
0.979534
0.979534
0.979534
0.979534
0.979534
0.979534
0.979534
0.979534
0.979534
0.979534
0.979534
0.979534
0.979534
0.979534
0.979534
0.979534
0.979534
0.979534
0.979534
0.979534
0.979534
0.979534
0.979534
0.979534
0.979534
0.979534
0.979534
0.979534
0.979534
0.979534
0.979534
0.979534
0.979534
0.979534
0.979534
0.979534
0.979534
0.979534
0.979534
0.979534
0.979534
0.979534
0.979534
0.979534
0.979534
0.979534
0.979534
0.979534
0.979534
0.979534
0.979534
0.979534
0.979534
0.979534
0.979534
0.979534
0.979534
0.979534
0.979534
0.979534
0.979534
0.979534
0.979534
0.979534
0.979534
0.979534
0.979534
0.979534
0.979534
0.979534
0.979534
0.979534
0.979534
0.979534
0.979534
0.979534
0.979534
0.979534
0.979534
0.979534
0.979534
0.979534
0.979534
0.979534
0.979534
0.979534
0.979534
0.979534
0.979534
0.979534
0.979534
0.979534
0.979534
0.979534
0.979534
0.979534
0.979534
0.979534
0.979534
0.979534
0.979534
0.979534
0.979534
0.979534
0.979534
0.979534
0.979534
0.979534
0.979534
0.979534
0.979534
0.979534
0.979534
0.979534
0.979534
0.979534
0.979534
0.979534
0.979534
0.979534
0.979534
0.979534
0.979534
0.979534
0.979534
0.979534
0.979534
0.979534
0.979534
0.979534
0.979534
0.979534
0.979534
0.979534
0.979534
0.979534
0.979534
0.979534
0.979534
0.979534
0.979534
0.979534
0.979534
0.979534
0.979534
0.979534
0.979534
0.979534
0.979534
0.979534
0.979534
0.979534
0.979534
0.979534
0.979534
0.979534
0.979534
0.979534
0.979534
0.979534
0.979534
0.979534
0.979534
0.979534
0.979534
0.979534
0.979534
0.979534
0.979534
0.979534
0.979534
0.979534
0.979534
0.979534
0.979534
0.979534
0.979534
0.979534
0.979534
0.979534
0.979534
0.979534
0.979534
0.979534
0.979534
0.979534
0.979534
0.979534
0.979534
0.979534
0.979534
0.979534
0.979534
0.979534
0.979534
0.979534
0.979534
0.979534
0.979534
0.979534
0.979534
0.979534
0.979534
0.979534
0.979534
0.979534
0.979534
0.979534
0.979534
0.979534
0.979534
0.979534
0.979534
0.979534
0.979534
0.979534
0.979534
0.979534
0.979534
0.979534
0.979534
0.979534
0.979534
0.979534
0.979534
0.979534
0.979534
0.979534
0.979534
0.979534
0.979534
0.979534
0.979534
0.979534
0.979534
0.979534
0.979534
0.979534
0.979534
0.979534
0.979534
0.979534
0.979534
0.979534
0.979534
0.979534
