0.177578
0.306173
0.201606
0.235321
0.264054
0.288889
0.310828
0.330540
0.348519
0.365125
0.380619
0.395203
0.409048
0.422302
0.435074
0.447443
0.459522
0.471449
0.483399
0.495643
0.508912
0.521361
0.528856
0.535119
0.541394
0.547712
0.554069
0.560462
0.566889
0.573346
0.579831
0.586340
0.592871
0.599420
0.605983
0.612559
0.619143
0.625731
0.632322
0.639145
0.645624
0.652108
0.658588
0.665059
0.671518
0.677960
0.684382
0.690780
0.697151
0.703491
0.709796
0.716063
0.722289
0.728471
0.734605
0.740688
0.746718
0.752690
0.758604
0.764454
0.770240
0.775958
0.781607
0.787182
0.792683
0.798108
0.803453
0.808718
0.813900
0.818998
0.824010
0.828935
0.833771
0.838517
0.843173
0.847736
0.852208
0.856585
0.860869
0.865058
0.869153
0.873153
0.877057
0.880866
0.884580
0.888200
0.891724
0.895155
0.898492
0.901736
0.904887
0.907947
0.910916
0.913796
0.916586
0.919289
0.921906
0.924437
0.926884
0.929249
0.931532
0.933735
0.935860
0.937908
0.939881
0.941780
0.943608
0.945364
0.947052
0.948673
0.950229
0.951721
0.953151
0.954521
0.955832
0.957087
0.958286
0.959432
0.960526
0.961571
0.962567
0.963516
0.964420
0.965281
0.966099
0.966878
0.967617
0.968319
0.968985
0.969617
0.970216
0.970783
0.971319
0.971827
0.972306
0.972760
0.973187
0.973591
0.973971
0.974330
0.974668
0.974985
0.975284
0.975565
0.975828
0.976076
0.976308
0.976525
0.976729
0.976920
0.977098
0.977265
0.977421
0.977567
0.977703
0.977829
0.977947
0.978057
0.978159
0.978254
0.978343
0.978425
0.978501
0.978572
0.978637
0.978698
0.978754
0.978806
0.978854
0.978899
0.978940
0.978977
0.979012
0.979044
0.979074
0.979101
0.979126
0.979149
0.979170
0.979190
0.979208
0.979224
0.979239
0.979253
0.979265
0.979277
0.979287
0.979297
0.979305
0.979313
0.979320
0.979327
0.979333
0.979338
0.979343
0.979348
0.979352
0.979356
0.979359
0.979362
0.979365
0.979367
0.979369
0.979372
0.979373
0.979375
0.979376
0.979378
0.979379
0.979380
0.979381
0.979382
0.979383
0.979383
0.979384
0.979385
0.979385
0.979386
0.979386
0.979386
0.979387
0.979387
0.979387
0.979388
0.979388
0.979388
0.979388
0.979388
0.979388
0.979388
0.979389
0.979389
0.979389
0.979389
0.979389
0.979389
0.979389
0.979389
0.979389
0.979389
0.979389
0.979389
0.979389
0.979389
0.979389
0.979389
0.979389
0.979389
0.979389
0.979389
0.979389
0.979389
0.979389
0.979389
0.979389
0.979389
0.979389
0.979389
0.979389
0.979389
0.979389
0.979389
0.979389
0.979389
0.979389
0.979389
0.979389
0.979389
0.979389
0.979389
0.979389
0.979389
0.979389
0.979389
0.979389
0.979389
0.979389
0.979389
0.979389
0.979389
0.979389
0.979389
0.979389
0.979389
0.979389
0.979389
0.979389
0.979389
0.979389
0.979389
0.979389
0.979389
0.979389
0.979389
0.979389
0.979389
0.979389
0.979389
0.979389
0.979389
0.979389
0.979389
0.979389
0.979389
0.979389
0.979389
0.979389
0.979389
0.979389
0.979389
0.979389
0.979389
0.979389
0.979389
0.979389
0.979389
0.979389
0.979389
0.979389
0.979389
0.979389
0.979389
0.979389
0.979389
0.979389
0.979389
0.979389
0.979389
0.979389
0.979389
0.979389
0.979389
0.979389
0.979389
0.979389
0.979389
0.979389
0.979389
0.979389
0.979389
0.979389
0.979389
0.979389
0.979389
0.979389
0.979389
0.979389
0.979389
0.979389
0.979389
0.979389
0.979389
0.979389
0.979389
0.979389
0.979389
0.979389
0.979389
0.979389
0.979389
0.979389
0.979389
0.979389
0.979389
0.979389
0.979389
0.979389
0.979389
0.979389
0.979389
0.979389
0.979389
0.979389
0.979389
0.979389
0.979389
0.979389
0.979389
0.979389
0.979389
0.979389
0.979389
0.979389
0.979389
0.979389
0.979389
0.979389
0.979389
0.979389
0.979389
0.979389
0.979389
0.979389
0.979389
0.979389
0.979389
0.979389
0.979389
0.979389
0.979389
0.979389
0.979389
0.979389
0.979389
0.979389
0.979389
0.979389
0.979389
0.979389
0.979389
0.979389
0.979389
0.979389
0.979389
0.979389
0.979389
0.979389
0.979389
0.979389
0.979389
0.979389
0.979389
0.979389
0.979389
0.979389
0.979389
0.979389
0.979389
0.979389
0.979389
0.979389
0.979389
0.979389
0.979389
0.979389
0.979389
0.979389
0.979389
0.979389
0.979389
0.979389
0.979389
0.979389
0.979389
0.979389
0.979389
0.979389
0.979389
0.979389
0.979389
0.979389
0.979389
0.979389
0.979389
0.979389
0.979389
0.979389
0.979389
0.979389
0.979389
0.979389
0.979389
0.979389
0.979389
0.979389
0.979389
0.979389
0.979389
0.979389
0.979389
0.979389
0.979389
0.979389
0.979389
0.979389
0.979389
0.979389
0.979389
0.979389
0.979389
0.979389
0.979389
0.979389
0.979389
0.979389
0.979389
0.979389
0.979389
0.979389
0.979389
0.979389
0.979389
0.979389
0.979389
0.979389
0.979389
0.979389
0.979389
0.979389
0.979389
0.979389
0.979389
0.979389
0.979389
0.979389
0.979389
0.979389
0.979389
0.979389
0.979389
0.979389
0.979389
0.979389
0.979389
0.979389
0.979389
0.979389
0.979389
0.979389
0.979389
0.979389
0.979389
0.979389
0.979389
0.979389
0.979389
0.979389
0.979389
0.979389
0.979389
0.979389
0.979389
0.979389
0.979389
0.979389
0.979389
0.979389
0.979389
0.979389
0.979389
0.979389
0.979389
0.979389
0.979389
0.979389
0.979389
0.979389
0.979389
0.979389
0.979389
0.979389
0.979389
0.979389
0.979389
0.979389
0.979389
0.979389
0.979389
0.979389
0.979389
0.979389
0.979389
0.979389
0.979389
0.979389
0.979389
0.979389
0.979389
0.979389
0.979389
0.979389
0.979389
0.979389
0.979389
0.979389
0.979389
0.979389
0.979389
0.979389
0.979389
0.979389
0.979389
0.979389
0.979389
0.979389
0.979389
0.979389
0.979389
0.979389
0.979389
0.979389
0.979389
0.979389
0.979389
0.979389
0.979389
0.979389
0.979389
0.979389
0.979389
