0.010132
0.023206
0.031774
0.036811
0.042109
0.047757
0.053828
0.060409
0.067611
0.075565
0.084427
0.094374
0.105641
0.118543
0.133504
0.151075
0.172023
0.197574
0.229716
0.271775
0.329525
0.412728
0.510369
0.520053
0.471085
0.463298
0.467372
0.471999
0.476746
0.481595
0.486536
0.491558
0.496656
0.501823
0.507054
0.512345
0.517693
0.523094
0.528546
0.534216
0.539608
0.545059
0.550555
0.556095
0.561674
0.567289
0.572938
0.578617
0.584324
0.590056
0.595809
0.601582
0.607371
0.613173
0.618986
0.624807
0.630632
0.636473
0.642316
0.648155
0.653987
0.659810
0.665620
0.671416
0.677195
0.682953
0.688689
0.694400
0.700083
0.705736
0.711357
0.716944
0.722493
0.728004
0.733473
0.738899
0.744280
0.749614
0.754899
0.760133
0.765315
0.770442
0.775514
0.780529
0.785485
0.790382
0.795217
0.799990
0.804700
0.809345
0.813925
0.818439
0.822885
0.827264
0.831575
0.835817
0.839989
0.844092
0.848125
0.852087
0.855978
0.859799
0.863549
0.867228
0.870837
0.874374
0.877842
0.881239
0.884566
0.887823
0.891011
0.894130
0.897181
0.900163
0.903079
0.905928
0.908711
0.911428
0.914081
0.916669
0.919195
0.921658
0.924060
0.926400
0.928681
0.930903
0.933066
0.935171
0.937220
0.939213
0.941153
0.943039
0.944873
0.946656
0.948388
0.950071
0.951706
0.953293
0.954834
0.956329
0.957781
0.959188
0.960554
0.961877
0.963161
0.964404
0.965609
0.966777
0.967908
0.969003
0.970063
0.971089
0.972082
0.973042
0.973972
0.974870
0.975740
0.976580
0.977392
0.978177
0.978935
0.979668
0.980376
0.981059
0.981719
0.982356
0.982971
0.983565
0.984137
0.984690
0.985223
0.985737
0.986233
0.986711
0.987172
0.987616
0.988044
0.988457
0.988854
0.989237
0.989606
0.989962
0.990304
0.990634
0.990951
0.991257
0.991551
0.991834
0.992106
0.992369
0.992621
0.992864
0.993097
0.993322
0.993538
0.993746
0.993946
0.994138
0.994323
0.994501
0.994671
0.994836
0.994993
0.995145
0.995291
0.995431
0.995566
0.995695
0.995819
0.995939
0.996053
0.996164
0.996269
0.996371
0.996469
0.996563
0.996653
0.996739
0.996822
0.996902
0.996979
0.997052
0.997123
0.997191
0.997256
0.997318
0.997378
0.997436
0.997491
0.997544
0.997595
0.997644
0.997691
0.997736
0.997779
0.997820
0.997860
0.997898
0.997935
0.997970
0.998004
0.998036
0.998068
0.998097
0.998126
0.998153
0.998180
0.998205
0.998229
0.998253
0.998275
0.998296
0.998317
0.998337
0.998356
0.998374
0.998391
0.998408
0.998424
0.998440
0.998454
0.998469
0.998482
0.998495
0.998508
0.998520
0.998531
0.998543
0.998553
0.998563
0.998573
0.998583
0.998592
0.998600
0.998609
0.998617
0.998624
0.998632
0.998639
0.998645
0.998652
0.998658
0.998664
0.998670
0.998675
0.998681
0.998686
0.998691
0.998695
0.998700
0.998704
0.998708
0.998712
0.998716
0.998720
0.998723
0.998727
0.998730
0.998733
0.998736
0.998739
0.998742
0.998744
0.998747
0.998749
0.998752
0.998754
0.998756
0.998758
0.998760
0.998762
0.998764
0.998766
0.998767
0.998769
0.998771
0.998772
0.998774
0.998775
0.998776
0.998778
0.998779
0.998780
0.998781
0.998782
0.998783
0.998784
0.998785
0.998786
0.998787
0.998788
0.998789
0.998790
0.998791
0.998791
0.998792
0.998793
0.998793
0.998794
0.998795
0.998795
0.998796
0.998796
0.998797
0.998797
0.998798
0.998798
0.998799
0.998799
0.998800
0.998800
0.998800
0.998801
0.998801
0.998801
0.998802
0.998802
0.998802
0.998803
0.998803
0.998803
0.998803
0.998804
0.998804
0.998804
0.998804
0.998805
0.998805
0.998805
0.998805
0.998805
0.998806
0.998806
0.998806
0.998806
0.998806
0.998806
0.998807
0.998807
0.998807
0.998807
0.998807
0.998807
0.998807
0.998807
0.998808
0.998808
0.998808
0.998808
0.998808
0.998808
0.998808
0.998808
0.998808
0.998808
0.998808
0.998808
0.998809
0.998809
0.998809
0.998809
0.998809
0.998809
0.998809
0.998809
0.998809
0.998809
0.998809
0.998809
0.998809
0.998809
0.998809
0.998809
0.998809
0.998809
0.998809
0.998809
0.998809
0.998809
0.998810
0.998810
0.998810
0.998810
0.998810
0.998810
0.998810
0.998810
0.998810
0.998810
0.998810
0.998810
0.998810
0.998810
0.998810
0.998810
0.998810
0.998810
0.998810
0.998810
0.998810
0.998810
0.998810
0.998810
0.998810
0.998810
0.998810
0.998810
0.998810
0.998810
0.998810
0.998810
0.998810
0.998810
0.998810
0.998810
0.998810
0.998810
0.998810
0.998810
0.998810
0.998810
0.998810
0.998810
0.998810
0.998810
0.998810
0.998810
0.998810
0.998810
0.998810
0.998810
0.998810
0.998810
0.998810
0.998810
0.998810
0.998810
0.998810
0.998810
0.998810
0.998810
0.998810
0.998810
0.998810
0.998810
0.998810
0.998810
0.998810
0.998810
0.998810
0.998810
0.998810
0.998810
0.998810
0.998810
0.998810
0.998810
0.998810
0.998810
0.998810
0.998810
0.998810
0.998810
0.998810
0.998810
0.998810
0.998810
0.998810
0.998810
0.998810
0.998810
0.998810
0.998810
0.998810
0.998810
0.998810
0.998810
0.998810
0.998810
0.998810
0.998810
0.998810
0.998810
0.998810
0.998810
0.998810
0.998810
0.998810
0.998810
0.998810
0.998810
0.998810
0.998810
0.998810
0.998810
0.998810
0.998810
0.998810
0.998810
0.998810
0.998810
0.998810
0.998810
0.998810
0.998810
0.998810
0.998810
0.998810
0.998810
0.998810
0.998810
0.998810
0.998810
0.998810
0.998810
0.998810
0.998810
0.998810
0.998810
0.998810
0.998810
0.998810
0.998810
0.998810
0.998810
0.998810
0.998810
0.998810
0.998810
0.998810
0.998810
0.998810
0.998810
0.998810
0.998810
0.998810
0.998810
0.998810
0.998810
0.998810
0.998810
0.998810
0.998810
0.998810
0.998810
0.998810
0.998810
0.998810
0.998810
0.998810
0.998810
0.998810
0.998810
0.998810
0.998810
0.998810
0.998810
0.998810
0.998810
0.998810
