0.010385
0.022148
0.034560
0.050059
0.075960
0.106933
0.147467
0.188601
0.222270
0.245633
0.260016
0.268300
0.273115
0.276227
0.278607
0.280712
0.282726
0.284714
0.286694
0.288668
0.290637
0.292601
0.294558
0.296510
0.298456
0.300396
0.302330
0.304259
0.306182
0.308100
0.310012
0.311919
0.313820
0.315715
0.317606
0.319491
0.321371
0.323245
0.325114
0.327037
0.328764
0.330471
0.332170
0.333864
0.335555
0.337240
0.338922
0.340599
0.342272
0.343940
0.345604
0.347265
0.348920
0.350572
0.352219
0.353862
0.355501
0.357136
0.358767
0.360393
0.362015
0.363633
0.365247
0.366857
0.368463
0.370065
0.371662
0.373256
0.374845
0.376430
0.378012
0.379589
0.381162
0.382732
0.384297
0.385858
0.387415
0.388969
0.390518
0.392063
0.393605
0.395142
0.396676
0.398206
0.399731
0.401253
0.402771
0.404285
0.405796
0.407302
0.408805
0.410303
0.411798
0.413289
0.414777
0.416260
0.417740
0.419216
0.420688
0.422156
0.423621
0.425082
0.426539
0.427993
0.429443
0.430889
0.432331
0.433770
0.435205
0.436636
0.438064
0.439488
0.440909
0.442326
0.443739
0.445148
0.446555
0.447957
0.449356
0.450751
0.452143
0.453531
0.454916
0.456297
0.457675
0.459049
0.460419
0.461787
0.463150
0.464510
0.465867
0.467220
0.468570
0.469916
0.471259
0.472599
0.473935
0.475267
0.476597
0.477923
0.479245
0.480564
0.481880
0.483192
0.484502
0.485807
0.487110
0.488409
0.489705
0.490997
0.492286
0.493572
0.494855
0.496134
0.497410
0.498683
0.499953
0.501219
0.502482
0.503742
0.504999
0.506252
0.507503
0.508750
0.509994
0.511234
0.512472
0.513706
0.514938
0.516166
0.517391
0.518613
0.519832
0.521047
0.522260
0.523470
0.524676
0.525879
0.527080
0.528277
0.529471
0.530662
0.531851
0.533036
0.534218
0.535397
0.536573
0.537746
0.538916
0.540083
0.541247
0.542408
0.543567
0.544722
0.545874
0.547024
0.548170
0.549314
0.550454
0.551592
0.552727
0.553859
0.554988
0.556114
0.557237
0.558358
0.559476
0.560590
0.561702
0.562811
0.563918
0.565021
0.566122
0.567220
0.568315
0.569407
0.570496
0.571583
0.572667
0.573748
0.574827
0.575903
0.576975
0.578046
0.579113
0.580178
0.581240
0.582300
0.583356
0.584410
0.585462
0.586510
0.587556
0.588600
0.589640
0.590678
0.591714
0.592746
0.593777
0.594804
0.595829
0.596851
0.597871
0.598888
0.599903
0.600915
0.601924
0.602931
0.603935
0.604937
0.605936
0.606932
0.607927
0.608918
0.609907
0.610894
0.611878
0.612859
0.613838
0.614815
0.615789
0.616760
0.617730
0.618696
0.619660
0.620622
0.621581
0.622538
0.623493
0.624445
0.625394
0.626342
0.627286
0.628229
0.629169
0.630106
0.631042
0.631975
0.632905
0.633833
0.634759
0.635682
0.636604
0.637522
0.638439
0.639353
0.640265
0.641174
0.642081
0.642986
0.643889
0.644789
0.645687
0.646583
0.647476
0.648367
0.649256
0.650143
0.651027
0.651910
0.652790
0.653667
0.654543
0.655416
0.656287
0.657156
0.658023
0.658887
0.659750
0.660610
0.661468
0.662323
0.663177
0.664028
0.664878
0.665725
0.666570
0.667413
0.668254
0.669092
0.669929
0.670763
0.671595
0.672425
0.673254
0.674080
0.674903
0.675725
0.676545
0.677363
0.678178
0.678992
0.679803
0.680613
0.681420
0.682225
0.683029
0.683830
0.684629
0.685427
0.686222
0.687015
0.687806
0.688596
0.689383
0.690168
0.690952
0.691733
0.692512
0.693290
0.694065
0.694839
0.695610
0.696380
0.697147
0.697913
0.698677
0.699439
0.700199
0.700957
0.701713
0.702467
0.703220
0.703970
0.704719
0.705466
0.706210
0.706953
0.707694
0.708434
0.709171
0.709907
0.710640
0.711372
0.712102
0.712830
0.713557
0.714281
0.715004
0.715725
0.716444
0.717161
0.717877
0.718591
0.719303
0.720013
0.720721
0.721428
0.722133
0.722836
0.723537
0.724237
0.724935
0.725631
0.726325
0.727018
0.727709
0.728398
0.729085
0.729771
0.730455
0.731138
0.731818
0.732497
0.733175
0.733850
0.734524
0.735196
0.735867
0.736536
0.737203
0.737869
0.738532
0.739195
0.739855
0.740514
0.741172
0.741827
0.742482
0.743134
0.743785
0.744434
0.745082
0.745728
0.746372
0.747015
0.747657
0.748296
0.748934
0.749571
0.750206
0.750839
0.751471
0.752101
0.752730
0.753357
0.753983
0.754607
0.755230
0.755851
0.756470
0.757088
0.757705
0.758320
0.758933
0.759545
0.760156
0.760765
0.761372
0.761978
0.762582
0.763186
0.763787
0.764387
0.764986
0.765583
0.766179
0.766773
0.767366
0.767957
0.768547
0.769135
0.769722
0.770308
0.770892
0.771475
0.772056
0.772636
0.773215
0.773792
0.774368
0.774942
0.775515
0.776087
0.776657
0.777226
0.777793
0.778359
0.778924
0.779487
0.780049
0.780610
0.781169
0.781727
0.782284
0.782839
0.783393
0.783945
0.784497
0.785047
0.785595
0.786143
0.786689
0.787233
0.787777
0.788319
0.788860
0.789399
0.789938
0.790475
0.791010
0.791545
0.792078
0.792610
0.793140
0.793670
0.794198
0.794725
0.795250
0.795775
0.796298
0.796820
0.797340
0.797860
0.798378
0.798895
0.799411
0.799926
0.800439
0.800951
0.801462
0.801972
0.802480
0.802988
0.803494
0.803999
0.804503
0.805006
0.805507
0.806008
0.806507
0.807005
0.807502
0.807997
0.808492
0.808985
0.809478
0.809969
0.810459
0.810948
0.811435
0.811922
0.812408
0.812892
0.813375
0.813858
0.814339
0.814819
0.815298
0.815775
0.816252
0.816728
0.817202
0.817676
0.818148
0.818620
0.819090
0.819559
0.820027
0.820494
0.820960
0.821425
0.821889
0.822352
0.822814
0.823275
0.823735
0.824193
0.824651
0.825108
0.825563
0.826018
0.826472
0.826924
0.827376
0.827827
0.828276
0.828725
0.829173
0.829619
0.830065
0.830510
0.830953
0.831396
0.831838
0.832279
0.832719
0.833158
0.833595
0.834032
0.834468
0.834904
0.835338
0.835771
0.836203
0.836634
0.837065
0.837494
0.837923
0.838351
