0.011852
0.027240
0.044212
0.065125
0.086847
0.107733
0.127157
0.144988
0.161318
0.176330
0.190211
0.203122
0.215185
0.226488
0.237096
0.247059
0.256400
0.265121
0.273203
0.280600
0.287184
0.292657
0.296434
0.297776
0.297438
0.298077
0.299862
0.301827
0.303793
0.305754
0.307712
0.309665
0.311613
0.313558
0.315498
0.317433
0.319364
0.321291
0.323214
0.325191
0.326969
0.328731
0.330486
0.332238
0.333986
0.335731
0.337473
0.339211
0.340946
0.342678
0.344406
0.346132
0.347854
0.349573
0.351288
0.353001
0.354710
0.356417
0.358120
0.359820
0.361517
0.363211
0.364901
0.366589
0.368273
0.369955
0.371633
0.373308
0.374980
0.376649
0.378315
0.379978
0.381638
0.383295
0.384949
0.386599
0.388247
0.389892
0.391533
0.393172
0.394807
0.396440
0.398069
0.399695
0.401318
0.402939
0.404556
0.406170
0.407781
0.409388
0.410993
0.412595
0.414193
0.415789
0.417381
0.418970
0.420557
0.422140
0.423719
0.425296
0.426870
0.428440
0.430008
0.431572
0.433133
0.434691
0.436245
0.437797
0.439345
0.440890
0.442432
0.443970
0.445506
0.447038
0.448567
0.450093
0.451615
0.453134
0.454650
0.456163
0.457672
0.459178
0.460681
0.462181
0.463677
0.465170
0.466660
0.468146
0.469629
0.471109
0.472585
0.474058
0.475528
0.476994
0.478457
0.479917
0.481373
0.482826
0.484275
0.485721
0.487164
0.488604
0.490040
0.491472
0.492901
0.494327
0.495750
0.497169
0.498584
0.499997
0.501405
0.502811
0.504213
0.505611
0.507006
0.508398
0.509786
0.511171
0.512553
0.513931
0.515306
0.516677
0.518045
0.519409
0.520770
0.522127
0.523482
0.524832
0.526179
0.527523
0.528864
0.530201
0.531534
0.532865
0.534191
0.535515
0.536835
0.538151
0.539464
0.540774
0.542080
0.543383
0.544683
0.545979
0.547272
0.548561
0.549847
0.551130
0.552409
0.553685
0.554957
0.556227
0.557492
0.558755
0.560014
0.561270
0.562522
0.563771
0.565017
0.566259
0.567498
0.568734
0.569966
0.571195
0.572421
0.573644
0.574863
0.576079
0.577291
0.578501
0.579707
0.580909
0.582109
0.583305
0.584498
0.585688
0.586874
0.588058
0.589238
0.590415
0.591588
0.592758
0.593926
0.595090
0.596250
0.597408
0.598562
0.599714
0.600862
0.602007
0.603149
0.604287
0.605423
0.606555
0.607684
0.608810
0.609933
0.611053
0.612170
0.613284
0.614394
0.615502
0.616606
0.617708
0.618806
0.619901
0.620993
0.622083
0.623169
0.624252
0.625332
0.626409
0.627483
0.628554
0.629622
0.630688
0.631750
0.632809
0.633865
0.634918
0.635969
0.637016
0.638061
0.639102
0.640141
0.641177
0.642210
0.643239
0.644267
0.645291
0.646312
0.647330
0.648346
0.649359
0.650369
0.651376
0.652380
0.653381
0.654380
0.655376
0.656369
0.657359
0.658346
0.659331
0.660313
0.661292
0.662268
0.663242
0.664213
0.665181
0.666146
0.667109
0.668069
0.669026
0.669981
0.670933
0.671882
0.672828
0.673772
0.674714
0.675652
0.676588
0.677521
0.678452
0.679380
0.680305
0.681228
0.682148
0.683066
0.683981
0.684893
0.685803
0.686710
0.687615
0.688517
0.689417
0.690314
0.691208
0.692100
0.692990
0.693877
0.694761
0.695643
0.696523
0.697400
0.698274
0.699146
0.700016
0.700883
0.701748
0.702610
0.703470
0.704327
0.705182
0.706035
0.706885
0.707732
0.708578
0.709421
0.710261
0.711099
0.711935
0.712769
0.713600
0.714428
0.715255
0.716079
0.716901
0.717720
0.718537
0.719352
0.720164
0.720975
0.721782
0.722588
0.723391
0.724192
0.724991
0.725788
0.726582
0.727374
0.728164
0.728951
0.729737
0.730520
0.731301
0.732080
0.732856
0.733630
0.734402
0.735172
0.735940
0.736706
0.737469
0.738230
0.738989
0.739746
0.740501
0.741254
0.742004
0.742753
0.743499
0.744243
0.744985
0.745725
0.746463
0.747199
0.747933
0.748665
0.749394
0.750122
0.750847
0.751571
0.752292
0.753011
0.753729
0.754444
0.755157
0.755868
0.756578
0.757285
0.757990
0.758693
0.759395
0.760094
0.760791
0.761486
0.762180
0.762871
0.763561
0.764248
0.764934
0.765617
0.766299
0.766979
0.767656
0.768332
0.769006
0.769678
0.770348
0.771017
0.771683
0.772348
0.773010
0.773671
0.774330
0.774987
0.775642
0.776295
0.776947
0.777597
0.778244
0.778890
0.779535
0.780177
0.780817
0.781456
0.782093
0.782728
0.783361
0.783993
0.784622
0.785250
0.785877
0.786501
0.787124
0.787744
0.788364
0.788981
0.789597
0.790210
0.790823
0.791433
0.792042
0.792649
0.793254
0.793857
0.794459
0.795059
0.795658
0.796255
0.796850
0.797443
0.798035
0.798625
0.799213
0.799800
0.800385
0.800968
0.801550
0.802130
0.802708
0.803285
0.803860
0.804434
0.805006
0.805576
0.806145
0.806712
0.807277
0.807841
0.808404
0.808964
0.809523
0.810081
0.810637
0.811191
0.811744
0.812295
0.812845
0.813393
0.813940
0.814485
0.815028
0.815570
0.816111
0.816650
0.817187
0.817723
0.818257
0.818790
0.819322
0.819851
0.820380
0.820907
0.821432
0.821956
0.822478
0.822999
0.823518
0.824036
0.824553
0.825068
0.825582
0.826094
0.826604
0.827114
0.827621
0.828128
0.828633
0.829136
0.829638
0.830139
0.830638
0.831136
0.831632
0.832127
0.832621
0.833113
0.833604
0.834094
0.834582
0.835068
0.835554
0.836037
0.836520
0.837001
0.837481
0.837959
0.838437
0.838912
0.839387
0.839860
0.840332
0.840802
0.841271
0.841739
0.842205
0.842670
0.843134
0.843596
0.844058
0.844518
0.844976
0.845433
0.845889
0.846344
0.846797
0.847249
0.847700
0.848150
0.848598
0.849045
0.849491
0.849935
0.850378
0.850820
0.851261
0.851700
0.852139
0.852576
0.853011
0.853446
0.853879
0.854311
0.854742
0.855172
0.855600
0.856027
0.856453
0.856878
0.857301
0.857724
0.858145
0.858565
0.858984
0.859401
0.859817
0.860233
0.860647
0.861060
0.861471
0.861882
0.862291
0.862699
0.863106
0.863512
0.863917
0.864321
0.864723
