0.040431
0.087728
0.140788
0.204347
0.278650
0.305109
0.246610
0.225625
0.234777
0.244332
0.253402
0.262100
0.270562
0.278955
0.287509
0.296920
0.306457
0.310256
0.312696
0.315132
0.317581
0.320043
0.322516
0.325003
0.327502
0.330014
0.332540
0.335080
0.337633
0.340201
0.342784
0.345381
0.347993
0.350621
0.353264
0.355923
0.358598
0.361289
0.363997
0.366765
0.369307
0.371890
0.374494
0.377116
0.379759
0.382421
0.385103
0.387804
0.390526
0.393267
0.396028
0.398809
0.401611
0.404432
0.407274
0.410136
0.413018
0.415921
0.418843
0.421786
0.424749
0.427732
0.430735
0.433759
0.436802
0.439865
0.442948
0.446050
0.449172
0.452314
0.455475
0.458654
0.461853
0.465071
0.468307
0.471561
0.474833
0.478124
0.481432
0.484757
0.488099
0.491458
0.494834
0.498226
0.501634
0.505058
0.508496
0.511950
0.515418
0.518901
0.522397
0.525907
0.529429
0.532965
0.536512
0.540071
0.543642
0.547224
0.550816
0.554418
0.558029
0.561650
0.565279
0.568916
0.572561
0.576213
0.579871
0.583536
0.587206
0.590881
0.594561
0.598244
0.601931
0.605621
0.609314
0.613008
0.616703
0.620399
0.624095
0.627791
0.631486
0.635179
0.638870
0.642559
0.646244
0.649925
0.653603
0.657275
0.660942
0.664603
0.668257
0.671904
0.675544
0.679175
0.682798
0.686411
0.690015
0.693608
0.697191
0.700762
0.704321
0.707867
0.711401
0.714921
0.718427
0.721919
0.725396
0.728858
0.732304
0.735733
0.739146
0.742541
0.745919
0.749279
0.752620
0.755942
0.759245
0.762528
0.765791
0.769033
0.772255
0.775455
0.778634
0.781790
0.784925
0.788036
0.791125
0.794191
0.797233
0.800251
0.803245
0.806215
0.809160
0.812080
0.814975
0.817845
0.820689
0.823507
0.826300
0.829066
0.831806
0.834519
0.837206
0.839866
0.842499
0.845104
0.847683
0.850235
0.852759
0.855255
0.857724
0.860165
0.862579
0.864965
0.867323
0.869653
0.871956
0.874231
0.876477
0.878696
0.880888
0.883051
0.885187
0.887294
0.889375
0.891427
0.893452
0.895449
0.897419
0.899362
0.901278
0.903166
0.905027
0.906861
0.908669
0.910450
0.912204
0.913932
0.915633
0.917309
0.918958
0.920582
0.922180
0.923752
0.925300
0.926822
0.928319
0.929792
0.931240
0.932663
0.934063
0.935438
0.936790
0.938118
0.939423
0.940705
0.941965
0.943201
0.944415
0.945607
0.946777
0.947925
0.949052
0.950158
0.951242
0.952306
0.953349
0.954373
0.955376
0.956359
0.957323
0.958268
0.959193
0.960100
0.960988
0.961858
0.962710
0.963545
0.964361
0.965161
0.965943
0.966709
0.967458
0.968191
0.968908
0.969610
0.970295
0.970966
0.971621
0.972262
0.972888
0.973500
0.974097
0.974681
0.975252
0.975809
0.976353
0.976884
0.977402
0.977908
0.978402
0.978883
0.979353
0.979812
0.980259
0.980695
0.981120
0.981535
0.981939
0.982332
0.982716
0.983090
0.983454
0.983809
0.984155
0.984491
0.984819
0.985137
0.985448
0.985750
0.986044
0.986330
0.986608
0.986878
0.987141
0.987397
0.987646
0.987888
0.988123
0.988351
0.988573
0.988789
0.988998
0.989201
0.989399
0.989590
0.989777
0.989957
0.990132
0.990303
0.990468
0.990628
0.990783
0.990934
0.991080
0.991221
0.991359
0.991492
0.991620
0.991745
0.991866
0.991984
0.992097
0.992207
0.992313
0.992416
0.992516
0.992613
0.992706
0.992796
0.992884
0.992968
0.993050
0.993129
0.993206
0.993279
0.993351
0.993420
0.993487
0.993551
0.993613
0.993673
0.993731
0.993787
0.993841
0.993894
0.993944
0.993992
0.994039
0.994085
0.994128
0.994170
0.994211
0.994250
0.994288
0.994324
0.994359
0.994393
0.994425
0.994456
0.994487
0.994516
0.994543
0.994570
0.994596
0.994621
0.994645
0.994668
0.994690
0.994712
0.994732
0.994752
0.994771
0.994789
0.994806
0.994823
0.994839
0.994855
0.994870
0.994884
0.994898
0.994911
0.994924
0.994936
0.994947
0.994959
0.994969
0.994980
0.994989
0.994999
0.995008
0.995017
0.995025
0.995033
0.995040
0.995048
0.995055
0.995062
0.995068
0.995074
0.995080
0.995086
0.995091
0.995096
0.995101
0.995106
0.995110
0.995115
0.995119
0.995123
0.995126
0.995130
0.995133
0.995137
0.995140
0.995143
0.995146
0.995148
0.995151
0.995153
0.995156
0.995158
0.995160
0.995162
0.995164
0.995166
0.995168
0.995170
0.995171
0.995173
0.995174
0.995176
0.995177
0.995178
0.995179
0.995181
0.995182
0.995183
0.995184
0.995185
0.995185
0.995186
0.995187
0.995188
0.995189
0.995189
0.995190
0.995191
0.995191
0.995192
0.995192
0.995193
0.995193
0.995194
0.995194
0.995195
0.995195
0.995195
0.995196
0.995196
0.995196
0.995197
0.995197
0.995197
0.995197
0.995198
0.995198
0.995198
0.995198
0.995198
0.995199
0.995199
0.995199
0.995199
0.995199
0.995199
0.995200
0.995200
0.995200
0.995200
0.995200
0.995200
0.995200
0.995200
0.995200
0.995200
0.995201
0.995201
0.995201
0.995201
0.995201
0.995201
0.995201
0.995201
0.995201
0.995201
0.995201
0.995201
0.995201
0.995201
0.995201
0.995201
0.995201
0.995201
0.995201
0.995201
0.995201
0.995201
0.995201
0.995201
0.995201
0.995201
0.995201
0.995201
0.995202
0.995202
0.995202
0.995202
0.995202
0.995202
0.995202
0.995202
0.995202
0.995202
0.995202
0.995202
0.995202
0.995202
0.995202
0.995202
0.995202
0.995202
0.995202
0.995202
0.995202
0.995202
0.995202
0.995202
0.995202
0.995202
0.995202
0.995202
0.995202
0.995202
0.995202
0.995202
0.995202
0.995202
0.995202
0.995202
0.995202
0.995202
0.995202
0.995202
0.995202
0.995202
0.995202
0.995202
0.995202
0.995202
0.995202
0.995202
0.995202
0.995202
0.995202
0.995202
0.995202
0.995202
0.995202
0.995202
0.995202
0.995202
0.995202
0.995202
0.995202
0.995202
0.995202
0.995202
0.995202
0.995202
0.995202
0.995202
0.995202
0.995202
0.995202
0.995202
0.995202
0.995202
0.995202
0.995202
