0.040469
0.087797
0.140874
0.203987
0.268066
0.273624
0.229371
0.220184
0.229640
0.239077
0.248019
0.256580
0.264897
0.273136
0.281526
0.290772
0.300101
0.303679
0.305923
0.308158
0.310400
0.312648
0.314901
0.317161
0.319428
0.321702
0.323982
0.326270
0.328565
0.330868
0.333179
0.335499
0.337826
0.340163
0.342509
0.344864
0.347228
0.349602
0.351986
0.354413
0.356622
0.358864
0.361119
0.363387
0.365668
0.367961
0.370267
0.372586
0.374918
0.377264
0.379623
0.381995
0.384381
0.386781
0.389194
0.391622
0.394064
0.396520
0.398990
0.401475
0.403974
0.406488
0.409016
0.411559
0.414117
0.416689
0.419277
0.421879
0.424497
0.427129
0.429776
0.432438
0.435115
0.437807
0.440514
0.443236
0.445973
0.448725
0.451491
0.454272
0.457068
0.459879
0.462704
0.465543
0.468397
0.471265
0.474147
0.477043
0.479954
0.482878
0.485815
0.488766
0.491731
0.494708
0.497699
0.500702
0.503718
0.506746
0.509787
0.512839
0.515904
0.518980
0.522067
0.525165
0.528275
0.531394
0.534524
0.537665
0.540815
0.543974
0.547143
0.550321
0.553507
0.556702
0.559905
0.563115
0.566333
0.569558
0.572790
0.576028
0.579272
0.582522
0.585777
0.589037
0.592302
0.595571
0.598845
0.602121
0.605401
0.608684
0.611969
0.615257
0.618546
0.621836
0.625127
0.628419
0.631711
0.635002
0.638293
0.641583
0.644871
0.648158
0.651442
0.654724
0.658002
0.661278
0.664549
0.667816
0.671078
0.674336
0.677588
0.680834
0.684074
0.687307
0.690533
0.693752
0.696963
0.700166
0.703360
0.706545
0.709722
0.712888
0.716044
0.719190
0.722325
0.725449
0.728562
0.731662
0.734750
0.737826
0.740889
0.743939
0.746975
0.749997
0.753005
0.755998
0.758977
0.761940
0.764888
0.767820
0.770736
0.773636
0.776519
0.779386
0.782235
0.785066
0.787880
0.790676
0.793454
0.796213
0.798954
0.801676
0.804379
0.807062
0.809726
0.812370
0.814994
0.817599
0.820182
0.822746
0.825289
0.827810
0.830311
0.832791
0.835250
0.837687
0.840103
0.842497
0.844870
0.847221
0.849549
0.851856
0.854140
0.856403
0.858643
0.860860
0.863056
0.865228
0.867379
0.869506
0.871612
0.873694
0.875754
0.877791
0.879806
0.881798
0.883767
0.885713
0.887637
0.889538
0.891417
0.893272
0.895106
0.896917
0.898705
0.900471
0.902214
0.903936
0.905635
0.907311
0.908966
0.910599
0.912209
0.913798
0.915365
0.916911
0.918435
0.919937
0.921418
0.922878
0.924317
0.925734
0.927131
0.928507
0.929863
0.931198
0.932512
0.933807
0.935081
0.936336
0.937570
0.938786
0.939981
0.941158
0.942315
0.943453
0.944573
0.945674
0.946756
0.947820
0.948866
0.949894
0.950904
0.951897
0.952872
0.953830
0.954771
0.955695
0.956603
0.957494
0.958368
0.959227
0.960069
0.960896
0.961707
0.962503
0.963283
0.964049
0.964799
0.965536
0.966257
0.966965
0.967658
0.968338
0.969003
0.969656
0.970295
0.970921
0.971534
0.972134
0.972722
0.973297
0.973860
0.974411
0.974951
0.975479
0.975995
0.976500
0.976994
0.977477
0.977949
0.978411
0.978862
0.979303
0.979735
0.980156
0.980567
0.980969
0.981362
0.981746
0.982120
0.982486
0.982843
0.983191
0.983531
0.983863
0.984187
0.984503
0.984811
0.985111
0.985404
0.985690
0.985968
0.986240
0.986504
0.986762
0.987013
0.987258
0.987496
0.987728
0.987955
0.988175
0.988389
0.988598
0.988801
0.988998
0.989191
0.989378
0.989560
0.989737
0.989909
0.990076
0.990239
0.990397
0.990550
0.990700
0.990845
0.990986
0.991123
0.991256
0.991385
0.991511
0.991632
0.991751
0.991865
0.991977
0.992085
0.992190
0.992291
0.992390
0.992485
0.992578
0.992668
0.992755
0.992840
0.992921
0.993001
0.993078
0.993152
0.993224
0.993294
0.993361
0.993427
0.993490
0.993551
0.993611
0.993668
0.993723
0.993777
0.993829
0.993879
0.993928
0.993975
0.994020
0.994064
0.994106
0.994147
0.994186
0.994225
0.994261
0.994297
0.994331
0.994365
0.994397
0.994427
0.994457
0.994486
0.994514
0.994540
0.994566
0.994591
0.994615
0.994638
0.994660
0.994682
0.994702
0.994722
0.994741
0.994760
0.994778
0.994795
0.994811
0.994827
0.994842
0.994857
0.994871
0.994885
0.994898
0.994910
0.994922
0.994934
0.994945
0.994956
0.994966
0.994976
0.994985
0.994994
0.995003
0.995011
0.995019
0.995027
0.995035
0.995042
0.995049
0.995055
0.995061
0.995067
0.995073
0.995079
0.995084
0.995089
0.995094
0.995099
0.995103
0.995107
0.995111
0.995115
0.995119
0.995123
0.995126
0.995129
0.995132
0.995135
0.995138
0.995141
0.995144
0.995146
0.995149
0.995151
0.995153
0.995155
0.995157
0.995159
0.995161
0.995163
0.995164
0.995166
0.995167
0.995169
0.995170
0.995171
0.995173
0.995174
0.995175
0.995176
0.995177
0.995178
0.995179
0.995180
0.995181
0.995182
0.995182
0.995183
0.995184
0.995184
0.995185
0.995186
0.995186
0.995187
0.995187
0.995188
0.995188
0.995189
0.995189
0.995189
0.995190
0.995190
0.995191
0.995191
0.995191
0.995191
0.995192
0.995192
0.995192
0.995192
0.995193
0.995193
0.995193
0.995193
0.995193
0.995194
0.995194
0.995194
0.995194
0.995194
0.995194
0.995194
0.995195
0.995195
0.995195
0.995195
0.995195
0.995195
0.995195
0.995195
0.995195
0.995195
0.995195
0.995196
0.995196
0.995196
0.995196
0.995196
0.995196
0.995196
0.995196
0.995196
0.995196
0.995196
0.995196
0.995196
0.995196
0.995196
0.995196
0.995196
0.995196
0.995196
0.995196
0.995196
0.995196
0.995196
0.995196
0.995196
0.995196
0.995196
0.995196
0.995196
0.995196
0.995196
0.995196
0.995196
0.995196
0.995196
0.995196
0.995196
0.995196
0.995196
0.995196
0.995196
0.995196
0.995196
0.995196
0.995196
0.995196
0.995196
0.995196
0.995196
0.995196
0.995196
0.995196
0.995196
0.995196
0.995196
0.995196
0.995196
0.995196
0.995196
0.995196
0.995196
0.995196
