0.006879
0.012062
0.016621
0.020900
0.025061
0.029205
0.033408
0.037741
0.042284
0.047125
0.052347
0.058040
0.064305
0.071253
0.079018
0.087783
0.097782
0.109296
0.122705
0.138595
0.157777
0.181424
0.211589
0.251992
0.309898
0.401358
0.562590
0.802406
0.962529
0.994471
0.996064
0.996156
0.996232
0.996307
0.996381
0.996453
0.996524
0.996592
0.996659
0.996724
0.996786
0.996847
0.996905
0.996961
0.997015
0.997067
0.997116
0.997163
0.997209
0.997252
0.997293
0.997332
0.997370
0.997405
0.997439
0.997470
0.997501
0.997529
0.997556
0.997582
0.997606
0.997628
0.997650
0.997670
0.997688
0.997706
0.997723
0.997738
0.997753
0.997766
0.997779
0.997791
0.997802
0.997813
0.997822
0.997831
0.997840
0.997848
0.997855
0.997862
0.997868
0.997874
0.997879
0.997884
0.997889
0.997893
0.997897
0.997900
0.997904
0.997907
0.997910
0.997912
0.997915
0.997917
0.997919
0.997921
0.997923
0.997925
0.997926
0.997927
0.997929
0.997930
0.997931
0.997932
0.997933
0.997933
0.997934
0.997935
0.997935
0.997936
0.997937
0.997937
0.997937
0.997938
0.997938
0.997938
0.997939
0.997939
0.997939
0.997940
0.997940
0.997940
0.997940
0.997940
0.997940
0.997940
0.997941
0.997941
0.997941
0.997941
0.997941
0.997941
0.997941
0.997941
0.997941
0.997941
0.997941
0.997941
0.997941
0.997941
0.997941
0.997941
0.997941
0.997941
0.997941
0.997941
0.997942
0.997942
0.997942
0.997942
0.997942
0.997942
0.997942
0.997942
0.997942
0.997942
0.997942
0.997942
0.997942
0.997942
0.997942
0.997942
0.997942
0.997942
0.997942
0.997942
0.997942
0.997942
0.997942
0.997942
0.997942
0.997942
0.997942
0.997942
0.997942
0.997942
0.997942
0.997942
0.997942
0.997942
0.997942
0.997942
0.997942
0.997942
0.997942
0.997942
0.997942
0.997942
0.997942
0.997942
0.997942
0.997942
0.997942
0.997942
0.997942
0.997942
0.997942
0.997942
0.997942
0.997942
0.997942
0.997942
0.997942
0.997942
0.997942
0.997942
0.997942
0.997942
0.997942
0.997942
0.997942
0.997942
0.997942
0.997942
0.997942
0.997942
0.997942
0.997942
0.997942
0.997942
0.997942
0.997942
0.997942
0.997942
0.997942
0.997942
0.997942
0.997942
0.997942
0.997942
0.997942
0.997942
0.997942
0.997942
0.997942
0.997942
0.997942
0.997942
0.997942
0.997942
0.997942
0.997942
0.997942
0.997942
0.997942
0.997942
0.997942
0.997942
0.997942
0.997942
0.997942
0.997942
0.997942
0.997942
0.997942
0.997942
0.997942
0.997942
0.997942
0.997942
0.997942
0.997942
0.997942
0.997942
0.997942
0.997942
0.997942
0.997942
0.997942
0.997942
0.997942
0.997942
0.997942
0.997942
0.997942
0.997942
0.997942
0.997942
0.997942
0.997942
0.997942
0.997942
0.997942
0.997942
0.997942
0.997942
0.997942
0.997942
0.997942
0.997942
0.997942
0.997942
0.997942
0.997942
0.997942
0.997942
0.997942
0.997942
0.997942
0.997942
0.997942
0.997942
0.997942
0.997942
0.997942
0.997942
0.997942
0.997942
0.997942
0.997942
0.997942
0.997942
0.997942
0.997942
0.997942
0.997942
0.997942
0.997942
0.997942
0.997942
0.997942
0.997942
0.997942
0.997942
0.997942
0.997942
0.997942
0.997942
0.997942
0.997942
0.997942
0.997942
0.997942
0.997942
0.997942
0.997942
0.997942
0.997942
0.997942
0.997942
0.997942
0.997942
0.997942
0.997942
0.997942
0.997942
0.997942
0.997942
0.997942
0.997942
0.997942
0.997942
0.997942
0.997942
0.997942
0.997942
0.997942
0.997942
0.997942
0.997942
0.997942
0.997942
0.997942
0.997942
0.997942
0.997942
0.997942
0.997942
0.997942
0.997942
0.997942
0.997942
0.997942
0.997942
0.997942
0.997942
0.997942
0.997942
0.997942
0.997942
0.997942
0.997942
0.997942
0.997942
0.997942
0.997942
0.997942
0.997942
0.997942
0.997942
0.997942
0.997942
0.997942
0.997942
0.997942
0.997942
0.997942
0.997942
0.997942
0.997942
0.997942
0.997942
0.997942
0.997942
0.997942
0.997942
0.997942
0.997942
0.997942
0.997942
0.997942
0.997942
0.997942
0.997942
0.997942
0.997942
0.997942
0.997942
0.997942
0.997942
0.997942
0.997942
0.997942
0.997942
0.997942
0.997942
0.997942
0.997942
0.997942
0.997942
0.997942
0.997942
0.997942
0.997942
0.997942
0.997942
0.997942
0.997942
0.997942
0.997942
0.997942
0.997942
0.997942
0.997942
0.997942
0.997942
0.997942
0.997942
0.997942
0.997942
0.997942
0.997942
0.997942
0.997942
0.997942
0.997942
0.997942
0.997942
0.997942
0.997942
0.997942
0.997942
0.997942
0.997942
0.997942
0.997942
0.997942
0.997942
0.997942
0.997942
0.997942
0.997942
0.997942
0.997942
0.997942
0.997942
0.997942
0.997942
0.997942
0.997942
0.997942
0.997942
0.997942
0.997942
0.997942
0.997942
0.997942
0.997942
0.997942
0.997942
0.997942
0.997942
0.997942
0.997942
0.997942
0.997942
0.997942
0.997942
0.997942
0.997942
0.997942
0.997942
0.997942
0.997942
0.997942
0.997942
0.997942
0.997942
0.997942
0.997942
0.997942
0.997942
0.997942
0.997942
0.997942
0.997942
0.997942
0.997942
0.997942
0.997942
0.997942
0.997942
0.997942
0.997942
0.997942
0.997942
0.997942
0.997942
0.997942
0.997942
0.997942
0.997942
0.997942
0.997942
0.997942
0.997942
0.997942
0.997942
0.997942
0.997942
0.997942
0.997942
0.997942
0.997942
0.997942
0.997942
0.997942
0.997942
0.997942
0.997942
0.997942
0.997942
0.997942
0.997942
0.997942
0.997942
0.997942
0.997942
0.997942
0.997942
0.997942
0.997942
0.997942
0.997942
0.997942
0.997942
0.997942
0.997942
0.997942
0.997942
0.997942
0.997942
0.997942
0.997942
0.997942
0.997942
0.997942
0.997942
0.997942
0.997942
0.997942
0.997942
0.997942
0.997942
0.997942
0.997942
0.997942
0.997942
0.997942
0.997942
0.997942
0.997942
0.997942
0.997942
0.997942
0.997942
0.997942
0.997942
0.997942
0.997942
