0.009819
0.021247
0.035413
0.042741
0.048534
0.054774
0.061546
0.068965
0.077163
0.086299
0.096557
0.108175
0.121478
0.136902
0.155019
0.176619
0.202964
0.236117
0.279504
0.338969
0.419737
0.478653
0.427678
0.377593
0.374517
0.378049
0.381806
0.385644
0.389556
0.393536
0.397579
0.401682
0.405842
0.410058
0.414328
0.418650
0.423022
0.427445
0.431916
0.436552
0.440930
0.445375
0.449870
0.454414
0.459005
0.463642
0.468324
0.473049
0.477815
0.482623
0.487469
0.492354
0.497275
0.502231
0.507220
0.512242
0.517294
0.522375
0.527483
0.532618
0.537776
0.542957
0.548159
0.553379
0.558617
0.563871
0.569138
0.574417
0.579707
0.585005
0.590309
0.595619
0.600931
0.606244
0.611557
0.616867
0.622173
0.627473
0.632765
0.638048
0.643319
0.648577
0.653820
0.659047
0.664256
0.669444
0.674612
0.679756
0.684876
0.689970
0.695036
0.700073
0.705079
0.710054
0.714995
0.719902
0.724773
0.729606
0.734402
0.739158
0.743874
0.748548
0.753179
0.757767
0.762310
0.766808
0.771260
0.775664
0.780021
0.784329
0.788588
0.792797
0.796956
0.801063
0.805119
0.809124
0.813076
0.816975
0.820821
0.824615
0.828354
0.832040
0.835672
0.839250
0.842774
0.846243
0.849659
0.853020
0.856327
0.859580
0.862779
0.865925
0.869017
0.872055
0.875040
0.877973
0.880852
0.883680
0.886455
0.889179
0.891852
0.894473
0.897045
0.899566
0.902038
0.904460
0.906834
0.909160
0.911439
0.913670
0.915855
0.917994
0.920088
0.922136
0.924141
0.926102
0.928019
0.929895
0.931728
0.933521
0.935272
0.936984
0.938656
0.940290
0.941886
0.943444
0.944965
0.946450
0.947899
0.949314
0.950694
0.952040
0.953353
0.954634
0.955883
0.957101
0.958288
0.959445
0.960573
0.961671
0.962742
0.963785
0.964800
0.965790
0.966753
0.967691
0.968604
0.969493
0.970358
0.971199
0.972018
0.972815
0.973590
0.974344
0.975077
0.975790
0.976484
0.977158
0.977813
0.978450
0.979069
0.979671
0.980255
0.980823
0.981375
0.981911
0.982432
0.982937
0.983428
0.983905
0.984368
0.984817
0.985254
0.985677
0.986088
0.986487
0.986874
0.987250
0.987614
0.987968
0.988311
0.988644
0.988966
0.989279
0.989583
0.989877
0.990162
0.990439
0.990707
0.990967
0.991220
0.991464
0.991701
0.991930
0.992153
0.992368
0.992577
0.992779
0.992975
0.993165
0.993349
0.993528
0.993700
0.993867
0.994029
0.994186
0.994338
0.994485
0.994628
0.994765
0.994899
0.995028
0.995153
0.995274
0.995392
0.995505
0.995615
0.995721
0.995824
0.995924
0.996020
0.996113
0.996204
0.996291
0.996375
0.996457
0.996536
0.996613
0.996687
0.996758
0.996827
0.996894
0.996959
0.997022
0.997083
0.997141
0.997198
0.997253
0.997306
0.997357
0.997407
0.997455
0.997501
0.997546
0.997589
0.997631
0.997672
0.997711
0.997749
0.997785
0.997821
0.997855
0.997888
0.997920
0.997951
0.997981
0.998009
0.998037
0.998064
0.998090
0.998116
0.998140
0.998164
0.998186
0.998208
0.998230
0.998250
0.998270
0.998289
0.998308
0.998325
0.998343
0.998360
0.998376
0.998391
0.998406
0.998421
0.998435
0.998449
0.998462
0.998474
0.998487
0.998499
0.998510
0.998521
0.998532
0.998542
0.998552
0.998562
0.998571
0.998580
0.998589
0.998597
0.998605
0.998613
0.998620
0.998628
0.998635
0.998642
0.998648
0.998655
0.998661
0.998667
0.998672
0.998678
0.998683
0.998688
0.998693
0.998698
0.998703
0.998707
0.998712
0.998716
0.998720
0.998724
0.998728
0.998731
0.998735
0.998738
0.998741
0.998745
0.998748
0.998751
0.998753
0.998756
0.998759
0.998761
0.998764
0.998766
0.998769
0.998771
0.998773
0.998775
0.998777
0.998779
0.998781
0.998783
0.998785
0.998786
0.998788
0.998789
0.998791
0.998792
0.998794
0.998795
0.998797
0.998798
0.998799
0.998800
0.998801
0.998803
0.998804
0.998805
0.998806
0.998807
0.998808
0.998808
0.998809
0.998810
0.998811
0.998812
0.998812
0.998813
0.998814
0.998815
0.998815
0.998816
0.998817
0.998817
0.998818
0.998818
0.998819
0.998819
0.998820
0.998820
0.998821
0.998821
0.998822
0.998822
0.998822
0.998823
0.998823
0.998824
0.998824
0.998824
0.998825
0.998825
0.998825
0.998825
0.998826
0.998826
0.998826
0.998827
0.998827
0.998827
0.998827
0.998827
0.998828
0.998828
0.998828
0.998828
0.998828
0.998829
0.998829
0.998829
0.998829
0.998829
0.998829
0.998830
0.998830
0.998830
0.998830
0.998830
0.998830
0.998830
0.998830
0.998831
0.998831
0.998831
0.998831
0.998831
0.998831
0.998831
0.998831
0.998831
0.998831
0.998831
0.998832
0.998832
0.998832
0.998832
0.998832
0.998832
0.998832
0.998832
0.998832
0.998832
0.998832
0.998832
0.998832
0.998832
0.998832
0.998832
0.998832
0.998832
0.998833
0.998833
0.998833
0.998833
0.998833
0.998833
0.998833
0.998833
0.998833
0.998833
0.998833
0.998833
0.998833
0.998833
0.998833
0.998833
0.998833
0.998833
0.998833
0.998833
0.998833
0.998833
0.998833
0.998833
0.998833
0.998833
0.998833
0.998833
0.998833
0.998833
0.998833
0.998833
0.998833
0.998833
0.998833
0.998833
0.998833
0.998833
0.998833
0.998833
0.998833
0.998833
0.998833
0.998833
0.998833
0.998833
0.998833
0.998833
0.998833
0.998833
0.998833
0.998833
0.998833
0.998833
0.998833
0.998833
0.998833
0.998833
0.998833
0.998833
0.998833
0.998833
0.998833
0.998833
0.998833
0.998834
0.998834
0.998834
0.998834
0.998834
0.998834
0.998834
0.998834
0.998834
0.998834
0.998834
0.998834
0.998834
0.998834
0.998834
0.998834
0.998834
0.998834
0.998834
0.998834
0.998834
0.998834
0.998834
0.998834
0.998834
0.998834
0.998834
0.998834
0.998834
0.998834
0.998834
0.998834
0.998834
0.998834
0.998834
0.998834
0.998834
0.998834
0.998834
0.998834
0.998834
0.998834
0.998834
0.998834
0.998834
0.998834
0.998834
0.998834
0.998834
0.998834
