0.013907
0.029548
0.045602
0.062370
0.080210
0.099780
0.122852
0.153248
0.192668
0.228003
0.256570
0.272957
0.278673
0.279384
0.279630
0.280873
0.282737
0.284708
0.286677
0.288640
0.290597
0.292548
0.294493
0.296433
0.298366
0.300294
0.302216
0.304133
0.306044
0.307949
0.309849
0.311744
0.313634
0.315518
0.317397
0.319271
0.321140
0.323004
0.324863
0.326760
0.328457
0.330147
0.331834
0.333516
0.335194
0.336869
0.338539
0.340205
0.341867
0.343525
0.345180
0.346830
0.348476
0.350119
0.351757
0.353392
0.355023
0.356650
0.358273
0.359892
0.361508
0.363120
0.364728
0.366332
0.367933
0.369529
0.371123
0.372712
0.374298
0.375881
0.377459
0.379034
0.380606
0.382174
0.383739
0.385300
0.386857
0.388411
0.389962
0.391509
0.393052
0.394593
0.396129
0.397663
0.399193
0.400720
0.402243
0.403764
0.405281
0.406794
0.408305
0.409812
0.411316
0.412817
0.414315
0.415809
0.417301
0.418789
0.420274
0.421756
0.423235
0.424711
0.426185
0.427655
0.429122
0.430586
0.432047
0.433505
0.434961
0.436413
0.437863
0.439310
0.440754
0.442195
0.443633
0.445069
0.446502
0.447932
0.449360
0.450784
0.452207
0.453626
0.455043
0.456457
0.457869
0.459278
0.460684
0.462088
0.463490
0.464889
0.466285
0.467679
0.469071
0.470460
0.471847
0.473231
0.474614
0.475993
0.477371
0.478746
0.480119
0.481489
0.482857
0.484224
0.485587
0.486949
0.488309
0.489666
0.491021
0.492374
0.493725
0.495074
0.496421
0.497766
0.499109
0.500449
0.501788
0.503125
0.504460
0.505793
0.507124
0.508453
0.509780
0.511106
0.512429
0.513751
0.515071
0.516389
0.517706
0.519020
0.520333
0.521644
0.522954
0.524262
0.525568
0.526872
0.528175
0.529476
0.530776
0.532074
0.533370
0.534665
0.535959
0.537250
0.538541
0.539830
0.541117
0.542403
0.543687
0.544970
0.546252
0.547532
0.548811
0.550089
0.551365
0.552640
0.553913
0.555185
0.556456
0.557726
0.558994
0.560261
0.561527
0.562792
0.564056
0.565318
0.566579
0.567839
0.569098
0.570355
0.571612
0.572867
0.574122
0.575375
0.576627
0.577878
0.579128
0.580377
0.581625
0.582872
0.584118
0.585363
0.586607
0.587850
0.589092
0.590333
0.591573
0.592812
0.594051
0.595288
0.596524
0.597760
0.598995
0.600229
0.601462
0.602694
0.603925
0.605156
0.606385
0.607614
0.608842
0.610069
0.611296
0.612521
0.613746
0.614970
0.616194
0.617416
0.618638
0.619859
0.621079
0.622299
0.623518
0.624736
0.625953
0.627170
0.628386
0.629602
0.630816
0.632030
0.633243
0.634456
0.635668
0.636879
0.638090
0.639299
0.640509
0.641717
0.642925
0.644132
0.645339
0.646545
0.647750
0.648955
0.650159
0.651362
0.652565
0.653767
0.654969
0.656169
0.657370
0.658569
0.659768
0.660966
0.662164
0.663361
0.664557
0.665753
0.666948
0.668142
0.669336
0.670529
0.671722
0.672914
0.674105
0.675295
0.676485
0.677674
0.678863
0.680051
0.681238
0.682424
0.683610
0.684795
0.685980
0.687163
0.688347
0.689529
0.690711
0.691892
0.693072
0.694251
0.695430
0.696608
0.697785
0.698962
0.700138
0.701313
0.702487
0.703661
0.704833
0.706005
0.707176
0.708347
0.709516
0.710685
0.711853
0.713020
0.714186
0.715351
0.716516
0.717679
0.718842
0.720004
0.721165
0.722325
0.723484
0.724642
0.725799
0.726955
0.728110
0.729265
0.730418
0.731570
0.732722
0.733872
0.735021
0.736169
0.737316
0.738462
0.739607
0.740751
0.741894
0.743036
0.744176
0.745316
0.746454
0.747591
0.748727
0.749862
0.750995
0.752127
0.753258
0.754388
0.755517
0.756644
0.757770
0.758894
0.760018
0.761139
0.762260
0.763379
0.764497
0.765614
0.766729
0.767842
0.768954
0.770065
0.771174
0.772282
0.773388
0.774493
0.775596
0.776698
0.777798
0.778896
0.779993
0.781088
0.782182
0.783274
0.784364
0.785453
0.786540
0.787625
0.788709
0.789790
0.790870
0.791949
0.793025
0.794099
0.795172
0.796243
0.797312
0.798379
0.799445
0.800508
0.801569
0.802629
0.803686
0.804742
0.805795
0.806847
0.807896
0.808944
0.809989
0.811032
0.812073
0.813112
0.814149
0.815184
0.816217
0.817247
0.818275
0.819301
0.820325
0.821346
0.822365
0.823382
0.824397
0.825409
0.826419
0.827426
0.828432
0.829434
0.830435
0.831433
0.832428
0.833421
0.834412
0.835400
0.836386
0.837369
0.838349
0.839327
0.840302
0.841275
0.842245
0.843213
0.844178
0.845140
0.846100
0.847057
0.848011
0.848962
0.849911
0.850857
0.851801
0.852741
0.853679
0.854614
0.855546
0.856475
0.857401
0.858325
0.859246
0.860163
0.861078
0.861990
0.862899
0.863805
0.864708
0.865609
0.866506
0.867400
0.868291
0.869179
0.870064
0.870946
0.871825
0.872701
0.873574
0.874443
0.875310
0.876173
0.877034
0.877891
0.878745
0.879595
0.880443
0.881287
0.882129
0.882967
0.883801
0.884633
0.885461
0.886286
0.887108
0.887926
0.888742
0.889553
0.890362
0.891167
0.891969
0.892768
0.893563
0.894355
0.895143
0.895928
0.896710
0.897489
0.898264
0.899035
0.899803
0.900568
0.901329
0.902087
0.902842
0.903593
0.904340
0.905085
0.905825
0.906562
0.907296
0.908026
0.908753
0.909476
0.910196
0.910913
0.911625
0.912335
0.913040
0.913743
0.914441
0.915137
0.915828
0.916516
0.917201
0.917882
0.918560
0.919234
0.919904
0.920571
0.921235
0.921895
0.922551
0.923204
0.923853
0.924499
0.925141
0.925779
0.926414
0.927046
0.927674
0.928298
0.928919
0.929536
0.930150
0.930760
0.931367
0.931970
0.932569
0.933165
0.933758
0.934347
0.934932
0.935514
0.936092
0.936667
0.937238
0.937806
0.938370
0.938931
0.939488
0.940041
0.940592
0.941138
0.941681
0.942221
0.942757
0.943290
0.943819
0.944345
0.944867
0.945386
0.945901
0.946413
0.946922
0.947427
0.947928
0.948426
0.948921
0.949412
0.949900
0.950385
0.950866
0.951344
0.951818
0.952289
0.952757
0.953221
