0.011734
0.016780
0.021513
0.026125
0.030742
0.035462
0.040376
0.045573
0.051129
0.057135
0.063697
0.070935
0.078990
0.088023
0.098253
0.109971
0.123556
0.139492
0.158502
0.181724
0.210922
0.249030
0.301358
0.378156
0.498859
0.665025
0.786261
0.818792
0.824059
0.827466
0.830918
0.834426
0.837971
0.841541
0.845126
0.848717
0.852306
0.855887
0.859454
0.863137
0.866626
0.870093
0.873534
0.876945
0.880322
0.883663
0.886964
0.890223
0.893438
0.896607
0.899727
0.902797
0.905816
0.908781
0.911692
0.914547
0.917345
0.920086
0.922769
0.925393
0.927958
0.930463
0.932908
0.935292
0.937617
0.939882
0.942086
0.944231
0.946316
0.948343
0.950311
0.952221
0.954073
0.955869
0.957609
0.959294
0.960924
0.962501
0.964026
0.965498
0.966921
0.968293
0.969617
0.970893
0.972123
0.973308
0.974448
0.975545
0.976600
0.977614
0.978588
0.979523
0.980421
0.981283
0.982109
0.982900
0.983659
0.984385
0.985080
0.985745
0.986381
0.986989
0.987570
0.988125
0.988654
0.989160
0.989642
0.990101
0.990539
0.990956
0.991354
0.991732
0.992092
0.992434
0.992760
0.993069
0.993363
0.993642
0.993907
0.994159
0.994397
0.994623
0.994838
0.995041
0.995233
0.995416
0.995588
0.995751
0.995906
0.996052
0.996190
0.996320
0.996443
0.996559
0.996669
0.996773
0.996870
0.996963
0.997049
0.997131
0.997208
0.997281
0.997350
0.997414
0.997474
0.997531
0.997585
0.997635
0.997683
0.997727
0.997769
0.997808
0.997845
0.997880
0.997912
0.997943
0.997971
0.997998
0.998023
0.998046
0.998068
0.998089
0.998108
0.998126
0.998143
0.998159
0.998174
0.998188
0.998201
0.998213
0.998224
0.998235
0.998245
0.998254
0.998262
0.998270
0.998278
0.998285
0.998291
0.998297
0.998303
0.998308
0.998313
0.998318
0.998322
0.998326
0.998330
0.998333
0.998337
0.998340
0.998342
0.998345
0.998347
0.998350
0.998352
0.998354
0.998356
0.998357
0.998359
0.998360
0.998362
0.998363
0.998364
0.998365
0.998366
0.998367
0.998368
0.998369
0.998370
0.998370
0.998371
0.998372
0.998372
0.998373
0.998373
0.998374
0.998374
0.998374
0.998375
0.998375
0.998375
0.998376
0.998376
0.998376
0.998377
0.998377
0.998377
0.998377
0.998377
0.998377
0.998378
0.998378
0.998378
0.998378
0.998378
0.998378
0.998378
0.998378
0.998378
0.998379
0.998379
0.998379
0.998379
0.998379
0.998379
0.998379
0.998379
0.998379
0.998379
0.998379
0.998379
0.998379
0.998379
0.998379
0.998379
0.998379
0.998379
0.998379
0.998379
0.998379
0.998379
0.998379
0.998379
0.998379
0.998379
0.998379
0.998379
0.998379
0.998379
0.998379
0.998379
0.998379
0.998380
0.998380
0.998380
0.998380
0.998380
0.998380
0.998380
0.998380
0.998380
0.998380
0.998380
0.998380
0.998380
0.998380
0.998380
0.998380
0.998380
0.998380
0.998380
0.998380
0.998380
0.998380
0.998380
0.998380
0.998380
0.998380
0.998380
0.998380
0.998380
0.998380
0.998380
0.998380
0.998380
0.998380
0.998380
0.998380
0.998380
0.998380
0.998380
0.998380
0.998380
0.998380
0.998380
0.998380
0.998380
0.998380
0.998380
0.998380
0.998380
0.998380
0.998380
0.998380
0.998380
0.998380
0.998380
0.998380
0.998380
0.998380
0.998380
0.998380
0.998380
0.998380
0.998380
0.998380
0.998380
0.998380
0.998380
0.998380
0.998380
0.998380
0.998380
0.998380
0.998380
0.998380
0.998380
0.998380
0.998380
0.998380
0.998380
0.998380
0.998380
0.998380
0.998380
0.998380
0.998380
0.998380
0.998380
0.998380
0.998380
0.998380
0.998380
0.998380
0.998380
0.998380
0.998380
0.998380
0.998380
0.998380
0.998380
0.998380
0.998380
0.998380
0.998380
0.998380
0.998380
0.998380
0.998380
0.998380
0.998380
0.998380
0.998380
0.998380
0.998380
0.998380
0.998380
0.998380
0.998380
0.998380
0.998380
0.998380
0.998380
0.998380
0.998380
0.998380
0.998380
0.998380
0.998380
0.998380
0.998380
0.998380
0.998380
0.998380
0.998380
0.998380
0.998380
0.998380
0.998380
0.998380
0.998380
0.998380
0.998380
0.998380
0.998380
0.998380
0.998380
0.998380
0.998380
0.998380
0.998380
0.998380
0.998380
0.998380
0.998380
0.998380
0.998380
0.998380
0.998380
0.998380
0.998380
0.998380
0.998380
0.998380
0.998380
0.998380
0.998380
0.998380
0.998380
0.998380
0.998380
0.998380
0.998380
0.998380
0.998380
0.998380
0.998380
0.998380
0.998380
0.998380
0.998380
0.998380
0.998380
0.998380
0.998380
0.998380
0.998380
0.998380
0.998380
0.998380
0.998380
0.998380
0.998380
0.998380
0.998380
0.998380
0.998380
0.998380
0.998380
0.998380
0.998380
0.998380
0.998380
0.998380
0.998380
0.998380
0.998380
0.998380
0.998380
0.998380
0.998380
0.998380
0.998380
0.998380
0.998380
0.998380
0.998380
0.998380
0.998380
0.998380
0.998380
0.998380
0.998380
0.998380
0.998380
0.998380
0.998380
0.998380
0.998380
0.998380
0.998380
0.998380
0.998380
0.998380
0.998380
0.998380
0.998380
0.998380
0.998380
0.998380
0.998380
0.998380
0.998380
0.998380
0.998380
0.998380
0.998380
0.998380
0.998380
0.998380
0.998380
0.998380
0.998380
0.998380
0.998380
0.998380
0.998380
0.998380
0.998380
0.998380
0.998380
0.998380
0.998380
0.998380
0.998380
0.998380
0.998380
0.998380
0.998380
0.998380
0.998380
0.998380
0.998380
0.998380
0.998380
0.998380
0.998380
0.998380
0.998380
0.998380
0.998380
0.998380
0.998380
0.998380
0.998380
0.998380
0.998380
0.998380
0.998380
0.998380
0.998380
0.998380
0.998380
0.998380
0.998380
0.998380
0.998380
0.998380
0.998380
0.998380
0.998380
0.998380
0.998380
0.998380
0.998380
0.998380
0.998380
0.998380
0.998380
0.998380
0.998380
0.998380
0.998380
0.998380
0.998380
0.998380
0.998380
0.998380
0.998380
0.998380
0.998380
0.998380
0.998380
0.998380
0.998380
0.998380
0.998380
0.998380
0.998380
0.998380
