0.179232
0.438711
0.513946
0.546453
0.574772
0.599274
0.620954
0.640438
0.658194
0.674562
0.689795
0.704079
0.717571
0.730408
0.742699
0.754521
0.765967
0.777168
0.788287
0.799570
0.811652
0.823741
0.830976
0.836071
0.840992
0.845836
0.850600
0.855281
0.859875
0.864380
0.868793
0.873113
0.877336
0.881461
0.885486
0.889410
0.893233
0.896952
0.900568
0.904218
0.907604
0.910890
0.914074
0.917156
0.920137
0.923017
0.925797
0.928477
0.931059
0.933544
0.935933
0.938228
0.940431
0.942543
0.944566
0.946502
0.948354
0.950123
0.951811
0.953421
0.954954
0.956414
0.957802
0.959121
0.960374
0.961561
0.962687
0.963753
0.964761
0.965713
0.966613
0.967462
0.968262
0.969015
0.969724
0.970391
0.971017
0.971605
0.972157
0.972673
0.973157
0.973609
0.974032
0.974427
0.974795
0.975138
0.975458
0.975756
0.976033
0.976290
0.976529
0.976750
0.976956
0.977146
0.977322
0.977485
0.977635
0.977774
0.977902
0.978020
0.978128
0.978228
0.978320
0.978405
0.978482
0.978553
0.978618
0.978678
0.978733
0.978782
0.978828
0.978870
0.978908
0.978942
0.978974
0.979003
0.979029
0.979052
0.979074
0.979093
0.979111
0.979127
0.979142
0.979155
0.979167
0.979178
0.979187
0.979196
0.979204
0.979211
0.979217
0.979223
0.979228
0.979233
0.979237
0.979241
0.979244
0.979247
0.979250
0.979252
0.979254
0.979256
0.979258
0.979259
0.979261
0.979262
0.979263
0.979264
0.979265
0.979266
0.979266
0.979267
0.979267
0.979268
0.979268
0.979269
0.979269
0.979269
0.979269
0.979270
0.979270
0.979270
0.979270
0.979270
0.979270
0.979271
0.979271
0.979271
0.979271
0.979271
0.979271
0.979271
0.979271
0.979271
0.979271
0.979271
0.979271
0.979271
0.979271
0.979271
0.979271
0.979271
0.979271
0.979271
0.979271
0.979271
0.979271
0.979271
0.979271
0.979271
0.979271
0.979271
0.979271
0.979271
0.979271
0.979271
0.979271
0.979271
0.979271
0.979271
0.979271
0.979271
0.979271
0.979271
0.979271
0.979271
0.979271
0.979271
0.979271
0.979271
0.979271
0.979271
0.979271
0.979271
0.979271
0.979271
0.979271
0.979271
0.979271
0.979271
0.979271
0.979271
0.979271
0.979271
0.979271
0.979271
0.979271
0.979271
0.979271
0.979271
0.979271
0.979271
0.979271
0.979271
0.979271
0.979271
0.979271
0.979271
0.979271
0.979271
0.979271
0.979271
0.979271
0.979271
0.979271
0.979271
0.979271
0.979271
0.979271
0.979271
0.979271
0.979271
0.979271
0.979271
0.979271
0.979271
0.979271
0.979271
0.979271
0.979271
0.979271
0.979271
0.979271
0.979271
0.979271
0.979271
0.979271
0.979271
0.979271
0.979271
0.979271
0.979271
0.979271
0.979271
0.979271
0.979271
0.979271
0.979271
0.979271
0.979271
0.979271
0.979271
0.979271
0.979271
0.979271
0.979271
0.979271
0.979271
0.979271
0.979271
0.979271
0.979271
0.979271
0.979271
0.979271
0.979271
0.979271
0.979271
0.979271
0.979271
0.979271
0.979271
0.979271
0.979271
0.979271
0.979271
0.979271
0.979271
0.979271
0.979271
0.979271
0.979271
0.979271
0.979271
0.979271
0.979271
0.979271
0.979271
0.979271
0.979271
0.979271
0.979271
0.979271
0.979271
0.979271
0.979271
0.979271
0.979271
0.979271
0.979271
0.979271
0.979271
0.979271
0.979271
0.979271
0.979271
0.979271
0.979271
0.979271
0.979271
0.979271
0.979271
0.979271
0.979271
0.979271
0.979271
0.979271
0.979271
0.979271
0.979271
0.979271
0.979271
0.979271
0.979271
0.979271
0.979271
0.979271
0.979271
0.979271
0.979271
0.979271
0.979271
0.979271
0.979271
0.979271
0.979271
0.979271
0.979271
0.979271
0.979271
0.979271
0.979271
0.979271
0.979271
0.979271
0.979271
0.979271
0.979271
0.979271
0.979271
0.979271
0.979271
0.979271
0.979271
0.979271
0.979271
0.979271
0.979271
0.979271
0.979271
0.979271
0.979271
0.979271
0.979271
0.979271
0.979271
0.979271
0.979271
0.979271
0.979271
0.979271
0.979271
0.979271
0.979271
0.979271
0.979271
0.979271
0.979271
0.979271
0.979271
0.979271
0.979271
0.979271
0.979271
0.979271
0.979271
0.979271
0.979271
0.979271
0.979271
0.979271
0.979271
0.979271
0.979271
0.979271
0.979271
0.979271
0.979271
0.979271
0.979271
0.979271
0.979271
0.979271
0.979271
0.979271
0.979271
0.979271
0.979271
0.979271
0.979271
0.979271
0.979271
0.979271
0.979271
0.979271
0.979271
0.979271
0.979271
0.979271
0.979271
0.979271
0.979271
0.979271
0.979271
0.979271
0.979271
0.979271
0.979271
0.979271
0.979271
0.979271
0.979271
0.979271
0.979271
0.979271
0.979271
0.979271
0.979271
0.979271
0.979271
0.979271
0.979271
0.979271
0.979271
0.979271
0.979271
0.979271
0.979271
0.979271
0.979271
0.979271
0.979271
0.979271
0.979271
0.979271
0.979271
0.979271
0.979271
0.979271
0.979271
0.979271
0.979271
0.979271
0.979271
0.979271
0.979271
0.979271
0.979271
0.979271
0.979271
0.979271
0.979271
0.979271
0.979271
0.979271
0.979271
0.979271
0.979271
0.979271
0.979271
0.979271
0.979271
0.979271
0.979271
0.979271
0.979271
0.979271
0.979271
0.979271
0.979271
0.979271
0.979271
0.979271
0.979271
0.979271
0.979271
0.979271
0.979271
0.979271
0.979271
0.979271
0.979271
0.979271
0.979271
0.979271
0.979271
0.979271
0.979271
0.979271
0.979271
0.979271
0.979271
0.979271
0.979271
0.979271
0.979271
0.979271
0.979271
0.979271
0.979271
0.979271
0.979271
0.979271
0.979271
0.979271
0.979271
0.979271
0.979271
0.979271
0.979271
0.979271
0.979271
0.979271
0.979271
0.979271
0.979271
0.979271
0.979271
0.979271
0.979271
0.979271
0.979271
0.979271
0.979271
0.979271
0.979271
0.979271
0.979271
0.979271
0.979271
0.979271
0.979271
0.979271
0.979271
0.979271
0.979271
0.979271
0.979271
0.979271
0.979271
0.979271
0.979271
0.979271
0.979271
0.979271
0.979271
0.979271
0.979271
0.979271
0.979271
