0.066888
0.100865
0.116136
0.132099
0.149090
0.165184
0.179628
0.192683
0.204589
0.215545
0.225721
0.235256
0.244240
0.252767
0.260967
0.268985
0.277011
0.285435
0.295018
0.300905
0.303058
0.304957
0.306849
0.308736
0.310618
0.312494
0.314364
0.316230
0.318089
0.319944
0.321793
0.323637
0.325476
0.327310
0.329140
0.330964
0.332783
0.334598
0.336409
0.338245
0.339881
0.341523
0.343163
0.344800
0.346433
0.348063
0.349690
0.351314
0.352934
0.354551
0.356165
0.357776
0.359384
0.360989
0.362591
0.364190
0.365786
0.367380
0.368970
0.370558
0.372143
0.373726
0.375306
0.376883
0.378458
0.380031
0.381601
0.383168
0.384733
0.386296
0.387857
0.389415
0.390971
0.392525
0.394077
0.395627
0.397175
0.398721
0.400265
0.401807
0.403348
0.404886
0.406423
0.407958
0.409492
0.411023
0.412554
0.414083
0.415610
0.417136
0.418661
0.420185
0.421707
0.423228
0.424748
0.426267
0.427784
0.429301
0.430817
0.432332
0.433847
0.435360
0.436873
0.438386
0.439897
0.441408
0.442919
0.444429
0.445939
0.447449
0.448958
0.450468
0.451977
0.453486
0.454995
0.456504
0.458013
0.459523
0.461032
0.462543
0.464053
0.465564
0.467075
0.468587
0.470100
0.471613
0.473127
0.474642
0.476157
0.477674
0.479192
0.480710
0.482230
0.483751
0.485274
0.486797
0.488322
0.489849
0.491377
0.492907
0.494438
0.495971
0.497506
0.499043
0.500582
0.502122
0.503665
0.505210
0.506757
0.508306
0.509858
0.511412
0.512969
0.514528
0.516090
0.517654
0.519221
0.520791
0.522364
0.523940
0.525518
0.527100
0.528685
0.530273
0.531864
0.533459
0.535057
0.536658
0.538263
0.539872
0.541484
0.543100
0.544720
0.546343
0.547970
0.549602
0.551237
0.552876
0.554520
0.556167
0.557819
0.559475
0.561135
0.562800
0.564469
0.566143
0.567821
0.569504
0.571192
0.572884
0.574581
0.576282
0.577989
0.579700
0.581417
0.583138
0.584864
0.586596
0.588332
0.590074
0.591821
0.593572
0.595330
0.597092
0.598860
0.600633
0.602411
0.604195
0.605984
0.607779
0.609579
0.611384
0.613195
0.615012
0.616834
0.618662
0.620495
0.622333
0.624178
0.626028
0.627883
0.629744
0.631611
0.633483
0.635360
0.637244
0.639133
0.641027
0.642927
0.644833
0.646744
0.648660
0.650582
0.652509
0.654442
0.656381
0.658324
0.660273
0.662227
0.664187
0.666152
0.668122
0.670097
0.672077
0.674062
0.676052
0.678047
0.680047
0.682052
0.684062
0.686076
0.688095
0.690118
0.692146
0.694178
0.696215
0.698255
0.700300
0.702349
0.704402
0.706459
0.708520
0.710584
0.712652
0.714723
0.716797
0.718875
0.720956
0.723040
0.725127
0.727217
0.729309
0.731404
0.733501
0.735601
0.737703
0.739806
0.741912
0.744019
0.746127
0.748237
0.750349
0.752461
0.754575
0.756689
0.758803
0.760919
0.763034
0.765150
0.767265
0.769380
0.771495
0.773609
0.775723
0.777835
0.779947
0.782057
0.784165
0.786272
0.788377
0.790479
0.792580
0.794678
0.796773
0.798865
0.800954
0.803040
0.805122
0.807200
0.809275
0.811345
0.813411
0.815472
0.817529
0.819580
0.821627
0.823667
0.825703
0.827732
0.829755
0.831771
0.833782
0.835785
0.837781
0.839770
0.841752
0.843726
0.845692
0.847650
0.849600
0.851541
0.853473
0.855397
0.857311
0.859216
0.861111
0.862996
0.864871
0.866736
0.868591
0.870435
0.872268
0.874090
0.875900
0.877699
0.879487
0.881262
0.883026
0.884777
0.886516
0.888242
0.889955
0.891656
0.893343
0.895017
0.896677
0.898324
0.899957
0.901576
0.903181
0.904771
0.906348
0.907909
0.909456
0.910988
0.912505
0.914007
0.915493
0.916965
0.918420
0.919861
0.921285
0.922694
0.924087
0.925464
0.926825
0.928170
0.929499
0.930811
0.932107
0.933387
0.934650
0.935897
0.937128
0.938341
0.939539
0.940719
0.941883
0.943031
0.944161
0.945275
0.946373
0.947454
0.948518
0.949565
0.950596
0.951610
0.952608
0.953590
0.954554
0.955503
0.956435
0.957351
0.958251
0.959134
0.960001
0.960853
0.961688
0.962508
0.963312
0.964100
0.964873
0.965631
0.966373
0.967100
0.967812
0.968509
0.969191
0.969858
0.970511
0.971150
0.971774
0.972385
0.972981
0.973563
0.974132
0.974688
0.975230
0.975759
0.976274
0.976778
0.977268
0.977746
0.978212
0.978665
0.979107
0.979537
0.979955
0.980363
0.980758
0.981143
0.981517
0.981881
0.982234
0.982576
0.982909
0.983232
0.983545
0.983849
0.984143
0.984428
0.984704
0.984972
0.985231
0.985482
0.985724
0.985959
0.986186
0.986405
0.986617
0.986821
0.987019
0.987209
0.987393
0.987570
0.987741
0.987906
0.988065
0.988217
0.988364
0.988506
0.988642
0.988773
0.988899
0.989020
0.989136
0.989248
0.989355
0.989457
0.989556
0.989650
0.989741
0.989828
0.989911
0.989990
0.990066
0.990139
0.990209
0.990275
0.990339
0.990399
0.990457
0.990512
0.990565
0.990615
0.990663
0.990709
0.990752
0.990794
0.990833
0.990871
0.990906
0.990940
0.990972
0.991003
0.991032
0.991059
0.991085
0.991110
0.991133
0.991156
0.991177
0.991196
0.991215
0.991233
0.991250
0.991266
0.991281
0.991295
0.991308
0.991321
0.991333
0.991344
0.991355
0.991365
0.991374
0.991383
0.991391
0.991399
0.991406
0.991413
0.991420
0.991426
0.991431
0.991437
0.991442
0.991446
0.991451
0.991455
0.991459
0.991462
0.991465
0.991469
0.991472
0.991474
0.991477
0.991479
0.991481
0.991484
0.991485
0.991487
0.991489
0.991490
0.991492
0.991493
0.991494
0.991496
0.991497
0.991498
0.991499
0.991499
0.991500
0.991501
0.991502
0.991502
0.991503
0.991503
0.991504
0.991504
0.991505
0.991505
0.991506
0.991506
0.991506
0.991507
0.991507
0.991507
0.991507
0.991507
0.991508
0.991508
0.991508
0.991508
0.991508
0.991508
0.991508
0.991509
0.991509
0.991509
0.991509
0.991509
0.991509
0.991509
0.991509
0.991509
0.991509
0.991509
0.991509
0.991509
0.991509
