0.022729
0.048601
0.075862
0.105402
0.138427
0.176806
0.223440
0.279578
0.323933
0.311933
0.276333
0.272604
0.282407
0.287871
0.290068
0.292221
0.294378
0.296540
0.298706
0.300875
0.303049
0.305227
0.307408
0.309594
0.311785
0.313980
0.316179
0.318384
0.320595
0.322810
0.325032
0.327259
0.329493
0.331733
0.333980
0.336233
0.338493
0.340761
0.343036
0.345349
0.347446
0.349571
0.351708
0.353854
0.356010
0.358176
0.360351
0.362537
0.364734
0.366940
0.369157
0.371385
0.373623
0.375873
0.378133
0.380405
0.382687
0.384981
0.387287
0.389604
0.391933
0.394273
0.396625
0.398990
0.401366
0.403754
0.406154
0.408567
0.410991
0.413428
0.415878
0.418339
0.420813
0.423299
0.425798
0.428309
0.430833
0.433369
0.435917
0.438478
0.441051
0.443637
0.446235
0.448845
0.451467
0.454102
0.456748
0.459407
0.462078
0.464760
0.467455
0.470161
0.472878
0.475608
0.478348
0.481100
0.483863
0.486638
0.489423
0.492219
0.495025
0.497842
0.500669
0.503507
0.506354
0.509211
0.512078
0.514954
0.517839
0.520734
0.523637
0.526549
0.529469
0.532398
0.535334
0.538278
0.541230
0.544189
0.547154
0.550127
0.553106
0.556092
0.559083
0.562080
0.565083
0.568090
0.571103
0.574120
0.577142
0.580168
0.583197
0.586230
0.589267
0.592306
0.595348
0.598392
0.601438
0.604486
0.607535
0.610585
0.613636
0.616688
0.619740
0.622791
0.625842
0.628893
0.631942
0.634990
0.638036
0.641080
0.644122
0.647161
0.650198
0.653230
0.656260
0.659285
0.662306
0.665323
0.668335
0.671342
0.674343
0.677338
0.680328
0.683311
0.686287
0.689256
0.692218
0.695173
0.698119
0.701058
0.703988
0.706909
0.709822
0.712725
0.715618
0.718502
0.721376
0.724239
0.727091
0.729933
0.732763
0.735583
0.738390
0.741186
0.743969
0.746740
0.749498
0.752244
0.754976
0.757696
0.760401
0.763093
0.765771
0.768435
0.771085
0.773720
0.776340
0.778945
0.781535
0.784110
0.786670
0.789214
0.791742
0.794254
0.796750
0.799229
0.801693
0.804139
0.806569
0.808983
0.811379
0.813758
0.816120
0.818465
0.820792
0.823102
0.825394
0.827669
0.829925
0.832164
0.834385
0.836588
0.838772
0.840939
0.843087
0.845217
0.847328
0.849421
0.851496
0.853552
0.855590
0.857609
0.859609
0.861591
0.863555
0.865499
0.867425
0.869332
0.871221
0.873091
0.874942
0.876775
0.878589
0.880384
0.882161
0.883919
0.885659
0.887380
0.889082
0.890767
0.892432
0.894080
0.895709
0.897320
0.898912
0.900486
0.902043
0.903581
0.905101
0.906604
0.908088
0.909555
0.911004
0.912436
0.913850
0.915246
0.916625
0.917987
0.919332
0.920660
0.921970
0.923264
0.924541
0.925801
0.927045
0.928272
0.929483
0.930678
0.931856
0.933019
0.934165
0.935296
0.936411
0.937511
0.938595
0.939663
0.940717
0.941755
0.942778
0.943787
0.944781
0.945760
0.946725
0.947675
0.948611
0.949533
0.950442
0.951336
0.952217
0.953084
0.953937
0.954778
0.955605
0.956419
0.957220
0.958009
0.958785
0.959548
0.960300
0.961038
0.961765
0.962480
0.963183
0.963875
0.964554
0.965223
0.965880
0.966526
0.967161
0.967785
0.968398
0.969001
0.969593
0.970175
0.970747
0.971309
0.971860
0.972402
0.972934
0.973457
0.973970
0.974474
0.974968
0.975454
0.975930
0.976398
0.976857
0.977308
0.977750
0.978183
0.978609
0.979026
0.979436
0.979837
0.980231
0.980618
0.980996
0.981368
0.981732
0.982089
0.982438
0.982781
0.983117
0.983447
0.983770
0.984086
0.984396
0.984699
0.984996
0.985288
0.985573
0.985852
0.986126
0.986393
0.986656
0.986912
0.987164
0.987409
0.987650
0.987886
0.988116
0.988342
0.988562
0.988778
0.988990
0.989196
0.989398
0.989596
0.989789
0.989978
0.990163
0.990343
0.990520
0.990692
0.990861
0.991026
0.991187
0.991344
0.991498
0.991648
0.991795
0.991939
0.992079
0.992215
0.992349
0.992479
0.992607
0.992731
0.992853
0.992971
0.993087
0.993200
0.993310
0.993417
0.993522
0.993624
0.993724
0.993822
0.993917
0.994009
0.994100
0.994188
0.994274
0.994358
0.994439
0.994519
0.994596
0.994672
0.994746
0.994818
0.994888
0.994956
0.995022
0.995087
0.995150
0.995211
0.995271
0.995329
0.995386
0.995441
0.995495
0.995548
0.995598
0.995648
0.995696
0.995743
0.995789
0.995833
0.995877
0.995919
0.995960
0.996000
0.996038
0.996076
0.996113
0.996148
0.996183
0.996217
0.996249
0.996281
0.996312
0.996342
0.996371
0.996400
0.996427
0.996454
0.996480
0.996505
0.996530
0.996554
0.996577
0.996599
0.996621
0.996642
0.996663
0.996683
0.996702
0.996721
0.996739
0.996757
0.996774
0.996791
0.996807
0.996823
0.996838
0.996853
0.996867
0.996881
0.996894
0.996907
0.996920
0.996932
0.996944
0.996956
0.996967
0.996978
0.996988
0.996998
0.997008
0.997018
0.997027
0.997036
0.997044
0.997053
0.997061
0.997069
0.997076
0.997084
0.997091
0.997098
0.997104
0.997111
0.997117
0.997123
0.997129
0.997135
0.997140
0.997145
0.997150
0.997155
0.997160
0.997165
0.997169
0.997174
0.997178
0.997182
0.997186
0.997189
0.997193
0.997197
0.997200
0.997203
0.997206
0.997210
0.997212
0.997215
0.997218
0.997221
0.997223
0.997226
0.997228
0.997231
0.997233
0.997235
0.997237
0.997239
0.997241
0.997243
0.997245
0.997246
0.997248
0.997250
0.997251
0.997253
0.997254
0.997255
0.997257
0.997258
0.997259
0.997261
0.997262
0.997263
0.997264
0.997265
0.997266
0.997267
0.997268
0.997269
0.997269
0.997270
0.997271
0.997272
0.997273
0.997273
0.997274
0.997275
0.997275
0.997276
0.997276
0.997277
0.997278
0.997278
0.997279
0.997279
0.997279
0.997280
0.997280
0.997281
0.997281
0.997282
0.997282
0.997282
0.997283
0.997283
0.997283
0.997283
0.997284
0.997284
0.997284
0.997285
0.997285
0.997285
0.997285
0.997285
0.997286
0.997286
0.997286
0.997286
0.997286
0.997287
