0.010139
0.023235
0.031785
0.036840
0.042159
0.047832
0.053931
0.060545
0.067783
0.075777
0.084683
0.094679
0.106000
0.118962
0.133988
0.151635
0.172669
0.198314
0.230561
0.272735
0.330589
0.413215
0.504540
0.502520
0.451025
0.443553
0.447511
0.451979
0.456561
0.461241
0.466008
0.470855
0.475775
0.480763
0.485815
0.490928
0.496097
0.501321
0.506596
0.512081
0.517292
0.522565
0.527887
0.533255
0.538665
0.544115
0.549603
0.555125
0.560680
0.566264
0.571876
0.577511
0.583169
0.588847
0.594541
0.600249
0.605969
0.611699
0.617434
0.623174
0.628915
0.634667
0.640418
0.646163
0.651897
0.657620
0.663329
0.669021
0.674694
0.680345
0.685973
0.691574
0.697147
0.702690
0.708200
0.713676
0.719115
0.724515
0.729874
0.735191
0.740464
0.745691
0.750870
0.756000
0.761080
0.766106
0.771080
0.775998
0.780860
0.785665
0.790411
0.795098
0.799724
0.804288
0.808791
0.813230
0.817605
0.821916
0.826162
0.830343
0.834458
0.838506
0.842488
0.846403
0.850251
0.854032
0.857746
0.861392
0.864972
0.868484
0.871929
0.875308
0.878620
0.881867
0.885047
0.888162
0.891212
0.894197
0.897118
0.899976
0.902771
0.905504
0.908175
0.910784
0.913334
0.915824
0.918255
0.920627
0.922943
0.925202
0.927405
0.929553
0.931647
0.933688
0.935677
0.937614
0.939500
0.941337
0.943125
0.944865
0.946558
0.948205
0.949806
0.951364
0.952878
0.954349
0.955779
0.957168
0.958517
0.959826
0.961097
0.962331
0.963528
0.964691
0.965818
0.966912
0.967973
0.969002
0.969999
0.970966
0.971903
0.972811
0.973691
0.974544
0.975369
0.976169
0.976943
0.977693
0.978419
0.979121
0.979801
0.980459
0.981095
0.981711
0.982306
0.982882
0.983439
0.983977
0.984497
0.985001
0.985487
0.985957
0.986411
0.986850
0.987274
0.987683
0.988079
0.988461
0.988830
0.989186
0.989530
0.989862
0.990182
0.990492
0.990791
0.991079
0.991357
0.991626
0.991885
0.992134
0.992376
0.992608
0.992833
0.993049
0.993258
0.993459
0.993653
0.993840
0.994021
0.994195
0.994363
0.994525
0.994681
0.994831
0.994976
0.995116
0.995250
0.995380
0.995505
0.995626
0.995742
0.995854
0.995962
0.996066
0.996166
0.996263
0.996356
0.996446
0.996532
0.996615
0.996695
0.996773
0.996847
0.996919
0.996988
0.997054
0.997118
0.997180
0.997240
0.997297
0.997352
0.997405
0.997457
0.997506
0.997553
0.997599
0.997643
0.997686
0.997727
0.997766
0.997804
0.997841
0.997876
0.997910
0.997942
0.997974
0.998004
0.998033
0.998061
0.998089
0.998115
0.998140
0.998164
0.998187
0.998210
0.998231
0.998252
0.998272
0.998292
0.998310
0.998328
0.998346
0.998362
0.998378
0.998394
0.998409
0.998423
0.998437
0.998450
0.998463
0.998475
0.998487
0.998499
0.998510
0.998521
0.998531
0.998541
0.998550
0.998560
0.998568
0.998577
0.998585
0.998593
0.998601
0.998608
0.998615
0.998622
0.998629
0.998635
0.998641
0.998647
0.998653
0.998658
0.998664
0.998669
0.998674
0.998678
0.998683
0.998687
0.998692
0.998696
0.998700
0.998703
0.998707
0.998711
0.998714
0.998717
0.998721
0.998724
0.998727
0.998730
0.998732
0.998735
0.998737
0.998740
0.998742
0.998745
0.998747
0.998749
0.998751
0.998753
0.998755
0.998757
0.998759
0.998760
0.998762
0.998764
0.998765
0.998767
0.998768
0.998770
0.998771
0.998772
0.998774
0.998775
0.998776
0.998777
0.998778
0.998779
0.998780
0.998781
0.998782
0.998783
0.998784
0.998785
0.998786
0.998786
0.998787
0.998788
0.998789
0.998789
0.998790
0.998791
0.998791
0.998792
0.998792
0.998793
0.998794
0.998794
0.998795
0.998795
0.998796
0.998796
0.998797
0.998797
0.998797
0.998798
0.998798
0.998799
0.998799
0.998799
0.998800
0.998800
0.998800
0.998801
0.998801
0.998801
0.998801
0.998802
0.998802
0.998802
0.998802
0.998803
0.998803
0.998803
0.998803
0.998803
0.998804
0.998804
0.998804
0.998804
0.998804
0.998805
0.998805
0.998805
0.998805
0.998805
0.998805
0.998805
0.998806
0.998806
0.998806
0.998806
0.998806
0.998806
0.998806
0.998806
0.998807
0.998807
0.998807
0.998807
0.998807
0.998807
0.998807
0.998807
0.998807
0.998807
0.998807
0.998807
0.998807
0.998808
0.998808
0.998808
0.998808
0.998808
0.998808
0.998808
0.998808
0.998808
0.998808
0.998808
0.998808
0.998808
0.998808
0.998808
0.998808
0.998808
0.998808
0.998808
0.998808
0.998809
0.998809
0.998809
0.998809
0.998809
0.998809
0.998809
0.998809
0.998809
0.998809
0.998809
0.998809
0.998809
0.998809
0.998809
0.998809
0.998809
0.998809
0.998809
0.998809
0.998809
0.998809
0.998809
0.998809
0.998809
0.998809
0.998809
0.998809
0.998809
0.998809
0.998809
0.998809
0.998809
0.998809
0.998809
0.998809
0.998809
0.998809
0.998809
0.998809
0.998809
0.998809
0.998809
0.998809
0.998809
0.998809
0.998809
0.998809
0.998809
0.998809
0.998809
0.998809
0.998809
0.998809
0.998809
0.998809
0.998809
0.998809
0.998809
0.998809
0.998809
0.998809
0.998809
0.998809
0.998809
0.998809
0.998809
0.998809
0.998809
0.998809
0.998809
0.998809
0.998810
0.998810
0.998810
0.998810
0.998810
0.998810
0.998810
0.998810
0.998810
0.998810
0.998810
0.998810
0.998810
0.998810
0.998810
0.998810
0.998810
0.998810
0.998810
0.998810
0.998810
0.998810
0.998810
0.998810
0.998810
0.998810
0.998810
0.998810
0.998810
0.998810
0.998810
0.998810
0.998810
0.998810
0.998810
0.998810
0.998810
0.998810
0.998810
0.998810
0.998810
0.998810
0.998810
0.998810
0.998810
0.998810
0.998810
0.998810
0.998810
0.998810
0.998810
0.998810
0.998810
0.998810
0.998810
0.998810
0.998810
0.998810
0.998810
0.998810
0.998810
0.998810
0.998810
0.998810
0.998810
0.998810
0.998810
0.998810
0.998810
0.998810
0.998810
0.998810
0.998810
0.998810
0.998810
0.998810
0.998810
0.998810
