0.077964
0.046703
0.103796
0.146859
0.181330
0.210162
0.235038
0.256967
0.276638
0.294552
0.311074
0.326469
0.340944
0.354676
0.367813
0.380464
0.392713
0.404675
0.416491
0.428336
0.440491
0.453700
0.465751
0.472987
0.479164
0.485377
0.491651
0.497984
0.504373
0.510817
0.517314
0.523860
0.530455
0.537094
0.543777
0.550499
0.557259
0.564053
0.570879
0.577973
0.584734
0.591532
0.598358
0.605207
0.612076
0.618960
0.625855
0.632758
0.639665
0.646571
0.653472
0.660366
0.667246
0.674110
0.680954
0.687773
0.694563
0.701321
0.708042
0.714722
0.721358
0.727944
0.734479
0.740957
0.747374
0.753728
0.760014
0.766229
0.772369
0.778431
0.784411
0.790307
0.796115
0.801832
0.807456
0.812984
0.818413
0.823740
0.828965
0.834083
0.839094
0.843996
0.848787
0.853465
0.858030
0.862480
0.866814
0.871031
0.875132
0.879115
0.882981
0.886729
0.890360
0.893873
0.897269
0.900550
0.903715
0.906766
0.909704
0.912530
0.915246
0.917852
0.920352
0.922746
0.925037
0.927227
0.929317
0.931311
0.933210
0.935017
0.936734
0.938364
0.939910
0.941374
0.942758
0.944066
0.945301
0.946464
0.947560
0.948589
0.949556
0.950463
0.951312
0.952106
0.952848
0.953541
0.954186
0.954786
0.955344
0.955862
0.956342
0.956787
0.957197
0.957577
0.957926
0.958248
0.958544
0.958816
0.959065
0.959294
0.959502
0.959693
0.959867
0.960025
0.960169
0.960300
0.960418
0.960526
0.960623
0.960711
0.960790
0.960861
0.960925
0.960983
0.961035
0.961081
0.961122
0.961159
0.961192
0.961221
0.961248
0.961271
0.961291
0.961310
0.961326
0.961340
0.961353
0.961364
0.961373
0.961382
0.961389
0.961396
0.961402
0.961407
0.961411
0.961415
0.961418
0.961421
0.961424
0.961426
0.961428
0.961430
0.961431
0.961432
0.961433
0.961434
0.961435
0.961436
0.961436
0.961437
0.961437
0.961437
0.961438
0.961438
0.961438
0.961438
0.961439
0.961439
0.961439
0.961439
0.961439
0.961439
0.961439
0.961439
0.961439
0.961439
0.961439
0.961439
0.961439
0.961439
0.961439
0.961439
0.961439
0.961439
0.961439
0.961439
0.961439
0.961439
0.961439
0.961439
0.961439
0.961439
0.961439
0.961439
0.961439
0.961439
0.961439
0.961439
0.961439
0.961439
0.961439
0.961439
0.961439
0.961439
0.961439
0.961439
0.961439
0.961439
0.961439
0.961439
0.961439
0.961439
0.961439
0.961439
0.961439
0.961439
0.961439
0.961439
0.961439
0.961439
0.961439
0.961439
0.961439
0.961439
0.961439
0.961439
0.961439
0.961439
0.961439
0.961439
0.961439
0.961439
0.961439
0.961439
0.961439
0.961439
0.961439
0.961439
0.961439
0.961439
0.961439
0.961439
0.961439
0.961439
0.961439
0.961439
0.961439
0.961439
0.961439
0.961439
0.961439
0.961439
0.961439
0.961439
0.961439
0.961439
0.961439
0.961439
0.961439
0.961439
0.961439
0.961439
0.961439
0.961439
0.961439
0.961439
0.961439
0.961439
0.961439
0.961439
0.961439
0.961439
0.961439
0.961439
0.961439
0.961439
0.961439
0.961439
0.961439
0.961439
0.961439
0.961439
0.961439
0.961439
0.961439
0.961439
0.961439
0.961439
0.961439
0.961439
0.961439
0.961439
0.961439
0.961439
0.961439
0.961439
0.961439
0.961439
0.961439
0.961439
0.961439
0.961439
0.961439
0.961439
0.961439
0.961439
0.961439
0.961439
0.961439
0.961439
0.961439
0.961439
0.961439
0.961439
0.961439
0.961439
0.961439
0.961439
0.961439
0.961439
0.961439
0.961439
0.961439
0.961439
0.961439
0.961439
0.961439
0.961439
0.961439
0.961439
0.961439
0.961439
0.961439
0.961439
0.961439
0.961439
0.961439
0.961439
0.961439
0.961439
0.961439
0.961439
0.961439
0.961439
0.961439
0.961439
0.961439
0.961439
0.961439
0.961439
0.961439
0.961439
0.961439
0.961439
0.961439
0.961439
0.961439
0.961439
0.961439
0.961439
0.961439
0.961439
0.961439
0.961439
0.961439
0.961439
0.961439
0.961439
0.961439
0.961439
0.961439
0.961439
0.961439
0.961439
0.961439
0.961439
0.961439
0.961439
0.961439
0.961439
0.961439
0.961439
0.961439
0.961439
0.961439
0.961439
0.961439
0.961439
0.961439
0.961439
0.961439
0.961439
0.961439
0.961439
0.961439
0.961439
0.961439
0.961439
0.961439
0.961439
0.961439
0.961439
0.961439
0.961439
0.961439
0.961439
0.961439
0.961439
0.961439
0.961439
0.961439
0.961439
0.961439
0.961439
0.961439
0.961439
0.961439
0.961439
0.961439
0.961439
0.961439
0.961439
0.961439
0.961439
0.961439
0.961439
0.961439
0.961439
0.961439
0.961439
0.961439
0.961439
0.961439
0.961439
0.961439
0.961439
0.961439
0.961439
0.961439
0.961439
0.961439
0.961439
0.961439
0.961439
0.961439
0.961439
0.961439
0.961439
0.961439
0.961439
0.961439
0.961439
0.961439
0.961439
0.961439
0.961439
0.961439
0.961439
0.961439
0.961439
0.961439
0.961439
0.961439
0.961439
0.961439
0.961439
0.961439
0.961439
0.961439
0.961439
0.961439
0.961439
0.961439
0.961439
0.961439
0.961439
0.961439
0.961439
0.961439
0.961439
0.961439
0.961439
0.961439
0.961439
0.961439
0.961439
0.961439
0.961439
0.961439
0.961439
0.961439
0.961439
0.961439
0.961439
0.961439
0.961439
0.961439
0.961439
0.961439
0.961439
0.961439
0.961439
0.961439
0.961439
0.961439
0.961439
0.961439
0.961439
0.961439
0.961439
0.961439
0.961439
0.961439
0.961439
0.961439
0.961439
0.961439
0.961439
0.961439
0.961439
0.961439
0.961439
0.961439
0.961439
0.961439
0.961439
0.961439
0.961439
0.961439
0.961439
0.961439
0.961439
0.961439
0.961439
0.961439
0.961439
0.961439
0.961439
0.961439
0.961439
0.961439
0.961439
0.961439
0.961439
0.961439
0.961439
0.961439
0.961439
0.961439
0.961439
0.961439
0.961439
0.961439
0.961439
0.961439
0.961439
0.961439
0.961439
0.961439
0.961439
0.961439
0.961439
0.961439
0.961439
0.961439
0.961439
0.961439
0.961439
0.961439
0.961439
