0.010108
0.023117
0.031740
0.036727
0.041963
0.047537
0.053522
0.060008
0.067104
0.074941
0.083673
0.093475
0.104580
0.117303
0.132063
0.149403
0.170089
0.195344
0.227151
0.268829
0.326141
0.409798
0.520888
0.566458
0.531764
0.524183
0.528486
0.533433
0.538512
0.543701
0.548984
0.554351
0.559792
0.565299
0.570867
0.576489
0.582160
0.587877
0.593635
0.599623
0.605324
0.611069
0.616848
0.622656
0.628488
0.634341
0.640211
0.646094
0.651988
0.657887
0.663790
0.669692
0.675591
0.681482
0.687362
0.693229
0.699079
0.704909
0.710716
0.716497
0.722249
0.727969
0.733654
0.739302
0.744909
0.750474
0.755993
0.761465
0.766887
0.772256
0.777571
0.782830
0.788030
0.793169
0.798247
0.803260
0.808208
0.813089
0.817902
0.822645
0.827317
0.831917
0.836444
0.840897
0.845275
0.849578
0.853805
0.857955
0.862028
0.866024
0.869942
0.873782
0.877544
0.881228
0.884834
0.888362
0.891813
0.895186
0.898482
0.901702
0.904845
0.907913
0.910906
0.913825
0.916670
0.919441
0.922141
0.924770
0.927328
0.929817
0.932237
0.934589
0.936875
0.939096
0.941252
0.943345
0.945376
0.947345
0.949255
0.951106
0.952900
0.954637
0.956319
0.957947
0.959522
0.961045
0.962518
0.963942
0.965318
0.966647
0.967930
0.969169
0.970365
0.971518
0.972631
0.973703
0.974737
0.975733
0.976693
0.977617
0.978507
0.979363
0.980187
0.980979
0.981742
0.982474
0.983179
0.983855
0.984506
0.985130
0.985729
0.986305
0.986857
0.987387
0.987895
0.988383
0.988850
0.989298
0.989727
0.990139
0.990533
0.990910
0.991271
0.991617
0.991948
0.992265
0.992568
0.992857
0.993134
0.993399
0.993653
0.993895
0.994126
0.994347
0.994558
0.994760
0.994952
0.995136
0.995312
0.995479
0.995639
0.995791
0.995937
0.996076
0.996208
0.996334
0.996454
0.996569
0.996678
0.996782
0.996882
0.996976
0.997066
0.997152
0.997234
0.997311
0.997385
0.997456
0.997523
0.997587
0.997648
0.997706
0.997761
0.997813
0.997863
0.997910
0.997955
0.997998
0.998039
0.998078
0.998115
0.998150
0.998183
0.998215
0.998245
0.998274
0.998301
0.998327
0.998351
0.998374
0.998397
0.998418
0.998438
0.998457
0.998475
0.998492
0.998508
0.998524
0.998538
0.998552
0.998566
0.998578
0.998590
0.998601
0.998612
0.998622
0.998632
0.998641
0.998650
0.998658
0.998666
0.998674
0.998681
0.998687
0.998694
0.998700
0.998706
0.998711
0.998716
0.998721
0.998726
0.998730
0.998735
0.998739
0.998742
0.998746
0.998749
0.998753
0.998756
0.998759
0.998761
0.998764
0.998766
0.998769
0.998771
0.998773
0.998775
0.998777
0.998779
0.998781
0.998782
0.998784
0.998785
0.998787
0.998788
0.998789
0.998790
0.998792
0.998793
0.998794
0.998795
0.998796
0.998796
0.998797
0.998798
0.998799
0.998800
0.998800
0.998801
0.998801
0.998802
0.998803
0.998803
0.998804
0.998804
0.998805
0.998805
0.998805
0.998806
0.998806
0.998806
0.998807
0.998807
0.998807
0.998808
0.998808
0.998808
0.998808
0.998809
0.998809
0.998809
0.998809
0.998809
0.998810
0.998810
0.998810
0.998810
0.998810
0.998810
0.998810
0.998811
0.998811
0.998811
0.998811
0.998811
0.998811
0.998811
0.998811
0.998811
0.998811
0.998811
0.998812
0.998812
0.998812
0.998812
0.998812
0.998812
0.998812
0.998812
0.998812
0.998812
0.998812
0.998812
0.998812
0.998812
0.998812
0.998812
0.998812
0.998812
0.998812
0.998812
0.998812
0.998812
0.998812
0.998812
0.998813
0.998813
0.998813
0.998813
0.998813
0.998813
0.998813
0.998813
0.998813
0.998813
0.998813
0.998813
0.998813
0.998813
0.998813
0.998813
0.998813
0.998813
0.998813
0.998813
0.998813
0.998813
0.998813
0.998813
0.998813
0.998813
0.998813
0.998813
0.998813
0.998813
0.998813
0.998813
0.998813
0.998813
0.998813
0.998813
0.998813
0.998813
0.998813
0.998813
0.998813
0.998813
0.998813
0.998813
0.998813
0.998813
0.998813
0.998813
0.998813
0.998813
0.998813
0.998813
0.998813
0.998813
0.998813
0.998813
0.998813
0.998813
0.998813
0.998813
0.998813
0.998813
0.998813
0.998813
0.998813
0.998813
0.998813
0.998813
0.998813
0.998813
0.998813
0.998813
0.998813
0.998813
0.998813
0.998813
0.998813
0.998813
0.998813
0.998813
0.998813
0.998813
0.998813
0.998813
0.998813
0.998813
0.998813
0.998813
0.998813
0.998813
0.998813
0.998813
0.998813
0.998813
0.998813
0.998813
0.998813
0.998813
0.998813
0.998813
0.998813
0.998813
0.998813
0.998813
0.998813
0.998813
0.998813
0.998813
0.998813
0.998813
0.998813
0.998813
0.998813
0.998813
0.998813
0.998813
0.998813
0.998813
0.998813
0.998813
0.998813
0.998813
0.998813
0.998813
0.998813
0.998813
0.998813
0.998813
0.998813
0.998813
0.998813
0.998813
0.998813
0.998813
0.998813
0.998813
0.998813
0.998813
0.998813
0.998813
0.998813
0.998813
0.998813
0.998813
0.998813
0.998813
0.998813
0.998813
0.998813
0.998813
0.998813
0.998813
0.998813
0.998813
0.998813
0.998813
0.998813
0.998813
0.998813
0.998813
0.998813
0.998813
0.998813
0.998813
0.998813
0.998813
0.998813
0.998813
0.998813
0.998813
0.998813
0.998813
0.998813
0.998813
0.998813
0.998813
0.998813
0.998813
0.998813
0.998813
0.998813
0.998813
0.998813
0.998813
0.998813
0.998813
0.998813
0.998813
0.998813
0.998813
0.998813
0.998813
0.998813
0.998813
0.998813
0.998813
0.998813
0.998813
0.998813
0.998813
0.998813
0.998813
0.998813
0.998813
0.998813
0.998813
0.998813
0.998813
0.998813
0.998813
0.998813
0.998813
0.998813
0.998813
0.998813
0.998813
0.998813
0.998813
0.998813
0.998813
0.998813
0.998813
0.998813
0.998813
0.998813
0.998813
0.998813
0.998813
0.998813
0.998813
0.998813
0.998813
0.998813
0.998813
0.998813
0.998813
0.998813
0.998813
0.998813
0.998813
0.998813
0.998813
0.998813
0.998813
0.998813
