0.072171
0.161596
0.270840
0.296950
0.197441
0.200718
0.215893
0.229749
0.242516
0.254386
0.265526
0.276074
0.286123
0.295763
0.305121
0.314347
0.323635
0.333360
0.344297
0.351932
0.355614
0.359015
0.362450
0.365918
0.369421
0.372959
0.376531
0.380138
0.383780
0.387456
0.391167
0.394913
0.398694
0.402510
0.406360
0.410245
0.414165
0.418118
0.422107
0.426225
0.430091
0.434012
0.437971
0.441967
0.446000
0.450069
0.454173
0.458312
0.462485
0.466692
0.470931
0.475203
0.479506
0.483841
0.488205
0.492599
0.497022
0.501473
0.505951
0.510456
0.514985
0.519540
0.524118
0.528718
0.533341
0.537984
0.542647
0.547328
0.552028
0.556744
0.561475
0.566221
0.570980
0.575751
0.580534
0.585326
0.590127
0.594935
0.599749
0.604569
0.609392
0.614218
0.619046
0.623873
0.628699
0.633523
0.638344
0.643159
0.647969
0.652771
0.657564
0.662348
0.667121
0.671881
0.676628
0.681360
0.686076
0.690776
0.695457
0.700118
0.704759
0.709379
0.713975
0.718548
0.723096
0.727617
0.732111
0.736578
0.741015
0.745422
0.749798
0.754142
0.758452
0.762729
0.766972
0.771179
0.775349
0.779482
0.783577
0.787634
0.791651
0.795628
0.799565
0.803460
0.807313
0.811123
0.814891
0.818615
0.822295
0.825930
0.829521
0.833066
0.836566
0.840019
0.843427
0.846787
0.850101
0.853368
0.856587
0.859760
0.862884
0.865961
0.868990
0.871972
0.874905
0.877791
0.880629
0.883419
0.886162
0.888857
0.891504
0.894105
0.896658
0.899164
0.901623
0.904036
0.906403
0.908723
0.910998
0.913228
0.915412
0.917552
0.919647
0.921698
0.923706
0.925671
0.927593
0.929472
0.931310
0.933106
0.934861
0.936576
0.938250
0.939886
0.941482
0.943040
0.944560
0.946042
0.947487
0.948897
0.950270
0.951608
0.952912
0.954182
0.955417
0.956620
0.957791
0.958930
0.960037
0.961114
0.962161
0.963178
0.964166
0.965126
0.966058
0.966963
0.967841
0.968693
0.969520
0.970321
0.971098
0.971851
0.972581
0.973288
0.973972
0.974635
0.975276
0.975897
0.976498
0.977079
0.977640
0.978183
0.978708
0.979215
0.979705
0.980177
0.980634
0.981075
0.981500
0.981910
0.982305
0.982686
0.983054
0.983408
0.983749
0.984077
0.984394
0.984698
0.984991
0.985273
0.985544
0.985805
0.986055
0.986296
0.986527
0.986750
0.986963
0.987168
0.987365
0.987553
0.987734
0.987908
0.988074
0.988233
0.988386
0.988533
0.988673
0.988807
0.988935
0.989058
0.989176
0.989288
0.989396
0.989499
0.989597
0.989691
0.989780
0.989866
0.989948
0.990026
0.990100
0.990171
0.990239
0.990303
0.990365
0.990423
0.990479
0.990532
0.990583
0.990631
0.990677
0.990720
0.990761
0.990801
0.990838
0.990874
0.990908
0.990940
0.990970
0.990999
0.991026
0.991052
0.991077
0.991100
0.991123
0.991144
0.991164
0.991182
0.991200
0.991217
0.991233
0.991248
0.991262
0.991276
0.991289
0.991301
0.991312
0.991323
0.991333
0.991343
0.991352
0.991360
0.991368
0.991376
0.991383
0.991390
0.991396
0.991402
0.991408
0.991413
0.991418
0.991423
0.991427
0.991431
0.991435
0.991439
0.991442
0.991446
0.991449
0.991451
0.991454
0.991457
0.991459
0.991461
0.991463
0.991465
0.991467
0.991469
0.991470
0.991472
0.991473
0.991474
0.991476
0.991477
0.991478
0.991479
0.991480
0.991481
0.991481
0.991482
0.991483
0.991483
0.991484
0.991485
0.991485
0.991486
0.991486
0.991487
0.991487
0.991487
0.991488
0.991488
0.991488
0.991489
0.991489
0.991489
0.991489
0.991489
0.991490
0.991490
0.991490
0.991490
0.991490
0.991490
0.991491
0.991491
0.991491
0.991491
0.991491
0.991491
0.991491
0.991491
0.991491
0.991491
0.991491
0.991491
0.991491
0.991491
0.991492
0.991492
0.991492
0.991492
0.991492
0.991492
0.991492
0.991492
0.991492
0.991492
0.991492
0.991492
0.991492
0.991492
0.991492
0.991492
0.991492
0.991492
0.991492
0.991492
0.991492
0.991492
0.991492
0.991492
0.991492
0.991492
0.991492
0.991492
0.991492
0.991492
0.991492
0.991492
0.991492
0.991492
0.991492
0.991492
0.991492
0.991492
0.991492
0.991492
0.991492
0.991492
0.991492
0.991492
0.991492
0.991492
0.991492
0.991492
0.991492
0.991492
0.991492
0.991492
0.991492
0.991492
0.991492
0.991492
0.991492
0.991492
0.991492
0.991492
0.991492
0.991492
0.991492
0.991492
0.991492
0.991492
0.991492
0.991492
0.991492
0.991492
0.991492
0.991492
0.991492
0.991492
0.991492
0.991492
0.991492
0.991492
0.991492
0.991492
0.991492
0.991492
0.991492
0.991492
0.991492
0.991492
0.991492
0.991492
0.991492
0.991492
0.991492
0.991492
0.991492
0.991492
0.991492
0.991492
0.991492
0.991492
0.991492
0.991492
0.991492
0.991492
0.991492
0.991492
0.991492
0.991492
0.991492
0.991492
0.991492
0.991492
0.991492
0.991492
0.991492
0.991492
0.991492
0.991492
0.991492
0.991492
0.991492
0.991492
0.991492
0.991492
0.991492
0.991492
0.991492
0.991492
0.991492
0.991492
0.991492
0.991492
0.991492
0.991492
0.991492
0.991492
0.991492
0.991492
0.991492
0.991492
0.991492
0.991492
0.991492
0.991492
0.991492
0.991492
0.991492
0.991492
0.991492
0.991492
0.991492
0.991492
0.991492
0.991492
0.991492
0.991492
0.991492
0.991492
0.991492
0.991492
0.991492
0.991492
0.991492
0.991492
0.991492
0.991492
0.991492
0.991492
0.991492
0.991492
0.991492
0.991492
0.991492
0.991492
0.991492
0.991492
0.991492
0.991492
0.991492
0.991492
0.991492
0.991492
0.991492
0.991492
0.991492
0.991492
0.991492
0.991492
0.991492
0.991492
0.991492
0.991492
0.991492
0.991492
0.991492
0.991492
0.991492
0.991492
0.991492
0.991492
0.991492
0.991492
0.991492
0.991492
0.991492
0.991492
0.991492
0.991492
0.991492
0.991492
0.991492
0.991492
0.991492
0.991492
0.991492
0.991492
0.991492
0.991492
0.991492
0.991492
0.991492
0.991492
0.991492
0.991492
