0.153639
0.207590
0.225610
0.235956
0.244451
0.252590
0.261342
0.270876
0.273286
0.275316
0.277340
0.279357
0.281368
0.283372
0.285371
0.287363
0.289349
0.291329
0.293303
0.295270
0.297232
0.299187
0.301137
0.303080
0.305018
0.306950
0.308876
0.310796
0.312711
0.314620
0.316523
0.318421
0.320314
0.322201
0.324082
0.325959
0.327829
0.329695
0.331555
0.333472
0.335196
0.336896
0.338588
0.340275
0.341958
0.343637
0.345311
0.346981
0.348646
0.350307
0.351964
0.353617
0.355266
0.356910
0.358550
0.360185
0.361817
0.363444
0.365068
0.366687
0.368302
0.369912
0.371519
0.373121
0.374720
0.376314
0.377904
0.379490
0.381072
0.382650
0.384224
0.385794
0.387360
0.388922
0.390479
0.392033
0.393583
0.395129
0.396671
0.398209
0.399743
0.401273
0.402799
0.404321
0.405839
0.407354
0.408864
0.410371
0.411874
0.413372
0.414868
0.416359
0.417846
0.419330
0.420810
0.422285
0.423758
0.425226
0.426691
0.428152
0.429609
0.431062
0.432512
0.433958
0.435400
0.436839
0.438273
0.439705
0.441132
0.442556
0.443976
0.445393
0.446806
0.448215
0.449621
0.451023
0.452421
0.453816
0.455208
0.456595
0.457980
0.459360
0.460737
0.462111
0.463481
0.464848
0.466211
0.467570
0.468926
0.470279
0.471628
0.472974
0.474316
0.475655
0.476990
0.478322
0.479651
0.480976
0.482298
0.483616
0.484931
0.486243
0.487551
0.488856
0.490157
0.491456
0.492750
0.494042
0.495330
0.496615
0.497897
0.499175
0.500451
0.501722
0.502991
0.504256
0.505518
0.506777
0.508033
0.509286
0.510535
0.511781
0.513024
0.514263
0.515500
0.516733
0.517963
0.519190
0.520414
0.521635
0.522853
0.524067
0.525279
0.526487
0.527692
0.528894
0.530094
0.531290
0.532482
0.533672
0.534859
0.536043
0.537224
0.538402
0.539576
0.540748
0.541917
0.543083
0.544245
0.545405
0.546562
0.547716
0.548867
0.550015
0.551160
0.552302
0.553441
0.554577
0.555711
0.556841
0.557969
0.559093
0.560215
0.561334
0.562450
0.563564
0.564674
0.565782
0.566886
0.567988
0.569087
0.570184
0.571277
0.572368
0.573456
0.574541
0.575623
0.576703
0.577779
0.578853
0.579925
0.580993
0.582059
0.583122
0.584183
0.585240
0.586295
0.587348
0.588397
0.589444
0.590488
0.591530
0.592569
0.593605
0.594639
0.595670
0.596698
0.597724
0.598747
0.599767
0.600785
0.601801
0.602813
0.603823
0.604831
0.605836
0.606838
0.607838
0.608835
0.609830
0.610822
0.611812
0.612799
0.613783
0.614766
0.615745
0.616722
0.617697
0.618669
0.619638
0.620606
0.621570
0.622532
0.623492
0.624449
0.625404
0.626357
0.627307
0.628254
0.629199
0.630142
0.631082
0.632020
0.632956
0.633889
0.634820
0.635748
0.636674
0.637597
0.638519
0.639438
0.640354
0.641268
0.642180
0.643090
0.643997
0.644902
0.645805
0.646705
0.647603
0.648499
0.649392
0.650283
0.651172
0.652059
0.652943
0.653825
0.654705
0.655583
0.656458
0.657331
0.658202
0.659071
0.659937
0.660802
0.661664
0.662523
0.663381
0.664237
0.665090
0.665941
0.666790
0.667637
0.668481
0.669324
0.670164
0.671002
0.671838
0.672672
0.673504
0.674333
0.675161
0.675986
0.676810
0.677631
0.678450
0.679267
0.680082
0.680895
0.681706
0.682514
0.683321
0.684126
0.684928
0.685729
0.686527
0.687323
0.688118
0.688910
0.689701
0.690489
0.691275
0.692059
0.692842
0.693622
0.694400
0.695177
0.695951
0.696723
0.697494
0.698262
0.699029
0.699793
0.700556
0.701317
0.702075
0.702832
0.703587
0.704340
0.705091
0.705840
0.706587
0.707332
0.708076
0.708817
0.709557
0.710294
0.711030
0.711764
0.712496
0.713226
0.713955
0.714681
0.715406
0.716129
0.716850
0.717569
0.718286
0.719001
0.719715
0.720427
0.721137
0.721845
0.722551
0.723256
0.723959
0.724660
0.725359
0.726056
0.726752
0.727446
0.728138
0.728828
0.729517
0.730203
0.730888
0.731572
0.732253
0.732933
0.733611
0.734288
0.734962
0.735635
0.736306
0.736976
0.737644
0.738310
0.738974
0.739637
0.740298
0.740957
0.741615
0.742271
0.742925
0.743578
0.744229
0.744878
0.745526
0.746172
0.746816
0.747459
0.748100
0.748739
0.749377
0.750013
0.750648
0.751281
0.751912
0.752542
0.753170
0.753797
0.754422
0.755045
0.755667
0.756287
0.756905
0.757522
0.758138
0.758752
0.759364
0.759975
0.760584
0.761192
0.761798
0.762402
0.763005
0.763607
0.764207
0.764805
0.765402
0.765997
0.766591
0.767184
0.767774
0.768364
0.768952
0.769538
0.770123
0.770706
0.771288
0.771868
0.772447
0.773025
0.773601
0.774175
0.774748
0.775320
0.775890
0.776458
0.777026
0.777591
0.778156
0.778719
0.779280
0.779840
0.780399
0.780956
0.781511
0.782066
0.782619
0.783170
0.783720
0.784269
0.784816
0.785362
0.785907
0.786450
0.786992
0.787532
0.788071
0.788609
0.789145
0.789680
0.790213
0.790746
0.791276
0.791806
0.792334
0.792861
0.793386
0.793910
0.794433
0.794954
0.795474
0.795993
0.796511
0.797027
0.797542
0.798055
0.798567
0.799078
0.799588
0.800096
0.800603
0.801109
0.801613
0.802116
0.802618
0.803119
0.803618
0.804116
0.804613
0.805108
0.805603
0.806096
0.806587
0.807078
0.807567
0.808055
0.808542
0.809027
0.809511
0.809994
0.810476
0.810957
0.811436
0.811914
0.812391
0.812867
0.813341
0.813815
0.814287
0.814758
0.815227
0.815696
0.816163
0.816629
0.817094
0.817558
0.818020
0.818482
0.818942
0.819401
0.819859
0.820315
0.820771
0.821225
0.821678
0.822130
0.822581
0.823031
0.823480
0.823927
0.824373
0.824819
0.825263
0.825706
0.826147
0.826588
0.827028
0.827466
0.827903
0.828339
0.828775
0.829209
0.829641
0.830073
0.830504
0.830933
0.831362
0.831789
0.832216
0.832641
0.833065
0.833488
0.833910
0.834331
0.834751
0.835170
0.835587
0.836004
0.836419
0.836834
0.837247
0.837660
0.838071
0.838481
0.838891
0.839299
0.839706
