0.010169
0.023461
0.031901
0.037111
0.042627
0.048532
0.054904
0.061821
0.069393
0.077754
0.087069
0.097537
0.109417
0.123076
0.139004
0.157833
0.180314
0.207351
0.239798
0.277569
0.317161
0.345984
0.341681
0.310958
0.296442
0.296868
0.299117
0.301422
0.303740
0.306071
0.308414
0.310768
0.313133
0.315508
0.317894
0.320290
0.322696
0.325113
0.327540
0.330018
0.332274
0.334558
0.336856
0.339166
0.341488
0.343822
0.346169
0.348528
0.350899
0.353283
0.355679
0.358087
0.360508
0.362941
0.365387
0.367845
0.370315
0.372798
0.375293
0.377800
0.380320
0.382851
0.385395
0.387951
0.390518
0.393098
0.395689
0.398292
0.400906
0.403531
0.406168
0.408816
0.411475
0.414144
0.416824
0.419514
0.422215
0.424925
0.427646
0.430376
0.433115
0.435864
0.438621
0.441387
0.444162
0.446944
0.449735
0.452534
0.455340
0.458153
0.460973
0.463799
0.466632
0.469471
0.472316
0.475166
0.478022
0.480882
0.483747
0.486616
0.489490
0.492367
0.495247
0.498130
0.501017
0.503905
0.506796
0.509689
0.512583
0.515478
0.518375
0.521272
0.524169
0.527066
0.529963
0.532859
0.535755
0.538649
0.541541
0.544432
0.547320
0.550206
0.553090
0.555970
0.558847
0.561720
0.564590
0.567455
0.570316
0.573172
0.576023
0.578869
0.581709
0.584544
0.587372
0.590194
0.593010
0.595819
0.598621
0.601415
0.604202
0.606982
0.609753
0.612517
0.615271
0.618018
0.620755
0.623484
0.626203
0.628913
0.631613
0.634304
0.636984
0.639655
0.642315
0.644965
0.647604
0.650233
0.652850
0.655457
0.658052
0.660636
0.663208
0.665769
0.668318
0.670856
0.673381
0.675894
0.678395
0.680884
0.683360
0.685824
0.688276
0.690714
0.693140
0.695553
0.697954
0.700341
0.702715
0.705076
0.707424
0.709759
0.712080
0.714388
0.716683
0.718964
0.721232
0.723487
0.725728
0.727955
0.730169
0.732369
0.734555
0.736728
0.738888
0.741033
0.743165
0.745283
0.747388
0.749478
0.751556
0.753619
0.755669
0.757705
0.759727
0.761736
0.763731
0.765713
0.767681
0.769635
0.771576
0.773503
0.775417
0.777317
0.779204
0.781077
0.782937
0.784784
0.786617
0.788437
0.790244
0.792038
0.793818
0.795585
0.797340
0.799081
0.800809
0.802525
0.804227
0.805917
0.807594
0.809258
0.810910
0.812549
0.814175
0.815789
0.817391
0.818980
0.820557
0.822121
0.823674
0.825214
0.826742
0.828258
0.829762
0.831254
0.832735
0.834203
0.835660
0.837106
0.838539
0.839962
0.841373
0.842772
0.844160
0.845537
0.846903
0.848257
0.849601
0.850933
0.852255
0.853566
0.854866
0.856155
0.857434
0.858702
0.859960
0.861207
0.862444
0.863671
0.864887
0.866094
0.867290
0.868476
0.869652
0.870819
0.871975
0.873122
0.874259
0.875387
0.876505
0.877613
0.878712
0.879802
0.880882
0.881954
0.883016
0.884069
0.885113
0.886148
0.887175
0.888192
0.889201
0.890201
0.891192
0.892175
0.893150
0.894116
0.895073
0.896023
0.896964
0.897897
0.898822
0.899739
0.900648
0.901549
0.902442
0.903327
0.904205
0.905075
0.905937
0.906792
0.907639
0.908479
0.909312
0.910137
0.910955
0.911765
0.912569
0.913366
0.914155
0.914938
0.915714
0.916482
0.917244
0.918000
0.918748
0.919490
0.920226
0.920955
0.921677
0.922393
0.923103
0.923806
0.924503
0.925194
0.925879
0.926557
0.927230
0.927896
0.928557
0.929212
0.929861
0.930504
0.931141
0.931773
0.932398
0.933019
0.933634
0.934243
0.934847
0.935445
0.936038
0.936626
0.937208
0.937785
0.938357
0.938924
0.939486
0.940042
0.940594
0.941141
0.941682
0.942219
0.942751
0.943278
0.943801
0.944318
0.944831
0.945340
0.945843
0.946342
0.946837
0.947327
0.947813
0.948294
0.948771
0.949244
0.949712
0.950176
0.950636
0.951092
0.951543
0.951990
0.952434
0.952873
0.953308
0.953740
0.954167
0.954590
0.955010
0.955426
0.955838
0.956246
0.956651
0.957051
0.957448
0.957842
0.958232
0.958618
0.959001
0.959380
0.959756
0.960128
0.960497
0.960863
0.961225
0.961584
0.961939
0.962292
0.962641
0.962986
0.963329
0.963669
0.964005
0.964338
0.964669
0.964996
0.965320
0.965641
0.965959
0.966275
0.966587
0.966896
0.967203
0.967507
0.967808
0.968106
0.968401
0.968694
0.968984
0.969272
0.969556
0.969838
0.970118
0.970394
0.970669
0.970940
0.971210
0.971476
0.971740
0.972002
0.972262
0.972518
0.972773
0.973025
0.973275
0.973523
0.973768
0.974011
0.974251
0.974490
0.974726
0.974960
0.975192
0.975421
0.975649
0.975874
0.976097
0.976319
0.976538
0.976755
0.976970
0.977183
0.977394
0.977603
0.977810
0.978015
0.978218
0.978420
0.978619
0.978817
0.979012
0.979206
0.979398
0.979589
0.979777
0.979964
0.980149
0.980332
0.980513
0.980693
0.980871
0.981048
0.981222
0.981396
0.981567
0.981737
0.981905
0.982072
0.982237
0.982400
0.982562
0.982723
0.982882
0.983039
0.983195
0.983350
0.983503
0.983654
0.983804
0.983953
0.984100
0.984246
0.984391
0.984534
0.984676
0.984816
0.984955
0.985093
0.985229
0.985364
0.985498
0.985631
0.985762
0.985892
0.986021
0.986149
0.986275
0.986400
0.986524
0.986647
0.986769
0.986889
0.987009
0.987127
0.987244
0.987360
0.987475
0.987588
0.987701
0.987813
0.987923
0.988032
0.988141
0.988248
0.988355
0.988460
0.988564
0.988667
0.988770
0.988871
0.988971
0.989071
0.989169
0.989266
0.989363
0.989459
0.989553
0.989647
0.989740
0.989832
0.989923
0.990013
0.990102
0.990191
0.990278
0.990365
0.990451
0.990536
0.990620
0.990704
0.990786
0.990868
0.990949
0.991029
0.991109
0.991187
0.991265
0.991342
0.991419
0.991494
0.991569
0.991643
0.991717
0.991790
0.991862
0.991933
0.992004
0.992074
0.992143
0.992211
0.992279
0.992346
0.992413
0.992479
0.992544
0.992609
0.992673
0.992736
0.992799
0.992861
0.992923
0.992984
0.993044
0.993104
0.993163
0.993221
0.993279
0.993337
