0.011945
0.049598
0.120216
0.184852
0.228066
0.255508
0.265404
0.270459
0.273626
0.276053
0.278206
0.280259
0.282276
0.284277
0.286270
0.288255
0.290235
0.292208
0.294175
0.296136
0.298090
0.300039
0.301982
0.303919
0.305850
0.307775
0.309695
0.311609
0.313517
0.315420
0.317317
0.319209
0.321095
0.322976
0.324851
0.326721
0.328586
0.330446
0.332300
0.334210
0.335928
0.337622
0.339308
0.340990
0.342668
0.344340
0.346009
0.347673
0.349333
0.350989
0.352641
0.354288
0.355931
0.357569
0.359204
0.360834
0.362460
0.364082
0.365700
0.367314
0.368923
0.370529
0.372130
0.373727
0.375320
0.376909
0.378494
0.380075
0.381652
0.383224
0.384793
0.386358
0.387918
0.389475
0.391027
0.392576
0.394121
0.395661
0.397198
0.398731
0.400260
0.401785
0.403306
0.404823
0.406336
0.407846
0.409351
0.410853
0.412351
0.413845
0.415335
0.416821
0.418303
0.419782
0.421257
0.422728
0.424195
0.425659
0.427119
0.428575
0.430027
0.431476
0.432921
0.434362
0.435800
0.437233
0.438664
0.440090
0.441513
0.442932
0.444348
0.445760
0.447168
0.448573
0.449974
0.451371
0.452765
0.454156
0.455542
0.456926
0.458305
0.459682
0.461054
0.462423
0.463789
0.465151
0.466510
0.467865
0.469217
0.470565
0.471910
0.473251
0.474589
0.475923
0.477254
0.478582
0.479906
0.481227
0.482545
0.483859
0.485170
0.486477
0.487781
0.489082
0.490379
0.491673
0.492964
0.494251
0.495535
0.496816
0.498094
0.499368
0.500639
0.501907
0.503172
0.504433
0.505691
0.506946
0.508198
0.509446
0.510691
0.511933
0.513172
0.514408
0.515641
0.516870
0.518096
0.519319
0.520539
0.521756
0.522970
0.524181
0.525388
0.526593
0.527794
0.528993
0.530188
0.531380
0.532569
0.533755
0.534938
0.536119
0.537296
0.538470
0.539641
0.540809
0.541974
0.543136
0.544295
0.545451
0.546604
0.547754
0.548902
0.550046
0.551188
0.552326
0.553462
0.554594
0.555724
0.556851
0.557975
0.559096
0.560215
0.561330
0.562443
0.563553
0.564659
0.565764
0.566865
0.567963
0.569059
0.570152
0.571242
0.572329
0.573414
0.574495
0.575574
0.576650
0.577724
0.578795
0.579863
0.580928
0.581990
0.583050
0.584107
0.585162
0.586213
0.587262
0.588309
0.589352
0.590393
0.591432
0.592468
0.593501
0.594531
0.595559
0.596584
0.597606
0.598626
0.599644
0.600658
0.601671
0.602680
0.603687
0.604691
0.605693
0.606693
0.607689
0.608683
0.609675
0.610664
0.611651
0.612635
0.613616
0.614595
0.615572
0.616546
0.617518
0.618487
0.619453
0.620418
0.621379
0.622338
0.623295
0.624250
0.625201
0.626151
0.627098
0.628043
0.628985
0.629925
0.630862
0.631797
0.632730
0.633660
0.634588
0.635513
0.636437
0.637357
0.638276
0.639192
0.640106
0.641017
0.641926
0.642833
0.643738
0.644640
0.645540
0.646437
0.647332
0.648225
0.649116
0.650005
0.650891
0.651775
0.652656
0.653536
0.654413
0.655288
0.656161
0.657031
0.657899
0.658765
0.659629
0.660491
0.661350
0.662207
0.663063
0.663915
0.664766
0.665615
0.666461
0.667305
0.668147
0.668987
0.669825
0.670660
0.671494
0.672325
0.673155
0.673982
0.674807
0.675630
0.676450
0.677269
0.678086
0.678900
0.679713
0.680523
0.681332
0.682138
0.682942
0.683744
0.684544
0.685342
0.686139
0.686933
0.687725
0.688515
0.689302
0.690088
0.690872
0.691654
0.692434
0.693212
0.693988
0.694762
0.695534
0.696304
0.697072
0.697839
0.698603
0.699365
0.700125
0.700884
0.701640
0.702395
0.703147
0.703898
0.704647
0.705393
0.706138
0.706881
0.707623
0.708362
0.709099
0.709835
0.710568
0.711300
0.712030
0.712758
0.713484
0.714208
0.714931
0.715652
0.716370
0.717087
0.717802
0.718516
0.719227
0.719937
0.720645
0.721351
0.722055
0.722758
0.723458
0.724157
0.724854
0.725550
0.726243
0.726935
0.727625
0.728313
0.729000
0.729685
0.730368
0.731049
0.731728
0.732406
0.733082
0.733757
0.734429
0.735100
0.735770
0.736437
0.737103
0.737767
0.738430
0.739090
0.739749
0.740407
0.741062
0.741717
0.742369
0.743020
0.743669
0.744316
0.744962
0.745606
0.746248
0.746889
0.747529
0.748166
0.748802
0.749436
0.750069
0.750700
0.751330
0.751958
0.752584
0.753209
0.753832
0.754453
0.755073
0.755692
0.756308
0.756924
0.757537
0.758149
0.758760
0.759369
0.759976
0.760582
0.761186
0.761789
0.762391
0.762990
0.763588
0.764185
0.764780
0.765374
0.765966
0.766557
0.767146
0.767734
0.768320
0.768904
0.769487
0.770069
0.770649
0.771228
0.771805
0.772381
0.772955
0.773528
0.774100
0.774669
0.775238
0.775805
0.776371
0.776935
0.777497
0.778059
0.778619
0.779177
0.779734
0.780290
0.780844
0.781397
0.781948
0.782498
0.783046
0.783594
0.784139
0.784684
0.785227
0.785768
0.786309
0.786847
0.787385
0.787921
0.788456
0.788989
0.789521
0.790052
0.790581
0.791109
0.791636
0.792161
0.792685
0.793208
0.793729
0.794249
0.794768
0.795285
0.795801
0.796316
0.796829
0.797341
0.797852
0.798362
0.798870
0.799377
0.799882
0.800387
0.800890
0.801392
0.801892
0.802391
0.802889
0.803386
0.803882
0.804376
0.804869
0.805360
0.805851
0.806340
0.806828
0.807314
0.807800
0.808284
0.808767
0.809249
0.809729
0.810209
0.810687
0.811164
0.811639
0.812114
0.812587
0.813059
0.813530
0.814000
0.814468
0.814935
0.815402
0.815866
0.816330
0.816793
0.817254
0.817714
0.818173
0.818631
0.819088
0.819544
0.819998
0.820451
0.820903
0.821354
0.821804
0.822253
0.822700
0.823147
0.823592
0.824036
0.824479
0.824921
0.825362
0.825801
0.826240
0.826677
0.827113
0.827549
0.827983
0.828416
0.828848
0.829278
0.829708
0.830137
0.830564
0.830991
0.831416
0.831840
0.832264
0.832686
0.833107
0.833527
0.833946
0.834364
0.834780
0.835196
0.835611
0.836025
0.836437
0.836849
0.837259
0.837669
0.838077
0.838485
0.838891
