0.017308
0.036839
0.057083
0.078509
0.101668
0.127685
0.159170
0.198276
0.239445
0.270232
0.285058
0.282989
0.279790
0.280086
0.281926
0.283903
0.285875
0.287842
0.289804
0.291759
0.293709
0.295654
0.297593
0.299527
0.301455
0.303378
0.305296
0.307208
0.309116
0.311019
0.312917
0.314810
0.316699
0.318582
0.320462
0.322336
0.324207
0.326073
0.327934
0.329828
0.331519
0.333212
0.334902
0.336588
0.338272
0.339952
0.341629
0.343303
0.344974
0.346641
0.348306
0.349967
0.351626
0.353281
0.354934
0.356584
0.358230
0.359874
0.361516
0.363154
0.364790
0.366423
0.368053
0.369681
0.371306
0.372928
0.374548
0.376166
0.377781
0.379394
0.381004
0.382612
0.384218
0.385821
0.387422
0.389021
0.390618
0.392212
0.393805
0.395396
0.396984
0.398570
0.400155
0.401738
0.403318
0.404897
0.406474
0.408050
0.409623
0.411195
0.412765
0.414334
0.415901
0.417466
0.419030
0.420592
0.422153
0.423713
0.425271
0.426828
0.428383
0.429938
0.431490
0.433042
0.434593
0.436142
0.437691
0.439238
0.440784
0.442329
0.443874
0.445417
0.446959
0.448501
0.450042
0.451581
0.453121
0.454659
0.456197
0.457734
0.459270
0.460806
0.462341
0.463875
0.465410
0.466943
0.468476
0.470009
0.471541
0.473073
0.474605
0.476136
0.477667
0.479198
0.480728
0.482258
0.483789
0.485318
0.486848
0.488378
0.489908
0.491437
0.492967
0.494496
0.496026
0.497556
0.499085
0.500615
0.502145
0.503675
0.505205
0.506736
0.508266
0.509797
0.511328
0.512860
0.514391
0.515923
0.517455
0.518988
0.520521
0.522054
0.523588
0.525122
0.526656
0.528191
0.529727
0.531263
0.532799
0.534336
0.535873
0.537411
0.538949
0.540488
0.542027
0.543567
0.545108
0.546649
0.548191
0.549733
0.551276
0.552819
0.554363
0.555908
0.557453
0.558999
0.560546
0.562093
0.563640
0.565189
0.566738
0.568288
0.569838
0.571389
0.572941
0.574493
0.576046
0.577599
0.579154
0.580708
0.582264
0.583820
0.585376
0.586934
0.588492
0.590050
0.591609
0.593169
0.594729
0.596290
0.597851
0.599413
0.600976
0.602539
0.604102
0.605666
0.607231
0.608796
0.610361
0.611927
0.613494
0.615060
0.616628
0.618195
0.619763
0.621332
0.622900
0.624469
0.626039
0.627608
0.629178
0.630748
0.632319
0.633889
0.635460
0.637031
0.638602
0.640173
0.641745
0.643316
0.644887
0.646459
0.648030
0.649602
0.651173
0.652745
0.654316
0.655887
0.657458
0.659028
0.660599
0.662169
0.663739
0.665309
0.666878
0.668447
0.670016
0.671584
0.673151
0.674719
0.676285
0.677851
0.679417
0.680982
0.682546
0.684110
0.685672
0.687234
0.688796
0.690356
0.691916
0.693474
0.695032
0.696589
0.698144
0.699699
0.701253
0.702805
0.704356
0.705906
0.707455
0.709003
0.710549
0.712094
0.713637
0.715179
0.716720
0.718259
0.719796
0.721332
0.722866
0.724399
0.725930
0.727459
0.728986
0.730511
0.732035
0.733556
0.735076
0.736594
0.738109
0.739623
0.741134
0.742643
0.744150
0.745655
0.747157
0.748657
0.750155
0.751650
0.753143
0.754633
0.756121
0.757606
0.759088
0.760568
0.762045
0.763520
0.764991
0.766460
0.767925
0.769388
0.770848
0.772305
0.773758
0.775209
0.776656
0.778101
0.779542
0.780980
0.782414
0.783845
0.785273
0.786697
0.788118
0.789535
0.790949
0.792359
0.793766
0.795169
0.796568
0.797963
0.799355
0.800743
0.802127
0.803507
0.804883
0.806255
0.807623
0.808987
0.810347
0.811703
0.813054
0.814402
0.815745
0.817084
0.818418
0.819749
0.821075
0.822396
0.823713
0.825026
0.826334
0.827637
0.828936
0.830230
0.831520
0.832805
0.834085
0.835360
0.836631
0.837897
0.839158
0.840414
0.841666
0.842912
0.844153
0.845390
0.846621
0.847848
0.849069
0.850285
0.851496
0.852702
0.853903
0.855099
0.856289
0.857475
0.858654
0.859829
0.860998
0.862162
0.863321
0.864474
0.865622
0.866765
0.867902
0.869033
0.870159
0.871280
0.872395
0.873504
0.874608
0.875707
0.876799
0.877887
0.878968
0.880044
0.881114
0.882179
0.883238
0.884291
0.885339
0.886381
0.887417
0.888447
0.889472
0.890491
0.891504
0.892511
0.893513
0.894509
0.895499
0.896483
0.897461
0.898434
0.899400
0.900361
0.901316
0.902265
0.903209
0.904146
0.905078
0.906003
0.906923
0.907837
0.908745
0.909648
0.910544
0.911435
0.912319
0.913198
0.914071
0.914938
0.915799
0.916654
0.917504
0.918347
0.919185
0.920017
0.920843
0.921663
0.922477
0.923286
0.924089
0.924885
0.925676
0.926462
0.927241
0.928015
0.928783
0.929545
0.930301
0.931052
0.931797
0.932536
0.933269
0.933997
0.934719
0.935435
0.936146
0.936851
0.937551
0.938244
0.938932
0.939615
0.940292
0.940963
0.941629
0.942290
0.942944
0.943594
0.944237
0.944876
0.945509
0.946136
0.946758
0.947375
0.947986
0.948592
0.949192
0.949787
0.950377
0.950962
0.951541
0.952115
0.952684
0.953248
0.953806
0.954360
0.954908
0.955451
0.955989
0.956522
0.957050
0.957573
0.958090
0.958603
0.959111
0.959614
0.960112
0.960606
0.961094
0.961577
0.962056
0.962530
0.962999
0.963464
0.963923
0.964378
0.964829
0.965275
0.965716
0.966152
0.966585
0.967012
0.967435
0.967854
0.968268
0.968678
0.969083
0.969484
0.969881
0.970273
0.970661
0.971045
0.971424
0.971800
0.972171
0.972538
0.972901
0.973260
0.973615
0.973966
0.974313
0.974656
0.974995
0.975330
0.975661
0.975988
0.976312
0.976631
0.976947
0.977260
0.977568
0.977873
0.978174
0.978472
0.978766
0.979056
0.979343
0.979626
0.979906
0.980182
0.980455
0.980725
0.980991
0.981254
0.981514
0.981770
0.982023
0.982273
0.982520
0.982763
0.983003
0.983241
0.983475
0.983706
0.983934
0.984159
0.984381
0.984600
0.984817
0.985030
0.985241
0.985448
0.985653
0.985855
0.986055
0.986251
0.986445
0.986637
0.986825
0.987011
0.987195
0.987376
0.987554
0.987730
0.987903
0.988074
