0.429914
0.554823
0.625872
0.673199
0.707729
0.734522
0.756162
0.774154
0.789463
0.802704
0.814297
0.824570
0.833771
0.842085
0.849660
0.856628
0.863103
0.869176
0.874931
0.880480
0.885964
0.891585
0.897758
0.904651
0.908946
0.909792
0.909841
0.909842
0.909842
0.909842
0.909842
0.909843
0.909843
0.909843
0.909843
0.909843
0.909843
0.909843
0.909843
0.909843
0.909843
0.909843
0.909843
0.909843
0.909843
0.909843
0.909843
0.909843
0.909843
0.909843
0.909843
0.909843
0.909843
0.909843
0.909843
0.909843
0.909843
0.909843
0.909843
0.909843
0.909843
0.909843
0.909843
0.909843
0.909843
0.909843
0.909843
0.909843
0.909843
0.909843
0.909843
0.909843
0.909843
0.909843
0.909843
0.909843
0.909843
0.909843
0.909843
0.909843
0.909843
0.909843
0.909843
0.909843
0.909843
0.909843
0.909843
0.909843
0.909843
0.909843
0.909843
0.909843
0.909843
0.909843
0.909843
0.909843
0.909843
0.909843
0.909843
0.909843
0.909843
0.909843
0.909843
0.909843
0.909843
0.909843
0.909843
0.909843
0.909843
0.909843
0.909843
0.909843
0.909843
0.909843
0.909843
0.909843
0.909843
0.909843
0.909843
0.909843
0.909843
0.909843
0.909843
0.909843
0.909843
0.909843
0.909843
0.909843
0.909843
0.909843
0.909843
0.909843
0.909843
0.909843
0.909843
0.909843
0.909843
0.909843
0.909843
0.909843
0.909843
0.909843
0.909843
0.909843
0.909843
0.909843
0.909843
0.909843
0.909843
0.909843
0.909843
0.909843
0.909843
0.909843
0.909843
0.909843
0.909843
0.909843
0.909843
0.909843
0.909843
0.909843
0.909843
0.909843
0.909843
0.909843
0.909843
0.909843
0.909843
0.909843
0.909843
0.909843
0.909843
0.909843
0.909843
0.909843
0.909843
0.909843
0.909843
0.909843
0.909843
0.909843
0.909843
0.909843
0.909843
0.909843
0.909843
0.909843
0.909843
0.909843
0.909843
0.909843
0.909843
0.909843
0.909843
0.909843
0.909843
0.909843
0.909843
0.909843
0.909843
0.909843
0.909843
0.909843
0.909843
0.909843
0.909843
0.909843
0.909843
0.909843
0.909843
0.909843
0.909843
0.909843
0.909843
0.909843
0.909843
0.909843
0.909843
0.909843
0.909843
0.909843
0.909843
0.909843
0.909843
0.909843
0.909843
0.909843
0.909843
0.909843
0.909843
0.909843
0.909843
0.909843
0.909843
0.909843
0.909843
0.909843
0.909843
0.909843
0.909843
0.909843
0.909843
0.909843
0.909843
0.909843
0.909843
0.909843
0.909843
0.909843
0.909843
0.909843
0.909843
0.909843
0.909843
0.909843
0.909843
0.909843
0.909843
0.909843
0.909843
0.909843
0.909843
0.909843
0.909843
0.909843
0.909843
0.909843
0.909843
0.909843
0.909843
0.909843
0.909843
0.909843
0.909843
0.909843
0.909843
0.909843
0.909843
0.909843
0.909843
0.909843
0.909843
0.909843
0.909843
0.909843
0.909843
0.909843
0.909843
0.909843
0.909843
0.909843
0.909843
0.909843
0.909843
0.909843
0.909843
0.909843
0.909843
0.909843
0.909843
0.909843
0.909843
0.909843
0.909843
0.909843
0.909843
0.909843
0.909843
0.909843
0.909843
0.909843
0.909843
0.909843
0.909843
0.909843
0.909843
0.909843
0.909843
0.909843
0.909843
0.909843
0.909843
0.909843
0.909843
0.909843
0.909843
0.909843
0.909843
0.909843
0.909843
0.909843
0.909843
0.909843
0.909843
0.909843
0.909843
0.909843
0.909843
0.909843
0.909843
0.909843
0.909843
0.909843
0.909843
0.909843
0.909843
0.909843
0.909843
0.909843
0.909843
0.909843
0.909843
0.909843
0.909843
0.909843
0.909843
0.909843
0.909843
0.909843
0.909843
0.909843
0.909843
0.909843
0.909843
0.909843
0.909843
0.909843
0.909843
0.909843
0.909843
0.909843
0.909843
0.909843
0.909843
0.909843
0.909843
0.909843
0.909843
0.909843
0.909843
0.909843
0.909843
0.909843
0.909843
0.909843
0.909843
0.909843
0.909843
0.909843
0.909843
0.909843
0.909843
0.909843
0.909843
0.909843
0.909843
0.909843
0.909843
0.909843
0.909843
0.909843
0.909843
0.909843
0.909843
0.909843
0.909843
0.909843
0.909843
0.909843
0.909843
0.909843
0.909843
0.909843
0.909843
0.909843
0.909843
0.909843
0.909843
0.909843
0.909843
0.909843
0.909843
0.909843
0.909843
0.909843
0.909843
0.909843
0.909843
0.909843
0.909843
0.909843
0.909843
0.909843
0.909843
0.909843
0.909843
0.909843
0.909843
0.909843
0.909843
0.909843
0.909843
0.909843
0.909843
0.909843
0.909843
0.909843
0.909843
0.909843
0.909843
0.909843
0.909843
0.909843
0.909843
0.909843
0.909843
0.909843
0.909843
0.909843
0.909843
0.909843
0.909843
0.909843
0.909843
0.909843
0.909843
0.909843
0.909843
0.909843
0.909843
0.909843
0.909843
0.909843
0.909843
0.909843
0.909843
0.909843
0.909843
0.909843
0.909843
0.909843
0.909843
0.909843
0.909843
0.909843
0.909843
0.909843
0.909843
0.909843
0.909843
0.909843
0.909843
0.909843
0.909843
0.909843
0.909843
0.909843
0.909843
0.909843
0.909843
0.909843
0.909843
0.909843
0.909843
0.909843
0.909843
0.909843
0.909843
0.909843
0.909843
0.909843
0.909843
0.909843
0.909843
0.909843
0.909843
0.909843
0.909843
0.909843
0.909843
0.909843
0.909843
0.909843
0.909843
0.909843
0.909843
0.909843
0.909843
0.909843
0.909843
0.909843
0.909843
0.909843
0.909843
0.909843
0.909843
0.909843
0.909843
0.909843
0.909843
0.909843
0.909843
0.909843
0.909843
0.909843
0.909843
0.909843
0.909843
0.909843
0.909843
0.909843
0.909843
0.909843
0.909843
0.909843
0.909843
0.909843
0.909843
0.909843
0.909843
0.909843
0.909843
0.909843
0.909843
0.909843
0.909843
0.909843
0.909843
0.909843
0.909843
0.909843
0.909843
0.909843
0.909843
0.909843
0.909843
0.909843
0.909843
0.909843
0.909843
0.909843
0.909843
0.909843
0.909843
0.909843
0.909843
0.909843
0.909843
0.909843
0.909843
0.909843
0.909843
0.909843
0.909843
0.909843
0.909843
0.909843
0.909843
0.909843
