0.026876
0.057656
0.090456
0.126708
0.168585
0.219304
0.276884
0.307863
0.281483
0.255150
0.257892
0.266007
0.274510
0.284439
0.291238
0.293556
0.295695
0.297838
0.299983
0.302132
0.304284
0.306438
0.308596
0.310757
0.312922
0.315091
0.317263
0.319440
0.321621
0.323807
0.325998
0.328194
0.330395
0.332601
0.334814
0.337032
0.339256
0.341487
0.343724
0.345998
0.348056
0.350142
0.352238
0.354343
0.356457
0.358580
0.360711
0.362852
0.365003
0.367163
0.369332
0.371511
0.373700
0.375899
0.378108
0.380327
0.382556
0.384796
0.387047
0.389308
0.391580
0.393863
0.396157
0.398462
0.400778
0.403105
0.405443
0.407793
0.410154
0.412527
0.414911
0.417307
0.419715
0.422134
0.424565
0.427007
0.429461
0.431927
0.434405
0.436895
0.439396
0.441909
0.444434
0.446971
0.449519
0.452079
0.454651
0.457234
0.459829
0.462435
0.465053
0.467682
0.470322
0.472974
0.475637
0.478311
0.480996
0.483692
0.486398
0.489115
0.491843
0.494581
0.497329
0.500088
0.502857
0.505635
0.508423
0.511221
0.514028
0.516844
0.519669
0.522503
0.525346
0.528198
0.531057
0.533925
0.536801
0.539684
0.542575
0.545473
0.548378
0.551290
0.554209
0.557134
0.560065
0.563002
0.565944
0.568892
0.571845
0.574803
0.577766
0.580733
0.583704
0.586678
0.589657
0.592638
0.595623
0.598611
0.601600
0.604592
0.607586
0.610582
0.613579
0.616576
0.619575
0.622574
0.625573
0.628572
0.631570
0.634568
0.637564
0.640560
0.643553
0.646545
0.649534
0.652521
0.655505
0.658486
0.661463
0.664437
0.667406
0.670371
0.673332
0.676288
0.679238
0.682183
0.685122
0.688055
0.690981
0.693901
0.696814
0.699719
0.702617
0.705508
0.708390
0.711263
0.714128
0.716985
0.719831
0.722669
0.725497
0.728315
0.731122
0.733919
0.736705
0.739481
0.742245
0.744997
0.747738
0.750467
0.753184
0.755889
0.758580
0.761259
0.763925
0.766578
0.769217
0.771842
0.774454
0.777051
0.779634
0.782203
0.784757
0.787296
0.789821
0.792330
0.794823
0.797302
0.799764
0.802211
0.804642
0.807057
0.809455
0.811837
0.814203
0.816552
0.818884
0.821199
0.823498
0.825779
0.828043
0.830290
0.832519
0.834731
0.836925
0.839102
0.841261
0.843402
0.845526
0.847631
0.849718
0.851788
0.853839
0.855872
0.857887
0.859884
0.861862
0.863822
0.865764
0.867688
0.869593
0.871479
0.873348
0.875198
0.877029
0.878843
0.880638
0.882414
0.884172
0.885912
0.887634
0.889337
0.891022
0.892688
0.894337
0.895967
0.897579
0.899173
0.900750
0.902308
0.903848
0.905370
0.906875
0.908361
0.909831
0.911282
0.912716
0.914132
0.915531
0.916913
0.918278
0.919625
0.920955
0.922269
0.923565
0.924845
0.926108
0.927354
0.928584
0.929797
0.930994
0.932175
0.933340
0.934489
0.935622
0.936739
0.937841
0.938927
0.939998
0.941053
0.942093
0.943118
0.944129
0.945124
0.946105
0.947071
0.948022
0.948960
0.949883
0.950792
0.951687
0.952568
0.953436
0.954290
0.955131
0.955958
0.956773
0.957574
0.958362
0.959138
0.959901
0.960651
0.961389
0.962115
0.962829
0.963531
0.964221
0.964900
0.965567
0.966222
0.966866
0.967499
0.968121
0.968733
0.969333
0.969923
0.970502
0.971071
0.971630
0.972179
0.972717
0.973246
0.973766
0.974275
0.974775
0.975266
0.975748
0.976221
0.976685
0.977140
0.977586
0.978024
0.978453
0.978874
0.979287
0.979692
0.980089
0.980478
0.980859
0.981233
0.981599
0.981958
0.982310
0.982654
0.982992
0.983322
0.983646
0.983963
0.984274
0.984578
0.984876
0.985167
0.985452
0.985732
0.986005
0.986273
0.986534
0.986790
0.987041
0.987286
0.987526
0.987760
0.987990
0.988214
0.988433
0.988648
0.988857
0.989062
0.989262
0.989458
0.989649
0.989836
0.990019
0.990197
0.990371
0.990541
0.990708
0.990870
0.991028
0.991183
0.991334
0.991482
0.991626
0.991766
0.991903
0.992037
0.992168
0.992295
0.992420
0.992541
0.992659
0.992774
0.992887
0.992996
0.993103
0.993208
0.993309
0.993408
0.993505
0.993599
0.993690
0.993780
0.993867
0.993952
0.994034
0.994114
0.994193
0.994269
0.994343
0.994416
0.994486
0.994554
0.994621
0.994686
0.994749
0.994810
0.994870
0.994928
0.994985
0.995040
0.995093
0.995145
0.995196
0.995245
0.995293
0.995339
0.995385
0.995429
0.995471
0.995513
0.995553
0.995592
0.995630
0.995667
0.995703
0.995738
0.995771
0.995804
0.995836
0.995867
0.995897
0.995926
0.995955
0.995982
0.996009
0.996034
0.996059
0.996084
0.996107
0.996130
0.996152
0.996174
0.996195
0.996215
0.996234
0.996253
0.996272
0.996290
0.996307
0.996324
0.996340
0.996356
0.996371
0.996385
0.996400
0.996413
0.996427
0.996440
0.996452
0.996464
0.996476
0.996487
0.996498
0.996509
0.996519
0.996529
0.996539
0.996548
0.996557
0.996566
0.996574
0.996582
0.996590
0.996598
0.996605
0.996612
0.996619
0.996626
0.996632
0.996638
0.996644
0.996650
0.996655
0.996661
0.996666
0.996671
0.996676
0.996680
0.996685
0.996689
0.996693
0.996697
0.996701
0.996705
0.996709
0.996712
0.996715
0.996719
0.996722
0.996725
0.996728
0.996731
0.996733
0.996736
0.996738
0.996741
0.996743
0.996745
0.996747
0.996749
0.996751
0.996753
0.996755
0.996757
0.996759
0.996760
0.996762
0.996763
0.996765
0.996766
0.996768
0.996769
0.996770
0.996771
0.996773
0.996774
0.996775
0.996776
0.996777
0.996778
0.996779
0.996780
0.996780
0.996781
0.996782
0.996783
0.996783
0.996784
0.996785
0.996785
0.996786
0.996787
0.996787
0.996788
0.996788
0.996789
0.996789
0.996790
0.996790
0.996790
0.996791
0.996791
0.996792
0.996792
0.996792
0.996793
0.996793
0.996793
0.996793
0.996794
0.996794
0.996794
0.996794
0.996795
0.996795
0.996795
0.996795
0.996796
0.996796
0.996796
0.996796
0.996796
0.996796
0.996796
0.996797
0.996797
0.996797
0.996797
0.996797
0.996797
