0.012733
0.026991
0.041607
0.057034
0.075259
0.101349
0.139551
0.185774
0.221997
0.248148
0.263688
0.271626
0.275543
0.277876
0.279799
0.281705
0.283657
0.285632
0.287605
0.289574
0.291535
0.293491
0.295441
0.297385
0.299323
0.301255
0.303181
0.305102
0.307017
0.308926
0.310830
0.312729
0.314622
0.316509
0.318391
0.320268
0.322139
0.324006
0.325866
0.327775
0.329486
0.331182
0.332872
0.334558
0.336239
0.337916
0.339589
0.341257
0.342921
0.344581
0.346237
0.347889
0.349536
0.351179
0.352818
0.354452
0.356083
0.357709
0.359332
0.360950
0.362564
0.364174
0.365780
0.367381
0.368979
0.370573
0.372162
0.373748
0.375329
0.376907
0.378480
0.380050
0.381615
0.383177
0.384734
0.386288
0.387838
0.389383
0.390925
0.392463
0.393997
0.395527
0.397053
0.398576
0.400094
0.401609
0.403120
0.404627
0.406130
0.407629
0.409125
0.410616
0.412104
0.413589
0.415069
0.416546
0.418019
0.419488
0.420954
0.422415
0.423874
0.425328
0.426779
0.428226
0.429669
0.431109
0.432545
0.433978
0.435407
0.436832
0.438254
0.439672
0.441087
0.442498
0.443905
0.445309
0.446709
0.448106
0.449499
0.450889
0.452276
0.453658
0.455038
0.456414
0.457786
0.459155
0.460520
0.461883
0.463241
0.464596
0.465948
0.467297
0.468642
0.469984
0.471322
0.472657
0.473989
0.475317
0.476642
0.477964
0.479282
0.480597
0.481909
0.483217
0.484523
0.485824
0.487123
0.488419
0.489711
0.491000
0.492286
0.493568
0.494848
0.496124
0.497397
0.498667
0.499934
0.501197
0.502458
0.503715
0.504969
0.506221
0.507469
0.508714
0.509955
0.511194
0.512430
0.513662
0.514892
0.516119
0.517342
0.518563
0.519780
0.520995
0.522206
0.523415
0.524620
0.525823
0.527023
0.528219
0.529413
0.530604
0.531792
0.532977
0.534159
0.535338
0.536515
0.537688
0.538859
0.540026
0.541191
0.542353
0.543513
0.544669
0.545823
0.546974
0.548122
0.549267
0.550409
0.551549
0.552686
0.553820
0.554952
0.556080
0.557206
0.558330
0.559450
0.560568
0.561683
0.562796
0.563906
0.565013
0.566118
0.567220
0.568319
0.569415
0.570510
0.571601
0.572690
0.573776
0.574860
0.575941
0.577019
0.578095
0.579169
0.580240
0.581308
0.582374
0.583437
0.584498
0.585557
0.586612
0.587666
0.588717
0.589765
0.590811
0.591855
0.592896
0.593935
0.594971
0.596005
0.597037
0.598066
0.599092
0.600117
0.601139
0.602158
0.603176
0.604191
0.605203
0.606214
0.607222
0.608227
0.609231
0.610232
0.611231
0.612227
0.613222
0.614214
0.615203
0.616191
0.617176
0.618159
0.619140
0.620119
0.621096
0.622070
0.623042
0.624012
0.624980
0.625946
0.626909
0.627870
0.628830
0.629787
0.630742
0.631695
0.632646
0.633594
0.634541
0.635486
0.636428
0.637369
0.638307
0.639244
0.640178
0.641110
0.642041
0.642969
0.643895
0.644820
0.645742
0.646663
0.647581
0.648498
0.649412
0.650325
0.651236
0.652144
0.653051
0.653956
0.654859
0.655760
0.656660
0.657557
0.658453
0.659346
0.660238
0.661128
0.662016
0.662903
0.663787
0.664670
0.665551
0.666430
0.667307
0.668183
0.669057
0.669929
0.670799
0.671667
0.672534
0.673399
0.674263
0.675124
0.675984
0.676842
0.677699
0.678554
0.679407
0.680258
0.681108
0.681956
0.682803
0.683648
0.684491
0.685333
0.686173
0.687011
0.687848
0.688683
0.689517
0.690349
0.691179
0.692008
0.692836
0.693661
0.694486
0.695308
0.696130
0.696949
0.697768
0.698584
0.699399
0.700213
0.701025
0.701836
0.702645
0.703453
0.704259
0.705064
0.705868
0.706670
0.707470
0.708270
0.709067
0.709864
0.710659
0.711452
0.712244
0.713035
0.713825
0.714613
0.715399
0.716185
0.716969
0.717752
0.718533
0.719313
0.720092
0.720869
0.721645
0.722420
0.723193
0.723966
0.724737
0.725506
0.726275
0.727042
0.727808
0.728572
0.729336
0.730098
0.730859
0.731619
0.732377
0.733135
0.733891
0.734646
0.735399
0.736152
0.736903
0.737653
0.738402
0.739150
0.739897
0.740642
0.741387
0.742130
0.742872
0.743613
0.744353
0.745092
0.745830
0.746566
0.747302
0.748036
0.748769
0.749501
0.750233
0.750963
0.751692
0.752420
0.753146
0.753872
0.754597
0.755321
0.756043
0.756765
0.757486
0.758205
0.758924
0.759642
0.760358
0.761074
0.761788
0.762502
0.763214
0.763926
0.764637
0.765346
0.766055
0.766763
0.767470
0.768175
0.768880
0.769584
0.770287
0.770989
0.771690
0.772391
0.773090
0.773788
0.774486
0.775182
0.775878
0.776572
0.777266
0.777959
0.778651
0.779342
0.780032
0.780721
0.781410
0.782097
0.782784
0.783470
0.784155
0.784839
0.785522
0.786204
0.786886
0.787566
0.788246
0.788925
0.789603
0.790280
0.790957
0.791632
0.792307
0.792981
0.793654
0.794326
0.794998
0.795668
0.796338
0.797007
0.797675
0.798342
0.799009
0.799675
0.800340
0.801004
0.801667
0.802329
0.802991
0.803652
0.804312
0.804971
0.805630
0.806288
0.806945
0.807601
0.808256
0.808911
0.809565
0.810218
0.810870
0.811521
0.812172
0.812822
0.813471
0.814119
0.814767
0.815414
0.816060
0.816705
0.817350
0.817993
0.818636
0.819278
0.819920
0.820561
0.821200
0.821840
0.822478
0.823115
0.823752
0.824388
0.825024
0.825658
0.826292
0.826925
0.827557
0.828188
0.828819
0.829449
0.830078
0.830706
0.831334
0.831961
0.832587
0.833212
0.833837
0.834460
0.835083
0.835705
0.836327
0.836947
0.837567
0.838186
0.838805
0.839422
0.840039
0.840655
0.841270
0.841884
0.842498
0.843111
0.843723
0.844334
0.844944
0.845554
0.846162
0.846770
0.847378
0.847984
0.848590
0.849194
0.849798
0.850401
0.851004
0.851605
0.852206
0.852806
0.853405
0.854003
0.854601
0.855197
0.855793
0.856388
0.856982
0.857575
0.858167
0.858759
0.859350
0.859939
0.860528
0.861116
0.861704
0.862290
0.862876
0.863460
0.864044
0.864627
0.865209
0.865790
0.866370
0.866949
0.867528
