0.010381
0.022138
0.034394
0.047811
0.064931
0.079141
0.102932
0.137139
0.175862
0.211203
0.238138
0.255883
0.266395
0.272346
0.275900
0.278394
0.280500
0.282494
0.284468
0.286442
0.288413
0.290380
0.292342
0.294297
0.296247
0.298191
0.300130
0.302062
0.303989
0.305911
0.307827
0.309738
0.311643
0.313542
0.315437
0.317326
0.319209
0.321088
0.322961
0.324886
0.326614
0.328323
0.330026
0.331723
0.333416
0.335105
0.336790
0.338470
0.340146
0.341818
0.343485
0.345149
0.346808
0.348462
0.350113
0.351759
0.353401
0.355039
0.356673
0.358302
0.359928
0.361549
0.363166
0.364779
0.366388
0.367993
0.369594
0.371190
0.372783
0.374371
0.375956
0.377536
0.379113
0.380685
0.382254
0.383818
0.385378
0.386935
0.388487
0.390036
0.391580
0.393121
0.394658
0.396190
0.397719
0.399244
0.400765
0.402283
0.403796
0.405306
0.406811
0.408313
0.409811
0.411305
0.412796
0.414282
0.415765
0.417244
0.418720
0.420191
0.421659
0.423123
0.424583
0.426040
0.427493
0.428942
0.430388
0.431829
0.433267
0.434702
0.436133
0.437560
0.438984
0.440404
0.441820
0.443233
0.444642
0.446047
0.447449
0.448848
0.450243
0.451634
0.453022
0.454406
0.455787
0.457164
0.458537
0.459908
0.461274
0.462638
0.463997
0.465354
0.466706
0.468056
0.469402
0.470744
0.472084
0.473419
0.474752
0.476081
0.477406
0.478728
0.480047
0.481363
0.482675
0.483984
0.485289
0.486591
0.487890
0.489186
0.490478
0.491767
0.493053
0.494335
0.495614
0.496890
0.498163
0.499432
0.500699
0.501962
0.503221
0.504478
0.505732
0.506982
0.508229
0.509473
0.510713
0.511951
0.513185
0.514417
0.515645
0.516870
0.518092
0.519311
0.520527
0.521739
0.522949
0.524155
0.525359
0.526559
0.527757
0.528951
0.530142
0.531331
0.532516
0.533698
0.534877
0.536054
0.537227
0.538397
0.539565
0.540729
0.541890
0.543049
0.544205
0.545357
0.546507
0.547654
0.548798
0.549939
0.551077
0.552212
0.553344
0.554474
0.555601
0.556724
0.557845
0.558963
0.560079
0.561191
0.562301
0.563408
0.564512
0.565613
0.566711
0.567807
0.568900
0.569990
0.571078
0.572162
0.573244
0.574323
0.575400
0.576474
0.577545
0.578613
0.579679
0.580741
0.581802
0.582859
0.583914
0.584966
0.586016
0.587063
0.588107
0.589149
0.590188
0.591225
0.592258
0.593290
0.594318
0.595344
0.596368
0.597389
0.598407
0.599423
0.600436
0.601447
0.602455
0.603460
0.604463
0.605464
0.606462
0.607457
0.608450
0.609441
0.610429
0.611414
0.612398
0.613378
0.614356
0.615332
0.616305
0.617276
0.618244
0.619210
0.620174
0.621135
0.622094
0.623050
0.624004
0.624956
0.625905
0.626851
0.627796
0.628738
0.629678
0.630615
0.631550
0.632483
0.633413
0.634341
0.635267
0.636190
0.637111
0.638030
0.638947
0.639861
0.640773
0.641683
0.642590
0.643495
0.644398
0.645299
0.646197
0.647093
0.647987
0.648879
0.649769
0.650656
0.651541
0.652424
0.653305
0.654183
0.655060
0.655934
0.656806
0.657676
0.658544
0.659409
0.660273
0.661134
0.661993
0.662850
0.663705
0.664558
0.665409
0.666258
0.667104
0.667949
0.668791
0.669632
0.670470
0.671306
0.672140
0.672972
0.673802
0.674630
0.675456
0.676280
0.677102
0.677922
0.678740
0.679556
0.680370
0.681182
0.681992
0.682800
0.683606
0.684410
0.685212
0.686012
0.686811
0.687607
0.688401
0.689193
0.689984
0.690772
0.691559
0.692344
0.693127
0.693907
0.694687
0.695464
0.696239
0.697012
0.697784
0.698553
0.699321
0.700087
0.700851
0.701614
0.702374
0.703133
0.703889
0.704644
0.705397
0.706149
0.706898
0.707646
0.708392
0.709136
0.709878
0.710619
0.711358
0.712095
0.712830
0.713564
0.714296
0.715026
0.715754
0.716481
0.717206
0.717929
0.718650
0.719370
0.720088
0.720804
0.721519
0.722232
0.722943
0.723653
0.724361
0.725067
0.725772
0.726474
0.727176
0.727875
0.728573
0.729270
0.729965
0.730658
0.731349
0.732039
0.732727
0.733414
0.734099
0.734783
0.735465
0.736145
0.736824
0.737501
0.738176
0.738850
0.739523
0.740194
0.740863
0.741531
0.742197
0.742862
0.743525
0.744187
0.744847
0.745506
0.746163
0.746819
0.747473
0.748126
0.748777
0.749427
0.750075
0.750722
0.751367
0.752011
0.752653
0.753294
0.753934
0.754572
0.755209
0.755844
0.756478
0.757110
0.757741
0.758370
0.758999
0.759625
0.760251
0.760874
0.761497
0.762118
0.762738
0.763356
0.763973
0.764589
0.765203
0.765816
0.766428
0.767038
0.767647
0.768255
0.768861
0.769466
0.770069
0.770672
0.771273
0.771872
0.772471
0.773068
0.773664
0.774258
0.774851
0.775443
0.776034
0.776623
0.777211
0.777798
0.778384
0.778968
0.779551
0.780133
0.780713
0.781293
0.781871
0.782448
0.783023
0.783598
0.784171
0.784743
0.785314
0.785884
0.786452
0.787019
0.787585
0.788150
0.788714
0.789276
0.789838
0.790398
0.790957
0.791515
0.792071
0.792627
0.793181
0.793735
0.794287
0.794838
0.795388
0.795937
0.796484
0.797031
0.797576
0.798120
0.798664
0.799206
0.799747
0.800287
0.800825
0.801363
0.801900
0.802436
0.802970
0.803504
0.804036
0.804567
0.805098
0.805627
0.806155
0.806682
0.807208
0.807733
0.808257
0.808780
0.809302
0.809823
0.810343
0.810862
0.811380
0.811897
0.812413
0.812928
0.813442
0.813955
0.814467
0.814978
0.815488
0.815997
0.816505
0.817012
0.817518
0.818023
0.818528
0.819031
0.819533
0.820035
0.820535
0.821034
0.821533
0.822031
0.822527
0.823023
0.823518
0.824012
0.824505
0.824997
0.825488
0.825979
0.826468
0.826956
0.827444
0.827931
0.828417
0.828902
0.829386
0.829869
0.830351
0.830833
0.831313
0.831793
0.832272
0.832750
0.833227
0.833703
0.834179
0.834653
0.835127
0.835600
0.836072
0.836543
0.837014
0.837483
0.837952
0.838420
0.838887
0.839353
0.839819
0.840283
0.840747
0.841210
0.841673
0.842134
