0.011434
0.021819
0.026584
0.031388
0.036335
0.041521
0.047035
0.052951
0.059357
0.066363
0.074096
0.082709
0.092374
0.103320
0.115855
0.130391
0.147458
0.167807
0.192634
0.223868
0.264733
0.320821
0.402443
0.514305
0.583033
0.568839
0.562888
0.567039
0.571933
0.576961
0.582095
0.587320
0.592621
0.597991
0.603419
0.608899
0.614425
0.619992
0.625594
0.631418
0.636963
0.642544
0.648151
0.653778
0.659423
0.665080
0.670746
0.676418
0.682090
0.687761
0.693426
0.699081
0.704725
0.710353
0.715962
0.721549
0.727112
0.732646
0.738149
0.743619
0.749052
0.754447
0.759799
0.765108
0.770370
0.775583
0.780745
0.785853
0.790907
0.795903
0.800841
0.805717
0.810532
0.815282
0.819968
0.824586
0.829137
0.833618
0.838030
0.842371
0.846639
0.850836
0.854959
0.859008
0.862983
0.866883
0.870708
0.874458
0.878133
0.881732
0.885256
0.888705
0.892079
0.895378
0.898603
0.901753
0.904830
0.907834
0.910765
0.913624
0.916412
0.919129
0.921776
0.924355
0.926865
0.929308
0.931684
0.933995
0.936241
0.938425
0.940545
0.942605
0.944604
0.946543
0.948425
0.950250
0.952019
0.953733
0.955393
0.957002
0.958559
0.960065
0.961523
0.962933
0.964297
0.965615
0.966888
0.968119
0.969307
0.970454
0.971562
0.972630
0.973661
0.974655
0.975614
0.976538
0.977429
0.978286
0.979113
0.979909
0.980675
0.981412
0.982122
0.982804
0.983461
0.984092
0.984699
0.985282
0.985843
0.986382
0.986899
0.987396
0.987874
0.988332
0.988772
0.989194
0.989599
0.989988
0.990360
0.990718
0.991060
0.991389
0.991704
0.992006
0.992296
0.992573
0.992838
0.993093
0.993337
0.993570
0.993794
0.994008
0.994212
0.994409
0.994596
0.994776
0.994948
0.995112
0.995270
0.995420
0.995564
0.995702
0.995834
0.995960
0.996080
0.996196
0.996306
0.996411
0.996512
0.996608
0.996700
0.996788
0.996873
0.996953
0.997030
0.997103
0.997173
0.997241
0.997305
0.997366
0.997425
0.997481
0.997534
0.997585
0.997634
0.997681
0.997725
0.997768
0.997809
0.997848
0.997885
0.997920
0.997954
0.997987
0.998018
0.998048
0.998076
0.998103
0.998129
0.998154
0.998177
0.998200
0.998222
0.998242
0.998262
0.998281
0.998299
0.998316
0.998333
0.998349
0.998364
0.998378
0.998392
0.998405
0.998418
0.998430
0.998442
0.998453
0.998463
0.998473
0.998483
0.998492
0.998501
0.998510
0.998518
0.998526
0.998533
0.998540
0.998547
0.998554
0.998560
0.998566
0.998572
0.998577
0.998583
0.998588
0.998592
0.998597
0.998602
0.998606
0.998610
0.998614
0.998618
0.998621
0.998625
0.998628
0.998631
0.998634
0.998637
0.998640
0.998643
0.998645
0.998648
0.998650
0.998652
0.998655
0.998657
0.998659
0.998661
0.998662
0.998664
0.998666
0.998668
0.998669
0.998671
0.998672
0.998674
0.998675
0.998676
0.998677
0.998679
0.998680
0.998681
0.998682
0.998683
0.998684
0.998685
0.998686
0.998687
0.998688
0.998688
0.998689
0.998690
0.998691
0.998691
0.998692
0.998693
0.998693
0.998694
0.998695
0.998695
0.998696
0.998696
0.998697
0.998697
0.998698
0.998698
0.998699
0.998699
0.998699
0.998700
0.998700
0.998700
0.998701
0.998701
0.998701
0.998702
0.998702
0.998702
0.998703
0.998703
0.998703
0.998703
0.998704
0.998704
0.998704
0.998704
0.998705
0.998705
0.998705
0.998705
0.998705
0.998706
0.998706
0.998706
0.998706
0.998706
0.998706
0.998707
0.998707
0.998707
0.998707
0.998707
0.998707
0.998707
0.998707
0.998708
0.998708
0.998708
0.998708
0.998708
0.998708
0.998708
0.998708
0.998708
0.998708
0.998709
0.998709
0.998709
0.998709
0.998709
0.998709
0.998709
0.998709
0.998709
0.998709
0.998709
0.998709
0.998709
0.998709
0.998709
0.998710
0.998710
0.998710
0.998710
0.998710
0.998710
0.998710
0.998710
0.998710
0.998710
0.998710
0.998710
0.998710
0.998710
0.998710
0.998710
0.998710
0.998710
0.998710
0.998710
0.998710
0.998710
0.998710
0.998710
0.998710
0.998710
0.998710
0.998710
0.998710
0.998711
0.998711
0.998711
0.998711
0.998711
0.998711
0.998711
0.998711
0.998711
0.998711
0.998711
0.998711
0.998711
0.998711
0.998711
0.998711
0.998711
0.998711
0.998711
0.998711
0.998711
0.998711
0.998711
0.998711
0.998711
0.998711
0.998711
0.998711
0.998711
0.998711
0.998711
0.998711
0.998711
0.998711
0.998711
0.998711
0.998711
0.998711
0.998711
0.998711
0.998711
0.998711
0.998711
0.998711
0.998711
0.998711
0.998711
0.998711
0.998711
0.998711
0.998711
0.998711
0.998711
0.998711
0.998711
0.998711
0.998711
0.998711
0.998711
0.998711
0.998711
0.998711
0.998711
0.998711
0.998711
0.998711
0.998711
0.998711
0.998711
0.998711
0.998711
0.998711
0.998711
0.998711
0.998711
0.998711
0.998711
0.998711
0.998711
0.998711
0.998711
0.998711
0.998711
0.998711
0.998711
0.998711
0.998711
0.998711
0.998711
0.998711
0.998711
0.998711
0.998711
0.998711
0.998711
0.998711
0.998711
0.998711
0.998711
0.998711
0.998711
0.998711
0.998711
0.998711
0.998711
0.998711
0.998711
0.998711
0.998711
0.998711
0.998711
0.998711
0.998711
0.998711
0.998711
0.998711
0.998711
0.998711
0.998711
0.998711
0.998711
0.998711
0.998711
0.998711
0.998711
0.998711
0.998711
0.998711
0.998711
0.998711
0.998711
0.998711
0.998711
0.998711
0.998711
0.998711
0.998711
0.998711
0.998711
0.998711
0.998711
0.998711
0.998711
0.998711
0.998711
0.998711
0.998711
0.998711
0.998711
0.998711
0.998711
0.998711
0.998711
0.998711
0.998711
0.998711
0.998711
0.998711
0.998711
0.998711
0.998711
0.998711
0.998711
0.998711
0.998711
0.998711
0.998711
0.998711
0.998711
0.998711
0.998711
0.998711
0.998711
0.998711
0.998711
0.998711
0.998711
0.998711
0.998711
0.998711
0.998711
0.998711
0.998711
0.998711
0.998711
0.998711
0.998711
0.998711
0.998711
0.998711
