0.015393
0.032746
0.050656
0.069424
0.089491
0.111459
0.136496
0.167083
0.205797
0.248765
0.276219
0.286341
0.284329
0.280572
0.280173
0.281853
0.283825
0.285797
0.287764
0.289725
0.291681
0.293631
0.295575
0.297514
0.299448
0.301377
0.303301
0.305219
0.307133
0.309042
0.310945
0.312844
0.314739
0.316629
0.318514
0.320395
0.322271
0.324143
0.326010
0.327910
0.329607
0.331305
0.333001
0.334693
0.336382
0.338068
0.339750
0.341430
0.343106
0.344779
0.346449
0.348116
0.349779
0.351440
0.353098
0.354753
0.356405
0.358054
0.359701
0.361344
0.362985
0.364623
0.366259
0.367891
0.369522
0.371149
0.372774
0.374397
0.376017
0.377634
0.379250
0.380863
0.382473
0.384081
0.385687
0.387291
0.388892
0.390492
0.392089
0.393684
0.395277
0.396868
0.398458
0.400045
0.401630
0.403213
0.404795
0.406375
0.407953
0.409529
0.411103
0.412676
0.414247
0.415817
0.417385
0.418952
0.420517
0.422080
0.423642
0.425203
0.426763
0.428321
0.429878
0.431433
0.432987
0.434541
0.436093
0.437644
0.439193
0.440742
0.442290
0.443837
0.445382
0.446927
0.448471
0.450015
0.451557
0.453098
0.454639
0.456179
0.457718
0.459257
0.460795
0.462333
0.463869
0.465406
0.466941
0.468477
0.470011
0.471546
0.473080
0.474613
0.476146
0.477679
0.479212
0.480744
0.482276
0.483808
0.485339
0.486871
0.488402
0.489933
0.491464
0.492995
0.494526
0.496057
0.497588
0.499118
0.500649
0.502180
0.503711
0.505242
0.506773
0.508305
0.509836
0.511368
0.512900
0.514432
0.515964
0.517496
0.519029
0.520562
0.522095
0.523629
0.525162
0.526697
0.528231
0.529766
0.531301
0.532837
0.534373
0.535909
0.537446
0.538983
0.540520
0.542058
0.543597
0.545136
0.546675
0.548215
0.549755
0.551296
0.552837
0.554379
0.555921
0.557464
0.559007
0.560550
0.562095
0.563639
0.565184
0.566730
0.568276
0.569823
0.571370
0.572918
0.574466
0.576014
0.577564
0.579113
0.580663
0.582214
0.583765
0.585316
0.586868
0.588421
0.589974
0.591527
0.593081
0.594635
0.596189
0.597744
0.599300
0.600855
0.602411
0.603968
0.605524
0.607082
0.608639
0.610197
0.611755
0.613313
0.614872
0.616430
0.617989
0.619549
0.621108
0.622667
0.624227
0.625787
0.627347
0.628907
0.630467
0.632027
0.633588
0.635148
0.636708
0.638268
0.639829
0.641389
0.642949
0.644509
0.646068
0.647628
0.649187
0.650746
0.652305
0.653864
0.655422
0.656980
0.658538
0.660095
0.661652
0.663208
0.664764
0.666319
0.667874
0.669428
0.670982
0.672535
0.674088
0.675639
0.677190
0.678741
0.680290
0.681839
0.683387
0.684933
0.686480
0.688025
0.689569
0.691112
0.692654
0.694195
0.695735
0.697273
0.698811
0.700347
0.701882
0.703416
0.704948
0.706479
0.708009
0.709537
0.711064
0.712589
0.714112
0.715634
0.717155
0.718673
0.720190
0.721706
0.723219
0.724731
0.726240
0.727748
0.729254
0.730758
0.732260
0.733760
0.735258
0.736754
0.738247
0.739738
0.741227
0.742714
0.744199
0.745681
0.747160
0.748638
0.750112
0.751584
0.753054
0.754521
0.755986
0.757447
0.758906
0.760363
0.761816
0.763267
0.764714
0.766159
0.767601
0.769040
0.770476
0.771909
0.773338
0.774765
0.776188
0.777608
0.779025
0.780439
0.781849
0.783256
0.784659
0.786059
0.787456
0.788849
0.790238
0.791624
0.793007
0.794385
0.795760
0.797131
0.798499
0.799862
0.801222
0.802578
0.803930
0.805278
0.806622
0.807962
0.809298
0.810630
0.811957
0.813281
0.814600
0.815916
0.817227
0.818533
0.819836
0.821134
0.822427
0.823717
0.825002
0.826282
0.827558
0.828829
0.830096
0.831359
0.832616
0.833869
0.835118
0.836361
0.837600
0.838835
0.840064
0.841289
0.842509
0.843724
0.844934
0.846139
0.847340
0.848535
0.849726
0.850911
0.852092
0.853267
0.854438
0.855603
0.856763
0.857918
0.859068
0.860213
0.861353
0.862487
0.863616
0.864741
0.865859
0.866973
0.868081
0.869184
0.870282
0.871374
0.872461
0.873543
0.874619
0.875690
0.876755
0.877815
0.878870
0.879919
0.880963
0.882001
0.883034
0.884061
0.885083
0.886099
0.887110
0.888115
0.889115
0.890109
0.891098
0.892081
0.893058
0.894030
0.894997
0.895957
0.896913
0.897862
0.898806
0.899745
0.900677
0.901605
0.902526
0.903442
0.904353
0.905257
0.906157
0.907050
0.907938
0.908820
0.909697
0.910568
0.911434
0.912294
0.913148
0.913996
0.914840
0.915677
0.916509
0.917335
0.918156
0.918971
0.919780
0.920584
0.921383
0.922176
0.922963
0.923745
0.924521
0.925291
0.926057
0.926816
0.927570
0.928319
0.929062
0.929800
0.930532
0.931259
0.931980
0.932696
0.933406
0.934111
0.934811
0.935505
0.936194
0.936878
0.937556
0.938229
0.938896
0.939559
0.940216
0.940867
0.941514
0.942155
0.942791
0.943422
0.944047
0.944668
0.945283
0.945893
0.946498
0.947098
0.947693
0.948282
0.948867
0.949447
0.950021
0.950591
0.951155
0.951715
0.952270
0.952820
0.953365
0.953905
0.954440
0.954970
0.955496
0.956017
0.956533
0.957044
0.957550
0.958052
0.958549
0.959042
0.959530
0.960013
0.960491
0.960965
0.961435
0.961900
0.962361
0.962817
0.963268
0.963715
0.964158
0.964596
0.965030
0.965460
0.965886
0.966307
0.966724
0.967136
0.967545
0.967949
0.968349
0.968745
0.969137
0.969525
0.969908
0.970288
0.970664
0.971035
0.971403
0.971767
0.972127
0.972483
0.972835
0.973184
0.973528
0.973869
0.974206
0.974540
0.974869
0.975195
0.975518
0.975836
0.976152
0.976463
0.976771
0.977076
0.977377
0.977675
0.977969
0.978260
0.978547
0.978831
0.979112
0.979390
0.979664
0.979935
0.980203
0.980467
0.980728
0.980987
0.981242
0.981494
0.981743
0.981989
0.982232
0.982472
0.982709
0.982943
0.983174
0.983402
0.983628
0.983850
0.984070
0.984287
0.984501
0.984713
0.984922
0.985128
0.985331
0.985532
0.985730
0.985926
0.986119
0.986310
