0.399265
0.529022
0.604384
0.655413
0.693041
0.722433
0.746355
0.766398
0.783527
0.798382
0.811437
0.823040
0.833450
0.842863
0.851450
0.859354
0.866690
0.873542
0.880024
0.886280
0.892493
0.898958
0.906368
0.912726
0.914376
0.914611
0.914766
0.914901
0.915019
0.915121
0.915210
0.915286
0.915352
0.915408
0.915455
0.915496
0.915530
0.915559
0.915584
0.915605
0.915622
0.915636
0.915647
0.915657
0.915665
0.915671
0.915677
0.915681
0.915684
0.915687
0.915690
0.915691
0.915693
0.915694
0.915695
0.915696
0.915696
0.915697
0.915697
0.915698
0.915698
0.915698
0.915698
0.915698
0.915698
0.915698
0.915698
0.915698
0.915698
0.915699
0.915699
0.915699
0.915699
0.915699
0.915699
0.915699
0.915699
0.915699
0.915699
0.915699
0.915699
0.915699
0.915699
0.915699
0.915699
0.915699
0.915699
0.915699
0.915699
0.915699
0.915699
0.915699
0.915699
0.915699
0.915699
0.915699
0.915699
0.915699
0.915699
0.915699
0.915699
0.915699
0.915699
0.915699
0.915699
0.915699
0.915699
0.915699
0.915699
0.915699
0.915699
0.915699
0.915699
0.915699
0.915699
0.915699
0.915699
0.915699
0.915699
0.915699
0.915699
0.915699
0.915699
0.915699
0.915699
0.915699
0.915699
0.915699
0.915699
0.915699
0.915699
0.915699
0.915699
0.915699
0.915699
0.915699
0.915699
0.915699
0.915699
0.915699
0.915699
0.915699
0.915699
0.915699
0.915699
0.915699
0.915699
0.915699
0.915699
0.915699
0.915699
0.915699
0.915699
0.915699
0.915699
0.915699
0.915699
0.915699
0.915699
0.915699
0.915699
0.915699
0.915699
0.915699
0.915699
0.915699
0.915699
0.915699
0.915699
0.915699
0.915699
0.915699
0.915699
0.915699
0.915699
0.915699
0.915699
0.915699
0.915699
0.915699
0.915699
0.915699
0.915699
0.915699
0.915699
0.915699
0.915699
0.915699
0.915699
0.915699
0.915699
0.915699
0.915699
0.915699
0.915699
0.915699
0.915699
0.915699
0.915699
0.915699
0.915699
0.915699
0.915699
0.915699
0.915699
0.915699
0.915699
0.915699
0.915699
0.915699
0.915699
0.915699
0.915699
0.915699
0.915699
0.915699
0.915699
0.915699
0.915699
0.915699
0.915699
0.915699
0.915699
0.915699
0.915699
0.915699
0.915699
0.915699
0.915699
0.915699
0.915699
0.915699
0.915699
0.915699
0.915699
0.915699
0.915699
0.915699
0.915699
0.915699
0.915699
0.915699
0.915699
0.915699
0.915699
0.915699
0.915699
0.915699
0.915699
0.915699
0.915699
0.915699
0.915699
0.915699
0.915699
0.915699
0.915699
0.915699
0.915699
0.915699
0.915699
0.915699
0.915699
0.915699
0.915699
0.915699
0.915699
0.915699
0.915699
0.915699
0.915699
0.915699
0.915699
0.915699
0.915699
0.915699
0.915699
0.915699
0.915699
0.915699
0.915699
0.915699
0.915699
0.915699
0.915699
0.915699
0.915699
0.915699
0.915699
0.915699
0.915699
0.915699
0.915699
0.915699
0.915699
0.915699
0.915699
0.915699
0.915699
0.915699
0.915699
0.915699
0.915699
0.915699
0.915699
0.915699
0.915699
0.915699
0.915699
0.915699
0.915699
0.915699
0.915699
0.915699
0.915699
0.915699
0.915699
0.915699
0.915699
0.915699
0.915699
0.915699
0.915699
0.915699
0.915699
0.915699
0.915699
0.915699
0.915699
0.915699
0.915699
0.915699
0.915699
0.915699
0.915699
0.915699
0.915699
0.915699
0.915699
0.915699
0.915699
0.915699
0.915699
0.915699
0.915699
0.915699
0.915699
0.915699
0.915699
0.915699
0.915699
0.915699
0.915699
0.915699
0.915699
0.915699
0.915699
0.915699
0.915699
0.915699
0.915699
0.915699
0.915699
0.915699
0.915699
0.915699
0.915699
0.915699
0.915699
0.915699
0.915699
0.915699
0.915699
0.915699
0.915699
0.915699
0.915699
0.915699
0.915699
0.915699
0.915699
0.915699
0.915699
0.915699
0.915699
0.915699
0.915699
0.915699
0.915699
0.915699
0.915699
0.915699
0.915699
0.915699
0.915699
0.915699
0.915699
0.915699
0.915699
0.915699
0.915699
0.915699
0.915699
0.915699
0.915699
0.915699
0.915699
0.915699
0.915699
0.915699
0.915699
0.915699
0.915699
0.915699
0.915699
0.915699
0.915699
0.915699
0.915699
0.915699
0.915699
0.915699
0.915699
0.915699
0.915699
0.915699
0.915699
0.915699
0.915699
0.915699
0.915699
0.915699
0.915699
0.915699
0.915699
0.915699
0.915699
0.915699
0.915699
0.915699
0.915699
0.915699
0.915699
0.915699
0.915699
0.915699
0.915699
0.915699
0.915699
0.915699
0.915699
0.915699
0.915699
0.915699
0.915699
0.915699
0.915699
0.915699
0.915699
0.915699
0.915699
0.915699
0.915699
0.915699
0.915699
0.915699
0.915699
0.915699
0.915699
0.915699
0.915699
0.915699
0.915699
0.915699
0.915699
0.915699
0.915699
0.915699
0.915699
0.915699
0.915699
0.915699
0.915699
0.915699
0.915699
0.915699
0.915699
0.915699
0.915699
0.915699
0.915699
0.915699
0.915699
0.915699
0.915699
0.915699
0.915699
0.915699
0.915699
0.915699
0.915699
0.915699
0.915699
0.915699
0.915699
0.915699
0.915699
0.915699
0.915699
0.915699
0.915699
0.915699
0.915699
0.915699
0.915699
0.915699
0.915699
0.915699
0.915699
0.915699
0.915699
0.915699
0.915699
0.915699
0.915699
0.915699
0.915699
0.915699
0.915699
0.915699
0.915699
0.915699
0.915699
0.915699
0.915699
0.915699
0.915699
0.915699
0.915699
0.915699
0.915699
0.915699
0.915699
0.915699
0.915699
0.915699
0.915699
0.915699
0.915699
0.915699
0.915699
0.915699
0.915699
0.915699
0.915699
0.915699
0.915699
0.915699
0.915699
0.915699
0.915699
0.915699
0.915699
0.915699
0.915699
0.915699
0.915699
0.915699
0.915699
0.915699
0.915699
0.915699
0.915699
0.915699
0.915699
0.915699
0.915699
0.915699
0.915699
0.915699
0.915699
0.915699
0.915699
0.915699
0.915699
0.915699
0.915699
0.915699
0.915699
0.915699
0.915699
0.915699
0.915699
0.915699
0.915699
0.915699
0.915699
0.915699
0.915699
0.915699
