0.009958
0.021324
0.033520
0.048621
0.055992
0.063025
0.070732
0.079250
0.088742
0.099394
0.111450
0.125241
0.141214
0.159979
0.182405
0.209902
0.244329
0.285883
0.326243
0.341700
0.318427
0.292331
0.287436
0.289198
0.291331
0.293474
0.295623
0.297777
0.299935
0.302099
0.304267
0.306439
0.308617
0.310799
0.312986
0.315178
0.317375
0.319577
0.321784
0.324028
0.326053
0.328104
0.330163
0.332229
0.334303
0.336384
0.338473
0.340569
0.342674
0.344786
0.346907
0.349036
0.351173
0.353319
0.355473
0.357636
0.359808
0.361989
0.364179
0.366378
0.368586
0.370803
0.373030
0.375267
0.377513
0.379768
0.382034
0.384309
0.386594
0.388888
0.391193
0.393508
0.395832
0.398167
0.400512
0.402866
0.405231
0.407606
0.409991
0.412386
0.414791
0.417207
0.419632
0.422067
0.424512
0.426968
0.429433
0.431908
0.434393
0.436887
0.439391
0.441905
0.444428
0.446961
0.449503
0.452055
0.454615
0.457185
0.459763
0.462351
0.464947
0.467552
0.470165
0.472786
0.475416
0.478054
0.480699
0.483353
0.486014
0.488682
0.491358
0.494041
0.496731
0.499427
0.502130
0.504839
0.507555
0.510277
0.513004
0.515737
0.518475
0.521219
0.523968
0.526721
0.529479
0.532241
0.535007
0.537778
0.540552
0.543329
0.546110
0.548893
0.551680
0.554468
0.557260
0.560053
0.562848
0.565645
0.568443
0.571242
0.574042
0.576842
0.579643
0.582444
0.585246
0.588046
0.590846
0.593646
0.596444
0.599241
0.602036
0.604829
0.607621
0.610410
0.613197
0.615981
0.618762
0.621539
0.624314
0.627084
0.629851
0.632613
0.635371
0.638125
0.640873
0.643617
0.646355
0.649087
0.651814
0.654535
0.657250
0.659959
0.662661
0.665356
0.668044
0.670725
0.673398
0.676064
0.678722
0.681372
0.684014
0.686647
0.689272
0.691889
0.694496
0.697094
0.699683
0.702263
0.704832
0.707393
0.709943
0.712483
0.715013
0.717532
0.720041
0.722539
0.725027
0.727503
0.729969
0.732423
0.734866
0.737297
0.739716
0.742124
0.744520
0.746904
0.749276
0.751636
0.753984
0.756319
0.758641
0.760951
0.763249
0.765533
0.767805
0.770064
0.772309
0.774542
0.776762
0.778968
0.781161
0.783340
0.785506
0.787659
0.789798
0.791923
0.794035
0.796133
0.798218
0.800288
0.802345
0.804388
0.806417
0.808432
0.810433
0.812420
0.814393
0.816352
0.818297
0.820228
0.822145
0.824048
0.825937
0.827811
0.829672
0.831518
0.833351
0.835169
0.836973
0.838763
0.840539
0.842301
0.844049
0.845783
0.847502
0.849208
0.850900
0.852578
0.854242
0.855892
0.857528
0.859150
0.860759
0.862353
0.863934
0.865501
0.867055
0.868595
0.870121
0.871634
0.873133
0.874619
0.876091
0.877550
0.878996
0.880429
0.881848
0.883254
0.884647
0.886027
0.887394
0.888748
0.890089
0.891417
0.892732
0.894035
0.895325
0.896603
0.897868
0.899121
0.900361
0.901589
0.902804
0.904008
0.905199
0.906379
0.907546
0.908702
0.909845
0.910977
0.912097
0.913206
0.914303
0.915388
0.916462
0.917525
0.918577
0.919617
0.920647
0.921665
0.922672
0.923669
0.924654
0.925629
0.926594
0.927547
0.928491
0.929424
0.930346
0.931258
0.932160
0.933052
0.933934
0.934806
0.935669
0.936521
0.937364
0.938197
0.939020
0.939834
0.940639
0.941434
0.942220
0.942997
0.943765
0.944524
0.945274
0.946015
0.946747
0.947471
0.948186
0.948892
0.949590
0.950280
0.950961
0.951634
0.952299
0.952956
0.953605
0.954246
0.954879
0.955504
0.956121
0.956731
0.957334
0.957928
0.958516
0.959096
0.959669
0.960234
0.960793
0.961344
0.961888
0.962426
0.962956
0.963480
0.963997
0.964508
0.965012
0.965509
0.966000
0.966485
0.966963
0.967435
0.967901
0.968361
0.968814
0.969262
0.969704
0.970140
0.970570
0.970995
0.971413
0.971827
0.972234
0.972637
0.973033
0.973425
0.973811
0.974192
0.974568
0.974939
0.975304
0.975665
0.976020
0.976371
0.976717
0.977058
0.977395
0.977727
0.978054
0.978377
0.978695
0.979008
0.979318
0.979623
0.979923
0.980220
0.980512
0.980800
0.981084
0.981364
0.981640
0.981912
0.982181
0.982445
0.982706
0.982962
0.983215
0.983465
0.983711
0.983953
0.984192
0.984427
0.984659
0.984888
0.985113
0.985334
0.985553
0.985768
0.985981
0.986190
0.986396
0.986598
0.986798
0.986995
0.987189
0.987380
0.987568
0.987754
0.987936
0.988116
0.988293
0.988468
0.988640
0.988809
0.988975
0.989139
0.989301
0.989460
0.989617
0.989771
0.989923
0.990073
0.990220
0.990365
0.990508
0.990648
0.990787
0.990923
0.991057
0.991189
0.991319
0.991447
0.991573
0.991697
0.991818
0.991939
0.992057
0.992173
0.992287
0.992400
0.992511
0.992620
0.992727
0.992833
0.992937
0.993039
0.993140
0.993239
0.993336
0.993432
0.993526
0.993619
0.993710
0.993800
0.993888
0.993975
0.994061
0.994145
0.994227
0.994309
0.994389
0.994467
0.994545
0.994621
0.994696
0.994769
0.994842
0.994913
0.994983
0.995052
0.995120
0.995186
0.995252
0.995316
0.995379
0.995441
0.995503
0.995563
0.995622
0.995680
0.995737
0.995793
0.995848
0.995903
0.995956
0.996009
0.996060
0.996111
0.996161
0.996209
0.996258
0.996305
0.996351
0.996397
0.996442
0.996486
0.996529
0.996572
0.996614
0.996655
0.996695
0.996735
0.996774
0.996812
0.996850
0.996887
0.996923
0.996959
0.996994
0.997028
0.997062
0.997095
0.997128
0.997160
0.997192
0.997222
0.997253
0.997283
0.997312
0.997341
0.997369
0.997397
0.997424
0.997451
0.997477
0.997503
0.997528
0.997553
0.997577
0.997601
0.997625
0.997648
0.997671
0.997693
0.997715
0.997736
0.997758
0.997778
0.997799
0.997819
0.997838
0.997857
0.997876
0.997895
0.997913
0.997931
0.997948
0.997965
0.997982
0.997999
0.998015
0.998031
0.998046
0.998062
0.998077
0.998092
0.998106
0.998120
0.998134
0.998148
0.998161
0.998175
0.998187
0.998200
0.998213
0.998225
0.998237
0.998248
