0.015353
0.032663
0.050533
0.069266
0.089302
0.111204
0.135721
0.163912
0.198013
0.240511
0.279905
0.306368
0.305561
0.289495
0.281221
0.281719
0.283691
0.285694
0.287693
0.289689
0.291682
0.293672
0.295659
0.297642
0.299622
0.301600
0.303575
0.305546
0.307516
0.309483
0.311447
0.313409
0.315369
0.317327
0.319283
0.321237
0.323190
0.325141
0.327090
0.329068
0.330837
0.332618
0.334401
0.336183
0.337966
0.339748
0.341530
0.343313
0.345095
0.346878
0.348661
0.350444
0.352228
0.354012
0.355797
0.357583
0.359370
0.361157
0.362945
0.364734
0.366525
0.368316
0.370109
0.371903
0.373699
0.375496
0.377294
0.379094
0.380896
0.382700
0.384505
0.386313
0.388122
0.389933
0.391747
0.393563
0.395381
0.397201
0.399024
0.400849
0.402676
0.404507
0.406340
0.408175
0.410014
0.411855
0.413699
0.415546
0.417396
0.419249
0.421105
0.422964
0.424827
0.426692
0.428561
0.430434
0.432309
0.434189
0.436071
0.437957
0.439847
0.441740
0.443637
0.445537
0.447441
0.449349
0.451261
0.453176
0.455095
0.457018
0.458945
0.460875
0.462810
0.464748
0.466690
0.468636
0.470586
0.472540
0.474498
0.476460
0.478426
0.480395
0.482369
0.484346
0.486328
0.488314
0.490303
0.492296
0.494293
0.496295
0.498300
0.500309
0.502321
0.504338
0.506358
0.508382
0.510410
0.512442
0.514477
0.516517
0.518559
0.520606
0.522656
0.524709
0.526766
0.528826
0.530890
0.532957
0.535028
0.537102
0.539179
0.541259
0.543342
0.545429
0.547518
0.549611
0.551706
0.553804
0.555905
0.558009
0.560115
0.562224
0.564336
0.566450
0.568566
0.570685
0.572806
0.574929
0.577054
0.579181
0.581310
0.583441
0.585574
0.587708
0.589845
0.591982
0.594121
0.596262
0.598403
0.600546
0.602690
0.604835
0.606981
0.609128
0.611275
0.613423
0.615572
0.617721
0.619870
0.622020
0.624170
0.626320
0.628470
0.630619
0.632769
0.634918
0.637067
0.639215
0.641363
0.643509
0.645655
0.647800
0.649944
0.652087
0.654229
0.656369
0.658508
0.660645
0.662780
0.664914
0.667046
0.669176
0.671303
0.673429
0.675552
0.677673
0.679791
0.681907
0.684020
0.686130
0.688237
0.690341
0.692442
0.694540
0.696634
0.698725
0.700812
0.702896
0.704976
0.707052
0.709124
0.711192
0.713256
0.715315
0.717370
0.719421
0.721467
0.723508
0.725545
0.727577
0.729604
0.731625
0.733642
0.735653
0.737659
0.739660
0.741655
0.743644
0.745627
0.747605
0.749577
0.751543
0.753503
0.755457
0.757404
0.759345
0.761280
0.763208
0.765130
0.767044
0.768953
0.770854
0.772748
0.774636
0.776516
0.778390
0.780256
0.782114
0.783966
0.785810
0.787646
0.789475
0.791296
0.793110
0.794916
0.796714
0.798504
0.800286
0.802060
0.803826
0.805584
0.807334
0.809075
0.810808
0.812533
0.814249
0.815957
0.817656
0.819347
0.821029
0.822703
0.824368
0.826024
0.827671
0.829309
0.830939
0.832559
0.834171
0.835773
0.837367
0.838951
0.840527
0.842093
0.843650
0.845198
0.846737
0.848266
0.849786
0.851297
0.852798
0.854291
0.855773
0.857247
0.858711
0.860165
0.861610
0.863046
0.864472
0.865888
0.867295
0.868693
0.870081
0.871459
0.872828
0.874188
0.875537
0.876878
0.878208
0.879529
0.880841
0.882143
0.883435
0.884718
0.885991
0.887255
0.888509
0.889753
0.890988
0.892214
0.893430
0.894636
0.895833
0.897020
0.898198
0.899366
0.900525
0.901675
0.902815
0.903945
0.905067
0.906178
0.907281
0.908374
0.909458
0.910533
0.911598
0.912654
0.913701
0.914738
0.915767
0.916786
0.917796
0.918797
0.919789
0.920773
0.921747
0.922712
0.923668
0.924615
0.925553
0.926483
0.927404
0.928316
0.929219
0.930113
0.930999
0.931877
0.932745
0.933605
0.934457
0.935300
0.936135
0.936962
0.937780
0.938589
0.939391
0.940184
0.940969
0.941746
0.942515
0.943276
0.944029
0.944774
0.945511
0.946240
0.946961
0.947675
0.948381
0.949079
0.949769
0.950452
0.951128
0.951796
0.952456
0.953109
0.953755
0.954394
0.955025
0.955649
0.956266
0.956876
0.957479
0.958075
0.958663
0.959245
0.959821
0.960389
0.960951
0.961505
0.962054
0.962596
0.963131
0.963659
0.964182
0.964698
0.965207
0.965710
0.966207
0.966698
0.967183
0.967662
0.968134
0.968601
0.969062
0.969517
0.969966
0.970409
0.970847
0.971279
0.971705
0.972126
0.972541
0.972951
0.973355
0.973755
0.974148
0.974537
0.974920
0.975298
0.975671
0.976039
0.976402
0.976760
0.977113
0.977461
0.977805
0.978143
0.978477
0.978807
0.979131
0.979451
0.979767
0.980078
0.980385
0.980687
0.980985
0.981279
0.981568
0.981853
0.982135
0.982412
0.982684
0.982953
0.983218
0.983479
0.983737
0.983990
0.984240
0.984485
0.984727
0.984966
0.985201
0.985432
0.985660
0.985884
0.986105
0.986322
0.986536
0.986747
0.986954
0.987159
0.987360
0.987557
0.987752
0.987944
0.988132
0.988318
0.988501
0.988680
0.988857
0.989031
0.989202
0.989371
0.989536
0.989699
0.989859
0.990017
0.990172
0.990324
0.990474
0.990622
0.990766
0.990909
0.991049
0.991187
0.991322
0.991455
0.991586
0.991715
0.991841
0.991965
0.992088
0.992208
0.992325
0.992441
0.992555
0.992667
0.992777
0.992885
0.992991
0.993095
0.993197
0.993298
0.993396
0.993493
0.993589
0.993682
0.993774
0.993864
0.993952
0.994039
0.994125
0.994208
0.994290
0.994371
0.994450
0.994528
0.994604
0.994679
0.994752
0.994824
0.994895
0.994965
0.995033
0.995099
0.995165
0.995229
0.995292
0.995354
0.995414
0.995474
0.995532
0.995589
0.995645
0.995700
0.995754
0.995807
0.995859
0.995910
0.995959
0.996008
0.996056
0.996103
0.996149
0.996194
0.996238
0.996281
0.996323
0.996365
0.996405
0.996445
0.996484
0.996522
0.996560
0.996597
0.996632
0.996668
0.996702
0.996736
0.996769
0.996801
0.996833
0.996864
0.996894
0.996924
0.996953
0.996981
0.997009
0.997036
0.997063
