0.010292
0.021951
0.034125
0.047382
0.063274
0.071643
0.080276
0.089903
0.100715
0.112963
0.126989
0.143255
0.162385
0.185295
0.213519
0.248923
0.290219
0.324601
0.328503
0.303573
0.286401
0.285099
0.287053
0.289128
0.291205
0.293285
0.295366
0.297449
0.299533
0.301619
0.303707
0.305797
0.307888
0.309981
0.312077
0.314174
0.316274
0.318376
0.320481
0.322617
0.324538
0.326480
0.328427
0.330379
0.332335
0.334295
0.336260
0.338230
0.340205
0.342184
0.344169
0.346158
0.348153
0.350154
0.352160
0.354171
0.356188
0.358211
0.360240
0.362276
0.364317
0.366365
0.368418
0.370479
0.372546
0.374620
0.376700
0.378787
0.380882
0.382983
0.385091
0.387206
0.389329
0.391459
0.393596
0.395741
0.397893
0.400053
0.402220
0.404395
0.406578
0.408768
0.410966
0.413172
0.415385
0.417607
0.419836
0.422073
0.424318
0.426570
0.428831
0.431100
0.433376
0.435660
0.437952
0.440252
0.442560
0.444875
0.447198
0.449529
0.451868
0.454214
0.456568
0.458930
0.461298
0.463675
0.466058
0.468449
0.470848
0.473253
0.475666
0.478085
0.480512
0.482945
0.485385
0.487831
0.490285
0.492744
0.495210
0.497683
0.500161
0.502645
0.505136
0.507632
0.510133
0.512641
0.515153
0.517671
0.520194
0.522722
0.525255
0.527792
0.530334
0.532880
0.535431
0.537986
0.540544
0.543106
0.545672
0.548242
0.550814
0.553390
0.555969
0.558550
0.561134
0.563721
0.566310
0.568900
0.571493
0.574087
0.576683
0.579280
0.581879
0.584478
0.587078
0.589679
0.592280
0.594882
0.597483
0.600084
0.602685
0.605286
0.607885
0.610484
0.613082
0.615678
0.618273
0.620866
0.623458
0.626047
0.628634
0.631219
0.633801
0.636380
0.638956
0.641529
0.644099
0.646665
0.649228
0.651786
0.654341
0.656891
0.659437
0.661978
0.664514
0.667046
0.669572
0.672093
0.674608
0.677118
0.679622
0.682119
0.684611
0.687096
0.689575
0.692047
0.694512
0.696971
0.699422
0.701866
0.704302
0.706731
0.709152
0.711565
0.713970
0.716367
0.718755
0.721136
0.723507
0.725870
0.728224
0.730569
0.732905
0.735231
0.737548
0.739856
0.742154
0.744443
0.746721
0.748990
0.751248
0.753497
0.755735
0.757963
0.760180
0.762387
0.764583
0.766768
0.768942
0.771106
0.773258
0.775400
0.777530
0.779649
0.781756
0.783853
0.785937
0.788010
0.790072
0.792122
0.794160
0.796186
0.798200
0.800203
0.802193
0.804171
0.806138
0.808092
0.810034
0.811964
0.813881
0.815786
0.817679
0.819560
0.821428
0.823284
0.825127
0.826958
0.828776
0.830582
0.832375
0.834155
0.835923
0.837679
0.839422
0.841152
0.842870
0.844575
0.846267
0.847947
0.849614
0.851268
0.852910
0.854539
0.856156
0.857760
0.859351
0.860930
0.862496
0.864049
0.865590
0.867119
0.868635
0.870138
0.871629
0.873108
0.874574
0.876028
0.877469
0.878898
0.880315
0.881719
0.883112
0.884492
0.885859
0.887215
0.888559
0.889890
0.891210
0.892517
0.893813
0.895096
0.896368
0.897628
0.898876
0.900113
0.901338
0.902551
0.903753
0.904943
0.906122
0.907289
0.908445
0.909589
0.910723
0.911845
0.912956
0.914056
0.915145
0.916223
0.917290
0.918346
0.919391
0.920426
0.921450
0.922463
0.923466
0.924459
0.925441
0.926412
0.927373
0.928325
0.929266
0.930196
0.931117
0.932028
0.932929
0.933820
0.934701
0.935573
0.936435
0.937288
0.938131
0.938964
0.939788
0.940603
0.941409
0.942205
0.942993
0.943771
0.944541
0.945301
0.946053
0.946796
0.947531
0.948256
0.948974
0.949682
0.950383
0.951075
0.951759
0.952434
0.953102
0.953761
0.954413
0.955056
0.955692
0.956320
0.956940
0.957553
0.958158
0.958756
0.959346
0.959929
0.960504
0.961072
0.961634
0.962188
0.962735
0.963275
0.963808
0.964334
0.964854
0.965366
0.965873
0.966372
0.966865
0.967352
0.967833
0.968307
0.968774
0.969236
0.969692
0.970141
0.970584
0.971022
0.971454
0.971880
0.972300
0.972714
0.973123
0.973526
0.973924
0.974316
0.974703
0.975085
0.975461
0.975832
0.976198
0.976559
0.976915
0.977266
0.977612
0.977953
0.978289
0.978621
0.978947
0.979270
0.979587
0.979900
0.980209
0.980513
0.980812
0.981108
0.981399
0.981686
0.981969
0.982247
0.982522
0.982792
0.983059
0.983321
0.983580
0.983835
0.984086
0.984333
0.984576
0.984816
0.985053
0.985286
0.985515
0.985741
0.985963
0.986182
0.986398
0.986610
0.986819
0.987025
0.987228
0.987427
0.987624
0.987818
0.988008
0.988196
0.988380
0.988562
0.988741
0.988917
0.989090
0.989261
0.989428
0.989594
0.989756
0.989916
0.990074
0.990228
0.990381
0.990531
0.990678
0.990824
0.990966
0.991107
0.991245
0.991381
0.991515
0.991646
0.991776
0.991903
0.992028
0.992151
0.992272
0.992391
0.992509
0.992624
0.992737
0.992848
0.992958
0.993065
0.993171
0.993275
0.993378
0.993478
0.993577
0.993674
0.993770
0.993864
0.993956
0.994046
0.994136
0.994223
0.994309
0.994394
0.994477
0.994559
0.994639
0.994718
0.994795
0.994872
0.994946
0.995020
0.995092
0.995163
0.995233
0.995301
0.995368
0.995435
0.995499
0.995563
0.995626
0.995687
0.995748
0.995807
0.995865
0.995922
0.995978
0.996033
0.996087
0.996141
0.996193
0.996244
0.996294
0.996344
0.996392
0.996440
0.996486
0.996532
0.996577
0.996621
0.996664
0.996707
0.996749
0.996790
0.996830
0.996869
0.996908
0.996946
0.996983
0.997020
0.997056
0.997091
0.997125
0.997159
0.997192
0.997225
0.997257
0.997288
0.997319
0.997349
0.997379
0.997408
0.997436
0.997464
0.997491
0.997518
0.997544
0.997570
0.997595
0.997620
0.997645
0.997668
0.997692
0.997715
0.997737
0.997759
0.997781
0.997802
0.997822
0.997843
0.997863
0.997882
0.997901
0.997920
0.997938
0.997956
0.997974
0.997991
0.998008
0.998025
0.998041
0.998057
0.998073
0.998088
0.998103
0.998117
0.998132
0.998146
0.998160
0.998173
0.998186
0.998199
