0.010093
0.023072
0.031724
0.036685
0.041890
0.047428
0.053372
0.059811
0.066855
0.074635
0.083303
0.093033
0.104059
0.116692
0.131351
0.148573
0.169124
0.194226
0.225855
0.267322
0.324370
0.407889
0.523476
0.586642
0.562229
0.555443
0.559798
0.564818
0.569971
0.575235
0.580592
0.586030
0.591539
0.597111
0.602738
0.608414
0.614134
0.619892
0.625685
0.631707
0.637440
0.643209
0.649002
0.654816
0.660645
0.666486
0.672335
0.678187
0.684039
0.689887
0.695728
0.701558
0.707374
0.713172
0.718949
0.724701
0.730426
0.736120
0.741780
0.747403
0.752987
0.758529
0.764025
0.769473
0.774872
0.780217
0.785508
0.790741
0.795915
0.801027
0.806076
0.811060
0.815977
0.820826
0.825604
0.830312
0.834946
0.839507
0.843993
0.848404
0.852737
0.856993
0.861171
0.865271
0.869291
0.873232
0.877093
0.880874
0.884576
0.888197
0.891738
0.895200
0.898582
0.901885
0.905109
0.908255
0.911323
0.914313
0.917228
0.920066
0.922830
0.925519
0.928135
0.930679
0.933151
0.935552
0.937885
0.940149
0.942345
0.944476
0.946541
0.948543
0.950482
0.952360
0.954178
0.955937
0.957638
0.959283
0.960872
0.962408
0.963891
0.965323
0.966705
0.968039
0.969324
0.970564
0.971758
0.972909
0.974017
0.975084
0.976110
0.977098
0.978048
0.978961
0.979838
0.980682
0.981491
0.982269
0.983015
0.983731
0.984418
0.985077
0.985709
0.986314
0.986894
0.987450
0.987981
0.988491
0.988978
0.989444
0.989890
0.990317
0.990724
0.991114
0.991486
0.991842
0.992182
0.992506
0.992815
0.993111
0.993392
0.993661
0.993917
0.994162
0.994395
0.994616
0.994828
0.995029
0.995221
0.995404
0.995577
0.995743
0.995900
0.996050
0.996192
0.996328
0.996457
0.996579
0.996695
0.996806
0.996911
0.997011
0.997105
0.997195
0.997281
0.997362
0.997439
0.997512
0.997581
0.997647
0.997709
0.997768
0.997824
0.997878
0.997928
0.997976
0.998021
0.998064
0.998104
0.998143
0.998179
0.998214
0.998247
0.998278
0.998307
0.998335
0.998361
0.998386
0.998409
0.998431
0.998452
0.998472
0.998491
0.998509
0.998526
0.998542
0.998557
0.998571
0.998585
0.998597
0.998609
0.998621
0.998632
0.998642
0.998651
0.998660
0.998669
0.998677
0.998685
0.998692
0.998699
0.998705
0.998711
0.998717
0.998723
0.998728
0.998733
0.998737
0.998742
0.998746
0.998749
0.998753
0.998757
0.998760
0.998763
0.998766
0.998769
0.998771
0.998774
0.998776
0.998778
0.998780
0.998782
0.998784
0.998786
0.998787
0.998789
0.998790
0.998791
0.998793
0.998794
0.998795
0.998796
0.998797
0.998798
0.998799
0.998800
0.998801
0.998802
0.998802
0.998803
0.998804
0.998804
0.998805
0.998805
0.998806
0.998806
0.998807
0.998807
0.998808
0.998808
0.998808
0.998809
0.998809
0.998809
0.998810
0.998810
0.998810
0.998810
0.998811
0.998811
0.998811
0.998811
0.998811
0.998812
0.998812
0.998812
0.998812
0.998812
0.998812
0.998812
0.998813
0.998813
0.998813
0.998813
0.998813
0.998813
0.998813
0.998813
0.998813
0.998813
0.998813
0.998813
0.998813
0.998814
0.998814
0.998814
0.998814
0.998814
0.998814
0.998814
0.998814
0.998814
0.998814
0.998814
0.998814
0.998814
0.998814
0.998814
0.998814
0.998814
0.998814
0.998814
0.998814
0.998814
0.998814
0.998814
0.998814
0.998814
0.998814
0.998814
0.998814
0.998814
0.998814
0.998814
0.998814
0.998814
0.998814
0.998814
0.998814
0.998814
0.998814
0.998814
0.998814
0.998814
0.998814
0.998814
0.998814
0.998814
0.998814
0.998814
0.998814
0.998814
0.998814
0.998814
0.998814
0.998814
0.998814
0.998814
0.998814
0.998814
0.998814
0.998814
0.998814
0.998814
0.998814
0.998814
0.998814
0.998814
0.998814
0.998814
0.998814
0.998814
0.998814
0.998814
0.998814
0.998814
0.998814
0.998814
0.998814
0.998814
0.998814
0.998814
0.998814
0.998814
0.998814
0.998814
0.998814
0.998814
0.998814
0.998814
0.998814
0.998814
0.998814
0.998814
0.998814
0.998814
0.998814
0.998814
0.998814
0.998814
0.998814
0.998814
0.998814
0.998814
0.998814
0.998814
0.998814
0.998814
0.998814
0.998814
0.998814
0.998814
0.998814
0.998814
0.998814
0.998814
0.998814
0.998814
0.998814
0.998814
0.998814
0.998814
0.998814
0.998814
0.998814
0.998814
0.998814
0.998814
0.998814
0.998814
0.998814
0.998814
0.998814
0.998814
0.998814
0.998814
0.998814
0.998814
0.998814
0.998814
0.998814
0.998814
0.998814
0.998814
0.998814
0.998814
0.998814
0.998814
0.998814
0.998814
0.998814
0.998814
0.998814
0.998814
0.998814
0.998814
0.998814
0.998814
0.998814
0.998814
0.998814
0.998814
0.998814
0.998814
0.998814
0.998814
0.998814
0.998814
0.998814
0.998814
0.998814
0.998814
0.998814
0.998814
0.998814
0.998814
0.998814
0.998814
0.998814
0.998814
0.998814
0.998814
0.998814
0.998814
0.998814
0.998814
0.998814
0.998814
0.998814
0.998814
0.998814
0.998814
0.998814
0.998814
0.998814
0.998814
0.998814
0.998814
0.998814
0.998814
0.998814
0.998814
0.998814
0.998814
0.998814
0.998814
0.998814
0.998814
0.998814
0.998814
0.998814
0.998814
0.998814
0.998814
0.998814
0.998814
0.998814
0.998814
0.998814
0.998814
0.998814
0.998814
0.998814
0.998814
0.998814
0.998814
0.998814
0.998814
0.998814
0.998814
0.998814
0.998814
0.998814
0.998814
0.998814
0.998814
0.998814
0.998814
0.998814
0.998814
0.998814
0.998814
0.998814
0.998814
0.998814
0.998814
0.998814
0.998814
0.998814
0.998814
0.998814
0.998814
0.998814
0.998814
0.998814
0.998814
0.998814
0.998814
0.998814
0.998814
0.998814
0.998814
0.998814
0.998814
0.998814
0.998814
0.998814
0.998814
0.998814
0.998814
0.998814
0.998814
0.998814
0.998814
0.998814
0.998814
0.998814
0.998814
0.998814
0.998814
0.998814
0.998814
0.998814
0.998814
0.998814
0.998814
0.998814
0.998814
0.998814
