0.010009
0.021427
0.033671
0.048839
0.056210
0.063307
0.071084
0.079695
0.089425
0.100869
0.115144
0.133727
0.157605
0.186088
0.216216
0.243582
0.264170
0.276174
0.280793
0.281407
0.281490
0.282621
0.284458
0.286421
0.288383
0.290341
0.292293
0.294239
0.296180
0.298116
0.300047
0.301972
0.303892
0.305807
0.307717
0.309621
0.311521
0.313416
0.315305
0.317236
0.318964
0.320683
0.322398
0.324110
0.325817
0.327520
0.329219
0.330914
0.332605
0.334292
0.335976
0.337655
0.339331
0.341002
0.342670
0.344334
0.345994
0.347650
0.349302
0.350951
0.352596
0.354237
0.355875
0.357508
0.359139
0.360765
0.362388
0.364007
0.365623
0.367235
0.368843
0.370448
0.372050
0.373647
0.375242
0.376833
0.378420
0.380005
0.381585
0.383163
0.384736
0.386307
0.387874
0.389438
0.390999
0.392556
0.394111
0.395661
0.397209
0.398754
0.400295
0.401833
0.403368
0.404900
0.406429
0.407955
0.409477
0.410997
0.412514
0.414027
0.415538
0.417046
0.418550
0.420052
0.421551
0.423047
0.424540
0.426030
0.427518
0.429002
0.430484
0.431963
0.433439
0.434913
0.436383
0.437852
0.439317
0.440780
0.442240
0.443697
0.445152
0.446604
0.448054
0.449501
0.450945
0.452387
0.453826
0.455263
0.456698
0.458130
0.459559
0.460986
0.462411
0.463833
0.465253
0.466671
0.468086
0.469499
0.470909
0.472318
0.473724
0.475127
0.476529
0.477928
0.479325
0.480720
0.482112
0.483503
0.484891
0.486277
0.487661
0.489043
0.490422
0.491800
0.493176
0.494549
0.495921
0.497290
0.498658
0.500023
0.501387
0.502748
0.504108
0.505465
0.506821
0.508174
0.509526
0.510876
0.512224
0.513570
0.514915
0.516257
0.517598
0.518936
0.520273
0.521609
0.522942
0.524273
0.525603
0.526931
0.528258
0.529582
0.530905
0.532226
0.533546
0.534864
0.536180
0.537494
0.538807
0.540118
0.541427
0.542735
0.544041
0.545346
0.546649
0.547950
0.549250
0.550548
0.551845
0.553140
0.554433
0.555725
0.557016
0.558305
0.559592
0.560878
0.562162
0.563445
0.564726
0.566006
0.567285
0.568561
0.569837
0.571111
0.572383
0.573654
0.574924
0.576192
0.577459
0.578724
0.579988
0.581250
0.582511
0.583771
0.585029
0.586286
0.587542
0.588796
0.590048
0.591300
0.592549
0.593798
0.595045
0.596291
0.597535
0.598778
0.600020
0.601260
0.602499
0.603737
0.604973
0.606208
0.607442
0.608674
0.609905
0.611134
0.612362
0.613589
0.614815
0.616039
0.617262
0.618484
0.619704
0.620923
0.622140
0.623357
0.624571
0.625785
0.626997
0.628208
0.629418
0.630626
0.631833
0.633039
0.634243
0.635446
0.636648
0.637848
0.639047
0.640245
0.641441
0.642636
0.643830
0.645022
0.646213
0.647403
0.648591
0.649778
0.650964
0.652148
0.653331
0.654512
0.655693
0.656871
0.658049
0.659225
0.660400
0.661573
0.662745
0.663916
0.665085
0.666253
0.667420
0.668585
0.669748
0.670911
0.672072
0.673231
0.674389
0.675546
0.676701
0.677855
0.679008
0.680159
0.681308
0.682457
0.683603
0.684749
0.685892
0.687035
0.688176
0.689315
0.690453
0.691590
0.692725
0.693858
0.694990
0.696121
0.697250
0.698377
0.699503
0.700628
0.701751
0.702872
0.703992
0.705111
0.706227
0.707343
0.708456
0.709569
0.710679
0.711788
0.712896
0.714001
0.715106
0.716208
0.717309
0.718409
0.719506
0.720603
0.721697
0.722790
0.723881
0.724971
0.726059
0.727145
0.728230
0.729312
0.730394
0.731473
0.732551
0.733627
0.734701
0.735774
0.736845
0.737914
0.738982
0.740047
0.741111
0.742173
0.743234
0.744292
0.745349
0.746404
0.747458
0.748509
0.749559
0.750606
0.751652
0.752696
0.753739
0.754779
0.755817
0.756854
0.757889
0.758922
0.759953
0.760982
0.762009
0.763034
0.764058
0.765079
0.766099
0.767116
0.768132
0.769146
0.770157
0.771167
0.772175
0.773181
0.774184
0.775186
0.776186
0.777184
0.778179
0.779173
0.780165
0.781154
0.782142
0.783127
0.784111
0.785092
0.786071
0.787048
0.788023
0.788996
0.789967
0.790936
0.791902
0.792867
0.793829
0.794789
0.795747
0.796703
0.797657
0.798609
0.799558
0.800505
0.801450
0.802393
0.803333
0.804272
0.805208
0.806142
0.807073
0.808003
0.808930
0.809855
0.810777
0.811698
0.812616
0.813532
0.814445
0.815356
0.816265
0.817172
0.818076
0.818978
0.819878
0.820775
0.821670
0.822563
0.823453
0.824341
0.825227
0.826110
0.826991
0.827869
0.828745
0.829619
0.830490
0.831359
0.832226
0.833090
0.833951
0.834811
0.835667
0.836522
0.837374
0.838223
0.839070
0.839915
0.840757
0.841597
0.842434
0.843269
0.844101
0.844931
0.845758
0.846583
0.847405
0.848225
0.849043
0.849857
0.850670
0.851479
0.852287
0.853092
0.853894
0.854693
0.855491
0.856285
0.857077
0.857867
0.858654
0.859438
0.860220
0.861000
0.861776
0.862551
0.863322
0.864091
0.864858
0.865622
0.866383
0.867142
0.867898
0.868652
0.869403
0.870151
0.870897
0.871640
0.872381
0.873119
0.873854
0.874587
0.875317
0.876044
0.876769
0.877492
0.878211
0.878929
0.879643
0.880355
0.881064
0.881771
0.882475
0.883176
0.883875
0.884571
0.885264
0.885955
0.886643
0.887329
0.888012
0.888692
0.889370
0.890045
0.890717
0.891387
0.892054
0.892719
0.893380
0.894040
0.894696
0.895350
0.896001
0.896650
0.897296
0.897939
0.898580
0.899218
0.899854
0.900487
0.901117
0.901744
0.902369
0.902992
0.903611
0.904228
0.904843
0.905454
0.906064
0.906670
0.907274
0.907875
0.908474
0.909070
0.909663
0.910254
0.910842
0.911428
0.912011
0.912591
0.913169
0.913744
0.914317
0.914887
0.915454
0.916019
0.916581
0.917140
0.917697
0.918252
0.918803
0.919353
0.919899
0.920443
0.920985
0.921524
0.922060
0.922594
0.923125
0.923654
0.924180
0.924703
0.925224
0.925743
0.926259
0.926772
0.927283
0.927791
0.928297
0.928800
0.929301
0.929799
0.930295
0.930788
0.931279
0.931767
