0.009945
0.021297
0.033480
0.048565
0.055934
0.062948
0.070636
0.079134
0.088604
0.099234
0.111267
0.125035
0.140984
0.159712
0.182049
0.209339
0.243672
0.286924
0.334545
0.361050
0.336893
0.300117
0.291562
0.293193
0.295431
0.297686
0.299953
0.302231
0.304519
0.306816
0.309123
0.311440
0.313767
0.316103
0.318448
0.320804
0.323169
0.325545
0.327931
0.330360
0.332568
0.334808
0.337061
0.339327
0.341606
0.343897
0.346202
0.348519
0.350850
0.353194
0.355551
0.357922
0.360306
0.362705
0.365117
0.367543
0.369983
0.372437
0.374905
0.377388
0.379884
0.382396
0.384922
0.387462
0.390016
0.392586
0.395170
0.397768
0.400381
0.403008
0.405650
0.408307
0.410978
0.413663
0.416363
0.419077
0.421805
0.424547
0.427303
0.430074
0.432858
0.435656
0.438467
0.441292
0.444130
0.446982
0.449846
0.452724
0.455614
0.458516
0.461431
0.464357
0.467296
0.470247
0.473208
0.476181
0.479165
0.482160
0.485165
0.488181
0.491206
0.494242
0.497286
0.500340
0.503403
0.506474
0.509553
0.512641
0.515736
0.518838
0.521948
0.525064
0.528186
0.531315
0.534449
0.537589
0.540734
0.543883
0.547037
0.550195
0.553357
0.556521
0.559689
0.562860
0.566032
0.569207
0.572383
0.575560
0.578738
0.581916
0.585095
0.588273
0.591451
0.594627
0.597803
0.600976
0.604148
0.607316
0.610483
0.613646
0.616805
0.619961
0.623112
0.626259
0.629401
0.632538
0.635669
0.638794
0.641913
0.645025
0.648131
0.651229
0.654320
0.657402
0.660477
0.663543
0.666600
0.669648
0.672687
0.675716
0.678735
0.681743
0.684741
0.687729
0.690705
0.693670
0.696623
0.699564
0.702493
0.705410
0.708314
0.711205
0.714083
0.716947
0.719798
0.722636
0.725459
0.728268
0.731063
0.733843
0.736608
0.739359
0.742094
0.744814
0.747518
0.750207
0.752880
0.755537
0.758178
0.760802
0.763410
0.766002
0.768577
0.771135
0.773677
0.776201
0.778708
0.781198
0.783671
0.786126
0.788564
0.790984
0.793387
0.795771
0.798138
0.800488
0.802819
0.805132
0.807428
0.809705
0.811964
0.814205
0.816428
0.818633
0.820820
0.822988
0.825138
0.827270
0.829383
0.831479
0.833556
0.835615
0.837655
0.839677
0.841682
0.843668
0.845635
0.847585
0.849516
0.851430
0.853325
0.855203
0.857062
0.858903
0.860727
0.862533
0.864321
0.866091
0.867843
0.869578
0.871296
0.872996
0.874679
0.876344
0.877992
0.879623
0.881236
0.882833
0.884413
0.885975
0.887521
0.889051
0.890564
0.892060
0.893540
0.895003
0.896450
0.897881
0.899296
0.900695
0.902078
0.903446
0.904798
0.906134
0.907455
0.908760
0.910050
0.911325
0.912585
0.913831
0.915061
0.916277
0.917478
0.918664
0.919836
0.920994
0.922138
0.923268
0.924384
0.925486
0.926574
0.927649
0.928711
0.929759
0.930794
0.931815
0.932824
0.933820
0.934803
0.935774
0.936731
0.937677
0.938610
0.939531
0.940440
0.941337
0.942223
0.943096
0.943958
0.944808
0.945647
0.946475
0.947292
0.948097
0.948892
0.949676
0.950449
0.951211
0.951964
0.952705
0.953437
0.954158
0.954869
0.955571
0.956262
0.956944
0.957617
0.958279
0.958933
0.959577
0.960212
0.960838
0.961455
0.962063
0.962662
0.963253
0.963835
0.964409
0.964974
0.965531
0.966080
0.966621
0.967153
0.967679
0.968196
0.968705
0.969207
0.969702
0.970189
0.970669
0.971141
0.971607
0.972065
0.972517
0.972962
0.973400
0.973831
0.974255
0.974674
0.975085
0.975491
0.975890
0.976283
0.976670
0.977051
0.977426
0.977795
0.978158
0.978516
0.978868
0.979214
0.979555
0.979891
0.980221
0.980546
0.980866
0.981181
0.981490
0.981795
0.982095
0.982390
0.982681
0.982966
0.983247
0.983524
0.983796
0.984063
0.984326
0.984585
0.984840
0.985090
0.985337
0.985579
0.985817
0.986052
0.986282
0.986509
0.986732
0.986951
0.987166
0.987378
0.987587
0.987792
0.987993
0.988191
0.988386
0.988577
0.988765
0.988950
0.989132
0.989311
0.989486
0.989659
0.989829
0.989995
0.990159
0.990320
0.990479
0.990634
0.990787
0.990938
0.991085
0.991230
0.991373
0.991513
0.991650
0.991786
0.991918
0.992049
0.992177
0.992303
0.992427
0.992548
0.992668
0.992785
0.992900
0.993013
0.993124
0.993234
0.993341
0.993446
0.993549
0.993651
0.993751
0.993848
0.993945
0.994039
0.994132
0.994223
0.994312
0.994400
0.994486
0.994570
0.994653
0.994735
0.994815
0.994893
0.994970
0.995046
0.995120
0.995193
0.995265
0.995335
0.995404
0.995472
0.995538
0.995603
0.995667
0.995730
0.995791
0.995852
0.995911
0.995969
0.996026
0.996082
0.996137
0.996191
0.996244
0.996296
0.996347
0.996397
0.996446
0.996494
0.996541
0.996587
0.996632
0.996677
0.996720
0.996763
0.996805
0.996846
0.996887
0.996926
0.996965
0.997003
0.997040
0.997077
0.997113
0.997148
0.997183
0.997216
0.997250
0.997282
0.997314
0.997345
0.997376
0.997406
0.997435
0.997464
0.997492
0.997520
0.997547
0.997574
0.997600
0.997626
0.997651
0.997675
0.997699
0.997723
0.997746
0.997769
0.997791
0.997813
0.997834
0.997855
0.997876
0.997896
0.997915
0.997935
0.997953
0.997972
0.997990
0.998008
0.998025
0.998042
0.998059
0.998075
0.998091
0.998107
0.998122
0.998137
0.998152
0.998166
0.998181
0.998194
0.998208
0.998221
0.998234
0.998247
0.998259
0.998272
0.998284
0.998295
0.998307
0.998318
0.998329
0.998340
0.998350
0.998361
0.998371
0.998380
0.998390
0.998400
0.998409
0.998418
0.998427
0.998436
0.998444
0.998452
0.998460
0.998468
0.998476
0.998484
0.998491
0.998499
0.998506
0.998513
0.998520
0.998526
0.998533
0.998539
0.998546
0.998552
0.998558
0.998564
0.998569
0.998575
0.998581
0.998586
0.998591
0.998596
0.998601
0.998606
0.998611
0.998616
0.998620
0.998625
0.998629
0.998634
0.998638
0.998642
0.998646
0.998650
0.998654
0.998658
0.998661
0.998665
0.998669
0.998672
0.998675
