0.074188
0.114454
0.135750
0.152820
0.168109
0.182012
0.194691
0.206292
0.216995
0.226961
0.236319
0.245147
0.253550
0.261660
0.269629
0.277656
0.286270
0.295733
0.300106
0.302090
0.304003
0.305910
0.307810
0.309705
0.311594
0.313476
0.315353
0.317224
0.319089
0.320948
0.322801
0.324648
0.326490
0.328326
0.330156
0.331981
0.333801
0.335615
0.337424
0.339269
0.340917
0.342560
0.344200
0.345835
0.347466
0.349092
0.350714
0.352333
0.353947
0.355556
0.357162
0.358764
0.360361
0.361954
0.363544
0.365129
0.366710
0.368288
0.369861
0.371430
0.372995
0.374557
0.376114
0.377667
0.379217
0.380763
0.382304
0.383842
0.385376
0.386906
0.388433
0.389955
0.391474
0.392989
0.394500
0.396007
0.397510
0.399010
0.400506
0.401998
0.403487
0.404972
0.406453
0.407930
0.409404
0.410874
0.412341
0.413804
0.415263
0.416719
0.418171
0.419619
0.421064
0.422505
0.423943
0.425377
0.426808
0.428235
0.429659
0.431079
0.432496
0.433909
0.435319
0.436726
0.438129
0.439529
0.440925
0.442318
0.443707
0.445094
0.446477
0.447856
0.449233
0.450606
0.451975
0.453342
0.454705
0.456065
0.457422
0.458775
0.460126
0.461473
0.462817
0.464158
0.465496
0.466831
0.468162
0.469491
0.470816
0.472139
0.473458
0.474774
0.476088
0.477398
0.478706
0.480010
0.481312
0.482610
0.483906
0.485199
0.486489
0.487776
0.489060
0.490341
0.491620
0.492896
0.494169
0.495439
0.496706
0.497971
0.499233
0.500493
0.501749
0.503003
0.504255
0.505504
0.506750
0.507993
0.509234
0.510473
0.511709
0.512942
0.514173
0.515402
0.516628
0.517852
0.519073
0.520292
0.521508
0.522723
0.523934
0.525144
0.526351
0.527556
0.528759
0.529959
0.531157
0.532354
0.533547
0.534739
0.535929
0.537116
0.538302
0.539485
0.540667
0.541846
0.543024
0.544199
0.545372
0.546544
0.547714
0.548881
0.550047
0.551212
0.552374
0.553534
0.554693
0.555850
0.557006
0.558159
0.559311
0.560462
0.561610
0.562758
0.563903
0.565048
0.566190
0.567331
0.568471
0.569609
0.570746
0.571882
0.573016
0.574149
0.575280
0.576411
0.577540
0.578668
0.579794
0.580920
0.582044
0.583168
0.584290
0.585411
0.586532
0.587651
0.588769
0.589887
0.591003
0.592119
0.593234
0.594348
0.595461
0.596574
0.597686
0.598797
0.599908
0.601018
0.602127
0.603236
0.604345
0.605452
0.606560
0.607667
0.608774
0.609880
0.610986
0.612092
0.613197
0.614303
0.615408
0.616513
0.617617
0.618722
0.619827
0.620932
0.622036
0.623141
0.624246
0.625351
0.626456
0.627562
0.628667
0.629773
0.630879
0.631986
0.633093
0.634200
0.635308
0.636416
0.637525
0.638634
0.639744
0.640854
0.641965
0.643077
0.644190
0.645303
0.646417
0.647532
0.648648
0.649765
0.650883
0.652001
0.653121
0.654242
0.655363
0.656486
0.657611
0.658736
0.659862
0.660990
0.662119
0.663250
0.664381
0.665515
0.666649
0.667785
0.668923
0.670062
0.671203
0.672345
0.673489
0.674635
0.675782
0.676931
0.678082
0.679235
0.680389
0.681546
0.682704
0.683864
0.685026
0.686191
0.687357
0.688525
0.689696
0.690868
0.692043
0.693219
0.694398
0.695580
0.696763
0.697949
0.699137
0.700328
0.701520
0.702716
0.703913
0.705113
0.706316
0.707521
0.708728
0.709938
0.711151
0.712366
0.713583
0.714804
0.716027
0.717252
0.718481
0.719712
0.720945
0.722181
0.723421
0.724662
0.725907
0.727154
0.728404
0.729657
0.730913
0.732171
0.733432
0.734696
0.735963
0.737233
0.738505
0.739781
0.741059
0.742340
0.743624
0.744910
0.746200
0.747492
0.748787
0.750085
0.751386
0.752690
0.753996
0.755305
0.756617
0.757931
0.759249
0.760569
0.761892
0.763217
0.764546
0.765876
0.767210
0.768546
0.769885
0.771226
0.772570
0.773916
0.775265
0.776616
0.777969
0.779325
0.780684
0.782044
0.783407
0.784773
0.786140
0.787509
0.788881
0.790255
0.791630
0.793008
0.794388
0.795769
0.797152
0.798537
0.799924
0.801313
0.802703
0.804094
0.805487
0.806881
0.808277
0.809674
0.811072
0.812472
0.813872
0.815274
0.816676
0.818079
0.819483
0.820888
0.822293
0.823699
0.825105
0.826512
0.827919
0.829326
0.830733
0.832140
0.833547
0.834954
0.836361
0.837767
0.839173
0.840578
0.841983
0.843387
0.844790
0.846192
0.847593
0.848993
0.850392
0.851789
0.853185
0.854579
0.855971
0.857362
0.858751
0.860137
0.861522
0.862904
0.864284
0.865661
0.867036
0.868408
0.869777
0.871143
0.872506
0.873865
0.875222
0.876574
0.877924
0.879269
0.880611
0.881948
0.883282
0.884611
0.885936
0.887257
0.888573
0.889884
0.891190
0.892492
0.893788
0.895079
0.896364
0.897644
0.898919
0.900188
0.901451
0.902708
0.903958
0.905203
0.906441
0.907673
0.908898
0.910117
0.911328
0.912533
0.913731
0.914921
0.916104
0.917280
0.918448
0.919609
0.920762
0.921907
0.923044
0.924173
0.925294
0.926406
0.927510
0.928606
0.929693
0.930772
0.931842
0.932903
0.933955
0.934998
0.936031
0.937056
0.938072
0.939078
0.940074
0.941061
0.942039
0.943007
0.943965
0.944914
0.945853
0.946781
0.947700
0.948609
0.949508
0.950397
0.951276
0.952144
0.953003
0.953851
0.954688
0.955516
0.956333
0.957140
0.957936
0.958722
0.959498
0.960263
0.961018
0.961762
0.962496
0.963220
0.963933
0.964635
0.965328
0.966010
0.966681
0.967342
0.967993
0.968633
0.969263
0.969883
0.970493
0.971092
0.971682
0.972261
0.972830
0.973389
0.973938
0.974478
0.975007
0.975527
0.976037
0.976537
0.977028
0.977509
0.977980
0.978443
0.978896
0.979339
0.979774
0.980200
0.980616
0.981024
0.981423
0.981813
0.982195
0.982568
0.982932
0.983289
0.983637
0.983977
0.984309
0.984633
0.984949
0.985257
0.985558
0.985852
0.986138
0.986416
0.986688
0.986952
0.987210
0.987461
0.987705
0.987942
0.988173
0.988397
0.988616
0.988828
0.989034
0.989234
0.989428
0.989617
