0.006739
0.012086
0.016749
0.021118
0.025363
0.029592
0.033886
0.038319
0.042972
0.047932
0.053285
0.059123
0.065551
0.072684
0.080664
0.089678
0.099974
0.111849
0.125702
0.142152
0.162075
0.186746
0.218388
0.261085
0.322817
0.421162
0.593099
0.830164
0.968006
0.991438
0.992560
0.992772
0.992975
0.993178
0.993377
0.993574
0.993767
0.993956
0.994141
0.994321
0.994495
0.994665
0.994830
0.994989
0.995142
0.995291
0.995434
0.995571
0.995703
0.995830
0.995952
0.996069
0.996180
0.996287
0.996389
0.996486
0.996578
0.996666
0.996750
0.996830
0.996905
0.996977
0.997045
0.997109
0.997170
0.997228
0.997282
0.997333
0.997382
0.997427
0.997470
0.997510
0.997548
0.997584
0.997617
0.997649
0.997678
0.997706
0.997732
0.997756
0.997778
0.997800
0.997819
0.997838
0.997855
0.997871
0.997886
0.997899
0.997912
0.997924
0.997936
0.997946
0.997955
0.997964
0.997973
0.997980
0.997987
0.997994
0.998000
0.998006
0.998011
0.998016
0.998020
0.998024
0.998028
0.998031
0.998035
0.998038
0.998040
0.998043
0.998045
0.998047
0.998049
0.998051
0.998053
0.998054
0.998056
0.998057
0.998058
0.998059
0.998060
0.998061
0.998062
0.998063
0.998063
0.998064
0.998064
0.998065
0.998065
0.998066
0.998066
0.998067
0.998067
0.998067
0.998068
0.998068
0.998068
0.998068
0.998068
0.998069
0.998069
0.998069
0.998069
0.998069
0.998069
0.998069
0.998069
0.998070
0.998070
0.998070
0.998070
0.998070
0.998070
0.998070
0.998070
0.998070
0.998070
0.998070
0.998070
0.998070
0.998070
0.998070
0.998070
0.998070
0.998070
0.998070
0.998070
0.998070
0.998070
0.998070
0.998070
0.998070
0.998070
0.998070
0.998070
0.998070
0.998070
0.998070
0.998070
0.998070
0.998070
0.998070
0.998070
0.998070
0.998070
0.998070
0.998070
0.998070
0.998070
0.998070
0.998070
0.998070
0.998070
0.998070
0.998070
0.998070
0.998070
0.998070
0.998070
0.998070
0.998070
0.998070
0.998070
0.998070
0.998070
0.998070
0.998070
0.998070
0.998070
0.998070
0.998070
0.998070
0.998070
0.998070
0.998070
0.998070
0.998070
0.998070
0.998070
0.998070
0.998070
0.998070
0.998070
0.998070
0.998070
0.998070
0.998070
0.998070
0.998070
0.998070
0.998070
0.998070
0.998070
0.998070
0.998070
0.998070
0.998070
0.998070
0.998070
0.998070
0.998070
0.998070
0.998070
0.998070
0.998070
0.998070
0.998070
0.998070
0.998070
0.998070
0.998070
0.998070
0.998070
0.998070
0.998070
0.998070
0.998070
0.998070
0.998070
0.998070
0.998070
0.998070
0.998070
0.998070
0.998070
0.998070
0.998070
0.998070
0.998070
0.998070
0.998070
0.998070
0.998070
0.998070
0.998070
0.998070
0.998070
0.998070
0.998070
0.998070
0.998070
0.998070
0.998070
0.998070
0.998070
0.998070
0.998070
0.998070
0.998070
0.998070
0.998070
0.998070
0.998070
0.998070
0.998070
0.998070
0.998070
0.998070
0.998070
0.998070
0.998070
0.998070
0.998070
0.998070
0.998070
0.998070
0.998070
0.998070
0.998070
0.998070
0.998070
0.998070
0.998070
0.998070
0.998070
0.998070
0.998070
0.998070
0.998070
0.998070
0.998070
0.998070
0.998070
0.998070
0.998070
0.998070
0.998070
0.998070
0.998070
0.998070
0.998070
0.998070
0.998070
0.998070
0.998070
0.998070
0.998070
0.998070
0.998070
0.998070
0.998070
0.998070
0.998070
0.998070
0.998070
0.998070
0.998070
0.998070
0.998070
0.998070
0.998070
0.998070
0.998070
0.998070
0.998070
0.998070
0.998070
0.998070
0.998070
0.998070
0.998070
0.998070
0.998070
0.998070
0.998070
0.998070
0.998070
0.998070
0.998070
0.998070
0.998070
0.998070
0.998070
0.998070
0.998070
0.998070
0.998070
0.998070
0.998070
0.998070
0.998070
0.998070
0.998070
0.998070
0.998070
0.998070
0.998070
0.998070
0.998070
0.998070
0.998070
0.998070
0.998070
0.998070
0.998070
0.998070
0.998070
0.998070
0.998070
0.998070
0.998070
0.998070
0.998070
0.998070
0.998070
0.998070
0.998070
0.998070
0.998070
0.998070
0.998070
0.998070
0.998070
0.998070
0.998070
0.998070
0.998070
0.998070
0.998070
0.998070
0.998070
0.998070
0.998070
0.998070
0.998070
0.998070
0.998070
0.998070
0.998070
0.998070
0.998070
0.998070
0.998070
0.998070
0.998070
0.998070
0.998070
0.998070
0.998070
0.998070
0.998070
0.998070
0.998070
0.998070
0.998070
0.998070
0.998070
0.998070
0.998070
0.998070
0.998070
0.998070
0.998070
0.998070
0.998070
0.998070
0.998070
0.998070
0.998070
0.998070
0.998070
0.998070
0.998070
0.998070
0.998070
0.998070
0.998070
0.998070
0.998070
0.998070
0.998070
0.998070
0.998070
0.998070
0.998070
0.998070
0.998070
0.998070
0.998070
0.998070
0.998070
0.998070
0.998070
0.998070
0.998070
0.998070
0.998070
0.998070
0.998070
0.998070
0.998070
0.998070
0.998070
0.998070
0.998070
0.998070
0.998070
0.998070
0.998070
0.998070
0.998070
0.998070
0.998070
0.998070
0.998070
0.998070
0.998070
0.998070
0.998070
0.998070
0.998070
0.998070
0.998070
0.998070
0.998070
0.998070
0.998070
0.998070
0.998070
0.998070
0.998070
0.998070
0.998070
0.998070
0.998070
0.998070
0.998070
0.998070
0.998070
0.998070
0.998070
0.998070
0.998070
0.998070
0.998070
0.998070
0.998070
0.998070
0.998070
0.998070
0.998070
0.998070
0.998070
0.998070
0.998070
0.998070
0.998070
0.998070
0.998070
0.998070
0.998070
0.998070
0.998070
0.998070
0.998070
0.998070
0.998070
0.998070
0.998070
0.998070
0.998070
0.998070
0.998070
0.998070
0.998070
0.998070
0.998070
0.998070
0.998070
0.998070
0.998070
0.998070
0.998070
0.998070
0.998070
0.998070
0.998070
0.998070
0.998070
0.998070
0.998070
0.998070
0.998070
0.998070
0.998070
0.998070
0.998070
0.998070
0.998070
0.998070
0.998070
0.998070
0.998070
0.998070
0.998070
0.998070
0.998070
0.998070
0.998070
0.998070
