0.010959
0.023305
0.036166
0.051460
0.075427
0.114079
0.154685
0.195144
0.227667
0.249639
0.262727
0.270033
0.274226
0.276998
0.279217
0.281254
0.283244
0.285224
0.287200
0.289172
0.291139
0.293100
0.295054
0.297003
0.298946
0.300884
0.302815
0.304741
0.306661
0.308576
0.310485
0.312389
0.314287
0.316180
0.318068
0.319950
0.321827
0.323698
0.325565
0.327483
0.329206
0.330909
0.332605
0.334297
0.335984
0.337667
0.339346
0.341020
0.342690
0.344355
0.346017
0.347674
0.349327
0.350976
0.352620
0.354261
0.355897
0.357529
0.359157
0.360780
0.362400
0.364015
0.365627
0.367234
0.368837
0.370436
0.372031
0.373622
0.375209
0.376791
0.378370
0.379945
0.381515
0.383082
0.384645
0.386204
0.387758
0.389309
0.390856
0.392399
0.393938
0.395473
0.397004
0.398531
0.400055
0.401574
0.403090
0.404601
0.406109
0.407613
0.409113
0.410610
0.412102
0.413591
0.415076
0.416557
0.418035
0.419508
0.420978
0.422444
0.423907
0.425366
0.426820
0.428272
0.429719
0.431163
0.432603
0.434040
0.435473
0.436902
0.438328
0.439750
0.441168
0.442583
0.443994
0.445401
0.446805
0.448206
0.449603
0.450996
0.452385
0.453772
0.455154
0.456533
0.457909
0.459281
0.460650
0.462015
0.463376
0.464735
0.466089
0.467441
0.468788
0.470133
0.471474
0.472811
0.474146
0.475476
0.476804
0.478128
0.479448
0.480766
0.482079
0.483390
0.484697
0.486001
0.487302
0.488599
0.489893
0.491184
0.492471
0.493755
0.495036
0.496314
0.497588
0.498859
0.500127
0.501392
0.502653
0.503911
0.505166
0.506418
0.507667
0.508912
0.510155
0.511394
0.512630
0.513862
0.515092
0.516319
0.517542
0.518763
0.519980
0.521194
0.522405
0.523613
0.524818
0.526020
0.527218
0.528414
0.529607
0.530797
0.531983
0.533167
0.534347
0.535525
0.536700
0.537871
0.539040
0.540206
0.541368
0.542528
0.543685
0.544839
0.545990
0.547138
0.548283
0.549425
0.550565
0.551701
0.552835
0.553965
0.555093
0.556218
0.557340
0.558459
0.559576
0.560689
0.561800
0.562908
0.564013
0.565115
0.566214
0.567311
0.568405
0.569496
0.570585
0.571670
0.572753
0.573833
0.574910
0.575985
0.577057
0.578126
0.579193
0.580256
0.581317
0.582376
0.583431
0.584484
0.585535
0.586583
0.587628
0.588670
0.589710
0.590747
0.591781
0.592813
0.593842
0.594869
0.595893
0.596914
0.597933
0.598950
0.599963
0.600974
0.601983
0.602989
0.603993
0.604994
0.605992
0.606988
0.607981
0.608972
0.609960
0.610946
0.611930
0.612911
0.613889
0.614865
0.615838
0.616809
0.617778
0.618744
0.619708
0.620669
0.621628
0.622584
0.623538
0.624490
0.625439
0.626386
0.627330
0.628272
0.629212
0.630149
0.631084
0.632016
0.632946
0.633874
0.634800
0.635723
0.636644
0.637562
0.638478
0.639392
0.640304
0.641213
0.642120
0.643025
0.643927
0.644828
0.645726
0.646621
0.647515
0.648406
0.649295
0.650182
0.651066
0.651948
0.652828
0.653706
0.654582
0.655455
0.656326
0.657196
0.658062
0.658927
0.659790
0.660650
0.661508
0.662364
0.663218
0.664070
0.664920
0.665767
0.666613
0.667456
0.668297
0.669136
0.669973
0.670808
0.671641
0.672472
0.673300
0.674127
0.674952
0.675774
0.676595
0.677413
0.678229
0.679044
0.679856
0.680666
0.681474
0.682281
0.683085
0.683887
0.684687
0.685486
0.686282
0.687076
0.687868
0.688659
0.689447
0.690234
0.691018
0.691801
0.692581
0.693360
0.694137
0.694911
0.695684
0.696455
0.697224
0.697992
0.698757
0.699520
0.700282
0.701042
0.701799
0.702555
0.703309
0.704061
0.704812
0.705560
0.706307
0.707052
0.707795
0.708536
0.709275
0.710013
0.710748
0.711482
0.712214
0.712945
0.713673
0.714400
0.715125
0.715848
0.716569
0.717289
0.718007
0.718723
0.719438
0.720150
0.720861
0.721570
0.722278
0.722984
0.723688
0.724390
0.725091
0.725789
0.726487
0.727182
0.727876
0.728568
0.729259
0.729947
0.730635
0.731320
0.732004
0.732686
0.733367
0.734046
0.734723
0.735398
0.736072
0.736745
0.737416
0.738085
0.738752
0.739418
0.740083
0.740745
0.741407
0.742066
0.742724
0.743381
0.744036
0.744689
0.745341
0.745991
0.746640
0.747287
0.747932
0.748576
0.749219
0.749860
0.750499
0.751137
0.751774
0.752409
0.753042
0.753674
0.754305
0.754934
0.755561
0.756187
0.756812
0.757435
0.758057
0.758677
0.759296
0.759913
0.760529
0.761143
0.761756
0.762368
0.762978
0.763586
0.764194
0.764800
0.765404
0.766007
0.766609
0.767209
0.767808
0.768406
0.769002
0.769596
0.770190
0.770782
0.771373
0.771962
0.772550
0.773137
0.773722
0.774306
0.774888
0.775470
0.776050
0.776628
0.777206
0.777782
0.778356
0.778930
0.779502
0.780073
0.780642
0.781210
0.781777
0.782343
0.782908
0.783471
0.784033
0.784593
0.785153
0.785711
0.786268
0.786823
0.787378
0.787931
0.788483
0.789034
0.789583
0.790131
0.790679
0.791224
0.791769
0.792313
0.792855
0.793396
0.793936
0.794475
0.795012
0.795549
0.796084
0.796618
0.797151
0.797683
0.798213
0.798743
0.799271
0.799798
0.800324
0.800849
0.801373
0.801896
0.802417
0.802937
0.803457
0.803975
0.804492
0.805008
0.805523
0.806037
0.806550
0.807061
0.807572
0.808081
0.808590
0.809097
0.809603
0.810109
0.810613
0.811116
0.811618
0.812119
0.812619
0.813118
0.813616
0.814113
0.814609
0.815104
0.815598
0.816091
0.816582
0.817073
0.817563
0.818052
0.818540
0.819027
0.819513
0.819997
0.820481
0.820964
0.821446
0.821927
0.822407
0.822886
0.823365
0.823842
0.824318
0.824793
0.825268
0.825741
0.826214
0.826685
0.827156
0.827625
0.828094
0.828562
0.829029
0.829495
0.829960
0.830425
0.830888
0.831350
0.831812
0.832273
0.832732
0.833191
0.833649
0.834106
0.834563
0.835018
0.835473
0.835926
0.836379
0.836831
0.837282
0.837733
0.838182
0.838631
0.839079
0.839525
0.839972
0.840417
