0.012699
0.026920
0.041501
0.056725
0.072933
0.090542
0.110538
0.133943
0.154379
0.181347
0.214506
0.247061
0.270121
0.280176
0.281334
0.280245
0.280533
0.282159
0.284115
0.286084
0.288047
0.290004
0.291955
0.293901
0.295841
0.297776
0.299705
0.301629
0.303547
0.305460
0.307368
0.309271
0.311169
0.313061
0.314949
0.316831
0.318709
0.320582
0.322450
0.324354
0.326057
0.327755
0.329450
0.331141
0.332828
0.334511
0.336190
0.337866
0.339538
0.341206
0.342870
0.344530
0.346187
0.347840
0.349490
0.351135
0.352778
0.354416
0.356051
0.357683
0.359311
0.360935
0.362556
0.364173
0.365787
0.367398
0.369005
0.370609
0.372210
0.373807
0.375401
0.376991
0.378579
0.380163
0.381744
0.383322
0.384896
0.386468
0.388036
0.389601
0.391163
0.392722
0.394278
0.395832
0.397382
0.398929
0.400473
0.402014
0.403553
0.405089
0.406621
0.408151
0.409678
0.411203
0.412725
0.414243
0.415760
0.417273
0.418784
0.420293
0.421798
0.423302
0.424802
0.426300
0.427796
0.429289
0.430780
0.432268
0.433754
0.435238
0.436719
0.438198
0.439674
0.441148
0.442620
0.444090
0.445558
0.447023
0.448486
0.449947
0.451406
0.452863
0.454317
0.455770
0.457221
0.458669
0.460116
0.461561
0.463004
0.464445
0.465884
0.467321
0.468756
0.470189
0.471621
0.473051
0.474479
0.475905
0.477330
0.478753
0.480175
0.481594
0.483012
0.484429
0.485844
0.487257
0.488669
0.490079
0.491488
0.492895
0.494301
0.495705
0.497108
0.498510
0.499910
0.501309
0.502706
0.504103
0.505498
0.506891
0.508284
0.509675
0.511065
0.512453
0.513841
0.515227
0.516612
0.517996
0.519379
0.520761
0.522142
0.523522
0.524900
0.526278
0.527655
0.529030
0.530405
0.531778
0.533151
0.534523
0.535894
0.537264
0.538633
0.540001
0.541368
0.542735
0.544100
0.545465
0.546829
0.548193
0.549555
0.550917
0.552278
0.553638
0.554997
0.556356
0.557714
0.559071
0.560428
0.561784
0.563139
0.564494
0.565848
0.567201
0.568554
0.569906
0.571258
0.572609
0.573959
0.575309
0.576658
0.578006
0.579354
0.580702
0.582049
0.583395
0.584741
0.586087
0.587431
0.588776
0.590120
0.591463
0.592806
0.594148
0.595490
0.596831
0.598172
0.599513
0.600853
0.602192
0.603531
0.604870
0.606208
0.607545
0.608883
0.610219
0.611555
0.612891
0.614227
0.615561
0.616896
0.618230
0.619563
0.620896
0.622229
0.623561
0.624893
0.626224
0.627555
0.628885
0.630215
0.631544
0.632873
0.634202
0.635529
0.636857
0.638184
0.639510
0.640836
0.642162
0.643486
0.644811
0.646135
0.647458
0.648781
0.650103
0.651425
0.652746
0.654067
0.655387
0.656706
0.658025
0.659343
0.660661
0.661978
0.663294
0.664610
0.665925
0.667240
0.668554
0.669867
0.671179
0.672491
0.673802
0.675113
0.676422
0.677731
0.679039
0.680347
0.681653
0.682959
0.684264
0.685568
0.686872
0.688174
0.689476
0.690777
0.692077
0.693376
0.694674
0.695972
0.697268
0.698563
0.699858
0.701151
0.702443
0.703735
0.705025
0.706314
0.707603
0.708890
0.710176
0.711461
0.712745
0.714027
0.715309
0.716589
0.717868
0.719146
0.720423
0.721699
0.722973
0.724246
0.725517
0.726787
0.728056
0.729324
0.730590
0.731855
0.733118
0.734380
0.735640
0.736899
0.738157
0.739413
0.740667
0.741920
0.743171
0.744421
0.745669
0.746916
0.748160
0.749403
0.750645
0.751884
0.753122
0.754359
0.755593
0.756826
0.758056
0.759285
0.760512
0.761737
0.762961
0.764182
0.765401
0.766619
0.767834
0.769048
0.770259
0.771468
0.772676
0.773881
0.775084
0.776285
0.777483
0.778680
0.779874
0.781066
0.782256
0.783444
0.784629
0.785812
0.786993
0.788171
0.789347
0.790520
0.791691
0.792860
0.794026
0.795190
0.796351
0.797510
0.798666
0.799819
0.800970
0.802119
0.803265
0.804408
0.805548
0.806686
0.807821
0.808953
0.810083
0.811209
0.812333
0.813454
0.814573
0.815688
0.816801
0.817910
0.819017
0.820121
0.821222
0.822320
0.823415
0.824507
0.825596
0.826682
0.827764
0.828844
0.829921
0.830994
0.832064
0.833132
0.834196
0.835256
0.836314
0.837368
0.838419
0.839467
0.840512
0.841553
0.842591
0.843626
0.844657
0.845685
0.846709
0.847730
0.848748
0.849762
0.850773
0.851781
0.852784
0.853785
0.854782
0.855775
0.856765
0.857751
0.858734
0.859713
0.860689
0.861661
0.862629
0.863594
0.864555
0.865512
0.866466
0.867416
0.868362
0.869305
0.870244
0.871179
0.872110
0.873038
0.873962
0.874882
0.875798
0.876711
0.877619
0.878524
0.879426
0.880323
0.881216
0.882106
0.882991
0.883873
0.884751
0.885625
0.886495
0.887361
0.888224
0.889082
0.889937
0.890787
0.891634
0.892476
0.893315
0.894150
0.894980
0.895807
0.896630
0.897449
0.898264
0.899074
0.899881
0.900684
0.901483
0.902278
0.903068
0.903855
0.904638
0.905416
0.906191
0.906962
0.907728
0.908491
0.909249
0.910004
0.910754
0.911501
0.912243
0.912981
0.913715
0.914446
0.915172
0.915894
0.916612
0.917326
0.918036
0.918742
0.919444
0.920142
0.920835
0.921525
0.922211
0.922893
0.923570
0.924244
0.924913
0.925579
0.926241
0.926898
0.927552
0.928201
0.928847
0.929488
0.930126
0.930759
0.931389
0.932014
0.932636
0.933253
0.933867
0.934477
0.935082
0.935684
0.936282
0.936876
0.937466
0.938052
0.938634
0.939212
0.939786
0.940357
0.940923
0.941486
0.942045
0.942600
0.943151
0.943698
0.944241
0.944781
0.945317
0.945849
0.946377
0.946901
0.947422
0.947939
0.948452
0.948961
0.949467
0.949969
0.950467
0.950961
0.951452
0.951939
0.952422
0.952902
0.953378
0.953851
0.954319
0.954785
0.955246
0.955704
0.956159
0.956610
0.957057
0.957501
0.957941
0.958378
0.958811
0.959241
0.959667
0.960090
0.960510
0.960926
0.961338
0.961747
0.962153
0.962556
0.962955
0.963350
0.963743
0.964132
0.964518
0.964900
0.965279
0.965655
0.966028
