0.011657
0.017331
0.022826
0.028189
0.033528
0.038949
0.044556
0.050449
0.056709
0.063428
0.070717
0.078703
0.087535
0.097378
0.108448
0.121037
0.135528
0.152415
0.172385
0.196525
0.226567
0.265329
0.317500
0.390620
0.484318
0.543173
0.539897
0.537840
0.541690
0.546052
0.550524
0.555083
0.559717
0.564414
0.569165
0.573964
0.578805
0.583683
0.588593
0.593692
0.598532
0.603404
0.608301
0.613216
0.618148
0.623092
0.628046
0.633006
0.637969
0.642933
0.647895
0.652851
0.657800
0.662739
0.667665
0.672576
0.677469
0.682342
0.687193
0.692019
0.696818
0.701589
0.706329
0.711036
0.715708
0.720344
0.724942
0.729500
0.734016
0.738489
0.742918
0.747301
0.751637
0.755924
0.760162
0.764349
0.768485
0.772569
0.776599
0.780574
0.784495
0.788361
0.792171
0.795924
0.799620
0.803259
0.806840
0.810363
0.813829
0.817236
0.820585
0.823876
0.827109
0.830283
0.833400
0.836459
0.839461
0.842406
0.845293
0.848125
0.850900
0.853620
0.856284
0.858895
0.861451
0.863953
0.866403
0.868800
0.871146
0.873441
0.875686
0.877881
0.880028
0.882126
0.884177
0.886182
0.888141
0.890054
0.891924
0.893750
0.895534
0.897276
0.898977
0.900637
0.902258
0.903841
0.905386
0.906894
0.908365
0.909802
0.911203
0.912571
0.913906
0.915208
0.916479
0.917719
0.918929
0.920110
0.921262
0.922386
0.923483
0.924553
0.925598
0.926617
0.927612
0.928583
0.929530
0.930455
0.931358
0.932239
0.933100
0.933940
0.934760
0.935561
0.936344
0.937108
0.937854
0.938584
0.939296
0.939993
0.940673
0.941338
0.941989
0.942624
0.943246
0.943854
0.944449
0.945031
0.945600
0.946157
0.946702
0.947236
0.947758
0.948270
0.948771
0.949262
0.949742
0.950214
0.950675
0.951128
0.951572
0.952007
0.952433
0.952852
0.953262
0.953665
0.954061
0.954449
0.954830
0.955204
0.955571
0.955932
0.956287
0.956635
0.956978
0.957314
0.957645
0.957970
0.958290
0.958605
0.958915
0.959219
0.959519
0.959814
0.960105
0.960391
0.960673
0.960950
0.961223
0.961492
0.961758
0.962019
0.962277
0.962531
0.962781
0.963028
0.963272
0.963512
0.963749
0.963983
0.964214
0.964441
0.964666
0.964888
0.965107
0.965323
0.965537
0.965747
0.965956
0.966162
0.966365
0.966566
0.966764
0.966961
0.967154
0.967346
0.967536
0.967723
0.967908
0.968092
0.968273
0.968452
0.968629
0.968805
0.968978
0.969150
0.969320
0.969488
0.969655
0.969820
0.969983
0.970144
0.970304
0.970462
0.970619
0.970774
0.970928
0.971080
0.971231
0.971381
0.971529
0.971675
0.971821
0.971965
0.972107
0.972249
0.972389
0.972528
0.972665
0.972802
0.972937
0.973071
0.973204
0.973336
0.973467
0.973596
0.973725
0.973852
0.973979
0.974104
0.974228
0.974352
0.974474
0.974596
0.974716
0.974835
0.974954
0.975072
0.975188
0.975304
0.975419
0.975533
0.975646
0.975758
0.975870
0.975980
0.976090
0.976199
0.976307
0.976415
0.976521
0.976627
0.976732
0.976836
0.976940
0.977043
0.977145
0.977246
0.977347
0.977447
0.977546
0.977645
0.977743
0.977840
0.977937
0.978033
0.978128
0.978223
0.978317
0.978410
0.978503
0.978595
0.978686
0.978777
0.978868
0.978957
0.979047
0.979135
0.979223
0.979311
0.979398
0.979484
0.979570
0.979655
0.979740
0.979824
0.979908
0.979991
0.980074
0.980156
0.980238
0.980319
0.980399
0.980479
0.980559
0.980638
0.980717
0.980795
0.980873
0.980950
0.981027
0.981104
0.981180
0.981255
0.981330
0.981405
0.981479
0.981553
0.981626
0.981699
0.981772
0.981844
0.981916
0.981987
0.982058
0.982128
0.982198
0.982268
0.982337
0.982406
0.982475
0.982543
0.982610
0.982678
0.982745
0.982811
0.982878
0.982944
0.983009
0.983074
0.983139
0.983204
0.983268
0.983332
0.983395
0.983458
0.983521
0.983584
0.983646
0.983707
0.983769
0.983830
0.983891
0.983951
0.984011
0.984071
0.984131
0.984190
0.984249
0.984308
0.984366
0.984424
0.984482
0.984539
0.984596
0.984653
0.984710
0.984766
0.984822
0.984878
0.984933
0.984988
0.985043
0.985098
0.985152
0.985206
0.985260
0.985313
0.985366
0.985419
0.985472
0.985524
0.985577
0.985629
0.985680
0.985732
0.985783
0.985834
0.985884
0.985935
0.985985
0.986035
0.986085
0.986134
0.986183
0.986232
0.986281
0.986330
0.986378
0.986426
0.986474
0.986521
0.986569
0.986616
0.986663
0.986709
0.986756
0.986802
0.986848
0.986894
0.986939
0.986985
0.987030
0.987075
0.987120
0.987164
0.987209
0.987253
0.987297
0.987340
0.987384
0.987427
0.987470
0.987513
0.987556
0.987599
0.987641
0.987683
0.987725
0.987767
0.987808
0.987850
0.987891
0.987932
0.987973
0.988013
0.988054
0.988094
0.988134
0.988174
0.988214
0.988253
0.988293
0.988332
0.988371
0.988410
0.988448
0.988487
0.988525
0.988563
0.988601
0.988639
0.988677
0.988714
0.988752
0.988789
0.988826
0.988863
0.988899
0.988936
0.988972
0.989008
0.989044
0.989080
0.989116
0.989151
0.989187
0.989222
0.989257
0.989292
0.989327
0.989362
0.989396
0.989430
0.989465
0.989499
0.989533
0.989566
0.989600
0.989634
0.989667
0.989700
0.989733
0.989766
0.989799
0.989831
0.989864
0.989896
0.989928
0.989960
0.989992
0.990024
0.990056
0.990087
0.990119
0.990150
0.990181
0.990212
0.990243
0.990274
0.990304
0.990335
0.990365
0.990396
0.990426
0.990456
0.990486
0.990515
0.990545
0.990574
0.990604
0.990633
0.990662
0.990691
0.990720
0.990749
0.990777
0.990806
0.990834
0.990863
0.990891
0.990919
0.990947
0.990975
0.991002
0.991030
0.991057
0.991085
0.991112
0.991139
0.991166
0.991193
0.991220
0.991247
0.991273
0.991300
0.991326
0.991352
0.991379
0.991405
0.991431
0.991456
0.991482
0.991508
0.991533
0.991559
0.991584
0.991609
0.991635
0.991660
0.991684
0.991709
0.991734
0.991759
0.991783
0.991808
0.991832
0.991856
0.991880
0.991904
