0.006708
0.011946
0.016540
0.020849
0.025038
0.029210
0.033443
0.037807
0.042387
0.047266
0.052530
0.058269
0.064587
0.071595
0.079429
0.088274
0.098369
0.110000
0.123552
0.139623
0.159044
0.183022
0.213663
0.254807
0.313952
0.407656
0.572528
0.812003
0.964861
0.993766
0.995161
0.995280
0.995386
0.995492
0.995595
0.995697
0.995796
0.995893
0.995988
0.996080
0.996168
0.996254
0.996337
0.996417
0.996494
0.996568
0.996639
0.996707
0.996773
0.996835
0.996894
0.996951
0.997005
0.997057
0.997106
0.997152
0.997196
0.997238
0.997278
0.997315
0.997351
0.997384
0.997416
0.997446
0.997474
0.997500
0.997525
0.997548
0.997570
0.997591
0.997610
0.997628
0.997645
0.997660
0.997675
0.997689
0.997702
0.997714
0.997725
0.997735
0.997745
0.997754
0.997762
0.997770
0.997777
0.997784
0.997790
0.997796
0.997801
0.997806
0.997810
0.997815
0.997818
0.997822
0.997825
0.997828
0.997831
0.997834
0.997836
0.997838
0.997840
0.997842
0.997844
0.997845
0.997847
0.997848
0.997849
0.997850
0.997851
0.997852
0.997853
0.997854
0.997855
0.997855
0.997856
0.997856
0.997857
0.997857
0.997858
0.997858
0.997859
0.997859
0.997859
0.997859
0.997860
0.997860
0.997860
0.997860
0.997860
0.997861
0.997861
0.997861
0.997861
0.997861
0.997861
0.997861
0.997861
0.997861
0.997861
0.997861
0.997861
0.997862
0.997862
0.997862
0.997862
0.997862
0.997862
0.997862
0.997862
0.997862
0.997862
0.997862
0.997862
0.997862
0.997862
0.997862
0.997862
0.997862
0.997862
0.997862
0.997862
0.997862
0.997862
0.997862
0.997862
0.997862
0.997862
0.997862
0.997862
0.997862
0.997862
0.997862
0.997862
0.997862
0.997862
0.997862
0.997862
0.997862
0.997862
0.997862
0.997862
0.997862
0.997862
0.997862
0.997862
0.997862
0.997862
0.997862
0.997862
0.997862
0.997862
0.997862
0.997862
0.997862
0.997862
0.997862
0.997862
0.997862
0.997862
0.997862
0.997862
0.997862
0.997862
0.997862
0.997862
0.997862
0.997862
0.997862
0.997862
0.997862
0.997862
0.997862
0.997862
0.997862
0.997862
0.997862
0.997862
0.997862
0.997862
0.997862
0.997862
0.997862
0.997862
0.997862
0.997862
0.997862
0.997862
0.997862
0.997862
0.997862
0.997862
0.997862
0.997862
0.997862
0.997862
0.997862
0.997862
0.997862
0.997862
0.997862
0.997862
0.997862
0.997862
0.997862
0.997862
0.997862
0.997862
0.997862
0.997862
0.997862
0.997862
0.997862
0.997862
0.997862
0.997862
0.997862
0.997862
0.997862
0.997862
0.997862
0.997862
0.997862
0.997862
0.997862
0.997862
0.997862
0.997862
0.997862
0.997862
0.997862
0.997862
0.997862
0.997862
0.997862
0.997862
0.997862
0.997862
0.997862
0.997862
0.997862
0.997862
0.997862
0.997862
0.997862
0.997862
0.997862
0.997862
0.997862
0.997862
0.997862
0.997862
0.997862
0.997862
0.997862
0.997862
0.997862
0.997862
0.997862
0.997862
0.997862
0.997862
0.997862
0.997862
0.997862
0.997862
0.997862
0.997862
0.997862
0.997862
0.997862
0.997862
0.997862
0.997862
0.997862
0.997862
0.997862
0.997862
0.997862
0.997862
0.997862
0.997862
0.997862
0.997862
0.997862
0.997862
0.997862
0.997862
0.997862
0.997862
0.997862
0.997862
0.997862
0.997862
0.997862
0.997862
0.997862
0.997862
0.997862
0.997862
0.997862
0.997862
0.997862
0.997862
0.997862
0.997862
0.997862
0.997862
0.997862
0.997862
0.997862
0.997862
0.997862
0.997862
0.997862
0.997862
0.997862
0.997862
0.997862
0.997862
0.997862
0.997862
0.997862
0.997862
0.997862
0.997862
0.997862
0.997862
0.997862
0.997862
0.997862
0.997862
0.997862
0.997862
0.997862
0.997862
0.997862
0.997862
0.997862
0.997862
0.997862
0.997862
0.997862
0.997862
0.997862
0.997862
0.997862
0.997862
0.997862
0.997862
0.997862
0.997862
0.997862
0.997862
0.997862
0.997862
0.997862
0.997862
0.997862
0.997862
0.997862
0.997862
0.997862
0.997862
0.997862
0.997862
0.997862
0.997862
0.997862
0.997862
0.997862
0.997862
0.997862
0.997862
0.997862
0.997862
0.997862
0.997862
0.997862
0.997862
0.997862
0.997862
0.997862
0.997862
0.997862
0.997862
0.997862
0.997862
0.997862
0.997862
0.997862
0.997862
0.997862
0.997862
0.997862
0.997862
0.997862
0.997862
0.997862
0.997862
0.997862
0.997862
0.997862
0.997862
0.997862
0.997862
0.997862
0.997862
0.997862
0.997862
0.997862
0.997862
0.997862
0.997862
0.997862
0.997862
0.997862
0.997862
0.997862
0.997862
0.997862
0.997862
0.997862
0.997862
0.997862
0.997862
0.997862
0.997862
0.997862
0.997862
0.997862
0.997862
0.997862
0.997862
0.997862
0.997862
0.997862
0.997862
0.997862
0.997862
0.997862
0.997862
0.997862
0.997862
0.997862
0.997862
0.997862
0.997862
0.997862
0.997862
0.997862
0.997862
0.997862
0.997862
0.997862
0.997862
0.997862
0.997862
0.997862
0.997862
0.997862
0.997862
0.997862
0.997862
0.997862
0.997862
0.997862
0.997862
0.997862
0.997862
0.997862
0.997862
0.997862
0.997862
0.997862
0.997862
0.997862
0.997862
0.997862
0.997862
0.997862
0.997862
0.997862
0.997862
0.997862
0.997862
0.997862
0.997862
0.997862
0.997862
0.997862
0.997862
0.997862
0.997862
0.997862
0.997862
0.997862
0.997862
0.997862
0.997862
0.997862
0.997862
0.997862
0.997862
0.997862
0.997862
0.997862
0.997862
0.997862
0.997862
0.997862
0.997862
0.997862
0.997862
0.997862
0.997862
0.997862
0.997862
0.997862
0.997862
0.997862
0.997862
0.997862
0.997862
0.997862
0.997862
0.997862
0.997862
0.997862
0.997862
0.997862
0.997862
0.997862
0.997862
0.997862
0.997862
0.997862
0.997862
0.997862
0.997862
0.997862
0.997862
0.997862
0.997862
0.997862
0.997862
0.997862
0.997862
0.997862
0.997862
0.997862
0.997862
0.997862
0.997862
0.997862
0.997862
0.997862
0.997862
0.997862
0.997862
0.997862
