0.107378
0.249086
0.375054
0.245442
0.261068
0.281946
0.300700
0.317794
0.333568
0.348270
0.362091
0.375201
0.387739
0.399811
0.411497
0.422912
0.434199
0.445540
0.457232
0.470064
0.481406
0.487889
0.493548
0.499246
0.504994
0.510790
0.516633
0.522519
0.528448
0.534416
0.540422
0.546464
0.552538
0.558643
0.564776
0.570935
0.577117
0.583319
0.589540
0.595987
0.602110
0.608258
0.614421
0.620595
0.626776
0.632962
0.639149
0.645333
0.651513
0.657685
0.663845
0.669991
0.676120
0.682229
0.688316
0.694376
0.700408
0.706408
0.712375
0.718304
0.724194
0.730042
0.735846
0.741603
0.747310
0.752966
0.758567
0.764113
0.769601
0.775028
0.780393
0.785694
0.790929
0.796097
0.801196
0.806224
0.811180
0.816062
0.820870
0.825603
0.830258
0.834836
0.839335
0.843754
0.848094
0.852352
0.856530
0.860625
0.864639
0.868570
0.872419
0.876186
0.879869
0.883471
0.886990
0.890427
0.893782
0.897056
0.900249
0.903362
0.906395
0.909348
0.912224
0.915021
0.917741
0.920386
0.922955
0.925450
0.927872
0.930221
0.932500
0.934708
0.936848
0.938920
0.940926
0.942866
0.944742
0.946555
0.948307
0.949999
0.951632
0.953207
0.954726
0.956190
0.957601
0.958959
0.960266
0.961524
0.962733
0.963896
0.965012
0.966085
0.967114
0.968101
0.969048
0.969956
0.970825
0.971658
0.972455
0.973217
0.973947
0.974644
0.975309
0.975945
0.976552
0.977131
0.977684
0.978210
0.978712
0.979190
0.979644
0.980077
0.980489
0.980880
0.981252
0.981605
0.981940
0.982258
0.982560
0.982846
0.983117
0.983373
0.983616
0.983846
0.984064
0.984270
0.984464
0.984648
0.984821
0.984985
0.985139
0.985285
0.985422
0.985551
0.985673
0.985788
0.985896
0.985997
0.986092
0.986182
0.986266
0.986345
0.986419
0.986489
0.986554
0.986615
0.986672
0.986726
0.986776
0.986823
0.986867
0.986907
0.986946
0.986982
0.987015
0.987046
0.987075
0.987102
0.987127
0.987151
0.987173
0.987193
0.987212
0.987230
0.987246
0.987261
0.987275
0.987288
0.987300
0.987312
0.987322
0.987332
0.987341
0.987349
0.987357
0.987364
0.987370
0.987376
0.987382
0.987387
0.987392
0.987396
0.987400
0.987404
0.987408
0.987411
0.987414
0.987416
0.987419
0.987421
0.987423
0.987425
0.987427
0.987428
0.987430
0.987431
0.987432
0.987434
0.987435
0.987436
0.987437
0.987437
0.987438
0.987439
0.987439
0.987440
0.987440
0.987441
0.987441
0.987442
0.987442
0.987442
0.987443
0.987443
0.987443
0.987443
0.987444
0.987444
0.987444
0.987444
0.987444
0.987444
0.987444
0.987444
0.987445
0.987445
0.987445
0.987445
0.987445
0.987445
0.987445
0.987445
0.987445
0.987445
0.987445
0.987445
0.987445
0.987445
0.987445
0.987445
0.987445
0.987445
0.987445
0.987445
0.987445
0.987445
0.987445
0.987445
0.987445
0.987445
0.987445
0.987445
0.987445
0.987445
0.987445
0.987445
0.987445
0.987445
0.987445
0.987445
0.987445
0.987445
0.987445
0.987445
0.987445
0.987445
0.987445
0.987445
0.987445
0.987445
0.987445
0.987445
0.987445
0.987445
0.987445
0.987445
0.987445
0.987445
0.987445
0.987445
0.987445
0.987445
0.987445
0.987445
0.987445
0.987445
0.987445
0.987445
0.987445
0.987445
0.987445
0.987445
0.987445
0.987445
0.987445
0.987445
0.987445
0.987445
0.987445
0.987445
0.987445
0.987445
0.987445
0.987445
0.987445
0.987445
0.987445
0.987445
0.987445
0.987445
0.987445
0.987445
0.987445
0.987445
0.987445
0.987445
0.987445
0.987445
0.987445
0.987445
0.987445
0.987445
0.987445
0.987445
0.987445
0.987445
0.987445
0.987445
0.987445
0.987445
0.987445
0.987445
0.987445
0.987445
0.987445
0.987445
0.987445
0.987445
0.987445
0.987445
0.987445
0.987445
0.987445
0.987445
0.987445
0.987445
0.987445
0.987445
0.987445
0.987445
0.987445
0.987445
0.987445
0.987445
0.987445
0.987445
0.987445
0.987445
0.987445
0.987445
0.987445
0.987445
0.987445
0.987445
0.987445
0.987445
0.987445
0.987445
0.987445
0.987445
0.987445
0.987445
0.987445
0.987445
0.987445
0.987445
0.987445
0.987445
0.987445
0.987445
0.987445
0.987445
0.987445
0.987445
0.987445
0.987445
0.987445
0.987445
0.987445
0.987445
0.987445
0.987445
0.987445
0.987445
0.987445
0.987445
0.987445
0.987445
0.987445
0.987445
0.987445
0.987445
0.987445
0.987445
0.987445
0.987445
0.987445
0.987445
0.987445
0.987445
0.987445
0.987445
0.987445
0.987445
0.987445
0.987445
0.987445
0.987445
0.987445
0.987445
0.987445
0.987445
0.987445
0.987445
0.987445
0.987445
0.987445
0.987445
0.987445
0.987445
0.987445
0.987445
0.987445
0.987445
0.987445
0.987445
0.987445
0.987445
0.987445
0.987445
0.987445
0.987445
0.987445
0.987445
0.987445
0.987445
0.987445
0.987445
0.987445
0.987445
0.987445
0.987445
0.987445
0.987445
0.987445
0.987445
0.987445
0.987445
0.987445
0.987445
0.987445
0.987445
0.987445
0.987445
0.987445
0.987445
0.987445
0.987445
0.987445
0.987445
0.987445
0.987445
0.987445
0.987445
0.987445
0.987445
0.987445
0.987445
0.987445
0.987445
0.987445
0.987445
0.987445
0.987445
0.987445
0.987445
0.987445
0.987445
0.987445
0.987445
0.987445
0.987445
0.987445
0.987445
0.987445
0.987445
0.987445
0.987445
0.987445
0.987445
0.987445
0.987445
0.987445
0.987445
0.987445
0.987445
0.987445
0.987445
0.987445
0.987445
0.987445
0.987445
0.987445
0.987445
0.987445
0.987445
0.987445
0.987445
0.987445
0.987445
0.987445
0.987445
0.987445
0.987445
0.987445
0.987445
0.987445
0.987445
0.987445
0.987445
0.987445
0.987445
0.987445
0.987445
0.987445
0.987445
0.987445
0.987445
0.987445
0.987445
0.987445
0.987445
0.987445
0.987445
0.987445
0.987445
0.987445
0.987445
0.987445
0.987445
0.987445
0.987445
0.987445
0.987445
0.987445
0.987445
0.987445
0.987445
0.987445
0.987445
