0.012689
0.026900
0.041471
0.056686
0.072886
0.090488
0.110426
0.133398
0.152163
0.175943
0.206672
0.240816
0.268974
0.283139
0.284540
0.281506
0.280428
0.281737
0.283678
0.285647
0.287612
0.289571
0.291525
0.293473
0.295416
0.297354
0.299286
0.301214
0.303136
0.305053
0.306965
0.308873
0.310776
0.312673
0.314567
0.316455
0.318339
0.320218
0.322093
0.324002
0.325707
0.327412
0.329113
0.330811
0.332506
0.334197
0.335885
0.337569
0.339250
0.340928
0.342602
0.344273
0.345940
0.347604
0.349265
0.350923
0.352578
0.354229
0.355878
0.357523
0.359165
0.360805
0.362441
0.364074
0.365705
0.367332
0.368957
0.370579
0.372198
0.373814
0.375428
0.377038
0.378646
0.380252
0.381855
0.383455
0.385053
0.386648
0.388241
0.389831
0.391419
0.393004
0.394587
0.396168
0.397746
0.399322
0.400896
0.402468
0.404037
0.405604
0.407170
0.408733
0.410294
0.411853
0.413410
0.414965
0.416518
0.418069
0.419619
0.421166
0.422712
0.424256
0.425798
0.427339
0.428878
0.430415
0.431950
0.433484
0.435017
0.436547
0.438077
0.439605
0.441131
0.442656
0.444180
0.445702
0.447223
0.448742
0.450261
0.451778
0.453294
0.454809
0.456322
0.457834
0.459346
0.460856
0.462365
0.463873
0.465380
0.466886
0.468392
0.469896
0.471399
0.472902
0.474404
0.475904
0.477404
0.478904
0.480402
0.481900
0.483397
0.484893
0.486389
0.487884
0.489379
0.490873
0.492366
0.493859
0.495351
0.496843
0.498334
0.499825
0.501315
0.502805
0.504295
0.505784
0.507273
0.508761
0.510249
0.511737
0.513224
0.514711
0.516198
0.517685
0.519171
0.520657
0.522143
0.523629
0.525115
0.526600
0.528085
0.529570
0.531055
0.532540
0.534025
0.535509
0.536994
0.538478
0.539963
0.541447
0.542932
0.544416
0.545900
0.547384
0.548869
0.550353
0.551837
0.553321
0.554805
0.556290
0.557774
0.559258
0.560742
0.562227
0.563711
0.565196
0.566680
0.568165
0.569649
0.571134
0.572618
0.574103
0.575588
0.577073
0.578558
0.580043
0.581528
0.583013
0.584498
0.585983
0.587468
0.588953
0.590438
0.591923
0.593409
0.594894
0.596379
0.597864
0.599349
0.600835
0.602320
0.603805
0.605290
0.606775
0.608260
0.609745
0.611230
0.612715
0.614200
0.615684
0.617169
0.618653
0.620137
0.621621
0.623105
0.624589
0.626073
0.627556
0.629039
0.630522
0.632005
0.633487
0.634969
0.636451
0.637932
0.639413
0.640894
0.642375
0.643855
0.645334
0.646813
0.648292
0.649771
0.651248
0.652726
0.654203
0.655679
0.657155
0.658630
0.660104
0.661578
0.663052
0.664524
0.665996
0.667467
0.668938
0.670408
0.671876
0.673345
0.674812
0.676278
0.677744
0.679209
0.680672
0.682135
0.683597
0.685058
0.686518
0.687976
0.689434
0.690891
0.692346
0.693800
0.695253
0.696705
0.698156
0.699605
0.701053
0.702500
0.703945
0.705389
0.706832
0.708273
0.709713
0.711151
0.712587
0.714022
0.715456
0.716888
0.718318
0.719747
0.721174
0.722599
0.724022
0.725444
0.726863
0.728281
0.729697
0.731111
0.732523
0.733934
0.735342
0.736748
0.738152
0.739554
0.740954
0.742352
0.743747
0.745140
0.746531
0.747920
0.749307
0.750691
0.752072
0.753452
0.754829
0.756203
0.757575
0.758944
0.760311
0.761675
0.763037
0.764396
0.765752
0.767106
0.768457
0.769805
0.771150
0.772493
0.773832
0.775169
0.776503
0.777834
0.779162
0.780487
0.781808
0.783127
0.784443
0.785755
0.787065
0.788371
0.789674
0.790974
0.792270
0.793564
0.794853
0.796140
0.797423
0.798703
0.799979
0.801252
0.802521
0.803787
0.805049
0.806308
0.807563
0.808815
0.810063
0.811307
0.812547
0.813784
0.815017
0.816246
0.817472
0.818693
0.819911
0.821125
0.822335
0.823541
0.824743
0.825941
0.827135
0.828325
0.829512
0.830694
0.831872
0.833045
0.834215
0.835381
0.836542
0.837699
0.838852
0.840001
0.841146
0.842286
0.843422
0.844554
0.845681
0.846804
0.847923
0.849037
0.850147
0.851253
0.852354
0.853450
0.854542
0.855630
0.856713
0.857792
0.858866
0.859936
0.861001
0.862061
0.863117
0.864168
0.865215
0.866257
0.867294
0.868327
0.869355
0.870379
0.871397
0.872411
0.873421
0.874425
0.875425
0.876420
0.877411
0.878396
0.879377
0.880353
0.881324
0.882291
0.883253
0.884209
0.885162
0.886109
0.887051
0.887989
0.888921
0.889849
0.890772
0.891690
0.892604
0.893512
0.894416
0.895314
0.896208
0.897097
0.897981
0.898860
0.899734
0.900604
0.901468
0.902328
0.903182
0.904032
0.904877
0.905717
0.906552
0.907382
0.908207
0.909028
0.909843
0.910654
0.911459
0.912260
0.913056
0.913847
0.914633
0.915414
0.916191
0.916962
0.917729
0.918491
0.919248
0.920000
0.920747
0.921489
0.922227
0.922960
0.923687
0.924411
0.925129
0.925842
0.926551
0.927255
0.927954
0.928648
0.929338
0.930023
0.930703
0.931378
0.932049
0.932715
0.933376
0.934032
0.934684
0.935331
0.935974
0.936612
0.937245
0.937874
0.938498
0.939117
0.939732
0.940342
0.940948
0.941549
0.942145
0.942737
0.943325
0.943908
0.944486
0.945060
0.945630
0.946195
0.946755
0.947312
0.947864
0.948411
0.948954
0.949493
0.950028
0.950558
0.951083
0.951605
0.952122
0.952635
0.953144
0.953649
0.954149
0.954645
0.955137
0.955625
0.956108
0.956588
0.957064
0.957535
0.958002
0.958465
0.958925
0.959380
0.959831
0.960278
0.960722
0.961161
0.961597
0.962028
0.962456
0.962880
0.963300
0.963716
0.964128
0.964537
0.964942
0.965343
0.965740
0.966134
0.966524
0.966910
0.967293
0.967672
0.968047
0.968419
0.968788
0.969153
0.969514
0.969872
0.970226
0.970577
0.970924
0.971268
0.971609
0.971946
0.972280
0.972611
0.972938
0.973262
0.973582
0.973900
0.974214
0.974525
0.974833
0.975138
0.975439
0.975738
0.976033
0.976325
0.976614
0.976901
0.977184
0.977464
0.977741
0.978015
0.978286
0.978555
0.978820
0.979083
0.979343
