0.009858
0.021334
0.035602
0.042900
0.048777
0.055115
0.061997
0.069536
0.077865
0.087145
0.097558
0.109344
0.122827
0.138441
0.156766
0.178593
0.205179
0.238581
0.282004
0.338877
0.400099
0.410766
0.351541
0.320722
0.320292
0.323041
0.325889
0.328777
0.331702
0.334662
0.337656
0.340682
0.343740
0.346829
0.349948
0.353098
0.356277
0.359487
0.362726
0.366058
0.369152
0.372299
0.375480
0.378693
0.381939
0.385216
0.388525
0.391866
0.395238
0.398641
0.402075
0.405539
0.409034
0.412559
0.416113
0.419697
0.423309
0.426951
0.430620
0.434317
0.438042
0.441793
0.445571
0.449374
0.453203
0.457057
0.460935
0.464836
0.468760
0.472706
0.476675
0.480663
0.484673
0.488701
0.492749
0.496814
0.500897
0.504996
0.509110
0.513240
0.517384
0.521540
0.525709
0.529890
0.534081
0.538282
0.542492
0.546710
0.550935
0.555166
0.559403
0.563643
0.567888
0.572135
0.576384
0.580633
0.584883
0.589131
0.593378
0.597622
0.601862
0.606098
0.610328
0.614552
0.618769
0.622978
0.627178
0.631368
0.635548
0.639716
0.643872
0.648016
0.652145
0.656260
0.660360
0.664444
0.668511
0.672561
0.676592
0.680605
0.684598
0.688571
0.692523
0.696454
0.700363
0.704249
0.708112
0.711951
0.715766
0.719556
0.723320
0.727059
0.730772
0.734458
0.738117
0.741748
0.745351
0.748925
0.752471
0.755988
0.759476
0.762934
0.766361
0.769759
0.773125
0.776461
0.779766
0.783040
0.786282
0.789493
0.792671
0.795818
0.798933
0.802015
0.805065
0.808083
0.811068
0.814021
0.816941
0.819828
0.822683
0.825505
0.828294
0.831050
0.833774
0.836466
0.839125
0.841751
0.844345
0.846907
0.849436
0.851933
0.854399
0.856832
0.859234
0.861603
0.863942
0.866249
0.868525
0.870770
0.872984
0.875168
0.877321
0.879443
0.881536
0.883599
0.885633
0.887636
0.889611
0.891557
0.893474
0.895363
0.897223
0.899056
0.900861
0.902638
0.904388
0.906111
0.907808
0.909478
0.911122
0.912740
0.914332
0.915899
0.917441
0.918958
0.920451
0.921920
0.923364
0.924785
0.926182
0.927556
0.928908
0.930237
0.931543
0.932828
0.934091
0.935332
0.936552
0.937752
0.938931
0.940089
0.941227
0.942346
0.943445
0.944525
0.945585
0.946627
0.947651
0.948656
0.949644
0.950614
0.951566
0.952501
0.953420
0.954322
0.955207
0.956076
0.956930
0.957767
0.958590
0.959397
0.960189
0.960966
0.961729
0.962478
0.963213
0.963934
0.964642
0.965336
0.966017
0.966685
0.967341
0.967984
0.968614
0.969233
0.969840
0.970435
0.971019
0.971591
0.972153
0.972703
0.973243
0.973773
0.974292
0.974800
0.975299
0.975789
0.976268
0.976738
0.977199
0.977651
0.978094
0.978528
0.978953
0.979370
0.979779
0.980179
0.980572
0.980956
0.981333
0.981703
0.982064
0.982419
0.982767
0.983107
0.983440
0.983767
0.984087
0.984401
0.984708
0.985009
0.985304
0.985593
0.985876
0.986153
0.986424
0.986690
0.986950
0.987205
0.987455
0.987699
0.987939
0.988173
0.988403
0.988628
0.988848
0.989063
0.989275
0.989481
0.989684
0.989882
0.990076
0.990266
0.990452
0.990634
0.990812
0.990986
0.991157
0.991324
0.991488
0.991648
0.991805
0.991959
0.992109
0.992256
0.992400
0.992541
0.992679
0.992814
0.992946
0.993075
0.993201
0.993325
0.993446
0.993565
0.993681
0.993794
0.993905
0.994014
0.994121
0.994225
0.994326
0.994426
0.994524
0.994619
0.994712
0.994804
0.994893
0.994980
0.995066
0.995150
0.995231
0.995312
0.995390
0.995466
0.995541
0.995615
0.995687
0.995757
0.995825
0.995892
0.995958
0.996022
0.996085
0.996147
0.996207
0.996266
0.996323
0.996379
0.996434
0.996488
0.996541
0.996592
0.996643
0.996692
0.996740
0.996787
0.996833
0.996878
0.996922
0.996965
0.997007
0.997049
0.997089
0.997128
0.997167
0.997204
0.997241
0.997277
0.997312
0.997347
0.997380
0.997413
0.997445
0.997477
0.997508
0.997538
0.997567
0.997596
0.997624
0.997651
0.997678
0.997705
0.997730
0.997755
0.997780
0.997804
0.997827
0.997850
0.997873
0.997895
0.997916
0.997937
0.997957
0.997977
0.997997
0.998016
0.998035
0.998053
0.998071
0.998088
0.998105
0.998122
0.998138
0.998154
0.998170
0.998185
0.998200
0.998214
0.998228
0.998242
0.998256
0.998269
0.998282
0.998295
0.998307
0.998319
0.998331
0.998343
0.998354
0.998365
0.998376
0.998386
0.998397
0.998407
0.998416
0.998426
0.998435
0.998445
0.998453
0.998462
0.998471
0.998479
0.998487
0.998495
0.998503
0.998511
0.998518
0.998525
0.998533
0.998539
0.998546
0.998553
0.998559
0.998566
0.998572
0.998578
0.998584
0.998590
0.998595
0.998601
0.998606
0.998611
0.998616
0.998621
0.998626
0.998631
0.998636
0.998640
0.998645
0.998649
0.998653
0.998658
0.998662
0.998666
0.998669
0.998673
0.998677
0.998680
0.998684
0.998687
0.998691
0.998694
0.998697
0.998700
0.998703
0.998706
0.998709
0.998712
0.998715
0.998718
0.998720
0.998723
0.998725
0.998728
0.998730
0.998733
0.998735
0.998737
0.998739
0.998742
0.998744
0.998746
0.998748
0.998750
0.998752
0.998753
0.998755
0.998757
0.998759
0.998760
0.998762
0.998764
0.998765
0.998767
0.998768
0.998770
0.998771
0.998773
0.998774
0.998775
0.998777
0.998778
0.998779
0.998780
0.998781
0.998783
0.998784
0.998785
0.998786
0.998787
0.998788
0.998789
0.998790
0.998791
0.998792
0.998793
0.998794
0.998794
0.998795
0.998796
0.998797
0.998798
0.998798
0.998799
0.998800
0.998801
0.998801
0.998802
0.998803
0.998803
0.998804
0.998805
0.998805
0.998806
0.998806
0.998807
0.998807
0.998808
0.998808
0.998809
0.998809
0.998810
0.998810
0.998811
0.998811
0.998812
0.998812
0.998813
0.998813
0.998813
0.998814
0.998814
0.998814
0.998815
0.998815
0.998816
0.998816
0.998816
0.998816
0.998817
0.998817
0.998817
0.998818
0.998818
0.998818
0.998818
0.998819
0.998819
