0.017343
0.036916
0.057773
0.085370
0.126538
0.174358
0.214202
0.240028
0.255218
0.265741
0.275842
0.278896
0.280769
0.282727
0.284709
0.286686
0.288658
0.290623
0.292581
0.294534
0.296480
0.298420
0.300354
0.302282
0.304204
0.306120
0.308031
0.309935
0.311834
0.313727
0.315614
0.317496
0.319372
0.321243
0.323109
0.324969
0.326824
0.328673
0.330518
0.332406
0.334098
0.335777
0.337451
0.339121
0.340787
0.342448
0.344105
0.345758
0.347406
0.349051
0.350691
0.352327
0.353958
0.355586
0.357209
0.358829
0.360444
0.362055
0.363662
0.365265
0.366864
0.368459
0.370050
0.371637
0.373219
0.374798
0.376373
0.377944
0.379511
0.381073
0.382632
0.384187
0.385738
0.387285
0.388829
0.390368
0.391903
0.393435
0.394963
0.396487
0.398007
0.399523
0.401035
0.402544
0.404049
0.405549
0.407047
0.408540
0.410030
0.411516
0.412998
0.414476
0.415951
0.417422
0.418890
0.420353
0.421813
0.423270
0.424723
0.426172
0.427617
0.429059
0.430497
0.431932
0.433363
0.434791
0.436215
0.437635
0.439052
0.440465
0.441875
0.443281
0.444684
0.446084
0.447479
0.448872
0.450261
0.451646
0.453028
0.454407
0.455782
0.457154
0.458523
0.459888
0.461249
0.462608
0.463963
0.465314
0.466663
0.468008
0.469349
0.470688
0.472023
0.473355
0.474683
0.476009
0.477331
0.478650
0.479965
0.481278
0.482587
0.483893
0.485196
0.486496
0.487792
0.489086
0.490376
0.491663
0.492947
0.494228
0.495506
0.496781
0.498053
0.499321
0.500587
0.501849
0.503109
0.504365
0.505619
0.506869
0.508117
0.509361
0.510603
0.511842
0.513077
0.514310
0.515540
0.516767
0.517991
0.519212
0.520430
0.521645
0.522858
0.524068
0.525274
0.526478
0.527680
0.528878
0.530073
0.531266
0.532456
0.533643
0.534828
0.536010
0.537189
0.538365
0.539539
0.540710
0.541878
0.543043
0.544206
0.545366
0.546524
0.547679
0.548831
0.549981
0.551128
0.552272
0.553414
0.554554
0.555690
0.556825
0.557956
0.559085
0.560212
0.561336
0.562458
0.563577
0.564694
0.565808
0.566920
0.568029
0.569136
0.570240
0.571342
0.572442
0.573539
0.574634
0.575727
0.576817
0.577905
0.578990
0.580073
0.581154
0.582233
0.583309
0.584383
0.585455
0.586524
0.587592
0.588657
0.589719
0.590780
0.591838
0.592894
0.593948
0.595000
0.596050
0.597097
0.598142
0.599186
0.600227
0.601266
0.602303
0.603337
0.604370
0.605401
0.606429
0.607456
0.608480
0.609503
0.610524
0.611542
0.612559
0.613573
0.614586
0.615596
0.616605
0.617612
0.618616
0.619619
0.620620
0.621619
0.622617
0.623612
0.624605
0.625597
0.626587
0.627575
0.628561
0.629545
0.630528
0.631509
0.632488
0.633465
0.634440
0.635414
0.636386
0.637356
0.638325
0.639292
0.640257
0.641221
0.642182
0.643143
0.644101
0.645058
0.646013
0.646967
0.647919
0.648869
0.649818
0.650765
0.651711
0.652655
0.653598
0.654539
0.655478
0.656417
0.657353
0.658288
0.659222
0.660154
0.661084
0.662014
0.662941
0.663868
0.664792
0.665716
0.666638
0.667559
0.668478
0.669396
0.670312
0.671227
0.672141
0.673054
0.673965
0.674875
0.675783
0.676691
0.677597
0.678501
0.679405
0.680307
0.681208
0.682108
0.683006
0.683903
0.684799
0.685694
0.686588
0.687480
0.688371
0.689262
0.690150
0.691038
0.691925
0.692810
0.693695
0.694578
0.695460
0.696341
0.697222
0.698100
0.698978
0.699855
0.700731
0.701606
0.702479
0.703352
0.704224
0.705094
0.705964
0.706833
0.707700
0.708567
0.709433
0.710297
0.711161
0.712024
0.712886
0.713747
0.714607
0.715466
0.716324
0.717181
0.718038
0.718893
0.719748
0.720602
0.721455
0.722307
0.723158
0.724008
0.724858
0.725707
0.726555
0.727402
0.728248
0.729093
0.729938
0.730782
0.731625
0.732467
0.733309
0.734149
0.734989
0.735828
0.736667
0.737505
0.738342
0.739178
0.740013
0.740848
0.741682
0.742515
0.743348
0.744180
0.745011
0.745842
0.746672
0.747501
0.748329
0.749157
0.749984
0.750811
0.751636
0.752462
0.753286
0.754110
0.754933
0.755756
0.756578
0.757399
0.758219
0.759039
0.759859
0.760677
0.761496
0.762313
0.763130
0.763946
0.764762
0.765577
0.766391
0.767205
0.768018
0.768831
0.769643
0.770455
0.771265
0.772076
0.772885
0.773694
0.774503
0.775311
0.776118
0.776925
0.777731
0.778537
0.779342
0.780146
0.780950
0.781753
0.782556
0.783358
0.784159
0.784960
0.785761
0.786560
0.787360
0.788158
0.788956
0.789754
0.790550
0.791347
0.792142
0.792938
0.793732
0.794526
0.795319
0.796112
0.796904
0.797696
0.798487
0.799277
0.800067
0.800856
0.801644
0.802432
0.803220
0.804006
0.804792
0.805578
0.806363
0.807147
0.807930
0.808713
0.809496
0.810277
0.811058
0.811839
0.812618
0.813397
0.814176
0.814954
0.815731
0.816507
0.817283
0.818058
0.818832
0.819606
0.820379
0.821151
0.821923
0.822693
0.823463
0.824233
0.825001
0.825769
0.826537
0.827303
0.828069
0.828834
0.829598
0.830361
0.831124
0.831885
0.832646
0.833407
0.834166
0.834925
0.835682
0.836439
0.837195
0.837951
0.838705
0.839459
0.840211
0.840963
0.841714
0.842464
0.843213
0.843961
0.844709
0.845455
0.846200
0.846945
0.847689
0.848431
0.849173
0.849914
0.850653
0.851392
0.852130
0.852866
0.853602
0.854337
0.855070
0.855803
0.856534
0.857265
0.857994
0.858722
0.859450
0.860176
0.860901
0.861624
0.862347
0.863069
0.863789
0.864508
0.865226
0.865943
0.866659
0.867373
0.868087
0.868799
0.869509
0.870219
0.870927
0.871634
0.872340
0.873044
0.873748
0.874449
0.875150
0.875849
0.876547
0.877243
0.877938
0.878632
0.879324
0.880015
0.880705
0.881393
0.882079
0.882765
0.883448
0.884131
0.884811
0.885491
0.886169
0.886845
0.887520
0.888193
0.888864
0.889535
0.890203
0.890870
0.891535
0.892199
0.892861
0.893522
0.894181
0.894838
0.895493
0.896147
0.896800
