0.011737
0.024898
0.038407
0.052555
0.067872
0.086451
0.112380
0.140237
0.175553
0.211428
0.240385
0.259354
0.269759
0.274874
0.277564
0.279498
0.281349
0.283269
0.285234
0.287207
0.289174
0.291136
0.293091
0.295041
0.296985
0.298923
0.300855
0.302782
0.304703
0.306618
0.308528
0.310432
0.312331
0.314225
0.316113
0.317996
0.319873
0.321745
0.323612
0.325526
0.327242
0.328944
0.330639
0.332330
0.334017
0.335699
0.337377
0.339051
0.340721
0.342386
0.344047
0.345704
0.347357
0.349005
0.350649
0.352289
0.353925
0.355557
0.357184
0.358808
0.360427
0.362042
0.363654
0.365261
0.366864
0.368462
0.370057
0.371648
0.373235
0.374818
0.376396
0.377971
0.379542
0.381109
0.382671
0.384230
0.385785
0.387336
0.388883
0.390426
0.391966
0.393501
0.395032
0.396560
0.398084
0.399604
0.401120
0.402632
0.404140
0.405645
0.407146
0.408643
0.410136
0.411625
0.413111
0.414593
0.416071
0.417546
0.419016
0.420483
0.421947
0.423407
0.424863
0.426315
0.427764
0.429209
0.430650
0.432088
0.433522
0.434953
0.436380
0.437803
0.439223
0.440640
0.442052
0.443461
0.444867
0.446269
0.447668
0.449063
0.450455
0.451843
0.453228
0.454609
0.455987
0.457361
0.458732
0.460100
0.461464
0.462825
0.464182
0.465536
0.466887
0.468234
0.469578
0.470918
0.472255
0.473589
0.474920
0.476247
0.477571
0.478892
0.480209
0.481524
0.482835
0.484142
0.485447
0.486748
0.488046
0.489341
0.490633
0.491921
0.493206
0.494488
0.495767
0.497043
0.498316
0.499586
0.500852
0.502115
0.503376
0.504633
0.505887
0.507138
0.508386
0.509631
0.510873
0.512112
0.513348
0.514580
0.515810
0.517037
0.518261
0.519482
0.520700
0.521915
0.523127
0.524336
0.525542
0.526746
0.527946
0.529144
0.530338
0.531530
0.532719
0.533905
0.535088
0.536268
0.537446
0.538621
0.539792
0.540962
0.542128
0.543291
0.544452
0.545610
0.546765
0.547918
0.549068
0.550215
0.551359
0.552501
0.553640
0.554776
0.555909
0.557040
0.558168
0.559294
0.560417
0.561537
0.562655
0.563770
0.564883
0.565992
0.567100
0.568204
0.569307
0.570406
0.571503
0.572598
0.573690
0.574779
0.575866
0.576951
0.578033
0.579112
0.580189
0.581264
0.582336
0.583405
0.584472
0.585537
0.586600
0.587659
0.588717
0.589772
0.590825
0.591875
0.592923
0.593969
0.595012
0.596053
0.597092
0.598128
0.599162
0.600194
0.601223
0.602250
0.603275
0.604298
0.605318
0.606336
0.607352
0.608365
0.609377
0.610386
0.611393
0.612398
0.613400
0.614401
0.615399
0.616395
0.617389
0.618380
0.619370
0.620358
0.621343
0.622326
0.623307
0.624286
0.625263
0.626238
0.627211
0.628182
0.629151
0.630117
0.631082
0.632045
0.633005
0.633964
0.634921
0.635875
0.636828
0.637778
0.638727
0.639674
0.640619
0.641562
0.642503
0.643442
0.644379
0.645314
0.646247
0.647179
0.648108
0.649036
0.649962
0.650886
0.651808
0.652728
0.653646
0.654563
0.655478
0.656391
0.657302
0.658211
0.659119
0.660025
0.660929
0.661831
0.662732
0.663630
0.664528
0.665423
0.666317
0.667209
0.668099
0.668987
0.669874
0.670759
0.671643
0.672525
0.673405
0.674283
0.675160
0.676035
0.676909
0.677781
0.678652
0.679520
0.680388
0.681253
0.682117
0.682980
0.683841
0.684700
0.685558
0.686414
0.687269
0.688122
0.688974
0.689824
0.690672
0.691520
0.692365
0.693209
0.694052
0.694893
0.695733
0.696571
0.697408
0.698244
0.699078
0.699910
0.700741
0.701571
0.702399
0.703226
0.704052
0.704876
0.705699
0.706520
0.707340
0.708159
0.708976
0.709792
0.710607
0.711420
0.712232
0.713042
0.713852
0.714660
0.715466
0.716272
0.717076
0.717879
0.718680
0.719480
0.720279
0.721077
0.721874
0.722669
0.723463
0.724256
0.725047
0.725838
0.726627
0.727415
0.728201
0.728987
0.729771
0.730554
0.731336
0.732117
0.732896
0.733675
0.734452
0.735228
0.736003
0.736777
0.737549
0.738321
0.739091
0.739860
0.740628
0.741395
0.742161
0.742926
0.743690
0.744452
0.745214
0.745974
0.746734
0.747492
0.748249
0.749005
0.749760
0.750514
0.751267
0.752019
0.752770
0.753520
0.754268
0.755016
0.755763
0.756508
0.757253
0.757997
0.758739
0.759481
0.760221
0.760961
0.761700
0.762437
0.763174
0.763910
0.764644
0.765378
0.766111
0.766842
0.767573
0.768303
0.769032
0.769760
0.770486
0.771212
0.771937
0.772661
0.773385
0.774107
0.774828
0.775548
0.776268
0.776986
0.777704
0.778420
0.779136
0.779851
0.780565
0.781277
0.781989
0.782701
0.783411
0.784120
0.784828
0.785536
0.786243
0.786948
0.787653
0.788357
0.789060
0.789762
0.790463
0.791164
0.791863
0.792562
0.793259
0.793956
0.794652
0.795347
0.796042
0.796735
0.797427
0.798119
0.798810
0.799499
0.800188
0.800876
0.801564
0.802250
0.802936
0.803620
0.804304
0.804987
0.805669
0.806350
0.807030
0.807710
0.808389
0.809066
0.809743
0.810419
0.811094
0.811769
0.812442
0.813115
0.813786
0.814457
0.815127
0.815796
0.816465
0.817132
0.817799
0.818464
0.819129
0.819793
0.820456
0.821119
0.821780
0.822440
0.823100
0.823759
0.824417
0.825074
0.825730
0.826385
0.827040
0.827693
0.828346
0.828998
0.829649
0.830299
0.830948
0.831596
0.832243
0.832890
0.833536
0.834180
0.834824
0.835467
0.836109
0.836750
0.837391
0.838030
0.838669
0.839306
0.839943
0.840579
0.841213
0.841847
0.842480
0.843112
0.843744
0.844374
0.845003
0.845632
0.846259
0.846886
0.847511
0.848136
0.848760
0.849383
0.850005
0.850626
0.851246
0.851865
0.852483
0.853100
0.853716
0.854331
0.854945
0.855559
0.856171
0.856782
0.857393
0.858002
0.858610
0.859218
0.859824
0.860430
0.861034
0.861637
0.862240
0.862841
0.863442
0.864041
0.864639
0.865237
0.865833
0.866428
0.867022
0.867616
0.868208
0.868799
0.869389
0.869978
0.870566
0.871153
0.871738
0.872323
