0.072175
0.161552
0.263601
0.260434
0.181476
0.188628
0.203595
0.217223
0.229745
0.241357
0.252226
0.262490
0.272244
0.281576
0.290617
0.299514
0.308461
0.317838
0.328414
0.335608
0.338891
0.341900
0.344934
0.347994
0.351080
0.354193
0.357333
0.360500
0.363694
0.366915
0.370165
0.373442
0.376747
0.380081
0.383442
0.386833
0.390252
0.393699
0.397176
0.400754
0.404091
0.407481
0.410903
0.414357
0.417844
0.421362
0.424911
0.428492
0.432104
0.435746
0.439420
0.443123
0.446856
0.450619
0.454412
0.458233
0.462083
0.465962
0.469868
0.473802
0.477762
0.481749
0.485762
0.489801
0.493865
0.497953
0.502065
0.506200
0.510357
0.514537
0.518737
0.522959
0.527200
0.531460
0.535739
0.540036
0.544349
0.548679
0.553023
0.557382
0.561755
0.566141
0.570538
0.574947
0.579365
0.583793
0.588229
0.592673
0.597123
0.601578
0.606039
0.610502
0.614969
0.619437
0.623905
0.628374
0.632841
0.637306
0.641768
0.646226
0.650678
0.655125
0.659564
0.663995
0.668417
0.672829
0.677229
0.681618
0.685994
0.690356
0.694703
0.699034
0.703349
0.707646
0.711924
0.716183
0.720422
0.724639
0.728834
0.733007
0.737155
0.741279
0.745378
0.749451
0.753497
0.757515
0.761504
0.765465
0.769395
0.773295
0.777164
0.781002
0.784806
0.788578
0.792316
0.796020
0.799689
0.803323
0.806921
0.810482
0.814007
0.817495
0.820945
0.824358
0.827732
0.831067
0.834363
0.837620
0.840837
0.844014
0.847152
0.850248
0.853305
0.856320
0.859295
0.862228
0.865121
0.867972
0.870782
0.873550
0.876277
0.878962
0.881607
0.884209
0.886771
0.889291
0.891769
0.894207
0.896604
0.898959
0.901274
0.903549
0.905783
0.907977
0.910130
0.912244
0.914319
0.916354
0.918350
0.920308
0.922227
0.924108
0.925951
0.927757
0.929525
0.931257
0.932952
0.934612
0.936235
0.937823
0.939377
0.940896
0.942380
0.943831
0.945249
0.946634
0.947987
0.949308
0.950597
0.951855
0.953082
0.954280
0.955448
0.956586
0.957696
0.958777
0.959831
0.960857
0.961856
0.962829
0.963776
0.964697
0.965594
0.966465
0.967313
0.968137
0.968938
0.969716
0.970472
0.971206
0.971919
0.972611
0.973283
0.973934
0.974566
0.975179
0.975773
0.976349
0.976907
0.977448
0.977971
0.978479
0.978969
0.979444
0.979904
0.980349
0.980779
0.981195
0.981596
0.981985
0.982360
0.982722
0.983072
0.983410
0.983736
0.984051
0.984355
0.984647
0.984930
0.985202
0.985464
0.985717
0.985960
0.986194
0.986420
0.986637
0.986846
0.987047
0.987240
0.987426
0.987605
0.987777
0.987942
0.988100
0.988252
0.988398
0.988538
0.988673
0.988802
0.988926
0.989044
0.989158
0.989267
0.989371
0.989471
0.989567
0.989659
0.989747
0.989830
0.989911
0.989987
0.990061
0.990131
0.990198
0.990262
0.990323
0.990382
0.990437
0.990490
0.990541
0.990589
0.990636
0.990680
0.990721
0.990761
0.990799
0.990835
0.990870
0.990903
0.990934
0.990964
0.990992
0.991019
0.991044
0.991068
0.991091
0.991113
0.991134
0.991154
0.991172
0.991190
0.991207
0.991223
0.991238
0.991252
0.991266
0.991278
0.991291
0.991302
0.991313
0.991323
0.991333
0.991342
0.991351
0.991359
0.991367
0.991374
0.991381
0.991388
0.991394
0.991400
0.991405
0.991410
0.991415
0.991420
0.991424
0.991428
0.991432
0.991435
0.991439
0.991442
0.991445
0.991448
0.991450
0.991453
0.991455
0.991457
0.991460
0.991461
0.991463
0.991465
0.991467
0.991468
0.991469
0.991471
0.991472
0.991473
0.991474
0.991475
0.991476
0.991477
0.991478
0.991479
0.991479
0.991480
0.991481
0.991481
0.991482
0.991482
0.991483
0.991483
0.991484
0.991484
0.991484
0.991485
0.991485
0.991485
0.991486
0.991486
0.991486
0.991486
0.991486
0.991487
0.991487
0.991487
0.991487
0.991487
0.991487
0.991488
0.991488
0.991488
0.991488
0.991488
0.991488
0.991488
0.991488
0.991488
0.991488
0.991488
0.991488
0.991488
0.991488
0.991489
0.991489
0.991489
0.991489
0.991489
0.991489
0.991489
0.991489
0.991489
0.991489
0.991489
0.991489
0.991489
0.991489
0.991489
0.991489
0.991489
0.991489
0.991489
0.991489
0.991489
0.991489
0.991489
0.991489
0.991489
0.991489
0.991489
0.991489
0.991489
0.991489
0.991489
0.991489
0.991489
0.991489
0.991489
0.991489
0.991489
0.991489
0.991489
0.991489
0.991489
0.991489
0.991489
0.991489
0.991489
0.991489
0.991489
0.991489
0.991489
0.991489
0.991489
0.991489
0.991489
0.991489
0.991489
0.991489
0.991489
0.991489
0.991489
0.991489
0.991489
0.991489
0.991489
0.991489
0.991489
0.991489
0.991489
0.991489
0.991489
0.991489
0.991489
0.991489
0.991489
0.991489
0.991489
0.991489
0.991489
0.991489
0.991489
0.991489
0.991489
0.991489
0.991489
0.991489
0.991489
0.991489
0.991489
0.991489
0.991489
0.991489
0.991489
0.991489
0.991489
0.991489
0.991489
0.991489
0.991489
0.991489
0.991489
0.991489
0.991489
0.991489
0.991489
0.991489
0.991489
0.991489
0.991489
0.991489
0.991489
0.991489
0.991489
0.991489
0.991489
0.991489
0.991489
0.991489
0.991489
0.991489
0.991489
0.991489
0.991489
0.991489
0.991489
0.991489
0.991489
0.991489
0.991489
0.991489
0.991489
0.991489
0.991489
0.991489
0.991489
0.991489
0.991489
0.991489
0.991489
0.991489
0.991489
0.991489
0.991489
0.991489
0.991489
0.991489
0.991489
0.991489
0.991489
0.991489
0.991489
0.991489
0.991489
0.991489
0.991489
0.991489
0.991489
0.991489
0.991489
0.991489
0.991489
0.991489
0.991489
0.991489
0.991489
0.991489
0.991489
0.991489
0.991489
0.991489
0.991489
0.991489
0.991489
0.991489
0.991489
0.991489
0.991489
0.991489
0.991489
0.991489
0.991489
0.991489
0.991489
0.991489
0.991489
0.991489
0.991489
0.991489
0.991489
0.991489
0.991489
0.991489
0.991489
0.991489
0.991489
0.991489
0.991489
0.991489
0.991489
0.991489
