0.015433
0.032827
0.050818
0.070789
0.098103
0.137524
0.183151
0.222970
0.251142
0.269631
0.274974
0.277203
0.278960
0.280790
0.282729
0.284706
0.286683
0.288653
0.290618
0.292576
0.294527
0.296473
0.298413
0.300346
0.302274
0.304196
0.306111
0.308022
0.309926
0.311825
0.313718
0.315606
0.317488
0.319365
0.321236
0.323102
0.324963
0.326819
0.328669
0.330564
0.332261
0.333946
0.335626
0.337301
0.338972
0.340639
0.342302
0.343960
0.345614
0.347264
0.348909
0.350551
0.352188
0.353821
0.355450
0.357075
0.358695
0.360312
0.361925
0.363533
0.365137
0.366737
0.368334
0.369926
0.371514
0.373098
0.374678
0.376254
0.377827
0.379395
0.380959
0.382519
0.384076
0.385628
0.387176
0.388721
0.390262
0.391799
0.393332
0.394861
0.396386
0.397907
0.399425
0.400939
0.402449
0.403955
0.405457
0.406956
0.408451
0.409942
0.411429
0.412913
0.414393
0.415869
0.417341
0.418810
0.420275
0.421737
0.423195
0.424649
0.426099
0.427546
0.428990
0.430429
0.431865
0.433298
0.434727
0.436152
0.437574
0.438993
0.440408
0.441819
0.443227
0.444631
0.446032
0.447429
0.448823
0.450214
0.451601
0.452984
0.454365
0.455741
0.457115
0.458485
0.459852
0.461215
0.462575
0.463931
0.465285
0.466635
0.467981
0.469325
0.470665
0.472001
0.473335
0.474665
0.475992
0.477316
0.478637
0.479954
0.481268
0.482579
0.483887
0.485191
0.486493
0.487791
0.489086
0.490378
0.491667
0.492953
0.494236
0.495515
0.496792
0.498065
0.499336
0.500603
0.501868
0.503129
0.504387
0.505643
0.506895
0.508144
0.509391
0.510634
0.511875
0.513112
0.514347
0.515579
0.516807
0.518033
0.519256
0.520477
0.521694
0.522908
0.524120
0.525329
0.526535
0.527738
0.528938
0.530136
0.531331
0.532523
0.533712
0.534898
0.536082
0.537263
0.538442
0.539617
0.540790
0.541961
0.543128
0.544293
0.545455
0.546615
0.547772
0.548927
0.550078
0.551228
0.552374
0.553518
0.554660
0.555799
0.556935
0.558069
0.559200
0.560329
0.561456
0.562579
0.563701
0.564820
0.565936
0.567050
0.568162
0.569271
0.570378
0.571482
0.572584
0.573683
0.574781
0.575875
0.576968
0.578058
0.579146
0.580231
0.581314
0.582395
0.583474
0.584550
0.585624
0.586696
0.587766
0.588833
0.589898
0.590961
0.592021
0.593080
0.594136
0.595190
0.596242
0.597292
0.598340
0.599385
0.600429
0.601470
0.602509
0.603546
0.604581
0.605614
0.606645
0.607674
0.608701
0.609726
0.610748
0.611769
0.612788
0.613805
0.614820
0.615833
0.616844
0.617853
0.618860
0.619865
0.620868
0.621869
0.622869
0.623866
0.624862
0.625856
0.626848
0.627838
0.628826
0.629813
0.630797
0.631780
0.632761
0.633741
0.634718
0.635694
0.636668
0.637640
0.638611
0.639580
0.640547
0.641513
0.642476
0.643438
0.644399
0.645358
0.646315
0.647270
0.648224
0.649176
0.650127
0.651076
0.652023
0.652969
0.653914
0.654856
0.655798
0.656737
0.657675
0.658612
0.659547
0.660481
0.661413
0.662343
0.663272
0.664200
0.665126
0.666051
0.666974
0.667896
0.668817
0.669736
0.670653
0.671570
0.672485
0.673398
0.674310
0.675221
0.676131
0.677039
0.677945
0.678851
0.679755
0.680658
0.681559
0.682460
0.683359
0.684257
0.685153
0.686048
0.686942
0.687835
0.688727
0.689617
0.690506
0.691394
0.692281
0.693166
0.694050
0.694934
0.695816
0.696696
0.697576
0.698455
0.699332
0.700209
0.701084
0.701958
0.702831
0.703703
0.704574
0.705444
0.706312
0.707180
0.708047
0.708912
0.709777
0.710640
0.711503
0.712364
0.713224
0.714084
0.714942
0.715800
0.716656
0.717512
0.718366
0.719220
0.720072
0.720924
0.721774
0.722624
0.723473
0.724321
0.725168
0.726014
0.726859
0.727703
0.728547
0.729389
0.730231
0.731071
0.731911
0.732750
0.733588
0.734425
0.735262
0.736097
0.736932
0.737765
0.738598
0.739431
0.740262
0.741092
0.741922
0.742751
0.743579
0.744406
0.745233
0.746058
0.746883
0.747707
0.748531
0.749353
0.750175
0.750996
0.751816
0.752636
0.753454
0.754272
0.755089
0.755906
0.756721
0.757536
0.758351
0.759164
0.759977
0.760789
0.761600
0.762410
0.763220
0.764029
0.764838
0.765645
0.766452
0.767258
0.768064
0.768868
0.769672
0.770476
0.771278
0.772080
0.772882
0.773682
0.774482
0.775281
0.776079
0.776877
0.777674
0.778470
0.779266
0.780061
0.780855
0.781649
0.782441
0.783233
0.784025
0.784816
0.785606
0.786395
0.787184
0.787971
0.788759
0.789545
0.790331
0.791116
0.791901
0.792684
0.793467
0.794250
0.795031
0.795812
0.796592
0.797372
0.798150
0.798928
0.799706
0.800482
0.801258
0.802033
0.802808
0.803581
0.804354
0.805127
0.805898
0.806669
0.807439
0.808208
0.808977
0.809745
0.810512
0.811278
0.812043
0.812808
0.813572
0.814335
0.815098
0.815859
0.816620
0.817380
0.818140
0.818898
0.819656
0.820413
0.821169
0.821924
0.822678
0.823432
0.824185
0.824937
0.825688
0.826438
0.827188
0.827936
0.828684
0.829431
0.830177
0.830922
0.831666
0.832410
0.833152
0.833894
0.834634
0.835374
0.836113
0.836851
0.837588
0.838324
0.839059
0.839793
0.840527
0.841259
0.841990
0.842721
0.843450
0.844178
0.844906
0.845632
0.846357
0.847082
0.847805
0.848527
0.849249
0.849969
0.850688
0.851406
0.852123
0.852839
0.853554
0.854268
0.854981
0.855692
0.856403
0.857112
0.857820
0.858527
0.859233
0.859938
0.860642
0.861344
0.862046
0.862746
0.863445
0.864142
0.864839
0.865534
0.866228
0.866921
0.867613
0.868303
0.868992
0.869680
0.870366
0.871052
0.871735
0.872418
0.873099
0.873779
0.874458
0.875135
0.875811
0.876486
0.877159
0.877831
0.878501
0.879170
0.879838
0.880504
0.881169
0.881832
0.882494
0.883155
0.883814
0.884471
0.885127
0.885782
0.886435
0.887087
0.887737
0.888385
0.889032
0.889678
0.890322
0.890964
0.891605
0.892244
0.892881
0.893517
