0.011039
0.030242
0.076787
0.140804
0.197323
0.237914
0.256243
0.265670
0.270816
0.274051
0.276505
0.278663
0.280714
0.282727
0.284724
0.286712
0.288694
0.290669
0.292638
0.294602
0.296559
0.298510
0.300455
0.302394
0.304327
0.306255
0.308177
0.310093
0.312004
0.313909
0.315809
0.317703
0.319591
0.321475
0.323352
0.325225
0.327092
0.328954
0.330810
0.332723
0.334441
0.336137
0.337826
0.339510
0.341189
0.342864
0.344534
0.346201
0.347863
0.349520
0.351174
0.352823
0.354468
0.356109
0.357745
0.359377
0.361006
0.362630
0.364249
0.365865
0.367477
0.369084
0.370687
0.372287
0.373882
0.375473
0.377060
0.378642
0.380221
0.381796
0.383367
0.384933
0.386496
0.388055
0.389610
0.391160
0.392707
0.394250
0.395789
0.397324
0.398855
0.400382
0.401905
0.403424
0.404940
0.406451
0.407959
0.409462
0.410962
0.412458
0.413951
0.415439
0.416924
0.418405
0.419882
0.421355
0.422824
0.424290
0.425752
0.427210
0.428665
0.430116
0.431563
0.433006
0.434446
0.435882
0.437314
0.438743
0.440168
0.441589
0.443007
0.444421
0.445831
0.447238
0.448642
0.450041
0.451437
0.452830
0.454219
0.455604
0.456986
0.458365
0.459739
0.461111
0.462478
0.463843
0.465204
0.466561
0.467915
0.469265
0.470612
0.471956
0.473296
0.474632
0.475966
0.477296
0.478622
0.479945
0.481265
0.482581
0.483894
0.485203
0.486510
0.487813
0.489112
0.490408
0.491701
0.492991
0.494277
0.495560
0.496840
0.498117
0.499390
0.500660
0.501926
0.503190
0.504450
0.505707
0.506961
0.508212
0.509459
0.510703
0.511945
0.513182
0.514417
0.515649
0.516877
0.518102
0.519325
0.520544
0.521760
0.522972
0.524182
0.525389
0.526592
0.527793
0.528990
0.530185
0.531376
0.532564
0.533750
0.534932
0.536111
0.537287
0.538460
0.539630
0.540798
0.541962
0.543123
0.544281
0.545437
0.546589
0.547739
0.548885
0.550029
0.551169
0.552307
0.553442
0.554574
0.555703
0.556829
0.557952
0.559073
0.560190
0.561305
0.562417
0.563526
0.564632
0.565735
0.566836
0.567934
0.569029
0.570121
0.571210
0.572297
0.573381
0.574462
0.575540
0.576615
0.577688
0.578758
0.579826
0.580890
0.581952
0.583011
0.584068
0.585122
0.586173
0.587221
0.588267
0.589310
0.590350
0.591388
0.592423
0.593456
0.594485
0.595513
0.596537
0.597559
0.598578
0.599595
0.600609
0.601621
0.602630
0.603636
0.604640
0.605641
0.606640
0.607636
0.608630
0.609621
0.610610
0.611596
0.612579
0.613560
0.614539
0.615515
0.616489
0.617460
0.618428
0.619394
0.620358
0.621319
0.622278
0.623234
0.624188
0.625140
0.626089
0.627035
0.627979
0.628921
0.629861
0.630798
0.631732
0.632664
0.633594
0.634522
0.635447
0.636369
0.637290
0.638208
0.639124
0.640037
0.640948
0.641857
0.642763
0.643667
0.644569
0.645468
0.646366
0.647260
0.648153
0.649043
0.649931
0.650817
0.651701
0.652582
0.653461
0.654338
0.655213
0.656085
0.656955
0.657823
0.658689
0.659552
0.660413
0.661272
0.662129
0.662984
0.663837
0.664687
0.665535
0.666381
0.667225
0.668067
0.668906
0.669744
0.670579
0.671412
0.672243
0.673072
0.673899
0.674724
0.675547
0.676367
0.677186
0.678002
0.678816
0.679628
0.680439
0.681247
0.682053
0.682857
0.683658
0.684458
0.685256
0.686052
0.686846
0.687637
0.688427
0.689215
0.690001
0.690784
0.691566
0.692346
0.693123
0.693899
0.694673
0.695445
0.696215
0.696982
0.697748
0.698512
0.699274
0.700034
0.700793
0.701549
0.702303
0.703055
0.703806
0.704554
0.705301
0.706046
0.706789
0.707530
0.708269
0.709006
0.709741
0.710475
0.711206
0.711936
0.712664
0.713390
0.714114
0.714836
0.715557
0.716275
0.716992
0.717707
0.718420
0.719131
0.719841
0.720549
0.721255
0.721959
0.722661
0.723362
0.724060
0.724757
0.725452
0.726146
0.726838
0.727527
0.728216
0.728902
0.729587
0.730270
0.730951
0.731630
0.732308
0.732984
0.733658
0.734331
0.735002
0.735671
0.736338
0.737004
0.737668
0.738330
0.738991
0.739650
0.740307
0.740963
0.741617
0.742269
0.742920
0.743569
0.744216
0.744862
0.745506
0.746148
0.746789
0.747428
0.748066
0.748701
0.749336
0.749968
0.750599
0.751229
0.751857
0.752483
0.753108
0.753731
0.754352
0.754972
0.755591
0.756207
0.756822
0.757436
0.758048
0.758659
0.759268
0.759875
0.760481
0.761085
0.761688
0.762289
0.762889
0.763487
0.764084
0.764679
0.765273
0.765865
0.766456
0.767045
0.767632
0.768219
0.768803
0.769386
0.769968
0.770548
0.771127
0.771704
0.772280
0.772855
0.773427
0.773999
0.774569
0.775137
0.775704
0.776270
0.776834
0.777397
0.777958
0.778518
0.779077
0.779634
0.780190
0.780744
0.781297
0.781848
0.782398
0.782947
0.783494
0.784040
0.784585
0.785128
0.785670
0.786210
0.786749
0.787287
0.787823
0.788358
0.788891
0.789423
0.789954
0.790484
0.791012
0.791539
0.792064
0.792588
0.793111
0.793633
0.794153
0.794672
0.795189
0.795706
0.796220
0.796734
0.797246
0.797757
0.798267
0.798776
0.799283
0.799789
0.800293
0.800797
0.801299
0.801799
0.802299
0.802797
0.803294
0.803790
0.804284
0.804777
0.805269
0.805760
0.806250
0.806738
0.807225
0.807711
0.808195
0.808678
0.809161
0.809641
0.810121
0.810599
0.811077
0.811553
0.812028
0.812501
0.812974
0.813445
0.813915
0.814384
0.814852
0.815318
0.815783
0.816247
0.816710
0.817172
0.817633
0.818092
0.818551
0.819008
0.819464
0.819919
0.820373
0.820825
0.821277
0.821727
0.822176
0.822624
0.823071
0.823517
0.823961
0.824405
0.824847
0.825289
0.825729
0.826168
0.826606
0.827043
0.827479
0.827913
0.828347
0.828779
0.829211
0.829641
0.830070
0.830499
0.830926
0.831352
0.831777
0.832201
0.832623
0.833045
0.833466
0.833886
0.834304
0.834722
0.835138
0.835554
0.835968
0.836382
0.836794
0.837205
0.837616
0.838025
0.838433
