0.067886
0.171373
0.231350
0.255887
0.266706
0.272392
0.275937
0.278592
0.280879
0.283012
0.285080
0.287119
0.289144
0.291158
0.293165
0.295165
0.297159
0.299146
0.301127
0.303102
0.305070
0.307032
0.308988
0.310938
0.312882
0.314820
0.316753
0.318679
0.320599
0.322514
0.324423
0.326326
0.328224
0.330116
0.332002
0.333883
0.335758
0.337628
0.339492
0.341416
0.343151
0.344859
0.346560
0.348255
0.349945
0.351630
0.353311
0.354988
0.356660
0.358327
0.359990
0.361648
0.363302
0.364952
0.366597
0.368237
0.369873
0.371505
0.373133
0.374756
0.376374
0.377989
0.379599
0.381204
0.382806
0.384403
0.385996
0.387584
0.389168
0.390748
0.392324
0.393896
0.395463
0.397026
0.398585
0.400140
0.401691
0.403237
0.404780
0.406318
0.407852
0.409382
0.410908
0.412430
0.413948
0.415462
0.416971
0.418477
0.419979
0.421476
0.422970
0.424460
0.425946
0.427427
0.428905
0.430379
0.431849
0.433315
0.434777
0.436236
0.437690
0.439140
0.440587
0.442030
0.443469
0.444904
0.446335
0.447763
0.449187
0.450606
0.452023
0.453435
0.454844
0.456249
0.457650
0.459047
0.460441
0.461831
0.463218
0.464600
0.465979
0.467355
0.468726
0.470095
0.471459
0.472820
0.474177
0.475531
0.476881
0.478228
0.479571
0.480910
0.482246
0.483578
0.484907
0.486232
0.487554
0.488872
0.490187
0.491499
0.492806
0.494111
0.495412
0.496709
0.498004
0.499294
0.500582
0.501865
0.503146
0.504423
0.505697
0.506967
0.508234
0.509498
0.510759
0.512016
0.513269
0.514520
0.515767
0.517011
0.518251
0.519489
0.520723
0.521954
0.523181
0.524406
0.525627
0.526845
0.528060
0.529271
0.530479
0.531685
0.532887
0.534086
0.535281
0.536474
0.537663
0.538850
0.540033
0.541213
0.542390
0.543564
0.544735
0.545902
0.547067
0.548229
0.549387
0.550543
0.551695
0.552845
0.553991
0.555135
0.556275
0.557413
0.558547
0.559679
0.560807
0.561933
0.563056
0.564175
0.565292
0.566406
0.567517
0.568625
0.569730
0.570832
0.571932
0.573028
0.574122
0.575213
0.576301
0.577386
0.578468
0.579547
0.580624
0.581698
0.582769
0.583837
0.584902
0.585965
0.587025
0.588082
0.589136
0.590188
0.591236
0.592282
0.593326
0.594366
0.595404
0.596439
0.597472
0.598502
0.599529
0.600553
0.601575
0.602594
0.603610
0.604624
0.605635
0.606644
0.607650
0.608653
0.609654
0.610652
0.611647
0.612640
0.613630
0.614618
0.615603
0.616585
0.617565
0.618543
0.619518
0.620490
0.621460
0.622427
0.623392
0.624354
0.625314
0.626271
0.627226
0.628178
0.629128
0.630076
0.631020
0.631963
0.632903
0.633840
0.634775
0.635708
0.636638
0.637566
0.638492
0.639415
0.640335
0.641254
0.642169
0.643083
0.643994
0.644903
0.645809
0.646713
0.647615
0.648514
0.649411
0.650306
0.651198
0.652088
0.652976
0.653861
0.654744
0.655625
0.656504
0.657380
0.658254
0.659126
0.659995
0.660862
0.661727
0.662590
0.663451
0.664309
0.665165
0.666019
0.666870
0.667720
0.668567
0.669412
0.670255
0.671095
0.671934
0.672770
0.673604
0.674436
0.675266
0.676094
0.676919
0.677743
0.678564
0.679383
0.680200
0.681015
0.681828
0.682638
0.683447
0.684253
0.685058
0.685860
0.686660
0.687459
0.688255
0.689049
0.689841
0.690631
0.691419
0.692204
0.692988
0.693770
0.694550
0.695328
0.696103
0.696877
0.697649
0.698419
0.699187
0.699952
0.700716
0.701478
0.702238
0.702996
0.703752
0.704506
0.705258
0.706008
0.706756
0.707503
0.708247
0.708989
0.709730
0.710468
0.711205
0.711940
0.712673
0.713404
0.714133
0.714860
0.715585
0.716309
0.717031
0.717750
0.718468
0.719184
0.719898
0.720611
0.721321
0.722030
0.722737
0.723442
0.724145
0.724847
0.725546
0.726244
0.726940
0.727634
0.728327
0.729017
0.729706
0.730393
0.731078
0.731762
0.732444
0.733124
0.733802
0.734479
0.735153
0.735826
0.736498
0.737167
0.737835
0.738501
0.739166
0.739828
0.740489
0.741149
0.741806
0.742462
0.743117
0.743769
0.744420
0.745069
0.745717
0.746362
0.747007
0.747649
0.748290
0.748929
0.749567
0.750203
0.750837
0.751470
0.752101
0.752730
0.753358
0.753984
0.754609
0.755232
0.755853
0.756473
0.757091
0.757708
0.758323
0.758936
0.759548
0.760158
0.760767
0.761374
0.761980
0.762584
0.763186
0.763787
0.764387
0.764985
0.765581
0.766176
0.766769
0.767361
0.767951
0.768540
0.769127
0.769712
0.770297
0.770879
0.771460
0.772040
0.772618
0.773195
0.773770
0.774344
0.774916
0.775487
0.776056
0.776624
0.777191
0.777756
0.778319
0.778881
0.779442
0.780001
0.780559
0.781115
0.781670
0.782224
0.782776
0.783326
0.783875
0.784423
0.784970
0.785515
0.786058
0.786601
0.787141
0.787681
0.788219
0.788755
0.789291
0.789825
0.790357
0.790888
0.791418
0.791947
0.792474
0.793000
0.793524
0.794047
0.794569
0.795089
0.795608
0.796126
0.796642
0.797157
0.797671
0.798184
0.798695
0.799205
0.799713
0.800220
0.800726
0.801231
0.801734
0.802236
0.802737
0.803236
0.803734
0.804231
0.804727
0.805221
0.805714
0.806206
0.806697
0.807186
0.807674
0.808161
0.808646
0.809131
0.809614
0.810096
0.810576
0.811056
0.811534
0.812011
0.812486
0.812961
0.813434
0.813906
0.814377
0.814847
0.815315
0.815782
0.816248
0.816713
0.817177
0.817639
0.818101
0.818561
0.819020
0.819477
0.819934
0.820389
0.820844
0.821297
0.821749
0.822199
0.822649
0.823097
0.823545
0.823991
0.824436
0.824880
0.825323
0.825764
0.826205
0.826644
0.827082
0.827519
0.827955
0.828390
0.828824
0.829257
0.829688
0.830119
0.830548
0.830976
0.831403
0.831830
0.832255
0.832678
0.833101
0.833523
0.833944
0.834363
0.834782
0.835199
0.835615
0.836031
0.836445
0.836858
0.837270
0.837681
0.838091
0.838500
0.838908
0.839315
0.839721
0.840126
0.840529
0.840932
0.841334
0.841735
0.842134
0.842533
