0.011422
0.021878
0.026578
0.031298
0.036141
0.041200
0.046567
0.052313
0.058531
0.065328
0.072830
0.081183
0.090555
0.101172
0.113335
0.127445
0.144010
0.163774
0.187919
0.218326
0.258125
0.312820
0.393017
0.514623
0.642786
0.687729
0.693254
0.697542
0.702137
0.706849
0.711650
0.716523
0.721451
0.726423
0.731428
0.736458
0.741507
0.746567
0.751632
0.756882
0.761872
0.766861
0.771842
0.776811
0.781762
0.786691
0.791594
0.796469
0.801310
0.806115
0.810881
0.815604
0.820282
0.824911
0.829490
0.834015
0.838485
0.842897
0.847248
0.851538
0.855764
0.859925
0.864019
0.868045
0.872001
0.875886
0.879699
0.883440
0.887108
0.890702
0.894221
0.897665
0.901033
0.904326
0.907544
0.910686
0.913753
0.916744
0.919660
0.922502
0.925269
0.927963
0.930584
0.933132
0.935609
0.938014
0.940350
0.942616
0.944815
0.946946
0.949011
0.951011
0.952947
0.954820
0.956631
0.958383
0.960075
0.961709
0.963286
0.964808
0.966276
0.967691
0.969054
0.970368
0.971632
0.972849
0.974019
0.975144
0.976225
0.977264
0.978262
0.979219
0.980138
0.981019
0.981863
0.982673
0.983448
0.984190
0.984901
0.985581
0.986231
0.986853
0.987447
0.988014
0.988556
0.989073
0.989567
0.990038
0.990487
0.990915
0.991323
0.991711
0.992081
0.992433
0.992768
0.993086
0.993389
0.993677
0.993951
0.994211
0.994458
0.994692
0.994915
0.995126
0.995326
0.995515
0.995695
0.995866
0.996027
0.996180
0.996324
0.996461
0.996591
0.996714
0.996829
0.996939
0.997042
0.997140
0.997233
0.997320
0.997402
0.997480
0.997553
0.997623
0.997688
0.997749
0.997807
0.997862
0.997914
0.997962
0.998008
0.998051
0.998091
0.998130
0.998165
0.998199
0.998231
0.998261
0.998289
0.998315
0.998340
0.998363
0.998385
0.998406
0.998425
0.998443
0.998460
0.998476
0.998491
0.998505
0.998519
0.998531
0.998543
0.998553
0.998564
0.998573
0.998582
0.998591
0.998599
0.998606
0.998613
0.998619
0.998625
0.998631
0.998636
0.998641
0.998646
0.998650
0.998655
0.998658
0.998662
0.998665
0.998669
0.998671
0.998674
0.998677
0.998679
0.998681
0.998684
0.998686
0.998687
0.998689
0.998691
0.998692
0.998694
0.998695
0.998696
0.998697
0.998698
0.998699
0.998700
0.998701
0.998702
0.998703
0.998704
0.998704
0.998705
0.998705
0.998706
0.998706
0.998707
0.998707
0.998708
0.998708
0.998709
0.998709
0.998709
0.998710
0.998710
0.998710
0.998710
0.998711
0.998711
0.998711
0.998711
0.998711
0.998712
0.998712
0.998712
0.998712
0.998712
0.998712
0.998712
0.998712
0.998713
0.998713
0.998713
0.998713
0.998713
0.998713
0.998713
0.998713
0.998713
0.998713
0.998713
0.998713
0.998713
0.998713
0.998713
0.998713
0.998713
0.998713
0.998713
0.998714
0.998714
0.998714
0.998714
0.998714
0.998714
0.998714
0.998714
0.998714
0.998714
0.998714
0.998714
0.998714
0.998714
0.998714
0.998714
0.998714
0.998714
0.998714
0.998714
0.998714
0.998714
0.998714
0.998714
0.998714
0.998714
0.998714
0.998714
0.998714
0.998714
0.998714
0.998714
0.998714
0.998714
0.998714
0.998714
0.998714
0.998714
0.998714
0.998714
0.998714
0.998714
0.998714
0.998714
0.998714
0.998714
0.998714
0.998714
0.998714
0.998714
0.998714
0.998714
0.998714
0.998714
0.998714
0.998714
0.998714
0.998714
0.998714
0.998714
0.998714
0.998714
0.998714
0.998714
0.998714
0.998714
0.998714
0.998714
0.998714
0.998714
0.998714
0.998714
0.998714
0.998714
0.998714
0.998714
0.998714
0.998714
0.998714
0.998714
0.998714
0.998714
0.998714
0.998714
0.998714
0.998714
0.998714
0.998714
0.998714
0.998714
0.998714
0.998714
0.998714
0.998714
0.998714
0.998714
0.998714
0.998714
0.998714
0.998714
0.998714
0.998714
0.998714
0.998714
0.998714
0.998714
0.998714
0.998714
0.998714
0.998714
0.998714
0.998714
0.998714
0.998714
0.998714
0.998714
0.998714
0.998714
0.998714
0.998714
0.998714
0.998714
0.998714
0.998714
0.998714
0.998714
0.998714
0.998714
0.998714
0.998714
0.998714
0.998714
0.998714
0.998714
0.998714
0.998714
0.998714
0.998714
0.998714
0.998714
0.998714
0.998714
0.998714
0.998714
0.998714
0.998714
0.998714
0.998714
0.998714
0.998714
0.998714
0.998714
0.998714
0.998714
0.998714
0.998714
0.998714
0.998714
0.998714
0.998714
0.998714
0.998714
0.998714
0.998714
0.998714
0.998714
0.998714
0.998714
0.998714
0.998714
0.998714
0.998714
0.998714
0.998714
0.998714
0.998714
0.998714
0.998714
0.998714
0.998714
0.998714
0.998714
0.998714
0.998714
0.998714
0.998714
0.998714
0.998714
0.998714
0.998714
0.998714
0.998714
0.998714
0.998714
0.998714
0.998714
0.998714
0.998714
0.998714
0.998714
0.998714
0.998714
0.998714
0.998714
0.998714
0.998714
0.998714
0.998714
0.998714
0.998714
0.998714
0.998714
0.998714
0.998714
0.998714
0.998714
0.998714
0.998714
0.998714
0.998714
0.998714
0.998714
0.998714
0.998714
0.998714
0.998714
0.998714
0.998714
0.998714
0.998714
0.998714
0.998714
0.998714
0.998714
0.998714
0.998714
0.998714
0.998714
0.998714
0.998714
0.998714
0.998714
0.998714
0.998714
0.998714
0.998714
0.998714
0.998714
0.998714
0.998714
0.998714
0.998714
0.998714
0.998714
0.998714
0.998714
0.998714
0.998714
0.998714
0.998714
0.998714
0.998714
0.998714
0.998714
0.998714
0.998714
0.998714
0.998714
0.998714
0.998714
0.998714
0.998714
0.998714
0.998714
0.998714
0.998714
0.998714
0.998714
0.998714
0.998714
0.998714
0.998714
0.998714
0.998714
0.998714
0.998714
0.998714
0.998714
0.998714
0.998714
0.998714
0.998714
0.998714
0.998714
0.998714
0.998714
0.998714
0.998714
0.998714
0.998714
0.998714
0.998714
0.998714
0.998714
0.998714
0.998714
0.998714
0.998714
0.998714
0.998714
0.998714
0.998714
0.998714
0.998714
0.998714
0.998714
0.998714
