0.107065
0.239066
0.226519
0.147780
0.167728
0.187437
0.204925
0.220670
0.235021
0.248234
0.260510
0.272023
0.282918
0.293301
0.303254
0.312901
0.322385
0.331890
0.341723
0.352697
0.361745
0.366075
0.369739
0.373433
0.377165
0.380935
0.384745
0.388592
0.392478
0.396403
0.400365
0.404367
0.408406
0.412483
0.416599
0.420752
0.424943
0.429171
0.433436
0.437846
0.441998
0.446207
0.450457
0.454747
0.459076
0.463442
0.467847
0.472288
0.476765
0.481277
0.485823
0.490403
0.495015
0.499660
0.504335
0.509040
0.513775
0.518537
0.523326
0.528141
0.532982
0.537846
0.542732
0.547640
0.552569
0.557516
0.562481
0.567463
0.572461
0.577472
0.582496
0.587531
0.592577
0.597631
0.602692
0.607760
0.612831
0.617906
0.622983
0.628059
0.633134
0.638207
0.643276
0.648339
0.653394
0.658442
0.663479
0.668505
0.673519
0.678518
0.683501
0.688467
0.693415
0.698343
0.703250
0.708134
0.712994
0.717828
0.722637
0.727417
0.732168
0.736888
0.741577
0.746234
0.750856
0.755443
0.759993
0.764507
0.768982
0.773417
0.777812
0.782165
0.786476
0.790744
0.794967
0.799146
0.803278
0.807364
0.811403
0.815393
0.819335
0.823228
0.827071
0.830863
0.834604
0.838293
0.841931
0.845517
0.849049
0.852529
0.855955
0.859328
0.862647
0.865912
0.869123
0.872279
0.875381
0.878429
0.881422
0.884361
0.887246
0.890076
0.892852
0.895575
0.898243
0.900858
0.903420
0.905928
0.908384
0.910787
0.913138
0.915437
0.917685
0.919882
0.922028
0.924125
0.926172
0.928170
0.930119
0.932020
0.933874
0.935681
0.937442
0.939157
0.940828
0.942453
0.944035
0.945574
0.947071
0.948526
0.949940
0.951313
0.952647
0.953941
0.955198
0.956417
0.957599
0.958744
0.959855
0.960931
0.961973
0.962981
0.963957
0.964902
0.965815
0.966698
0.967551
0.968375
0.969171
0.969939
0.970681
0.971396
0.972086
0.972751
0.973392
0.974009
0.974604
0.975176
0.975727
0.976256
0.976766
0.977255
0.977726
0.978178
0.978612
0.979028
0.979428
0.979811
0.980179
0.980531
0.980869
0.981192
0.981501
0.981797
0.982081
0.982352
0.982611
0.982858
0.983095
0.983320
0.983536
0.983742
0.983938
0.984125
0.984303
0.984473
0.984634
0.984788
0.984935
0.985074
0.985207
0.985333
0.985452
0.985566
0.985674
0.985776
0.985874
0.985966
0.986053
0.986136
0.986214
0.986289
0.986359
0.986425
0.986488
0.986548
0.986604
0.986657
0.986707
0.986755
0.986799
0.986841
0.986881
0.986918
0.986954
0.986987
0.987018
0.987047
0.987075
0.987101
0.987125
0.987148
0.987170
0.987190
0.987209
0.987227
0.987243
0.987259
0.987274
0.987287
0.987300
0.987312
0.987323
0.987334
0.987344
0.987353
0.987361
0.987369
0.987377
0.987384
0.987390
0.987396
0.987402
0.987407
0.987412
0.987416
0.987420
0.987424
0.987428
0.987431
0.987434
0.987437
0.987440
0.987442
0.987445
0.987447
0.987449
0.987451
0.987452
0.987454
0.987455
0.987457
0.987458
0.987459
0.987460
0.987461
0.987462
0.987463
0.987464
0.987464
0.987465
0.987465
0.987466
0.987466
0.987467
0.987467
0.987468
0.987468
0.987468
0.987469
0.987469
0.987469
0.987469
0.987470
0.987470
0.987470
0.987470
0.987470
0.987470
0.987471
0.987471
0.987471
0.987471
0.987471
0.987471
0.987471
0.987471
0.987471
0.987471
0.987471
0.987471
0.987471
0.987471
0.987471
0.987472
0.987472
0.987472
0.987472
0.987472
0.987472
0.987472
0.987472
0.987472
0.987472
0.987472
0.987472
0.987472
0.987472
0.987472
0.987472
0.987472
0.987472
0.987472
0.987472
0.987472
0.987472
0.987472
0.987472
0.987472
0.987472
0.987472
0.987472
0.987472
0.987472
0.987472
0.987472
0.987472
0.987472
0.987472
0.987472
0.987472
0.987472
0.987472
0.987472
0.987472
0.987472
0.987472
0.987472
0.987472
0.987472
0.987472
0.987472
0.987472
0.987472
0.987472
0.987472
0.987472
0.987472
0.987472
0.987472
0.987472
0.987472
0.987472
0.987472
0.987472
0.987472
0.987472
0.987472
0.987472
0.987472
0.987472
0.987472
0.987472
0.987472
0.987472
0.987472
0.987472
0.987472
0.987472
0.987472
0.987472
0.987472
0.987472
0.987472
0.987472
0.987472
0.987472
0.987472
0.987472
0.987472
0.987472
0.987472
0.987472
0.987472
0.987472
0.987472
0.987472
0.987472
0.987472
0.987472
0.987472
0.987472
0.987472
0.987472
0.987472
0.987472
0.987472
0.987472
0.987472
0.987472
0.987472
0.987472
0.987472
0.987472
0.987472
0.987472
0.987472
0.987472
0.987472
0.987472
0.987472
0.987472
0.987472
0.987472
0.987472
0.987472
0.987472
0.987472
0.987472
0.987472
0.987472
0.987472
0.987472
0.987472
0.987472
0.987472
0.987472
0.987472
0.987472
0.987472
0.987472
0.987472
0.987472
0.987472
0.987472
0.987472
0.987472
0.987472
0.987472
0.987472
0.987472
0.987472
0.987472
0.987472
0.987472
0.987472
0.987472
0.987472
0.987472
0.987472
0.987472
0.987472
0.987472
0.987472
0.987472
0.987472
0.987472
0.987472
0.987472
0.987472
0.987472
0.987472
0.987472
0.987472
0.987472
0.987472
0.987472
0.987472
0.987472
0.987472
0.987472
0.987472
0.987472
0.987472
0.987472
0.987472
0.987472
0.987472
0.987472
0.987472
0.987472
0.987472
0.987472
0.987472
0.987472
0.987472
0.987472
0.987472
0.987472
0.987472
0.987472
0.987472
0.987472
0.987472
0.987472
0.987472
0.987472
0.987472
0.987472
0.987472
0.987472
0.987472
0.987472
0.987472
0.987472
0.987472
0.987472
0.987472
0.987472
0.987472
0.987472
0.987472
0.987472
0.987472
0.987472
0.987472
0.987472
0.987472
0.987472
0.987472
0.987472
0.987472
0.987472
0.987472
0.987472
0.987472
0.987472
0.987472
0.987472
0.987472
0.987472
0.987472
0.987472
0.987472
0.987472
0.987472
0.987472
0.987472
0.987472
0.987472
0.987472
0.987472
0.987472
0.987472
0.987472
0.987472
0.987472
0.987472
0.987472
0.987472
