0.072018
0.161494
0.276027
0.407409
0.297088
0.279163
0.295342
0.310312
0.324273
0.337404
0.349864
0.361785
0.373262
0.384375
0.395249
0.406030
0.416913
0.428254
0.440854
0.450592
0.456118
0.461297
0.466527
0.471812
0.477149
0.482536
0.487972
0.493457
0.498987
0.504562
0.510180
0.515838
0.521536
0.527272
0.533042
0.538847
0.544683
0.550548
0.556440
0.562551
0.568352
0.574189
0.580053
0.585939
0.591845
0.597768
0.603705
0.609653
0.615611
0.621574
0.627541
0.633509
0.639475
0.645436
0.651391
0.657336
0.663270
0.669188
0.675089
0.680971
0.686830
0.692664
0.698472
0.704250
0.709996
0.715708
0.721384
0.727021
0.732617
0.738170
0.743679
0.749140
0.754553
0.759914
0.765223
0.770478
0.775676
0.780817
0.785899
0.790920
0.795879
0.800774
0.805605
0.810369
0.815067
0.819697
0.824257
0.828748
0.833168
0.837517
0.841794
0.845998
0.850129
0.854186
0.858169
0.862078
0.865912
0.869672
0.873357
0.876968
0.880504
0.883965
0.887352
0.890664
0.893903
0.897068
0.900160
0.903179
0.906126
0.909002
0.911806
0.914540
0.917205
0.919800
0.922327
0.924787
0.927181
0.929508
0.931771
0.933970
0.936106
0.938180
0.940193
0.942146
0.944040
0.945876
0.947656
0.949380
0.951049
0.952665
0.954228
0.955740
0.957202
0.958615
0.959980
0.961298
0.962571
0.963798
0.964983
0.966125
0.967226
0.968286
0.969308
0.970291
0.971237
0.972148
0.973024
0.973865
0.974674
0.975451
0.976197
0.976913
0.977601
0.978260
0.978892
0.979498
0.980078
0.980634
0.981166
0.981675
0.982163
0.982629
0.983074
0.983500
0.983907
0.984295
0.984666
0.985020
0.985358
0.985680
0.985987
0.986279
0.986558
0.986823
0.987075
0.987316
0.987544
0.987762
0.987968
0.988165
0.988351
0.988528
0.988697
0.988856
0.989008
0.989151
0.989287
0.989416
0.989538
0.989654
0.989763
0.989867
0.989965
0.990058
0.990145
0.990228
0.990306
0.990380
0.990450
0.990516
0.990578
0.990636
0.990691
0.990744
0.990793
0.990839
0.990882
0.990923
0.990962
0.990998
0.991032
0.991064
0.991094
0.991122
0.991149
0.991174
0.991197
0.991219
0.991239
0.991259
0.991277
0.991294
0.991310
0.991324
0.991338
0.991351
0.991363
0.991375
0.991385
0.991395
0.991405
0.991413
0.991421
0.991429
0.991436
0.991442
0.991449
0.991454
0.991460
0.991465
0.991469
0.991473
0.991477
0.991481
0.991485
0.991488
0.991491
0.991494
0.991496
0.991499
0.991501
0.991503
0.991505
0.991507
0.991508
0.991510
0.991511
0.991512
0.991514
0.991515
0.991516
0.991517
0.991518
0.991518
0.991519
0.991520
0.991521
0.991521
0.991522
0.991522
0.991523
0.991523
0.991523
0.991524
0.991524
0.991525
0.991525
0.991525
0.991525
0.991526
0.991526
0.991526
0.991526
0.991526
0.991526
0.991527
0.991527
0.991527
0.991527
0.991527
0.991527
0.991527
0.991527
0.991527
0.991527
0.991527
0.991527
0.991527
0.991528
0.991528
0.991528
0.991528
0.991528
0.991528
0.991528
0.991528
0.991528
0.991528
0.991528
0.991528
0.991528
0.991528
0.991528
0.991528
0.991528
0.991528
0.991528
0.991528
0.991528
0.991528
0.991528
0.991528
0.991528
0.991528
0.991528
0.991528
0.991528
0.991528
0.991528
0.991528
0.991528
0.991528
0.991528
0.991528
0.991528
0.991528
0.991528
0.991528
0.991528
0.991528
0.991528
0.991528
0.991528
0.991528
0.991528
0.991528
0.991528
0.991528
0.991528
0.991528
0.991528
0.991528
0.991528
0.991528
0.991528
0.991528
0.991528
0.991528
0.991528
0.991528
0.991528
0.991528
0.991528
0.991528
0.991528
0.991528
0.991528
0.991528
0.991528
0.991528
0.991528
0.991528
0.991528
0.991528
0.991528
0.991528
0.991528
0.991528
0.991528
0.991528
0.991528
0.991528
0.991528
0.991528
0.991528
0.991528
0.991528
0.991528
0.991528
0.991528
0.991528
0.991528
0.991528
0.991528
0.991528
0.991528
0.991528
0.991528
0.991528
0.991528
0.991528
0.991528
0.991528
0.991528
0.991528
0.991528
0.991528
0.991528
0.991528
0.991528
0.991528
0.991528
0.991528
0.991528
0.991528
0.991528
0.991528
0.991528
0.991528
0.991528
0.991528
0.991528
0.991528
0.991528
0.991528
0.991528
0.991528
0.991528
0.991528
0.991528
0.991528
0.991528
0.991528
0.991528
0.991528
0.991528
0.991528
0.991528
0.991528
0.991528
0.991528
0.991528
0.991528
0.991528
0.991528
0.991528
0.991528
0.991528
0.991528
0.991528
0.991528
0.991528
0.991528
0.991528
0.991528
0.991528
0.991528
0.991528
0.991528
0.991528
0.991528
0.991528
0.991528
0.991528
0.991528
0.991528
0.991528
0.991528
0.991528
0.991528
0.991528
0.991528
0.991528
0.991528
0.991528
0.991528
0.991528
0.991528
0.991528
0.991528
0.991528
0.991528
0.991528
0.991528
0.991528
0.991528
0.991528
0.991528
0.991528
0.991528
0.991528
0.991528
0.991528
0.991528
0.991528
0.991528
0.991528
0.991528
0.991528
0.991528
0.991528
0.991528
0.991528
0.991528
0.991528
0.991528
0.991528
0.991528
0.991528
0.991528
0.991528
0.991528
0.991528
0.991528
0.991528
0.991528
0.991528
0.991528
0.991528
0.991528
0.991528
0.991528
0.991528
0.991528
0.991528
0.991528
0.991528
0.991528
0.991528
0.991528
0.991528
0.991528
0.991528
0.991528
0.991528
0.991528
0.991528
0.991528
0.991528
0.991528
0.991528
0.991528
0.991528
0.991528
0.991528
0.991528
0.991528
0.991528
0.991528
0.991528
0.991528
0.991528
0.991528
0.991528
0.991528
0.991528
0.991528
0.991528
0.991528
0.991528
0.991528
0.991528
0.991528
0.991528
0.991528
0.991528
0.991528
0.991528
0.991528
0.991528
0.991528
0.991528
0.991528
0.991528
0.991528
0.991528
0.991528
0.991528
0.991528
0.991528
0.991528
0.991528
0.991528
0.991528
0.991528
0.991528
0.991528
0.991528
0.991528
0.991528
0.991528
0.991528
0.991528
0.991528
0.991528
0.991528
0.991528
0.991528
0.991528
0.991528
