0.036132
0.100972
0.153014
0.179370
0.194054
0.205250
0.215423
0.225066
0.234232
0.242933
0.251268
0.259374
0.267423
0.275679
0.285116
0.292948
0.295383
0.297326
0.299262
0.301192
0.303116
0.305034
0.306945
0.308851
0.310750
0.312643
0.314531
0.316412
0.318288
0.320157
0.322021
0.323879
0.325732
0.327579
0.329420
0.331256
0.333087
0.334912
0.336732
0.338593
0.340258
0.341913
0.343564
0.345211
0.346853
0.348491
0.350125
0.351755
0.353380
0.355001
0.356619
0.358231
0.359840
0.361445
0.363046
0.364642
0.366234
0.367823
0.369407
0.370987
0.372564
0.374136
0.375704
0.377269
0.378829
0.380385
0.381938
0.383486
0.385031
0.386571
0.388108
0.389641
0.391170
0.392695
0.394217
0.395734
0.397248
0.398757
0.400263
0.401766
0.403264
0.404759
0.406249
0.407737
0.409220
0.410700
0.412175
0.413648
0.415116
0.416581
0.418042
0.419499
0.420953
0.422403
0.423850
0.425293
0.426732
0.428168
0.429600
0.431028
0.432453
0.433875
0.435292
0.436707
0.438118
0.439525
0.440929
0.442329
0.443726
0.445119
0.446509
0.447895
0.449278
0.450658
0.452034
0.453407
0.454776
0.456142
0.457504
0.458864
0.460220
0.461572
0.462921
0.464267
0.465610
0.466949
0.468285
0.469618
0.470948
0.472274
0.473597
0.474917
0.476233
0.477547
0.478857
0.480164
0.481468
0.482769
0.484066
0.485361
0.486652
0.487940
0.489225
0.490507
0.491786
0.493062
0.494335
0.495605
0.496872
0.498136
0.499396
0.500654
0.501909
0.503161
0.504410
0.505656
0.506899
0.508139
0.509376
0.510610
0.511842
0.513070
0.514296
0.515519
0.516739
0.517956
0.519170
0.520382
0.521591
0.522797
0.524000
0.525200
0.526398
0.527593
0.528785
0.529975
0.531162
0.532346
0.533528
0.534707
0.535883
0.537057
0.538228
0.539396
0.540562
0.541726
0.542886
0.544045
0.545200
0.546354
0.547504
0.548652
0.549798
0.550941
0.552082
0.553221
0.554356
0.555490
0.556621
0.557750
0.558876
0.560000
0.561122
0.562241
0.563358
0.564473
0.565585
0.566695
0.567803
0.568909
0.570012
0.571113
0.572212
0.573309
0.574404
0.575496
0.576587
0.577675
0.578761
0.579845
0.580927
0.582006
0.583084
0.584160
0.585233
0.586305
0.587375
0.588442
0.589508
0.590572
0.591633
0.592693
0.593751
0.594807
0.595861
0.596913
0.597964
0.599012
0.600059
0.601104
0.602147
0.603189
0.604228
0.605266
0.606302
0.607337
0.608369
0.609401
0.610430
0.611458
0.612484
0.613508
0.614531
0.615553
0.616572
0.617590
0.618607
0.619622
0.620636
0.621648
0.622659
0.623668
0.624676
0.625682
0.626687
0.627691
0.628693
0.629694
0.630693
0.631691
0.632688
0.633684
0.634678
0.635671
0.636663
0.637653
0.638643
0.639631
0.640618
0.641604
0.642589
0.643572
0.644555
0.645536
0.646516
0.647496
0.648474
0.649451
0.650427
0.651403
0.652377
0.653350
0.654323
0.655294
0.656265
0.657234
0.658203
0.659171
0.660138
0.661105
0.662070
0.663035
0.663999
0.664962
0.665925
0.666887
0.667848
0.668808
0.669768
0.670727
0.671686
0.672644
0.673601
0.674558
0.675514
0.676470
0.677425
0.678379
0.679333
0.680287
0.681240
0.682193
0.683145
0.684097
0.685049
0.686000
0.686951
0.687901
0.688852
0.689801
0.690751
0.691700
0.692649
0.693598
0.694547
0.695495
0.696443
0.697391
0.698339
0.699287
0.700234
0.701182
0.702129
0.703076
0.704023
0.704970
0.705917
0.706864
0.707811
0.708758
0.709705
0.710652
0.711599
0.712546
0.713494
0.714441
0.715388
0.716336
0.717283
0.718231
0.719179
0.720127
0.721075
0.722024
0.722973
0.723921
0.724870
0.725820
0.726769
0.727719
0.728669
0.729620
0.730570
0.731521
0.732473
0.733424
0.734376
0.735328
0.736281
0.737234
0.738187
0.739141
0.740095
0.741050
0.742005
0.742960
0.743916
0.744872
0.745829
0.746786
0.747744
0.748702
0.749660
0.750619
0.751579
0.752539
0.753499
0.754460
0.755422
0.756384
0.757346
0.758309
0.759272
0.760236
0.761201
0.762166
0.763132
0.764098
0.765064
0.766032
0.766999
0.767967
0.768936
0.769906
0.770875
0.771846
0.772817
0.773788
0.774760
0.775733
0.776706
0.777679
0.778653
0.779628
0.780603
0.781579
0.782555
0.783531
0.784509
0.785486
0.786464
0.787443
0.788422
0.789401
0.790381
0.791362
0.792343
0.793324
0.794306
0.795288
0.796271
0.797253
0.798237
0.799221
0.800205
0.801189
0.802174
0.803159
0.804144
0.805130
0.806116
0.807102
0.808089
0.809076
0.810063
0.811050
0.812037
0.813025
0.814013
0.815001
0.815989
0.816977
0.817965
0.818953
0.819942
0.820930
0.821918
0.822907
0.823895
0.824883
0.825872
0.826860
0.827848
0.828836
0.829823
0.830811
0.831798
0.832785
0.833772
0.834758
0.835745
0.836730
0.837716
0.838701
0.839686
0.840670
0.841653
0.842637
0.843619
0.844601
0.845583
0.846564
0.847544
0.848523
0.849502
0.850480
0.851458
0.852434
0.853410
0.854384
0.855358
0.856331
0.857303
0.858274
0.859244
0.860212
0.861180
0.862146
0.863112
0.864076
0.865038
0.866000
0.866960
0.867919
0.868876
0.869832
0.870786
0.871739
0.872691
0.873640
0.874588
0.875535
0.876480
0.877422
0.878364
0.879303
0.880240
0.881176
0.882109
0.883041
0.883971
0.884898
0.885824
0.886747
0.887668
0.888587
0.889503
0.890417
0.891329
0.892239
0.893146
0.894050
0.894952
0.895852
0.896749
0.897643
0.898534
0.899423
0.900309
0.901192
0.902073
0.902950
0.903825
0.904697
0.905565
0.906431
0.907293
0.908153
0.909009
0.909862
0.910712
0.911558
0.912401
0.913241
0.914077
0.914910
0.915740
0.916566
0.917388
0.918207
0.919022
0.919834
0.920642
0.921446
0.922246
0.923042
0.923835
0.924624
0.925409
0.926190
0.926967
0.927740
0.928509
0.929273
0.930034
0.930791
0.931543
0.932291
0.933035
0.933775
0.934510
0.935241
0.935968
0.936690
0.937408
0.938122
0.938830
0.939535
0.940235
0.940930
