0.040512
0.087873
0.141051
0.198884
0.232085
0.223224
0.210688
0.215288
0.225041
0.234355
0.243162
0.251578
0.259738
0.267808
0.276017
0.285082
0.294166
0.297480
0.299501
0.301507
0.303511
0.305513
0.307513
0.309511
0.311508
0.313503
0.315496
0.317489
0.319480
0.321470
0.323459
0.325447
0.327435
0.329423
0.331410
0.333398
0.335385
0.337373
0.339361
0.341376
0.343183
0.345009
0.346838
0.348669
0.350502
0.352338
0.354176
0.356016
0.357859
0.359705
0.361554
0.363405
0.365259
0.367117
0.368978
0.370842
0.372709
0.374581
0.376455
0.378334
0.380217
0.382103
0.383994
0.385888
0.387788
0.389691
0.391599
0.393512
0.395429
0.397351
0.399278
0.401210
0.403147
0.405089
0.407037
0.408990
0.410948
0.412912
0.414881
0.416856
0.418837
0.420823
0.422816
0.424814
0.426819
0.428830
0.430847
0.432870
0.434899
0.436935
0.438978
0.441027
0.443082
0.445144
0.447213
0.449288
0.451371
0.453460
0.455556
0.457659
0.459768
0.461885
0.464009
0.466140
0.468278
0.470423
0.472575
0.474734
0.476900
0.479074
0.481254
0.483442
0.485637
0.487839
0.490049
0.492265
0.494489
0.496720
0.498958
0.501203
0.503456
0.505715
0.507981
0.510255
0.512535
0.514823
0.517117
0.519419
0.521727
0.524042
0.526364
0.528692
0.531027
0.533369
0.535717
0.538072
0.540433
0.542801
0.545174
0.547554
0.549940
0.552332
0.554730
0.557134
0.559544
0.561959
0.564380
0.566806
0.569238
0.571675
0.574117
0.576564
0.579016
0.581473
0.583935
0.586401
0.588871
0.591346
0.593825
0.596308
0.598795
0.601286
0.603781
0.606279
0.608780
0.611285
0.613792
0.616303
0.618816
0.621332
0.623850
0.626371
0.628893
0.631418
0.633945
0.636473
0.639002
0.641533
0.644065
0.646598
0.649132
0.651666
0.654201
0.656736
0.659271
0.661806
0.664340
0.666874
0.669408
0.671940
0.674472
0.677002
0.679531
0.682058
0.684583
0.687107
0.689628
0.692147
0.694663
0.697177
0.699687
0.702194
0.704698
0.707199
0.709695
0.712188
0.714677
0.717161
0.719641
0.722116
0.724586
0.727051
0.729511
0.731966
0.734414
0.736857
0.739294
0.741724
0.744148
0.746566
0.748976
0.751380
0.753777
0.756166
0.758547
0.760921
0.763287
0.765645
0.767995
0.770336
0.772669
0.774993
0.777308
0.779613
0.781910
0.784197
0.786474
0.788742
0.791000
0.793248
0.795485
0.797712
0.799928
0.802134
0.804329
0.806513
0.808685
0.810847
0.812997
0.815135
0.817262
0.819377
0.821480
0.823571
0.825649
0.827716
0.829770
0.831811
0.833839
0.835855
0.837858
0.839848
0.841825
0.843788
0.845739
0.847675
0.849599
0.851509
0.853405
0.855287
0.857155
0.859010
0.860851
0.862677
0.864489
0.866288
0.868072
0.869841
0.871596
0.873337
0.875063
0.876775
0.878472
0.880155
0.881823
0.883476
0.885114
0.886738
0.888347
0.889941
0.891520
0.893084
0.894634
0.896169
0.897688
0.899193
0.900683
0.902158
0.903618
0.905063
0.906493
0.907908
0.909309
0.910694
0.912065
0.913420
0.914761
0.916088
0.917399
0.918696
0.919978
0.921245
0.922497
0.923735
0.924959
0.926168
0.927362
0.928542
0.929708
0.930859
0.931996
0.933119
0.934228
0.935322
0.936403
0.937469
0.938522
0.939561
0.940586
0.941598
0.942595
0.943580
0.944550
0.945508
0.946452
0.947383
0.948301
0.949205
0.950097
0.950976
0.951842
0.952695
0.953536
0.954365
0.955180
0.955984
0.956775
0.957555
0.958322
0.959077
0.959820
0.960552
0.961272
0.961981
0.962678
0.963364
0.964039
0.964702
0.965355
0.965996
0.966627
0.967248
0.967857
0.968457
0.969046
0.969624
0.970193
0.970751
0.971300
0.971839
0.972368
0.972888
0.973398
0.973899
0.974391
0.974874
0.975347
0.975812
0.976268
0.976715
0.977154
0.977584
0.978006
0.978420
0.978826
0.979223
0.979613
0.979995
0.980369
0.980736
0.981095
0.981447
0.981792
0.982130
0.982460
0.982784
0.983101
0.983411
0.983714
0.984012
0.984302
0.984587
0.984865
0.985137
0.985403
0.985663
0.985917
0.986166
0.986409
0.986647
0.986879
0.987106
0.987327
0.987544
0.987755
0.987961
0.988163
0.988360
0.988552
0.988739
0.988922
0.989101
0.989275
0.989445
0.989611
0.989773
0.989930
0.990084
0.990234
0.990380
0.990523
0.990661
0.990797
0.990928
0.991057
0.991182
0.991303
0.991422
0.991537
0.991649
0.991759
0.991865
0.991968
0.992069
0.992167
0.992262
0.992355
0.992445
0.992533
0.992618
0.992700
0.992781
0.992859
0.992935
0.993009
0.993080
0.993150
0.993217
0.993283
0.993346
0.993408
0.993468
0.993526
0.993583
0.993637
0.993690
0.993742
0.993792
0.993840
0.993887
0.993932
0.993976
0.994019
0.994060
0.994100
0.994139
0.994177
0.994213
0.994248
0.994282
0.994315
0.994347
0.994378
0.994407
0.994436
0.994464
0.994491
0.994517
0.994542
0.994567
0.994590
0.994613
0.994635
0.994656
0.994676
0.994696
0.994715
0.994733
0.994751
0.994768
0.994785
0.994801
0.994816
0.994831
0.994845
0.994859
0.994872
0.994885
0.994897
0.994909
0.994921
0.994932
0.994942
0.994952
0.994962
0.994972
0.994981
0.994989
0.994998
0.995006
0.995014
0.995021
0.995028
0.995035
0.995042
0.995048
0.995054
0.995060
0.995066
0.995071
0.995077
0.995082
0.995086
0.995091
0.995095
0.995100
0.995104
0.995108
0.995111
0.995115
0.995118
0.995122
0.995125
0.995128
0.995131
0.995133
0.995136
0.995139
0.995141
0.995143
0.995145
0.995148
0.995150
0.995152
0.995153
0.995155
0.995157
0.995158
0.995160
0.995162
0.995163
0.995164
0.995166
0.995167
0.995168
0.995169
0.995170
0.995171
0.995172
0.995173
0.995174
0.995175
0.995176
0.995176
0.995177
0.995178
0.995178
0.995179
0.995180
0.995180
0.995181
0.995181
0.995182
0.995182
0.995183
0.995183
0.995183
0.995184
0.995184
0.995185
0.995185
0.995185
0.995185
0.995186
0.995186
0.995186
0.995186
0.995187
0.995187
0.995187
