0.146916
0.223810
0.253878
0.268833
0.277305
0.282694
0.286535
0.289578
0.292203
0.294603
0.296880
0.299086
0.301246
0.303377
0.305484
0.307574
0.309648
0.311708
0.313755
0.315791
0.317816
0.319831
0.321835
0.323829
0.325815
0.327796
0.329771
0.331739
0.333700
0.335655
0.337603
0.339545
0.341480
0.343409
0.345331
0.347247
0.349156
0.351060
0.352956
0.354915
0.356691
0.358440
0.360180
0.361913
0.363641
0.365362
0.367079
0.368790
0.370496
0.372196
0.373892
0.375582
0.377267
0.378947
0.380621
0.382291
0.383955
0.385614
0.387269
0.388918
0.390562
0.392202
0.393836
0.395465
0.397090
0.398709
0.400324
0.401934
0.403539
0.405139
0.406734
0.408325
0.409910
0.411491
0.413068
0.414639
0.416206
0.417768
0.419326
0.420879
0.422427
0.423971
0.425510
0.427044
0.428574
0.430100
0.431621
0.433137
0.434649
0.436157
0.437660
0.439159
0.440653
0.442143
0.443629
0.445110
0.446587
0.448059
0.449527
0.450991
0.452451
0.453906
0.455358
0.456805
0.458247
0.459686
0.461120
0.462550
0.463976
0.465398
0.466816
0.468230
0.469639
0.471045
0.472446
0.473844
0.475237
0.476627
0.478012
0.479393
0.480771
0.482144
0.483514
0.484880
0.486241
0.487599
0.488953
0.490303
0.491649
0.492992
0.494330
0.495665
0.496996
0.498323
0.499646
0.500966
0.502282
0.503594
0.504902
0.506207
0.507508
0.508805
0.510099
0.511389
0.512675
0.513958
0.515237
0.516512
0.517784
0.519052
0.520317
0.521578
0.522835
0.524089
0.525340
0.526587
0.527830
0.529070
0.530307
0.531540
0.532770
0.533996
0.535218
0.536438
0.537654
0.538866
0.540075
0.541281
0.542483
0.543682
0.544878
0.546070
0.547259
0.548445
0.549627
0.550807
0.551982
0.553155
0.554324
0.555490
0.556653
0.557813
0.558969
0.560122
0.561272
0.562419
0.563563
0.564703
0.565841
0.566975
0.568106
0.569234
0.570359
0.571481
0.572599
0.573715
0.574827
0.575937
0.577043
0.578146
0.579247
0.580344
0.581438
0.582529
0.583618
0.584703
0.585785
0.586864
0.587941
0.589014
0.590085
0.591152
0.592217
0.593279
0.594337
0.595393
0.596446
0.597496
0.598544
0.599588
0.600630
0.601668
0.602704
0.603737
0.604768
0.605795
0.606820
0.607842
0.608861
0.609877
0.610890
0.611901
0.612909
0.613915
0.614917
0.615917
0.616914
0.617909
0.618900
0.619889
0.620876
0.621859
0.622840
0.623819
0.624795
0.625768
0.626738
0.627706
0.628671
0.629634
0.630594
0.631551
0.632506
0.633458
0.634408
0.635355
0.636300
0.637242
0.638181
0.639118
0.640052
0.640984
0.641914
0.642841
0.643765
0.644687
0.645606
0.646523
0.647438
0.648350
0.649259
0.650166
0.651071
0.651973
0.652873
0.653771
0.654666
0.655558
0.656448
0.657336
0.658222
0.659105
0.659986
0.660864
0.661740
0.662614
0.663485
0.664354
0.665221
0.666085
0.666947
0.667807
0.668664
0.669519
0.670372
0.671223
0.672071
0.672917
0.673761
0.674602
0.675442
0.676279
0.677114
0.677946
0.678777
0.679605
0.680431
0.681255
0.682076
0.682895
0.683713
0.684528
0.685341
0.686151
0.686960
0.687766
0.688570
0.689373
0.690173
0.690970
0.691766
0.692560
0.693351
0.694141
0.694928
0.695713
0.696496
0.697277
0.698056
0.698833
0.699608
0.700381
0.701152
0.701920
0.702687
0.703452
0.704214
0.704975
0.705734
0.706490
0.707245
0.707997
0.708748
0.709497
0.710243
0.710988
0.711731
0.712471
0.713210
0.713947
0.714682
0.715415
0.716146
0.716875
0.717602
0.718327
0.719051
0.719772
0.720491
0.721209
0.721925
0.722639
0.723350
0.724061
0.724769
0.725475
0.726180
0.726882
0.727583
0.728282
0.728979
0.729674
0.730368
0.731059
0.731749
0.732437
0.733123
0.733807
0.734490
0.735171
0.735850
0.736527
0.737202
0.737876
0.738548
0.739218
0.739886
0.740552
0.741217
0.741880
0.742542
0.743201
0.743859
0.744515
0.745170
0.745822
0.746473
0.747123
0.747770
0.748416
0.749060
0.749703
0.750344
0.750983
0.751620
0.752256
0.752890
0.753522
0.754153
0.754782
0.755410
0.756036
0.756660
0.757283
0.757904
0.758523
0.759141
0.759757
0.760371
0.760984
0.761595
0.762205
0.762813
0.763420
0.764024
0.764628
0.765230
0.765830
0.766428
0.767025
0.767621
0.768215
0.768807
0.769398
0.769987
0.770575
0.771161
0.771746
0.772329
0.772911
0.773491
0.774070
0.774647
0.775222
0.775796
0.776369
0.776940
0.777510
0.778078
0.778644
0.779210
0.779773
0.780336
0.780896
0.781456
0.782013
0.782570
0.783125
0.783678
0.784230
0.784781
0.785330
0.785878
0.786424
0.786969
0.787513
0.788055
0.788595
0.789135
0.789673
0.790209
0.790744
0.791278
0.791810
0.792341
0.792871
0.793399
0.793926
0.794451
0.794975
0.795498
0.796019
0.796539
0.797058
0.797575
0.798091
0.798605
0.799119
0.799631
0.800141
0.800650
0.801158
0.801665
0.802170
0.802674
0.803177
0.803678
0.804178
0.804677
0.805175
0.805671
0.806166
0.806660
0.807152
0.807643
0.808133
0.808621
0.809109
0.809595
0.810079
0.810563
0.811045
0.811526
0.812006
0.812484
0.812962
0.813438
0.813912
0.814386
0.814858
0.815329
0.815799
0.816268
0.816735
0.817202
0.817667
0.818131
0.818593
0.819055
0.819515
0.819974
0.820432
0.820888
0.821344
0.821798
0.822251
0.822703
0.823154
0.823604
0.824052
0.824500
0.824946
0.825391
0.825835
0.826277
0.826719
0.827159
0.827599
0.828037
0.828474
0.828910
0.829345
0.829778
0.830211
0.830642
0.831072
0.831502
0.831930
0.832357
0.832783
0.833207
0.833631
0.834054
0.834475
0.834895
0.835315
0.835733
0.836150
0.836566
0.836981
0.837395
0.837808
0.838220
0.838631
0.839040
0.839449
0.839856
0.840263
0.840668
0.841073
0.841476
0.841879
0.842280
0.842680
0.843079
0.843477
0.843875
0.844271
0.844666
0.845060
0.845453
0.845845
0.846236
0.846626
0.847015
0.847403
0.847791
0.848177
0.848562
0.848946
