0.011414
0.021891
0.026577
0.031281
0.036104
0.041139
0.046479
0.052194
0.058378
0.065137
0.072596
0.080902
0.090220
0.100776
0.112870
0.126900
0.143370
0.163022
0.187033
0.217272
0.256843
0.311232
0.391023
0.513306
0.650586
0.708121
0.716828
0.721139
0.725587
0.730146
0.734789
0.739497
0.744256
0.749053
0.753878
0.758723
0.763580
0.768443
0.773306
0.778343
0.783126
0.787903
0.792666
0.797411
0.802133
0.806828
0.811493
0.816123
0.820716
0.825267
0.829775
0.834236
0.838648
0.843007
0.847313
0.851561
0.855751
0.859880
0.863946
0.867948
0.871885
0.875754
0.879554
0.883285
0.886946
0.890535
0.894052
0.897495
0.900866
0.904163
0.907386
0.910534
0.913608
0.916609
0.919535
0.922387
0.925165
0.927871
0.930504
0.933065
0.935554
0.937972
0.940321
0.942600
0.944812
0.946956
0.949033
0.951045
0.952993
0.954878
0.956701
0.958463
0.960166
0.961810
0.963397
0.964928
0.966404
0.967827
0.969199
0.970519
0.971790
0.973012
0.974188
0.975318
0.976404
0.977447
0.978448
0.979409
0.980331
0.981214
0.982060
0.982871
0.983648
0.984391
0.985102
0.985782
0.986432
0.987053
0.987646
0.988212
0.988753
0.989269
0.989760
0.990229
0.990676
0.991102
0.991507
0.991893
0.992260
0.992609
0.992941
0.993256
0.993556
0.993840
0.994111
0.994367
0.994611
0.994841
0.995060
0.995268
0.995464
0.995650
0.995827
0.995993
0.996151
0.996301
0.996442
0.996575
0.996701
0.996821
0.996933
0.997039
0.997140
0.997234
0.997324
0.997408
0.997487
0.997562
0.997633
0.997699
0.997762
0.997821
0.997876
0.997928
0.997977
0.998023
0.998067
0.998107
0.998146
0.998182
0.998216
0.998247
0.998277
0.998305
0.998332
0.998356
0.998379
0.998401
0.998421
0.998440
0.998458
0.998475
0.998491
0.998505
0.998519
0.998532
0.998544
0.998555
0.998566
0.998576
0.998585
0.998594
0.998602
0.998609
0.998616
0.998623
0.998629
0.998635
0.998640
0.998645
0.998650
0.998654
0.998658
0.998662
0.998666
0.998669
0.998672
0.998675
0.998678
0.998680
0.998683
0.998685
0.998687
0.998689
0.998691
0.998692
0.998694
0.998695
0.998697
0.998698
0.998699
0.998700
0.998701
0.998702
0.998703
0.998704
0.998705
0.998705
0.998706
0.998707
0.998707
0.998708
0.998708
0.998709
0.998709
0.998709
0.998710
0.998710
0.998711
0.998711
0.998711
0.998711
0.998712
0.998712
0.998712
0.998712
0.998712
0.998713
0.998713
0.998713
0.998713
0.998713
0.998713
0.998713
0.998714
0.998714
0.998714
0.998714
0.998714
0.998714
0.998714
0.998714
0.998714
0.998714
0.998714
0.998714
0.998714
0.998714
0.998714
0.998714
0.998714
0.998715
0.998715
0.998715
0.998715
0.998715
0.998715
0.998715
0.998715
0.998715
0.998715
0.998715
0.998715
0.998715
0.998715
0.998715
0.998715
0.998715
0.998715
0.998715
0.998715
0.998715
0.998715
0.998715
0.998715
0.998715
0.998715
0.998715
0.998715
0.998715
0.998715
0.998715
0.998715
0.998715
0.998715
0.998715
0.998715
0.998715
0.998715
0.998715
0.998715
0.998715
0.998715
0.998715
0.998715
0.998715
0.998715
0.998715
0.998715
0.998715
0.998715
0.998715
0.998715
0.998715
0.998715
0.998715
0.998715
0.998715
0.998715
0.998715
0.998715
0.998715
0.998715
0.998715
0.998715
0.998715
0.998715
0.998715
0.998715
0.998715
0.998715
0.998715
0.998715
0.998715
0.998715
0.998715
0.998715
0.998715
0.998715
0.998715
0.998715
0.998715
0.998715
0.998715
0.998715
0.998715
0.998715
0.998715
0.998715
0.998715
0.998715
0.998715
0.998715
0.998715
0.998715
0.998715
0.998715
0.998715
0.998715
0.998715
0.998715
0.998715
0.998715
0.998715
0.998715
0.998715
0.998715
0.998715
0.998715
0.998715
0.998715
0.998715
0.998715
0.998715
0.998715
0.998715
0.998715
0.998715
0.998715
0.998715
0.998715
0.998715
0.998715
0.998715
0.998715
0.998715
0.998715
0.998715
0.998715
0.998715
0.998715
0.998715
0.998715
0.998715
0.998715
0.998715
0.998715
0.998715
0.998715
0.998715
0.998715
0.998715
0.998715
0.998715
0.998715
0.998715
0.998715
0.998715
0.998715
0.998715
0.998715
0.998715
0.998715
0.998715
0.998715
0.998715
0.998715
0.998715
0.998715
0.998715
0.998715
0.998715
0.998715
0.998715
0.998715
0.998715
0.998715
0.998715
0.998715
0.998715
0.998715
0.998715
0.998715
0.998715
0.998715
0.998715
0.998715
0.998715
0.998715
0.998715
0.998715
0.998715
0.998715
0.998715
0.998715
0.998715
0.998715
0.998715
0.998715
0.998715
0.998715
0.998715
0.998715
0.998715
0.998715
0.998715
0.998715
0.998715
0.998715
0.998715
0.998715
0.998715
0.998715
0.998715
0.998715
0.998715
0.998715
0.998715
0.998715
0.998715
0.998715
0.998715
0.998715
0.998715
0.998715
0.998715
0.998715
0.998715
0.998715
0.998715
0.998715
0.998715
0.998715
0.998715
0.998715
0.998715
0.998715
0.998715
0.998715
0.998715
0.998715
0.998715
0.998715
0.998715
0.998715
0.998715
0.998715
0.998715
0.998715
0.998715
0.998715
0.998715
0.998715
0.998715
0.998715
0.998715
0.998715
0.998715
0.998715
0.998715
0.998715
0.998715
0.998715
0.998715
0.998715
0.998715
0.998715
0.998715
0.998715
0.998715
0.998715
0.998715
0.998715
0.998715
0.998715
0.998715
0.998715
0.998715
0.998715
0.998715
0.998715
0.998715
0.998715
0.998715
0.998715
0.998715
0.998715
0.998715
0.998715
0.998715
0.998715
0.998715
0.998715
0.998715
0.998715
0.998715
0.998715
0.998715
0.998715
0.998715
0.998715
0.998715
0.998715
0.998715
0.998715
0.998715
0.998715
0.998715
0.998715
0.998715
0.998715
0.998715
0.998715
0.998715
0.998715
0.998715
0.998715
0.998715
0.998715
0.998715
0.998715
0.998715
0.998715
0.998715
0.998715
0.998715
0.998715
0.998715
0.998715
0.998715
0.998715
0.998715
0.998715
0.998715
0.998715
0.998715
0.998715
0.998715
0.998715
0.998715
