0.092350
0.103261
0.091712
0.106373
0.128051
0.146952
0.163572
0.178393
0.191769
0.203957
0.215160
0.225556
0.235291
0.244466
0.253167
0.261520
0.269665
0.277784
0.286190
0.295715
0.303017
0.305679
0.307731
0.309777
0.311824
0.313871
0.315920
0.317970
0.320021
0.322074
0.324129
0.326185
0.328244
0.330305
0.332369
0.334435
0.336505
0.338578
0.340654
0.342756
0.344648
0.346567
0.348492
0.350423
0.352360
0.354302
0.356251
0.358206
0.360167
0.362135
0.364109
0.366091
0.368080
0.370076
0.372079
0.374091
0.376110
0.378137
0.380173
0.382217
0.384269
0.386330
0.388400
0.390480
0.392568
0.394666
0.396773
0.398891
0.401018
0.403155
0.405303
0.407461
0.409629
0.411809
0.413999
0.416200
0.418413
0.420636
0.422872
0.425118
0.427377
0.429647
0.431930
0.434225
0.436532
0.438851
0.441183
0.443527
0.445885
0.448255
0.450638
0.453034
0.455444
0.457866
0.460302
0.462752
0.465215
0.467692
0.470182
0.472686
0.475204
0.477736
0.480281
0.482841
0.485415
0.488003
0.490605
0.493221
0.495851
0.498495
0.501154
0.503826
0.506513
0.509214
0.511929
0.514658
0.517402
0.520159
0.522931
0.525716
0.528515
0.531329
0.534156
0.536996
0.539851
0.542719
0.545600
0.548495
0.551403
0.554324
0.557258
0.560205
0.563164
0.566136
0.569121
0.572118
0.575127
0.578148
0.581180
0.584224
0.587280
0.590346
0.593424
0.596512
0.599610
0.602719
0.605838
0.608966
0.612104
0.615251
0.618406
0.621571
0.624744
0.627924
0.631113
0.634308
0.637511
0.640721
0.643937
0.647159
0.650386
0.653619
0.656857
0.660099
0.663346
0.666597
0.669851
0.673108
0.676367
0.679629
0.682893
0.686158
0.689424
0.692690
0.695957
0.699223
0.702489
0.705753
0.709016
0.712276
0.715534
0.718788
0.722039
0.725286
0.728529
0.731767
0.734999
0.738225
0.741445
0.744657
0.747863
0.751060
0.754249
0.757429
0.760600
0.763761
0.766911
0.770051
0.773179
0.776295
0.779399
0.782491
0.785568
0.788632
0.791682
0.794717
0.797737
0.800741
0.803728
0.806699
0.809653
0.812589
0.815508
0.818407
0.821288
0.824149
0.826991
0.829812
0.832613
0.835392
0.838150
0.840886
0.843600
0.846291
0.848959
0.851604
0.854225
0.856822
0.859394
0.861941
0.864464
0.866961
0.869432
0.871877
0.874296
0.876688
0.879053
0.881391
0.883702
0.885985
0.888241
0.890468
0.892668
0.894839
0.896981
0.899095
0.901180
0.903236
0.905262
0.907260
0.909228
0.911167
0.913077
0.914957
0.916807
0.918628
0.920420
0.922181
0.923913
0.925616
0.927289
0.928932
0.930546
0.932131
0.933687
0.935213
0.936710
0.938178
0.939617
0.941028
0.942410
0.943763
0.945089
0.946386
0.947656
0.948898
0.950112
0.951299
0.952460
0.953593
0.954700
0.955781
0.956836
0.957865
0.958869
0.959848
0.960802
0.961731
0.962637
0.963518
0.964376
0.965211
0.966023
0.966812
0.967579
0.968325
0.969049
0.969751
0.970433
0.971095
0.971737
0.972359
0.972962
0.973545
0.974111
0.974658
0.975187
0.975699
0.976194
0.976673
0.977135
0.977581
0.978011
0.978427
0.978827
0.979214
0.979586
0.979944
0.980289
0.980621
0.980941
0.981248
0.981543
0.981827
0.982099
0.982361
0.982611
0.982852
0.983083
0.983304
0.983515
0.983718
0.983912
0.984097
0.984274
0.984444
0.984605
0.984760
0.984907
0.985048
0.985182
0.985309
0.985431
0.985547
0.985657
0.985762
0.985861
0.985956
0.986045
0.986131
0.986212
0.986288
0.986361
0.986430
0.986495
0.986557
0.986615
0.986670
0.986723
0.986772
0.986818
0.986862
0.986904
0.986943
0.986979
0.987014
0.987046
0.987077
0.987106
0.987133
0.987158
0.987182
0.987204
0.987225
0.987245
0.987263
0.987281
0.987297
0.987312
0.987326
0.987339
0.987351
0.987363
0.987374
0.987384
0.987393
0.987401
0.987410
0.987417
0.987424
0.987430
0.987436
0.987442
0.987447
0.987452
0.987456
0.987461
0.987464
0.987468
0.987471
0.987474
0.987477
0.987479
0.987482
0.987484
0.987486
0.987488
0.987490
0.987491
0.987493
0.987494
0.987495
0.987496
0.987497
0.987498
0.987499
0.987500
0.987501
0.987501
0.987502
0.987502
0.987503
0.987503
0.987504
0.987504
0.987505
0.987505
0.987505
0.987505
0.987506
0.987506
0.987506
0.987506
0.987506
0.987507
0.987507
0.987507
0.987507
0.987507
0.987507
0.987507
0.987507
0.987507
0.987507
0.987507
0.987508
0.987508
0.987508
0.987508
0.987508
0.987508
0.987508
0.987508
0.987508
0.987508
0.987508
0.987508
0.987508
0.987508
0.987508
0.987508
0.987508
0.987508
0.987508
0.987508
0.987508
0.987508
0.987508
0.987508
0.987508
0.987508
0.987508
0.987508
0.987508
0.987508
0.987508
0.987508
0.987508
0.987508
0.987508
0.987508
0.987508
0.987508
0.987508
0.987508
0.987508
0.987508
0.987508
0.987508
0.987508
0.987508
0.987508
0.987508
0.987508
0.987508
0.987508
0.987508
0.987508
0.987508
0.987508
0.987508
0.987508
0.987508
0.987508
0.987508
0.987508
0.987508
0.987508
0.987508
0.987508
0.987508
0.987508
0.987508
0.987508
0.987508
0.987508
0.987508
0.987508
0.987508
0.987508
0.987508
0.987508
0.987508
0.987508
0.987508
0.987508
0.987508
0.987508
0.987508
0.987508
0.987508
0.987508
0.987508
0.987508
0.987508
0.987508
0.987508
0.987508
0.987508
0.987508
0.987508
0.987508
0.987508
0.987508
0.987508
0.987508
0.987508
0.987508
0.987508
0.987508
0.987508
0.987508
0.987508
0.987508
0.987508
0.987508
0.987508
0.987508
0.987508
0.987508
0.987508
0.987508
0.987508
0.987508
0.987508
0.987508
0.987508
0.987508
0.987508
0.987508
0.987508
0.987508
0.987508
0.987508
0.987508
0.987508
0.987508
0.987508
0.987508
0.987508
0.987508
0.987508
0.987508
0.987508
0.987508
0.987508
0.987508
0.987508
0.987508
0.987508
0.987508
0.987508
0.987508
0.987508
0.987508
0.987508
0.987508
0.987508
0.987508
0.987508
