0.035692
0.019687
0.076417
0.119101
0.153179
0.181601
0.206052
0.227542
0.246761
0.264212
0.280260
0.295172
0.309157
0.322390
0.335023
0.347165
0.358898
0.370341
0.381633
0.392952
0.404580
0.417267
0.428746
0.435418
0.441064
0.446752
0.452504
0.458319
0.464197
0.470137
0.476136
0.482194
0.488310
0.494481
0.500706
0.506983
0.513311
0.519687
0.526110
0.532794
0.539166
0.545594
0.552069
0.558587
0.565145
0.571741
0.578370
0.585030
0.591717
0.598430
0.605163
0.611915
0.618682
0.625459
0.632245
0.639035
0.645826
0.652615
0.659397
0.666169
0.672927
0.679667
0.686387
0.693082
0.699747
0.706381
0.712977
0.719534
0.726047
0.732513
0.738927
0.745286
0.751586
0.757825
0.763998
0.770101
0.776132
0.782088
0.787964
0.793758
0.799467
0.805088
0.810618
0.816055
0.821396
0.826638
0.831779
0.836817
0.841751
0.846577
0.851295
0.855904
0.860400
0.864785
0.869056
0.873212
0.877253
0.881179
0.884989
0.888683
0.892261
0.895724
0.899071
0.902303
0.905421
0.908426
0.911318
0.914100
0.916772
0.919336
0.921794
0.924147
0.926397
0.928547
0.930598
0.932552
0.934412
0.936181
0.937861
0.939454
0.940962
0.942390
0.943739
0.945012
0.946211
0.947341
0.948402
0.949399
0.950333
0.951208
0.952026
0.952790
0.953503
0.954166
0.954784
0.955357
0.955889
0.956381
0.956837
0.957257
0.957645
0.958003
0.958331
0.958633
0.958910
0.959164
0.959396
0.959608
0.959801
0.959977
0.960137
0.960282
0.960414
0.960533
0.960641
0.960738
0.960826
0.960905
0.960976
0.961040
0.961097
0.961148
0.961194
0.961234
0.961271
0.961303
0.961332
0.961357
0.961380
0.961400
0.961418
0.961433
0.961447
0.961459
0.961470
0.961479
0.961487
0.961495
0.961501
0.961506
0.961511
0.961515
0.961519
0.961522
0.961525
0.961527
0.961529
0.961531
0.961532
0.961534
0.961535
0.961536
0.961537
0.961537
0.961538
0.961538
0.961539
0.961539
0.961540
0.961540
0.961540
0.961540
0.961540
0.961541
0.961541
0.961541
0.961541
0.961541
0.961541
0.961541
0.961541
0.961541
0.961541
0.961541
0.961541
0.961541
0.961541
0.961541
0.961541
0.961541
0.961541
0.961541
0.961541
0.961541
0.961541
0.961541
0.961541
0.961541
0.961541
0.961541
0.961541
0.961541
0.961541
0.961541
0.961541
0.961541
0.961541
0.961541
0.961541
0.961541
0.961541
0.961541
0.961541
0.961541
0.961541
0.961541
0.961541
0.961541
0.961541
0.961541
0.961541
0.961541
0.961541
0.961541
0.961541
0.961541
0.961541
0.961541
0.961541
0.961541
0.961541
0.961541
0.961541
0.961541
0.961541
0.961541
0.961541
0.961541
0.961541
0.961541
0.961541
0.961541
0.961541
0.961541
0.961541
0.961541
0.961541
0.961541
0.961541
0.961541
0.961541
0.961541
0.961541
0.961541
0.961541
0.961541
0.961541
0.961541
0.961541
0.961541
0.961541
0.961541
0.961541
0.961541
0.961541
0.961541
0.961541
0.961541
0.961541
0.961541
0.961541
0.961541
0.961541
0.961541
0.961541
0.961541
0.961541
0.961541
0.961541
0.961541
0.961541
0.961541
0.961541
0.961541
0.961541
0.961541
0.961541
0.961541
0.961541
0.961541
0.961541
0.961541
0.961541
0.961541
0.961541
0.961541
0.961541
0.961541
0.961541
0.961541
0.961541
0.961541
0.961541
0.961541
0.961541
0.961541
0.961541
0.961541
0.961541
0.961541
0.961541
0.961541
0.961541
0.961541
0.961541
0.961541
0.961541
0.961541
0.961541
0.961541
0.961541
0.961541
0.961541
0.961541
0.961541
0.961541
0.961541
0.961541
0.961541
0.961541
0.961541
0.961541
0.961541
0.961541
0.961541
0.961541
0.961541
0.961541
0.961541
0.961541
0.961541
0.961541
0.961541
0.961541
0.961541
0.961541
0.961541
0.961541
0.961541
0.961541
0.961541
0.961541
0.961541
0.961541
0.961541
0.961541
0.961541
0.961541
0.961541
0.961541
0.961541
0.961541
0.961541
0.961541
0.961541
0.961541
0.961541
0.961541
0.961541
0.961541
0.961541
0.961541
0.961541
0.961541
0.961541
0.961541
0.961541
0.961541
0.961541
0.961541
0.961541
0.961541
0.961541
0.961541
0.961541
0.961541
0.961541
0.961541
0.961541
0.961541
0.961541
0.961541
0.961541
0.961541
0.961541
0.961541
0.961541
0.961541
0.961541
0.961541
0.961541
0.961541
0.961541
0.961541
0.961541
0.961541
0.961541
0.961541
0.961541
0.961541
0.961541
0.961541
0.961541
0.961541
0.961541
0.961541
0.961541
0.961541
0.961541
0.961541
0.961541
0.961541
0.961541
0.961541
0.961541
0.961541
0.961541
0.961541
0.961541
0.961541
0.961541
0.961541
0.961541
0.961541
0.961541
0.961541
0.961541
0.961541
0.961541
0.961541
0.961541
0.961541
0.961541
0.961541
0.961541
0.961541
0.961541
0.961541
0.961541
0.961541
0.961541
0.961541
0.961541
0.961541
0.961541
0.961541
0.961541
0.961541
0.961541
0.961541
0.961541
0.961541
0.961541
0.961541
0.961541
0.961541
0.961541
0.961541
0.961541
0.961541
0.961541
0.961541
0.961541
0.961541
0.961541
0.961541
0.961541
0.961541
0.961541
0.961541
0.961541
0.961541
0.961541
0.961541
0.961541
0.961541
0.961541
0.961541
0.961541
0.961541
0.961541
0.961541
0.961541
0.961541
0.961541
0.961541
0.961541
0.961541
0.961541
0.961541
0.961541
0.961541
0.961541
0.961541
0.961541
0.961541
0.961541
0.961541
0.961541
0.961541
0.961541
0.961541
0.961541
0.961541
0.961541
0.961541
0.961541
0.961541
0.961541
0.961541
0.961541
0.961541
0.961541
0.961541
0.961541
0.961541
0.961541
0.961541
0.961541
0.961541
0.961541
0.961541
0.961541
0.961541
0.961541
0.961541
0.961541
0.961541
0.961541
0.961541
0.961541
0.961541
0.961541
0.961541
0.961541
0.961541
0.961541
0.961541
0.961541
0.961541
0.961541
0.961541
0.961541
0.961541
0.961541
0.961541
0.961541
0.961541
0.961541
0.961541
0.961541
0.961541
0.961541
0.961541
0.961541
0.961541
0.961541
0.961541
0.961541
0.961541
