0.072902
0.138288
0.166027
0.181981
0.194567
0.205804
0.216201
0.225941
0.235119
0.243809
0.252133
0.260228
0.268266
0.276508
0.285933
0.293737
0.296166
0.298111
0.300048
0.301979
0.303904
0.305823
0.307736
0.309643
0.311543
0.313438
0.315327
0.317210
0.319086
0.320958
0.322823
0.324682
0.326536
0.328385
0.330228
0.332065
0.333897
0.335724
0.337545
0.339410
0.341081
0.342739
0.344393
0.346041
0.347686
0.349326
0.350962
0.352593
0.354221
0.355844
0.357463
0.359078
0.360688
0.362295
0.363897
0.365495
0.367090
0.368680
0.370266
0.371848
0.373426
0.375000
0.376570
0.378136
0.379697
0.381255
0.382809
0.384359
0.385905
0.387447
0.388986
0.390520
0.392050
0.393577
0.395099
0.396618
0.398132
0.399643
0.401150
0.402654
0.404153
0.405649
0.407140
0.408628
0.410112
0.411593
0.413069
0.414542
0.416011
0.417476
0.418938
0.420396
0.421850
0.423301
0.424747
0.426190
0.427630
0.429065
0.430497
0.431926
0.433351
0.434772
0.436189
0.437603
0.439013
0.440420
0.441823
0.443223
0.444619
0.446011
0.447400
0.448785
0.450167
0.451546
0.452920
0.454292
0.455659
0.457024
0.458385
0.459742
0.461096
0.462446
0.463793
0.465137
0.466477
0.467814
0.469147
0.470477
0.471804
0.473127
0.474447
0.475764
0.477077
0.478387
0.479693
0.480996
0.482296
0.483593
0.484886
0.486176
0.487463
0.488746
0.490027
0.491304
0.492577
0.493848
0.495115
0.496379
0.497640
0.498898
0.500152
0.501403
0.502652
0.503896
0.505138
0.506377
0.507612
0.508845
0.510074
0.511300
0.512523
0.513743
0.514960
0.516174
0.517385
0.518593
0.519797
0.520999
0.522198
0.523393
0.524586
0.525775
0.526962
0.528145
0.529326
0.530504
0.531678
0.532850
0.534019
0.535184
0.536347
0.537507
0.538664
0.539819
0.540970
0.542118
0.543264
0.544406
0.545546
0.546683
0.547817
0.548948
0.550077
0.551202
0.552325
0.553445
0.554562
0.555677
0.556788
0.557897
0.559003
0.560107
0.561207
0.562305
0.563400
0.564493
0.565582
0.566669
0.567754
0.568835
0.569914
0.570991
0.572064
0.573135
0.574204
0.575270
0.576333
0.577393
0.578451
0.579507
0.580559
0.581609
0.582657
0.583702
0.584745
0.585785
0.586822
0.587857
0.588889
0.589919
0.590946
0.591971
0.592994
0.594014
0.595031
0.596046
0.597059
0.598069
0.599076
0.600082
0.601084
0.602085
0.603083
0.604079
0.605072
0.606063
0.607051
0.608038
0.609021
0.610003
0.610982
0.611959
0.612934
0.613906
0.614876
0.615844
0.616809
0.617773
0.618734
0.619692
0.620649
0.621603
0.622555
0.623505
0.624453
0.625399
0.626342
0.627283
0.628222
0.629159
0.630094
0.631026
0.631957
0.632885
0.633812
0.634736
0.635658
0.636578
0.637496
0.638412
0.639326
0.640238
0.641148
0.642056
0.642962
0.643866
0.644768
0.645668
0.646566
0.647462
0.648356
0.649248
0.650139
0.651027
0.651914
0.652798
0.653681
0.654562
0.655441
0.656318
0.657194
0.658067
0.658939
0.659809
0.660677
0.661543
0.662408
0.663271
0.664132
0.664991
0.665849
0.666705
0.667559
0.668412
0.669263
0.670112
0.670960
0.671806
0.672650
0.673493
0.674334
0.675173
0.676011
0.676847
0.677682
0.678515
0.679347
0.680177
0.681006
0.681833
0.682658
0.683483
0.684305
0.685127
0.685946
0.686765
0.687582
0.688397
0.689211
0.690024
0.690835
0.691645
0.692454
0.693261
0.694067
0.694872
0.695676
0.696478
0.697279
0.698078
0.698877
0.699674
0.700470
0.701264
0.702058
0.702850
0.703641
0.704432
0.705220
0.706008
0.706795
0.707580
0.708365
0.709148
0.709931
0.710712
0.711492
0.712272
0.713050
0.713827
0.714603
0.715379
0.716153
0.716927
0.717699
0.718471
0.719242
0.720011
0.720780
0.721549
0.722316
0.723082
0.723848
0.724613
0.725377
0.726141
0.726903
0.727665
0.728426
0.729187
0.729946
0.730705
0.731464
0.732222
0.732979
0.733735
0.734491
0.735246
0.736001
0.736755
0.737509
0.738262
0.739015
0.739767
0.740518
0.741269
0.742020
0.742770
0.743520
0.744269
0.745018
0.745767
0.746515
0.747263
0.748011
0.748758
0.749505
0.750251
0.750998
0.751744
0.752489
0.753235
0.753980
0.754725
0.755470
0.756215
0.756960
0.757704
0.758448
0.759193
0.759937
0.760681
0.761424
0.762168
0.762912
0.763656
0.764400
0.765143
0.765887
0.766631
0.767375
0.768118
0.768862
0.769606
0.770350
0.771094
0.771839
0.772583
0.773328
0.774072
0.774817
0.775562
0.776308
0.777053
0.777799
0.778545
0.779291
0.780037
0.780784
0.781531
0.782278
0.783026
0.783774
0.784522
0.785271
0.786019
0.786769
0.787518
0.788269
0.789019
0.789770
0.790521
0.791273
0.792025
0.792778
0.793531
0.794284
0.795038
0.795793
0.796548
0.797303
0.798059
0.798816
0.799573
0.800331
0.801089
0.801848
0.802607
0.803367
0.804127
0.804889
0.805650
0.806412
0.807175
0.807939
0.808703
0.809468
0.810233
0.810999
0.811766
0.812533
0.813301
0.814069
0.814839
0.815609
0.816379
0.817150
0.817922
0.818695
0.819468
0.820242
0.821017
0.821792
0.822568
0.823345
0.824122
0.824900
0.825678
0.826458
0.827238
0.828019
0.828800
0.829582
0.830365
0.831148
0.831932
0.832717
0.833502
0.834288
0.835075
0.835862
0.836650
0.837438
0.838227
0.839017
0.839808
0.840599
0.841390
0.842182
0.842975
0.843768
0.844562
0.845357
0.846152
0.846947
0.847743
0.848540
0.849337
0.850134
0.850932
0.851730
0.852529
0.853328
0.854128
0.854928
0.855729
0.856529
0.857331
0.858132
0.858934
0.859736
0.860539
0.861341
0.862144
0.862947
0.863751
0.864554
0.865358
0.866162
0.866966
0.867770
0.868574
0.869378
0.870183
0.870987
0.871791
0.872595
0.873400
0.874204
0.875008
0.875811
0.876615
0.877419
0.878222
0.879025
0.879828
0.880630
0.881432
0.882234
0.883035
0.883836
0.884637
0.885437
0.886236
0.887035
0.887834
0.888631
0.889429
0.890225
0.891021
