0.009928
0.021513
0.036935
0.049896
0.071445
0.103325
0.140520
0.176764
0.207660
0.231487
0.248547
0.260158
0.267872
0.273045
0.276685
0.279466
0.281800
0.283918
0.285942
0.287929
0.289901
0.291868
0.293830
0.295787
0.297738
0.299684
0.301624
0.303558
0.305487
0.307410
0.309328
0.311240
0.313147
0.315049
0.316945
0.318835
0.320720
0.322600
0.324475
0.326406
0.328141
0.329853
0.331558
0.333258
0.334954
0.336645
0.338332
0.340015
0.341693
0.343367
0.345036
0.346702
0.348363
0.350020
0.351672
0.353321
0.354965
0.356605
0.358240
0.359872
0.361499
0.363122
0.364741
0.366356
0.367967
0.369573
0.371176
0.372774
0.374368
0.375959
0.377545
0.379127
0.380705
0.382279
0.383848
0.385414
0.386976
0.388534
0.390088
0.391638
0.393184
0.394726
0.396264
0.397798
0.399328
0.400854
0.402376
0.403895
0.405409
0.406920
0.408427
0.409930
0.411429
0.412924
0.414416
0.415903
0.417387
0.418867
0.420343
0.421816
0.423284
0.424749
0.426210
0.427668
0.429121
0.430571
0.432017
0.433460
0.434899
0.436334
0.437766
0.439193
0.440618
0.442038
0.443455
0.444868
0.446278
0.447684
0.449086
0.450485
0.451881
0.453272
0.454661
0.456045
0.457426
0.458804
0.460178
0.461548
0.462915
0.464279
0.465639
0.466995
0.468348
0.469698
0.471044
0.472387
0.473726
0.475062
0.476395
0.477724
0.479049
0.480372
0.481690
0.483006
0.484318
0.485627
0.486932
0.488235
0.489533
0.490829
0.492121
0.493410
0.494695
0.495978
0.497257
0.498532
0.499805
0.501074
0.502340
0.503603
0.504862
0.506119
0.507372
0.508622
0.509868
0.511112
0.512352
0.513589
0.514823
0.516054
0.517282
0.518507
0.519728
0.520946
0.522162
0.523374
0.524583
0.525789
0.526992
0.528192
0.529388
0.530582
0.531773
0.532960
0.534145
0.535326
0.536505
0.537680
0.538853
0.540022
0.541189
0.542353
0.543513
0.544671
0.545826
0.546977
0.548126
0.549272
0.550415
0.551555
0.552692
0.553826
0.554958
0.556086
0.557212
0.558334
0.559454
0.560571
0.561685
0.562797
0.563905
0.565011
0.566114
0.567214
0.568311
0.569405
0.570497
0.571586
0.572672
0.573755
0.574836
0.575913
0.576988
0.578061
0.579130
0.580197
0.581261
0.582323
0.583381
0.584437
0.585491
0.586541
0.587589
0.588634
0.589677
0.590717
0.591754
0.592789
0.593821
0.594850
0.595877
0.596901
0.597923
0.598942
0.599958
0.600972
0.601983
0.602992
0.603998
0.605001
0.606002
0.607001
0.607997
0.608990
0.609981
0.610969
0.611955
0.612938
0.613919
0.614897
0.615873
0.616846
0.617817
0.618785
0.619751
0.620715
0.621676
0.622634
0.623590
0.624544
0.625495
0.626444
0.627390
0.628334
0.629276
0.630215
0.631152
0.632086
0.633018
0.633948
0.634876
0.635800
0.636723
0.637643
0.638561
0.639477
0.640390
0.641301
0.642210
0.643116
0.644020
0.644922
0.645821
0.646719
0.647614
0.648506
0.649396
0.650285
0.651170
0.652054
0.652935
0.653814
0.654691
0.655566
0.656438
0.657309
0.658177
0.659043
0.659906
0.660768
0.661627
0.662484
0.663339
0.664191
0.665042
0.665890
0.666737
0.667581
0.668423
0.669263
0.670100
0.670936
0.671769
0.672601
0.673430
0.674257
0.675082
0.675905
0.676726
0.677545
0.678361
0.679176
0.679989
0.680799
0.681608
0.682414
0.683219
0.684021
0.684821
0.685620
0.686416
0.687210
0.688002
0.688793
0.689581
0.690367
0.691151
0.691934
0.692714
0.693492
0.694269
0.695043
0.695816
0.696586
0.697355
0.698121
0.698886
0.699649
0.700409
0.701168
0.701925
0.702680
0.703433
0.704185
0.704934
0.705682
0.706427
0.707171
0.707913
0.708653
0.709391
0.710127
0.710861
0.711594
0.712324
0.713053
0.713780
0.714505
0.715229
0.715950
0.716670
0.717388
0.718104
0.718818
0.719530
0.720241
0.720950
0.721657
0.722362
0.723066
0.723768
0.724468
0.725166
0.725862
0.726557
0.727250
0.727941
0.728631
0.729318
0.730004
0.730689
0.731371
0.732052
0.732731
0.733409
0.734085
0.734759
0.735431
0.736102
0.736771
0.737438
0.738103
0.738767
0.739430
0.740090
0.740749
0.741407
0.742062
0.742716
0.743369
0.744019
0.744669
0.745316
0.745962
0.746606
0.747249
0.747890
0.748529
0.749167
0.749803
0.750438
0.751071
0.751702
0.752332
0.752961
0.753587
0.754212
0.754836
0.755458
0.756079
0.756697
0.757315
0.757931
0.758545
0.759158
0.759769
0.760379
0.760987
0.761594
0.762199
0.762802
0.763405
0.764005
0.764604
0.765202
0.765798
0.766393
0.766986
0.767578
0.768168
0.768757
0.769344
0.769930
0.770514
0.771097
0.771679
0.772259
0.772837
0.773415
0.773990
0.774565
0.775138
0.775709
0.776279
0.776848
0.777415
0.777981
0.778545
0.779108
0.779670
0.780230
0.780789
0.781346
0.781902
0.782457
0.783010
0.783562
0.784113
0.784662
0.785210
0.785756
0.786301
0.786845
0.787388
0.787929
0.788468
0.789007
0.789544
0.790080
0.790614
0.791147
0.791679
0.792210
0.792739
0.793267
0.793793
0.794319
0.794843
0.795365
0.795887
0.796407
0.796926
0.797444
0.797960
0.798475
0.798989
0.799501
0.800013
0.800523
0.801031
0.801539
0.802045
0.802550
0.803054
0.803556
0.804058
0.804558
0.805057
0.805554
0.806051
0.806546
0.807040
0.807533
0.808024
0.808515
0.809004
0.809492
0.809979
0.810465
0.810949
0.811432
0.811914
0.812395
0.812875
0.813354
0.813831
0.814307
0.814782
0.815256
0.815729
0.816201
0.816671
0.817140
0.817609
0.818076
0.818542
0.819006
0.819470
0.819933
0.820394
0.820854
0.821314
0.821772
0.822229
0.822685
0.823139
0.823593
0.824046
0.824497
0.824947
0.825397
0.825845
0.826292
0.826738
0.827183
0.827627
0.828070
0.828512
0.828953
0.829392
0.829831
0.830268
0.830705
0.831140
0.831575
0.832008
0.832440
0.832872
0.833302
0.833731
0.834159
0.834587
0.835013
0.835438
0.835862
0.836285
0.836707
0.837128
0.837549
0.837968
