0.042737
0.142731
0.210433
0.248796
0.262944
0.269536
0.273355
0.276073
0.278361
0.280483
0.282539
0.284568
0.286583
0.288589
0.290588
0.292580
0.294565
0.296545
0.298518
0.300485
0.302446
0.304400
0.306349
0.308292
0.310229
0.312160
0.314085
0.316004
0.317918
0.319826
0.321729
0.323625
0.325517
0.327403
0.329283
0.331158
0.333027
0.334891
0.336750
0.338667
0.340393
0.342095
0.343788
0.345476
0.347159
0.348838
0.350513
0.352183
0.353849
0.355510
0.357167
0.358819
0.360467
0.362111
0.363750
0.365385
0.367016
0.368643
0.370265
0.371883
0.373497
0.375106
0.376711
0.378312
0.379909
0.381502
0.383090
0.384675
0.386255
0.387831
0.389402
0.390970
0.392534
0.394093
0.395649
0.397200
0.398747
0.400290
0.401829
0.403364
0.404896
0.406423
0.407946
0.409465
0.410980
0.412491
0.413998
0.415501
0.417000
0.418496
0.419987
0.421475
0.422958
0.424438
0.425914
0.427386
0.428854
0.430318
0.431779
0.433235
0.434688
0.436137
0.437583
0.439024
0.440462
0.441896
0.443326
0.444752
0.446175
0.447594
0.449009
0.450421
0.451829
0.453233
0.454634
0.456031
0.457424
0.458813
0.460199
0.461582
0.462961
0.464336
0.465707
0.467075
0.468440
0.469801
0.471158
0.472512
0.473862
0.475209
0.476552
0.477892
0.479228
0.480561
0.481890
0.483216
0.484538
0.485857
0.487173
0.488485
0.489794
0.491099
0.492401
0.493699
0.494994
0.496286
0.497574
0.498859
0.500141
0.501419
0.502694
0.503966
0.505234
0.506499
0.507761
0.509020
0.510275
0.511527
0.512775
0.514021
0.515263
0.516502
0.517738
0.518970
0.520200
0.521426
0.522649
0.523869
0.525085
0.526299
0.527509
0.528716
0.529920
0.531121
0.532319
0.533514
0.534705
0.535894
0.537079
0.538262
0.539441
0.540617
0.541790
0.542960
0.544128
0.545292
0.546453
0.547611
0.548766
0.549918
0.551067
0.552213
0.553356
0.554496
0.555633
0.556768
0.557899
0.559027
0.560153
0.561275
0.562395
0.563511
0.564625
0.565736
0.566844
0.567949
0.569052
0.570151
0.571248
0.572342
0.573433
0.574521
0.575606
0.576689
0.577768
0.578845
0.579919
0.580991
0.582059
0.583125
0.584188
0.585249
0.586306
0.587361
0.588413
0.589462
0.590509
0.591553
0.592594
0.593633
0.594669
0.595702
0.596733
0.597760
0.598786
0.599808
0.600828
0.601845
0.602860
0.603872
0.604882
0.605888
0.606893
0.607894
0.608893
0.609890
0.610884
0.611875
0.612864
0.613850
0.614834
0.615815
0.616793
0.617770
0.618743
0.619714
0.620683
0.621649
0.622612
0.623573
0.624532
0.625488
0.626442
0.627393
0.628342
0.629288
0.630232
0.631173
0.632112
0.633049
0.633983
0.634915
0.635844
0.636771
0.637695
0.638617
0.639537
0.640455
0.641370
0.642282
0.643193
0.644101
0.645006
0.645910
0.646811
0.647709
0.648606
0.649500
0.650392
0.651281
0.652168
0.653053
0.653936
0.654816
0.655694
0.656570
0.657443
0.658315
0.659184
0.660051
0.660915
0.661778
0.662638
0.663496
0.664351
0.665205
0.666056
0.666905
0.667752
0.668597
0.669440
0.670280
0.671118
0.671954
0.672788
0.673620
0.674450
0.675277
0.676103
0.676926
0.677747
0.678566
0.679383
0.680198
0.681011
0.681822
0.682630
0.683437
0.684241
0.685043
0.685844
0.686642
0.687438
0.688232
0.689024
0.689815
0.690603
0.691389
0.692173
0.692955
0.693735
0.694513
0.695289
0.696062
0.696834
0.697604
0.698373
0.699139
0.699903
0.700665
0.701425
0.702183
0.702939
0.703694
0.704446
0.705197
0.705945
0.706692
0.707436
0.708179
0.708920
0.709659
0.710396
0.711131
0.711865
0.712596
0.713326
0.714053
0.714779
0.715503
0.716225
0.716945
0.717664
0.718380
0.719095
0.719808
0.720519
0.721228
0.721935
0.722641
0.723345
0.724047
0.724747
0.725445
0.726142
0.726837
0.727530
0.728221
0.728910
0.729598
0.730284
0.730968
0.731650
0.732331
0.733010
0.733687
0.734363
0.735036
0.735708
0.736379
0.737047
0.737714
0.738379
0.739043
0.739704
0.740364
0.741023
0.741679
0.742334
0.742987
0.743639
0.744289
0.744937
0.745584
0.746229
0.746872
0.747514
0.748154
0.748792
0.749429
0.750064
0.750698
0.751329
0.751960
0.752588
0.753215
0.753841
0.754464
0.755087
0.755707
0.756326
0.756944
0.757560
0.758174
0.758787
0.759398
0.760007
0.760615
0.761222
0.761827
0.762430
0.763032
0.763632
0.764231
0.764828
0.765424
0.766018
0.766610
0.767202
0.767791
0.768379
0.768966
0.769551
0.770135
0.770717
0.771297
0.771876
0.772454
0.773030
0.773605
0.774178
0.774750
0.775320
0.775889
0.776456
0.777022
0.777587
0.778150
0.778711
0.779271
0.779830
0.780387
0.780943
0.781498
0.782051
0.782602
0.783152
0.783701
0.784249
0.784795
0.785339
0.785882
0.786424
0.786965
0.787504
0.788041
0.788578
0.789113
0.789646
0.790178
0.790709
0.791239
0.791767
0.792293
0.792819
0.793343
0.793866
0.794387
0.794907
0.795426
0.795943
0.796459
0.796974
0.797488
0.798000
0.798511
0.799020
0.799528
0.800035
0.800541
0.801045
0.801548
0.802050
0.802551
0.803050
0.803548
0.804044
0.804540
0.805034
0.805527
0.806018
0.806509
0.806998
0.807486
0.807972
0.808457
0.808942
0.809424
0.809906
0.810387
0.810866
0.811344
0.811820
0.812296
0.812770
0.813243
0.813715
0.814186
0.814655
0.815124
0.815591
0.816057
0.816521
0.816985
0.817447
0.817908
0.818368
0.818827
0.819285
0.819741
0.820196
0.820651
0.821104
0.821555
0.822006
0.822456
0.822904
0.823351
0.823797
0.824242
0.824686
0.825129
0.825570
0.826011
0.826450
0.826888
0.827325
0.827761
0.828196
0.828629
0.829062
0.829494
0.829924
0.830353
0.830781
0.831209
0.831635
0.832060
0.832483
0.832906
0.833328
0.833748
0.834168
0.834586
0.835004
0.835420
0.835835
0.836250
0.836663
0.837075
0.837486
0.837896
0.838305
0.838713
0.839120
0.839526
0.839930
0.840334
0.840737
0.841139
