0.010891
0.023162
0.035839
0.049213
0.063960
0.081134
0.091362
0.102377
0.114865
0.129189
0.145905
0.166014
0.191195
0.222715
0.257607
0.285835
0.296575
0.291104
0.283205
0.281425
0.283002
0.284975
0.286952
0.288925
0.290895
0.292860
0.294821
0.296778
0.298731
0.300681
0.302626
0.304568
0.306505
0.308440
0.310370
0.312298
0.314221
0.316142
0.318059
0.320007
0.321747
0.323492
0.325237
0.326980
0.328720
0.330458
0.332195
0.333929
0.335661
0.337391
0.339120
0.340846
0.342571
0.344294
0.346016
0.347736
0.349454
0.351171
0.352887
0.354601
0.356313
0.358025
0.359735
0.361444
0.363152
0.364859
0.366565
0.368270
0.369974
0.371677
0.373380
0.375081
0.376782
0.378483
0.380182
0.381882
0.383581
0.385279
0.386977
0.388675
0.390372
0.392069
0.393766
0.395463
0.397160
0.398857
0.400553
0.402250
0.403947
0.405644
0.407342
0.409039
0.410737
0.412436
0.414134
0.415833
0.417533
0.419233
0.420934
0.422635
0.424337
0.426040
0.427743
0.429447
0.431152
0.432858
0.434564
0.436272
0.437980
0.439690
0.441400
0.443111
0.444824
0.446538
0.448252
0.449968
0.451686
0.453404
0.455124
0.456844
0.458567
0.460290
0.462015
0.463741
0.465469
0.467198
0.468928
0.470660
0.472394
0.474128
0.475865
0.477603
0.479342
0.481083
0.482826
0.484570
0.486315
0.488063
0.489811
0.491562
0.493314
0.495067
0.496823
0.498580
0.500338
0.502098
0.503860
0.505623
0.507388
0.509155
0.510923
0.512693
0.514464
0.516237
0.518012
0.519788
0.521566
0.523345
0.525126
0.526909
0.528693
0.530478
0.532265
0.534054
0.535843
0.537635
0.539428
0.541222
0.543017
0.544814
0.546613
0.548412
0.550213
0.552015
0.553819
0.555624
0.557429
0.559236
0.561045
0.562854
0.564664
0.566476
0.568288
0.570101
0.571916
0.573731
0.575547
0.577364
0.579182
0.581000
0.582819
0.584639
0.586460
0.588281
0.590103
0.591925
0.593748
0.595571
0.597394
0.599218
0.601042
0.602867
0.604691
0.606516
0.608341
0.610166
0.611991
0.613816
0.615641
0.617466
0.619291
0.621115
0.622939
0.624763
0.626586
0.628409
0.630232
0.632054
0.633875
0.635696
0.637516
0.639335
0.641154
0.642972
0.644788
0.646604
0.648419
0.650232
0.652045
0.653856
0.655666
0.657475
0.659282
0.661088
0.662893
0.664696
0.666497
0.668297
0.670095
0.671891
0.673685
0.675478
0.677269
0.679057
0.680844
0.682628
0.684410
0.686190
0.687968
0.689743
0.691516
0.693287
0.695055
0.696820
0.698583
0.700343
0.702100
0.703854
0.705606
0.707355
0.709100
0.710843
0.712583
0.714319
0.716052
0.717782
0.719509
0.721232
0.722952
0.724668
0.726381
0.728090
0.729795
0.731497
0.733195
0.734889
0.736580
0.738266
0.739948
0.741627
0.743301
0.744971
0.746637
0.748299
0.749957
0.751610
0.753259
0.754903
0.756543
0.758178
0.759809
0.761435
0.763057
0.764673
0.766285
0.767892
0.769495
0.771092
0.772685
0.774272
0.775854
0.777432
0.779004
0.780571
0.782133
0.783689
0.785241
0.786787
0.788327
0.789862
0.791392
0.792917
0.794435
0.795948
0.797456
0.798958
0.800454
0.801945
0.803430
0.804909
0.806382
0.807850
0.809311
0.810767
0.812217
0.813660
0.815098
0.816530
0.817956
0.819376
0.820789
0.822197
0.823598
0.824993
0.826382
0.827764
0.829141
0.830511
0.831875
0.833232
0.834583
0.835928
0.837267
0.838599
0.839924
0.841243
0.842556
0.843862
0.845162
0.846455
0.847742
0.849022
0.850295
0.851562
0.852823
0.854076
0.855324
0.856564
0.857798
0.859025
0.860246
0.861460
0.862667
0.863868
0.865062
0.866249
0.867429
0.868603
0.869770
0.870930
0.872084
0.873231
0.874371
0.875504
0.876631
0.877751
0.878864
0.879971
0.881070
0.882163
0.883249
0.884329
0.885402
0.886468
0.887527
0.888579
0.889625
0.890664
0.891697
0.892722
0.893741
0.894754
0.895759
0.896758
0.897750
0.898736
0.899715
0.900687
0.901652
0.902611
0.903564
0.904509
0.905448
0.906381
0.907307
0.908226
0.909139
0.910045
0.910945
0.911838
0.912725
0.913605
0.914479
0.915346
0.916207
0.917061
0.917909
0.918751
0.919586
0.920415
0.921238
0.922054
0.922864
0.923668
0.924465
0.925257
0.926042
0.926820
0.927593
0.928359
0.929120
0.929874
0.930622
0.931364
0.932100
0.932830
0.933554
0.934272
0.934984
0.935690
0.936390
0.937085
0.937773
0.938456
0.939132
0.939803
0.940469
0.941128
0.941782
0.942430
0.943072
0.943709
0.944340
0.944966
0.945586
0.946201
0.946810
0.947413
0.948011
0.948604
0.949191
0.949773
0.950350
0.950921
0.951487
0.952048
0.952604
0.953154
0.953699
0.954239
0.954774
0.955304
0.955829
0.956349
0.956863
0.957373
0.957878
0.958378
0.958873
0.959364
0.959849
0.960330
0.960806
0.961277
0.961744
0.962205
0.962663
0.963115
0.963563
0.964007
0.964446
0.964880
0.965310
0.965736
0.966157
0.966574
0.966987
0.967395
0.967799
0.968199
0.968594
0.968986
0.969373
0.969756
0.970135
0.970510
0.970881
0.971248
0.971610
0.971969
0.972325
0.972676
0.973023
0.973367
0.973706
0.974042
0.974374
0.974703
0.975028
0.975349
0.975667
0.975981
0.976291
0.976598
0.976901
0.977201
0.977498
0.977791
0.978081
0.978367
0.978650
0.978930
0.979206
0.979479
0.979749
0.980016
0.980280
0.980540
0.980798
0.981052
0.981304
0.981552
0.981797
0.982040
0.982279
0.982515
0.982749
0.982980
0.983208
0.983433
0.983655
0.983875
0.984092
0.984306
0.984517
0.984726
0.984933
0.985136
0.985337
0.985536
0.985732
0.985925
0.986116
0.986305
0.986491
0.986675
0.986856
0.987035
0.987212
0.987387
0.987559
0.987729
0.987896
0.988062
0.988225
0.988386
0.988545
0.988702
0.988857
0.989009
0.989160
0.989309
0.989455
0.989600
0.989743
0.989883
0.990022
0.990159
0.990294
0.990427
0.990559
0.990688
0.990816
0.990942
0.991066
0.991189
0.991309
0.991428
0.991546
0.991662
