0.026916
0.057736
0.090570
0.126854
0.168904
0.218876
0.265080
0.277117
0.258788
0.249550
0.255282
0.263359
0.271778
0.281624
0.288267
0.290471
0.292500
0.294527
0.296552
0.298576
0.300598
0.302618
0.304636
0.306653
0.308669
0.310684
0.312697
0.314710
0.316722
0.318733
0.320745
0.322755
0.324766
0.326777
0.328788
0.330800
0.332812
0.334825
0.336838
0.338880
0.340713
0.342564
0.344419
0.346277
0.348137
0.350000
0.351866
0.353734
0.355606
0.357481
0.359358
0.361240
0.363124
0.365012
0.366904
0.368799
0.370699
0.372602
0.374509
0.376421
0.378336
0.380256
0.382181
0.384110
0.386044
0.387982
0.389925
0.391873
0.393827
0.395785
0.397748
0.399717
0.401691
0.403671
0.405656
0.407646
0.409643
0.411645
0.413652
0.415666
0.417686
0.419711
0.421743
0.423781
0.425825
0.427876
0.429932
0.431995
0.434065
0.436141
0.438223
0.440312
0.442407
0.444510
0.446618
0.448734
0.450856
0.452985
0.455120
0.457263
0.459412
0.461568
0.463731
0.465901
0.468077
0.470261
0.472451
0.474648
0.476852
0.479062
0.481280
0.483504
0.485735
0.487973
0.490218
0.492469
0.494727
0.496992
0.499263
0.501541
0.503825
0.506116
0.508413
0.510717
0.513027
0.515343
0.517665
0.519994
0.522329
0.524669
0.527016
0.529369
0.531727
0.534091
0.536461
0.538836
0.541216
0.543603
0.545994
0.548390
0.550792
0.553198
0.555610
0.558026
0.560447
0.562872
0.565302
0.567736
0.570175
0.572617
0.575064
0.577514
0.579968
0.582425
0.584886
0.587350
0.589818
0.592288
0.594761
0.597237
0.599716
0.602197
0.604680
0.607166
0.609653
0.612142
0.614633
0.617126
0.619620
0.622115
0.624611
0.627108
0.629606
0.632105
0.634604
0.637103
0.639602
0.642101
0.644600
0.647098
0.649596
0.652093
0.654589
0.657083
0.659577
0.662069
0.664560
0.667048
0.669535
0.672019
0.674502
0.676981
0.679458
0.681932
0.684403
0.686871
0.689335
0.691796
0.694253
0.696707
0.699156
0.701601
0.704041
0.706477
0.708908
0.711334
0.713755
0.716170
0.718580
0.720985
0.723384
0.725776
0.728163
0.730543
0.732917
0.735284
0.737645
0.739998
0.742345
0.744684
0.747016
0.749340
0.751656
0.753965
0.756265
0.758557
0.760841
0.763117
0.765384
0.767642
0.769891
0.772131
0.774362
0.776584
0.778796
0.780999
0.783192
0.785375
0.787548
0.789711
0.791864
0.794007
0.796139
0.798260
0.800371
0.802471
0.804560
0.806638
0.808705
0.810761
0.812806
0.814839
0.816860
0.818870
0.820869
0.822855
0.824830
0.826792
0.828743
0.830682
0.832608
0.834522
0.836424
0.838313
0.840190
0.842054
0.843906
0.845745
0.847571
0.849384
0.851185
0.852973
0.854748
0.856509
0.858258
0.859994
0.861716
0.863426
0.865122
0.866805
0.868475
0.870131
0.871774
0.873404
0.875020
0.876623
0.878213
0.879789
0.881352
0.882902
0.884438
0.885960
0.887469
0.888965
0.890447
0.891916
0.893371
0.894813
0.896241
0.897657
0.899058
0.900446
0.901821
0.903183
0.904531
0.905866
0.907187
0.908496
0.909791
0.911073
0.912342
0.913597
0.914840
0.916069
0.917286
0.918489
0.919680
0.920857
0.922022
0.923174
0.924313
0.925440
0.926554
0.927655
0.928743
0.929820
0.930883
0.931935
0.932974
0.934001
0.935015
0.936018
0.937008
0.937987
0.938953
0.939908
0.940850
0.941781
0.942701
0.943609
0.944505
0.945390
0.946263
0.947125
0.947976
0.948816
0.949645
0.950463
0.951269
0.952065
0.952851
0.953625
0.954389
0.955143
0.955886
0.956619
0.957341
0.958054
0.958756
0.959448
0.960131
0.960803
0.961466
0.962119
0.962763
0.963397
0.964021
0.964637
0.965243
0.965840
0.966428
0.967007
0.967577
0.968139
0.968692
0.969236
0.969772
0.970299
0.970818
0.971328
0.971831
0.972325
0.972812
0.973290
0.973761
0.974224
0.974680
0.975128
0.975568
0.976001
0.976427
0.976846
0.977257
0.977662
0.978060
0.978450
0.978834
0.979212
0.979582
0.979947
0.980304
0.980656
0.981001
0.981340
0.981673
0.982000
0.982321
0.982636
0.982946
0.983249
0.983547
0.983840
0.984127
0.984409
0.984685
0.984956
0.985223
0.985484
0.985739
0.985991
0.986237
0.986478
0.986715
0.986947
0.987174
0.987397
0.987616
0.987830
0.988040
0.988246
0.988448
0.988645
0.988839
0.989028
0.989214
0.989395
0.989573
0.989748
0.989918
0.990086
0.990249
0.990409
0.990566
0.990719
0.990870
0.991016
0.991160
0.991301
0.991438
0.991573
0.991704
0.991833
0.991959
0.992082
0.992202
0.992320
0.992435
0.992547
0.992657
0.992764
0.992869
0.992972
0.993072
0.993170
0.993265
0.993359
0.993450
0.993539
0.993626
0.993711
0.993794
0.993874
0.993953
0.994030
0.994106
0.994179
0.994251
0.994321
0.994389
0.994455
0.994520
0.994583
0.994645
0.994705
0.994764
0.994821
0.994877
0.994931
0.994984
0.995036
0.995086
0.995135
0.995183
0.995229
0.995274
0.995318
0.995361
0.995403
0.995444
0.995484
0.995522
0.995560
0.995597
0.995632
0.995667
0.995701
0.995733
0.995765
0.995796
0.995827
0.995856
0.995885
0.995912
0.995939
0.995966
0.995991
0.996016
0.996040
0.996064
0.996086
0.996108
0.996130
0.996151
0.996171
0.996191
0.996210
0.996229
0.996247
0.996264
0.996281
0.996298
0.996314
0.996329
0.996344
0.996359
0.996373
0.996387
0.996400
0.996413
0.996426
0.996438
0.996450
0.996462
0.996473
0.996483
0.996494
0.996504
0.996514
0.996523
0.996533
0.996541
0.996550
0.996558
0.996567
0.996574
0.996582
0.996589
0.996596
0.996603
0.996610
0.996617
0.996623
0.996629
0.996635
0.996640
0.996646
0.996651
0.996656
0.996661
0.996666
0.996671
0.996675
0.996679
0.996684
0.996688
0.996691
0.996695
0.996699
0.996702
0.996706
0.996709
0.996712
0.996715
0.996718
0.996721
0.996724
0.996726
0.996729
0.996732
0.996734
0.996736
0.996738
0.996741
0.996743
0.996745
0.996747
0.996748
0.996750
0.996752
0.996754
