0.017354
0.039106
0.078535
0.135818
0.186411
0.218960
0.237626
0.249326
0.258469
0.267439
0.277522
0.280767
0.282754
0.284740
0.286722
0.288697
0.290667
0.292630
0.294587
0.296538
0.298483
0.300421
0.302354
0.304280
0.306200
0.308115
0.310024
0.311926
0.313823
0.315715
0.317601
0.319481
0.321355
0.323225
0.325089
0.326947
0.328800
0.330648
0.332490
0.334381
0.336077
0.337757
0.339431
0.341100
0.342764
0.344425
0.346081
0.347733
0.349381
0.351024
0.352664
0.354299
0.355930
0.357557
0.359179
0.360798
0.362412
0.364022
0.365628
0.367230
0.368828
0.370422
0.372012
0.373598
0.375179
0.376757
0.378331
0.379900
0.381466
0.383028
0.384586
0.386139
0.387689
0.389235
0.390777
0.392315
0.393849
0.395379
0.396905
0.398428
0.399946
0.401461
0.402972
0.404478
0.405982
0.407481
0.408976
0.410468
0.411956
0.413440
0.414920
0.416397
0.417869
0.419338
0.420804
0.422265
0.423723
0.425177
0.426628
0.428074
0.429517
0.430957
0.432392
0.433824
0.435253
0.436678
0.438099
0.439516
0.440930
0.442341
0.443747
0.445150
0.446550
0.447946
0.449339
0.450728
0.452113
0.453495
0.454873
0.456248
0.457619
0.458987
0.460352
0.461713
0.463070
0.464424
0.465775
0.467122
0.468466
0.469806
0.471143
0.472476
0.473806
0.475133
0.476457
0.477777
0.479093
0.480407
0.481717
0.483023
0.484327
0.485627
0.486923
0.488217
0.489507
0.490794
0.492077
0.493358
0.494635
0.495909
0.497179
0.498447
0.499711
0.500972
0.502230
0.503484
0.504736
0.505984
0.507229
0.508471
0.509709
0.510945
0.512178
0.513407
0.514633
0.515856
0.517076
0.518293
0.519507
0.520718
0.521926
0.523130
0.524332
0.525531
0.526726
0.527919
0.529108
0.530295
0.531478
0.532659
0.533836
0.535011
0.536182
0.537351
0.538517
0.539679
0.540839
0.541996
0.543150
0.544301
0.545449
0.546594
0.547736
0.548876
0.550012
0.551146
0.552277
0.553405
0.554530
0.555652
0.556772
0.557889
0.559002
0.560113
0.561222
0.562327
0.563430
0.564530
0.565627
0.566721
0.567813
0.568902
0.569988
0.571071
0.572152
0.573230
0.574305
0.575378
0.576448
0.577515
0.578580
0.579642
0.580701
0.581757
0.582811
0.583863
0.584911
0.585957
0.587001
0.588042
0.589080
0.590115
0.591148
0.592179
0.593207
0.594232
0.595255
0.596275
0.597293
0.598308
0.599321
0.600331
0.601338
0.602343
0.603346
0.604346
0.605344
0.606339
0.607332
0.608322
0.609310
0.610295
0.611278
0.612258
0.613236
0.614212
0.615185
0.616156
0.617124
0.618090
0.619054
0.620015
0.620974
0.621931
0.622885
0.623837
0.624786
0.625733
0.626678
0.627621
0.628561
0.629499
0.630435
0.631368
0.632299
0.633228
0.634154
0.635079
0.636001
0.636920
0.637838
0.638753
0.639666
0.640577
0.641486
0.642392
0.643297
0.644199
0.645099
0.645996
0.646892
0.647785
0.648676
0.649565
0.650452
0.651337
0.652220
0.653100
0.653979
0.654855
0.655730
0.656602
0.657472
0.658340
0.659206
0.660070
0.660931
0.661791
0.662649
0.663505
0.664358
0.665210
0.666060
0.666907
0.667753
0.668596
0.669438
0.670278
0.671116
0.671951
0.672785
0.673617
0.674447
0.675275
0.676101
0.676925
0.677747
0.678567
0.679386
0.680202
0.681017
0.681829
0.682640
0.683449
0.684256
0.685062
0.685865
0.686667
0.687466
0.688264
0.689060
0.689855
0.690647
0.691438
0.692227
0.693014
0.693799
0.694583
0.695365
0.696145
0.696923
0.697699
0.698474
0.699247
0.700019
0.700788
0.701556
0.702323
0.703087
0.703850
0.704611
0.705371
0.706129
0.706885
0.707639
0.708392
0.709144
0.709893
0.710641
0.711388
0.712132
0.712876
0.713617
0.714357
0.715096
0.715832
0.716568
0.717301
0.718034
0.718764
0.719493
0.720221
0.720947
0.721671
0.722394
0.723116
0.723836
0.724554
0.725271
0.725987
0.726701
0.727413
0.728124
0.728834
0.729542
0.730249
0.730954
0.731658
0.732361
0.733062
0.733762
0.734460
0.735157
0.735852
0.736547
0.737239
0.737931
0.738621
0.739310
0.739997
0.740683
0.741368
0.742051
0.742733
0.743414
0.744094
0.744772
0.745449
0.746125
0.746799
0.747472
0.748144
0.748815
0.749484
0.750152
0.750819
0.751485
0.752149
0.752812
0.753474
0.754135
0.754795
0.755453
0.756111
0.756767
0.757422
0.758075
0.758728
0.759380
0.760030
0.760679
0.761327
0.761974
0.762620
0.763265
0.763909
0.764551
0.765193
0.765833
0.766473
0.767111
0.767748
0.768384
0.769020
0.769654
0.770287
0.770919
0.771550
0.772180
0.772809
0.773437
0.774064
0.774690
0.775315
0.775939
0.776563
0.777185
0.777806
0.778426
0.779046
0.779664
0.780282
0.780898
0.781514
0.782129
0.782743
0.783355
0.783968
0.784579
0.785189
0.785798
0.786407
0.787015
0.787622
0.788228
0.788833
0.789437
0.790041
0.790643
0.791245
0.791846
0.792447
0.793046
0.793645
0.794243
0.794840
0.795436
0.796031
0.796626
0.797220
0.797814
0.798406
0.798998
0.799589
0.800179
0.800769
0.801358
0.801946
0.802533
0.803120
0.803706
0.804291
0.804876
0.805460
0.806043
0.806626
0.807208
0.807789
0.808370
0.808950
0.809529
0.810108
0.810686
0.811263
0.811840
0.812416
0.812992
0.813567
0.814141
0.814715
0.815288
0.815861
0.816433
0.817004
0.817575
0.818145
0.818715
0.819284
0.819853
0.820421
0.820988
0.821555
0.822121
0.822687
0.823252
0.823817
0.824381
0.824945
0.825508
0.826071
0.826633
0.827194
0.827755
0.828316
0.828876
0.829436
0.829995
0.830553
0.831111
0.831669
0.832226
0.832783
0.833339
0.833895
0.834450
0.835005
0.835559
0.836113
0.836667
0.837220
0.837772
0.838324
0.838876
0.839427
0.839978
0.840528
0.841078
0.841627
0.842176
0.842725
0.843273
0.843821
0.844368
0.844915
0.845461
0.846007
0.846553
0.847098
0.847643
0.848187
0.848731
0.849275
0.849818
0.850361
0.850903
0.851445
0.851987
0.852528
0.853068
0.853609
