0.164631
0.122363
0.084303
0.117136
0.144444
0.167749
0.188059
0.206064
0.222268
0.237036
0.250637
0.263278
0.275137
0.286364
0.297070
0.307338
0.317287
0.327057
0.336826
0.346872
0.357965
0.367859
0.372838
0.376805
0.380796
0.384830
0.388907
0.393029
0.397195
0.401404
0.405656
0.409952
0.414292
0.418674
0.423099
0.427567
0.432078
0.436630
0.441224
0.445983
0.450477
0.455031
0.459631
0.464276
0.468964
0.473695
0.478468
0.483281
0.488134
0.493026
0.497956
0.502922
0.507925
0.512962
0.518032
0.523136
0.528270
0.533434
0.538627
0.543848
0.549095
0.554366
0.559661
0.564977
0.570314
0.575670
0.581043
0.586432
0.591835
0.597251
0.602677
0.608113
0.613556
0.619005
0.624458
0.629913
0.635369
0.640823
0.646274
0.651721
0.657161
0.662592
0.668013
0.673422
0.678817
0.684196
0.689558
0.694900
0.700221
0.705520
0.710793
0.716040
0.721259
0.726447
0.731604
0.736728
0.741817
0.746869
0.751883
0.756856
0.761789
0.766679
0.771524
0.776324
0.781076
0.785780
0.790434
0.795036
0.799587
0.804084
0.808526
0.812912
0.817241
0.821513
0.825725
0.829878
0.833970
0.838001
0.841970
0.845876
0.849719
0.853498
0.857212
0.860861
0.864445
0.867962
0.871414
0.874800
0.878119
0.881371
0.884557
0.887676
0.890728
0.893713
0.896632
0.899484
0.902270
0.904990
0.907645
0.910234
0.912759
0.915219
0.917615
0.919948
0.922218
0.924425
0.926572
0.928657
0.930682
0.932648
0.934555
0.936405
0.938197
0.939934
0.941615
0.943242
0.944815
0.946337
0.947807
0.949226
0.950596
0.951917
0.953192
0.954419
0.955602
0.956740
0.957835
0.958888
0.959900
0.960872
0.961805
0.962699
0.963558
0.964380
0.965167
0.965921
0.966642
0.967332
0.967991
0.968620
0.969220
0.969793
0.970339
0.970859
0.971354
0.971825
0.972273
0.972699
0.973104
0.973487
0.973852
0.974197
0.974524
0.974834
0.975127
0.975404
0.975666
0.975914
0.976147
0.976368
0.976575
0.976771
0.976955
0.977128
0.977291
0.977444
0.977588
0.977723
0.977849
0.977968
0.978079
0.978183
0.978280
0.978371
0.978456
0.978535
0.978608
0.978677
0.978741
0.978801
0.978856
0.978908
0.978956
0.979000
0.979042
0.979080
0.979115
0.979148
0.979178
0.979206
0.979232
0.979256
0.979278
0.979298
0.979317
0.979334
0.979350
0.979365
0.979378
0.979390
0.979402
0.979412
0.979421
0.979430
0.979438
0.979445
0.979452
0.979458
0.979463
0.979468
0.979473
0.979477
0.979481
0.979484
0.979487
0.979490
0.979493
0.979495
0.979497
0.979499
0.979501
0.979502
0.979504
0.979505
0.979506
0.979507
0.979508
0.979509
0.979509
0.979510
0.979511
0.979511
0.979512
0.979512
0.979513
0.979513
0.979513
0.979513
0.979514
0.979514
0.979514
0.979514
0.979514
0.979515
0.979515
0.979515
0.979515
0.979515
0.979515
0.979515
0.979515
0.979515
0.979515
0.979515
0.979515
0.979515
0.979515
0.979515
0.979516
0.979516
0.979516
0.979516
0.979516
0.979516
0.979516
0.979516
0.979516
0.979516
0.979516
0.979516
0.979516
0.979516
0.979516
0.979516
0.979516
0.979516
0.979516
0.979516
0.979516
0.979516
0.979516
0.979516
0.979516
0.979516
0.979516
0.979516
0.979516
0.979516
0.979516
0.979516
0.979516
0.979516
0.979516
0.979516
0.979516
0.979516
0.979516
0.979516
0.979516
0.979516
0.979516
0.979516
0.979516
0.979516
0.979516
0.979516
0.979516
0.979516
0.979516
0.979516
0.979516
0.979516
0.979516
0.979516
0.979516
0.979516
0.979516
0.979516
0.979516
0.979516
0.979516
0.979516
0.979516
0.979516
0.979516
0.979516
0.979516
0.979516
0.979516
0.979516
0.979516
0.979516
0.979516
0.979516
0.979516
0.979516
0.979516
0.979516
0.979516
0.979516
0.979516
0.979516
0.979516
0.979516
0.979516
0.979516
0.979516
0.979516
0.979516
0.979516
0.979516
0.979516
0.979516
0.979516
0.979516
0.979516
0.979516
0.979516
0.979516
0.979516
0.979516
0.979516
0.979516
0.979516
0.979516
0.979516
0.979516
0.979516
0.979516
0.979516
0.979516
0.979516
0.979516
0.979516
0.979516
0.979516
0.979516
0.979516
0.979516
0.979516
0.979516
0.979516
0.979516
0.979516
0.979516
0.979516
0.979516
0.979516
0.979516
0.979516
0.979516
0.979516
0.979516
0.979516
0.979516
0.979516
0.979516
0.979516
0.979516
0.979516
0.979516
0.979516
0.979516
0.979516
0.979516
0.979516
0.979516
0.979516
0.979516
0.979516
0.979516
0.979516
0.979516
0.979516
0.979516
0.979516
0.979516
0.979516
0.979516
0.979516
0.979516
0.979516
0.979516
0.979516
0.979516
0.979516
0.979516
0.979516
0.979516
0.979516
0.979516
0.979516
0.979516
0.979516
0.979516
0.979516
0.979516
0.979516
0.979516
0.979516
0.979516
0.979516
0.979516
0.979516
0.979516
0.979516
0.979516
0.979516
0.979516
0.979516
0.979516
0.979516
0.979516
0.979516
0.979516
0.979516
0.979516
0.979516
0.979516
0.979516
0.979516
0.979516
0.979516
0.979516
0.979516
0.979516
0.979516
0.979516
0.979516
0.979516
0.979516
0.979516
0.979516
0.979516
0.979516
0.979516
0.979516
0.979516
0.979516
0.979516
0.979516
0.979516
0.979516
0.979516
0.979516
0.979516
0.979516
0.979516
0.979516
0.979516
0.979516
0.979516
0.979516
0.979516
0.979516
0.979516
0.979516
0.979516
0.979516
0.979516
0.979516
0.979516
0.979516
0.979516
0.979516
0.979516
0.979516
0.979516
0.979516
0.979516
0.979516
0.979516
0.979516
0.979516
0.979516
0.979516
0.979516
0.979516
0.979516
0.979516
0.979516
0.979516
0.979516
0.979516
0.979516
0.979516
0.979516
0.979516
0.979516
0.979516
0.979516
0.979516
0.979516
0.979516
0.979516
0.979516
0.979516
0.979516
0.979516
0.979516
0.979516
0.979516
0.979516
0.979516
0.979516
0.979516
0.979516
0.979516
0.979516
0.979516
0.979516
0.979516
0.979516
0.979516
0.979516
0.979516
0.979516
0.979516
0.979516
0.979516
