0.010129
0.023191
0.031768
0.036797
0.042085
0.047720
0.053776
0.060341
0.067525
0.075460
0.084300
0.094223
0.105462
0.118335
0.133262
0.150795
0.171701
0.197203
0.229292
0.271291
0.328979
0.412364
0.512766
0.528401
0.481169
0.473299
0.477423
0.482120
0.486939
0.491863
0.496880
0.501979
0.507153
0.512397
0.517705
0.523073
0.528497
0.533973
0.539498
0.545246
0.550713
0.556238
0.561806
0.567416
0.573063
0.578744
0.584456
0.590196
0.595961
0.601748
0.607554
0.613377
0.619212
0.625057
0.630910
0.636767
0.642627
0.648501
0.654368
0.660228
0.666078
0.671914
0.677734
0.683535
0.689315
0.695071
0.700800
0.706499
0.712168
0.717802
0.723399
0.728958
0.734476
0.739951
0.745380
0.750763
0.756096
0.761378
0.766607
0.771782
0.776900
0.781961
0.786962
0.791903
0.796782
0.801597
0.806348
0.811033
0.815652
0.820204
0.824687
0.829102
0.833446
0.837721
0.841924
0.846057
0.850117
0.854106
0.858023
0.861867
0.865639
0.869339
0.872966
0.876521
0.880004
0.883415
0.886754
0.890022
0.893220
0.896347
0.899404
0.902391
0.905310
0.908161
0.910944
0.913660
0.916311
0.918895
0.921415
0.923870
0.926262
0.928592
0.930862
0.933071
0.935221
0.937313
0.939348
0.941327
0.943250
0.945120
0.946936
0.948700
0.950413
0.952076
0.953689
0.955255
0.956774
0.958247
0.959675
0.961059
0.962400
0.963699
0.964957
0.966175
0.967355
0.968496
0.969601
0.970669
0.971703
0.972702
0.973668
0.974602
0.975504
0.976376
0.977218
0.978031
0.978816
0.979574
0.980305
0.981011
0.981692
0.982349
0.982983
0.983594
0.984183
0.984751
0.985298
0.985825
0.986333
0.986823
0.987294
0.987748
0.988185
0.988606
0.989011
0.989400
0.989775
0.990136
0.990483
0.990817
0.991139
0.991447
0.991744
0.992030
0.992304
0.992568
0.992821
0.993065
0.993299
0.993524
0.993740
0.993947
0.994146
0.994338
0.994521
0.994698
0.994867
0.995030
0.995186
0.995335
0.995479
0.995617
0.995749
0.995876
0.995998
0.996115
0.996227
0.996335
0.996438
0.996537
0.996632
0.996723
0.996810
0.996893
0.996973
0.997050
0.997124
0.997195
0.997262
0.997327
0.997389
0.997449
0.997506
0.997561
0.997613
0.997664
0.997712
0.997758
0.997802
0.997845
0.997885
0.997924
0.997961
0.997997
0.998031
0.998064
0.998095
0.998125
0.998154
0.998182
0.998208
0.998234
0.998258
0.998281
0.998303
0.998325
0.998345
0.998365
0.998383
0.998401
0.998418
0.998435
0.998451
0.998466
0.998480
0.998494
0.998507
0.998520
0.998532
0.998544
0.998555
0.998566
0.998576
0.998586
0.998595
0.998604
0.998613
0.998621
0.998629
0.998636
0.998643
0.998650
0.998657
0.998663
0.998670
0.998675
0.998681
0.998686
0.998691
0.998696
0.998701
0.998706
0.998710
0.998714
0.998718
0.998722
0.998726
0.998729
0.998732
0.998736
0.998739
0.998742
0.998744
0.998747
0.998750
0.998752
0.998755
0.998757
0.998759
0.998761
0.998763
0.998765
0.998767
0.998769
0.998770
0.998772
0.998774
0.998775
0.998777
0.998778
0.998779
0.998781
0.998782
0.998783
0.998784
0.998785
0.998786
0.998787
0.998788
0.998789
0.998790
0.998791
0.998791
0.998792
0.998793
0.998794
0.998794
0.998795
0.998796
0.998796
0.998797
0.998797
0.998798
0.998798
0.998799
0.998799
0.998800
0.998800
0.998801
0.998801
0.998801
0.998802
0.998802
0.998802
0.998803
0.998803
0.998803
0.998804
0.998804
0.998804
0.998804
0.998805
0.998805
0.998805
0.998805
0.998806
0.998806
0.998806
0.998806
0.998806
0.998807
0.998807
0.998807
0.998807
0.998807
0.998807
0.998807
0.998808
0.998808
0.998808
0.998808
0.998808
0.998808
0.998808
0.998808
0.998808
0.998808
0.998809
0.998809
0.998809
0.998809
0.998809
0.998809
0.998809
0.998809
0.998809
0.998809
0.998809
0.998809
0.998809
0.998809
0.998809
0.998810
0.998810
0.998810
0.998810
0.998810
0.998810
0.998810
0.998810
0.998810
0.998810
0.998810
0.998810
0.998810
0.998810
0.998810
0.998810
0.998810
0.998810
0.998810
0.998810
0.998810
0.998810
0.998810
0.998810
0.998810
0.998810
0.998810
0.998810
0.998810
0.998810
0.998810
0.998810
0.998810
0.998810
0.998810
0.998810
0.998810
0.998810
0.998810
0.998810
0.998810
0.998810
0.998810
0.998811
0.998811
0.998811
0.998811
0.998811
0.998811
0.998811
0.998811
0.998811
0.998811
0.998811
0.998811
0.998811
0.998811
0.998811
0.998811
0.998811
0.998811
0.998811
0.998811
0.998811
0.998811
0.998811
0.998811
0.998811
0.998811
0.998811
0.998811
0.998811
0.998811
0.998811
0.998811
0.998811
0.998811
0.998811
0.998811
0.998811
0.998811
0.998811
0.998811
0.998811
0.998811
0.998811
0.998811
0.998811
0.998811
0.998811
0.998811
0.998811
0.998811
0.998811
0.998811
0.998811
0.998811
0.998811
0.998811
0.998811
0.998811
0.998811
0.998811
0.998811
0.998811
0.998811
0.998811
0.998811
0.998811
0.998811
0.998811
0.998811
0.998811
0.998811
0.998811
0.998811
0.998811
0.998811
0.998811
0.998811
0.998811
0.998811
0.998811
0.998811
0.998811
0.998811
0.998811
0.998811
0.998811
0.998811
0.998811
0.998811
0.998811
0.998811
0.998811
0.998811
0.998811
0.998811
0.998811
0.998811
0.998811
0.998811
0.998811
0.998811
0.998811
0.998811
0.998811
0.998811
0.998811
0.998811
0.998811
0.998811
0.998811
0.998811
0.998811
0.998811
0.998811
0.998811
0.998811
0.998811
0.998811
0.998811
0.998811
0.998811
0.998811
0.998811
0.998811
0.998811
0.998811
0.998811
0.998811
0.998811
0.998811
0.998811
0.998811
0.998811
0.998811
0.998811
0.998811
0.998811
0.998811
0.998811
0.998811
0.998811
0.998811
0.998811
0.998811
0.998811
0.998811
0.998811
0.998811
0.998811
0.998811
0.998811
0.998811
0.998811
0.998811
0.998811
0.998811
0.998811
0.998811
0.998811
0.998811
0.998811
0.998811
0.998811
0.998811
0.998811
