0.117329
0.075049
0.132470
0.175867
0.210686
0.239878
0.265130
0.287447
0.307516
0.325835
0.342770
0.358585
0.373484
0.387644
0.401211
0.414296
0.426980
0.439377
0.451626
0.463904
0.476488
0.490119
0.502639
0.510332
0.516927
0.523548
0.530221
0.536944
0.543713
0.550525
0.557378
0.564268
0.571192
0.578147
0.585128
0.592134
0.599159
0.606201
0.613256
0.620574
0.627541
0.634522
0.641508
0.648496
0.655479
0.662453
0.669415
0.676358
0.683279
0.690173
0.697036
0.703864
0.710652
0.717395
0.724091
0.730733
0.737320
0.743845
0.750306
0.756699
0.763019
0.769263
0.775427
0.781509
0.787504
0.793409
0.799222
0.804939
0.810557
0.816075
0.821489
0.826796
0.831996
0.837086
0.842064
0.846928
0.851677
0.856311
0.860826
0.865224
0.869503
0.873662
0.877702
0.881621
0.885421
0.889101
0.892662
0.896104
0.899428
0.902635
0.905726
0.908703
0.911566
0.914317
0.916957
0.919490
0.921916
0.924237
0.926456
0.928574
0.930595
0.932520
0.934353
0.936095
0.937749
0.939317
0.940804
0.942210
0.943540
0.944795
0.945979
0.947093
0.948142
0.949127
0.950052
0.950919
0.951730
0.952489
0.953197
0.953858
0.954474
0.955046
0.955578
0.956072
0.956529
0.956953
0.957344
0.957706
0.958039
0.958346
0.958628
0.958887
0.959125
0.959342
0.959541
0.959723
0.959889
0.960040
0.960178
0.960303
0.960416
0.960519
0.960612
0.960696
0.960772
0.960840
0.960902
0.960957
0.961006
0.961051
0.961091
0.961126
0.961158
0.961187
0.961212
0.961234
0.961254
0.961272
0.961287
0.961301
0.961314
0.961324
0.961334
0.961342
0.961350
0.961356
0.961362
0.961367
0.961371
0.961375
0.961378
0.961381
0.961383
0.961385
0.961387
0.961389
0.961390
0.961392
0.961393
0.961394
0.961394
0.961395
0.961396
0.961396
0.961396
0.961397
0.961397
0.961397
0.961398
0.961398
0.961398
0.961398
0.961398
0.961398
0.961398
0.961398
0.961399
0.961399
0.961399
0.961399
0.961399
0.961399
0.961399
0.961399
0.961399
0.961399
0.961399
0.961399
0.961399
0.961399
0.961399
0.961399
0.961399
0.961399
0.961399
0.961399
0.961399
0.961399
0.961399
0.961399
0.961399
0.961399
0.961399
0.961399
0.961399
0.961399
0.961399
0.961399
0.961399
0.961399
0.961399
0.961399
0.961399
0.961399
0.961399
0.961399
0.961399
0.961399
0.961399
0.961399
0.961399
0.961399
0.961399
0.961399
0.961399
0.961399
0.961399
0.961399
0.961399
0.961399
0.961399
0.961399
0.961399
0.961399
0.961399
0.961399
0.961399
0.961399
0.961399
0.961399
0.961399
0.961399
0.961399
0.961399
0.961399
0.961399
0.961399
0.961399
0.961399
0.961399
0.961399
0.961399
0.961399
0.961399
0.961399
0.961399
0.961399
0.961399
0.961399
0.961399
0.961399
0.961399
0.961399
0.961399
0.961399
0.961399
0.961399
0.961399
0.961399
0.961399
0.961399
0.961399
0.961399
0.961399
0.961399
0.961399
0.961399
0.961399
0.961399
0.961399
0.961399
0.961399
0.961399
0.961399
0.961399
0.961399
0.961399
0.961399
0.961399
0.961399
0.961399
0.961399
0.961399
0.961399
0.961399
0.961399
0.961399
0.961399
0.961399
0.961399
0.961399
0.961399
0.961399
0.961399
0.961399
0.961399
0.961399
0.961399
0.961399
0.961399
0.961399
0.961399
0.961399
0.961399
0.961399
0.961399
0.961399
0.961399
0.961399
0.961399
0.961399
0.961399
0.961399
0.961399
0.961399
0.961399
0.961399
0.961399
0.961399
0.961399
0.961399
0.961399
0.961399
0.961399
0.961399
0.961399
0.961399
0.961399
0.961399
0.961399
0.961399
0.961399
0.961399
0.961399
0.961399
0.961399
0.961399
0.961399
0.961399
0.961399
0.961399
0.961399
0.961399
0.961399
0.961399
0.961399
0.961399
0.961399
0.961399
0.961399
0.961399
0.961399
0.961399
0.961399
0.961399
0.961399
0.961399
0.961399
0.961399
0.961399
0.961399
0.961399
0.961399
0.961399
0.961399
0.961399
0.961399
0.961399
0.961399
0.961399
0.961399
0.961399
0.961399
0.961399
0.961399
0.961399
0.961399
0.961399
0.961399
0.961399
0.961399
0.961399
0.961399
0.961399
0.961399
0.961399
0.961399
0.961399
0.961399
0.961399
0.961399
0.961399
0.961399
0.961399
0.961399
0.961399
0.961399
0.961399
0.961399
0.961399
0.961399
0.961399
0.961399
0.961399
0.961399
0.961399
0.961399
0.961399
0.961399
0.961399
0.961399
0.961399
0.961399
0.961399
0.961399
0.961399
0.961399
0.961399
0.961399
0.961399
0.961399
0.961399
0.961399
0.961399
0.961399
0.961399
0.961399
0.961399
0.961399
0.961399
0.961399
0.961399
0.961399
0.961399
0.961399
0.961399
0.961399
0.961399
0.961399
0.961399
0.961399
0.961399
0.961399
0.961399
0.961399
0.961399
0.961399
0.961399
0.961399
0.961399
0.961399
0.961399
0.961399
0.961399
0.961399
0.961399
0.961399
0.961399
0.961399
0.961399
0.961399
0.961399
0.961399
0.961399
0.961399
0.961399
0.961399
0.961399
0.961399
0.961399
0.961399
0.961399
0.961399
0.961399
0.961399
0.961399
0.961399
0.961399
0.961399
0.961399
0.961399
0.961399
0.961399
0.961399
0.961399
0.961399
0.961399
0.961399
0.961399
0.961399
0.961399
0.961399
0.961399
0.961399
0.961399
0.961399
0.961399
0.961399
0.961399
0.961399
0.961399
0.961399
0.961399
0.961399
0.961399
0.961399
0.961399
0.961399
0.961399
0.961399
0.961399
0.961399
0.961399
0.961399
0.961399
0.961399
0.961399
0.961399
0.961399
0.961399
0.961399
0.961399
0.961399
0.961399
0.961399
0.961399
0.961399
0.961399
0.961399
0.961399
0.961399
0.961399
0.961399
0.961399
0.961399
0.961399
0.961399
0.961399
0.961399
0.961399
0.961399
0.961399
0.961399
0.961399
0.961399
0.961399
0.961399
0.961399
0.961399
0.961399
0.961399
0.961399
0.961399
0.961399
0.961399
0.961399
0.961399
0.961399
0.961399
0.961399
0.961399
0.961399
0.961399
0.961399
0.961399
0.961399
0.961399
0.961399
0.961399
0.961399
