0.006651
0.011944
0.016572
0.020911
0.025127
0.029328
0.033591
0.037989
0.042605
0.047524
0.052831
0.058619
0.064992
0.072061
0.079967
0.088895
0.099088
0.110839
0.124539
0.140796
0.160465
0.184784
0.215917
0.257825
0.318245
0.414244
0.582694
0.821278
0.966716
0.992788
0.994026
0.994184
0.994332
0.994478
0.994623
0.994765
0.994904
0.995040
0.995173
0.995302
0.995427
0.995548
0.995665
0.995778
0.995888
0.995993
0.996094
0.996191
0.996284
0.996373
0.996459
0.996541
0.996619
0.996693
0.996764
0.996831
0.996895
0.996956
0.997014
0.997069
0.997121
0.997170
0.997216
0.997260
0.997302
0.997341
0.997378
0.997412
0.997445
0.997476
0.997504
0.997531
0.997557
0.997581
0.997603
0.997624
0.997643
0.997661
0.997678
0.997694
0.997709
0.997723
0.997736
0.997748
0.997759
0.997769
0.997779
0.997788
0.997796
0.997804
0.997811
0.997817
0.997823
0.997829
0.997834
0.997839
0.997844
0.997848
0.997852
0.997855
0.997858
0.997861
0.997864
0.997867
0.997869
0.997871
0.997873
0.997875
0.997877
0.997878
0.997879
0.997881
0.997882
0.997883
0.997884
0.997885
0.997886
0.997887
0.997887
0.997888
0.997888
0.997889
0.997889
0.997890
0.997890
0.997891
0.997891
0.997891
0.997892
0.997892
0.997892
0.997892
0.997892
0.997893
0.997893
0.997893
0.997893
0.997893
0.997893
0.997893
0.997893
0.997894
0.997894
0.997894
0.997894
0.997894
0.997894
0.997894
0.997894
0.997894
0.997894
0.997894
0.997894
0.997894
0.997894
0.997894
0.997894
0.997894
0.997894
0.997894
0.997894
0.997894
0.997894
0.997894
0.997894
0.997894
0.997894
0.997894
0.997894
0.997894
0.997894
0.997894
0.997894
0.997894
0.997894
0.997894
0.997894
0.997894
0.997894
0.997894
0.997894
0.997894
0.997894
0.997894
0.997894
0.997894
0.997894
0.997894
0.997894
0.997894
0.997894
0.997894
0.997894
0.997894
0.997894
0.997894
0.997894
0.997894
0.997894
0.997894
0.997894
0.997894
0.997894
0.997894
0.997894
0.997894
0.997894
0.997894
0.997894
0.997894
0.997894
0.997894
0.997894
0.997894
0.997894
0.997894
0.997894
0.997894
0.997894
0.997894
0.997894
0.997894
0.997894
0.997894
0.997894
0.997894
0.997894
0.997894
0.997894
0.997894
0.997894
0.997894
0.997894
0.997894
0.997894
0.997894
0.997894
0.997894
0.997894
0.997894
0.997894
0.997894
0.997894
0.997894
0.997894
0.997894
0.997894
0.997894
0.997894
0.997894
0.997894
0.997894
0.997894
0.997894
0.997894
0.997894
0.997894
0.997894
0.997894
0.997894
0.997894
0.997894
0.997894
0.997894
0.997894
0.997894
0.997894
0.997894
0.997894
0.997894
0.997894
0.997894
0.997894
0.997894
0.997894
0.997894
0.997894
0.997894
0.997894
0.997894
0.997894
0.997894
0.997894
0.997894
0.997894
0.997894
0.997894
0.997894
0.997894
0.997894
0.997894
0.997894
0.997894
0.997894
0.997894
0.997894
0.997894
0.997894
0.997894
0.997894
0.997894
0.997894
0.997894
0.997894
0.997894
0.997894
0.997894
0.997894
0.997894
0.997894
0.997894
0.997894
0.997894
0.997894
0.997894
0.997894
0.997894
0.997894
0.997894
0.997894
0.997894
0.997894
0.997894
0.997894
0.997894
0.997894
0.997894
0.997894
0.997894
0.997894
0.997894
0.997894
0.997894
0.997894
0.997894
0.997894
0.997894
0.997894
0.997894
0.997894
0.997894
0.997894
0.997894
0.997894
0.997894
0.997894
0.997894
0.997894
0.997894
0.997894
0.997894
0.997894
0.997894
0.997894
0.997894
0.997894
0.997894
0.997894
0.997894
0.997894
0.997894
0.997894
0.997894
0.997894
0.997894
0.997894
0.997894
0.997894
0.997894
0.997894
0.997894
0.997894
0.997894
0.997894
0.997894
0.997894
0.997894
0.997894
0.997894
0.997894
0.997894
0.997894
0.997894
0.997894
0.997894
0.997894
0.997894
0.997894
0.997894
0.997894
0.997894
0.997894
0.997894
0.997894
0.997894
0.997894
0.997894
0.997894
0.997894
0.997894
0.997894
0.997894
0.997894
0.997894
0.997894
0.997894
0.997894
0.997894
0.997894
0.997894
0.997894
0.997894
0.997894
0.997894
0.997894
0.997894
0.997894
0.997894
0.997894
0.997894
0.997894
0.997894
0.997894
0.997894
0.997894
0.997894
0.997894
0.997894
0.997894
0.997894
0.997894
0.997894
0.997894
0.997894
0.997894
0.997894
0.997894
0.997894
0.997894
0.997894
0.997894
0.997894
0.997894
0.997894
0.997894
0.997894
0.997894
0.997894
0.997894
0.997894
0.997894
0.997894
0.997894
0.997894
0.997894
0.997894
0.997894
0.997894
0.997894
0.997894
0.997894
0.997894
0.997894
0.997894
0.997894
0.997894
0.997894
0.997894
0.997894
0.997894
0.997894
0.997894
0.997894
0.997894
0.997894
0.997894
0.997894
0.997894
0.997894
0.997894
0.997894
0.997894
0.997894
0.997894
0.997894
0.997894
0.997894
0.997894
0.997894
0.997894
0.997894
0.997894
0.997894
0.997894
0.997894
0.997894
0.997894
0.997894
0.997894
0.997894
0.997894
0.997894
0.997894
0.997894
0.997894
0.997894
0.997894
0.997894
0.997894
0.997894
0.997894
0.997894
0.997894
0.997894
0.997894
0.997894
0.997894
0.997894
0.997894
0.997894
0.997894
0.997894
0.997894
0.997894
0.997894
0.997894
0.997894
0.997894
0.997894
0.997894
0.997894
0.997894
0.997894
0.997894
0.997894
0.997894
0.997894
0.997894
0.997894
0.997894
0.997894
0.997894
0.997894
0.997894
0.997894
0.997894
0.997894
0.997894
0.997894
0.997894
0.997894
0.997894
0.997894
0.997894
0.997894
0.997894
0.997894
0.997894
0.997894
0.997894
0.997894
0.997894
0.997894
0.997894
0.997894
0.997894
0.997894
0.997894
0.997894
0.997894
0.997894
0.997894
0.997894
0.997894
0.997894
0.997894
0.997894
0.997894
0.997894
0.997894
0.997894
0.997894
0.997894
0.997894
0.997894
0.997894
0.997894
0.997894
0.997894
0.997894
0.997894
0.997894
0.997894
0.997894
0.997894
0.997894
0.997894
0.997894
0.997894
0.997894
