0.009907
0.021441
0.035860
0.043120
0.049111
0.055580
0.062607
0.070304
0.078822
0.088390
0.099362
0.112299
0.127978
0.147215
0.170489
0.197401
0.226278
0.253996
0.276275
0.288977
0.290759
0.286102
0.282991
0.283728
0.285633
0.287612
0.289587
0.291559
0.293526
0.295489
0.297449
0.299404
0.301355
0.303302
0.305246
0.307185
0.309121
0.311053
0.312981
0.314946
0.316703
0.318461
0.320216
0.321969
0.323718
0.325466
0.327211
0.328953
0.330693
0.332430
0.334165
0.335898
0.337628
0.339357
0.341082
0.342806
0.344528
0.346247
0.347965
0.349680
0.351393
0.353105
0.354814
0.356522
0.358228
0.359932
0.361634
0.363335
0.365034
0.366731
0.368427
0.370121
0.371813
0.373504
0.375194
0.376882
0.378569
0.380254
0.381939
0.383621
0.385303
0.386983
0.388663
0.390341
0.392017
0.393693
0.395368
0.397042
0.398714
0.400386
0.402057
0.403727
0.405395
0.407063
0.408731
0.410397
0.412062
0.413727
0.415391
0.417054
0.418717
0.420379
0.422040
0.423700
0.425360
0.427019
0.428678
0.430336
0.431993
0.433650
0.435307
0.436962
0.438618
0.440273
0.441927
0.443581
0.445234
0.446887
0.448539
0.450191
0.451843
0.453494
0.455145
0.456795
0.458445
0.460095
0.461744
0.463393
0.465041
0.466689
0.468336
0.469984
0.471630
0.473277
0.474923
0.476568
0.478214
0.479858
0.481503
0.483147
0.484790
0.486434
0.488076
0.489719
0.491361
0.493002
0.494643
0.496284
0.497924
0.499564
0.501203
0.502842
0.504480
0.506118
0.507755
0.509392
0.511028
0.512663
0.514298
0.515933
0.517566
0.519199
0.520832
0.522464
0.524095
0.525726
0.527355
0.528985
0.530613
0.532241
0.533867
0.535493
0.537119
0.538743
0.540367
0.541990
0.543611
0.545232
0.546852
0.548472
0.550090
0.551707
0.553323
0.554938
0.556552
0.558165
0.559777
0.561388
0.562997
0.564606
0.566213
0.567819
0.569424
0.571027
0.572630
0.574231
0.575830
0.577429
0.579026
0.580621
0.582215
0.583808
0.585399
0.586989
0.588577
0.590163
0.591748
0.593332
0.594914
0.596494
0.598072
0.599649
0.601224
0.602797
0.604369
0.605938
0.607506
0.609072
0.610637
0.612199
0.613759
0.615318
0.616874
0.618428
0.619981
0.621531
0.623079
0.624626
0.626170
0.627712
0.629251
0.630789
0.632324
0.633857
0.635388
0.636916
0.638443
0.639966
0.641488
0.643007
0.644524
0.646038
0.647550
0.649059
0.650566
0.652070
0.653572
0.655071
0.656567
0.658061
0.659553
0.661041
0.662527
0.664010
0.665491
0.666968
0.668443
0.669915
0.671385
0.672851
0.674315
0.675776
0.677233
0.678688
0.680140
0.681589
0.683035
0.684478
0.685918
0.687355
0.688789
0.690220
0.691648
0.693072
0.694494
0.695912
0.697327
0.698739
0.700148
0.701554
0.702956
0.704355
0.705751
0.707143
0.708532
0.709918
0.711301
0.712680
0.714055
0.715428
0.716797
0.718162
0.719524
0.720883
0.722238
0.723590
0.724938
0.726283
0.727624
0.728961
0.730295
0.731626
0.732953
0.734276
0.735596
0.736912
0.738224
0.739533
0.740838
0.742140
0.743438
0.744732
0.746022
0.747309
0.748592
0.749872
0.751147
0.752419
0.753687
0.754951
0.756212
0.757468
0.758721
0.759970
0.761216
0.762457
0.763695
0.764928
0.766158
0.767384
0.768607
0.769825
0.771039
0.772250
0.773456
0.774659
0.775858
0.777053
0.778244
0.779431
0.780614
0.781793
0.782968
0.784140
0.785307
0.786470
0.787630
0.788785
0.789936
0.791084
0.792227
0.793367
0.794502
0.795634
0.796761
0.797885
0.799004
0.800120
0.801231
0.802339
0.803442
0.804541
0.805637
0.806728
0.807815
0.808899
0.809978
0.811053
0.812124
0.813191
0.814255
0.815314
0.816369
0.817420
0.818467
0.819510
0.820548
0.821583
0.822614
0.823641
0.824664
0.825682
0.826697
0.827708
0.828714
0.829717
0.830715
0.831710
0.832700
0.833687
0.834669
0.835648
0.836622
0.837592
0.838559
0.839521
0.840479
0.841434
0.842384
0.843330
0.844273
0.845211
0.846145
0.847076
0.848002
0.848924
0.849843
0.850757
0.851668
0.852574
0.853477
0.854375
0.855270
0.856161
0.857047
0.857930
0.858809
0.859684
0.860555
0.861422
0.862285
0.863145
0.864000
0.864852
0.865699
0.866543
0.867383
0.868219
0.869051
0.869879
0.870704
0.871524
0.872341
0.873154
0.873963
0.874768
0.875570
0.876367
0.877161
0.877951
0.878737
0.879520
0.880299
0.881074
0.881845
0.882612
0.883376
0.884136
0.884892
0.885645
0.886394
0.887139
0.887880
0.888618
0.889352
0.890082
0.890809
0.891532
0.892252
0.892968
0.893680
0.894388
0.895093
0.895795
0.896493
0.897187
0.897877
0.898565
0.899248
0.899928
0.900605
0.901278
0.901947
0.902613
0.903275
0.903934
0.904590
0.905242
0.905890
0.906535
0.907177
0.907815
0.908450
0.909081
0.909709
0.910334
0.910955
0.911573
0.912188
0.912799
0.913406
0.914011
0.914612
0.915210
0.915804
0.916396
0.916984
0.917568
0.918150
0.918728
0.919303
0.919875
0.920443
0.921009
0.921571
0.922130
0.922686
0.923238
0.923788
0.924334
0.924877
0.925417
0.925954
0.926488
0.927019
0.927547
0.928071
0.928593
0.929111
0.929627
0.930139
0.930649
0.931155
0.931659
0.932159
0.932657
0.933151
0.933643
0.934132
0.934618
0.935100
0.935580
0.936058
0.936532
0.937003
0.937472
0.937937
0.938400
0.938860
0.939317
0.939772
0.940223
0.940672
0.941118
0.941562
0.942002
0.942440
0.942875
0.943307
0.943737
0.944164
0.944589
0.945010
0.945429
0.945846
0.946259
0.946671
0.947079
0.947485
0.947888
0.948289
0.948687
0.949083
0.949476
0.949867
0.950255
0.950640
0.951023
0.951404
0.951782
0.952158
0.952531
0.952902
0.953270
0.953636
0.953999
0.954361
0.954719
0.955076
0.955430
0.955781
0.956130
0.956477
0.956822
0.957164
0.957504
0.957842
0.958178
0.958511
0.958842
0.959171
0.959497
0.959821
0.960143
0.960463
0.960781
0.961096
0.961410
0.961721
0.962030
