0.010332
0.022035
0.034247
0.047540
0.063458
0.071837
0.080508
0.090174
0.101025
0.113321
0.127481
0.144282
0.165083
0.191405
0.223116
0.255819
0.280881
0.291138
0.288427
0.282879
0.281525
0.283042
0.285004
0.286976
0.288943
0.290906
0.292864
0.294818
0.296767
0.298712
0.300652
0.302589
0.304521
0.306449
0.308373
0.310292
0.312208
0.314120
0.316028
0.317969
0.319703
0.321439
0.323173
0.324905
0.326634
0.328360
0.330083
0.331803
0.333521
0.335236
0.336949
0.338659
0.340367
0.342072
0.343774
0.345475
0.347173
0.348868
0.350562
0.352253
0.353942
0.355629
0.357314
0.358997
0.360678
0.362357
0.364034
0.365710
0.367383
0.369055
0.370725
0.372393
0.374059
0.375724
0.377388
0.379050
0.380710
0.382369
0.384027
0.385683
0.387338
0.388992
0.390645
0.392296
0.393946
0.395595
0.397243
0.398890
0.400536
0.402181
0.403826
0.405469
0.407112
0.408753
0.410394
0.412034
0.413674
0.415313
0.416951
0.418589
0.420226
0.421863
0.423499
0.425135
0.426771
0.428406
0.430041
0.431675
0.433309
0.434943
0.436577
0.438211
0.439844
0.441477
0.443111
0.444744
0.446377
0.448010
0.449643
0.451277
0.452910
0.454543
0.456177
0.457811
0.459445
0.461079
0.462713
0.464348
0.465982
0.467617
0.469253
0.470888
0.472525
0.474161
0.475798
0.477435
0.479072
0.480710
0.482349
0.483988
0.485627
0.487267
0.488907
0.490548
0.492189
0.493831
0.495473
0.497116
0.498759
0.500403
0.502048
0.503693
0.505338
0.506985
0.508631
0.510279
0.511926
0.513575
0.515224
0.516874
0.518524
0.520175
0.521826
0.523478
0.525130
0.526783
0.528437
0.530091
0.531746
0.533401
0.535057
0.536714
0.538370
0.540028
0.541686
0.543344
0.545003
0.546662
0.548322
0.549982
0.551643
0.553304
0.554966
0.556628
0.558290
0.559953
0.561616
0.563279
0.564943
0.566606
0.568271
0.569935
0.571600
0.573265
0.574930
0.576595
0.578260
0.579926
0.581591
0.583257
0.584923
0.586589
0.588254
0.589920
0.591586
0.593251
0.594917
0.596582
0.598248
0.599913
0.601577
0.603242
0.604906
0.606570
0.608234
0.609897
0.611560
0.613223
0.614885
0.616547
0.618208
0.619868
0.621528
0.623187
0.624846
0.626504
0.628161
0.629818
0.631474
0.633128
0.634782
0.636436
0.638088
0.639739
0.641389
0.643039
0.644687
0.646334
0.647980
0.649625
0.651268
0.652910
0.654551
0.656191
0.657829
0.659466
0.661101
0.662735
0.664368
0.665999
0.667628
0.669255
0.670881
0.672506
0.674128
0.675749
0.677368
0.678984
0.680600
0.682213
0.683824
0.685433
0.687040
0.688645
0.690248
0.691848
0.693447
0.695043
0.696636
0.698228
0.699817
0.701404
0.702988
0.704570
0.706149
0.707725
0.709299
0.710871
0.712439
0.714005
0.715569
0.717129
0.718686
0.720241
0.721793
0.723342
0.724887
0.726430
0.727970
0.729506
0.731040
0.732570
0.734097
0.735621
0.737141
0.738658
0.740172
0.741683
0.743190
0.744693
0.746193
0.747690
0.749183
0.750672
0.752158
0.753640
0.755118
0.756593
0.758064
0.759531
0.760994
0.762453
0.763908
0.765360
0.766807
0.768251
0.769690
0.771126
0.772557
0.773984
0.775408
0.776826
0.778241
0.779652
0.781058
0.782460
0.783857
0.785251
0.786639
0.788024
0.789404
0.790780
0.792151
0.793517
0.794879
0.796237
0.797590
0.798938
0.800282
0.801621
0.802956
0.804285
0.805610
0.806930
0.808246
0.809557
0.810862
0.812164
0.813460
0.814751
0.816037
0.817319
0.818596
0.819867
0.821134
0.822396
0.823652
0.824904
0.826151
0.827392
0.828629
0.829860
0.831087
0.832308
0.833524
0.834735
0.835941
0.837141
0.838337
0.839527
0.840712
0.841892
0.843067
0.844236
0.845400
0.846559
0.847712
0.848861
0.850004
0.851141
0.852274
0.853401
0.854522
0.855639
0.856750
0.857855
0.858955
0.860050
0.861140
0.862224
0.863303
0.864376
0.865444
0.866507
0.867564
0.868616
0.869662
0.870703
0.871738
0.872768
0.873793
0.874812
0.875826
0.876835
0.877838
0.878835
0.879827
0.880814
0.881795
0.882771
0.883741
0.884707
0.885666
0.886620
0.887569
0.888512
0.889450
0.890383
0.891310
0.892232
0.893148
0.894059
0.894965
0.895865
0.896760
0.897649
0.898533
0.899412
0.900285
0.901153
0.902016
0.902873
0.903726
0.904572
0.905414
0.906250
0.907081
0.907906
0.908727
0.909542
0.910352
0.911156
0.911956
0.912750
0.913539
0.914323
0.915101
0.915875
0.916643
0.917406
0.918164
0.918917
0.919665
0.920407
0.921145
0.921878
0.922605
0.923327
0.924045
0.924757
0.925465
0.926167
0.926864
0.927557
0.928244
0.928927
0.929605
0.930278
0.930945
0.931609
0.932267
0.932920
0.933569
0.934212
0.934851
0.935486
0.936115
0.936740
0.937360
0.937975
0.938586
0.939192
0.939793
0.940390
0.940982
0.941570
0.942153
0.942731
0.943305
0.943875
0.944440
0.945000
0.945556
0.946108
0.946655
0.947198
0.947736
0.948270
0.948800
0.949325
0.949846
0.950363
0.950875
0.951384
0.951888
0.952388
0.952883
0.953375
0.953862
0.954346
0.954825
0.955300
0.955771
0.956238
0.956701
0.957160
0.957616
0.958067
0.958514
0.958957
0.959397
0.959832
0.960264
0.960692
0.961116
0.961536
0.961953
0.962366
0.962775
0.963181
0.963582
0.963981
0.964375
0.964766
0.965153
0.965537
0.965917
0.966294
0.966667
0.967037
0.967403
0.967766
0.968126
0.968482
0.968835
0.969184
0.969530
0.969873
0.970212
0.970549
0.970882
0.971211
0.971538
0.971861
0.972182
0.972499
0.972813
0.973124
0.973432
0.973736
0.974038
0.974337
0.974633
0.974926
0.975216
0.975503
0.975787
0.976068
0.976346
0.976622
0.976895
0.977165
0.977432
0.977696
0.977958
0.978217
0.978473
0.978727
0.978978
0.979226
0.979472
0.979715
0.979956
0.980194
0.980429
0.980662
0.980893
0.981121
0.981347
0.981570
0.981791
0.982009
0.982225
0.982439
0.982650
0.982859
0.983066
0.983270
0.983473
0.983673
