0.026970
0.058191
0.097248
0.147284
0.189765
0.213527
0.224938
0.232538
0.240031
0.247948
0.255994
0.264061
0.272434
0.282249
0.288701
0.290818
0.292770
0.294717
0.296657
0.298591
0.300520
0.302442
0.304358
0.306268
0.308172
0.310070
0.311963
0.313849
0.315730
0.317605
0.319474
0.321338
0.323196
0.325049
0.326896
0.328739
0.330576
0.332407
0.334234
0.336098
0.337763
0.339423
0.341080
0.342732
0.344380
0.346024
0.347664
0.349300
0.350932
0.352560
0.354183
0.355803
0.357419
0.359031
0.360639
0.362243
0.363843
0.365439
0.367032
0.368620
0.370205
0.371786
0.373363
0.374937
0.376506
0.378072
0.379634
0.381193
0.382747
0.384298
0.385846
0.387390
0.388930
0.390466
0.391999
0.393528
0.395054
0.396576
0.398095
0.399610
0.401122
0.402630
0.404135
0.405636
0.407134
0.408628
0.410119
0.411607
0.413091
0.414572
0.416050
0.417524
0.418995
0.420463
0.421927
0.423389
0.424847
0.426301
0.427753
0.429201
0.430647
0.432089
0.433528
0.434964
0.436397
0.437826
0.439253
0.440677
0.442097
0.443515
0.444930
0.446341
0.447750
0.449156
0.450559
0.451959
0.453356
0.454751
0.456142
0.457531
0.458917
0.460300
0.461681
0.463058
0.464433
0.465806
0.467175
0.468542
0.469906
0.471268
0.472627
0.473984
0.475338
0.476689
0.478038
0.479384
0.480728
0.482070
0.483409
0.484745
0.486080
0.487411
0.488741
0.490068
0.491393
0.492715
0.494036
0.495353
0.496669
0.497983
0.499294
0.500603
0.501910
0.503215
0.504517
0.505818
0.507117
0.508413
0.509707
0.511000
0.512290
0.513579
0.514865
0.516150
0.517432
0.518713
0.519992
0.521269
0.522544
0.523817
0.525089
0.526359
0.527627
0.528893
0.530158
0.531421
0.532682
0.533942
0.535200
0.536456
0.537711
0.538964
0.540216
0.541466
0.542715
0.543962
0.545208
0.546452
0.547695
0.548936
0.550176
0.551415
0.552653
0.553889
0.555124
0.556357
0.557590
0.558821
0.560051
0.561279
0.562507
0.563733
0.564958
0.566183
0.567406
0.568628
0.569849
0.571069
0.572287
0.573505
0.574722
0.575938
0.577153
0.578368
0.579581
0.580793
0.582005
0.583215
0.584425
0.585634
0.586843
0.588050
0.589257
0.590463
0.591669
0.592874
0.594078
0.595281
0.596484
0.597686
0.598888
0.600089
0.601289
0.602489
0.603689
0.604888
0.606086
0.607284
0.608482
0.609679
0.610876
0.612072
0.613268
0.614463
0.615659
0.616854
0.618048
0.619242
0.620436
0.621630
0.622823
0.624017
0.625210
0.626402
0.627595
0.628787
0.629980
0.631172
0.632364
0.633555
0.634747
0.635939
0.637130
0.638322
0.639513
0.640704
0.641895
0.643087
0.644278
0.645469
0.646660
0.647852
0.649043
0.650234
0.651425
0.652617
0.653808
0.655000
0.656192
0.657383
0.658575
0.659767
0.660959
0.662151
0.663344
0.664536
0.665729
0.666922
0.668114
0.669308
0.670501
0.671694
0.672888
0.674082
0.675276
0.676470
0.677665
0.678859
0.680054
0.681249
0.682445
0.683640
0.684836
0.686032
0.687228
0.688424
0.689621
0.690818
0.692015
0.693213
0.694410
0.695608
0.696806
0.698004
0.699203
0.700402
0.701600
0.702800
0.703999
0.705199
0.706398
0.707598
0.708799
0.709999
0.711200
0.712401
0.713601
0.714803
0.716004
0.717205
0.718407
0.719609
0.720811
0.722013
0.723215
0.724417
0.725620
0.726822
0.728025
0.729227
0.730430
0.731633
0.732836
0.734039
0.735241
0.736444
0.737647
0.738850
0.740053
0.741255
0.742458
0.743661
0.744863
0.746066
0.747268
0.748470
0.749672
0.750874
0.752075
0.753277
0.754478
0.755679
0.756880
0.758080
0.759280
0.760480
0.761679
0.762878
0.764077
0.765275
0.766473
0.767671
0.768868
0.770064
0.771260
0.772455
0.773650
0.774844
0.776038
0.777231
0.778424
0.779615
0.780806
0.781996
0.783186
0.784375
0.785563
0.786750
0.787936
0.789121
0.790306
0.791489
0.792672
0.793853
0.795034
0.796213
0.797391
0.798569
0.799745
0.800920
0.802093
0.803266
0.804437
0.805607
0.806776
0.807943
0.809109
0.810273
0.811436
0.812597
0.813757
0.814916
0.816073
0.817228
0.818381
0.819533
0.820684
0.821832
0.822979
0.824124
0.825267
0.826408
0.827547
0.828684
0.829819
0.830953
0.832084
0.833213
0.834340
0.835465
0.836588
0.837708
0.838826
0.839942
0.841056
0.842167
0.843276
0.844382
0.845486
0.846587
0.847686
0.848782
0.849876
0.850967
0.852055
0.853141
0.854224
0.855304
0.856381
0.857456
0.858527
0.859596
0.860662
0.861724
0.862784
0.863840
0.864894
0.865944
0.866991
0.868035
0.869076
0.870113
0.871148
0.872178
0.873206
0.874230
0.875250
0.876268
0.877281
0.878291
0.879298
0.880301
0.881300
0.882296
0.883288
0.884276
0.885260
0.886241
0.887218
0.888191
0.889160
0.890125
0.891086
0.892043
0.892997
0.893946
0.894891
0.895832
0.896769
0.897702
0.898631
0.899555
0.900476
0.901392
0.902303
0.903211
0.904114
0.905013
0.905907
0.906797
0.907682
0.908564
0.909440
0.910312
0.911180
0.912043
0.912902
0.913756
0.914605
0.915450
0.916290
0.917125
0.917956
0.918782
0.919603
0.920420
0.921231
0.922039
0.922841
0.923638
0.924431
0.925219
0.926002
0.926780
0.927553
0.928321
0.929085
0.929843
0.930597
0.931345
0.932089
0.932828
0.933561
0.934290
0.935014
0.935733
0.936446
0.937155
0.937859
0.938558
0.939251
0.939940
0.940624
0.941302
0.941976
0.942644
0.943307
0.943966
0.944619
0.945267
0.945910
0.946548
0.947181
0.947809
0.948432
0.949049
0.949662
0.950270
0.950872
0.951470
0.952062
0.952650
0.953232
0.953809
0.954382
0.954949
0.955511
0.956068
0.956621
0.957168
0.957710
0.958247
0.958780
0.959307
0.959830
0.960347
0.960860
0.961367
0.961870
0.962368
0.962861
0.963349
0.963832
0.964310
0.964784
0.965253
0.965717
0.966176
0.966630
0.967080
0.967525
0.967965
0.968401
0.968832
0.969258
0.969680
0.970097
0.970509
0.970917
0.971321
