0.010170
0.023485
0.031912
0.037138
0.042672
0.048600
0.054999
0.061948
0.069564
0.077999
0.087448
0.098159
0.110456
0.124767
0.141606
0.161530
0.185024
0.212399
0.243461
0.276618
0.307146
0.324789
0.317908
0.297555
0.289656
0.290755
0.292874
0.295020
0.297171
0.299328
0.301489
0.303654
0.305823
0.307996
0.310173
0.312354
0.314539
0.316728
0.318920
0.321155
0.323174
0.325210
0.327252
0.329300
0.331354
0.333413
0.335478
0.337550
0.339627
0.341710
0.343799
0.345894
0.347995
0.350102
0.352216
0.354336
0.356462
0.358594
0.360733
0.362878
0.365030
0.367188
0.369352
0.371523
0.373701
0.375884
0.378075
0.380271
0.382474
0.384683
0.386899
0.389121
0.391349
0.393584
0.395825
0.398071
0.400324
0.402583
0.404848
0.407119
0.409395
0.411678
0.413966
0.416259
0.418558
0.420862
0.423172
0.425487
0.427807
0.430132
0.432461
0.434796
0.437135
0.439478
0.441826
0.444178
0.446535
0.448895
0.451259
0.453627
0.455998
0.458373
0.460751
0.463132
0.465516
0.467903
0.470292
0.472684
0.475078
0.477475
0.479873
0.482274
0.484676
0.487080
0.489485
0.491891
0.494298
0.496706
0.499115
0.501524
0.503934
0.506344
0.508754
0.511164
0.513573
0.515982
0.518391
0.520798
0.523205
0.525611
0.528015
0.530418
0.532819
0.535218
0.537616
0.540011
0.542404
0.544795
0.547183
0.549568
0.551951
0.554330
0.556706
0.559079
0.561449
0.563815
0.566177
0.568535
0.570889
0.573239
0.575584
0.577926
0.580262
0.582594
0.584921
0.587243
0.589559
0.591871
0.594177
0.596478
0.598773
0.601063
0.603346
0.605624
0.607895
0.610161
0.612420
0.614673
0.616919
0.619159
0.621392
0.623618
0.625838
0.628051
0.630256
0.632455
0.634646
0.636830
0.639006
0.641176
0.643337
0.645491
0.647638
0.649777
0.651907
0.654031
0.656146
0.658253
0.660352
0.662443
0.664526
0.666600
0.668667
0.670725
0.672775
0.674816
0.676849
0.678873
0.680889
0.682896
0.684895
0.686885
0.688866
0.690838
0.692802
0.694757
0.696703
0.698641
0.700569
0.702489
0.704400
0.706302
0.708195
0.710078
0.711953
0.713819
0.715676
0.717524
0.719363
0.721193
0.723014
0.724826
0.726629
0.728422
0.730207
0.731983
0.733749
0.735507
0.737255
0.738994
0.740725
0.742446
0.744158
0.745861
0.747555
0.749240
0.750916
0.752583
0.754241
0.755890
0.757530
0.759161
0.760784
0.762397
0.764001
0.765596
0.767183
0.768761
0.770329
0.771889
0.773440
0.774983
0.776516
0.778041
0.779557
0.781065
0.782563
0.784053
0.785535
0.787007
0.788472
0.789927
0.791374
0.792813
0.794243
0.795664
0.797078
0.798482
0.799879
0.801267
0.802647
0.804018
0.805381
0.806736
0.808083
0.809422
0.810752
0.812074
0.813389
0.814695
0.815993
0.817283
0.818566
0.819840
0.821107
0.822365
0.823616
0.824859
0.826094
0.827322
0.828542
0.829754
0.830959
0.832156
0.833345
0.834527
0.835702
0.836869
0.838028
0.839181
0.840326
0.841463
0.842593
0.843717
0.844832
0.845941
0.847043
0.848137
0.849225
0.850305
0.851379
0.852445
0.853505
0.854557
0.855603
0.856642
0.857674
0.858700
0.859718
0.860730
0.861736
0.862735
0.863727
0.864713
0.865692
0.866665
0.867631
0.868591
0.869544
0.870492
0.871433
0.872367
0.873296
0.874218
0.875134
0.876044
0.876948
0.877846
0.878738
0.879623
0.880503
0.881377
0.882245
0.883108
0.883964
0.884815
0.885659
0.886499
0.887332
0.888160
0.888982
0.889799
0.890610
0.891415
0.892215
0.893010
0.893799
0.894583
0.895361
0.896134
0.896902
0.897665
0.898422
0.899174
0.899921
0.900663
0.901400
0.902131
0.902858
0.903579
0.904296
0.905007
0.905714
0.906416
0.907113
0.907805
0.908492
0.909174
0.909852
0.910525
0.911194
0.911857
0.912516
0.913171
0.913821
0.914466
0.915107
0.915743
0.916375
0.917002
0.917625
0.918244
0.918858
0.919468
0.920074
0.920675
0.921272
0.921865
0.922454
0.923039
0.923619
0.924195
0.924768
0.925336
0.925900
0.926460
0.927017
0.927569
0.928117
0.928662
0.929202
0.929739
0.930272
0.930801
0.931326
0.931848
0.932365
0.932879
0.933390
0.933897
0.934400
0.934899
0.935395
0.935888
0.936376
0.936862
0.937344
0.937822
0.938297
0.938768
0.939236
0.939701
0.940163
0.940621
0.941075
0.941527
0.941975
0.942420
0.942861
0.943300
0.943735
0.944167
0.944596
0.945022
0.945445
0.945865
0.946281
0.946695
0.947105
0.947513
0.947918
0.948319
0.948718
0.949114
0.949507
0.949897
0.950284
0.950668
0.951050
0.951428
0.951804
0.952177
0.952548
0.952915
0.953280
0.953643
0.954002
0.954359
0.954713
0.955065
0.955414
0.955761
0.956105
0.956446
0.956785
0.957121
0.957455
0.957786
0.958115
0.958442
0.958766
0.959087
0.959407
0.959723
0.960038
0.960350
0.960660
0.960967
0.961273
0.961576
0.961876
0.962175
0.962471
0.962765
0.963056
0.963346
0.963633
0.963919
0.964202
0.964483
0.964761
0.965038
0.965313
0.965585
0.965856
0.966124
0.966391
0.966655
0.966918
0.967178
0.967437
0.967693
0.967948
0.968200
0.968451
0.968700
0.968947
0.969192
0.969435
0.969676
0.969916
0.970154
0.970389
0.970624
0.970856
0.971086
0.971315
0.971542
0.971767
0.971991
0.972213
0.972433
0.972651
0.972868
0.973083
0.973296
0.973508
0.973718
0.973927
0.974134
0.974339
0.974543
0.974745
0.974946
0.975145
0.975342
0.975538
0.975733
0.975926
0.976117
0.976307
0.976496
0.976683
0.976869
0.977053
0.977235
0.977417
0.977597
0.977775
0.977952
0.978128
0.978302
0.978475
0.978647
0.978817
0.978986
0.979154
0.979320
0.979485
0.979649
0.979811
0.979973
0.980133
0.980291
0.980449
0.980605
0.980760
0.980913
0.981066
0.981217
0.981367
0.981516
0.981664
0.981810
0.981956
0.982100
0.982243
0.982385
0.982526
0.982666
0.982804
0.982942
0.983078
0.983214
0.983348
0.983481
0.983613
0.983744
0.983874
0.984003
