0.019716
0.042027
0.065305
0.090201
0.117602
0.149399
0.188451
0.231090
0.262745
0.274098
0.274184
0.277557
0.279885
0.281789
0.283771
0.285748
0.287719
0.289686
0.291647
0.293603
0.295553
0.297499
0.299439
0.301374
0.303304
0.305230
0.307150
0.309066
0.310977
0.312884
0.314786
0.316684
0.318578
0.320467
0.322352
0.324234
0.326111
0.327984
0.329854
0.331754
0.333450
0.335151
0.336850
0.338547
0.340240
0.341932
0.343620
0.345307
0.346990
0.348671
0.350350
0.352026
0.353701
0.355372
0.357042
0.358709
0.360374
0.362038
0.363699
0.365358
0.367015
0.368670
0.370323
0.371975
0.373625
0.375273
0.376919
0.378564
0.380207
0.381848
0.383489
0.385127
0.386764
0.388400
0.390035
0.391668
0.393300
0.394931
0.396561
0.398189
0.399817
0.401443
0.403069
0.404694
0.406317
0.407940
0.409563
0.411184
0.412805
0.414425
0.416045
0.417664
0.419283
0.420901
0.422518
0.424136
0.425753
0.427369
0.428986
0.430602
0.432218
0.433834
0.435450
0.437066
0.438682
0.440297
0.441913
0.443529
0.445146
0.446762
0.448379
0.449996
0.451613
0.453231
0.454849
0.456467
0.458086
0.459705
0.461325
0.462946
0.464567
0.466189
0.467811
0.469434
0.471058
0.472683
0.474308
0.475934
0.477562
0.479190
0.480818
0.482448
0.484079
0.485711
0.487344
0.488978
0.490613
0.492249
0.493886
0.495524
0.497164
0.498804
0.500446
0.502090
0.503734
0.505380
0.507027
0.508675
0.510325
0.511975
0.513628
0.515282
0.516937
0.518593
0.520251
0.521910
0.523571
0.525233
0.526897
0.528562
0.530229
0.531897
0.533566
0.535237
0.536910
0.538584
0.540260
0.541937
0.543615
0.545295
0.546977
0.548660
0.550345
0.552031
0.553719
0.555408
0.557098
0.558791
0.560484
0.562179
0.563876
0.565574
0.567273
0.568974
0.570677
0.572381
0.574086
0.575792
0.577500
0.579210
0.580920
0.582632
0.584346
0.586060
0.587776
0.589494
0.591212
0.592932
0.594652
0.596374
0.598098
0.599822
0.601547
0.603274
0.605001
0.606730
0.608459
0.610190
0.611921
0.613653
0.615386
0.617120
0.618855
0.620591
0.622327
0.624064
0.625802
0.627540
0.629279
0.631019
0.632759
0.634499
0.636240
0.637981
0.639723
0.641465
0.643207
0.644950
0.646693
0.648436
0.650179
0.651922
0.653665
0.655408
0.657151
0.658894
0.660637
0.662379
0.664122
0.665864
0.667605
0.669346
0.671087
0.672827
0.674567
0.676306
0.678045
0.679782
0.681519
0.683255
0.684991
0.686725
0.688458
0.690191
0.691922
0.693652
0.695381
0.697109
0.698835
0.700560
0.702284
0.704006
0.705726
0.707445
0.709162
0.710878
0.712592
0.714304
0.716014
0.717722
0.719428
0.721132
0.722834
0.724534
0.726232
0.727927
0.729620
0.731311
0.732999
0.734684
0.736367
0.738048
0.739725
0.741400
0.743072
0.744741
0.746407
0.748071
0.749731
0.751388
0.753042
0.754692
0.756339
0.757983
0.759624
0.761261
0.762894
0.764524
0.766151
0.767773
0.769392
0.771007
0.772618
0.774225
0.775829
0.777428
0.779023
0.780614
0.782200
0.783783
0.785361
0.786935
0.788504
0.790069
0.791629
0.793184
0.794735
0.796282
0.797823
0.799360
0.800892
0.802419
0.803941
0.805458
0.806970
0.808477
0.809979
0.811475
0.812966
0.814452
0.815933
0.817408
0.818878
0.820342
0.821801
0.823254
0.824702
0.826144
0.827580
0.829011
0.830436
0.831854
0.833267
0.834675
0.836076
0.837471
0.838860
0.840243
0.841620
0.842991
0.844356
0.845714
0.847066
0.848412
0.849752
0.851085
0.852412
0.853733
0.855047
0.856355
0.857656
0.858950
0.860238
0.861520
0.862795
0.864063
0.865325
0.866579
0.867828
0.869069
0.870304
0.871532
0.872753
0.873967
0.875174
0.876375
0.877569
0.878756
0.879935
0.881108
0.882274
0.883433
0.884585
0.885731
0.886869
0.888000
0.889124
0.890241
0.891351
0.892453
0.893549
0.894638
0.895720
0.896794
0.897861
0.898922
0.899975
0.901021
0.902060
0.903092
0.904116
0.905134
0.906144
0.907148
0.908144
0.909133
0.910115
0.911090
0.912057
0.913018
0.913971
0.914918
0.915857
0.916789
0.917714
0.918632
0.919543
0.920446
0.921343
0.922233
0.923115
0.923991
0.924859
0.925721
0.926575
0.927423
0.928263
0.929097
0.929924
0.930743
0.931556
0.932362
0.933161
0.933953
0.934739
0.935517
0.936289
0.937054
0.937812
0.938563
0.939308
0.940046
0.940777
0.941502
0.942220
0.942931
0.943636
0.944334
0.945026
0.945711
0.946389
0.947062
0.947727
0.948387
0.949039
0.949686
0.950326
0.950960
0.951588
0.952209
0.952824
0.953433
0.954036
0.954633
0.955223
0.955808
0.956386
0.956958
0.957525
0.958085
0.958640
0.959189
0.959731
0.960268
0.960800
0.961325
0.961845
0.962359
0.962867
0.963370
0.963867
0.964359
0.964845
0.965326
0.965801
0.966271
0.966736
0.967195
0.967648
0.968097
0.968540
0.968979
0.969412
0.969839
0.970262
0.970680
0.971093
0.971501
0.971903
0.972301
0.972694
0.973083
0.973466
0.973845
0.974219
0.974588
0.974953
0.975313
0.975669
0.976020
0.976366
0.976708
0.977046
0.977379
0.977708
0.978033
0.978354
0.978670
0.978982
0.979290
0.979593
0.979893
0.980189
0.980480
0.980768
0.981052
0.981332
0.981608
0.981880
0.982148
0.982413
0.982674
0.982932
0.983185
0.983435
0.983682
0.983925
0.984164
0.984401
0.984633
0.984863
0.985089
0.985311
0.985531
0.985747
0.985960
0.986169
0.986376
0.986580
0.986780
0.986978
0.987172
0.987364
0.987552
0.987738
0.987921
0.988101
0.988278
0.988452
0.988624
0.988793
0.988959
0.989123
0.989284
0.989443
0.989599
0.989752
0.989903
0.990052
0.990198
0.990342
0.990483
0.990622
0.990759
0.990893
0.991026
0.991156
0.991284
0.991409
0.991533
0.991655
0.991774
0.991891
0.992007
0.992120
0.992232
0.992341
0.992449
0.992555
0.992659
0.992761
0.992861
0.992959
0.993056
0.993151
0.993245
0.993336
0.993426
0.993515
0.993601
