0.010958
0.023302
0.036084
0.050385
0.070727
0.103785
0.140461
0.180986
0.216652
0.242559
0.258781
0.267994
0.273125
0.276273
0.278610
0.280673
0.282663
0.284640
0.286616
0.288589
0.290557
0.292519
0.294474
0.296424
0.298369
0.300307
0.302239
0.304166
0.306088
0.308004
0.309914
0.311819
0.313718
0.315612
0.317501
0.319384
0.321262
0.323134
0.325002
0.326921
0.328644
0.330348
0.332045
0.333737
0.335425
0.337109
0.338788
0.340463
0.342134
0.343801
0.345463
0.347121
0.348775
0.350425
0.352070
0.353711
0.355348
0.356981
0.358610
0.360234
0.361855
0.363471
0.365083
0.366691
0.368295
0.369895
0.371491
0.373082
0.374670
0.376254
0.377833
0.379409
0.380980
0.382548
0.384111
0.385671
0.387226
0.388778
0.390326
0.391869
0.393409
0.394945
0.396477
0.398005
0.399529
0.401050
0.402566
0.404078
0.405587
0.407092
0.408593
0.410090
0.411584
0.413073
0.414559
0.416041
0.417519
0.418994
0.420464
0.421931
0.423395
0.424854
0.426310
0.427762
0.429210
0.430655
0.432096
0.433533
0.434967
0.436397
0.437824
0.439246
0.440665
0.442081
0.443493
0.444901
0.446306
0.447707
0.449105
0.450499
0.451889
0.453276
0.454660
0.456040
0.457416
0.458789
0.460158
0.461524
0.462887
0.464246
0.465601
0.466953
0.468302
0.469647
0.470989
0.472327
0.473662
0.474994
0.476322
0.477647
0.478968
0.480286
0.481601
0.482912
0.484220
0.485525
0.486826
0.488125
0.489419
0.490711
0.491999
0.493284
0.494566
0.495844
0.497119
0.498391
0.499660
0.500925
0.502187
0.503446
0.504702
0.505955
0.507204
0.508451
0.509694
0.510934
0.512170
0.513404
0.514635
0.515862
0.517086
0.518307
0.519526
0.520741
0.521952
0.523161
0.524367
0.525570
0.526769
0.527966
0.529159
0.530350
0.531537
0.532722
0.533903
0.535082
0.536257
0.537430
0.538599
0.539766
0.540929
0.542090
0.543248
0.544402
0.545554
0.546703
0.547849
0.548992
0.550133
0.551270
0.552404
0.553536
0.554664
0.555790
0.556913
0.558033
0.559151
0.560265
0.561377
0.562485
0.563591
0.564695
0.565795
0.566893
0.567988
0.569080
0.570169
0.571255
0.572339
0.573420
0.574499
0.575574
0.576647
0.577717
0.578785
0.579849
0.580911
0.581971
0.583028
0.584082
0.585133
0.586182
0.587228
0.588271
0.589312
0.590350
0.591385
0.592418
0.593449
0.594476
0.595502
0.596524
0.597544
0.598561
0.599576
0.600588
0.601598
0.602605
0.603610
0.604612
0.605611
0.606608
0.607603
0.608595
0.609585
0.610572
0.611556
0.612538
0.613518
0.614495
0.615470
0.616442
0.617412
0.618379
0.619344
0.620306
0.621266
0.622224
0.623179
0.624132
0.625083
0.626031
0.626976
0.627920
0.628861
0.629799
0.630735
0.631669
0.632601
0.633530
0.634457
0.635382
0.636304
0.637224
0.638141
0.639057
0.639970
0.640881
0.641789
0.642695
0.643599
0.644501
0.645400
0.646298
0.647193
0.648085
0.648976
0.649864
0.650750
0.651634
0.652516
0.653395
0.654273
0.655148
0.656021
0.656891
0.657760
0.658626
0.659491
0.660353
0.661213
0.662071
0.662926
0.663780
0.664632
0.665481
0.666328
0.667173
0.668016
0.668857
0.669696
0.670533
0.671368
0.672201
0.673031
0.673860
0.674686
0.675511
0.676333
0.677154
0.677972
0.678789
0.679603
0.680416
0.681226
0.682034
0.682841
0.683645
0.684448
0.685248
0.686047
0.686843
0.687638
0.688431
0.689221
0.690010
0.690797
0.691582
0.692365
0.693146
0.693925
0.694703
0.695478
0.696252
0.697023
0.697793
0.698561
0.699327
0.700091
0.700853
0.701614
0.702372
0.703129
0.703884
0.704637
0.705389
0.706138
0.706886
0.707632
0.708376
0.709118
0.709858
0.710597
0.711334
0.712069
0.712802
0.713534
0.714264
0.714992
0.715718
0.716443
0.717166
0.717887
0.718606
0.719324
0.720040
0.720754
0.721467
0.722177
0.722887
0.723594
0.724300
0.725004
0.725706
0.726407
0.727106
0.727804
0.728500
0.729194
0.729886
0.730577
0.731266
0.731954
0.732640
0.733324
0.734007
0.734688
0.735368
0.736046
0.736722
0.737397
0.738070
0.738742
0.739412
0.740081
0.740747
0.741413
0.742077
0.742739
0.743400
0.744059
0.744717
0.745373
0.746028
0.746681
0.747333
0.747983
0.748631
0.749279
0.749924
0.750568
0.751211
0.751852
0.752492
0.753131
0.753767
0.754403
0.755037
0.755669
0.756300
0.756930
0.757558
0.758185
0.758810
0.759434
0.760057
0.760678
0.761298
0.761916
0.762533
0.763149
0.763763
0.764376
0.764987
0.765597
0.766206
0.766813
0.767419
0.768024
0.768627
0.769229
0.769830
0.770429
0.771027
0.771624
0.772219
0.772813
0.773406
0.773998
0.774588
0.775177
0.775764
0.776350
0.776935
0.777519
0.778102
0.778683
0.779263
0.779842
0.780419
0.780995
0.781570
0.782144
0.782716
0.783288
0.783858
0.784427
0.784994
0.785561
0.786126
0.786690
0.787253
0.787814
0.788375
0.788934
0.789492
0.790049
0.790605
0.791159
0.791713
0.792265
0.792816
0.793366
0.793915
0.794462
0.795009
0.795554
0.796099
0.796642
0.797184
0.797725
0.798265
0.798803
0.799341
0.799877
0.800413
0.800947
0.801480
0.802013
0.802544
0.803074
0.803603
0.804130
0.804657
0.805183
0.805708
0.806231
0.806754
0.807276
0.807796
0.808316
0.808834
0.809352
0.809868
0.810384
0.810898
0.811411
0.811924
0.812435
0.812946
0.813455
0.813964
0.814471
0.814978
0.815483
0.815988
0.816491
0.816994
0.817495
0.817996
0.818496
0.818995
0.819492
0.819989
0.820485
0.820980
0.821474
0.821967
0.822460
0.822951
0.823441
0.823931
0.824419
0.824907
0.825394
0.825880
0.826365
0.826849
0.827332
0.827814
0.828296
0.828776
0.829256
0.829735
0.830213
0.830690
0.831166
0.831641
0.832116
0.832589
0.833062
0.833534
0.834005
0.834475
0.834945
0.835413
0.835881
0.836348
0.836814
0.837280
0.837744
0.838208
0.838671
0.839133
0.839594
0.840055
0.840514
0.840973
0.841431
0.841888
