0.072155
0.160247
0.224469
0.188883
0.159159
0.171994
0.186631
0.199897
0.212032
0.223234
0.233670
0.243482
0.252761
0.261599
0.270126
0.278490
0.286882
0.295688
0.305671
0.312131
0.314753
0.317108
0.319472
0.321846
0.324229
0.326623
0.329027
0.331442
0.333868
0.336304
0.338753
0.341213
0.343685
0.346170
0.348667
0.351178
0.353701
0.356238
0.358788
0.361389
0.363769
0.366187
0.368622
0.371074
0.373543
0.376029
0.378532
0.381052
0.383589
0.386144
0.388717
0.391307
0.393915
0.396541
0.399185
0.401848
0.404528
0.407228
0.409945
0.412682
0.415437
0.418211
0.421003
0.423815
0.426645
0.429494
0.432362
0.435249
0.438155
0.441080
0.444024
0.446987
0.449968
0.452968
0.455987
0.459024
0.462080
0.465154
0.468247
0.471358
0.474486
0.477633
0.480798
0.483980
0.487179
0.490396
0.493630
0.496880
0.500148
0.503431
0.506731
0.510047
0.513379
0.516725
0.520087
0.523464
0.526855
0.530261
0.533680
0.537113
0.540560
0.544019
0.547490
0.550974
0.554470
0.557977
0.561495
0.565023
0.568562
0.572111
0.575668
0.579235
0.582811
0.586394
0.589985
0.593583
0.597187
0.600798
0.604414
0.608036
0.611662
0.615292
0.618926
0.622563
0.626203
0.629845
0.633489
0.637133
0.640779
0.644424
0.648068
0.651712
0.655354
0.658994
0.662631
0.666264
0.669894
0.673520
0.677141
0.680756
0.684365
0.687968
0.691563
0.695151
0.698731
0.702302
0.705863
0.709415
0.712956
0.716487
0.720006
0.723513
0.727007
0.730489
0.733957
0.737411
0.740850
0.744275
0.747683
0.751076
0.754452
0.757811
0.761153
0.764476
0.767782
0.771068
0.774335
0.777582
0.780809
0.784016
0.787201
0.790365
0.793508
0.796628
0.799725
0.802800
0.805851
0.808878
0.811882
0.814861
0.817815
0.820745
0.823649
0.826528
0.829381
0.832207
0.835008
0.837782
0.840528
0.843248
0.845941
0.848606
0.851243
0.853852
0.856433
0.858986
0.861511
0.864007
0.866475
0.868913
0.871323
0.873704
0.876056
0.878379
0.880672
0.882936
0.885171
0.887376
0.889553
0.891699
0.893817
0.895905
0.897964
0.899993
0.901993
0.903964
0.905905
0.907818
0.909701
0.911556
0.913381
0.915178
0.916946
0.918686
0.920397
0.922080
0.923735
0.925362
0.926961
0.928532
0.930076
0.931592
0.933082
0.934544
0.935980
0.937389
0.938772
0.940129
0.941460
0.942765
0.944045
0.945299
0.946529
0.947734
0.948915
0.950071
0.951204
0.952313
0.953398
0.954461
0.955500
0.956518
0.957512
0.958485
0.959436
0.960366
0.961275
0.962162
0.963029
0.963876
0.964703
0.965511
0.966299
0.967068
0.967818
0.968549
0.969263
0.969959
0.970637
0.971298
0.971941
0.972569
0.973179
0.973774
0.974353
0.974917
0.975465
0.975998
0.976517
0.977021
0.977512
0.977988
0.978451
0.978901
0.979338
0.979762
0.980174
0.980574
0.980962
0.981338
0.981704
0.982057
0.982401
0.982733
0.983056
0.983368
0.983670
0.983963
0.984246
0.984521
0.984786
0.985043
0.985291
0.985532
0.985764
0.985988
0.986205
0.986414
0.986617
0.986812
0.987000
0.987182
0.987358
0.987527
0.987690
0.987848
0.987999
0.988145
0.988286
0.988422
0.988552
0.988678
0.988799
0.988915
0.989027
0.989135
0.989238
0.989338
0.989433
0.989525
0.989613
0.989698
0.989779
0.989857
0.989932
0.990004
0.990073
0.990139
0.990202
0.990262
0.990320
0.990376
0.990429
0.990480
0.990529
0.990575
0.990620
0.990662
0.990703
0.990742
0.990779
0.990815
0.990848
0.990881
0.990912
0.990941
0.990969
0.990996
0.991021
0.991046
0.991069
0.991091
0.991112
0.991132
0.991151
0.991169
0.991186
0.991202
0.991218
0.991233
0.991247
0.991260
0.991273
0.991285
0.991296
0.991307
0.991317
0.991327
0.991336
0.991345
0.991353
0.991361
0.991368
0.991375
0.991382
0.991388
0.991394
0.991400
0.991405
0.991410
0.991415
0.991419
0.991423
0.991427
0.991431
0.991434
0.991438
0.991441
0.991444
0.991447
0.991449
0.991452
0.991454
0.991456
0.991458
0.991460
0.991462
0.991464
0.991465
0.991467
0.991468
0.991469
0.991471
0.991472
0.991473
0.991474
0.991475
0.991476
0.991477
0.991477
0.991478
0.991479
0.991479
0.991480
0.991481
0.991481
0.991482
0.991482
0.991482
0.991483
0.991483
0.991484
0.991484
0.991484
0.991484
0.991485
0.991485
0.991485
0.991485
0.991486
0.991486
0.991486
0.991486
0.991486
0.991486
0.991486
0.991487
0.991487
0.991487
0.991487
0.991487
0.991487
0.991487
0.991487
0.991487
0.991487
0.991487
0.991487
0.991487
0.991487
0.991488
0.991488
0.991488
0.991488
0.991488
0.991488
0.991488
0.991488
0.991488
0.991488
0.991488
0.991488
0.991488
0.991488
0.991488
0.991488
0.991488
0.991488
0.991488
0.991488
0.991488
0.991488
0.991488
0.991488
0.991488
0.991488
0.991488
0.991488
0.991488
0.991488
0.991488
0.991488
0.991488
0.991488
0.991488
0.991488
0.991488
0.991488
0.991488
0.991488
0.991488
0.991488
0.991488
0.991488
0.991488
0.991488
0.991488
0.991488
0.991488
0.991488
0.991488
0.991488
0.991488
0.991488
0.991488
0.991488
0.991488
0.991488
0.991488
0.991488
0.991488
0.991488
0.991488
0.991488
0.991488
0.991488
0.991488
0.991488
0.991488
0.991488
0.991488
0.991488
0.991488
0.991488
0.991488
0.991488
0.991488
0.991488
0.991488
0.991488
0.991488
0.991488
0.991488
0.991488
0.991488
0.991488
0.991488
0.991488
0.991488
0.991488
0.991488
0.991488
0.991488
0.991488
0.991488
0.991488
0.991488
0.991488
0.991488
0.991488
0.991488
0.991488
0.991488
0.991488
0.991488
0.991488
0.991488
0.991488
0.991488
0.991488
0.991488
0.991488
0.991488
0.991488
0.991488
0.991488
0.991488
0.991488
0.991488
0.991488
0.991488
0.991488
0.991488
0.991488
0.991488
0.991488
0.991488
0.991488
0.991488
0.991488
0.991488
0.991488
0.991488
0.991488
0.991488
0.991488
0.991488
0.991488
0.991488
0.991488
