0.052209
0.114923
0.188834
0.285052
0.392965
0.310575
0.260622
0.272911
0.284961
0.296362
0.307240
0.317674
0.327757
0.337620
0.347418
0.357362
0.367931
0.379585
0.386594
0.390775
0.394898
0.399069
0.403288
0.407554
0.411867
0.416226
0.420631
0.425082
0.429578
0.434119
0.438703
0.443331
0.448002
0.452715
0.457469
0.462263
0.467098
0.471971
0.476882
0.481970
0.486782
0.491649
0.496555
0.501500
0.506482
0.511498
0.516548
0.521630
0.526743
0.531884
0.537054
0.542249
0.547469
0.552711
0.557975
0.563259
0.568560
0.573878
0.579211
0.584556
0.589913
0.595279
0.600653
0.606033
0.611417
0.616804
0.622191
0.627577
0.632960
0.638338
0.643710
0.649074
0.654427
0.659769
0.665097
0.670410
0.675705
0.680982
0.686239
0.691474
0.696684
0.701870
0.707028
0.712158
0.717258
0.722326
0.727361
0.732362
0.737327
0.742254
0.747143
0.751992
0.756800
0.761565
0.766286
0.770963
0.775594
0.780179
0.784715
0.789202
0.793640
0.798027
0.802362
0.806645
0.810876
0.815052
0.819174
0.823241
0.827252
0.831208
0.835107
0.838949
0.842733
0.846460
0.850130
0.853740
0.857293
0.860787
0.864222
0.867599
0.870917
0.874176
0.877377
0.880518
0.883602
0.886626
0.889593
0.892502
0.895353
0.898147
0.900883
0.903563
0.906187
0.908754
0.911266
0.913723
0.916125
0.918474
0.920768
0.923010
0.925199
0.927337
0.929423
0.931459
0.933444
0.935381
0.937269
0.939108
0.940901
0.942647
0.944347
0.946002
0.947613
0.949179
0.950704
0.952185
0.953626
0.955026
0.956386
0.957707
0.958989
0.960234
0.961442
0.962614
0.963751
0.964853
0.965921
0.966956
0.967959
0.968930
0.969871
0.970781
0.971662
0.972514
0.973339
0.974136
0.974906
0.975651
0.976370
0.977065
0.977736
0.978383
0.979008
0.979611
0.980193
0.980754
0.981294
0.981816
0.982318
0.982801
0.983267
0.983716
0.984147
0.984563
0.984962
0.985347
0.985716
0.986071
0.986413
0.986741
0.987056
0.987358
0.987649
0.987927
0.988195
0.988451
0.988697
0.988933
0.989160
0.989376
0.989584
0.989783
0.989973
0.990155
0.990330
0.990497
0.990657
0.990809
0.990955
0.991095
0.991228
0.991356
0.991478
0.991594
0.991705
0.991811
0.991912
0.992008
0.992100
0.992188
0.992272
0.992351
0.992427
0.992500
0.992568
0.992634
0.992696
0.992756
0.992812
0.992866
0.992917
0.992966
0.993012
0.993056
0.993098
0.993137
0.993175
0.993211
0.993245
0.993277
0.993308
0.993336
0.993364
0.993390
0.993415
0.993438
0.993460
0.993481
0.993501
0.993520
0.993538
0.993555
0.993570
0.993586
0.993600
0.993613
0.993626
0.993638
0.993649
0.993660
0.993670
0.993680
0.993689
0.993697
0.993705
0.993713
0.993720
0.993727
0.993733
0.993739
0.993745
0.993750
0.993755
0.993760
0.993764
0.993769
0.993772
0.993776
0.993780
0.993783
0.993786
0.993789
0.993792
0.993794
0.993796
0.993799
0.993801
0.993803
0.993805
0.993806
0.993808
0.993810
0.993811
0.993812
0.993814
0.993815
0.993816
0.993817
0.993818
0.993819
0.993820
0.993820
0.993821
0.993822
0.993822
0.993823
0.993824
0.993824
0.993825
0.993825
0.993826
0.993826
0.993826
0.993827
0.993827
0.993827
0.993828
0.993828
0.993828
0.993828
0.993829
0.993829
0.993829
0.993829
0.993829
0.993829
0.993830
0.993830
0.993830
0.993830
0.993830
0.993830
0.993830
0.993830
0.993830
0.993830
0.993831
0.993831
0.993831
0.993831
0.993831
0.993831
0.993831
0.993831
0.993831
0.993831
0.993831
0.993831
0.993831
0.993831
0.993831
0.993831
0.993831
0.993831
0.993831
0.993831
0.993831
0.993831
0.993831
0.993831
0.993831
0.993831
0.993831
0.993831
0.993831
0.993831
0.993831
0.993831
0.993831
0.993831
0.993831
0.993831
0.993831
0.993831
0.993831
0.993831
0.993831
0.993831
0.993831
0.993831
0.993831
0.993831
0.993831
0.993831
0.993831
0.993831
0.993831
0.993831
0.993831
0.993831
0.993831
0.993831
0.993831
0.993831
0.993831
0.993831
0.993831
0.993831
0.993831
0.993831
0.993831
0.993831
0.993831
0.993831
0.993831
0.993831
0.993831
0.993831
0.993831
0.993831
0.993831
0.993831
0.993831
0.993831
0.993831
0.993831
0.993831
0.993831
0.993831
0.993831
0.993831
0.993831
0.993831
0.993831
0.993831
0.993831
0.993831
0.993831
0.993831
0.993831
0.993831
0.993831
0.993831
0.993831
0.993831
0.993831
0.993831
0.993831
0.993831
0.993831
0.993831
0.993831
0.993831
0.993831
0.993831
0.993831
0.993831
0.993831
0.993831
0.993831
0.993831
0.993831
0.993831
0.993831
0.993831
0.993831
0.993831
0.993831
0.993831
0.993831
0.993831
0.993831
0.993831
0.993831
0.993831
0.993831
0.993831
0.993831
0.993831
0.993831
0.993831
0.993831
0.993831
0.993831
0.993831
0.993831
0.993831
0.993831
0.993831
0.993831
0.993831
0.993831
0.993831
0.993831
0.993831
0.993831
0.993831
0.993831
0.993831
0.993831
0.993831
0.993831
0.993831
0.993831
0.993831
0.993831
0.993831
0.993831
0.993831
0.993831
0.993831
0.993831
0.993831
0.993831
0.993831
0.993831
0.993831
0.993831
0.993831
0.993831
0.993831
0.993831
0.993831
0.993831
0.993831
0.993831
0.993831
0.993831
0.993831
0.993831
0.993831
0.993831
0.993831
0.993831
0.993831
0.993831
0.993831
0.993831
0.993831
0.993831
0.993831
0.993831
0.993831
0.993831
0.993831
0.993831
0.993831
0.993831
0.993831
0.993831
0.993831
0.993831
0.993831
0.993831
0.993831
0.993831
0.993831
0.993831
0.993831
0.993831
0.993831
0.993831
0.993831
0.993831
0.993831
0.993831
0.993831
0.993831
0.993831
0.993831
0.993831
0.993831
0.993831
0.993831
0.993831
0.993831
0.993831
0.993831
0.993831
0.993831
0.993831
0.993831
0.993831
0.993831
0.993831
0.993831
0.993831
0.993831
0.993831
0.993831
0.993831
0.993831
0.993831
0.993831
0.993831
0.993831
0.993831
0.993831
0.993831
0.993831
