0.012743
0.027037
0.043099
0.068886
0.111477
0.163043
0.209882
0.244950
0.260956
0.269097
0.273450
0.276204
0.278393
0.280418
0.282408
0.284391
0.286371
0.288347
0.290317
0.292281
0.294239
0.296191
0.298136
0.300076
0.302010
0.303938
0.305860
0.307777
0.309688
0.311593
0.313493
0.315387
0.317276
0.319159
0.321037
0.322910
0.324777
0.326639
0.328496
0.330404
0.332117
0.333811
0.335498
0.337181
0.338859
0.340533
0.342203
0.343868
0.345529
0.347186
0.348839
0.350488
0.352132
0.353772
0.355408
0.357040
0.358667
0.360291
0.361910
0.363525
0.365136
0.366743
0.368346
0.369945
0.371539
0.373130
0.374717
0.376299
0.377878
0.379452
0.381023
0.382589
0.384152
0.385710
0.387265
0.388815
0.390362
0.391904
0.393443
0.394978
0.396509
0.398036
0.399559
0.401078
0.402594
0.404105
0.405613
0.407117
0.408617
0.410113
0.411605
0.413094
0.414579
0.416060
0.417537
0.419011
0.420480
0.421946
0.423408
0.424867
0.426322
0.427773
0.429220
0.430664
0.432104
0.433541
0.434973
0.436402
0.437828
0.439250
0.440668
0.442082
0.443493
0.444901
0.446305
0.447705
0.449101
0.450495
0.451884
0.453270
0.454653
0.456032
0.457407
0.458779
0.460148
0.461513
0.462874
0.464232
0.465587
0.466938
0.468286
0.469630
0.470971
0.472308
0.473642
0.474973
0.476300
0.477624
0.478945
0.480262
0.481575
0.482886
0.484193
0.485497
0.486797
0.488095
0.489388
0.490679
0.491966
0.493250
0.494531
0.495809
0.497083
0.498354
0.499622
0.500886
0.502148
0.503406
0.504661
0.505912
0.507161
0.508406
0.509649
0.510888
0.512124
0.513356
0.514586
0.515813
0.517036
0.518256
0.519473
0.520688
0.521899
0.523107
0.524311
0.525513
0.526712
0.527908
0.529100
0.530290
0.531477
0.532660
0.533841
0.535018
0.536193
0.537365
0.538533
0.539699
0.540862
0.542021
0.543178
0.544332
0.545483
0.546631
0.547776
0.548918
0.550058
0.551194
0.552328
0.553458
0.554586
0.555711
0.556833
0.557952
0.559069
0.560182
0.561293
0.562401
0.563506
0.564608
0.565708
0.566805
0.567899
0.568990
0.570078
0.571164
0.572247
0.573327
0.574404
0.575479
0.576551
0.577620
0.578687
0.579751
0.580812
0.581870
0.582926
0.583979
0.585030
0.586077
0.587123
0.588165
0.589205
0.590242
0.591277
0.592309
0.593338
0.594365
0.595389
0.596411
0.597430
0.598446
0.599460
0.600471
0.601480
0.602486
0.603490
0.604491
0.605490
0.606486
0.607479
0.608471
0.609459
0.610445
0.611429
0.612410
0.613389
0.614365
0.615338
0.616310
0.617279
0.618245
0.619209
0.620170
0.621129
0.622086
0.623040
0.623992
0.624942
0.625889
0.626834
0.627776
0.628716
0.629653
0.630589
0.631522
0.632452
0.633380
0.634306
0.635230
0.636151
0.637070
0.637987
0.638901
0.639813
0.640723
0.641630
0.642536
0.643439
0.644339
0.645238
0.646134
0.647028
0.647919
0.648809
0.649696
0.650581
0.651464
0.652345
0.653223
0.654099
0.654973
0.655845
0.656715
0.657583
0.658448
0.659311
0.660172
0.661031
0.661888
0.662743
0.663595
0.664446
0.665294
0.666140
0.666984
0.667826
0.668666
0.669504
0.670340
0.671173
0.672005
0.672834
0.673662
0.674487
0.675311
0.676132
0.676952
0.677769
0.678584
0.679397
0.680209
0.681018
0.681825
0.682631
0.683434
0.684235
0.685035
0.685832
0.686627
0.687421
0.688213
0.689002
0.689790
0.690576
0.691359
0.692141
0.692921
0.693699
0.694475
0.695250
0.696022
0.696793
0.697561
0.698328
0.699093
0.699856
0.700617
0.701376
0.702134
0.702889
0.703643
0.704395
0.705145
0.705894
0.706640
0.707385
0.708128
0.708869
0.709608
0.710346
0.711081
0.711815
0.712547
0.713278
0.714007
0.714734
0.715459
0.716182
0.716904
0.717624
0.718342
0.719059
0.719773
0.720487
0.721198
0.721908
0.722616
0.723322
0.724027
0.724730
0.725431
0.726131
0.726829
0.727525
0.728220
0.728913
0.729604
0.730294
0.730982
0.731669
0.732354
0.733037
0.733719
0.734399
0.735077
0.735754
0.736429
0.737103
0.737775
0.738446
0.739115
0.739783
0.740449
0.741113
0.741776
0.742437
0.743097
0.743755
0.744412
0.745067
0.745721
0.746373
0.747024
0.747673
0.748321
0.748967
0.749612
0.750255
0.750897
0.751537
0.752176
0.752813
0.753449
0.754084
0.754717
0.755349
0.755979
0.756608
0.757235
0.757861
0.758486
0.759109
0.759731
0.760351
0.760970
0.761588
0.762204
0.762819
0.763432
0.764044
0.764655
0.765265
0.765873
0.766479
0.767085
0.767689
0.768292
0.768893
0.769493
0.770092
0.770689
0.771286
0.771880
0.772474
0.773066
0.773657
0.774247
0.774836
0.775423
0.776009
0.776593
0.777177
0.777759
0.778340
0.778920
0.779498
0.780075
0.780651
0.781226
0.781800
0.782372
0.782943
0.783513
0.784082
0.784649
0.785216
0.785781
0.786345
0.786908
0.787470
0.788030
0.788590
0.789148
0.789705
0.790261
0.790816
0.791369
0.791922
0.792473
0.793023
0.793573
0.794121
0.794668
0.795213
0.795758
0.796302
0.796844
0.797386
0.797926
0.798466
0.799004
0.799541
0.800077
0.800612
0.801146
0.801679
0.802211
0.802742
0.803272
0.803801
0.804329
0.804856
0.805381
0.805906
0.806430
0.806953
0.807475
0.807995
0.808515
0.809034
0.809552
0.810069
0.810585
0.811100
0.811613
0.812126
0.812639
0.813150
0.813660
0.814169
0.814677
0.815185
0.815691
0.816197
0.816701
0.817205
0.817707
0.818209
0.818710
0.819210
0.819709
0.820208
0.820705
0.821202
0.821697
0.822192
0.822686
0.823179
0.823671
0.824162
0.824652
0.825142
0.825631
0.826119
0.826606
0.827092
0.827577
0.828062
0.828545
0.829028
0.829510
0.829992
0.830472
0.830952
0.831431
0.831909
0.832386
0.832862
0.833338
0.833813
0.834287
0.834761
0.835233
0.835705
0.836176
0.836646
0.837116
0.837585
0.838053
0.838520
0.838987
0.839452
0.839917
0.840382
0.840845
0.841308
0.841770
0.842232
0.842693
