0.010377
0.022131
0.034383
0.047717
0.063852
0.073831
0.088813
0.112956
0.146033
0.182764
0.216179
0.241679
0.258438
0.268256
0.273712
0.276933
0.279228
0.281233
0.283187
0.285149
0.287119
0.289088
0.291052
0.293010
0.294962
0.296908
0.298849
0.300784
0.302713
0.304637
0.306555
0.308468
0.310375
0.312277
0.314174
0.316065
0.317951
0.319832
0.321707
0.323633
0.325361
0.327072
0.328776
0.330475
0.332170
0.333861
0.335547
0.337229
0.338907
0.340580
0.342249
0.343914
0.345575
0.347231
0.348884
0.350532
0.352176
0.353815
0.355451
0.357082
0.358709
0.360332
0.361951
0.363566
0.365176
0.366783
0.368385
0.369984
0.371578
0.373168
0.374754
0.376337
0.377915
0.379489
0.381059
0.382625
0.384187
0.385745
0.387300
0.388850
0.390396
0.391938
0.393477
0.395011
0.396542
0.398069
0.399592
0.401111
0.402626
0.404137
0.405644
0.407148
0.408648
0.410144
0.411636
0.413124
0.414609
0.416090
0.417567
0.419040
0.420509
0.421975
0.423437
0.424896
0.426350
0.427801
0.429249
0.430692
0.432132
0.433568
0.435001
0.436430
0.437855
0.439277
0.440695
0.442110
0.443521
0.444928
0.446332
0.447732
0.449129
0.450522
0.451911
0.453298
0.454680
0.456059
0.457435
0.458807
0.460175
0.461540
0.462902
0.464260
0.465615
0.466966
0.468314
0.469659
0.471000
0.472338
0.473672
0.475003
0.476330
0.477654
0.478975
0.480293
0.481607
0.482918
0.484225
0.485529
0.486830
0.488128
0.489422
0.490713
0.492001
0.493286
0.494567
0.495845
0.497120
0.498391
0.499660
0.500925
0.502187
0.503446
0.504701
0.505954
0.507203
0.508449
0.509692
0.510932
0.512169
0.513402
0.514633
0.515860
0.517085
0.518306
0.519524
0.520739
0.521951
0.523160
0.524366
0.525569
0.526769
0.527966
0.529159
0.530350
0.531538
0.532723
0.533905
0.535084
0.536260
0.537433
0.538603
0.539770
0.540934
0.542095
0.543254
0.544409
0.545562
0.546711
0.547858
0.549002
0.550143
0.551281
0.552417
0.553549
0.554679
0.555806
0.556930
0.558051
0.559169
0.560285
0.561398
0.562508
0.563615
0.564719
0.565821
0.566920
0.568016
0.569110
0.570201
0.571289
0.572374
0.573457
0.574537
0.575614
0.576689
0.577761
0.578830
0.579897
0.580961
0.582022
0.583081
0.584137
0.585190
0.586241
0.587290
0.588335
0.589378
0.590419
0.591457
0.592492
0.593525
0.594555
0.595583
0.596608
0.597631
0.598651
0.599669
0.600684
0.601696
0.602706
0.603714
0.604719
0.605722
0.606722
0.607720
0.608715
0.609708
0.610699
0.611687
0.612672
0.613655
0.614636
0.615615
0.616591
0.617564
0.618535
0.619504
0.620471
0.621435
0.622397
0.623356
0.624313
0.625268
0.626221
0.627171
0.628119
0.629064
0.630008
0.630949
0.631887
0.632824
0.633758
0.634690
0.635620
0.636547
0.637472
0.638395
0.639316
0.640234
0.641151
0.642065
0.642977
0.643887
0.644794
0.645699
0.646603
0.647504
0.648403
0.649299
0.650194
0.651087
0.651977
0.652865
0.653751
0.654635
0.655517
0.656397
0.657275
0.658150
0.659024
0.659895
0.660765
0.661632
0.662498
0.663361
0.664222
0.665081
0.665939
0.666794
0.667647
0.668498
0.669347
0.670195
0.671040
0.671883
0.672724
0.673564
0.674401
0.675237
0.676070
0.676902
0.677731
0.678559
0.679385
0.680209
0.681031
0.681851
0.682669
0.683485
0.684299
0.685112
0.685923
0.686731
0.687538
0.688344
0.689147
0.689948
0.690748
0.691546
0.692342
0.693136
0.693928
0.694719
0.695507
0.696294
0.697079
0.697863
0.698644
0.699424
0.700202
0.700979
0.701753
0.702526
0.703298
0.704067
0.704835
0.705601
0.706365
0.707128
0.707889
0.708648
0.709405
0.710161
0.710915
0.711668
0.712419
0.713168
0.713915
0.714661
0.715406
0.716148
0.716889
0.717629
0.718367
0.719103
0.719837
0.720570
0.721302
0.722032
0.722760
0.723486
0.724212
0.724935
0.725657
0.726378
0.727096
0.727814
0.728530
0.729244
0.729957
0.730668
0.731378
0.732086
0.732793
0.733498
0.734202
0.734904
0.735605
0.736304
0.737002
0.737698
0.738393
0.739087
0.739779
0.740470
0.741159
0.741847
0.742533
0.743218
0.743901
0.744583
0.745264
0.745943
0.746621
0.747298
0.747973
0.748647
0.749319
0.749990
0.750660
0.751328
0.751995
0.752661
0.753325
0.753988
0.754650
0.755310
0.755969
0.756627
0.757283
0.757938
0.758592
0.759244
0.759896
0.760546
0.761194
0.761842
0.762488
0.763132
0.763776
0.764418
0.765059
0.765699
0.766338
0.766975
0.767611
0.768246
0.768880
0.769512
0.770143
0.770773
0.771402
0.772030
0.772656
0.773282
0.773906
0.774528
0.775150
0.775771
0.776390
0.777008
0.777625
0.778241
0.778856
0.779470
0.780082
0.780693
0.781304
0.781913
0.782521
0.783127
0.783733
0.784338
0.784941
0.785544
0.786145
0.786745
0.787344
0.787942
0.788539
0.789135
0.789730
0.790324
0.790917
0.791508
0.792099
0.792688
0.793277
0.793864
0.794451
0.795036
0.795620
0.796204
0.796786
0.797367
0.797948
0.798527
0.799105
0.799682
0.800258
0.800834
0.801408
0.801981
0.802553
0.803125
0.803695
0.804264
0.804833
0.805400
0.805966
0.806532
0.807096
0.807660
0.808222
0.808784
0.809345
0.809904
0.810463
0.811021
0.811578
0.812134
0.812689
0.813243
0.813796
0.814349
0.814900
0.815451
0.816000
0.816549
0.817097
0.817643
0.818189
0.818734
0.819279
0.819822
0.820364
0.820906
0.821447
0.821986
0.822525
0.823063
0.823600
0.824137
0.824672
0.825207
0.825741
0.826273
0.826805
0.827337
0.827867
0.828396
0.828925
0.829453
0.829980
0.830506
0.831031
0.831556
0.832079
0.832602
0.833124
0.833645
0.834166
0.834685
0.835204
0.835722
0.836239
0.836755
0.837271
0.837785
0.838299
0.838812
0.839325
0.839836
0.840347
0.840857
0.841366
0.841874
0.842382
0.842888
0.843394
0.843899
0.844404
0.844907
0.845410
0.845912
0.846414
0.846914
0.847414
0.847913
0.848411
