0.012654
0.026828
0.041363
0.056544
0.072717
0.090297
0.110207
0.133061
0.150949
0.171674
0.197216
0.229524
0.266655
0.296563
0.304176
0.292799
0.282663
0.281481
0.283294
0.285285
0.287275
0.289262
0.291245
0.293224
0.295200
0.297173
0.299142
0.301108
0.303071
0.305031
0.306988
0.308942
0.310893
0.312842
0.314788
0.316731
0.318672
0.320611
0.322547
0.324513
0.326270
0.328036
0.329803
0.331570
0.333335
0.335099
0.336863
0.338625
0.340387
0.342148
0.343909
0.345669
0.347429
0.349188
0.350947
0.352706
0.354465
0.356224
0.357982
0.359741
0.361499
0.363258
0.365017
0.366777
0.368537
0.370297
0.372058
0.373820
0.375582
0.377345
0.379108
0.380873
0.382639
0.384405
0.386173
0.387941
0.389711
0.391482
0.393255
0.395029
0.396804
0.398581
0.400359
0.402139
0.403921
0.405704
0.407489
0.409276
0.411065
0.412856
0.414648
0.416443
0.418240
0.420039
0.421840
0.423644
0.425450
0.427258
0.429068
0.430881
0.432697
0.434514
0.436335
0.438158
0.439983
0.441812
0.443643
0.445476
0.447313
0.449152
0.450994
0.452838
0.454686
0.456536
0.458390
0.460246
0.462105
0.463968
0.465833
0.467701
0.469572
0.471447
0.473324
0.475204
0.477088
0.478974
0.480864
0.482756
0.484652
0.486551
0.488453
0.490357
0.492265
0.494177
0.496091
0.498008
0.499928
0.501851
0.503778
0.505707
0.507639
0.509575
0.511513
0.513454
0.515398
0.517346
0.519295
0.521248
0.523204
0.525162
0.527124
0.529088
0.531054
0.533024
0.534996
0.536970
0.538947
0.540927
0.542909
0.544894
0.546881
0.548870
0.550862
0.552856
0.554852
0.556851
0.558851
0.560854
0.562858
0.564865
0.566873
0.568884
0.570896
0.572910
0.574925
0.576942
0.578961
0.580981
0.583003
0.585026
0.587050
0.589076
0.591103
0.593130
0.595159
0.597189
0.599220
0.601251
0.603283
0.605316
0.607350
0.609384
0.611418
0.613453
0.615488
0.617523
0.619559
0.621594
0.623630
0.625665
0.627700
0.629735
0.631770
0.633804
0.635838
0.637871
0.639903
0.641935
0.643966
0.645995
0.648024
0.650052
0.652078
0.654104
0.656127
0.658150
0.660171
0.662190
0.664208
0.666224
0.668237
0.670249
0.672259
0.674267
0.676273
0.678276
0.680277
0.682275
0.684271
0.686264
0.688254
0.690242
0.692226
0.694208
0.696187
0.698162
0.700134
0.702103
0.704068
0.706030
0.707988
0.709943
0.711893
0.713840
0.715783
0.717722
0.719657
0.721588
0.723514
0.725436
0.727354
0.729267
0.731175
0.733079
0.734978
0.736873
0.738762
0.740647
0.742526
0.744400
0.746269
0.748133
0.749991
0.751844
0.753692
0.755534
0.757370
0.759201
0.761026
0.762845
0.764658
0.766465
0.768266
0.770061
0.771850
0.773632
0.775409
0.777178
0.778942
0.780699
0.782449
0.784193
0.785930
0.787660
0.789384
0.791101
0.792811
0.794514
0.796209
0.797898
0.799580
0.801255
0.802922
0.804582
0.806235
0.807881
0.809519
0.811149
0.812773
0.814388
0.815996
0.817597
0.819190
0.820775
0.822352
0.823922
0.825484
0.827038
0.828584
0.830122
0.831652
0.833175
0.834689
0.836195
0.837694
0.839184
0.840666
0.842140
0.843605
0.845063
0.846512
0.847953
0.849386
0.850811
0.852227
0.853635
0.855035
0.856426
0.857809
0.859183
0.860549
0.861907
0.863256
0.864597
0.865930
0.867254
0.868569
0.869876
0.871175
0.872465
0.873746
0.875019
0.876284
0.877540
0.878788
0.880027
0.881258
0.882480
0.883693
0.884899
0.886095
0.887283
0.888463
0.889634
0.890797
0.891951
0.893097
0.894235
0.895364
0.896484
0.897596
0.898700
0.899795
0.900882
0.901961
0.903031
0.904093
0.905147
0.906192
0.907229
0.908258
0.909278
0.910290
0.911294
0.912290
0.913278
0.914257
0.915229
0.916192
0.917148
0.918095
0.919034
0.919965
0.920888
0.921803
0.922711
0.923610
0.924502
0.925385
0.926261
0.927129
0.927990
0.928842
0.929687
0.930525
0.931354
0.932176
0.932991
0.933798
0.934597
0.935389
0.936174
0.936951
0.937721
0.938483
0.939238
0.939986
0.940727
0.941460
0.942186
0.942906
0.943618
0.944323
0.945021
0.945712
0.946396
0.947073
0.947744
0.948407
0.949064
0.949714
0.950358
0.950995
0.951625
0.952249
0.952866
0.953476
0.954080
0.954678
0.955269
0.955854
0.956433
0.957006
0.957572
0.958132
0.958686
0.959234
0.959776
0.960312
0.960842
0.961366
0.961884
0.962397
0.962903
0.963404
0.963900
0.964389
0.964873
0.965351
0.965824
0.966292
0.966753
0.967210
0.967661
0.968107
0.968548
0.968983
0.969413
0.969838
0.970258
0.970673
0.971083
0.971488
0.971888
0.972283
0.972673
0.973059
0.973439
0.973815
0.974187
0.974553
0.974915
0.975273
0.975626
0.975974
0.976318
0.976658
0.976993
0.977325
0.977651
0.977974
0.978292
0.978607
0.978917
0.979223
0.979525
0.979823
0.980117
0.980407
0.980694
0.980976
0.981255
0.981530
0.981801
0.982069
0.982333
0.982593
0.982850
0.983103
0.983353
0.983599
0.983842
0.984081
0.984318
0.984550
0.984780
0.985006
0.985230
0.985450
0.985667
0.985880
0.986091
0.986299
0.986503
0.986705
0.986904
0.987100
0.987293
0.987483
0.987671
0.987856
0.988038
0.988217
0.988394
0.988568
0.988739
0.988908
0.989074
0.989238
0.989399
0.989558
0.989715
0.989869
0.990020
0.990170
0.990317
0.990462
0.990604
0.990745
0.990883
0.991019
0.991153
0.991285
0.991414
0.991542
0.991668
0.991792
0.991913
0.992033
0.992151
0.992267
0.992381
0.992493
0.992604
0.992712
0.992819
0.992924
0.993028
0.993129
0.993229
0.993328
0.993425
0.993520
0.993613
0.993705
0.993796
0.993885
0.993972
0.994058
0.994143
0.994226
0.994308
0.994388
0.994467
0.994545
0.994621
0.994696
0.994769
0.994842
0.994913
0.994983
0.995051
0.995119
0.995185
0.995250
0.995314
0.995377
0.995439
0.995499
0.995559
0.995617
0.995675
0.995731
0.995787
0.995841
0.995894
0.995947
0.995998
0.996049
0.996098
