0.015461
0.036712
0.080570
0.141241
0.192070
0.224207
0.242928
0.255053
0.265192
0.275452
0.278319
0.280325
0.282318
0.284307
0.286291
0.288270
0.290242
0.292208
0.294168
0.296121
0.298069
0.300010
0.301946
0.303875
0.305798
0.307716
0.309627
0.311533
0.313433
0.315328
0.317217
0.319100
0.320978
0.322851
0.324718
0.326579
0.328436
0.330287
0.332133
0.334029
0.335731
0.337415
0.339092
0.340765
0.342433
0.344097
0.345756
0.347412
0.349063
0.350710
0.352353
0.353991
0.355626
0.357256
0.358882
0.360504
0.362121
0.363735
0.365344
0.366950
0.368551
0.370148
0.371741
0.373330
0.374915
0.376496
0.378073
0.379646
0.381215
0.382780
0.384341
0.385898
0.387451
0.389000
0.390545
0.392086
0.393624
0.395157
0.396686
0.398212
0.399734
0.401251
0.402765
0.404275
0.405781
0.407284
0.408782
0.410277
0.411768
0.413255
0.414738
0.416218
0.417694
0.419166
0.420634
0.422099
0.423559
0.425016
0.426470
0.427920
0.429366
0.430808
0.432246
0.433681
0.435113
0.436540
0.437964
0.439385
0.440802
0.442215
0.443624
0.445030
0.446433
0.447832
0.449227
0.450619
0.452007
0.453391
0.454772
0.456150
0.457524
0.458895
0.460262
0.461625
0.462986
0.464342
0.465696
0.467045
0.468392
0.469735
0.471074
0.472410
0.473743
0.475072
0.476398
0.477721
0.479040
0.480356
0.481668
0.482977
0.484283
0.485586
0.486885
0.488181
0.489473
0.490762
0.492048
0.493331
0.494610
0.495887
0.497160
0.498429
0.499696
0.500959
0.502219
0.503476
0.504729
0.505980
0.507227
0.508471
0.509712
0.510950
0.512184
0.513416
0.514644
0.515869
0.517091
0.518310
0.519526
0.520739
0.521949
0.523155
0.524359
0.525559
0.526757
0.527951
0.529143
0.530331
0.531516
0.532698
0.533878
0.535054
0.536227
0.537398
0.538565
0.539729
0.540891
0.542049
0.543205
0.544357
0.545507
0.546653
0.547797
0.548938
0.550076
0.551211
0.552343
0.553473
0.554599
0.555723
0.556843
0.557961
0.559076
0.560189
0.561298
0.562405
0.563508
0.564609
0.565707
0.566803
0.567895
0.568985
0.570072
0.571157
0.572238
0.573317
0.574393
0.575466
0.576537
0.577605
0.578670
0.579732
0.580792
0.581849
0.582903
0.583955
0.585004
0.586051
0.587094
0.588135
0.589174
0.590210
0.591243
0.592273
0.593301
0.594327
0.595349
0.596370
0.597387
0.598402
0.599415
0.600424
0.601432
0.602436
0.603439
0.604438
0.605435
0.606430
0.607422
0.608412
0.609399
0.610383
0.611365
0.612345
0.613322
0.614297
0.615269
0.616238
0.617206
0.618171
0.619133
0.620093
0.621050
0.622005
0.622958
0.623908
0.624856
0.625802
0.626745
0.627686
0.628624
0.629560
0.630493
0.631425
0.632354
0.633280
0.634204
0.635126
0.636046
0.636963
0.637878
0.638791
0.639701
0.640609
0.641515
0.642418
0.643319
0.644218
0.645115
0.646009
0.646902
0.647791
0.648679
0.649565
0.650448
0.651329
0.652208
0.653084
0.653959
0.654831
0.655701
0.656569
0.657434
0.658298
0.659159
0.660018
0.660875
0.661730
0.662583
0.663433
0.664282
0.665128
0.665972
0.666814
0.667654
0.668492
0.669328
0.670162
0.670993
0.671823
0.672650
0.673476
0.674299
0.675120
0.675939
0.676757
0.677572
0.678385
0.679196
0.680005
0.680812
0.681617
0.682421
0.683222
0.684021
0.684818
0.685613
0.686406
0.687197
0.687987
0.688774
0.689559
0.690343
0.691124
0.691904
0.692681
0.693457
0.694231
0.695003
0.695773
0.696541
0.697307
0.698071
0.698834
0.699594
0.700353
0.701110
0.701864
0.702618
0.703369
0.704118
0.704866
0.705611
0.706355
0.707097
0.707838
0.708576
0.709313
0.710048
0.710781
0.711512
0.712242
0.712969
0.713695
0.714419
0.715142
0.715863
0.716582
0.717299
0.718014
0.718728
0.719440
0.720150
0.720859
0.721566
0.722271
0.722974
0.723676
0.724376
0.725074
0.725771
0.726466
0.727159
0.727851
0.728541
0.729230
0.729916
0.730602
0.731285
0.731967
0.732647
0.733326
0.734003
0.734678
0.735352
0.736024
0.736695
0.737364
0.738031
0.738697
0.739361
0.740024
0.740685
0.741345
0.742003
0.742659
0.743314
0.743968
0.744620
0.745270
0.745919
0.746566
0.747212
0.747857
0.748500
0.749141
0.749781
0.750419
0.751056
0.751692
0.752326
0.752958
0.753589
0.754219
0.754847
0.755474
0.756099
0.756723
0.757346
0.757967
0.758586
0.759205
0.759822
0.760437
0.761051
0.761664
0.762275
0.762885
0.763494
0.764101
0.764707
0.765311
0.765914
0.766516
0.767116
0.767716
0.768313
0.768910
0.769505
0.770099
0.770691
0.771283
0.771873
0.772461
0.773049
0.773635
0.774220
0.774803
0.775385
0.775966
0.776546
0.777125
0.777702
0.778278
0.778853
0.779426
0.779999
0.780570
0.781140
0.781708
0.782276
0.782842
0.783407
0.783971
0.784534
0.785095
0.785656
0.786215
0.786773
0.787330
0.787886
0.788440
0.788994
0.789546
0.790097
0.790647
0.791196
0.791744
0.792291
0.792837
0.793381
0.793925
0.794467
0.795008
0.795548
0.796087
0.796625
0.797162
0.797698
0.798233
0.798767
0.799300
0.799831
0.800362
0.800892
0.801420
0.801948
0.802474
0.803000
0.803524
0.804048
0.804571
0.805092
0.805613
0.806132
0.806651
0.807169
0.807685
0.808201
0.808716
0.809230
0.809743
0.810255
0.810766
0.811276
0.811785
0.812293
0.812800
0.813307
0.813812
0.814317
0.814821
0.815323
0.815825
0.816326
0.816827
0.817326
0.817824
0.818322
0.818819
0.819314
0.819809
0.820304
0.820797
0.821289
0.821781
0.822272
0.822762
0.823251
0.823740
0.824227
0.824714
0.825200
0.825685
0.826170
0.826653
0.827136
0.827618
0.828099
0.828580
0.829060
0.829539
0.830017
0.830495
0.830971
0.831447
0.831923
0.832397
0.832871
0.833344
0.833817
0.834288
0.834759
0.835230
0.835699
0.836168
0.836636
0.837104
0.837571
0.838037
0.838503
0.838967
0.839432
0.839895
0.840358
0.840820
0.841282
0.841743
0.842203
0.842663
