0.052298
0.115073
0.188996
0.284833
0.374767
0.282073
0.243739
0.255941
0.267735
0.278863
0.289451
0.299579
0.309343
0.318875
0.328330
0.337920
0.348131
0.359391
0.365929
0.369705
0.373424
0.377183
0.380984
0.384826
0.388710
0.392634
0.396599
0.400604
0.404650
0.408737
0.412863
0.417030
0.421235
0.425481
0.429765
0.434087
0.438448
0.442846
0.447282
0.451871
0.456196
0.460578
0.465000
0.469461
0.473959
0.478495
0.483066
0.487672
0.492312
0.496984
0.501688
0.506423
0.511188
0.515981
0.520801
0.525647
0.530519
0.535414
0.540331
0.545270
0.550229
0.555207
0.560202
0.565213
0.570238
0.575277
0.580328
0.585389
0.590459
0.595537
0.600620
0.605709
0.610800
0.615894
0.620987
0.626079
0.631169
0.636254
0.641333
0.646406
0.651469
0.656522
0.661564
0.666593
0.671607
0.676606
0.681587
0.686549
0.691491
0.696412
0.701309
0.706183
0.711031
0.715853
0.720646
0.725410
0.730144
0.734846
0.739515
0.744150
0.748751
0.753315
0.757842
0.762331
0.766781
0.771191
0.775559
0.779886
0.784171
0.788412
0.792608
0.796760
0.800866
0.804925
0.808938
0.812903
0.816820
0.820688
0.824507
0.828277
0.831996
0.835666
0.839284
0.842852
0.846368
0.849832
0.853245
0.856606
0.859915
0.863172
0.866377
0.869529
0.872629
0.875677
0.878673
0.881616
0.884508
0.887348
0.890136
0.892872
0.895557
0.898192
0.900775
0.903308
0.905791
0.908224
0.910607
0.912942
0.915227
0.917465
0.919654
0.921796
0.923892
0.925941
0.927943
0.929901
0.931813
0.933682
0.935506
0.937287
0.939026
0.940722
0.942377
0.943991
0.945564
0.947098
0.948593
0.950049
0.951468
0.952849
0.954193
0.955502
0.956776
0.958014
0.959219
0.960390
0.961529
0.962635
0.963710
0.964754
0.965768
0.966752
0.967707
0.968634
0.969533
0.970405
0.971251
0.972071
0.972865
0.973634
0.974380
0.975102
0.975801
0.976477
0.977132
0.977765
0.978378
0.978970
0.979543
0.980096
0.980631
0.981147
0.981646
0.982128
0.982593
0.983042
0.983475
0.983893
0.984296
0.984685
0.985059
0.985420
0.985768
0.986103
0.986425
0.986736
0.987035
0.987323
0.987599
0.987866
0.988122
0.988368
0.988605
0.988832
0.989051
0.989261
0.989462
0.989656
0.989842
0.990020
0.990191
0.990355
0.990512
0.990663
0.990808
0.990946
0.991079
0.991206
0.991328
0.991445
0.991557
0.991663
0.991766
0.991863
0.991957
0.992046
0.992132
0.992214
0.992292
0.992366
0.992437
0.992505
0.992570
0.992632
0.992691
0.992748
0.992802
0.992853
0.992902
0.992948
0.992993
0.993035
0.993075
0.993114
0.993150
0.993185
0.993218
0.993250
0.993280
0.993308
0.993335
0.993361
0.993386
0.993409
0.993431
0.993452
0.993472
0.993491
0.993509
0.993526
0.993542
0.993557
0.993572
0.993585
0.993598
0.993611
0.993622
0.993634
0.993644
0.993654
0.993663
0.993672
0.993681
0.993689
0.993696
0.993703
0.993710
0.993717
0.993723
0.993728
0.993734
0.993739
0.993743
0.993748
0.993752
0.993756
0.993760
0.993764
0.993767
0.993770
0.993773
0.993776
0.993779
0.993781
0.993784
0.993786
0.993788
0.993790
0.993792
0.993793
0.993795
0.993797
0.993798
0.993799
0.993801
0.993802
0.993803
0.993804
0.993805
0.993806
0.993807
0.993808
0.993808
0.993809
0.993810
0.993811
0.993811
0.993812
0.993812
0.993813
0.993813
0.993814
0.993814
0.993814
0.993815
0.993815
0.993815
0.993816
0.993816
0.993816
0.993816
0.993817
0.993817
0.993817
0.993817
0.993817
0.993817
0.993818
0.993818
0.993818
0.993818
0.993818
0.993818
0.993818
0.993818
0.993818
0.993819
0.993819
0.993819
0.993819
0.993819
0.993819
0.993819
0.993819
0.993819
0.993819
0.993819
0.993819
0.993819
0.993819
0.993819
0.993819
0.993819
0.993819
0.993819
0.993819
0.993819
0.993819
0.993819
0.993819
0.993819
0.993819
0.993819
0.993819
0.993819
0.993819
0.993819
0.993819
0.993819
0.993819
0.993819
0.993819
0.993819
0.993819
0.993819
0.993819
0.993819
0.993819
0.993819
0.993819
0.993819
0.993819
0.993819
0.993819
0.993819
0.993819
0.993819
0.993819
0.993819
0.993819
0.993819
0.993819
0.993819
0.993819
0.993819
0.993819
0.993819
0.993819
0.993819
0.993819
0.993819
0.993819
0.993819
0.993819
0.993819
0.993819
0.993819
0.993819
0.993819
0.993819
0.993819
0.993819
0.993819
0.993819
0.993819
0.993819
0.993819
0.993819
0.993819
0.993819
0.993819
0.993819
0.993819
0.993819
0.993819
0.993819
0.993819
0.993819
0.993819
0.993819
0.993819
0.993819
0.993819
0.993819
0.993819
0.993819
0.993819
0.993819
0.993819
0.993819
0.993819
0.993819
0.993819
0.993819
0.993819
0.993819
0.993819
0.993819
0.993819
0.993819
0.993819
0.993819
0.993819
0.993819
0.993819
0.993819
0.993819
0.993819
0.993819
0.993819
0.993819
0.993819
0.993819
0.993819
0.993819
0.993819
0.993819
0.993819
0.993819
0.993819
0.993819
0.993819
0.993819
0.993819
0.993819
0.993819
0.993819
0.993819
0.993819
0.993819
0.993819
0.993819
0.993819
0.993819
0.993819
0.993819
0.993819
0.993819
0.993819
0.993819
0.993819
0.993819
0.993819
0.993819
0.993819
0.993819
0.993819
0.993819
0.993819
0.993819
0.993819
0.993819
0.993819
0.993819
0.993819
0.993819
0.993819
0.993819
0.993819
0.993819
0.993819
0.993819
0.993819
0.993819
0.993819
0.993819
0.993819
0.993819
0.993819
0.993819
0.993819
0.993819
0.993819
0.993819
0.993819
0.993819
0.993819
0.993819
0.993819
0.993819
0.993819
0.993819
0.993819
0.993819
0.993819
0.993819
0.993819
0.993819
0.993819
0.993819
0.993819
0.993819
0.993819
0.993819
0.993819
0.993819
0.993819
0.993819
0.993819
0.993819
0.993819
0.993819
0.993819
0.993819
0.993819
0.993819
0.993819
0.993819
0.993819
0.993819
0.993819
0.993819
0.993819
0.993819
0.993819
0.993819
0.993819
0.993819
0.993819
0.993819
