0.349777
0.666925
0.717014
0.753135
0.780983
0.803368
0.821919
0.837667
0.851261
0.863144
0.873659
0.883065
0.891555
0.899283
0.906382
0.912972
0.919146
0.924986
0.930604
0.936143
0.941797
0.947964
0.955020
0.959632
0.960457
0.960497
0.960503
0.960508
0.960512
0.960516
0.960520
0.960523
0.960526
0.960529
0.960531
0.960533
0.960535
0.960536
0.960537
0.960539
0.960540
0.960541
0.960541
0.960542
0.960543
0.960543
0.960544
0.960544
0.960544
0.960545
0.960545
0.960545
0.960545
0.960546
0.960546
0.960546
0.960546
0.960546
0.960546
0.960546
0.960546
0.960546
0.960546
0.960546
0.960546
0.960546
0.960546
0.960546
0.960547
0.960547
0.960547
0.960547
0.960547
0.960547
0.960547
0.960547
0.960547
0.960547
0.960547
0.960547
0.960547
0.960547
0.960547
0.960547
0.960547
0.960547
0.960547
0.960547
0.960547
0.960547
0.960547
0.960547
0.960547
0.960547
0.960547
0.960547
0.960547
0.960547
0.960547
0.960547
0.960547
0.960547
0.960547
0.960547
0.960547
0.960547
0.960547
0.960547
0.960547
0.960547
0.960547
0.960547
0.960547
0.960547
0.960547
0.960547
0.960547
0.960547
0.960547
0.960547
0.960547
0.960547
0.960547
0.960547
0.960547
0.960547
0.960547
0.960547
0.960547
0.960547
0.960547
0.960547
0.960547
0.960547
0.960547
0.960547
0.960547
0.960547
0.960547
0.960547
0.960547
0.960547
0.960547
0.960547
0.960547
0.960547
0.960547
0.960547
0.960547
0.960547
0.960547
0.960547
0.960547
0.960547
0.960547
0.960547
0.960547
0.960547
0.960547
0.960547
0.960547
0.960547
0.960547
0.960547
0.960547
0.960547
0.960547
0.960547
0.960547
0.960547
0.960547
0.960547
0.960547
0.960547
0.960547
0.960547
0.960547
0.960547
0.960547
0.960547
0.960547
0.960547
0.960547
0.960547
0.960547
0.960547
0.960547
0.960547
0.960547
0.960547
0.960547
0.960547
0.960547
0.960547
0.960547
0.960547
0.960547
0.960547
0.960547
0.960547
0.960547
0.960547
0.960547
0.960547
0.960547
0.960547
0.960547
0.960547
0.960547
0.960547
0.960547
0.960547
0.960547
0.960547
0.960547
0.960547
0.960547
0.960547
0.960547
0.960547
0.960547
0.960547
0.960547
0.960547
0.960547
0.960547
0.960547
0.960547
0.960547
0.960547
0.960547
0.960547
0.960547
0.960547
0.960547
0.960547
0.960547
0.960547
0.960547
0.960547
0.960547
0.960547
0.960547
0.960547
0.960547
0.960547
0.960547
0.960547
0.960547
0.960547
0.960547
0.960547
0.960547
0.960547
0.960547
0.960547
0.960547
0.960547
0.960547
0.960547
0.960547
0.960547
0.960547
0.960547
0.960547
0.960547
0.960547
0.960547
0.960547
0.960547
0.960547
0.960547
0.960547
0.960547
0.960547
0.960547
0.960547
0.960547
0.960547
0.960547
0.960547
0.960547
0.960547
0.960547
0.960547
0.960547
0.960547
0.960547
0.960547
0.960547
0.960547
0.960547
0.960547
0.960547
0.960547
0.960547
0.960547
0.960547
0.960547
0.960547
0.960547
0.960547
0.960547
0.960547
0.960547
0.960547
0.960547
0.960547
0.960547
0.960547
0.960547
0.960547
0.960547
0.960547
0.960547
0.960547
0.960547
0.960547
0.960547
0.960547
0.960547
0.960547
0.960547
0.960547
0.960547
0.960547
0.960547
0.960547
0.960547
0.960547
0.960547
0.960547
0.960547
0.960547
0.960547
0.960547
0.960547
0.960547
0.960547
0.960547
0.960547
0.960547
0.960547
0.960547
0.960547
0.960547
0.960547
0.960547
0.960547
0.960547
0.960547
0.960547
0.960547
0.960547
0.960547
0.960547
0.960547
0.960547
0.960547
0.960547
0.960547
0.960547
0.960547
0.960547
0.960547
0.960547
0.960547
0.960547
0.960547
0.960547
0.960547
0.960547
0.960547
0.960547
0.960547
0.960547
0.960547
0.960547
0.960547
0.960547
0.960547
0.960547
0.960547
0.960547
0.960547
0.960547
0.960547
0.960547
0.960547
0.960547
0.960547
0.960547
0.960547
0.960547
0.960547
0.960547
0.960547
0.960547
0.960547
0.960547
0.960547
0.960547
0.960547
0.960547
0.960547
0.960547
0.960547
0.960547
0.960547
0.960547
0.960547
0.960547
0.960547
0.960547
0.960547
0.960547
0.960547
0.960547
0.960547
0.960547
0.960547
0.960547
0.960547
0.960547
0.960547
0.960547
0.960547
0.960547
0.960547
0.960547
0.960547
0.960547
0.960547
0.960547
0.960547
0.960547
0.960547
0.960547
0.960547
0.960547
0.960547
0.960547
0.960547
0.960547
0.960547
0.960547
0.960547
0.960547
0.960547
0.960547
0.960547
0.960547
0.960547
0.960547
0.960547
0.960547
0.960547
0.960547
0.960547
0.960547
0.960547
0.960547
0.960547
0.960547
0.960547
0.960547
0.960547
0.960547
0.960547
0.960547
0.960547
0.960547
0.960547
0.960547
0.960547
0.960547
0.960547
0.960547
0.960547
0.960547
0.960547
0.960547
0.960547
0.960547
0.960547
0.960547
0.960547
0.960547
0.960547
0.960547
0.960547
0.960547
0.960547
0.960547
0.960547
0.960547
0.960547
0.960547
0.960547
0.960547
0.960547
0.960547
0.960547
0.960547
0.960547
0.960547
0.960547
0.960547
0.960547
0.960547
0.960547
0.960547
0.960547
0.960547
0.960547
0.960547
0.960547
0.960547
0.960547
0.960547
0.960547
0.960547
0.960547
0.960547
0.960547
0.960547
0.960547
0.960547
0.960547
0.960547
0.960547
0.960547
0.960547
0.960547
0.960547
0.960547
0.960547
0.960547
0.960547
0.960547
0.960547
0.960547
0.960547
0.960547
0.960547
0.960547
0.960547
0.960547
0.960547
0.960547
0.960547
0.960547
0.960547
0.960547
0.960547
0.960547
0.960547
0.960547
0.960547
0.960547
0.960547
0.960547
0.960547
0.960547
0.960547
0.960547
0.960547
0.960547
0.960547
0.960547
0.960547
0.960547
0.960547
0.960547
0.960547
0.960547
0.960547
0.960547
0.960547
0.960547
0.960547
0.960547
0.960547
0.960547
0.960547
0.960547
0.960547
0.960547
0.960547
0.960547
0.960547
0.960547
0.960547
0.960547
0.960547
0.960547
0.960547
0.960547
0.960547
0.960547
