0.017369
0.041151
0.087703
0.147740
0.194861
0.223179
0.239358
0.250044
0.258882
0.267793
0.277875
0.281125
0.283114
0.285101
0.287082
0.289057
0.291026
0.292989
0.294946
0.296896
0.298840
0.300778
0.302710
0.304636
0.306556
0.308470
0.310378
0.312281
0.314177
0.316068
0.317954
0.319833
0.321708
0.323577
0.325440
0.327298
0.329151
0.330998
0.332840
0.334731
0.336427
0.338107
0.339780
0.341449
0.343113
0.344774
0.346429
0.348081
0.349729
0.351372
0.353011
0.354646
0.356276
0.357903
0.359525
0.361143
0.362757
0.364367
0.365973
0.367575
0.369172
0.370766
0.372355
0.373941
0.375522
0.377099
0.378673
0.380242
0.381807
0.383369
0.384926
0.386480
0.388029
0.389575
0.391116
0.392654
0.394188
0.395717
0.397243
0.398765
0.400283
0.401798
0.403308
0.404815
0.406318
0.407816
0.409312
0.410803
0.412290
0.413774
0.415254
0.416730
0.418203
0.419671
0.421136
0.422597
0.424055
0.425509
0.426959
0.428405
0.429848
0.431287
0.432722
0.434154
0.435582
0.437006
0.438427
0.439844
0.441258
0.442668
0.444074
0.445477
0.446876
0.448272
0.449664
0.451052
0.452437
0.453819
0.455197
0.456571
0.457942
0.459310
0.460674
0.462034
0.463391
0.464745
0.466095
0.467442
0.468785
0.470125
0.471461
0.472795
0.474124
0.475451
0.476774
0.478093
0.479409
0.480722
0.482032
0.483338
0.484641
0.485940
0.487237
0.488530
0.489819
0.491106
0.492389
0.493669
0.494945
0.496219
0.497489
0.498756
0.500019
0.501280
0.502537
0.503791
0.505042
0.506290
0.507534
0.508776
0.510014
0.511249
0.512481
0.513710
0.514935
0.516158
0.517377
0.518594
0.519807
0.521017
0.522224
0.523429
0.524630
0.525828
0.527022
0.528214
0.529403
0.530589
0.531772
0.532952
0.534129
0.535303
0.536473
0.537641
0.538806
0.539968
0.541127
0.542284
0.543437
0.544587
0.545734
0.546879
0.548021
0.549159
0.550295
0.551428
0.552558
0.553685
0.554810
0.555931
0.557050
0.558166
0.559279
0.560389
0.561496
0.562601
0.563703
0.564802
0.565898
0.566991
0.568082
0.569170
0.570255
0.571338
0.572417
0.573494
0.574569
0.575640
0.576709
0.577775
0.578839
0.579900
0.580958
0.582013
0.583066
0.584116
0.585164
0.586209
0.587251
0.588291
0.589328
0.590362
0.591394
0.592423
0.593450
0.594474
0.595496
0.596514
0.597531
0.598545
0.599556
0.600565
0.601571
0.602575
0.603576
0.604575
0.605571
0.606564
0.607556
0.608544
0.609531
0.610514
0.611496
0.612475
0.613451
0.614425
0.615397
0.616366
0.617332
0.618297
0.619259
0.620218
0.621175
0.622130
0.623082
0.624032
0.624980
0.625925
0.626868
0.627809
0.628747
0.629683
0.630617
0.631548
0.632477
0.633404
0.634328
0.635250
0.636170
0.637088
0.638003
0.638916
0.639827
0.640735
0.641642
0.642546
0.643448
0.644347
0.645245
0.646140
0.647033
0.647924
0.648812
0.649699
0.650583
0.651465
0.652345
0.653223
0.654099
0.654972
0.655844
0.656713
0.657580
0.658445
0.659308
0.660169
0.661028
0.661885
0.662739
0.663592
0.664442
0.665291
0.666137
0.666981
0.667824
0.668664
0.669502
0.670338
0.671172
0.672005
0.672835
0.673663
0.674489
0.675314
0.676136
0.676956
0.677774
0.678591
0.679405
0.680218
0.681028
0.681837
0.682644
0.683448
0.684251
0.685052
0.685852
0.686649
0.687444
0.688238
0.689029
0.689819
0.690607
0.691393
0.692177
0.692959
0.693740
0.694519
0.695296
0.696071
0.696844
0.697615
0.698385
0.699153
0.699919
0.700684
0.701446
0.702207
0.702966
0.703724
0.704479
0.705233
0.705985
0.706736
0.707484
0.708231
0.708977
0.709720
0.710462
0.711203
0.711941
0.712678
0.713414
0.714147
0.714879
0.715610
0.716338
0.717066
0.717791
0.718515
0.719237
0.719958
0.720677
0.721394
0.722110
0.722825
0.723537
0.724249
0.724958
0.725666
0.726373
0.727078
0.727781
0.728483
0.729184
0.729883
0.730580
0.731276
0.731971
0.732664
0.733355
0.734045
0.734734
0.735421
0.736107
0.736791
0.737474
0.738155
0.738835
0.739513
0.740191
0.740866
0.741541
0.742214
0.742885
0.743555
0.744224
0.744891
0.745557
0.746222
0.746885
0.747548
0.748208
0.748868
0.749526
0.750182
0.750838
0.751492
0.752145
0.752796
0.753446
0.754095
0.754743
0.755390
0.756035
0.756679
0.757321
0.757963
0.758603
0.759242
0.759880
0.760517
0.761152
0.761786
0.762419
0.763051
0.763682
0.764311
0.764939
0.765566
0.766192
0.766817
0.767441
0.768063
0.768685
0.769305
0.769924
0.770543
0.771160
0.771775
0.772390
0.773004
0.773617
0.774228
0.774839
0.775448
0.776057
0.776664
0.777270
0.777876
0.778480
0.779083
0.779685
0.780287
0.780887
0.781486
0.782084
0.782682
0.783278
0.783873
0.784467
0.785061
0.785653
0.786245
0.786835
0.787425
0.788014
0.788602
0.789188
0.789774
0.790359
0.790944
0.791527
0.792109
0.792691
0.793271
0.793851
0.794430
0.795008
0.795585
0.796162
0.796737
0.797312
0.797886
0.798459
0.799031
0.799602
0.800173
0.800743
0.801312
0.801880
0.802448
0.803014
0.803580
0.804145
0.804710
0.805274
0.805836
0.806399
0.806960
0.807521
0.808081
0.808640
0.809199
0.809756
0.810314
0.810870
0.811426
0.811981
0.812535
0.813089
0.813642
0.814194
0.814746
0.815297
0.815848
0.816397
0.816947
0.817495
0.818043
0.818590
0.819137
0.819683
0.820228
0.820773
0.821317
0.821861
0.822404
0.822946
0.823488
0.824029
0.824570
0.825110
0.825650
0.826189
0.826727
0.827265
0.827802
0.828339
0.828875
0.829411
0.829946
0.830481
0.831015
0.831549
0.832082
0.832614
0.833147
0.833678
0.834209
0.834740
0.835270
0.835800
0.836329
0.836857
0.837386
0.837913
0.838441
0.838967
0.839494
0.840020
0.840545
0.841070
0.841595
0.842119
0.842642
0.843165
0.843688
0.844211
0.844732
0.845254
0.845775
0.846296
0.846816
0.847336
0.847855
0.848374
0.848892
0.849411
0.849928
