0.035175
0.128446
0.191858
0.222282
0.237995
0.248480
0.257403
0.266581
0.276457
0.279007
0.281015
0.283015
0.285009
0.286996
0.288977
0.290952
0.292920
0.294882
0.296838
0.298788
0.300732
0.302670
0.304602
0.306527
0.308447
0.310361
0.312270
0.314172
0.316069
0.317960
0.319846
0.321726
0.323601
0.325470
0.327334
0.329193
0.331046
0.332894
0.334737
0.336634
0.338338
0.340021
0.341696
0.343367
0.345033
0.346695
0.348353
0.350006
0.351655
0.353300
0.354941
0.356577
0.358209
0.359837
0.361461
0.363081
0.364697
0.366308
0.367916
0.369519
0.371118
0.372713
0.374304
0.375891
0.377474
0.379053
0.380628
0.382198
0.383765
0.385328
0.386887
0.388441
0.389992
0.391539
0.393082
0.394621
0.396156
0.397687
0.399215
0.400738
0.402257
0.403773
0.405285
0.406792
0.408296
0.409797
0.411293
0.412785
0.414274
0.415759
0.417240
0.418718
0.420191
0.421661
0.423127
0.424589
0.426048
0.427503
0.428954
0.430401
0.431845
0.433285
0.434721
0.436154
0.437583
0.439009
0.440430
0.441849
0.443263
0.444674
0.446081
0.447485
0.448885
0.450282
0.451675
0.453064
0.454450
0.455833
0.457211
0.458587
0.459959
0.461327
0.462692
0.464053
0.465411
0.466765
0.468116
0.469464
0.470808
0.472149
0.473486
0.474820
0.476150
0.477477
0.478801
0.480121
0.481438
0.482752
0.484062
0.485369
0.486672
0.487972
0.489269
0.490563
0.491853
0.493140
0.494424
0.495704
0.496981
0.498255
0.499526
0.500793
0.502057
0.503318
0.504576
0.505831
0.507082
0.508330
0.509575
0.510817
0.512055
0.513291
0.514523
0.515752
0.516978
0.518201
0.519421
0.520638
0.521851
0.523062
0.524269
0.525474
0.526675
0.527873
0.529068
0.530260
0.531449
0.532635
0.533818
0.534998
0.536175
0.537349
0.538520
0.539688
0.540853
0.542015
0.543175
0.544331
0.545484
0.546634
0.547781
0.548926
0.550067
0.551206
0.552342
0.553474
0.554604
0.555731
0.556855
0.557977
0.559095
0.560211
0.561323
0.562433
0.563540
0.564644
0.565746
0.566844
0.567940
0.569033
0.570123
0.571211
0.572296
0.573378
0.574457
0.575533
0.576607
0.577678
0.578746
0.579811
0.580874
0.581934
0.582992
0.584046
0.585098
0.586147
0.587194
0.588238
0.589279
0.590318
0.591354
0.592387
0.593418
0.594446
0.595472
0.596494
0.597515
0.598532
0.599547
0.600560
0.601570
0.602577
0.603582
0.604584
0.605584
0.606581
0.607575
0.608567
0.609557
0.610544
0.611528
0.612510
0.613490
0.614467
0.615441
0.616413
0.617383
0.618350
0.619314
0.620276
0.621236
0.622193
0.623148
0.624101
0.625050
0.625998
0.626943
0.627886
0.628826
0.629764
0.630699
0.631633
0.632563
0.633492
0.634418
0.635341
0.636263
0.637182
0.638098
0.639013
0.639924
0.640834
0.641741
0.642646
0.643549
0.644449
0.645348
0.646243
0.647137
0.648028
0.648917
0.649804
0.650688
0.651571
0.652451
0.653328
0.654204
0.655077
0.655948
0.656817
0.657683
0.658548
0.659410
0.660270
0.661128
0.661983
0.662837
0.663688
0.664537
0.665384
0.666229
0.667072
0.667912
0.668750
0.669587
0.670421
0.671253
0.672083
0.672910
0.673736
0.674559
0.675381
0.676200
0.677017
0.677833
0.678646
0.679457
0.680266
0.681073
0.681877
0.682680
0.683481
0.684280
0.685076
0.685871
0.686664
0.687454
0.688243
0.689029
0.689814
0.690597
0.691377
0.692156
0.692932
0.693707
0.694480
0.695250
0.696019
0.696786
0.697551
0.698314
0.699075
0.699834
0.700591
0.701346
0.702099
0.702850
0.703600
0.704347
0.705093
0.705836
0.706578
0.707318
0.708056
0.708792
0.709527
0.710259
0.710989
0.711718
0.712445
0.713170
0.713893
0.714614
0.715334
0.716051
0.716767
0.717481
0.718193
0.718904
0.719612
0.720319
0.721024
0.721727
0.722428
0.723128
0.723826
0.724522
0.725216
0.725908
0.726599
0.727288
0.727975
0.728661
0.729344
0.730026
0.730706
0.731385
0.732062
0.732737
0.733410
0.734082
0.734752
0.735420
0.736086
0.736751
0.737414
0.738076
0.738735
0.739393
0.740050
0.740704
0.741357
0.742009
0.742659
0.743307
0.743953
0.744598
0.745241
0.745883
0.746522
0.747161
0.747797
0.748432
0.749066
0.749697
0.750328
0.750956
0.751583
0.752209
0.752832
0.753455
0.754075
0.754694
0.755312
0.755928
0.756542
0.757155
0.757766
0.758375
0.758984
0.759590
0.760195
0.760799
0.761401
0.762001
0.762600
0.763197
0.763793
0.764387
0.764980
0.765571
0.766161
0.766750
0.767336
0.767922
0.768506
0.769088
0.769669
0.770248
0.770826
0.771403
0.771978
0.772551
0.773123
0.773694
0.774263
0.774831
0.775397
0.775962
0.776525
0.777087
0.777648
0.778207
0.778764
0.779321
0.779876
0.780429
0.780981
0.781532
0.782081
0.782629
0.783175
0.783720
0.784264
0.784806
0.785347
0.785887
0.786425
0.786962
0.787498
0.788032
0.788564
0.789096
0.789626
0.790155
0.790682
0.791208
0.791733
0.792256
0.792778
0.793299
0.793818
0.794336
0.794853
0.795369
0.795883
0.796396
0.796907
0.797417
0.797926
0.798434
0.798940
0.799445
0.799949
0.800452
0.800953
0.801453
0.801952
0.802449
0.802946
0.803440
0.803934
0.804427
0.804918
0.805408
0.805897
0.806384
0.806870
0.807355
0.807839
0.808322
0.808803
0.809283
0.809762
0.810240
0.810716
0.811192
0.811666
0.812139
0.812610
0.813081
0.813550
0.814018
0.814485
0.814951
0.815416
0.815879
0.816341
0.816803
0.817263
0.817721
0.818179
0.818635
0.819091
0.819545
0.819998
0.820450
0.820901
0.821350
0.821799
0.822246
0.822692
0.823137
0.823581
0.824024
0.824466
0.824907
0.825346
0.825785
0.826222
0.826658
0.827093
0.827527
0.827960
0.828392
0.828823
0.829253
0.829681
0.830109
0.830535
0.830961
0.831385
0.831808
0.832230
0.832652
0.833072
0.833491
0.833909
0.834326
0.834742
0.835156
0.835570
0.835983
0.836395
0.836806
0.837215
0.837624
0.838032
0.838438
0.838844
