0.012729
0.026983
0.041594
0.056879
0.073766
0.095418
0.127100
0.169390
0.207030
0.238087
0.258563
0.269591
0.274790
0.277399
0.279265
0.281091
0.283009
0.284977
0.286952
0.288920
0.290883
0.292839
0.294789
0.296734
0.298672
0.300605
0.302532
0.304453
0.306369
0.308279
0.310183
0.312082
0.313976
0.315864
0.317746
0.319624
0.321496
0.323363
0.325224
0.327132
0.328842
0.330538
0.332228
0.333914
0.335596
0.337273
0.338946
0.340615
0.342279
0.343940
0.345596
0.347248
0.348895
0.350539
0.352178
0.353813
0.355444
0.357071
0.358694
0.360312
0.361927
0.363537
0.365143
0.366746
0.368344
0.369938
0.371528
0.373114
0.374696
0.376274
0.377848
0.379418
0.380984
0.382546
0.384105
0.385659
0.387209
0.388756
0.390298
0.391837
0.393371
0.394902
0.396429
0.397952
0.399472
0.400987
0.402499
0.404007
0.405511
0.407011
0.408507
0.410000
0.411489
0.412974
0.414456
0.415934
0.417408
0.418878
0.420345
0.421808
0.423267
0.424723
0.426175
0.427623
0.429068
0.430509
0.431946
0.433380
0.434810
0.436237
0.437660
0.439080
0.440496
0.441909
0.443318
0.444723
0.446125
0.447524
0.448919
0.450310
0.451698
0.453083
0.454464
0.455842
0.457216
0.458587
0.459955
0.461319
0.462680
0.464037
0.465391
0.466742
0.468089
0.469433
0.470774
0.472111
0.473445
0.474776
0.476104
0.477428
0.478749
0.480067
0.481381
0.482693
0.484001
0.485306
0.486608
0.487906
0.489201
0.490494
0.491783
0.493068
0.494351
0.495631
0.496907
0.498181
0.499451
0.500718
0.501982
0.503243
0.504502
0.505757
0.507008
0.508257
0.509503
0.510746
0.511986
0.513223
0.514457
0.515688
0.516916
0.518141
0.519363
0.520583
0.521799
0.523012
0.524223
0.525430
0.526635
0.527837
0.529036
0.530232
0.531426
0.532616
0.533804
0.534989
0.536171
0.537350
0.538527
0.539701
0.540872
0.542040
0.543206
0.544369
0.545529
0.546686
0.547841
0.548993
0.550142
0.551289
0.552433
0.553574
0.554713
0.555849
0.556983
0.558114
0.559242
0.560368
0.561491
0.562611
0.563729
0.564845
0.565958
0.567068
0.568176
0.569281
0.570384
0.571485
0.572583
0.573678
0.574771
0.575861
0.576949
0.578035
0.579118
0.580199
0.581277
0.582353
0.583427
0.584498
0.585567
0.586634
0.587698
0.588760
0.589819
0.590876
0.591931
0.592984
0.594034
0.595082
0.596128
0.597171
0.598212
0.599251
0.600288
0.601323
0.602355
0.603385
0.604413
0.605439
0.606462
0.607484
0.608503
0.609520
0.610535
0.611548
0.612558
0.613567
0.614573
0.615578
0.616580
0.617580
0.618578
0.619575
0.620569
0.621561
0.622551
0.623539
0.624525
0.625509
0.626491
0.627471
0.628449
0.629425
0.630399
0.631371
0.632341
0.633310
0.634276
0.635240
0.636203
0.637164
0.638123
0.639079
0.640035
0.640988
0.641939
0.642889
0.643836
0.644782
0.645726
0.646669
0.647609
0.648548
0.649485
0.650420
0.651353
0.652285
0.653215
0.654143
0.655070
0.655994
0.656917
0.657839
0.658758
0.659676
0.660593
0.661507
0.662420
0.663332
0.664241
0.665149
0.666056
0.666961
0.667864
0.668766
0.669666
0.670564
0.671461
0.672356
0.673250
0.674142
0.675033
0.675922
0.676810
0.677696
0.678581
0.679464
0.680345
0.681225
0.682104
0.682981
0.683857
0.684731
0.685604
0.686475
0.687345
0.688214
0.689081
0.689947
0.690811
0.691674
0.692536
0.693396
0.694254
0.695112
0.695968
0.696823
0.697676
0.698528
0.699379
0.700228
0.701076
0.701923
0.702769
0.703613
0.704456
0.705297
0.706138
0.706977
0.707815
0.708651
0.709486
0.710321
0.711153
0.711985
0.712816
0.713645
0.714473
0.715300
0.716125
0.716950
0.717773
0.718595
0.719416
0.720236
0.721054
0.721872
0.722688
0.723503
0.724317
0.725130
0.725942
0.726752
0.727562
0.728370
0.729178
0.729984
0.730789
0.731593
0.732396
0.733198
0.733999
0.734799
0.735598
0.736395
0.737192
0.737988
0.738782
0.739576
0.740368
0.741160
0.741950
0.742740
0.743528
0.744316
0.745102
0.745888
0.746672
0.747456
0.748238
0.749020
0.749800
0.750580
0.751358
0.752136
0.752913
0.753689
0.754463
0.755237
0.756010
0.756782
0.757553
0.758324
0.759093
0.759861
0.760628
0.761395
0.762160
0.762925
0.763689
0.764452
0.765213
0.765974
0.766735
0.767494
0.768252
0.769010
0.769766
0.770522
0.771277
0.772031
0.772784
0.773536
0.774287
0.775038
0.775787
0.776536
0.777284
0.778031
0.778777
0.779522
0.780267
0.781010
0.781753
0.782495
0.783236
0.783976
0.784715
0.785454
0.786191
0.786928
0.787664
0.788399
0.789134
0.789867
0.790600
0.791331
0.792062
0.792792
0.793522
0.794250
0.794978
0.795704
0.796430
0.797155
0.797880
0.798603
0.799326
0.800047
0.800768
0.801488
0.802208
0.802926
0.803644
0.804360
0.805076
0.805791
0.806506
0.807219
0.807932
0.808643
0.809354
0.810064
0.810774
0.811482
0.812190
0.812896
0.813602
0.814307
0.815011
0.815714
0.816417
0.817119
0.817819
0.818519
0.819218
0.819916
0.820614
0.821310
0.822006
0.822700
0.823394
0.824087
0.824779
0.825470
0.826161
0.826850
0.827539
0.828226
0.828913
0.829599
0.830284
0.830968
0.831651
0.832334
0.833015
0.833696
0.834375
0.835054
0.835732
0.836408
0.837084
0.837759
0.838433
0.839106
0.839779
0.840450
0.841120
0.841789
0.842458
0.843125
0.843792
0.844457
0.845122
0.845785
0.846448
0.847110
0.847770
0.848430
0.849089
0.849746
0.850403
0.851059
0.851713
0.852367
0.853019
0.853671
0.854322
0.854971
0.855620
0.856267
0.856914
0.857559
0.858203
0.858847
0.859489
0.860130
0.860770
0.861409
0.862047
0.862684
0.863319
0.863954
0.864588
0.865220
0.865851
0.866482
0.867111
0.867739
0.868365
0.868991
0.869616
0.870239
0.870861
0.871482
0.872102
0.872721
0.873338
0.873955
0.874570
0.875184
0.875797
0.876408
0.877019
0.877628
0.878236
0.878843
0.879448
0.880052
