0.032599
0.070246
0.113459
0.163321
0.200623
0.215242
0.219387
0.224486
0.232362
0.240972
0.249290
0.257381
0.265419
0.273669
0.283087
0.290967
0.293420
0.295364
0.297301
0.299233
0.301158
0.303079
0.304993
0.306902
0.308805
0.310703
0.312596
0.314483
0.316365
0.318242
0.320113
0.321980
0.323841
0.325698
0.327550
0.329398
0.331240
0.333079
0.334912
0.336776
0.338440
0.340105
0.341769
0.343429
0.345086
0.346739
0.348389
0.350036
0.351680
0.353321
0.354958
0.356592
0.358223
0.359852
0.361477
0.363099
0.364718
0.366335
0.367948
0.369559
0.371167
0.372772
0.374374
0.375974
0.377571
0.379166
0.380758
0.382347
0.383934
0.385519
0.387101
0.388680
0.390257
0.391832
0.393405
0.394975
0.396543
0.398109
0.399673
0.401235
0.402795
0.404352
0.405908
0.407461
0.409013
0.410563
0.412111
0.413657
0.415202
0.416744
0.418285
0.419825
0.421362
0.422898
0.424433
0.425966
0.427498
0.429028
0.430557
0.432084
0.433610
0.435135
0.436659
0.438181
0.439703
0.441223
0.442742
0.444260
0.445777
0.447293
0.448809
0.450323
0.451836
0.453349
0.454861
0.456372
0.457883
0.459393
0.460902
0.462410
0.463919
0.465426
0.466933
0.468440
0.469947
0.471453
0.472958
0.474464
0.475969
0.477474
0.478979
0.480484
0.481989
0.483493
0.484998
0.486502
0.488007
0.489512
0.491017
0.492522
0.494028
0.495533
0.497039
0.498545
0.500052
0.501559
0.503066
0.504574
0.506082
0.507591
0.509100
0.510610
0.512120
0.513631
0.515143
0.516656
0.518169
0.519683
0.521198
0.522713
0.524230
0.525747
0.527266
0.528785
0.530305
0.531826
0.533348
0.534871
0.536396
0.537921
0.539448
0.540975
0.542504
0.544034
0.545565
0.547098
0.548632
0.550167
0.551703
0.553241
0.554779
0.556320
0.557862
0.559405
0.560949
0.562495
0.564042
0.565591
0.567142
0.568693
0.570247
0.571802
0.573358
0.574916
0.576475
0.578036
0.579599
0.581163
0.582729
0.584297
0.585866
0.587436
0.589008
0.590582
0.592158
0.593735
0.595314
0.596894
0.598476
0.600060
0.601645
0.603232
0.604821
0.606411
0.608003
0.609597
0.611192
0.612789
0.614387
0.615987
0.617589
0.619192
0.620797
0.622404
0.624012
0.625621
0.627232
0.628845
0.630459
0.632075
0.633692
0.635311
0.636931
0.638553
0.640176
0.641800
0.643426
0.645053
0.646682
0.648311
0.649943
0.651575
0.653209
0.654844
0.656480
0.658117
0.659756
0.661395
0.663036
0.664678
0.666320
0.667964
0.669609
0.671255
0.672901
0.674549
0.676197
0.677846
0.679496
0.681147
0.682798
0.684450
0.686102
0.687755
0.689409
0.691063
0.692717
0.694372
0.696028
0.697683
0.699339
0.700995
0.702651
0.704308
0.705964
0.707620
0.709277
0.710933
0.712589
0.714245
0.715901
0.717557
0.719212
0.720867
0.722521
0.724175
0.725828
0.727481
0.729133
0.730784
0.732435
0.734084
0.735733
0.737381
0.739028
0.740673
0.742318
0.743961
0.745603
0.747244
0.748884
0.750522
0.752158
0.753793
0.755426
0.757058
0.758687
0.760315
0.761941
0.763565
0.765187
0.766807
0.768425
0.770041
0.771654
0.773265
0.774873
0.776479
0.778082
0.779683
0.781281
0.782876
0.784469
0.786058
0.787645
0.789228
0.790809
0.792386
0.793960
0.795531
0.797098
0.798662
0.800222
0.801779
0.803332
0.804881
0.806426
0.807968
0.809506
0.811039
0.812569
0.814094
0.815616
0.817133
0.818645
0.820153
0.821657
0.823156
0.824651
0.826141
0.827626
0.829106
0.830582
0.832052
0.833518
0.834979
0.836434
0.837884
0.839329
0.840769
0.842203
0.843632
0.845055
0.846473
0.847885
0.849291
0.850692
0.852087
0.853476
0.854859
0.856236
0.857608
0.858973
0.860332
0.861684
0.863031
0.864371
0.865705
0.867033
0.868354
0.869668
0.870976
0.872278
0.873572
0.874860
0.876142
0.877416
0.878684
0.879945
0.881199
0.882446
0.883686
0.884919
0.886144
0.887363
0.888575
0.889779
0.890976
0.892166
0.893349
0.894524
0.895692
0.896853
0.898006
0.899151
0.900289
0.901420
0.902543
0.903658
0.904766
0.905867
0.906959
0.908044
0.909121
0.910191
0.911253
0.912307
0.913353
0.914392
0.915422
0.916445
0.917460
0.918468
0.919467
0.920459
0.921442
0.922418
0.923386
0.924346
0.925298
0.926242
0.927179
0.928107
0.929027
0.929940
0.930844
0.931741
0.932630
0.933511
0.934384
0.935249
0.936106
0.936955
0.937797
0.938630
0.939456
0.940273
0.941083
0.941886
0.942680
0.943466
0.944245
0.945016
0.945779
0.946534
0.947282
0.948022
0.948754
0.949479
0.950196
0.950906
0.951607
0.952302
0.952988
0.953667
0.954339
0.955003
0.955660
0.956309
0.956951
0.957586
0.958213
0.958833
0.959446
0.960052
0.960650
0.961241
0.961826
0.962403
0.962973
0.963536
0.964092
0.964641
0.965183
0.965718
0.966247
0.966769
0.967284
0.967792
0.968294
0.968789
0.969277
0.969759
0.970235
0.970704
0.971167
0.971623
0.972073
0.972517
0.972955
0.973386
0.973812
0.974231
0.974645
0.975052
0.975453
0.975849
0.976239
0.976623
0.977001
0.977374
0.977741
0.978102
0.978458
0.978809
0.979154
0.979494
0.979828
0.980157
0.980481
0.980800
0.981113
0.981422
0.981726
0.982024
0.982318
0.982607
0.982891
0.983170
0.983445
0.983715
0.983980
0.984241
0.984497
0.984749
0.984997
0.985240
0.985479
0.985714
0.985944
0.986171
0.986393
0.986611
0.986826
0.987036
0.987243
0.987445
0.987644
0.987839
0.988031
0.988219
0.988403
0.988584
0.988761
0.988935
0.989106
0.989273
0.989437
0.989597
0.989755
0.989909
0.990060
0.990208
0.990353
0.990495
0.990635
0.990771
0.990904
0.991035
0.991163
0.991288
0.991411
0.991531
0.991648
0.991763
0.991876
0.991986
0.992093
0.992198
0.992301
0.992402
0.992500
0.992596
0.992690
0.992782
0.992872
0.992960
0.993045
0.993129
0.993211
0.993291
0.993369
0.993445
0.993519
0.993592
0.993662
0.993732
0.993799
0.993865
0.993929
