0.072134
0.161598
0.275365
0.358565
0.237222
0.231390
0.247018
0.261375
0.274676
0.287112
0.298845
0.310010
0.320702
0.331008
0.341053
0.350985
0.361002
0.371468
0.383170
0.391751
0.396277
0.400503
0.404774
0.409093
0.413458
0.417870
0.422328
0.426831
0.431379
0.435972
0.440608
0.445288
0.450010
0.454774
0.459580
0.464425
0.469311
0.474235
0.479196
0.484338
0.489202
0.494120
0.499078
0.504074
0.509106
0.514173
0.519274
0.524406
0.529569
0.534760
0.539979
0.545223
0.550492
0.555783
0.561095
0.566426
0.571775
0.577139
0.582518
0.587909
0.593311
0.598722
0.604139
0.609563
0.614989
0.620417
0.625846
0.631272
0.636694
0.642111
0.647521
0.652921
0.658311
0.663687
0.669049
0.674395
0.679723
0.685030
0.690316
0.695579
0.700817
0.706028
0.711212
0.716365
0.721487
0.726575
0.731630
0.736648
0.741629
0.746572
0.751474
0.756334
0.761152
0.765926
0.770655
0.775337
0.779972
0.784558
0.789095
0.793581
0.798015
0.802398
0.806727
0.811001
0.815221
0.819386
0.823494
0.827546
0.831541
0.835477
0.839355
0.843175
0.846936
0.850637
0.854278
0.857860
0.861381
0.864842
0.868243
0.871584
0.874864
0.878084
0.881243
0.884343
0.887382
0.890361
0.893281
0.896141
0.898942
0.901685
0.904369
0.906995
0.909563
0.912074
0.914529
0.916927
0.919270
0.921557
0.923790
0.925969
0.928095
0.930168
0.932189
0.934158
0.936077
0.937946
0.939766
0.941537
0.943260
0.944936
0.946566
0.948151
0.949691
0.951187
0.952640
0.954050
0.955419
0.956747
0.958036
0.959285
0.960496
0.961669
0.962806
0.963907
0.964973
0.966004
0.967002
0.967967
0.968901
0.969803
0.970674
0.971517
0.972330
0.973115
0.973873
0.974604
0.975309
0.975989
0.976644
0.977276
0.977884
0.978470
0.979034
0.979577
0.980099
0.980602
0.981085
0.981549
0.981996
0.982424
0.982836
0.983231
0.983611
0.983975
0.984324
0.984659
0.984980
0.985288
0.985583
0.985865
0.986135
0.986394
0.986642
0.986879
0.987105
0.987322
0.987529
0.987726
0.987915
0.988096
0.988268
0.988432
0.988589
0.988739
0.988881
0.989017
0.989147
0.989270
0.989388
0.989500
0.989606
0.989707
0.989804
0.989895
0.989982
0.990065
0.990144
0.990219
0.990290
0.990357
0.990421
0.990481
0.990539
0.990593
0.990645
0.990694
0.990740
0.990784
0.990826
0.990865
0.990902
0.990938
0.990971
0.991002
0.991032
0.991060
0.991087
0.991112
0.991136
0.991158
0.991179
0.991199
0.991217
0.991235
0.991252
0.991267
0.991282
0.991296
0.991309
0.991321
0.991333
0.991344
0.991354
0.991364
0.991373
0.991381
0.991389
0.991397
0.991404
0.991410
0.991416
0.991422
0.991428
0.991433
0.991437
0.991442
0.991446
0.991450
0.991454
0.991457
0.991460
0.991463
0.991466
0.991469
0.991471
0.991473
0.991475
0.991477
0.991479
0.991481
0.991483
0.991484
0.991485
0.991487
0.991488
0.991489
0.991490
0.991491
0.991492
0.991493
0.991494
0.991494
0.991495
0.991496
0.991496
0.991497
0.991497
0.991498
0.991498
0.991499
0.991499
0.991499
0.991500
0.991500
0.991500
0.991500
0.991501
0.991501
0.991501
0.991501
0.991501
0.991502
0.991502
0.991502
0.991502
0.991502
0.991502
0.991502
0.991502
0.991503
0.991503
0.991503
0.991503
0.991503
0.991503
0.991503
0.991503
0.991503
0.991503
0.991503
0.991503
0.991503
0.991503
0.991503
0.991503
0.991503
0.991503
0.991503
0.991503
0.991503
0.991503
0.991503
0.991503
0.991503
0.991503
0.991503
0.991503
0.991503
0.991503
0.991503
0.991503
0.991503
0.991503
0.991503
0.991503
0.991503
0.991503
0.991503
0.991503
0.991503
0.991503
0.991503
0.991503
0.991503
0.991503
0.991503
0.991503
0.991503
0.991503
0.991503
0.991503
0.991503
0.991503
0.991503
0.991503
0.991503
0.991503
0.991503
0.991503
0.991503
0.991503
0.991503
0.991503
0.991503
0.991503
0.991503
0.991503
0.991503
0.991503
0.991503
0.991503
0.991503
0.991503
0.991503
0.991503
0.991503
0.991503
0.991503
0.991503
0.991503
0.991503
0.991503
0.991503
0.991503
0.991503
0.991503
0.991503
0.991503
0.991503
0.991503
0.991503
0.991503
0.991503
0.991503
0.991503
0.991503
0.991503
0.991503
0.991503
0.991503
0.991503
0.991503
0.991503
0.991503
0.991503
0.991503
0.991503
0.991503
0.991503
0.991503
0.991503
0.991503
0.991503
0.991503
0.991503
0.991503
0.991503
0.991503
0.991503
0.991503
0.991503
0.991503
0.991503
0.991503
0.991503
0.991503
0.991503
0.991503
0.991503
0.991503
0.991503
0.991503
0.991503
0.991503
0.991503
0.991503
0.991503
0.991503
0.991503
0.991503
0.991503
0.991503
0.991503
0.991503
0.991503
0.991503
0.991503
0.991503
0.991503
0.991503
0.991503
0.991503
0.991503
0.991503
0.991503
0.991503
0.991503
0.991503
0.991503
0.991503
0.991503
0.991503
0.991503
0.991503
0.991503
0.991503
0.991503
0.991503
0.991503
0.991503
0.991503
0.991503
0.991503
0.991503
0.991503
0.991503
0.991503
0.991503
0.991503
0.991503
0.991503
0.991503
0.991503
0.991503
0.991503
0.991503
0.991503
0.991503
0.991503
0.991503
0.991503
0.991503
0.991503
0.991503
0.991503
0.991503
0.991503
0.991503
0.991503
0.991503
0.991503
0.991503
0.991503
0.991503
0.991503
0.991503
0.991503
0.991503
0.991503
0.991503
0.991503
0.991503
0.991503
0.991503
0.991503
0.991503
0.991503
0.991503
0.991503
0.991503
0.991503
0.991503
0.991503
0.991503
0.991503
0.991503
0.991503
0.991503
0.991503
0.991503
0.991503
0.991503
0.991503
0.991503
0.991503
0.991503
0.991503
0.991503
0.991503
0.991503
0.991503
0.991503
0.991503
0.991503
0.991503
0.991503
0.991503
0.991503
0.991503
0.991503
0.991503
0.991503
0.991503
0.991503
0.991503
0.991503
0.991503
0.991503
0.991503
0.991503
0.991503
0.991503
0.991503
0.991503
0.991503
0.991503
0.991503
0.991503
0.991503
0.991503
