0.017342
0.036910
0.057487
0.083049
0.120799
0.167536
0.209380
0.237834
0.254594
0.265622
0.275740
0.278716
0.280543
0.282490
0.284470
0.286448
0.288419
0.290384
0.292343
0.294296
0.296242
0.298182
0.300116
0.302044
0.303966
0.305882
0.307793
0.309697
0.311596
0.313489
0.315377
0.317258
0.319135
0.321006
0.322872
0.324732
0.326587
0.328437
0.330281
0.332169
0.333860
0.335539
0.337213
0.338883
0.340549
0.342210
0.343867
0.345520
0.347168
0.348813
0.350453
0.352089
0.353721
0.355348
0.356972
0.358591
0.360207
0.361818
0.363425
0.365028
0.366627
0.368222
0.369813
0.371400
0.372983
0.374562
0.376137
0.377708
0.379275
0.380839
0.382398
0.383953
0.385504
0.387052
0.388595
0.390135
0.391671
0.393203
0.394731
0.396255
0.397776
0.399292
0.400805
0.402314
0.403820
0.405321
0.406819
0.408313
0.409803
0.411290
0.412773
0.414252
0.415727
0.417199
0.418667
0.420131
0.421592
0.423049
0.424503
0.425953
0.427399
0.428842
0.430281
0.431717
0.433149
0.434577
0.436002
0.437424
0.438842
0.440256
0.441667
0.443075
0.444479
0.445879
0.447276
0.448670
0.450060
0.451447
0.452830
0.454211
0.455587
0.456961
0.458331
0.459697
0.461060
0.462420
0.463777
0.465130
0.466481
0.467827
0.469171
0.470511
0.471848
0.473182
0.474513
0.475840
0.477164
0.478485
0.479803
0.481118
0.482429
0.483737
0.485043
0.486345
0.487644
0.488940
0.490233
0.491522
0.492809
0.494093
0.495373
0.496651
0.497925
0.499197
0.500465
0.501731
0.502994
0.504253
0.505510
0.506764
0.508014
0.509262
0.510507
0.511749
0.512988
0.514225
0.515458
0.516689
0.517917
0.519142
0.520364
0.521583
0.522800
0.524013
0.525224
0.526433
0.527638
0.528841
0.530041
0.531238
0.532433
0.533625
0.534814
0.536001
0.537184
0.538366
0.539544
0.540720
0.541894
0.543065
0.544233
0.545398
0.546562
0.547722
0.548880
0.550036
0.551189
0.552339
0.553487
0.554632
0.555775
0.556916
0.558054
0.559190
0.560323
0.561454
0.562582
0.563708
0.564832
0.565953
0.567072
0.568188
0.569302
0.570414
0.571524
0.572631
0.573736
0.574839
0.575939
0.577037
0.578133
0.579227
0.580319
0.581408
0.582495
0.583580
0.584663
0.585743
0.586822
0.587898
0.588972
0.590044
0.591114
0.592182
0.593248
0.594311
0.595373
0.596432
0.597490
0.598546
0.599599
0.600651
0.601700
0.602748
0.603793
0.604837
0.605878
0.606918
0.607956
0.608992
0.610026
0.611058
0.612088
0.613117
0.614143
0.615168
0.616191
0.617212
0.618231
0.619248
0.620264
0.621278
0.622290
0.623300
0.624309
0.625316
0.626321
0.627325
0.628326
0.629326
0.630325
0.631322
0.632317
0.633310
0.634302
0.635292
0.636281
0.637268
0.638253
0.639237
0.640219
0.641200
0.642179
0.643157
0.644133
0.645108
0.646081
0.647052
0.648023
0.648991
0.649959
0.650924
0.651889
0.652852
0.653813
0.654773
0.655732
0.656689
0.657645
0.658600
0.659553
0.660505
0.661456
0.662405
0.663353
0.664300
0.665245
0.666189
0.667132
0.668073
0.669014
0.669953
0.670891
0.671827
0.672763
0.673697
0.674630
0.675562
0.676492
0.677422
0.678350
0.679277
0.680203
0.681128
0.682052
0.682975
0.683896
0.684817
0.685736
0.686655
0.687572
0.688488
0.689403
0.690317
0.691230
0.692143
0.693054
0.693964
0.694873
0.695781
0.696688
0.697594
0.698499
0.699404
0.700307
0.701209
0.702111
0.703011
0.703911
0.704809
0.705707
0.706604
0.707500
0.708395
0.709289
0.710183
0.711075
0.711967
0.712858
0.713748
0.714637
0.715526
0.716413
0.717300
0.718186
0.719071
0.719955
0.720839
0.721722
0.722604
0.723485
0.724365
0.725245
0.726124
0.727002
0.727880
0.728757
0.729633
0.730508
0.731383
0.732257
0.733130
0.734002
0.734874
0.735745
0.736616
0.737485
0.738355
0.739223
0.740091
0.740958
0.741824
0.742690
0.743555
0.744419
0.745283
0.746146
0.747009
0.747871
0.748732
0.749593
0.750453
0.751312
0.752171
0.753029
0.753886
0.754743
0.755599
0.756455
0.757310
0.758164
0.759018
0.759872
0.760724
0.761576
0.762428
0.763278
0.764129
0.764978
0.765827
0.766676
0.767524
0.768371
0.769218
0.770064
0.770909
0.771754
0.772598
0.773442
0.774285
0.775128
0.775969
0.776811
0.777652
0.778492
0.779331
0.780170
0.781008
0.781846
0.782683
0.783520
0.784356
0.785191
0.786026
0.786860
0.787693
0.788526
0.789358
0.790190
0.791021
0.791851
0.792681
0.793510
0.794339
0.795167
0.795994
0.796820
0.797646
0.798471
0.799296
0.800120
0.800943
0.801766
0.802588
0.803409
0.804229
0.805049
0.805868
0.806687
0.807505
0.808322
0.809138
0.809954
0.810768
0.811583
0.812396
0.813209
0.814021
0.814832
0.815642
0.816452
0.817261
0.818069
0.818876
0.819683
0.820488
0.821293
0.822097
0.822900
0.823703
0.824504
0.825305
0.826105
0.826904
0.827702
0.828500
0.829296
0.830092
0.830886
0.831680
0.832473
0.833265
0.834055
0.834845
0.835634
0.836423
0.837210
0.837996
0.838781
0.839565
0.840348
0.841130
0.841912
0.842692
0.843471
0.844249
0.845025
0.845801
0.846576
0.847350
0.848122
0.848894
0.849664
0.850433
0.851201
0.851968
0.852734
0.853498
0.854262
0.855024
0.855785
0.856545
0.857303
0.858060
0.858816
0.859571
0.860325
0.861077
0.861828
0.862577
0.863325
0.864072
0.864818
0.865562
0.866305
0.867046
0.867787
0.868525
0.869263
0.869998
0.870733
0.871466
0.872197
0.872927
0.873656
0.874383
0.875108
0.875832
0.876555
0.877276
0.877995
0.878713
0.879429
0.880144
0.880857
0.881569
0.882278
0.882987
0.883693
0.884398
0.885101
0.885803
0.886502
0.887200
0.887897
0.888591
0.889284
0.889975
0.890665
0.891352
0.892038
0.892722
0.893404
0.894085
0.894763
0.895440
0.896114
0.896787
0.897458
0.898127
0.898794
0.899460
0.900123
0.900784
0.901444
0.902101
0.902757
0.903410
0.904061
0.904711
