0.022853
0.049159
0.082884
0.131284
0.179414
0.211586
0.228839
0.238765
0.246575
0.254228
0.262169
0.270658
0.280742
0.285830
0.287842
0.289807
0.291767
0.293721
0.295668
0.297609
0.299544
0.301473
0.303396
0.305312
0.307223
0.309127
0.311026
0.312919
0.314806
0.316687
0.318563
0.320433
0.322297
0.324156
0.326010
0.327858
0.329701
0.331539
0.333371
0.335245
0.336921
0.338588
0.340251
0.341909
0.343563
0.345212
0.346858
0.348499
0.350136
0.351769
0.353398
0.355023
0.356643
0.358260
0.359872
0.361480
0.363085
0.364685
0.366281
0.367873
0.369461
0.371045
0.372626
0.374202
0.375774
0.377343
0.378907
0.380467
0.382024
0.383577
0.385126
0.386671
0.388212
0.389749
0.391283
0.392812
0.394338
0.395860
0.397378
0.398893
0.400404
0.401911
0.403414
0.404913
0.406409
0.407901
0.409390
0.410875
0.412356
0.413833
0.415307
0.416777
0.418244
0.419707
0.421167
0.422622
0.424075
0.425524
0.426969
0.428411
0.429849
0.431283
0.432715
0.434142
0.435567
0.436988
0.438405
0.439819
0.441229
0.442637
0.444040
0.445441
0.446838
0.448232
0.449622
0.451009
0.452393
0.453773
0.455150
0.456524
0.457895
0.459262
0.460626
0.461987
0.463345
0.464699
0.466050
0.467399
0.468743
0.470085
0.471424
0.472760
0.474092
0.475421
0.476748
0.478071
0.479391
0.480708
0.482022
0.483333
0.484641
0.485946
0.487248
0.488547
0.489844
0.491137
0.492427
0.493715
0.494999
0.496281
0.497559
0.498835
0.500108
0.501378
0.502646
0.503910
0.505172
0.506431
0.507687
0.508941
0.510192
0.511440
0.512685
0.513927
0.515167
0.516405
0.517639
0.518871
0.520100
0.521327
0.522551
0.523773
0.524992
0.526208
0.527422
0.528633
0.529842
0.531048
0.532252
0.533453
0.534652
0.535848
0.537042
0.538234
0.539423
0.540609
0.541794
0.542976
0.544155
0.545333
0.546508
0.547680
0.548850
0.550019
0.551184
0.552348
0.553509
0.554668
0.555825
0.556980
0.558132
0.559282
0.560431
0.561577
0.562720
0.563862
0.565002
0.566139
0.567275
0.568408
0.569540
0.570669
0.571797
0.572922
0.574045
0.575167
0.576286
0.577404
0.578519
0.579633
0.580745
0.581855
0.582963
0.584069
0.585174
0.586276
0.587377
0.588476
0.589573
0.590668
0.591762
0.592854
0.593944
0.595033
0.596120
0.597205
0.598288
0.599370
0.600450
0.601529
0.602606
0.603681
0.604755
0.605827
0.606898
0.607967
0.609035
0.610101
0.611165
0.612229
0.613290
0.614351
0.615409
0.616467
0.617523
0.618577
0.619631
0.620683
0.621733
0.622782
0.623830
0.624877
0.625922
0.626966
0.628009
0.629050
0.630091
0.631130
0.632167
0.633204
0.634240
0.635274
0.636307
0.637339
0.638370
0.639400
0.640428
0.641456
0.642482
0.643508
0.644532
0.645556
0.646578
0.647599
0.648620
0.649639
0.650658
0.651675
0.652692
0.653707
0.654722
0.655736
0.656749
0.657761
0.658772
0.659782
0.660791
0.661800
0.662808
0.663815
0.664821
0.665827
0.666831
0.667835
0.668838
0.669841
0.670842
0.671843
0.672844
0.673843
0.674842
0.675841
0.676838
0.677835
0.678832
0.679827
0.680822
0.681817
0.682811
0.683804
0.684797
0.685789
0.686781
0.687772
0.688762
0.689753
0.690742
0.691731
0.692720
0.693708
0.694695
0.695682
0.696669
0.697655
0.698641
0.699626
0.700611
0.701596
0.702580
0.703563
0.704547
0.705530
0.706512
0.707494
0.708476
0.709457
0.710438
0.711419
0.712400
0.713380
0.714359
0.715339
0.716318
0.717297
0.718275
0.719253
0.720231
0.721209
0.722186
0.723163
0.724140
0.725116
0.726092
0.727068
0.728044
0.729019
0.729994
0.730969
0.731944
0.732918
0.733893
0.734866
0.735840
0.736814
0.737787
0.738760
0.739733
0.740705
0.741678
0.742650
0.743621
0.744593
0.745565
0.746536
0.747507
0.748477
0.749448
0.750418
0.751388
0.752358
0.753328
0.754297
0.755266
0.756235
0.757204
0.758172
0.759141
0.760109
0.761076
0.762044
0.763011
0.763978
0.764945
0.765911
0.766877
0.767843
0.768809
0.769774
0.770739
0.771704
0.772669
0.773633
0.774597
0.775560
0.776523
0.777486
0.778449
0.779411
0.780373
0.781335
0.782296
0.783257
0.784217
0.785177
0.786137
0.787096
0.788055
0.789013
0.789971
0.790929
0.791886
0.792842
0.793799
0.794754
0.795709
0.796664
0.797618
0.798572
0.799525
0.800478
0.801430
0.802381
0.803332
0.804283
0.805232
0.806181
0.807130
0.808078
0.809025
0.809971
0.810917
0.811862
0.812806
0.813750
0.814693
0.815635
0.816576
0.817517
0.818457
0.819396
0.820334
0.821271
0.822208
0.823143
0.824078
0.825012
0.825944
0.826876
0.827807
0.828737
0.829666
0.830594
0.831521
0.832447
0.833371
0.834295
0.835218
0.836139
0.837059
0.837979
0.838897
0.839813
0.840729
0.841643
0.842556
0.843468
0.844379
0.845288
0.846196
0.847102
0.848007
0.848911
0.849813
0.850714
0.851614
0.852512
0.853408
0.854303
0.855197
0.856089
0.856979
0.857868
0.858755
0.859640
0.860524
0.861406
0.862287
0.863165
0.864042
0.864917
0.865791
0.866662
0.867532
0.868400
0.869266
0.870130
0.870992
0.871852
0.872711
0.873567
0.874421
0.875274
0.876124
0.876972
0.877818
0.878662
0.879504
0.880344
0.881181
0.882016
0.882849
0.883680
0.884509
0.885335
0.886159
0.886981
0.887800
0.888617
0.889431
0.890243
0.891053
0.891860
0.892665
0.893467
0.894267
0.895064
0.895859
0.896651
0.897440
0.898227
0.899011
0.899792
0.900571
0.901347
0.902121
0.902891
0.903659
0.904424
0.905186
0.905946
0.906702
0.907456
0.908207
0.908955
0.909700
0.910442
0.911181
0.911917
0.912650
0.913381
0.914108
0.914832
0.915553
0.916271
0.916986
0.917698
0.918406
0.919112
0.919814
0.920513
0.921209
0.921902
0.922591
0.923278
0.923961
0.924641
0.925317
0.925990
0.926660
0.927327
0.927990
0.928650
0.929307
0.929960
0.930610
0.931256
0.931899
0.932538
0.933175
0.933807
