0.012716
0.026956
0.041553
0.056791
0.073021
0.090825
0.112219
0.140466
0.169721
0.204355
0.236902
0.260168
0.272523
0.277244
0.278755
0.279868
0.281443
0.283345
0.285316
0.287285
0.289248
0.291204
0.293155
0.295100
0.297039
0.298972
0.300899
0.302821
0.304738
0.306648
0.308554
0.310454
0.312348
0.314237
0.316121
0.318000
0.319873
0.321741
0.323604
0.325509
0.327214
0.328909
0.330600
0.332286
0.333968
0.335646
0.337320
0.338990
0.340655
0.342316
0.343974
0.345627
0.347276
0.348921
0.350561
0.352198
0.353831
0.355460
0.357084
0.358705
0.360322
0.361934
0.363543
0.365148
0.366749
0.368346
0.369939
0.371528
0.373113
0.374695
0.376272
0.377846
0.379416
0.380982
0.382545
0.384103
0.385658
0.387209
0.388757
0.390300
0.391840
0.393376
0.394909
0.396438
0.397963
0.399485
0.401003
0.402517
0.404028
0.405535
0.407039
0.408539
0.410036
0.411529
0.413018
0.414504
0.415987
0.417466
0.418942
0.420414
0.421883
0.423348
0.424810
0.426269
0.427724
0.429176
0.430625
0.432070
0.433512
0.434951
0.436386
0.437818
0.439247
0.440673
0.442095
0.443514
0.444930
0.446343
0.447753
0.449160
0.450563
0.451964
0.453361
0.454755
0.456146
0.457534
0.458919
0.460301
0.461680
0.463056
0.464429
0.465799
0.467166
0.468530
0.469891
0.471249
0.472605
0.473957
0.475307
0.476654
0.477998
0.479339
0.480677
0.482012
0.483345
0.484675
0.486002
0.487327
0.488649
0.489968
0.491284
0.492598
0.493909
0.495217
0.496523
0.497826
0.499127
0.500425
0.501720
0.503013
0.504303
0.505591
0.506876
0.508159
0.509439
0.510717
0.511992
0.513265
0.514535
0.515803
0.517069
0.518332
0.519593
0.520851
0.522107
0.523361
0.524613
0.525862
0.527109
0.528353
0.529596
0.530836
0.532074
0.533310
0.534543
0.535774
0.537003
0.538230
0.539455
0.540678
0.541899
0.543117
0.544333
0.545548
0.546760
0.547970
0.549178
0.550384
0.551588
0.552790
0.553991
0.555189
0.556385
0.557579
0.558771
0.559962
0.561150
0.562337
0.563522
0.564705
0.565886
0.567065
0.568242
0.569418
0.570591
0.571763
0.572934
0.574102
0.575269
0.576434
0.577597
0.578758
0.579918
0.581076
0.582232
0.583387
0.584540
0.585692
0.586842
0.587990
0.589136
0.590282
0.591425
0.592567
0.593707
0.594846
0.595983
0.597119
0.598253
0.599386
0.600517
0.601647
0.602775
0.603902
0.605027
0.606151
0.607274
0.608395
0.609514
0.610633
0.611749
0.612865
0.613979
0.615092
0.616203
0.617313
0.618422
0.619530
0.620636
0.621741
0.622844
0.623947
0.625048
0.626148
0.627246
0.628343
0.629439
0.630534
0.631628
0.632720
0.633812
0.634902
0.635991
0.637078
0.638165
0.639250
0.640334
0.641417
0.642499
0.643580
0.644660
0.645738
0.646816
0.647892
0.648968
0.650042
0.651115
0.652187
0.653258
0.654328
0.655397
0.656465
0.657532
0.658597
0.659662
0.660726
0.661789
0.662850
0.663911
0.664971
0.666029
0.667087
0.668144
0.669200
0.670254
0.671308
0.672361
0.673413
0.674464
0.675514
0.676563
0.677611
0.678658
0.679704
0.680750
0.681794
0.682838
0.683880
0.684922
0.685962
0.687002
0.688041
0.689079
0.690116
0.691152
0.692187
0.693222
0.694255
0.695288
0.696319
0.697350
0.698380
0.699409
0.700437
0.701464
0.702491
0.703516
0.704541
0.705564
0.706587
0.707609
0.708630
0.709650
0.710670
0.711688
0.712706
0.713722
0.714738
0.715753
0.716767
0.717780
0.718792
0.719803
0.720814
0.721823
0.722832
0.723840
0.724846
0.725852
0.726858
0.727862
0.728865
0.729867
0.730869
0.731869
0.732869
0.733868
0.734865
0.735862
0.736858
0.737853
0.738847
0.739840
0.740833
0.741824
0.742814
0.743804
0.744792
0.745779
0.746766
0.747751
0.748736
0.749720
0.750702
0.751684
0.752664
0.753644
0.754623
0.755600
0.756577
0.757552
0.758527
0.759501
0.760473
0.761444
0.762415
0.763384
0.764353
0.765320
0.766286
0.767251
0.768215
0.769178
0.770140
0.771101
0.772060
0.773019
0.773976
0.774932
0.775887
0.776841
0.777794
0.778746
0.779696
0.780645
0.781594
0.782540
0.783486
0.784431
0.785374
0.786316
0.787257
0.788196
0.789135
0.790072
0.791008
0.791942
0.792875
0.793807
0.794738
0.795667
0.796595
0.797522
0.798447
0.799371
0.800294
0.801215
0.802135
0.803053
0.803971
0.804886
0.805801
0.806713
0.807625
0.808535
0.809443
0.810350
0.811256
0.812160
0.813063
0.813964
0.814863
0.815761
0.816658
0.817553
0.818446
0.819338
0.820229
0.821117
0.822004
0.822890
0.823774
0.824656
0.825537
0.826416
0.827293
0.828169
0.829043
0.829915
0.830786
0.831655
0.832522
0.833387
0.834251
0.835113
0.835973
0.836831
0.837688
0.838543
0.839396
0.840247
0.841097
0.841944
0.842790
0.843634
0.844476
0.845316
0.846154
0.846990
0.847825
0.848657
0.849488
0.850316
0.851143
0.851967
0.852790
0.853611
0.854430
0.855246
0.856061
0.856874
0.857684
0.858493
0.859299
0.860104
0.860906
0.861706
0.862505
0.863301
0.864095
0.864886
0.865676
0.866464
0.867249
0.868032
0.868813
0.869592
0.870369
0.871143
0.871916
0.872686
0.873453
0.874219
0.874982
0.875743
0.876502
0.877258
0.878012
0.878764
0.879514
0.880261
0.881006
0.881749
0.882489
0.883227
0.883962
0.884695
0.885426
0.886155
0.886881
0.887604
0.888325
0.889044
0.889760
0.890474
0.891186
0.891895
0.892601
0.893305
0.894007
0.894706
0.895403
0.896097
0.896788
0.897478
0.898164
0.898848
0.899530
0.900209
0.900885
0.901559
0.902231
0.902899
0.903566
0.904229
0.904890
0.905549
0.906205
0.906858
0.907509
0.908157
0.908803
0.909445
0.910086
0.910723
0.911358
0.911991
0.912620
0.913247
0.913872
0.914494
0.915113
0.915729
0.916343
0.916954
0.917562
0.918168
0.918771
0.919371
0.919969
0.920564
0.921156
0.921746
0.922333
0.922917
0.923499
0.924077
0.924653
0.925227
0.925797
