0.006925
0.012094
0.016644
0.020916
0.025070
0.029207
0.033403
0.037727
0.042262
0.047093
0.052305
0.057987
0.064239
0.071172
0.078920
0.087666
0.097641
0.109127
0.122501
0.138347
0.157470
0.181036
0.211083
0.251304
0.308906
0.399813
0.560127
0.799949
0.961867
0.994603
0.996251
0.996338
0.996408
0.996476
0.996544
0.996610
0.996675
0.996738
0.996799
0.996858
0.996916
0.996971
0.997024
0.997075
0.997125
0.997172
0.997217
0.997260
0.997301
0.997341
0.997378
0.997414
0.997448
0.997480
0.997511
0.997540
0.997567
0.997593
0.997617
0.997640
0.997662
0.997683
0.997702
0.997720
0.997737
0.997753
0.997768
0.997782
0.997795
0.997808
0.997819
0.997830
0.997840
0.997849
0.997858
0.997866
0.997874
0.997881
0.997887
0.997893
0.997899
0.997904
0.997909
0.997913
0.997917
0.997921
0.997925
0.997928
0.997931
0.997934
0.997936
0.997939
0.997941
0.997943
0.997945
0.997946
0.997948
0.997949
0.997951
0.997952
0.997953
0.997954
0.997955
0.997956
0.997957
0.997957
0.997958
0.997959
0.997959
0.997960
0.997960
0.997960
0.997961
0.997961
0.997962
0.997962
0.997962
0.997962
0.997963
0.997963
0.997963
0.997963
0.997963
0.997963
0.997963
0.997964
0.997964
0.997964
0.997964
0.997964
0.997964
0.997964
0.997964
0.997964
0.997964
0.997964
0.997964
0.997964
0.997964
0.997964
0.997964
0.997964
0.997964
0.997964
0.997964
0.997964
0.997964
0.997964
0.997964
0.997964
0.997964
0.997965
0.997965
0.997965
0.997965
0.997965
0.997965
0.997965
0.997965
0.997965
0.997965
0.997965
0.997965
0.997965
0.997965
0.997965
0.997965
0.997965
0.997965
0.997965
0.997965
0.997965
0.997965
0.997965
0.997965
0.997965
0.997965
0.997965
0.997965
0.997965
0.997965
0.997965
0.997965
0.997965
0.997965
0.997965
0.997965
0.997965
0.997965
0.997965
0.997965
0.997965
0.997965
0.997965
0.997965
0.997965
0.997965
0.997965
0.997965
0.997965
0.997965
0.997965
0.997965
0.997965
0.997965
0.997965
0.997965
0.997965
0.997965
0.997965
0.997965
0.997965
0.997965
0.997965
0.997965
0.997965
0.997965
0.997965
0.997965
0.997965
0.997965
0.997965
0.997965
0.997965
0.997965
0.997965
0.997965
0.997965
0.997965
0.997965
0.997965
0.997965
0.997965
0.997965
0.997965
0.997965
0.997965
0.997965
0.997965
0.997965
0.997965
0.997965
0.997965
0.997965
0.997965
0.997965
0.997965
0.997965
0.997965
0.997965
0.997965
0.997965
0.997965
0.997965
0.997965
0.997965
0.997965
0.997965
0.997965
0.997965
0.997965
0.997965
0.997965
0.997965
0.997965
0.997965
0.997965
0.997965
0.997965
0.997965
0.997965
0.997965
0.997965
0.997965
0.997965
0.997965
0.997965
0.997965
0.997965
0.997965
0.997965
0.997965
0.997965
0.997965
0.997965
0.997965
0.997965
0.997965
0.997965
0.997965
0.997965
0.997965
0.997965
0.997965
0.997965
0.997965
0.997965
0.997965
0.997965
0.997965
0.997965
0.997965
0.997965
0.997965
0.997965
0.997965
0.997965
0.997965
0.997965
0.997965
0.997965
0.997965
0.997965
0.997965
0.997965
0.997965
0.997965
0.997965
0.997965
0.997965
0.997965
0.997965
0.997965
0.997965
0.997965
0.997965
0.997965
0.997965
0.997965
0.997965
0.997965
0.997965
0.997965
0.997965
0.997965
0.997965
0.997965
0.997965
0.997965
0.997965
0.997965
0.997965
0.997965
0.997965
0.997965
0.997965
0.997965
0.997965
0.997965
0.997965
0.997965
0.997965
0.997965
0.997965
0.997965
0.997965
0.997965
0.997965
0.997965
0.997965
0.997965
0.997965
0.997965
0.997965
0.997965
0.997965
0.997965
0.997965
0.997965
0.997965
0.997965
0.997965
0.997965
0.997965
0.997965
0.997965
0.997965
0.997965
0.997965
0.997965
0.997965
0.997965
0.997965
0.997965
0.997965
0.997965
0.997965
0.997965
0.997965
0.997965
0.997965
0.997965
0.997965
0.997965
0.997965
0.997965
0.997965
0.997965
0.997965
0.997965
0.997965
0.997965
0.997965
0.997965
0.997965
0.997965
0.997965
0.997965
0.997965
0.997965
0.997965
0.997965
0.997965
0.997965
0.997965
0.997965
0.997965
0.997965
0.997965
0.997965
0.997965
0.997965
0.997965
0.997965
0.997965
0.997965
0.997965
0.997965
0.997965
0.997965
0.997965
0.997965
0.997965
0.997965
0.997965
0.997965
0.997965
0.997965
0.997965
0.997965
0.997965
0.997965
0.997965
0.997965
0.997965
0.997965
0.997965
0.997965
0.997965
0.997965
0.997965
0.997965
0.997965
0.997965
0.997965
0.997965
0.997965
0.997965
0.997965
0.997965
0.997965
0.997965
0.997965
0.997965
0.997965
0.997965
0.997965
0.997965
0.997965
0.997965
0.997965
0.997965
0.997965
0.997965
0.997965
0.997965
0.997965
0.997965
0.997965
0.997965
0.997965
0.997965
0.997965
0.997965
0.997965
0.997965
0.997965
0.997965
0.997965
0.997965
0.997965
0.997965
0.997965
0.997965
0.997965
0.997965
0.997965
0.997965
0.997965
0.997965
0.997965
0.997965
0.997965
0.997965
0.997965
0.997965
0.997965
0.997965
0.997965
0.997965
0.997965
0.997965
0.997965
0.997965
0.997965
0.997965
0.997965
0.997965
0.997965
0.997965
0.997965
0.997965
0.997965
0.997965
0.997965
0.997965
0.997965
0.997965
0.997965
0.997965
0.997965
0.997965
0.997965
0.997965
0.997965
0.997965
0.997965
0.997965
0.997965
0.997965
0.997965
0.997965
0.997965
0.997965
0.997965
0.997965
0.997965
0.997965
0.997965
0.997965
0.997965
0.997965
0.997965
0.997965
0.997965
0.997965
0.997965
0.997965
0.997965
0.997965
0.997965
0.997965
0.997965
0.997965
0.997965
0.997965
0.997965
0.997965
0.997965
0.997965
0.997965
0.997965
0.997965
0.997965
0.997965
0.997965
0.997965
0.997965
0.997965
0.997965
0.997965
0.997965
0.997965
0.997965
0.997965
0.997965
0.997965
0.997965
0.997965
0.997965
0.997965
0.997965
0.997965
0.997965
0.997965
0.997965
0.997965
0.997965
0.997965
0.997965
