0.011750
0.024928
0.038803
0.057153
0.087949
0.133433
0.184609
0.221495
0.246533
0.261285
0.269277
0.273685
0.276501
0.278720
0.280754
0.282743
0.284725
0.286703
0.288677
0.290646
0.292608
0.294564
0.296515
0.298459
0.300398
0.302331
0.304258
0.306179
0.308095
0.310005
0.311910
0.313809
0.315703
0.317591
0.319474
0.321352
0.323224
0.325091
0.326953
0.328866
0.330584
0.332282
0.333975
0.335662
0.337345
0.339023
0.340698
0.342368
0.344034
0.345695
0.347352
0.349005
0.350654
0.352299
0.353939
0.355575
0.357207
0.358835
0.360459
0.362079
0.363694
0.365305
0.366913
0.368516
0.370115
0.371710
0.373301
0.374888
0.376470
0.378049
0.379624
0.381195
0.382761
0.384324
0.385883
0.387438
0.388989
0.390536
0.392078
0.393617
0.395153
0.396684
0.398211
0.399734
0.401254
0.402770
0.404281
0.405789
0.407294
0.408794
0.410290
0.411783
0.413272
0.414757
0.416238
0.417716
0.419189
0.420659
0.422125
0.423588
0.425047
0.426502
0.427953
0.429401
0.430845
0.432285
0.433722
0.435155
0.436584
0.438010
0.439432
0.440850
0.442265
0.443676
0.445084
0.446488
0.447888
0.449285
0.450678
0.452068
0.453454
0.454837
0.456216
0.457592
0.458964
0.460333
0.461698
0.463060
0.464418
0.465773
0.467124
0.468472
0.469817
0.471158
0.472496
0.473830
0.475161
0.476488
0.477812
0.479133
0.480450
0.481764
0.483075
0.484382
0.485686
0.486987
0.488284
0.489578
0.490869
0.492157
0.493441
0.494722
0.496000
0.497274
0.498545
0.499813
0.501078
0.502340
0.503598
0.504853
0.506105
0.507354
0.508599
0.509842
0.511081
0.512317
0.513550
0.514780
0.516007
0.517230
0.518451
0.519668
0.520882
0.522093
0.523302
0.524507
0.525709
0.526907
0.528103
0.529296
0.530486
0.531673
0.532856
0.534037
0.535215
0.536390
0.537562
0.538730
0.539896
0.541059
0.542219
0.543376
0.544530
0.545681
0.546829
0.547975
0.549117
0.550256
0.551393
0.552527
0.553657
0.554785
0.555910
0.557033
0.558152
0.559269
0.560382
0.561493
0.562601
0.563706
0.564809
0.565909
0.567005
0.568100
0.569191
0.570279
0.571365
0.572448
0.573528
0.574606
0.575681
0.576753
0.577822
0.578889
0.579953
0.581014
0.582073
0.583129
0.584182
0.585232
0.586280
0.587326
0.588368
0.589408
0.590446
0.591480
0.592512
0.593542
0.594569
0.595593
0.596615
0.597634
0.598650
0.599664
0.600676
0.601684
0.602691
0.603695
0.604696
0.605694
0.606691
0.607684
0.608675
0.609664
0.610650
0.611634
0.612615
0.613594
0.614570
0.615544
0.616515
0.617484
0.618450
0.619414
0.620376
0.621335
0.622292
0.623246
0.624198
0.625147
0.626095
0.627039
0.627982
0.628922
0.629859
0.630795
0.631727
0.632658
0.633586
0.634512
0.635436
0.636357
0.637276
0.638192
0.639107
0.640019
0.640929
0.641836
0.642741
0.643644
0.644545
0.645443
0.646339
0.647233
0.648125
0.649014
0.649901
0.650786
0.651669
0.652550
0.653428
0.654304
0.655178
0.656050
0.656920
0.657787
0.658652
0.659515
0.660376
0.661235
0.662092
0.662946
0.663799
0.664649
0.665497
0.666343
0.667187
0.668029
0.668869
0.669706
0.670542
0.671376
0.672207
0.673036
0.673864
0.674689
0.675512
0.676333
0.677152
0.677970
0.678785
0.679598
0.680409
0.681218
0.682025
0.682830
0.683633
0.684434
0.685233
0.686030
0.686825
0.687618
0.688410
0.689199
0.689986
0.690772
0.691555
0.692337
0.693116
0.693894
0.694670
0.695444
0.696216
0.696986
0.697754
0.698520
0.699285
0.700047
0.700808
0.701567
0.702324
0.703079
0.703832
0.704584
0.705333
0.706081
0.706827
0.707571
0.708314
0.709054
0.709793
0.710530
0.711265
0.711999
0.712730
0.713460
0.714188
0.714914
0.715639
0.716362
0.717083
0.717802
0.718520
0.719236
0.719950
0.720662
0.721373
0.722082
0.722789
0.723494
0.724198
0.724901
0.725601
0.726300
0.726997
0.727693
0.728386
0.729079
0.729769
0.730458
0.731145
0.731831
0.732515
0.733197
0.733878
0.734557
0.735234
0.735910
0.736585
0.737257
0.737928
0.738598
0.739266
0.739932
0.740597
0.741260
0.741922
0.742582
0.743241
0.743898
0.744553
0.745207
0.745859
0.746510
0.747160
0.747808
0.748454
0.749099
0.749742
0.750384
0.751024
0.751663
0.752301
0.752937
0.753571
0.754204
0.754836
0.755466
0.756095
0.756722
0.757348
0.757972
0.758595
0.759216
0.759836
0.760455
0.761072
0.761688
0.762302
0.762915
0.763527
0.764137
0.764746
0.765354
0.765960
0.766565
0.767168
0.767770
0.768371
0.768970
0.769568
0.770165
0.770760
0.771354
0.771947
0.772538
0.773128
0.773717
0.774304
0.774891
0.775475
0.776059
0.776641
0.777222
0.777802
0.778380
0.778958
0.779533
0.780108
0.780681
0.781254
0.781825
0.782394
0.782963
0.783530
0.784096
0.784661
0.785224
0.785786
0.786347
0.786907
0.787466
0.788024
0.788580
0.789135
0.789689
0.790242
0.790793
0.791344
0.791893
0.792441
0.792988
0.793534
0.794079
0.794622
0.795165
0.795706
0.796246
0.796785
0.797323
0.797860
0.798396
0.798930
0.799464
0.799996
0.800527
0.801057
0.801587
0.802115
0.802642
0.803167
0.803692
0.804216
0.804739
0.805260
0.805781
0.806300
0.806819
0.807336
0.807853
0.808368
0.808883
0.809396
0.809908
0.810420
0.810930
0.811439
0.811948
0.812455
0.812961
0.813467
0.813971
0.814474
0.814977
0.815478
0.815979
0.816478
0.816977
0.817474
0.817971
0.818467
0.818961
0.819455
0.819948
0.820440
0.820931
0.821421
0.821910
0.822398
0.822886
0.823372
0.823858
0.824342
0.824826
0.825309
0.825791
0.826272
0.826752
0.827231
0.827710
0.828187
0.828664
0.829140
0.829615
0.830089
0.830562
0.831034
0.831506
0.831976
0.832446
0.832915
0.833384
0.833851
0.834317
0.834783
0.835248
0.835712
0.836175
0.836638
0.837100
0.837560
0.838020
0.838480
0.838938
0.839396
0.839853
0.840309
0.840764
0.841219
0.841673
