0.011752
0.024969
0.040220
0.065866
0.108696
0.161442
0.210636
0.240083
0.257503
0.266992
0.272155
0.275320
0.277689
0.279782
0.281794
0.283783
0.285766
0.287744
0.289717
0.291683
0.293644
0.295598
0.297547
0.299489
0.301426
0.303357
0.305282
0.307202
0.309115
0.311024
0.312926
0.314824
0.316716
0.318602
0.320483
0.322359
0.324229
0.326094
0.327954
0.329867
0.331584
0.333281
0.334972
0.336657
0.338339
0.340016
0.341689
0.343357
0.345021
0.346681
0.348337
0.349989
0.351636
0.353279
0.354918
0.356552
0.358183
0.359809
0.361432
0.363050
0.364664
0.366273
0.367879
0.369481
0.371078
0.372672
0.374261
0.375846
0.377428
0.379005
0.380578
0.382148
0.383713
0.385274
0.386831
0.388385
0.389934
0.391480
0.393021
0.394559
0.396092
0.397622
0.399148
0.400670
0.402188
0.403702
0.405212
0.406719
0.408221
0.409720
0.411215
0.412706
0.414194
0.415677
0.417157
0.418633
0.420105
0.421574
0.423039
0.424500
0.425957
0.427411
0.428861
0.430307
0.431749
0.433188
0.434623
0.436055
0.437483
0.438907
0.440328
0.441745
0.443158
0.444568
0.445974
0.447377
0.448776
0.450171
0.451563
0.452951
0.454336
0.455718
0.457095
0.458470
0.459840
0.461208
0.462571
0.463932
0.465289
0.466642
0.467992
0.469339
0.470682
0.472021
0.473358
0.474690
0.476020
0.477346
0.478669
0.479988
0.481304
0.482617
0.483926
0.485232
0.486534
0.487834
0.489130
0.490422
0.491712
0.492998
0.494281
0.495560
0.496837
0.498110
0.499379
0.500646
0.501909
0.503170
0.504427
0.505680
0.506931
0.508178
0.509422
0.510663
0.511901
0.513136
0.514367
0.515596
0.516821
0.518043
0.519262
0.520478
0.521691
0.522901
0.524108
0.525311
0.526512
0.527710
0.528904
0.530095
0.531284
0.532469
0.533652
0.534831
0.536007
0.537181
0.538351
0.539518
0.540683
0.541844
0.543003
0.544158
0.545311
0.546461
0.547607
0.548751
0.549892
0.551030
0.552165
0.553297
0.554427
0.555553
0.556677
0.557798
0.558916
0.560031
0.561143
0.562252
0.563359
0.564463
0.565564
0.566662
0.567757
0.568850
0.569940
0.571027
0.572111
0.573192
0.574271
0.575347
0.576421
0.577491
0.578559
0.579624
0.580687
0.581746
0.582803
0.583858
0.584909
0.585958
0.587005
0.588048
0.589089
0.590128
0.591163
0.592197
0.593227
0.594255
0.595280
0.596303
0.597323
0.598340
0.599355
0.600367
0.601377
0.602384
0.603389
0.604391
0.605391
0.606388
0.607382
0.608374
0.609363
0.610350
0.611335
0.612316
0.613296
0.614273
0.615247
0.616219
0.617189
0.618156
0.619120
0.620082
0.621042
0.621999
0.622954
0.623907
0.624857
0.625804
0.626750
0.627692
0.628633
0.629571
0.630506
0.631440
0.632371
0.633299
0.634225
0.635149
0.636071
0.636990
0.637907
0.638821
0.639734
0.640644
0.641551
0.642457
0.643360
0.644260
0.645159
0.646055
0.646949
0.647841
0.648730
0.649617
0.650502
0.651385
0.652265
0.653143
0.654019
0.654893
0.655765
0.656634
0.657501
0.658366
0.659229
0.660090
0.660948
0.661805
0.662659
0.663511
0.664361
0.665208
0.666054
0.666897
0.667738
0.668578
0.669415
0.670250
0.671082
0.671913
0.672742
0.673568
0.674393
0.675215
0.676036
0.676854
0.677670
0.678484
0.679296
0.680106
0.680914
0.681720
0.682524
0.683326
0.684126
0.684924
0.685720
0.686514
0.687306
0.688096
0.688884
0.689670
0.690454
0.691236
0.692016
0.692794
0.693570
0.694345
0.695117
0.695887
0.696656
0.697422
0.698187
0.698949
0.699710
0.700469
0.701226
0.701981
0.702734
0.703486
0.704235
0.704983
0.705728
0.706472
0.707214
0.707954
0.708692
0.709429
0.710163
0.710896
0.711627
0.712356
0.713084
0.713809
0.714533
0.715255
0.715975
0.716693
0.717410
0.718124
0.718837
0.719549
0.720258
0.720966
0.721672
0.722376
0.723078
0.723779
0.724478
0.725175
0.725871
0.726564
0.727256
0.727947
0.728635
0.729322
0.730008
0.730691
0.731373
0.732053
0.732732
0.733408
0.734084
0.734757
0.735429
0.736099
0.736768
0.737435
0.738100
0.738764
0.739426
0.740086
0.740745
0.741402
0.742058
0.742711
0.743364
0.744015
0.744664
0.745311
0.745957
0.746602
0.747245
0.747886
0.748526
0.749164
0.749800
0.750435
0.751069
0.751701
0.752331
0.752960
0.753588
0.754213
0.754838
0.755461
0.756082
0.756702
0.757320
0.757937
0.758552
0.759166
0.759779
0.760389
0.760999
0.761607
0.762213
0.762818
0.763422
0.764024
0.764625
0.765224
0.765822
0.766418
0.767013
0.767607
0.768199
0.768790
0.769379
0.769967
0.770553
0.771139
0.771722
0.772305
0.772886
0.773465
0.774043
0.774620
0.775196
0.775770
0.776343
0.776914
0.777484
0.778053
0.778620
0.779186
0.779751
0.780314
0.780876
0.781437
0.781996
0.782555
0.783111
0.783667
0.784221
0.784774
0.785326
0.785876
0.786425
0.786973
0.787520
0.788065
0.788609
0.789152
0.789693
0.790233
0.790772
0.791310
0.791847
0.792382
0.792916
0.793449
0.793981
0.794511
0.795040
0.795568
0.796095
0.796621
0.797145
0.797668
0.798190
0.798711
0.799231
0.799749
0.800267
0.800783
0.801298
0.801812
0.802324
0.802836
0.803346
0.803856
0.804364
0.804871
0.805376
0.805881
0.806385
0.806887
0.807389
0.807889
0.808388
0.808886
0.809383
0.809879
0.810374
0.810867
0.811360
0.811851
0.812342
0.812831
0.813319
0.813807
0.814293
0.814778
0.815262
0.815745
0.816227
0.816708
0.817188
0.817667
0.818145
0.818621
0.819097
0.819572
0.820046
0.820519
0.820990
0.821461
0.821931
0.822400
0.822867
0.823334
0.823800
0.824265
0.824729
0.825192
0.825654
0.826115
0.826575
0.827034
0.827492
0.827949
0.828405
0.828860
0.829315
0.829768
0.830220
0.830672
0.831123
0.831572
0.832021
0.832469
0.832916
0.833362
0.833807
0.834251
0.834695
0.835137
0.835579
0.836019
0.836459
0.836898
0.837336
0.837773
0.838210
0.838645
0.839080
0.839514
