0.010875
0.023128
0.035788
0.049147
0.063881
0.081052
0.091277
0.102280
0.114757
0.129063
0.145684
0.165330
0.189202
0.219124
0.255332
0.290633
0.309109
0.302570
0.287541
0.282096
0.283234
0.285220
0.287222
0.289221
0.291219
0.293214
0.295206
0.297196
0.299184
0.301169
0.303152
0.305133
0.307112
0.309088
0.311063
0.313036
0.315008
0.316977
0.318945
0.320943
0.322730
0.324528
0.326328
0.328128
0.329927
0.331726
0.333525
0.335325
0.337124
0.338924
0.340724
0.342524
0.344325
0.346126
0.347928
0.349730
0.351533
0.353337
0.355142
0.356948
0.358755
0.360564
0.362373
0.364184
0.365996
0.367810
0.369625
0.371442
0.373260
0.375080
0.376903
0.378727
0.380553
0.382381
0.384211
0.386043
0.387878
0.389715
0.391554
0.393396
0.395240
0.397087
0.398937
0.400789
0.402644
0.404502
0.406362
0.408226
0.410092
0.411962
0.413834
0.415710
0.417589
0.419471
0.421357
0.423245
0.425137
0.427033
0.428932
0.430834
0.432740
0.434649
0.436562
0.438478
0.440398
0.442322
0.444249
0.446180
0.448115
0.450053
0.451995
0.453941
0.455891
0.457844
0.459801
0.461762
0.463727
0.465696
0.467668
0.469644
0.471624
0.473608
0.475596
0.477587
0.479582
0.481581
0.483584
0.485590
0.487600
0.489614
0.491631
0.493652
0.495677
0.497706
0.499738
0.501773
0.503812
0.505855
0.507901
0.509950
0.512003
0.514059
0.516118
0.518181
0.520247
0.522316
0.524388
0.526463
0.528542
0.530623
0.532707
0.534794
0.536884
0.538976
0.541072
0.543169
0.545270
0.547373
0.549478
0.551585
0.553695
0.555807
0.557922
0.560038
0.562156
0.564277
0.566399
0.568522
0.570648
0.572775
0.574904
0.577034
0.579165
0.581298
0.583432
0.585567
0.587703
0.589840
0.591978
0.594116
0.596256
0.598395
0.600536
0.602676
0.604817
0.606958
0.609100
0.611241
0.613382
0.615523
0.617664
0.619804
0.621944
0.624083
0.626222
0.628360
0.630497
0.632633
0.634768
0.636902
0.639034
0.641165
0.643295
0.645423
0.647550
0.649674
0.651797
0.653918
0.656037
0.658154
0.660268
0.662380
0.664490
0.666596
0.668701
0.670802
0.672901
0.674997
0.677089
0.679179
0.681265
0.683348
0.685427
0.687503
0.689575
0.691644
0.693708
0.695769
0.697826
0.699878
0.701927
0.703970
0.706010
0.708045
0.710076
0.712101
0.714122
0.716139
0.718150
0.720156
0.722157
0.724153
0.726143
0.728128
0.730108
0.732082
0.734051
0.736014
0.737971
0.739922
0.741867
0.743806
0.745739
0.747666
0.749586
0.751500
0.753408
0.755309
0.757204
0.759092
0.760974
0.762848
0.764716
0.766577
0.768431
0.770278
0.772117
0.773950
0.775775
0.777593
0.779404
0.781207
0.783003
0.784791
0.786572
0.788345
0.790111
0.791868
0.793618
0.795360
0.797094
0.798821
0.800539
0.802249
0.803951
0.805645
0.807331
0.809008
0.810678
0.812339
0.813992
0.815636
0.817272
0.818900
0.820519
0.822129
0.823731
0.825325
0.826910
0.828486
0.830053
0.831612
0.833163
0.834704
0.836237
0.837761
0.839276
0.840782
0.842280
0.843768
0.845248
0.846719
0.848181
0.849634
0.851078
0.852514
0.853940
0.855357
0.856766
0.858165
0.859555
0.860937
0.862309
0.863673
0.865027
0.866372
0.867709
0.869036
0.870354
0.871664
0.872964
0.874256
0.875538
0.876811
0.878076
0.879331
0.880577
0.881815
0.883043
0.884263
0.885473
0.886675
0.887868
0.889052
0.890227
0.891393
0.892550
0.893698
0.894838
0.895969
0.897091
0.898204
0.899309
0.900404
0.901491
0.902570
0.903639
0.904700
0.905753
0.906797
0.907832
0.908859
0.909877
0.910886
0.911888
0.912880
0.913865
0.914841
0.915809
0.916768
0.917719
0.918662
0.919596
0.920523
0.921441
0.922351
0.923253
0.924147
0.925032
0.925910
0.926780
0.927642
0.928496
0.929342
0.930181
0.931011
0.931834
0.932649
0.933457
0.934257
0.935049
0.935834
0.936611
0.937381
0.938143
0.938898
0.939645
0.940386
0.941119
0.941844
0.942563
0.943274
0.943978
0.944676
0.945366
0.946049
0.946725
0.947394
0.948057
0.948713
0.949361
0.950004
0.950639
0.951268
0.951890
0.952506
0.953115
0.953718
0.954314
0.954904
0.955487
0.956065
0.956636
0.957201
0.957759
0.958312
0.958858
0.959399
0.959933
0.960462
0.960985
0.961501
0.962013
0.962518
0.963017
0.963511
0.964000
0.964482
0.964959
0.965431
0.965897
0.966358
0.966814
0.967264
0.967709
0.968148
0.968583
0.969012
0.969436
0.969855
0.970270
0.970679
0.971083
0.971483
0.971877
0.972267
0.972652
0.973032
0.973408
0.973779
0.974145
0.974507
0.974865
0.975218
0.975566
0.975910
0.976250
0.976586
0.976917
0.977244
0.977567
0.977886
0.978201
0.978511
0.978818
0.979121
0.979420
0.979714
0.980005
0.980293
0.980576
0.980856
0.981132
0.981404
0.981673
0.981938
0.982200
0.982458
0.982712
0.982964
0.983211
0.983456
0.983697
0.983935
0.984169
0.984401
0.984629
0.984854
0.985076
0.985295
0.985510
0.985723
0.985933
0.986140
0.986344
0.986545
0.986743
0.986938
0.987131
0.987321
0.987508
0.987692
0.987874
0.988053
0.988230
0.988404
0.988575
0.988744
0.988911
0.989075
0.989237
0.989396
0.989553
0.989708
0.989860
0.990010
0.990158
0.990303
0.990447
0.990588
0.990727
0.990864
0.990999
0.991132
0.991263
0.991392
0.991519
0.991643
0.991766
0.991888
0.992007
0.992124
0.992240
0.992354
0.992466
0.992576
0.992684
0.992791
0.992896
0.993000
0.993101
0.993202
0.993300
0.993397
0.993493
0.993587
0.993679
0.993770
0.993859
0.993947
0.994034
0.994119
0.994203
0.994285
0.994366
0.994446
0.994525
0.994602
0.994677
0.994752
0.994825
0.994897
0.994968
0.995038
0.995107
0.995174
0.995240
0.995305
0.995369
0.995432
0.995494
0.995555
0.995615
0.995674
0.995731
0.995788
0.995844
0.995899
0.995953
0.996005
0.996057
0.996109
0.996159
0.996208
0.996257
0.996304
0.996351
0.996397
0.996442
0.996486
