0.012719
0.026961
0.041561
0.056801
0.073044
0.091002
0.113156
0.143157
0.174384
0.209615
0.240873
0.262064
0.272910
0.277106
0.278694
0.279996
0.281668
0.283589
0.285561
0.287530
0.289493
0.291449
0.293400
0.295345
0.297284
0.299217
0.301145
0.303067
0.304983
0.306894
0.308799
0.310699
0.312593
0.314482
0.316366
0.318244
0.320118
0.321986
0.323848
0.325754
0.327460
0.329155
0.330846
0.332532
0.334214
0.335892
0.337566
0.339235
0.340900
0.342561
0.344218
0.345871
0.347520
0.349164
0.350805
0.352441
0.354074
0.355702
0.357326
0.358946
0.360562
0.362174
0.363783
0.365387
0.366987
0.368583
0.370175
0.371764
0.373348
0.374929
0.376506
0.378078
0.379647
0.381212
0.382774
0.384331
0.385885
0.387435
0.388981
0.390523
0.392062
0.393596
0.395127
0.396655
0.398178
0.399698
0.401215
0.402727
0.404236
0.405742
0.407243
0.408742
0.410236
0.411727
0.413214
0.414698
0.416178
0.417655
0.419128
0.420598
0.422064
0.423527
0.424987
0.426442
0.427895
0.429344
0.430789
0.432232
0.433670
0.435106
0.436538
0.437967
0.439392
0.440814
0.442233
0.443649
0.445061
0.446470
0.447876
0.449278
0.450678
0.452074
0.453467
0.454856
0.456243
0.457627
0.459007
0.460384
0.461758
0.463129
0.464497
0.465862
0.467224
0.468582
0.469938
0.471291
0.472640
0.473987
0.475331
0.476671
0.478009
0.479344
0.480676
0.482005
0.483331
0.484655
0.485975
0.487293
0.488608
0.489919
0.491229
0.492535
0.493838
0.495139
0.496437
0.497732
0.499025
0.500315
0.501602
0.502886
0.504168
0.505447
0.506724
0.507998
0.509269
0.510538
0.511804
0.513067
0.514328
0.515586
0.516842
0.518095
0.519346
0.520594
0.521840
0.523083
0.524324
0.525563
0.526799
0.528032
0.529263
0.530492
0.531719
0.532943
0.534164
0.535384
0.536601
0.537815
0.539028
0.540238
0.541446
0.542651
0.543855
0.545056
0.546255
0.547451
0.548646
0.549838
0.551028
0.552216
0.553402
0.554586
0.555768
0.556947
0.558124
0.559300
0.560473
0.561644
0.562814
0.563981
0.565146
0.566309
0.567470
0.568629
0.569787
0.570942
0.572095
0.573247
0.574396
0.575544
0.576689
0.577833
0.578975
0.580115
0.581254
0.582390
0.583525
0.584657
0.585788
0.586918
0.588045
0.589171
0.590295
0.591417
0.592537
0.593656
0.594773
0.595889
0.597002
0.598114
0.599225
0.600334
0.601441
0.602546
0.603650
0.604752
0.605853
0.606952
0.608050
0.609146
0.610240
0.611333
0.612424
0.613514
0.614603
0.615689
0.616775
0.617859
0.618941
0.620022
0.621102
0.622180
0.623256
0.624332
0.625406
0.626478
0.627549
0.628619
0.629687
0.630754
0.631820
0.632884
0.633947
0.635009
0.636069
0.637128
0.638186
0.639242
0.640297
0.641351
0.642404
0.643455
0.644505
0.645554
0.646602
0.647648
0.648693
0.649737
0.650780
0.651822
0.652862
0.653902
0.654940
0.655977
0.657013
0.658047
0.659081
0.660113
0.661144
0.662175
0.663204
0.664232
0.665258
0.666284
0.667309
0.668333
0.669355
0.670376
0.671397
0.672416
0.673435
0.674452
0.675468
0.676483
0.677497
0.678510
0.679523
0.680534
0.681544
0.682553
0.683561
0.684568
0.685574
0.686579
0.687583
0.688587
0.689589
0.690590
0.691590
0.692590
0.693588
0.694585
0.695582
0.696577
0.697572
0.698565
0.699558
0.700550
0.701541
0.702530
0.703519
0.704507
0.705495
0.706481
0.707466
0.708450
0.709434
0.710416
0.711398
0.712379
0.713359
0.714337
0.715315
0.716293
0.717269
0.718244
0.719218
0.720192
0.721164
0.722136
0.723107
0.724077
0.725046
0.726014
0.726981
0.727947
0.728913
0.729877
0.730841
0.731804
0.732765
0.733726
0.734686
0.735646
0.736604
0.737561
0.738517
0.739473
0.740427
0.741381
0.742334
0.743286
0.744236
0.745186
0.746136
0.747084
0.748031
0.748977
0.749922
0.750867
0.751810
0.752753
0.753694
0.754635
0.755575
0.756513
0.757451
0.758388
0.759324
0.760259
0.761193
0.762126
0.763057
0.763988
0.764918
0.765847
0.766775
0.767702
0.768628
0.769553
0.770477
0.771400
0.772322
0.773243
0.774163
0.775081
0.775999
0.776916
0.777831
0.778746
0.779659
0.780572
0.781483
0.782393
0.783302
0.784210
0.785117
0.786023
0.786928
0.787831
0.788734
0.789635
0.790535
0.791434
0.792332
0.793229
0.794124
0.795019
0.795912
0.796804
0.797694
0.798584
0.799472
0.800359
0.801245
0.802130
0.803013
0.803895
0.804776
0.805655
0.806534
0.807411
0.808286
0.809161
0.810034
0.810906
0.811776
0.812645
0.813513
0.814379
0.815244
0.816108
0.816970
0.817831
0.818691
0.819549
0.820405
0.821261
0.822114
0.822967
0.823818
0.824667
0.825515
0.826362
0.827207
0.828050
0.828892
0.829733
0.830572
0.831409
0.832245
0.833079
0.833912
0.834744
0.835573
0.836401
0.837228
0.838053
0.838876
0.839697
0.840517
0.841336
0.842152
0.842967
0.843781
0.844593
0.845402
0.846211
0.847017
0.847822
0.848625
0.849427
0.850226
0.851024
0.851820
0.852615
0.853407
0.854198
0.854987
0.855774
0.856559
0.857343
0.858124
0.858904
0.859682
0.860458
0.861232
0.862004
0.862775
0.863543
0.864309
0.865074
0.865837
0.866597
0.867356
0.868113
0.868868
0.869621
0.870371
0.871120
0.871867
0.872612
0.873355
0.874095
0.874834
0.875571
0.876305
0.877038
0.877768
0.878496
0.879223
0.879947
0.880669
0.881388
0.882106
0.882822
0.883535
0.884247
0.884956
0.885663
0.886367
0.887070
0.887770
0.888469
0.889164
0.889858
0.890550
0.891239
0.891926
0.892611
0.893293
0.893974
0.894652
0.895327
0.896001
0.896672
0.897341
0.898007
0.898671
0.899333
0.899993
0.900650
0.901305
0.901957
0.902608
0.903255
0.903901
0.904544
0.905185
0.905823
0.906459
0.907092
0.907723
0.908352
0.908978
0.909602
0.910224
0.910843
0.911459
0.912073
0.912685
0.913294
0.913901
0.914505
0.915107
0.915707
0.916304
0.916898
0.917490
0.918080
