0.032516
0.069994
0.110705
0.157269
0.213402
0.276241
0.301049
0.261807
0.239243
0.245532
0.253987
0.262242
0.270465
0.278921
0.288533
0.296789
0.299550
0.301762
0.303977
0.306198
0.308424
0.310656
0.312893
0.315136
0.317386
0.319642
0.321904
0.324173
0.326449
0.328732
0.331023
0.333322
0.335628
0.337943
0.340267
0.342599
0.344940
0.347290
0.349649
0.352051
0.354234
0.356450
0.358678
0.360919
0.363171
0.365436
0.367712
0.370001
0.372303
0.374616
0.376943
0.379283
0.381635
0.384000
0.386379
0.388771
0.391176
0.393595
0.396028
0.398474
0.400934
0.403407
0.405895
0.408397
0.410912
0.413442
0.415986
0.418544
0.421117
0.423703
0.426304
0.428919
0.431549
0.434192
0.436850
0.439522
0.442209
0.444909
0.447624
0.450352
0.453095
0.455852
0.458623
0.461407
0.464205
0.467017
0.469842
0.472681
0.475533
0.478398
0.481276
0.484167
0.487071
0.489988
0.492917
0.495858
0.498811
0.501777
0.504754
0.507742
0.510742
0.513753
0.516775
0.519808
0.522851
0.525904
0.528967
0.532040
0.535123
0.538214
0.541315
0.544424
0.547542
0.550667
0.553801
0.556942
0.560090
0.563245
0.566407
0.569575
0.572749
0.575929
0.579114
0.582304
0.585498
0.588697
0.591900
0.595107
0.598317
0.601530
0.604745
0.607963
0.611182
0.614403
0.617625
0.620848
0.624072
0.627295
0.630518
0.633740
0.636962
0.640182
0.643400
0.646616
0.649829
0.653039
0.656246
0.659450
0.662649
0.665844
0.669034
0.672219
0.675399
0.678573
0.681740
0.684901
0.688055
0.691201
0.694340
0.697470
0.700593
0.703706
0.706811
0.709906
0.712991
0.716066
0.719130
0.722184
0.725227
0.728258
0.731277
0.734285
0.737280
0.740262
0.743231
0.746187
0.749129
0.752058
0.754972
0.757872
0.760757
0.763627
0.766482
0.769321
0.772144
0.774952
0.777743
0.780517
0.783275
0.786016
0.788740
0.791446
0.794134
0.796805
0.799458
0.802092
0.804708
0.807306
0.809884
0.812444
0.814984
0.817506
0.820008
0.822490
0.824953
0.827395
0.829818
0.832221
0.834603
0.836965
0.839307
0.841628
0.843929
0.846209
0.848468
0.850706
0.852923
0.855119
0.857295
0.859449
0.861582
0.863694
0.865784
0.867854
0.869902
0.871928
0.873934
0.875918
0.877881
0.879822
0.881742
0.883641
0.885519
0.887375
0.889210
0.891024
0.892817
0.894588
0.896339
0.898068
0.899777
0.901464
0.903131
0.904777
0.906402
0.908007
0.909591
0.911155
0.912698
0.914221
0.915723
0.917206
0.918668
0.920111
0.921534
0.922937
0.924321
0.925685
0.927030
0.928355
0.929662
0.930949
0.932218
0.933468
0.934700
0.935913
0.937107
0.938284
0.939443
0.940583
0.941706
0.942812
0.943900
0.944971
0.946024
0.947061
0.948081
0.949084
0.950071
0.951042
0.951996
0.952934
0.953857
0.954764
0.955655
0.956531
0.957392
0.958238
0.959069
0.959885
0.960687
0.961475
0.962248
0.963008
0.963753
0.964485
0.965203
0.965909
0.966601
0.967279
0.967946
0.968599
0.969240
0.969869
0.970486
0.971090
0.971683
0.972264
0.972834
0.973392
0.973939
0.974476
0.975001
0.975516
0.976020
0.976514
0.976997
0.977471
0.977935
0.978389
0.978833
0.979268
0.979694
0.980110
0.980518
0.980917
0.981307
0.981689
0.982062
0.982427
0.982784
0.983133
0.983474
0.983807
0.984133
0.984451
0.984763
0.985067
0.985364
0.985654
0.985937
0.986214
0.986484
0.986748
0.987006
0.987257
0.987502
0.987742
0.987975
0.988204
0.988426
0.988643
0.988855
0.989061
0.989262
0.989458
0.989650
0.989836
0.990018
0.990195
0.990368
0.990536
0.990700
0.990860
0.991015
0.991167
0.991314
0.991458
0.991597
0.991733
0.991866
0.991995
0.992120
0.992242
0.992361
0.992477
0.992589
0.992698
0.992805
0.992908
0.993008
0.993106
0.993201
0.993293
0.993383
0.993470
0.993555
0.993637
0.993717
0.993794
0.993869
0.993943
0.994014
0.994083
0.994149
0.994214
0.994277
0.994338
0.994398
0.994455
0.994511
0.994565
0.994618
0.994669
0.994718
0.994766
0.994812
0.994857
0.994901
0.994943
0.994984
0.995023
0.995062
0.995099
0.995135
0.995169
0.995203
0.995236
0.995267
0.995298
0.995327
0.995356
0.995384
0.995411
0.995436
0.995461
0.995486
0.995509
0.995532
0.995554
0.995575
0.995595
0.995615
0.995634
0.995652
0.995670
0.995687
0.995704
0.995720
0.995735
0.995750
0.995765
0.995779
0.995792
0.995805
0.995818
0.995830
0.995841
0.995853
0.995863
0.995874
0.995884
0.995893
0.995903
0.995912
0.995920
0.995929
0.995937
0.995945
0.995952
0.995959
0.995966
0.995973
0.995979
0.995985
0.995991
0.995997
0.996003
0.996008
0.996013
0.996018
0.996022
0.996027
0.996031
0.996036
0.996040
0.996043
0.996047
0.996051
0.996054
0.996057
0.996061
0.996064
0.996066
0.996069
0.996072
0.996074
0.996077
0.996079
0.996082
0.996084
0.996086
0.996088
0.996090
0.996092
0.996093
0.996095
0.996097
0.996098
0.996100
0.996101
0.996103
0.996104
0.996105
0.996106
0.996107
0.996109
0.996110
0.996111
0.996112
0.996113
0.996113
0.996114
0.996115
0.996116
0.996117
0.996117
0.996118
0.996119
0.996119
0.996120
0.996120
0.996121
0.996121
0.996122
0.996122
0.996123
0.996123
0.996124
0.996124
0.996124
0.996125
0.996125
0.996125
0.996126
0.996126
0.996126
0.996127
0.996127
0.996127
0.996127
0.996128
0.996128
0.996128
0.996128
0.996128
0.996128
0.996129
0.996129
0.996129
0.996129
0.996129
0.996129
0.996129
0.996130
0.996130
0.996130
0.996130
0.996130
0.996130
0.996130
0.996130
0.996130
0.996130
0.996130
0.996131
0.996131
0.996131
0.996131
0.996131
0.996131
0.996131
0.996131
0.996131
0.996131
0.996131
0.996131
0.996131
0.996131
0.996131
0.996131
0.996131
0.996131
0.996131
0.996131
0.996131
0.996131
0.996131
0.996131
0.996131
0.996131
0.996131
0.996131
0.996131
0.996131
0.996131
0.996131
0.996132
0.996132
0.996132
