0.415706
0.544586
0.618742
0.668532
0.704949
0.733196
0.756034
0.775060
0.791249
0.805231
0.817473
0.828322
0.838034
0.846803
0.854794
0.862149
0.868981
0.875377
0.881439
0.887308
0.893156
0.899259
0.906274
0.912794
0.914731
0.914858
0.914872
0.914883
0.914892
0.914899
0.914906
0.914911
0.914915
0.914919
0.914922
0.914924
0.914926
0.914927
0.914929
0.914930
0.914931
0.914931
0.914932
0.914932
0.914933
0.914933
0.914933
0.914933
0.914933
0.914934
0.914934
0.914934
0.914934
0.914934
0.914934
0.914934
0.914934
0.914934
0.914934
0.914934
0.914934
0.914934
0.914934
0.914934
0.914934
0.914934
0.914934
0.914934
0.914934
0.914934
0.914934
0.914934
0.914934
0.914934
0.914934
0.914934
0.914934
0.914934
0.914934
0.914934
0.914934
0.914934
0.914934
0.914934
0.914934
0.914934
0.914934
0.914934
0.914934
0.914934
0.914934
0.914934
0.914934
0.914934
0.914934
0.914934
0.914934
0.914934
0.914934
0.914934
0.914934
0.914934
0.914934
0.914934
0.914934
0.914934
0.914934
0.914934
0.914934
0.914934
0.914934
0.914934
0.914934
0.914934
0.914934
0.914934
0.914934
0.914934
0.914934
0.914934
0.914934
0.914934
0.914934
0.914934
0.914934
0.914934
0.914934
0.914934
0.914934
0.914934
0.914934
0.914934
0.914934
0.914934
0.914934
0.914934
0.914934
0.914934
0.914934
0.914934
0.914934
0.914934
0.914934
0.914934
0.914934
0.914934
0.914934
0.914934
0.914934
0.914934
0.914934
0.914934
0.914934
0.914934
0.914934
0.914934
0.914934
0.914934
0.914934
0.914934
0.914934
0.914934
0.914934
0.914934
0.914934
0.914934
0.914934
0.914934
0.914934
0.914934
0.914934
0.914934
0.914934
0.914934
0.914934
0.914934
0.914934
0.914934
0.914934
0.914934
0.914934
0.914934
0.914934
0.914934
0.914934
0.914934
0.914934
0.914934
0.914934
0.914934
0.914934
0.914934
0.914934
0.914934
0.914934
0.914934
0.914934
0.914934
0.914934
0.914934
0.914934
0.914934
0.914934
0.914934
0.914934
0.914934
0.914934
0.914934
0.914934
0.914934
0.914934
0.914934
0.914934
0.914934
0.914934
0.914934
0.914934
0.914934
0.914934
0.914934
0.914934
0.914934
0.914934
0.914934
0.914934
0.914934
0.914934
0.914934
0.914934
0.914934
0.914934
0.914934
0.914934
0.914934
0.914934
0.914934
0.914934
0.914934
0.914934
0.914934
0.914934
0.914934
0.914934
0.914934
0.914934
0.914934
0.914934
0.914934
0.914934
0.914934
0.914934
0.914934
0.914934
0.914934
0.914934
0.914934
0.914934
0.914934
0.914934
0.914934
0.914934
0.914934
0.914934
0.914934
0.914934
0.914934
0.914934
0.914934
0.914934
0.914934
0.914934
0.914934
0.914934
0.914934
0.914934
0.914934
0.914934
0.914934
0.914934
0.914934
0.914934
0.914934
0.914934
0.914934
0.914934
0.914934
0.914934
0.914934
0.914934
0.914934
0.914934
0.914934
0.914934
0.914934
0.914934
0.914934
0.914934
0.914934
0.914934
0.914934
0.914934
0.914934
0.914934
0.914934
0.914934
0.914934
0.914934
0.914934
0.914934
0.914934
0.914934
0.914934
0.914934
0.914934
0.914934
0.914934
0.914934
0.914934
0.914934
0.914934
0.914934
0.914934
0.914934
0.914934
0.914934
0.914934
0.914934
0.914934
0.914934
0.914934
0.914934
0.914934
0.914934
0.914934
0.914934
0.914934
0.914934
0.914934
0.914934
0.914934
0.914934
0.914934
0.914934
0.914934
0.914934
0.914934
0.914934
0.914934
0.914934
0.914934
0.914934
0.914934
0.914934
0.914934
0.914934
0.914934
0.914934
0.914934
0.914934
0.914934
0.914934
0.914934
0.914934
0.914934
0.914934
0.914934
0.914934
0.914934
0.914934
0.914934
0.914934
0.914934
0.914934
0.914934
0.914934
0.914934
0.914934
0.914934
0.914934
0.914934
0.914934
0.914934
0.914934
0.914934
0.914934
0.914934
0.914934
0.914934
0.914934
0.914934
0.914934
0.914934
0.914934
0.914934
0.914934
0.914934
0.914934
0.914934
0.914934
0.914934
0.914934
0.914934
0.914934
0.914934
0.914934
0.914934
0.914934
0.914934
0.914934
0.914934
0.914934
0.914934
0.914934
0.914934
0.914934
0.914934
0.914934
0.914934
0.914934
0.914934
0.914934
0.914934
0.914934
0.914934
0.914934
0.914934
0.914934
0.914934
0.914934
0.914934
0.914934
0.914934
0.914934
0.914934
0.914934
0.914934
0.914934
0.914934
0.914934
0.914934
0.914934
0.914934
0.914934
0.914934
0.914934
0.914934
0.914934
0.914934
0.914934
0.914934
0.914934
0.914934
0.914934
0.914934
0.914934
0.914934
0.914934
0.914934
0.914934
0.914934
0.914934
0.914934
0.914934
0.914934
0.914934
0.914934
0.914934
0.914934
0.914934
0.914934
0.914934
0.914934
0.914934
0.914934
0.914934
0.914934
0.914934
0.914934
0.914934
0.914934
0.914934
0.914934
0.914934
0.914934
0.914934
0.914934
0.914934
0.914934
0.914934
0.914934
0.914934
0.914934
0.914934
0.914934
0.914934
0.914934
0.914934
0.914934
0.914934
0.914934
0.914934
0.914934
0.914934
0.914934
0.914934
0.914934
0.914934
0.914934
0.914934
0.914934
0.914934
0.914934
0.914934
0.914934
0.914934
0.914934
0.914934
0.914934
0.914934
0.914934
0.914934
0.914934
0.914934
0.914934
0.914934
0.914934
0.914934
0.914934
0.914934
0.914934
0.914934
0.914934
0.914934
0.914934
0.914934
0.914934
0.914934
0.914934
0.914934
0.914934
0.914934
0.914934
0.914934
0.914934
0.914934
0.914934
0.914934
0.914934
0.914934
0.914934
0.914934
0.914934
0.914934
0.914934
0.914934
0.914934
0.914934
0.914934
0.914934
0.914934
0.914934
0.914934
0.914934
0.914934
0.914934
0.914934
0.914934
0.914934
0.914934
0.914934
0.914934
0.914934
0.914934
0.914934
0.914934
0.914934
0.914934
0.914934
0.914934
0.914934
0.914934
0.914934
0.914934
0.914934
0.914934
0.914934
0.914934
0.914934
0.914934
0.914934
0.914934
0.914934
0.914934
0.914934
0.914934
0.914934
0.914934
0.914934
0.914934
0.914934
