0.009842
0.021298
0.035522
0.042832
0.048673
0.054969
0.061805
0.069293
0.077567
0.086786
0.097134
0.108851
0.122260
0.137796
0.156037
0.177773
0.204261
0.237564
0.281061
0.339861
0.412534
0.444940
0.384228
0.343216
0.341631
0.344723
0.347963
0.351263
0.354616
0.358020
0.361471
0.364967
0.368508
0.372091
0.375717
0.379384
0.383092
0.386840
0.390628
0.394540
0.398207
0.401934
0.405705
0.409517
0.413371
0.417265
0.421199
0.425172
0.429184
0.433234
0.437321
0.441444
0.445604
0.449799
0.454028
0.458291
0.462587
0.466915
0.471274
0.475663
0.480082
0.484529
0.489003
0.493504
0.498030
0.502580
0.507153
0.511748
0.516365
0.521000
0.525655
0.530327
0.535015
0.539718
0.544434
0.549163
0.553904
0.558654
0.563412
0.568179
0.572951
0.577728
0.582508
0.587291
0.592075
0.596858
0.601639
0.606418
0.611192
0.615961
0.620723
0.625476
0.630221
0.634955
0.639678
0.644387
0.649082
0.653762
0.658426
0.663072
0.667699
0.672307
0.676893
0.681458
0.686000
0.690518
0.695010
0.699477
0.703917
0.708330
0.712714
0.717068
0.721392
0.725685
0.729946
0.734174
0.738369
0.742530
0.746656
0.750747
0.754802
0.758820
0.762802
0.766745
0.770651
0.774518
0.778346
0.782135
0.785884
0.789592
0.793261
0.796888
0.800475
0.804020
0.807523
0.810985
0.814405
0.817783
0.821119
0.824412
0.827664
0.830872
0.834039
0.837163
0.840244
0.843283
0.846280
0.849234
0.852146
0.855016
0.857845
0.860631
0.863376
0.866079
0.868740
0.871361
0.873941
0.876480
0.878979
0.881438
0.883857
0.886236
0.888576
0.890877
0.893139
0.895363
0.897549
0.899697
0.901808
0.903882
0.905919
0.907920
0.909886
0.911816
0.913710
0.915570
0.917396
0.919188
0.920947
0.922672
0.924365
0.926025
0.927654
0.929252
0.930818
0.932354
0.933860
0.935336
0.936782
0.938200
0.939590
0.940951
0.942285
0.943592
0.944872
0.946125
0.947353
0.948555
0.949732
0.950885
0.952013
0.953117
0.954198
0.955256
0.956291
0.957304
0.958296
0.959265
0.960214
0.961141
0.962049
0.962936
0.963804
0.964653
0.965482
0.966294
0.967087
0.967862
0.968620
0.969360
0.970084
0.970791
0.971482
0.972157
0.972817
0.973462
0.974091
0.974706
0.975307
0.975894
0.976467
0.977026
0.977573
0.978106
0.978627
0.979136
0.979632
0.980117
0.980590
0.981052
0.981503
0.981943
0.982372
0.982791
0.983200
0.983599
0.983988
0.984368
0.984739
0.985100
0.985453
0.985797
0.986132
0.986459
0.986779
0.987090
0.987393
0.987689
0.987978
0.988260
0.988534
0.988802
0.989063
0.989317
0.989565
0.989807
0.990043
0.990273
0.990497
0.990715
0.990928
0.991135
0.991337
0.991534
0.991726
0.991913
0.992095
0.992273
0.992446
0.992615
0.992779
0.992939
0.993095
0.993247
0.993395
0.993540
0.993680
0.993817
0.993950
0.994080
0.994207
0.994330
0.994450
0.994567
0.994681
0.994792
0.994900
0.995005
0.995107
0.995207
0.995304
0.995399
0.995491
0.995580
0.995668
0.995753
0.995836
0.995916
0.995995
0.996071
0.996145
0.996218
0.996288
0.996357
0.996424
0.996489
0.996552
0.996614
0.996674
0.996732
0.996789
0.996844
0.996898
0.996951
0.997002
0.997051
0.997100
0.997147
0.997192
0.997237
0.997280
0.997323
0.997364
0.997404
0.997443
0.997480
0.997517
0.997553
0.997588
0.997622
0.997655
0.997687
0.997718
0.997749
0.997778
0.997807
0.997835
0.997862
0.997889
0.997915
0.997940
0.997964
0.997988
0.998011
0.998034
0.998056
0.998077
0.998098
0.998118
0.998137
0.998156
0.998175
0.998193
0.998211
0.998228
0.998244
0.998260
0.998276
0.998291
0.998306
0.998321
0.998335
0.998349
0.998362
0.998375
0.998387
0.998400
0.998412
0.998423
0.998435
0.998446
0.998456
0.998467
0.998477
0.998486
0.998496
0.998505
0.998514
0.998523
0.998532
0.998540
0.998548
0.998556
0.998564
0.998571
0.998578
0.998585
0.998592
0.998599
0.998605
0.998611
0.998618
0.998623
0.998629
0.998635
0.998640
0.998646
0.998651
0.998656
0.998661
0.998665
0.998670
0.998675
0.998679
0.998683
0.998687
0.998691
0.998695
0.998699
0.998703
0.998706
0.998710
0.998713
0.998716
0.998720
0.998723
0.998726
0.998729
0.998732
0.998734
0.998737
0.998740
0.998742
0.998745
0.998747
0.998750
0.998752
0.998754
0.998756
0.998758
0.998760
0.998762
0.998764
0.998766
0.998768
0.998770
0.998771
0.998773
0.998775
0.998776
0.998778
0.998779
0.998781
0.998782
0.998784
0.998785
0.998786
0.998787
0.998789
0.998790
0.998791
0.998792
0.998793
0.998794
0.998795
0.998796
0.998797
0.998798
0.998799
0.998800
0.998801
0.998802
0.998803
0.998803
0.998804
0.998805
0.998806
0.998806
0.998807
0.998808
0.998808
0.998809
0.998810
0.998810
0.998811
0.998811
0.998812
0.998813
0.998813
0.998814
0.998814
0.998815
0.998815
0.998815
0.998816
0.998816
0.998817
0.998817
0.998818
0.998818
0.998818
0.998819
0.998819
0.998819
0.998820
0.998820
0.998820
0.998821
0.998821
0.998821
0.998821
0.998822
0.998822
0.998822
0.998823
0.998823
0.998823
0.998823
0.998823
0.998824
0.998824
0.998824
0.998824
0.998824
0.998825
0.998825
0.998825
0.998825
0.998825
0.998825
0.998826
0.998826
0.998826
0.998826
0.998826
0.998826
0.998826
0.998827
0.998827
0.998827
0.998827
0.998827
0.998827
0.998827
0.998827
0.998828
0.998828
0.998828
0.998828
0.998828
0.998828
0.998828
0.998828
0.998828
0.998828
0.998828
0.998828
0.998829
0.998829
0.998829
0.998829
0.998829
0.998829
0.998829
0.998829
0.998829
0.998829
0.998829
0.998829
0.998829
0.998829
0.998829
0.998829
0.998829
0.998829
0.998829
0.998830
0.998830
0.998830
0.998830
0.998830
0.998830
0.998830
0.998830
0.998830
0.998830
0.998830
0.998830
0.998830
0.998830
0.998830
0.998830
0.998830
0.998830
0.998830
0.998830
0.998830
0.998830
0.998830
0.998830
