0.349376
0.660897
0.711848
0.748648
0.777027
0.799849
0.818785
0.834875
0.848768
0.860921
0.871682
0.881315
0.890012
0.897931
0.905211
0.911970
0.918301
0.924288
0.930053
0.935744
0.941573
0.947998
0.955216
0.959243
0.959816
0.959878
0.959922
0.959962
0.959999
0.960032
0.960063
0.960090
0.960115
0.960137
0.960158
0.960176
0.960192
0.960207
0.960220
0.960232
0.960242
0.960252
0.960260
0.960267
0.960274
0.960280
0.960285
0.960289
0.960293
0.960297
0.960300
0.960303
0.960305
0.960307
0.960309
0.960310
0.960312
0.960313
0.960314
0.960315
0.960316
0.960316
0.960317
0.960317
0.960318
0.960318
0.960319
0.960319
0.960319
0.960319
0.960319
0.960320
0.960320
0.960320
0.960320
0.960320
0.960320
0.960320
0.960320
0.960320
0.960320
0.960320
0.960320
0.960320
0.960320
0.960320
0.960320
0.960320
0.960320
0.960320
0.960320
0.960320
0.960320
0.960320
0.960320
0.960320
0.960320
0.960320
0.960320
0.960320
0.960320
0.960320
0.960320
0.960320
0.960320
0.960320
0.960320
0.960320
0.960320
0.960320
0.960320
0.960320
0.960320
0.960320
0.960320
0.960320
0.960320
0.960320
0.960320
0.960320
0.960320
0.960320
0.960320
0.960320
0.960320
0.960320
0.960320
0.960320
0.960320
0.960320
0.960320
0.960320
0.960320
0.960320
0.960320
0.960320
0.960320
0.960320
0.960320
0.960320
0.960320
0.960320
0.960320
0.960320
0.960320
0.960320
0.960320
0.960320
0.960320
0.960320
0.960320
0.960320
0.960320
0.960320
0.960320
0.960320
0.960320
0.960320
0.960320
0.960320
0.960320
0.960320
0.960320
0.960320
0.960320
0.960320
0.960320
0.960320
0.960320
0.960320
0.960320
0.960320
0.960320
0.960320
0.960320
0.960320
0.960320
0.960320
0.960320
0.960320
0.960320
0.960320
0.960320
0.960320
0.960320
0.960320
0.960320
0.960320
0.960320
0.960320
0.960320
0.960320
0.960320
0.960320
0.960320
0.960320
0.960320
0.960320
0.960320
0.960320
0.960320
0.960320
0.960320
0.960320
0.960320
0.960320
0.960320
0.960320
0.960320
0.960320
0.960320
0.960320
0.960320
0.960320
0.960320
0.960320
0.960320
0.960320
0.960320
0.960320
0.960320
0.960320
0.960320
0.960320
0.960320
0.960320
0.960320
0.960320
0.960320
0.960320
0.960320
0.960320
0.960320
0.960320
0.960320
0.960320
0.960320
0.960320
0.960320
0.960320
0.960320
0.960320
0.960320
0.960320
0.960320
0.960320
0.960320
0.960320
0.960320
0.960320
0.960320
0.960320
0.960320
0.960320
0.960320
0.960320
0.960320
0.960320
0.960320
0.960320
0.960320
0.960320
0.960320
0.960320
0.960320
0.960320
0.960320
0.960320
0.960320
0.960320
0.960320
0.960320
0.960320
0.960320
0.960320
0.960320
0.960320
0.960320
0.960320
0.960320
0.960320
0.960320
0.960320
0.960320
0.960320
0.960320
0.960320
0.960320
0.960320
0.960320
0.960320
0.960320
0.960320
0.960320
0.960320
0.960320
0.960320
0.960320
0.960320
0.960320
0.960320
0.960320
0.960320
0.960320
0.960320
0.960320
0.960320
0.960320
0.960320
0.960320
0.960320
0.960320
0.960320
0.960320
0.960320
0.960320
0.960320
0.960320
0.960320
0.960320
0.960320
0.960320
0.960320
0.960320
0.960320
0.960320
0.960320
0.960320
0.960320
0.960320
0.960320
0.960320
0.960320
0.960320
0.960320
0.960320
0.960320
0.960320
0.960320
0.960320
0.960320
0.960320
0.960320
0.960320
0.960320
0.960320
0.960320
0.960320
0.960320
0.960320
0.960320
0.960320
0.960320
0.960320
0.960320
0.960320
0.960320
0.960320
0.960320
0.960320
0.960320
0.960320
0.960320
0.960320
0.960320
0.960320
0.960320
0.960320
0.960320
0.960320
0.960320
0.960320
0.960320
0.960320
0.960320
0.960320
0.960320
0.960320
0.960320
0.960320
0.960320
0.960320
0.960320
0.960320
0.960320
0.960320
0.960320
0.960320
0.960320
0.960320
0.960320
0.960320
0.960320
0.960320
0.960320
0.960320
0.960320
0.960320
0.960320
0.960320
0.960320
0.960320
0.960320
0.960320
0.960320
0.960320
0.960320
0.960320
0.960320
0.960320
0.960320
0.960320
0.960320
0.960320
0.960320
0.960320
0.960320
0.960320
0.960320
0.960320
0.960320
0.960320
0.960320
0.960320
0.960320
0.960320
0.960320
0.960320
0.960320
0.960320
0.960320
0.960320
0.960320
0.960320
0.960320
0.960320
0.960320
0.960320
0.960320
0.960320
0.960320
0.960320
0.960320
0.960320
0.960320
0.960320
0.960320
0.960320
0.960320
0.960320
0.960320
0.960320
0.960320
0.960320
0.960320
0.960320
0.960320
0.960320
0.960320
0.960320
0.960320
0.960320
0.960320
0.960320
0.960320
0.960320
0.960320
0.960320
0.960320
0.960320
0.960320
0.960320
0.960320
0.960320
0.960320
0.960320
0.960320
0.960320
0.960320
0.960320
0.960320
0.960320
0.960320
0.960320
0.960320
0.960320
0.960320
0.960320
0.960320
0.960320
0.960320
0.960320
0.960320
0.960320
0.960320
0.960320
0.960320
0.960320
0.960320
0.960320
0.960320
0.960320
0.960320
0.960320
0.960320
0.960320
0.960320
0.960320
0.960320
0.960320
0.960320
0.960320
0.960320
0.960320
0.960320
0.960320
0.960320
0.960320
0.960320
0.960320
0.960320
0.960320
0.960320
0.960320
0.960320
0.960320
0.960320
0.960320
0.960320
0.960320
0.960320
0.960320
0.960320
0.960320
0.960320
0.960320
0.960320
0.960320
0.960320
0.960320
0.960320
0.960320
0.960320
0.960320
0.960320
0.960320
0.960320
0.960320
0.960320
0.960320
0.960320
0.960320
0.960320
0.960320
0.960320
0.960320
0.960320
0.960320
0.960320
0.960320
0.960320
0.960320
0.960320
0.960320
0.960320
0.960320
0.960320
0.960320
0.960320
0.960320
0.960320
0.960320
0.960320
0.960320
0.960320
0.960320
0.960320
0.960320
0.960320
0.960320
0.960320
0.960320
0.960320
0.960320
0.960320
0.960320
0.960320
0.960320
0.960320
0.960320
0.960320
0.960320
0.960320
0.960320
0.960320
0.960320
0.960320
0.960320
0.960320
0.960320
