0.121087
0.201929
0.230479
0.244172
0.253924
0.263254
0.273336
0.275745
0.277780
0.279799
0.281811
0.283815
0.285813
0.287805
0.289791
0.291770
0.293743
0.295710
0.297670
0.299625
0.301573
0.303516
0.305452
0.307383
0.309308
0.311227
0.313140
0.315048
0.316950
0.318846
0.320737
0.322623
0.324502
0.326377
0.328246
0.330110
0.331968
0.333821
0.335669
0.337574
0.339287
0.340976
0.342658
0.344334
0.346006
0.347674
0.349337
0.350996
0.352651
0.354301
0.355947
0.357589
0.359227
0.360860
0.362490
0.364115
0.365736
0.367352
0.368965
0.370573
0.372178
0.373778
0.375374
0.376966
0.378554
0.380137
0.381717
0.383293
0.384864
0.386432
0.387995
0.389555
0.391110
0.392662
0.394209
0.395753
0.397292
0.398828
0.400359
0.401887
0.403411
0.404931
0.406446
0.407958
0.409466
0.410971
0.412471
0.413968
0.415460
0.416949
0.418434
0.419915
0.421392
0.422866
0.424336
0.425802
0.427264
0.428722
0.430177
0.431628
0.433075
0.434519
0.435958
0.437394
0.438827
0.440255
0.441680
0.443102
0.444519
0.445933
0.447344
0.448751
0.450154
0.451553
0.452949
0.454342
0.455730
0.457116
0.458497
0.459875
0.461250
0.462621
0.463989
0.465353
0.466713
0.468070
0.469424
0.470774
0.472120
0.473463
0.474803
0.476139
0.477472
0.478801
0.480127
0.481450
0.482769
0.484085
0.485397
0.486706
0.488011
0.489314
0.490613
0.491908
0.493201
0.494490
0.495775
0.497057
0.498337
0.499612
0.500885
0.502154
0.503420
0.504683
0.505942
0.507198
0.508451
0.509701
0.510948
0.512191
0.513431
0.514668
0.515902
0.517133
0.518360
0.519585
0.520806
0.522024
0.523239
0.524451
0.525660
0.526865
0.528068
0.529267
0.530464
0.531657
0.532847
0.534035
0.535219
0.536400
0.537578
0.538753
0.539925
0.541094
0.542260
0.543423
0.544584
0.545741
0.546895
0.548046
0.549194
0.550340
0.551482
0.552621
0.553758
0.554891
0.556022
0.557150
0.558275
0.559397
0.560516
0.561632
0.562746
0.563856
0.564964
0.566069
0.567171
0.568270
0.569367
0.570460
0.571551
0.572639
0.573724
0.574807
0.575887
0.576963
0.578038
0.579109
0.580178
0.581244
0.582307
0.583367
0.584425
0.585480
0.586532
0.587582
0.588629
0.589673
0.590715
0.591754
0.592790
0.593824
0.594855
0.595883
0.596909
0.597932
0.598952
0.599970
0.600985
0.601998
0.603008
0.604016
0.605021
0.606023
0.607023
0.608020
0.609015
0.610007
0.610996
0.611983
0.612968
0.613950
0.614929
0.615906
0.616881
0.617853
0.618822
0.619789
0.620754
0.621716
0.622675
0.623633
0.624587
0.625540
0.626489
0.627437
0.628382
0.629324
0.630264
0.631202
0.632138
0.633071
0.634001
0.634929
0.635855
0.636779
0.637700
0.638618
0.639535
0.640449
0.641361
0.642270
0.643177
0.644082
0.644984
0.645884
0.646782
0.647678
0.648571
0.649462
0.650350
0.651237
0.652121
0.653003
0.653882
0.654760
0.655635
0.656508
0.657379
0.658247
0.659113
0.659977
0.660839
0.661699
0.662556
0.663411
0.664264
0.665115
0.665964
0.666810
0.667655
0.668497
0.669337
0.670175
0.671010
0.671844
0.672676
0.673505
0.674332
0.675157
0.675980
0.676801
0.677620
0.678437
0.679251
0.680064
0.680874
0.681683
0.682489
0.683293
0.684096
0.684896
0.685694
0.686490
0.687284
0.688076
0.688866
0.689654
0.690440
0.691224
0.692006
0.692786
0.693564
0.694340
0.695114
0.695886
0.696656
0.697424
0.698191
0.698955
0.699717
0.700477
0.701236
0.701992
0.702747
0.703499
0.704250
0.704999
0.705745
0.706490
0.707233
0.707974
0.708714
0.709451
0.710186
0.710920
0.711652
0.712382
0.713109
0.713836
0.714560
0.715282
0.716003
0.716722
0.717438
0.718154
0.718867
0.719578
0.720288
0.720996
0.721702
0.722406
0.723108
0.723809
0.724508
0.725205
0.725900
0.726593
0.727285
0.727975
0.728663
0.729350
0.730034
0.730717
0.731398
0.732078
0.732756
0.733432
0.734106
0.734778
0.735449
0.736118
0.736786
0.737451
0.738116
0.738778
0.739438
0.740097
0.740755
0.741410
0.742064
0.742716
0.743367
0.744016
0.744663
0.745309
0.745953
0.746595
0.747236
0.747875
0.748512
0.749148
0.749782
0.750415
0.751046
0.751675
0.752303
0.752929
0.753554
0.754176
0.754798
0.755418
0.756036
0.756652
0.757267
0.757881
0.758493
0.759103
0.759712
0.760319
0.760925
0.761529
0.762132
0.762733
0.763332
0.763930
0.764527
0.765122
0.765715
0.766307
0.766898
0.767486
0.768074
0.768660
0.769244
0.769827
0.770409
0.770989
0.771567
0.772144
0.772720
0.773294
0.773866
0.774438
0.775007
0.775576
0.776142
0.776708
0.777272
0.777834
0.778395
0.778955
0.779513
0.780070
0.780625
0.781179
0.781732
0.782283
0.782832
0.783381
0.783928
0.784473
0.785017
0.785560
0.786101
0.786641
0.787180
0.787717
0.788253
0.788787
0.789321
0.789852
0.790383
0.790912
0.791440
0.791966
0.792491
0.793015
0.793537
0.794058
0.794578
0.795096
0.795613
0.796129
0.796643
0.797157
0.797668
0.798179
0.798688
0.799196
0.799703
0.800208
0.800712
0.801215
0.801716
0.802216
0.802715
0.803213
0.803709
0.804204
0.804698
0.805191
0.805682
0.806172
0.806661
0.807149
0.807635
0.808120
0.808604
0.809087
0.809568
0.810048
0.810527
0.811005
0.811482
0.811957
0.812431
0.812904
0.813376
0.813846
0.814315
0.814783
0.815250
0.815716
0.816181
0.816644
0.817106
0.817567
0.818027
0.818486
0.818943
0.819399
0.819854
0.820308
0.820761
0.821213
0.821663
0.822113
0.822561
0.823008
0.823454
0.823899
0.824343
0.824785
0.825227
0.825667
0.826106
0.826544
0.826981
0.827417
0.827852
0.828285
0.828718
0.829149
0.829580
0.830009
0.830437
0.830864
0.831290
0.831715
0.832139
0.832561
0.832983
0.833403
0.833823
0.834241
0.834659
0.835075
0.835490
0.835904
0.836318
0.836730
0.837141
0.837551
0.837959
0.838367
0.838774
0.839180
0.839585
0.839989
