0.022760
0.048665
0.075954
0.105520
0.138566
0.177002
0.223602
0.275683
0.306604
0.291695
0.269225
0.270238
0.280150
0.285504
0.287624
0.289697
0.291772
0.293846
0.295921
0.297996
0.300071
0.302147
0.304223
0.306300
0.308377
0.310456
0.312535
0.314616
0.316698
0.318782
0.320868
0.322955
0.325045
0.327137
0.329232
0.331330
0.333430
0.335533
0.337640
0.339778
0.341703
0.343652
0.345606
0.347566
0.349531
0.351501
0.353477
0.355458
0.357445
0.359438
0.361436
0.363441
0.365451
0.367468
0.369491
0.371521
0.373557
0.375600
0.377650
0.379707
0.381770
0.383841
0.385919
0.388005
0.390098
0.392198
0.394306
0.396422
0.398546
0.400677
0.402817
0.404964
0.407119
0.409283
0.411455
0.413635
0.415824
0.418021
0.420227
0.422441
0.424663
0.426894
0.429134
0.431383
0.433640
0.435906
0.438181
0.440464
0.442757
0.445058
0.447368
0.449686
0.452014
0.454350
0.456695
0.459049
0.461412
0.463784
0.466164
0.468553
0.470950
0.473356
0.475771
0.478194
0.480626
0.483066
0.485515
0.487971
0.490436
0.492910
0.495391
0.497880
0.500377
0.502883
0.505395
0.507916
0.510444
0.512979
0.515522
0.518072
0.520629
0.523193
0.525764
0.528342
0.530926
0.533517
0.536114
0.538718
0.541327
0.543943
0.546564
0.549190
0.551823
0.554460
0.557103
0.559750
0.562403
0.565060
0.567721
0.570387
0.573057
0.575731
0.578409
0.581090
0.583774
0.586462
0.589153
0.591846
0.594542
0.597240
0.599941
0.602644
0.605348
0.608054
0.610761
0.613469
0.616179
0.618889
0.621600
0.624311
0.627022
0.629733
0.632443
0.635153
0.637862
0.640571
0.643278
0.645983
0.648687
0.651389
0.654089
0.656787
0.659482
0.662174
0.664864
0.667550
0.670233
0.672912
0.675587
0.678258
0.680925
0.683588
0.686245
0.688898
0.691546
0.694188
0.696825
0.699455
0.702080
0.704699
0.707311
0.709917
0.712515
0.715107
0.717692
0.720269
0.722838
0.725400
0.727953
0.730498
0.733035
0.735564
0.738083
0.740594
0.743095
0.745587
0.748070
0.750543
0.753006
0.755459
0.757902
0.760334
0.762756
0.765167
0.767568
0.769957
0.772336
0.774702
0.777058
0.779402
0.781734
0.784054
0.786363
0.788659
0.790943
0.793214
0.795473
0.797719
0.799953
0.802173
0.804381
0.806575
0.808757
0.810925
0.813079
0.815220
0.817347
0.819461
0.821561
0.823647
0.825719
0.827777
0.829821
0.831850
0.833866
0.835867
0.837853
0.839826
0.841783
0.843726
0.845655
0.847568
0.849467
0.851352
0.853221
0.855075
0.856915
0.858740
0.860550
0.862344
0.864124
0.865889
0.867639
0.869373
0.871093
0.872797
0.874487
0.876161
0.877820
0.879465
0.881094
0.882707
0.884306
0.885890
0.887459
0.889013
0.890551
0.892075
0.893584
0.895077
0.896556
0.898020
0.899469
0.900903
0.902323
0.903727
0.905117
0.906492
0.907853
0.909199
0.910530
0.911847
0.913150
0.914438
0.915712
0.916972
0.918217
0.919448
0.920665
0.921868
0.923057
0.924233
0.925394
0.926542
0.927676
0.928796
0.929903
0.930996
0.932076
0.933143
0.934197
0.935237
0.936264
0.937278
0.938280
0.939268
0.940244
0.941207
0.942158
0.943096
0.944022
0.944936
0.945837
0.946726
0.947603
0.948469
0.949322
0.950164
0.950994
0.951813
0.952620
0.953416
0.954200
0.954974
0.955736
0.956488
0.957228
0.957958
0.958677
0.959386
0.960084
0.960772
0.961449
0.962117
0.962774
0.963421
0.964059
0.964687
0.965305
0.965913
0.966512
0.967102
0.967683
0.968254
0.968816
0.969370
0.969914
0.970450
0.970977
0.971495
0.972005
0.972507
0.973000
0.973486
0.973963
0.974432
0.974893
0.975347
0.975793
0.976231
0.976662
0.977085
0.977502
0.977910
0.978312
0.978707
0.979095
0.979476
0.979850
0.980218
0.980579
0.980933
0.981281
0.981623
0.981959
0.982288
0.982612
0.982929
0.983241
0.983547
0.983847
0.984142
0.984431
0.984714
0.984992
0.985265
0.985533
0.985796
0.986053
0.986305
0.986553
0.986796
0.987034
0.987267
0.987496
0.987720
0.987940
0.988155
0.988366
0.988573
0.988776
0.988974
0.989169
0.989359
0.989546
0.989729
0.989908
0.990083
0.990255
0.990423
0.990587
0.990748
0.990906
0.991060
0.991211
0.991359
0.991504
0.991645
0.991784
0.991919
0.992052
0.992181
0.992308
0.992432
0.992553
0.992672
0.992788
0.992901
0.993012
0.993120
0.993226
0.993330
0.993431
0.993530
0.993626
0.993720
0.993813
0.993903
0.993991
0.994077
0.994161
0.994243
0.994323
0.994401
0.994477
0.994552
0.994624
0.994695
0.994764
0.994832
0.994898
0.994962
0.995025
0.995087
0.995146
0.995205
0.995262
0.995317
0.995371
0.995424
0.995476
0.995526
0.995575
0.995622
0.995669
0.995714
0.995758
0.995801
0.995843
0.995884
0.995924
0.995963
0.996000
0.996037
0.996073
0.996108
0.996142
0.996175
0.996207
0.996239
0.996269
0.996299
0.996328
0.996356
0.996383
0.996410
0.996436
0.996461
0.996486
0.996510
0.996533
0.996556
0.996578
0.996599
0.996620
0.996640
0.996660
0.996679
0.996697
0.996715
0.996733
0.996750
0.996766
0.996782
0.996798
0.996813
0.996828
0.996842
0.996856
0.996870
0.996883
0.996896
0.996908
0.996920
0.996932
0.996943
0.996954
0.996965
0.996975
0.996985
0.996995
0.997004
0.997013
0.997022
0.997031
0.997039
0.997047
0.997055
0.997063
0.997070
0.997077
0.997084
0.997091
0.997097
0.997104
0.997110
0.997116
0.997121
0.997127
0.997132
0.997138
0.997143
0.997148
0.997152
0.997157
0.997161
0.997166
0.997170
0.997174
0.997178
0.997181
0.997185
0.997189
0.997192
0.997195
0.997199
0.997202
0.997205
0.997208
0.997210
0.997213
0.997216
0.997218
0.997221
0.997223
0.997225
0.997227
0.997230
0.997232
0.997234
0.997236
0.997237
0.997239
0.997241
0.997243
0.997244
0.997246
0.997247
0.997249
0.997250
0.997251
0.997253
0.997254
0.997255
0.997256
0.997257
0.997259
0.997260
0.997261
0.997262
