0.178935
0.418221
0.391196
0.424649
0.453792
0.479117
0.501618
0.521934
0.540539
0.557782
0.573916
0.589131
0.603589
0.617429
0.630759
0.643656
0.656218
0.668579
0.680906
0.693454
0.706897
0.720049
0.728238
0.734662
0.740989
0.747279
0.753527
0.759728
0.765878
0.771973
0.778007
0.783977
0.789878
0.795708
0.801461
0.807134
0.812724
0.818228
0.823643
0.829172
0.834358
0.839454
0.844455
0.849358
0.854161
0.858862
0.863459
0.867951
0.872335
0.876613
0.880782
0.884841
0.888791
0.892632
0.896363
0.899984
0.903496
0.906899
0.910195
0.913383
0.916465
0.919442
0.922316
0.925087
0.927757
0.930328
0.932801
0.935179
0.937462
0.939654
0.941756
0.943770
0.945698
0.947543
0.949306
0.950990
0.952598
0.954131
0.955592
0.956983
0.958306
0.959564
0.960759
0.961894
0.962969
0.963989
0.964954
0.965868
0.966731
0.967547
0.968318
0.969044
0.969729
0.970374
0.970981
0.971552
0.972088
0.972591
0.973064
0.973507
0.973921
0.974310
0.974673
0.975012
0.975329
0.975625
0.975901
0.976158
0.976397
0.976620
0.976827
0.977019
0.977198
0.977363
0.977517
0.977659
0.977791
0.977912
0.978025
0.978129
0.978224
0.978313
0.978394
0.978469
0.978538
0.978602
0.978660
0.978713
0.978762
0.978807
0.978848
0.978886
0.978921
0.978952
0.978981
0.979007
0.979031
0.979053
0.979073
0.979091
0.979107
0.979122
0.979136
0.979148
0.979160
0.979170
0.979179
0.979187
0.979195
0.979201
0.979208
0.979213
0.979218
0.979223
0.979227
0.979230
0.979234
0.979236
0.979239
0.979242
0.979244
0.979246
0.979247
0.979249
0.979250
0.979251
0.979252
0.979253
0.979254
0.979255
0.979256
0.979256
0.979257
0.979257
0.979258
0.979258
0.979259
0.979259
0.979259
0.979259
0.979260
0.979260
0.979260
0.979260
0.979260
0.979260
0.979260
0.979260
0.979261
0.979261
0.979261
0.979261
0.979261
0.979261
0.979261
0.979261
0.979261
0.979261
0.979261
0.979261
0.979261
0.979261
0.979261
0.979261
0.979261
0.979261
0.979261
0.979261
0.979261
0.979261
0.979261
0.979261
0.979261
0.979261
0.979261
0.979261
0.979261
0.979261
0.979261
0.979261
0.979261
0.979261
0.979261
0.979261
0.979261
0.979261
0.979261
0.979261
0.979261
0.979261
0.979261
0.979261
0.979261
0.979261
0.979261
0.979261
0.979261
0.979261
0.979261
0.979261
0.979261
0.979261
0.979261
0.979261
0.979261
0.979261
0.979261
0.979261
0.979261
0.979261
0.979261
0.979261
0.979261
0.979261
0.979261
0.979261
0.979261
0.979261
0.979261
0.979261
0.979261
0.979261
0.979261
0.979261
0.979261
0.979261
0.979261
0.979261
0.979261
0.979261
0.979261
0.979261
0.979261
0.979261
0.979261
0.979261
0.979261
0.979261
0.979261
0.979261
0.979261
0.979261
0.979261
0.979261
0.979261
0.979261
0.979261
0.979261
0.979261
0.979261
0.979261
0.979261
0.979261
0.979261
0.979261
0.979261
0.979261
0.979261
0.979261
0.979261
0.979261
0.979261
0.979261
0.979261
0.979261
0.979261
0.979261
0.979261
0.979261
0.979261
0.979261
0.979261
0.979261
0.979261
0.979261
0.979261
0.979261
0.979261
0.979261
0.979261
0.979261
0.979261
0.979261
0.979261
0.979261
0.979261
0.979261
0.979261
0.979261
0.979261
0.979261
0.979261
0.979261
0.979261
0.979261
0.979261
0.979261
0.979261
0.979261
0.979261
0.979261
0.979261
0.979261
0.979261
0.979261
0.979261
0.979261
0.979261
0.979261
0.979261
0.979261
0.979261
0.979261
0.979261
0.979261
0.979261
0.979261
0.979261
0.979261
0.979261
0.979261
0.979261
0.979261
0.979261
0.979261
0.979261
0.979261
0.979261
0.979261
0.979261
0.979261
0.979261
0.979261
0.979261
0.979261
0.979261
0.979261
0.979261
0.979261
0.979261
0.979261
0.979261
0.979261
0.979261
0.979261
0.979261
0.979261
0.979261
0.979261
0.979261
0.979261
0.979261
0.979261
0.979261
0.979261
0.979261
0.979261
0.979261
0.979261
0.979261
0.979261
0.979261
0.979261
0.979261
0.979261
0.979261
0.979261
0.979261
0.979261
0.979261
0.979261
0.979261
0.979261
0.979261
0.979261
0.979261
0.979261
0.979261
0.979261
0.979261
0.979261
0.979261
0.979261
0.979261
0.979261
0.979261
0.979261
0.979261
0.979261
0.979261
0.979261
0.979261
0.979261
0.979261
0.979261
0.979261
0.979261
0.979261
0.979261
0.979261
0.979261
0.979261
0.979261
0.979261
0.979261
0.979261
0.979261
0.979261
0.979261
0.979261
0.979261
0.979261
0.979261
0.979261
0.979261
0.979261
0.979261
0.979261
0.979261
0.979261
0.979261
0.979261
0.979261
0.979261
0.979261
0.979261
0.979261
0.979261
0.979261
0.979261
0.979261
0.979261
0.979261
0.979261
0.979261
0.979261
0.979261
0.979261
0.979261
0.979261
0.979261
0.979261
0.979261
0.979261
0.979261
0.979261
0.979261
0.979261
0.979261
0.979261
0.979261
0.979261
0.979261
0.979261
0.979261
0.979261
0.979261
0.979261
0.979261
0.979261
0.979261
0.979261
0.979261
0.979261
0.979261
0.979261
0.979261
0.979261
0.979261
0.979261
0.979261
0.979261
0.979261
0.979261
0.979261
0.979261
0.979261
0.979261
0.979261
0.979261
0.979261
0.979261
0.979261
0.979261
0.979261
0.979261
0.979261
0.979261
0.979261
0.979261
0.979261
0.979261
0.979261
0.979261
0.979261
0.979261
0.979261
0.979261
0.979261
0.979261
0.979261
0.979261
0.979261
0.979261
0.979261
0.979261
0.979261
0.979261
0.979261
0.979261
0.979261
0.979261
0.979261
0.979261
0.979261
0.979261
0.979261
0.979261
0.979261
0.979261
0.979261
0.979261
0.979261
0.979261
0.979261
0.979261
0.979261
0.979261
0.979261
0.979261
0.979261
0.979261
0.979261
0.979261
0.979261
0.979261
0.979261
0.979261
0.979261
0.979261
0.979261
0.979261
0.979261
0.979261
0.979261
0.979261
0.979261
0.979261
0.979261
0.979261
0.979261
0.979261
0.979261
0.979261
0.979261
0.979261
0.979261
0.979261
0.979261
0.979261
