0.009922
0.021471
0.035946
0.043191
0.049374
0.056749
0.066593
0.080513
0.099588
0.123639
0.151079
0.179428
0.206101
0.229090
0.247319
0.260659
0.269718
0.275500
0.279092
0.281453
0.283306
0.285090
0.286971
0.288921
0.290883
0.292840
0.294791
0.296737
0.298677
0.300612
0.302541
0.304465
0.306383
0.308296
0.310203
0.312105
0.314002
0.315894
0.317780
0.319717
0.321454
0.323174
0.324888
0.326598
0.328303
0.330003
0.331699
0.333391
0.335079
0.336762
0.338441
0.340116
0.341787
0.343453
0.345115
0.346773
0.348427
0.350077
0.351722
0.353364
0.355001
0.356634
0.358263
0.359887
0.361508
0.363125
0.364737
0.366346
0.367950
0.369550
0.371147
0.372739
0.374327
0.375912
0.377492
0.379068
0.380641
0.382209
0.383773
0.385334
0.386891
0.388443
0.389992
0.391537
0.393078
0.394616
0.396149
0.397678
0.399204
0.400726
0.402244
0.403758
0.405269
0.406776
0.408279
0.409778
0.411273
0.412765
0.414253
0.415737
0.417218
0.418695
0.420168
0.421638
0.423104
0.424566
0.426024
0.427479
0.428931
0.430379
0.431823
0.433263
0.434700
0.436134
0.437564
0.438990
0.440413
0.441832
0.443248
0.444660
0.446069
0.447475
0.448876
0.450275
0.451670
0.453061
0.454449
0.455834
0.457215
0.458593
0.459968
0.461339
0.462707
0.464071
0.465432
0.466790
0.468144
0.469495
0.470843
0.472187
0.473528
0.474866
0.476201
0.477532
0.478860
0.480185
0.481507
0.482825
0.484140
0.485452
0.486761
0.488066
0.489369
0.490668
0.491964
0.493257
0.494547
0.495834
0.497117
0.498398
0.499675
0.500949
0.502220
0.503489
0.504754
0.506016
0.507275
0.508531
0.509783
0.511033
0.512280
0.513524
0.514765
0.516003
0.517238
0.518470
0.519699
0.520925
0.522148
0.523368
0.524586
0.525800
0.527012
0.528220
0.529426
0.530629
0.531829
0.533026
0.534220
0.535412
0.536600
0.537786
0.538969
0.540149
0.541327
0.542501
0.543673
0.544842
0.546008
0.547172
0.548333
0.549491
0.550646
0.551799
0.552949
0.554096
0.555240
0.556382
0.557521
0.558658
0.559791
0.560922
0.562051
0.563177
0.564300
0.565421
0.566539
0.567654
0.568767
0.569877
0.570985
0.572090
0.573192
0.574292
0.575389
0.576484
0.577576
0.578666
0.579753
0.580838
0.581920
0.583000
0.584077
0.585152
0.586224
0.587294
0.588361
0.589426
0.590489
0.591548
0.592606
0.593661
0.594714
0.595764
0.596812
0.597858
0.598901
0.599942
0.600980
0.602016
0.603050
0.604081
0.605110
0.606136
0.607161
0.608183
0.609202
0.610220
0.611235
0.612248
0.613258
0.614266
0.615272
0.616276
0.617277
0.618276
0.619273
0.620268
0.621260
0.622250
0.623238
0.624224
0.625208
0.626189
0.627168
0.628145
0.629120
0.630093
0.631063
0.632031
0.632997
0.633961
0.634923
0.635883
0.636841
0.637796
0.638749
0.639701
0.640650
0.641597
0.642542
0.643485
0.644425
0.645364
0.646301
0.647235
0.648168
0.649098
0.650027
0.650953
0.651878
0.652800
0.653720
0.654639
0.655555
0.656469
0.657382
0.658292
0.659200
0.660107
0.661011
0.661914
0.662814
0.663713
0.664609
0.665504
0.666397
0.667288
0.668176
0.669063
0.669948
0.670832
0.671713
0.672592
0.673470
0.674345
0.675219
0.676091
0.676960
0.677829
0.678695
0.679559
0.680422
0.681282
0.682141
0.682998
0.683853
0.684707
0.685558
0.686408
0.687256
0.688102
0.688946
0.689789
0.690629
0.691468
0.692306
0.693141
0.693975
0.694806
0.695637
0.696465
0.697292
0.698116
0.698940
0.699761
0.700581
0.701399
0.702215
0.703029
0.703842
0.704653
0.705463
0.706271
0.707077
0.707881
0.708684
0.709485
0.710284
0.711082
0.711878
0.712672
0.713465
0.714256
0.715045
0.715833
0.716619
0.717403
0.718186
0.718968
0.719747
0.720525
0.721302
0.722076
0.722850
0.723621
0.724391
0.725160
0.725927
0.726692
0.727455
0.728218
0.728978
0.729737
0.730495
0.731250
0.732005
0.732757
0.733509
0.734258
0.735007
0.735753
0.736498
0.737242
0.737984
0.738724
0.739463
0.740201
0.740937
0.741671
0.742404
0.743136
0.743866
0.744594
0.745322
0.746047
0.746771
0.747494
0.748215
0.748935
0.749653
0.750370
0.751085
0.751799
0.752511
0.753222
0.753932
0.754640
0.755347
0.756052
0.756756
0.757458
0.758159
0.758859
0.759557
0.760254
0.760949
0.761643
0.762335
0.763026
0.763716
0.764405
0.765091
0.765777
0.766461
0.767144
0.767826
0.768506
0.769184
0.769862
0.770538
0.771212
0.771885
0.772557
0.773228
0.773897
0.774565
0.775231
0.775897
0.776560
0.777223
0.777884
0.778544
0.779203
0.779860
0.780516
0.781170
0.781823
0.782475
0.783126
0.783775
0.784423
0.785070
0.785716
0.786360
0.787002
0.787644
0.788284
0.788923
0.789561
0.790197
0.790833
0.791466
0.792099
0.792730
0.793360
0.793989
0.794617
0.795243
0.795868
0.796492
0.797114
0.797735
0.798355
0.798974
0.799592
0.800208
0.800823
0.801437
0.802049
0.802661
0.803271
0.803880
0.804487
0.805094
0.805699
0.806303
0.806906
0.807507
0.808108
0.808707
0.809305
0.809901
0.810497
0.811091
0.811684
0.812276
0.812867
0.813456
0.814045
0.814632
0.815218
0.815802
0.816386
0.816968
0.817550
0.818130
0.818708
0.819286
0.819863
0.820438
0.821012
0.821585
0.822157
0.822728
0.823297
0.823865
0.824433
0.824999
0.825563
0.826127
0.826690
0.827251
0.827811
0.828370
0.828928
0.829485
0.830041
0.830595
0.831149
0.831701
0.832252
0.832802
0.833351
0.833899
0.834445
0.834991
0.835535
0.836078
0.836620
0.837161
0.837701
0.838240
0.838777
0.839314
0.839849
0.840383
0.840917
0.841449
0.841979
0.842509
0.843038
0.843566
0.844092
0.844617
0.845142
0.845665
0.846187
0.846708
0.847228
0.847747
0.848264
0.848781
0.849296
0.849811
0.850324
0.850836
0.851348
0.851858
0.852367
0.852874
0.853381
0.853887
0.854392
0.854895
0.855398
0.855899
0.856400
0.856899
0.857397
