0.345345
0.582610
0.637149
0.677376
0.708955
0.734864
0.756800
0.775793
0.792490
0.807367
0.820778
0.832983
0.844175
0.854519
0.864155
0.873199
0.881736
0.889860
0.897704
0.905434
0.913295
0.921888
0.930614
0.934790
0.936531
0.938040
0.939478
0.940847
0.942149
0.943385
0.944558
0.945668
0.946718
0.947708
0.948642
0.949521
0.950347
0.951126
0.951851
0.952529
0.953163
0.953755
0.954306
0.954820
0.955296
0.955738
0.956148
0.956527
0.956877
0.957200
0.957497
0.957771
0.958022
0.958252
0.958463
0.958656
0.958832
0.958993
0.959139
0.959272
0.959393
0.959503
0.959602
0.959692
0.959773
0.959846
0.959912
0.959971
0.960025
0.960072
0.960115
0.960154
0.960188
0.960218
0.960246
0.960270
0.960291
0.960310
0.960327
0.960342
0.960356
0.960367
0.960378
0.960387
0.960395
0.960402
0.960408
0.960414
0.960418
0.960422
0.960426
0.960429
0.960432
0.960434
0.960436
0.960438
0.960440
0.960441
0.960442
0.960443
0.960444
0.960445
0.960446
0.960446
0.960447
0.960447
0.960447
0.960448
0.960448
0.960448
0.960448
0.960449
0.960449
0.960449
0.960449
0.960449
0.960449
0.960449
0.960449
0.960449
0.960449
0.960449
0.960449
0.960449
0.960449
0.960449
0.960449
0.960449
0.960449
0.960449
0.960449
0.960449
0.960449
0.960449
0.960449
0.960449
0.960449
0.960449
0.960449
0.960449
0.960449
0.960449
0.960449
0.960449
0.960449
0.960449
0.960449
0.960449
0.960449
0.960449
0.960449
0.960449
0.960449
0.960449
0.960449
0.960449
0.960449
0.960449
0.960449
0.960449
0.960449
0.960449
0.960449
0.960449
0.960449
0.960449
0.960449
0.960449
0.960449
0.960449
0.960449
0.960449
0.960449
0.960449
0.960449
0.960449
0.960449
0.960449
0.960449
0.960449
0.960449
0.960449
0.960449
0.960449
0.960449
0.960449
0.960449
0.960449
0.960449
0.960449
0.960449
0.960449
0.960449
0.960449
0.960449
0.960449
0.960449
0.960449
0.960449
0.960449
0.960449
0.960449
0.960449
0.960449
0.960449
0.960449
0.960449
0.960449
0.960449
0.960449
0.960449
0.960449
0.960449
0.960449
0.960449
0.960449
0.960449
0.960449
0.960449
0.960449
0.960449
0.960449
0.960449
0.960449
0.960449
0.960449
0.960449
0.960449
0.960449
0.960449
0.960449
0.960449
0.960449
0.960449
0.960449
0.960449
0.960449
0.960449
0.960449
0.960449
0.960449
0.960449
0.960449
0.960449
0.960449
0.960449
0.960449
0.960449
0.960449
0.960449
0.960449
0.960449
0.960449
0.960449
0.960449
0.960449
0.960449
0.960449
0.960449
0.960449
0.960449
0.960449
0.960449
0.960449
0.960449
0.960449
0.960449
0.960449
0.960449
0.960449
0.960449
0.960449
0.960449
0.960449
0.960449
0.960449
0.960449
0.960449
0.960449
0.960449
0.960449
0.960449
0.960449
0.960449
0.960449
0.960449
0.960449
0.960449
0.960449
0.960449
0.960449
0.960449
0.960449
0.960449
0.960449
0.960449
0.960449
0.960449
0.960449
0.960449
0.960449
0.960449
0.960449
0.960449
0.960449
0.960449
0.960449
0.960449
0.960449
0.960449
0.960449
0.960449
0.960449
0.960449
0.960449
0.960449
0.960449
0.960449
0.960449
0.960449
0.960449
0.960449
0.960449
0.960449
0.960449
0.960449
0.960449
0.960449
0.960449
0.960449
0.960449
0.960449
0.960449
0.960449
0.960449
0.960449
0.960449
0.960449
0.960449
0.960449
0.960449
0.960449
0.960449
0.960449
0.960449
0.960449
0.960449
0.960449
0.960449
0.960449
0.960449
0.960449
0.960449
0.960449
0.960449
0.960449
0.960449
0.960449
0.960449
0.960449
0.960449
0.960449
0.960449
0.960449
0.960449
0.960449
0.960449
0.960449
0.960449
0.960449
0.960449
0.960449
0.960449
0.960449
0.960449
0.960449
0.960449
0.960449
0.960449
0.960449
0.960449
0.960449
0.960449
0.960449
0.960449
0.960449
0.960449
0.960449
0.960449
0.960449
0.960449
0.960449
0.960449
0.960449
0.960449
0.960449
0.960449
0.960449
0.960449
0.960449
0.960449
0.960449
0.960449
0.960449
0.960449
0.960449
0.960449
0.960449
0.960449
0.960449
0.960449
0.960449
0.960449
0.960449
0.960449
0.960449
0.960449
0.960449
0.960449
0.960449
0.960449
0.960449
0.960449
0.960449
0.960449
0.960449
0.960449
0.960449
0.960449
0.960449
0.960449
0.960449
0.960449
0.960449
0.960449
0.960449
0.960449
0.960449
0.960449
0.960449
0.960449
0.960449
0.960449
0.960449
0.960449
0.960449
0.960449
0.960449
0.960449
0.960449
0.960449
0.960449
0.960449
0.960449
0.960449
0.960449
0.960449
0.960449
0.960449
0.960449
0.960449
0.960449
0.960449
0.960449
0.960449
0.960449
0.960449
0.960449
0.960449
0.960449
0.960449
0.960449
0.960449
0.960449
0.960449
0.960449
0.960449
0.960449
0.960449
0.960449
0.960449
0.960449
0.960449
0.960449
0.960449
0.960449
0.960449
0.960449
0.960449
0.960449
0.960449
0.960449
0.960449
0.960449
0.960449
0.960449
0.960449
0.960449
0.960449
0.960449
0.960449
0.960449
0.960449
0.960449
0.960449
0.960449
0.960449
0.960449
0.960449
0.960449
0.960449
0.960449
0.960449
0.960449
0.960449
0.960449
0.960449
0.960449
0.960449
0.960449
0.960449
0.960449
0.960449
0.960449
0.960449
0.960449
0.960449
0.960449
0.960449
0.960449
0.960449
0.960449
0.960449
0.960449
0.960449
0.960449
0.960449
0.960449
0.960449
0.960449
0.960449
0.960449
0.960449
0.960449
0.960449
0.960449
0.960449
0.960449
0.960449
0.960449
0.960449
0.960449
0.960449
0.960449
0.960449
0.960449
0.960449
0.960449
0.960449
0.960449
0.960449
0.960449
0.960449
0.960449
0.960449
0.960449
0.960449
0.960449
0.960449
0.960449
0.960449
0.960449
0.960449
0.960449
0.960449
0.960449
0.960449
0.960449
0.960449
0.960449
0.960449
0.960449
0.960449
0.960449
0.960449
0.960449
0.960449
0.960449
0.960449
0.960449
0.960449
0.960449
0.960449
0.960449
0.960449
0.960449
0.960449
0.960449
0.960449
0.960449
