0.026954
0.057810
0.090706
0.127898
0.172617
0.216346
0.240237
0.243624
0.242784
0.247058
0.254674
0.262733
0.271105
0.280910
0.287425
0.289556
0.291517
0.293472
0.295423
0.297368
0.299308
0.301243
0.303173
0.305098
0.307018
0.308932
0.310842
0.312748
0.314648
0.316544
0.318436
0.320323
0.322206
0.324085
0.325959
0.327830
0.329696
0.331559
0.333418
0.335306
0.336992
0.338682
0.340372
0.342059
0.343743
0.345425
0.347104
0.348781
0.350455
0.352128
0.353797
0.355465
0.357130
0.358793
0.360454
0.362113
0.363770
0.365425
0.367079
0.368730
0.370379
0.372027
0.373673
0.375317
0.376960
0.378601
0.380240
0.381878
0.383515
0.385150
0.386784
0.388417
0.390048
0.391678
0.393307
0.394935
0.396562
0.398188
0.399813
0.401437
0.403060
0.404683
0.406304
0.407925
0.409545
0.411165
0.412784
0.414403
0.416021
0.417639
0.419256
0.420874
0.422490
0.424107
0.425723
0.427340
0.428956
0.430572
0.432188
0.433805
0.435421
0.437038
0.438654
0.440271
0.441889
0.443506
0.445124
0.446743
0.448362
0.449981
0.451601
0.453222
0.454843
0.456465
0.458087
0.459711
0.461335
0.462960
0.464586
0.466213
0.467841
0.469470
0.471099
0.472730
0.474362
0.475996
0.477630
0.479266
0.480903
0.482541
0.484180
0.485821
0.487463
0.489107
0.490752
0.492399
0.494047
0.495697
0.497348
0.499001
0.500655
0.502312
0.503970
0.505629
0.507290
0.508953
0.510618
0.512285
0.513953
0.515624
0.517296
0.518970
0.520646
0.522324
0.524004
0.525685
0.527369
0.529055
0.530742
0.532432
0.534124
0.535818
0.537513
0.539211
0.540911
0.542613
0.544317
0.546023
0.547732
0.549442
0.551154
0.552869
0.554585
0.556304
0.558025
0.559748
0.561473
0.563200
0.564929
0.566660
0.568393
0.570128
0.571866
0.573605
0.575347
0.577090
0.578835
0.580583
0.582332
0.584084
0.585837
0.587592
0.589350
0.591109
0.592870
0.594633
0.596397
0.598164
0.599932
0.601702
0.603474
0.605248
0.607023
0.608800
0.610578
0.612358
0.614140
0.615923
0.617708
0.619494
0.621282
0.623071
0.624861
0.626653
0.628446
0.630240
0.632036
0.633833
0.635630
0.637429
0.639229
0.641030
0.642832
0.644635
0.646438
0.648243
0.650048
0.651854
0.653661
0.655468
0.657276
0.659084
0.660893
0.662702
0.664512
0.666322
0.668132
0.669942
0.671753
0.673563
0.675374
0.677184
0.678995
0.680805
0.682615
0.684424
0.686234
0.688043
0.689851
0.691659
0.693467
0.695273
0.697079
0.698884
0.700689
0.702492
0.704294
0.706096
0.707896
0.709695
0.711493
0.713289
0.715084
0.716877
0.718669
0.720460
0.722248
0.724035
0.725820
0.727603
0.729384
0.731163
0.732940
0.734715
0.736487
0.738258
0.740025
0.741791
0.743553
0.745313
0.747071
0.748825
0.750577
0.752326
0.754071
0.755814
0.757554
0.759290
0.761023
0.762752
0.764479
0.766201
0.767920
0.769636
0.771347
0.773055
0.774759
0.776459
0.778155
0.779846
0.781534
0.783217
0.784896
0.786571
0.788241
0.789907
0.791568
0.793224
0.794876
0.796523
0.798164
0.799801
0.801433
0.803060
0.804682
0.806298
0.807909
0.809515
0.811115
0.812710
0.814299
0.815883
0.817461
0.819033
0.820599
0.822160
0.823714
0.825263
0.826805
0.828341
0.829872
0.831395
0.832913
0.834424
0.835929
0.837428
0.838920
0.840405
0.841884
0.843356
0.844821
0.846279
0.847731
0.849176
0.850614
0.852045
0.853468
0.854885
0.856295
0.857697
0.859093
0.860481
0.861861
0.863235
0.864601
0.865959
0.867311
0.868654
0.869990
0.871319
0.872640
0.873953
0.875259
0.876557
0.877847
0.879129
0.880404
0.881671
0.882930
0.884181
0.885424
0.886659
0.887887
0.889106
0.890317
0.891521
0.892716
0.893903
0.895082
0.896253
0.897416
0.898571
0.899718
0.900856
0.901987
0.903109
0.904223
0.905328
0.906426
0.907515
0.908596
0.909669
0.910734
0.911790
0.912838
0.913878
0.914910
0.915933
0.916948
0.917955
0.918954
0.919944
0.920927
0.921900
0.922866
0.923824
0.924773
0.925714
0.926647
0.927571
0.928488
0.929396
0.930297
0.931189
0.932073
0.932948
0.933816
0.934676
0.935527
0.936371
0.937207
0.938034
0.938854
0.939665
0.940469
0.941265
0.942053
0.942833
0.943605
0.944369
0.945126
0.945875
0.946616
0.947349
0.948075
0.948793
0.949504
0.950207
0.950902
0.951590
0.952271
0.952944
0.953609
0.954267
0.954918
0.955562
0.956198
0.956827
0.957449
0.958064
0.958671
0.959272
0.959865
0.960452
0.961031
0.961604
0.962170
0.962729
0.963281
0.963826
0.964365
0.964897
0.965422
0.965941
0.966453
0.966959
0.967459
0.967952
0.968438
0.968918
0.969393
0.969860
0.970322
0.970778
0.971227
0.971671
0.972108
0.972540
0.972966
0.973386
0.973800
0.974208
0.974611
0.975008
0.975399
0.975785
0.976166
0.976541
0.976910
0.977275
0.977634
0.977987
0.978336
0.978679
0.979018
0.979351
0.979679
0.980002
0.980321
0.980634
0.980943
0.981247
0.981547
0.981841
0.982131
0.982417
0.982698
0.982974
0.983247
0.983514
0.983778
0.984037
0.984292
0.984543
0.984790
0.985032
0.985271
0.985506
0.985736
0.985963
0.986186
0.986406
0.986621
0.986833
0.987041
0.987246
0.987447
0.987644
0.987838
0.988029
0.988216
0.988400
0.988580
0.988758
0.988932
0.989103
0.989271
0.989436
0.989597
0.989756
0.989912
0.990065
0.990215
0.990362
0.990507
0.990648
0.990787
0.990924
0.991058
0.991189
0.991317
0.991443
0.991567
0.991688
0.991807
0.991924
0.992038
0.992150
0.992259
0.992367
0.992472
0.992575
0.992676
0.992775
0.992871
0.992966
0.993059
0.993150
0.993239
0.993326
0.993412
0.993495
0.993577
0.993657
0.993735
0.993811
0.993886
0.993960
0.994031
0.994101
0.994170
0.994237
0.994302
0.994366
0.994429
0.994490
0.994550
0.994608
0.994666
0.994721
0.994776
0.994829
0.994881
0.994932
0.994982
0.995030
0.995078
0.995124
0.995169
0.995213
