0.346145
0.603506
0.657395
0.696969
0.727904
0.753170
0.774467
0.792827
0.808899
0.823157
0.835956
0.847557
0.858155
0.867912
0.876970
0.885447
0.893428
0.901006
0.908315
0.915518
0.922857
0.930918
0.939226
0.943109
0.944436
0.945518
0.946542
0.947511
0.948429
0.949295
0.950111
0.950884
0.951605
0.952282
0.952917
0.953511
0.954066
0.954584
0.955066
0.955515
0.955932
0.956318
0.956676
0.957007
0.957313
0.957594
0.957853
0.958092
0.958310
0.958511
0.958694
0.958861
0.959014
0.959154
0.959280
0.959396
0.959500
0.959595
0.959680
0.959758
0.959827
0.959890
0.959947
0.959998
0.960043
0.960084
0.960121
0.960153
0.960183
0.960209
0.960232
0.960252
0.960271
0.960287
0.960301
0.960314
0.960325
0.960335
0.960343
0.960351
0.960358
0.960364
0.960369
0.960373
0.960377
0.960381
0.960384
0.960386
0.960389
0.960391
0.960392
0.960394
0.960395
0.960396
0.960397
0.960398
0.960399
0.960399
0.960400
0.960400
0.960401
0.960401
0.960401
0.960402
0.960402
0.960402
0.960402
0.960402
0.960402
0.960402
0.960403
0.960403
0.960403
0.960403
0.960403
0.960403
0.960403
0.960403
0.960403
0.960403
0.960403
0.960403
0.960403
0.960403
0.960403
0.960403
0.960403
0.960403
0.960403
0.960403
0.960403
0.960403
0.960403
0.960403
0.960403
0.960403
0.960403
0.960403
0.960403
0.960403
0.960403
0.960403
0.960403
0.960403
0.960403
0.960403
0.960403
0.960403
0.960403
0.960403
0.960403
0.960403
0.960403
0.960403
0.960403
0.960403
0.960403
0.960403
0.960403
0.960403
0.960403
0.960403
0.960403
0.960403
0.960403
0.960403
0.960403
0.960403
0.960403
0.960403
0.960403
0.960403
0.960403
0.960403
0.960403
0.960403
0.960403
0.960403
0.960403
0.960403
0.960403
0.960403
0.960403
0.960403
0.960403
0.960403
0.960403
0.960403
0.960403
0.960403
0.960403
0.960403
0.960403
0.960403
0.960403
0.960403
0.960403
0.960403
0.960403
0.960403
0.960403
0.960403
0.960403
0.960403
0.960403
0.960403
0.960403
0.960403
0.960403
0.960403
0.960403
0.960403
0.960403
0.960403
0.960403
0.960403
0.960403
0.960403
0.960403
0.960403
0.960403
0.960403
0.960403
0.960403
0.960403
0.960403
0.960403
0.960403
0.960403
0.960403
0.960403
0.960403
0.960403
0.960403
0.960403
0.960403
0.960403
0.960403
0.960403
0.960403
0.960403
0.960403
0.960403
0.960403
0.960403
0.960403
0.960403
0.960403
0.960403
0.960403
0.960403
0.960403
0.960403
0.960403
0.960403
0.960403
0.960403
0.960403
0.960403
0.960403
0.960403
0.960403
0.960403
0.960403
0.960403
0.960403
0.960403
0.960403
0.960403
0.960403
0.960403
0.960403
0.960403
0.960403
0.960403
0.960403
0.960403
0.960403
0.960403
0.960403
0.960403
0.960403
0.960403
0.960403
0.960403
0.960403
0.960403
0.960403
0.960403
0.960403
0.960403
0.960403
0.960403
0.960403
0.960403
0.960403
0.960403
0.960403
0.960403
0.960403
0.960403
0.960403
0.960403
0.960403
0.960403
0.960403
0.960403
0.960403
0.960403
0.960403
0.960403
0.960403
0.960403
0.960403
0.960403
0.960403
0.960403
0.960403
0.960403
0.960403
0.960403
0.960403
0.960403
0.960403
0.960403
0.960403
0.960403
0.960403
0.960403
0.960403
0.960403
0.960403
0.960403
0.960403
0.960403
0.960403
0.960403
0.960403
0.960403
0.960403
0.960403
0.960403
0.960403
0.960403
0.960403
0.960403
0.960403
0.960403
0.960403
0.960403
0.960403
0.960403
0.960403
0.960403
0.960403
0.960403
0.960403
0.960403
0.960403
0.960403
0.960403
0.960403
0.960403
0.960403
0.960403
0.960403
0.960403
0.960403
0.960403
0.960403
0.960403
0.960403
0.960403
0.960403
0.960403
0.960403
0.960403
0.960403
0.960403
0.960403
0.960403
0.960403
0.960403
0.960403
0.960403
0.960403
0.960403
0.960403
0.960403
0.960403
0.960403
0.960403
0.960403
0.960403
0.960403
0.960403
0.960403
0.960403
0.960403
0.960403
0.960403
0.960403
0.960403
0.960403
0.960403
0.960403
0.960403
0.960403
0.960403
0.960403
0.960403
0.960403
0.960403
0.960403
0.960403
0.960403
0.960403
0.960403
0.960403
0.960403
0.960403
0.960403
0.960403
0.960403
0.960403
0.960403
0.960403
0.960403
0.960403
0.960403
0.960403
0.960403
0.960403
0.960403
0.960403
0.960403
0.960403
0.960403
0.960403
0.960403
0.960403
0.960403
0.960403
0.960403
0.960403
0.960403
0.960403
0.960403
0.960403
0.960403
0.960403
0.960403
0.960403
0.960403
0.960403
0.960403
0.960403
0.960403
0.960403
0.960403
0.960403
0.960403
0.960403
0.960403
0.960403
0.960403
0.960403
0.960403
0.960403
0.960403
0.960403
0.960403
0.960403
0.960403
0.960403
0.960403
0.960403
0.960403
0.960403
0.960403
0.960403
0.960403
0.960403
0.960403
0.960403
0.960403
0.960403
0.960403
0.960403
0.960403
0.960403
0.960403
0.960403
0.960403
0.960403
0.960403
0.960403
0.960403
0.960403
0.960403
0.960403
0.960403
0.960403
0.960403
0.960403
0.960403
0.960403
0.960403
0.960403
0.960403
0.960403
0.960403
0.960403
0.960403
0.960403
0.960403
0.960403
0.960403
0.960403
0.960403
0.960403
0.960403
0.960403
0.960403
0.960403
0.960403
0.960403
0.960403
0.960403
0.960403
0.960403
0.960403
0.960403
0.960403
0.960403
0.960403
0.960403
0.960403
0.960403
0.960403
0.960403
0.960403
0.960403
0.960403
0.960403
0.960403
0.960403
0.960403
0.960403
0.960403
0.960403
0.960403
0.960403
0.960403
0.960403
0.960403
0.960403
0.960403
0.960403
0.960403
0.960403
0.960403
0.960403
0.960403
0.960403
0.960403
0.960403
0.960403
0.960403
0.960403
0.960403
0.960403
0.960403
0.960403
0.960403
0.960403
0.960403
0.960403
0.960403
0.960403
0.960403
0.960403
0.960403
0.960403
0.960403
0.960403
0.960403
0.960403
0.960403
0.960403
0.960403
0.960403
0.960403
0.960403
0.960403
0.960403
0.960403
0.960403
0.960403
0.960403
