0.013910
0.029554
0.045611
0.062380
0.080233
0.099948
0.123725
0.155633
0.196400
0.231515
0.258399
0.273112
0.278183
0.279072
0.279649
0.281046
0.282936
0.284908
0.286877
0.288840
0.290798
0.292749
0.294694
0.296633
0.298566
0.300494
0.302416
0.304332
0.306243
0.308148
0.310048
0.311943
0.313832
0.315716
0.317595
0.319468
0.321337
0.323200
0.325058
0.326956
0.328653
0.330343
0.332029
0.333711
0.335389
0.337062
0.338732
0.340397
0.342059
0.343716
0.345369
0.347019
0.348664
0.350305
0.351943
0.353576
0.355206
0.356831
0.358453
0.360071
0.361685
0.363295
0.364901
0.366504
0.368103
0.369698
0.371289
0.372877
0.374460
0.376041
0.377617
0.379190
0.380759
0.382324
0.383886
0.385444
0.386999
0.388550
0.390098
0.391642
0.393182
0.394719
0.396252
0.397782
0.399309
0.400832
0.402352
0.403868
0.405381
0.406891
0.408397
0.409900
0.411399
0.412895
0.414388
0.415878
0.417365
0.418848
0.420328
0.421805
0.423278
0.424749
0.426216
0.427680
0.429141
0.430600
0.432054
0.433506
0.434955
0.436401
0.437844
0.439284
0.440721
0.442155
0.443586
0.445014
0.446439
0.447861
0.449281
0.450697
0.452111
0.453522
0.454931
0.456336
0.457739
0.459139
0.460536
0.461930
0.463322
0.464711
0.466098
0.467482
0.468863
0.470242
0.471618
0.472992
0.474363
0.475731
0.477097
0.478461
0.479822
0.481181
0.482537
0.483891
0.485242
0.486591
0.487938
0.489282
0.490624
0.491963
0.493301
0.494636
0.495969
0.497299
0.498628
0.499954
0.501278
0.502599
0.503919
0.505237
0.506552
0.507865
0.509176
0.510486
0.511793
0.513098
0.514401
0.515702
0.517001
0.518298
0.519593
0.520886
0.522177
0.523467
0.524754
0.526040
0.527324
0.528606
0.529886
0.531164
0.532440
0.533715
0.534988
0.536259
0.537529
0.538797
0.540063
0.541327
0.542590
0.543851
0.545111
0.546369
0.547625
0.548880
0.550133
0.551384
0.552635
0.553883
0.555130
0.556376
0.557620
0.558862
0.560103
0.561343
0.562581
0.563818
0.565054
0.566288
0.567520
0.568752
0.569982
0.571210
0.572438
0.573664
0.574889
0.576112
0.577334
0.578555
0.579775
0.580994
0.582211
0.583427
0.584642
0.585856
0.587068
0.588280
0.589490
0.590699
0.591907
0.593114
0.594320
0.595525
0.596728
0.597931
0.599132
0.600333
0.601532
0.602731
0.603928
0.605125
0.606320
0.607515
0.608708
0.609901
0.611092
0.612283
0.613473
0.614661
0.615849
0.617036
0.618222
0.619407
0.620592
0.621775
0.622957
0.624139
0.625320
0.626500
0.627679
0.628857
0.630034
0.631211
0.632387
0.633562
0.634736
0.635909
0.637082
0.638254
0.639425
0.640595
0.641764
0.642933
0.644101
0.645268
0.646434
0.647600
0.648765
0.649929
0.651093
0.652255
0.653417
0.654578
0.655739
0.656899
0.658058
0.659216
0.660374
0.661531
0.662687
0.663842
0.664997
0.666151
0.667304
0.668457
0.669609
0.670760
0.671911
0.673061
0.674210
0.675358
0.676506
0.677653
0.678799
0.679945
0.681090
0.682234
0.683378
0.684520
0.685662
0.686804
0.687944
0.689084
0.690224
0.691362
0.692500
0.693637
0.694773
0.695909
0.697044
0.698178
0.699311
0.700444
0.701576
0.702707
0.703837
0.704966
0.706095
0.707223
0.708351
0.709477
0.710603
0.711727
0.712852
0.713975
0.715097
0.716219
0.717340
0.718459
0.719579
0.720697
0.721814
0.722931
0.724046
0.725161
0.726275
0.727388
0.728500
0.729611
0.730722
0.731831
0.732939
0.734047
0.735153
0.736259
0.737364
0.738467
0.739570
0.740671
0.741772
0.742872
0.743970
0.745068
0.746164
0.747259
0.748354
0.749447
0.750539
0.751630
0.752720
0.753809
0.754897
0.755983
0.757069
0.758153
0.759236
0.760318
0.761398
0.762478
0.763556
0.764633
0.765708
0.766783
0.767856
0.768928
0.769998
0.771067
0.772135
0.773202
0.774267
0.775330
0.776393
0.777454
0.778513
0.779571
0.780628
0.781683
0.782737
0.783789
0.784840
0.785889
0.786937
0.787983
0.789028
0.790071
0.791112
0.792152
0.793191
0.794227
0.795262
0.796296
0.797327
0.798357
0.799385
0.800412
0.801437
0.802460
0.803481
0.804501
0.805519
0.806534
0.807549
0.808561
0.809571
0.810580
0.811586
0.812591
0.813594
0.814595
0.815594
0.816591
0.817586
0.818579
0.819570
0.820559
0.821546
0.822531
0.823514
0.824495
0.825473
0.826450
0.827424
0.828396
0.829367
0.830335
0.831300
0.832264
0.833225
0.834184
0.835141
0.836096
0.837048
0.837998
0.838945
0.839891
0.840834
0.841774
0.842713
0.843649
0.844582
0.845513
0.846442
0.847368
0.848292
0.849213
0.850132
0.851048
0.851961
0.852873
0.853781
0.854687
0.855591
0.856492
0.857390
0.858286
0.859179
0.860069
0.860957
0.861842
0.862725
0.863604
0.864481
0.865356
0.866227
0.867096
0.867962
0.868825
0.869686
0.870543
0.871398
0.872250
0.873099
0.873946
0.874789
0.875630
0.876468
0.877302
0.878134
0.878963
0.879789
0.880613
0.881433
0.882250
0.883064
0.883875
0.884684
0.885489
0.886291
0.887090
0.887887
0.888680
0.889470
0.890257
0.891041
0.891822
0.892600
0.893374
0.894146
0.894914
0.895680
0.896442
0.897201
0.897957
0.898709
0.899459
0.900205
0.900949
0.901689
0.902426
0.903159
0.903890
0.904617
0.905341
0.906062
0.906779
0.907493
0.908205
0.908912
0.909617
0.910318
0.911016
0.911711
0.912402
0.913091
0.913775
0.914457
0.915135
0.915810
0.916482
0.917150
0.917815
0.918477
0.919136
0.919791
0.920443
0.921091
0.921736
0.922378
0.923017
0.923652
0.924284
0.924912
0.925537
0.926159
0.926777
0.927393
0.928004
0.928613
0.929218
0.929820
0.930418
0.931013
0.931605
0.932193
0.932778
0.933360
0.933938
0.934513
0.935085
0.935653
0.936218
0.936780
0.937338
0.937893
0.938445
0.938993
0.939538
0.940080
0.940618
0.941153
0.941685
0.942213
0.942738
0.943260
0.943779
0.944294
0.944806
0.945315
0.945820
0.946322
0.946821
