0.019652
0.041897
0.065116
0.089959
0.117214
0.147882
0.183656
0.227202
0.277528
0.314296
0.309990
0.289114
0.281823
0.283179
0.285236
0.287298
0.289360
0.291421
0.293483
0.295545
0.297606
0.299667
0.301728
0.303789
0.305850
0.307912
0.309974
0.312036
0.314100
0.316164
0.318230
0.320297
0.322366
0.324436
0.326508
0.328582
0.330658
0.332736
0.334817
0.336929
0.338828
0.340749
0.342675
0.344606
0.346541
0.348480
0.350424
0.352373
0.354326
0.356284
0.358247
0.360216
0.362189
0.364168
0.366152
0.368142
0.370138
0.372139
0.374147
0.376160
0.378180
0.380205
0.382237
0.384276
0.386321
0.388372
0.390431
0.392496
0.394568
0.396647
0.398732
0.400826
0.402926
0.405033
0.407148
0.409270
0.411400
0.413537
0.415682
0.417835
0.419995
0.422163
0.424339
0.426522
0.428713
0.430913
0.433120
0.435335
0.437558
0.439789
0.442028
0.444276
0.446531
0.448794
0.451065
0.453345
0.455632
0.457928
0.460231
0.462542
0.464862
0.467189
0.469524
0.471868
0.474219
0.476578
0.478944
0.481319
0.483701
0.486090
0.488488
0.490892
0.493305
0.495724
0.498151
0.500585
0.503026
0.505475
0.507930
0.510392
0.512861
0.515337
0.517819
0.520308
0.522803
0.525304
0.527812
0.530326
0.532845
0.535370
0.537901
0.540438
0.542980
0.545527
0.548079
0.550636
0.553199
0.555765
0.558337
0.560912
0.563492
0.566077
0.568665
0.571256
0.573852
0.576450
0.579052
0.581657
0.584265
0.586876
0.589490
0.592105
0.594723
0.597343
0.599965
0.602588
0.605213
0.607839
0.610466
0.613095
0.615723
0.618353
0.620982
0.623612
0.626242
0.628871
0.631500
0.634129
0.636756
0.639383
0.642008
0.644632
0.647254
0.649874
0.652492
0.655108
0.657721
0.660332
0.662940
0.665545
0.668146
0.670744
0.673339
0.675930
0.678516
0.681099
0.683677
0.686250
0.688818
0.691382
0.693940
0.696493
0.699040
0.701581
0.704117
0.706646
0.709169
0.711686
0.714195
0.716698
0.719194
0.721682
0.724163
0.726637
0.729102
0.731560
0.734010
0.736451
0.738884
0.741308
0.743724
0.746130
0.748528
0.750916
0.753295
0.755664
0.758023
0.760373
0.762713
0.765042
0.767362
0.769670
0.771969
0.774256
0.776533
0.778799
0.781054
0.783297
0.785529
0.787750
0.789960
0.792157
0.794343
0.796517
0.798679
0.800829
0.802967
0.805092
0.807205
0.809306
0.811394
0.813469
0.815531
0.817581
0.819618
0.821642
0.823653
0.825651
0.827635
0.829607
0.831565
0.833509
0.835440
0.837358
0.839262
0.841153
0.843030
0.844893
0.846742
0.848578
0.850400
0.852208
0.854002
0.855783
0.857549
0.859301
0.861040
0.862764
0.864475
0.866171
0.867854
0.869522
0.871176
0.872816
0.874443
0.876055
0.877653
0.879237
0.880806
0.882362
0.883904
0.885432
0.886945
0.888445
0.889931
0.891403
0.892861
0.894304
0.895735
0.897151
0.898553
0.899942
0.901316
0.902677
0.904025
0.905359
0.906679
0.907985
0.909278
0.910558
0.911824
0.913076
0.914316
0.915542
0.916755
0.917954
0.919141
0.920315
0.921475
0.922623
0.923757
0.924879
0.925988
0.927085
0.928169
0.929240
0.930299
0.931345
0.932379
0.933401
0.934410
0.935408
0.936393
0.937366
0.938328
0.939277
0.940215
0.941142
0.942056
0.942959
0.943851
0.944731
0.945600
0.946458
0.947305
0.948141
0.948966
0.949780
0.950583
0.951376
0.952158
0.952929
0.953690
0.954441
0.955182
0.955912
0.956632
0.957342
0.958043
0.958733
0.959414
0.960086
0.960747
0.961400
0.962043
0.962676
0.963301
0.963916
0.964523
0.965120
0.965709
0.966289
0.966860
0.967423
0.967977
0.968523
0.969061
0.969590
0.970112
0.970625
0.971130
0.971628
0.972118
0.972600
0.973074
0.973541
0.974001
0.974453
0.974898
0.975336
0.975767
0.976191
0.976608
0.977018
0.977421
0.977818
0.978208
0.978592
0.978969
0.979340
0.979705
0.980063
0.980416
0.980762
0.981103
0.981437
0.981766
0.982089
0.982407
0.982719
0.983026
0.983327
0.983623
0.983913
0.984199
0.984479
0.984754
0.985025
0.985290
0.985551
0.985807
0.986058
0.986305
0.986547
0.986784
0.987017
0.987246
0.987471
0.987691
0.987907
0.988119
0.988328
0.988532
0.988732
0.988928
0.989121
0.989310
0.989495
0.989677
0.989855
0.990030
0.990201
0.990369
0.990533
0.990694
0.990852
0.991007
0.991159
0.991307
0.991453
0.991596
0.991736
0.991873
0.992007
0.992138
0.992267
0.992393
0.992516
0.992637
0.992756
0.992871
0.992985
0.993096
0.993205
0.993311
0.993415
0.993517
0.993617
0.993714
0.993810
0.993903
0.993994
0.994084
0.994171
0.994257
0.994340
0.994422
0.994502
0.994580
0.994657
0.994731
0.994804
0.994876
0.994946
0.995014
0.995081
0.995146
0.995209
0.995272
0.995332
0.995392
0.995450
0.995506
0.995562
0.995616
0.995669
0.995720
0.995771
0.995820
0.995868
0.995915
0.995960
0.996005
0.996049
0.996091
0.996133
0.996173
0.996213
0.996251
0.996289
0.996326
0.996362
0.996396
0.996431
0.996464
0.996496
0.996528
0.996559
0.996589
0.996618
0.996646
0.996674
0.996701
0.996728
0.996754
0.996779
0.996803
0.996827
0.996850
0.996873
0.996895
0.996917
0.996937
0.996958
0.996978
0.996997
0.997016
0.997034
0.997052
0.997069
0.997086
0.997103
0.997119
0.997134
0.997149
0.997164
0.997179
0.997193
0.997206
0.997219
0.997232
0.997245
0.997257
0.997269
0.997280
0.997292
0.997302
0.997313
0.997323
0.997333
0.997343
0.997352
0.997362
0.997371
0.997379
0.997388
0.997396
0.997404
0.997411
0.997419
0.997426
0.997433
0.997440
0.997447
0.997453
0.997460
0.997466
0.997472
0.997477
0.997483
0.997488
0.997494
0.997499
0.997504
0.997509
0.997513
0.997518
0.997522
0.997526
0.997531
0.997535
0.997538
0.997542
0.997546
0.997549
0.997553
0.997556
0.997559
0.997563
0.997566
0.997569
0.997571
0.997574
0.997577
0.997579
0.997582
0.997584
0.997587
0.997589
0.997591
