0.013238
0.046765
0.113805
0.177572
0.219129
0.243167
0.258611
0.270851
0.274075
0.276342
0.278425
0.280449
0.282452
0.284446
0.286433
0.288414
0.290389
0.292358
0.294320
0.296276
0.298226
0.300170
0.302109
0.304041
0.305967
0.307887
0.309802
0.311711
0.313615
0.315512
0.317405
0.319291
0.321173
0.323049
0.324919
0.326784
0.328644
0.330499
0.332348
0.334251
0.335961
0.337650
0.339331
0.341008
0.342680
0.344348
0.346011
0.347671
0.349326
0.350976
0.352623
0.354265
0.355903
0.357537
0.359167
0.360793
0.362414
0.364031
0.365645
0.367254
0.368858
0.370459
0.372056
0.373649
0.375237
0.376822
0.378402
0.379979
0.381551
0.383120
0.384684
0.386245
0.387801
0.389353
0.390902
0.392447
0.393987
0.395524
0.397057
0.398585
0.400110
0.401631
0.403149
0.404662
0.406171
0.407677
0.409179
0.410677
0.412171
0.413661
0.415147
0.416630
0.418109
0.419584
0.421056
0.422523
0.423987
0.425447
0.426904
0.428356
0.429805
0.431251
0.432692
0.434130
0.435564
0.436995
0.438422
0.439845
0.441265
0.442681
0.444093
0.445502
0.446907
0.448309
0.449707
0.451102
0.452493
0.453880
0.455264
0.456644
0.458021
0.459395
0.460764
0.462131
0.463493
0.464853
0.466209
0.467561
0.468910
0.470256
0.471598
0.472937
0.474272
0.475604
0.476932
0.478257
0.479579
0.480897
0.482212
0.483524
0.484832
0.486137
0.487439
0.488737
0.490032
0.491324
0.492612
0.493897
0.495179
0.496458
0.497733
0.499005
0.500274
0.501539
0.502802
0.504061
0.505317
0.506570
0.507819
0.509065
0.510309
0.511549
0.512785
0.514019
0.515250
0.516477
0.517701
0.518922
0.520141
0.521355
0.522567
0.523776
0.524982
0.526184
0.527384
0.528580
0.529774
0.530964
0.532151
0.533336
0.534517
0.535695
0.536871
0.538043
0.539212
0.540379
0.541542
0.542702
0.543860
0.545014
0.546166
0.547314
0.548460
0.549603
0.550743
0.551880
0.553014
0.554145
0.555273
0.556398
0.557521
0.558641
0.559758
0.560871
0.561983
0.563091
0.564196
0.565299
0.566399
0.567496
0.568590
0.569682
0.570770
0.571856
0.572939
0.574020
0.575097
0.576172
0.577244
0.578314
0.579381
0.580445
0.581506
0.582564
0.583620
0.584673
0.585724
0.586772
0.587817
0.588859
0.589899
0.590936
0.591971
0.593003
0.594032
0.595059
0.596083
0.597104
0.598123
0.599139
0.600153
0.601164
0.602172
0.603178
0.604182
0.605182
0.606181
0.607176
0.608170
0.609160
0.610148
0.611134
0.612117
0.613098
0.614076
0.615051
0.616024
0.616995
0.617963
0.618929
0.619892
0.620853
0.621811
0.622767
0.623721
0.624672
0.625620
0.626566
0.627510
0.628452
0.629391
0.630327
0.631261
0.632193
0.633123
0.634050
0.634974
0.635897
0.636817
0.637735
0.638650
0.639563
0.640474
0.641382
0.642288
0.643192
0.644093
0.644992
0.645889
0.646784
0.647676
0.648566
0.649454
0.650339
0.651223
0.652104
0.652982
0.653859
0.654733
0.655605
0.656475
0.657343
0.658208
0.659071
0.659933
0.660791
0.661648
0.662502
0.663355
0.664205
0.665053
0.665899
0.666742
0.667584
0.668423
0.669260
0.670095
0.670928
0.671759
0.672588
0.673415
0.674239
0.675062
0.675882
0.676700
0.677516
0.678330
0.679142
0.679952
0.680760
0.681566
0.682370
0.683171
0.683971
0.684769
0.685564
0.686358
0.687150
0.687939
0.688727
0.689512
0.690296
0.691077
0.691857
0.692634
0.693410
0.694184
0.694955
0.695725
0.696493
0.697259
0.698022
0.698784
0.699544
0.700302
0.701058
0.701813
0.702565
0.703315
0.704064
0.704810
0.705555
0.706298
0.707038
0.707777
0.708515
0.709250
0.709983
0.710715
0.711444
0.712172
0.712898
0.713622
0.714344
0.715065
0.715783
0.716500
0.717215
0.717928
0.718639
0.719349
0.720056
0.720762
0.721466
0.722169
0.722869
0.723568
0.724265
0.724960
0.725653
0.726345
0.727035
0.727723
0.728409
0.729094
0.729777
0.730458
0.731138
0.731815
0.732491
0.733166
0.733838
0.734509
0.735178
0.735846
0.736511
0.737176
0.737838
0.738499
0.739158
0.739815
0.740471
0.741125
0.741777
0.742428
0.743077
0.743724
0.744370
0.745014
0.745657
0.746297
0.746937
0.747574
0.748210
0.748845
0.749477
0.750109
0.750738
0.751366
0.751992
0.752617
0.753240
0.753862
0.754482
0.755101
0.755718
0.756333
0.756947
0.757559
0.758170
0.758779
0.759386
0.759992
0.760597
0.761200
0.761801
0.762401
0.763000
0.763596
0.764192
0.764786
0.765378
0.765969
0.766558
0.767146
0.767733
0.768318
0.768901
0.769483
0.770063
0.770642
0.771220
0.771796
0.772371
0.772944
0.773516
0.774086
0.774655
0.775222
0.775788
0.776353
0.776916
0.777477
0.778038
0.778597
0.779154
0.779710
0.780265
0.780818
0.781370
0.781920
0.782469
0.783017
0.783563
0.784108
0.784652
0.785194
0.785735
0.786274
0.786812
0.787349
0.787884
0.788418
0.788951
0.789482
0.790012
0.790541
0.791068
0.791594
0.792119
0.792642
0.793164
0.793685
0.794205
0.794723
0.795240
0.795755
0.796269
0.796782
0.797294
0.797804
0.798313
0.798821
0.799328
0.799833
0.800337
0.800840
0.801341
0.801841
0.802340
0.802838
0.803334
0.803830
0.804324
0.804816
0.805308
0.805798
0.806287
0.806775
0.807262
0.807747
0.808231
0.808714
0.809196
0.809676
0.810156
0.810634
0.811111
0.811587
0.812061
0.812535
0.813007
0.813478
0.813948
0.814417
0.814884
0.815350
0.815816
0.816280
0.816743
0.817204
0.817665
0.818125
0.818583
0.819040
0.819496
0.819951
0.820405
0.820858
0.821309
0.821760
0.822209
0.822657
0.823104
0.823550
0.823995
0.824439
0.824882
0.825323
0.825764
0.826203
0.826641
0.827079
0.827515
0.827950
0.828384
0.828817
0.829249
0.829680
0.830110
0.830538
0.830966
0.831393
0.831818
0.832243
0.832666
0.833089
0.833510
0.833931
0.834350
0.834769
0.835186
0.835602
0.836018
0.836432
0.836845
0.837257
0.837669
0.838079
0.838488
