0.011428
0.021866
0.026579
0.031315
0.036178
0.041261
0.046656
0.052434
0.058687
0.065524
0.073069
0.081470
0.090898
0.101576
0.113810
0.128001
0.144664
0.164541
0.188820
0.219394
0.259416
0.314409
0.394987
0.515619
0.633783
0.666180
0.668768
0.673037
0.677755
0.682596
0.687531
0.692543
0.697615
0.702736
0.707897
0.713089
0.718304
0.723536
0.728780
0.734219
0.739391
0.744570
0.749747
0.754916
0.760075
0.765218
0.770341
0.775440
0.780512
0.785553
0.790560
0.795530
0.800459
0.805345
0.810184
0.814974
0.819713
0.824398
0.829026
0.833596
0.838105
0.842552
0.846935
0.851252
0.855501
0.859682
0.863792
0.867831
0.871798
0.875691
0.879510
0.883255
0.886924
0.890518
0.894035
0.897476
0.900840
0.904128
0.907339
0.910474
0.913533
0.916516
0.919423
0.922256
0.925014
0.927698
0.930309
0.932848
0.935315
0.937711
0.940037
0.942295
0.944485
0.946607
0.948665
0.950657
0.952586
0.954453
0.956258
0.958004
0.959690
0.961320
0.962893
0.964412
0.965876
0.967289
0.968650
0.969962
0.971225
0.972442
0.973612
0.974737
0.975820
0.976860
0.977859
0.978819
0.979740
0.980624
0.981472
0.982285
0.983064
0.983810
0.984525
0.985210
0.985865
0.986492
0.987091
0.987665
0.988212
0.988735
0.989235
0.989712
0.990168
0.990602
0.991016
0.991411
0.991787
0.992146
0.992488
0.992813
0.993123
0.993417
0.993697
0.993964
0.994217
0.994458
0.994687
0.994904
0.995111
0.995307
0.995493
0.995669
0.995836
0.995995
0.996145
0.996288
0.996423
0.996551
0.996672
0.996787
0.996896
0.996999
0.997096
0.997188
0.997275
0.997357
0.997435
0.997508
0.997578
0.997644
0.997705
0.997764
0.997819
0.997871
0.997921
0.997967
0.998011
0.998052
0.998091
0.998128
0.998162
0.998195
0.998226
0.998255
0.998282
0.998308
0.998332
0.998355
0.998376
0.998396
0.998415
0.998433
0.998450
0.998466
0.998481
0.998495
0.998508
0.998520
0.998532
0.998543
0.998553
0.998563
0.998572
0.998581
0.998589
0.998596
0.998603
0.998610
0.998616
0.998622
0.998628
0.998633
0.998638
0.998643
0.998647
0.998651
0.998655
0.998658
0.998662
0.998665
0.998668
0.998670
0.998673
0.998675
0.998678
0.998680
0.998682
0.998684
0.998686
0.998687
0.998689
0.998690
0.998692
0.998693
0.998694
0.998695
0.998696
0.998697
0.998698
0.998699
0.998700
0.998701
0.998702
0.998702
0.998703
0.998704
0.998704
0.998705
0.998705
0.998706
0.998706
0.998707
0.998707
0.998707
0.998708
0.998708
0.998708
0.998709
0.998709
0.998709
0.998709
0.998710
0.998710
0.998710
0.998710
0.998710
0.998710
0.998711
0.998711
0.998711
0.998711
0.998711
0.998711
0.998711
0.998711
0.998712
0.998712
0.998712
0.998712
0.998712
0.998712
0.998712
0.998712
0.998712
0.998712
0.998712
0.998712
0.998712
0.998712
0.998712
0.998712
0.998713
0.998713
0.998713
0.998713
0.998713
0.998713
0.998713
0.998713
0.998713
0.998713
0.998713
0.998713
0.998713
0.998713
0.998713
0.998713
0.998713
0.998713
0.998713
0.998713
0.998713
0.998713
0.998713
0.998713
0.998713
0.998713
0.998713
0.998713
0.998713
0.998713
0.998713
0.998713
0.998713
0.998713
0.998713
0.998713
0.998713
0.998713
0.998713
0.998713
0.998713
0.998713
0.998713
0.998713
0.998713
0.998713
0.998713
0.998713
0.998713
0.998713
0.998713
0.998713
0.998713
0.998713
0.998713
0.998713
0.998713
0.998713
0.998713
0.998713
0.998713
0.998713
0.998713
0.998713
0.998713
0.998713
0.998713
0.998713
0.998713
0.998713
0.998713
0.998713
0.998713
0.998713
0.998713
0.998713
0.998713
0.998713
0.998713
0.998713
0.998713
0.998713
0.998713
0.998713
0.998713
0.998713
0.998713
0.998713
0.998713
0.998713
0.998713
0.998713
0.998713
0.998713
0.998713
0.998713
0.998713
0.998713
0.998713
0.998713
0.998713
0.998713
0.998713
0.998713
0.998713
0.998713
0.998713
0.998713
0.998713
0.998713
0.998713
0.998713
0.998713
0.998713
0.998713
0.998713
0.998713
0.998713
0.998713
0.998713
0.998713
0.998713
0.998713
0.998713
0.998713
0.998713
0.998713
0.998713
0.998713
0.998713
0.998713
0.998713
0.998713
0.998713
0.998713
0.998713
0.998713
0.998713
0.998713
0.998713
0.998713
0.998713
0.998713
0.998713
0.998713
0.998713
0.998713
0.998713
0.998713
0.998713
0.998713
0.998713
0.998713
0.998713
0.998713
0.998713
0.998713
0.998713
0.998713
0.998713
0.998713
0.998713
0.998713
0.998713
0.998713
0.998713
0.998713
0.998713
0.998713
0.998713
0.998713
0.998713
0.998713
0.998713
0.998713
0.998713
0.998713
0.998713
0.998713
0.998713
0.998713
0.998713
0.998713
0.998713
0.998713
0.998713
0.998713
0.998713
0.998713
0.998713
0.998713
0.998713
0.998713
0.998713
0.998713
0.998713
0.998713
0.998713
0.998713
0.998713
0.998713
0.998713
0.998713
0.998713
0.998713
0.998713
0.998713
0.998713
0.998713
0.998713
0.998713
0.998713
0.998713
0.998713
0.998713
0.998713
0.998713
0.998713
0.998713
0.998713
0.998713
0.998713
0.998713
0.998713
0.998713
0.998713
0.998713
0.998713
0.998713
0.998713
0.998713
0.998713
0.998713
0.998713
0.998713
0.998713
0.998713
0.998713
0.998713
0.998713
0.998713
0.998713
0.998713
0.998713
0.998713
0.998713
0.998713
0.998713
0.998713
0.998713
0.998713
0.998713
0.998713
0.998713
0.998713
0.998713
0.998713
0.998713
0.998713
0.998713
0.998713
0.998713
0.998713
0.998713
0.998713
0.998713
0.998713
0.998713
0.998713
0.998713
0.998713
0.998713
0.998713
0.998713
0.998713
0.998713
0.998713
0.998713
0.998713
0.998713
0.998713
0.998713
0.998713
0.998713
0.998713
0.998713
0.998713
0.998713
0.998713
0.998713
0.998713
0.998713
0.998713
0.998713
0.998713
0.998713
0.998713
0.998713
0.998713
0.998713
0.998713
0.998713
0.998713
0.998713
0.998713
0.998713
0.998713
0.998713
0.998713
