0.026191
0.085311
0.136540
0.174814
0.202015
0.221384
0.235513
0.246192
0.254594
0.261474
0.267310
0.272405
0.276951
0.281071
0.284849
0.288344
0.291598
0.294639
0.297488
0.300161
0.302660
0.304975
0.307080
0.308959
0.310724
0.312580
0.314517
0.316462
0.318402
0.320335
0.322263
0.324185
0.326101
0.328012
0.329917
0.331816
0.333710
0.335598
0.337480
0.339422
0.341174
0.342901
0.344619
0.346333
0.348041
0.349745
0.351444
0.353138
0.354828
0.356513
0.358193
0.359870
0.361541
0.363208
0.364871
0.366529
0.368183
0.369832
0.371477
0.373117
0.374753
0.376385
0.378012
0.379635
0.381253
0.382867
0.384477
0.386083
0.387684
0.389281
0.390874
0.392463
0.394047
0.395627
0.397203
0.398775
0.400342
0.401905
0.403465
0.405020
0.406571
0.408117
0.409660
0.411199
0.412733
0.414264
0.415790
0.417313
0.418831
0.420345
0.421856
0.423362
0.424865
0.426363
0.427857
0.429348
0.430834
0.432317
0.433796
0.435271
0.436742
0.438209
0.439672
0.441131
0.442587
0.444038
0.445486
0.446930
0.448370
0.449807
0.451239
0.452668
0.454093
0.455515
0.456932
0.458346
0.459756
0.461163
0.462565
0.463964
0.465360
0.466752
0.468140
0.469524
0.470905
0.472282
0.473655
0.475025
0.476392
0.477754
0.479113
0.480469
0.481821
0.483169
0.484514
0.485856
0.487194
0.488528
0.489859
0.491186
0.492510
0.493830
0.495147
0.496461
0.497771
0.499077
0.500380
0.501680
0.502976
0.504269
0.505559
0.506845
0.508127
0.509407
0.510683
0.511955
0.513225
0.514491
0.515753
0.517013
0.518269
0.519522
0.520771
0.522017
0.523260
0.524500
0.525736
0.526969
0.528199
0.529426
0.530649
0.531869
0.533086
0.534300
0.535511
0.536718
0.537923
0.539124
0.540322
0.541517
0.542708
0.543897
0.545083
0.546265
0.547444
0.548620
0.549793
0.550963
0.552130
0.553294
0.554455
0.555613
0.556768
0.557919
0.559068
0.560214
0.561356
0.562496
0.563633
0.564766
0.565897
0.567025
0.568150
0.569271
0.570390
0.571506
0.572619
0.573729
0.574837
0.575941
0.577042
0.578141
0.579237
0.580329
0.581419
0.582506
0.583591
0.584672
0.585750
0.586826
0.587899
0.588969
0.590036
0.591101
0.592163
0.593221
0.594278
0.595331
0.596381
0.597429
0.598474
0.599517
0.600556
0.601593
0.602628
0.603659
0.604688
0.605714
0.606737
0.607758
0.608776
0.609791
0.610804
0.611814
0.612822
0.613826
0.614829
0.615828
0.616825
0.617819
0.618811
0.619800
0.620787
0.621771
0.622752
0.623731
0.624707
0.625681
0.626652
0.627620
0.628586
0.629550
0.630511
0.631470
0.632426
0.633379
0.634330
0.635279
0.636225
0.637168
0.638109
0.639048
0.639984
0.640918
0.641849
0.642778
0.643704
0.644628
0.645550
0.646469
0.647386
0.648300
0.649212
0.650122
0.651029
0.651934
0.652837
0.653737
0.654635
0.655530
0.656423
0.657314
0.658202
0.659089
0.659972
0.660854
0.661733
0.662610
0.663485
0.664357
0.665227
0.666095
0.666961
0.667824
0.668685
0.669544
0.670400
0.671255
0.672107
0.672957
0.673804
0.674650
0.675493
0.676334
0.677173
0.678009
0.678844
0.679676
0.680506
0.681334
0.682160
0.682984
0.683805
0.684625
0.685442
0.686257
0.687070
0.687881
0.688690
0.689496
0.690301
0.691103
0.691904
0.692702
0.693498
0.694292
0.695084
0.695874
0.696662
0.697448
0.698232
0.699014
0.699794
0.700571
0.701347
0.702121
0.702892
0.703662
0.704430
0.705195
0.705959
0.706721
0.707480
0.708238
0.708994
0.709748
0.710500
0.711249
0.711997
0.712743
0.713487
0.714230
0.714970
0.715708
0.716444
0.717179
0.717911
0.718642
0.719371
0.720097
0.720822
0.721545
0.722267
0.722986
0.723703
0.724419
0.725132
0.725844
0.726554
0.727262
0.727969
0.728673
0.729376
0.730077
0.730776
0.731473
0.732168
0.732862
0.733554
0.734244
0.734932
0.735618
0.736303
0.736986
0.737667
0.738346
0.739024
0.739699
0.740373
0.741046
0.741716
0.742385
0.743052
0.743717
0.744381
0.745043
0.745703
0.746361
0.747018
0.747673
0.748327
0.748978
0.749628
0.750276
0.750923
0.751568
0.752211
0.752853
0.753493
0.754131
0.754767
0.755402
0.756036
0.756667
0.757297
0.757926
0.758552
0.759178
0.759801
0.760423
0.761043
0.761662
0.762279
0.762895
0.763508
0.764121
0.764731
0.765340
0.765948
0.766554
0.767158
0.767761
0.768363
0.768962
0.769560
0.770157
0.770752
0.771346
0.771938
0.772528
0.773117
0.773704
0.774290
0.774875
0.775457
0.776039
0.776619
0.777197
0.777774
0.778349
0.778923
0.779495
0.780066
0.780636
0.781204
0.781770
0.782335
0.782899
0.783461
0.784021
0.784580
0.785138
0.785694
0.786249
0.786803
0.787355
0.787905
0.788454
0.789002
0.789548
0.790093
0.790637
0.791179
0.791719
0.792259
0.792797
0.793333
0.793868
0.794402
0.794934
0.795465
0.795995
0.796523
0.797050
0.797575
0.798099
0.798622
0.799144
0.799664
0.800182
0.800700
0.801216
0.801730
0.802244
0.802756
0.803267
0.803776
0.804284
0.804791
0.805296
0.805801
0.806303
0.806805
0.807305
0.807804
0.808302
0.808798
0.809293
0.809787
0.810280
0.810771
0.811261
0.811750
0.812237
0.812724
0.813209
0.813692
0.814175
0.814656
0.815136
0.815615
0.816092
0.816569
0.817044
0.817517
0.817990
0.818461
0.818931
0.819400
0.819868
0.820335
0.820800
0.821264
0.821727
0.822189
0.822649
0.823109
0.823567
0.824024
0.824480
0.824934
0.825388
0.825840
0.826291
0.826741
0.827190
0.827637
0.828084
0.828529
0.828973
0.829416
0.829858
0.830299
0.830739
0.831177
0.831614
0.832051
0.832486
0.832920
0.833352
0.833784
0.834215
0.834644
0.835073
0.835500
0.835926
0.836351
0.836775
0.837198
0.837620
0.838040
0.838460
0.838879
0.839296
0.839712
0.840128
0.840542
0.840955
0.841367
0.841778
0.842188
0.842597
0.843005
0.843412
0.843818
0.844222
0.844626
0.845029
0.845430
0.845831
