0.010157
0.023334
0.031830
0.036946
0.042344
0.048109
0.054318
0.061052
0.068424
0.076566
0.085634
0.095810
0.107327
0.120504
0.135765
0.153675
0.175003
0.200970
0.233567
0.276052
0.333536
0.409057
0.466483
0.428937
0.379248
0.374247
0.377607
0.381292
0.385057
0.388893
0.392794
0.396755
0.400773
0.404845
0.408969
0.413143
0.417366
0.421637
0.425953
0.430427
0.434645
0.438928
0.443258
0.447634
0.452053
0.456516
0.461021
0.465566
0.470150
0.474772
0.479430
0.484123
0.488851
0.493610
0.498401
0.503222
0.508070
0.512946
0.517847
0.522771
0.527717
0.532684
0.537671
0.542674
0.547693
0.552727
0.557773
0.562829
0.567895
0.572969
0.578048
0.583132
0.588218
0.593305
0.598391
0.603475
0.608555
0.613629
0.618696
0.623754
0.628801
0.633836
0.638858
0.643864
0.648854
0.653826
0.658778
0.663709
0.668618
0.673503
0.678362
0.683196
0.688002
0.692778
0.697525
0.702241
0.706924
0.711573
0.716188
0.720768
0.725311
0.729816
0.734283
0.738711
0.743099
0.747446
0.751751
0.756014
0.760235
0.764411
0.768544
0.772632
0.776675
0.780672
0.784623
0.788527
0.792385
0.796196
0.799959
0.803674
0.807342
0.810962
0.814533
0.818056
0.821531
0.824957
0.828335
0.831665
0.834946
0.838178
0.841362
0.844499
0.847587
0.850627
0.853620
0.856565
0.859463
0.862314
0.865118
0.867876
0.870588
0.873254
0.875874
0.878450
0.880980
0.883467
0.885909
0.888308
0.890664
0.892978
0.895249
0.897478
0.899666
0.901813
0.903920
0.905987
0.908015
0.910003
0.911954
0.913866
0.915741
0.917580
0.919382
0.921148
0.922878
0.924574
0.926236
0.927864
0.929459
0.931021
0.932550
0.934048
0.935515
0.936952
0.938358
0.939734
0.941081
0.942400
0.943691
0.944954
0.946189
0.947398
0.948581
0.949739
0.950871
0.951978
0.953061
0.954120
0.955156
0.956168
0.957159
0.958127
0.959074
0.959999
0.960904
0.961788
0.962652
0.963497
0.964323
0.965130
0.965919
0.966689
0.967442
0.968178
0.968897
0.969599
0.970286
0.970956
0.971611
0.972251
0.972876
0.973486
0.974082
0.974665
0.975234
0.975789
0.976332
0.976862
0.977379
0.977884
0.978378
0.978860
0.979330
0.979790
0.980239
0.980677
0.981104
0.981522
0.981930
0.982328
0.982717
0.983096
0.983466
0.983828
0.984181
0.984526
0.984863
0.985191
0.985512
0.985825
0.986131
0.986429
0.986720
0.987005
0.987282
0.987553
0.987818
0.988076
0.988328
0.988574
0.988814
0.989048
0.989277
0.989501
0.989719
0.989932
0.990139
0.990342
0.990540
0.990733
0.990922
0.991106
0.991286
0.991462
0.991633
0.991800
0.991963
0.992123
0.992278
0.992430
0.992578
0.992723
0.992864
0.993002
0.993137
0.993268
0.993397
0.993522
0.993644
0.993764
0.993880
0.993994
0.994105
0.994213
0.994319
0.994423
0.994524
0.994622
0.994719
0.994812
0.994904
0.994994
0.995081
0.995167
0.995250
0.995331
0.995411
0.995489
0.995564
0.995638
0.995711
0.995781
0.995850
0.995918
0.995983
0.996048
0.996110
0.996172
0.996231
0.996290
0.996347
0.996403
0.996457
0.996510
0.996562
0.996613
0.996662
0.996711
0.996758
0.996804
0.996849
0.996893
0.996936
0.996978
0.997019
0.997059
0.997099
0.997137
0.997174
0.997211
0.997247
0.997281
0.997315
0.997349
0.997381
0.997413
0.997444
0.997474
0.997504
0.997533
0.997561
0.997589
0.997616
0.997642
0.997668
0.997693
0.997718
0.997742
0.997766
0.997789
0.997811
0.997833
0.997855
0.997876
0.997896
0.997916
0.997936
0.997955
0.997974
0.997992
0.998010
0.998027
0.998044
0.998061
0.998077
0.998093
0.998109
0.998124
0.998139
0.998154
0.998168
0.998182
0.998196
0.998209
0.998222
0.998235
0.998247
0.998259
0.998271
0.998283
0.998294
0.998305
0.998316
0.998327
0.998337
0.998347
0.998357
0.998367
0.998376
0.998386
0.998395
0.998404
0.998412
0.998421
0.998429
0.998437
0.998445
0.998453
0.998461
0.998468
0.998475
0.998483
0.998490
0.998496
0.998503
0.998509
0.998516
0.998522
0.998528
0.998534
0.998540
0.998546
0.998551
0.998557
0.998562
0.998567
0.998572
0.998577
0.998582
0.998587
0.998592
0.998596
0.998601
0.998605
0.998610
0.998614
0.998618
0.998622
0.998626
0.998630
0.998633
0.998637
0.998641
0.998644
0.998648
0.998651
0.998654
0.998658
0.998661
0.998664
0.998667
0.998670
0.998673
0.998676
0.998678
0.998681
0.998684
0.998686
0.998689
0.998691
0.998694
0.998696
0.998699
0.998701
0.998703
0.998705
0.998707
0.998709
0.998712
0.998714
0.998716
0.998717
0.998719
0.998721
0.998723
0.998725
0.998726
0.998728
0.998730
0.998731
0.998733
0.998735
0.998736
0.998738
0.998739
0.998740
0.998742
0.998743
0.998745
0.998746
0.998747
0.998748
0.998750
0.998751
0.998752
0.998753
0.998754
0.998755
0.998757
0.998758
0.998759
0.998760
0.998761
0.998762
0.998763
0.998764
0.998764
0.998765
0.998766
0.998767
0.998768
0.998769
0.998770
0.998770
0.998771
0.998772
0.998773
0.998773
0.998774
0.998775
0.998775
0.998776
0.998777
0.998777
0.998778
0.998779
0.998779
0.998780
0.998780
0.998781
0.998781
0.998782
0.998783
0.998783
0.998784
0.998784
0.998785
0.998785
0.998785
0.998786
0.998786
0.998787
0.998787
0.998788
0.998788
0.998788
0.998789
0.998789
0.998790
0.998790
0.998790
0.998791
0.998791
0.998791
0.998792
0.998792
0.998792
0.998793
0.998793
0.998793
0.998794
0.998794
0.998794
0.998794
0.998795
0.998795
0.998795
0.998795
0.998796
0.998796
0.998796
0.998796
0.998797
0.998797
0.998797
0.998797
0.998798
0.998798
0.998798
0.998798
0.998798
0.998799
0.998799
0.998799
0.998799
0.998799
0.998799
0.998800
0.998800
0.998800
0.998800
0.998800
0.998800
0.998801
0.998801
0.998801
0.998801
0.998801
0.998801
0.998801
0.998801
0.998802
0.998802
0.998802
0.998802
0.998802
0.998802
0.998802
0.998802
0.998803
