0.009940
0.021288
0.033467
0.048546
0.055914
0.062922
0.070603
0.079093
0.088556
0.099177
0.111202
0.124962
0.140902
0.159621
0.181942
0.209199
0.243507
0.287124
0.336765
0.367248
0.343684
0.303293
0.293332
0.294908
0.297187
0.299487
0.301801
0.304127
0.306466
0.308816
0.311178
0.313552
0.315937
0.318333
0.320741
0.323160
0.325591
0.328034
0.330490
0.332992
0.335271
0.337584
0.339913
0.342257
0.344615
0.346988
0.349376
0.351779
0.354197
0.356629
0.359078
0.361541
0.364020
0.366515
0.369025
0.371551
0.374093
0.376651
0.379225
0.381815
0.384421
0.387043
0.389681
0.392336
0.395006
0.397693
0.400396
0.403115
0.405850
0.408601
0.411368
0.414151
0.416949
0.419764
0.422594
0.425440
0.428301
0.431178
0.434070
0.436976
0.439898
0.442835
0.445786
0.448751
0.451731
0.454724
0.457732
0.460752
0.463787
0.466834
0.469894
0.472967
0.476052
0.479149
0.482258
0.485378
0.488510
0.491652
0.494806
0.497969
0.501142
0.504325
0.507517
0.510719
0.513928
0.517147
0.520373
0.523606
0.526847
0.530094
0.533348
0.536608
0.539874
0.543145
0.546421
0.549701
0.552985
0.556273
0.559565
0.562859
0.566156
0.569455
0.572756
0.576058
0.579360
0.582664
0.585967
0.589270
0.592572
0.595874
0.599173
0.602471
0.605766
0.609058
0.612348
0.615633
0.618915
0.622192
0.625465
0.628733
0.631994
0.635250
0.638500
0.641743
0.644979
0.648208
0.651429
0.654641
0.657845
0.661041
0.664227
0.667403
0.670570
0.673726
0.676872
0.680007
0.683131
0.686243
0.689343
0.692431
0.695507
0.698570
0.701620
0.704657
0.707680
0.710690
0.713685
0.716666
0.719632
0.722584
0.725520
0.728441
0.731347
0.734237
0.737110
0.739968
0.742809
0.745634
0.748442
0.751232
0.754006
0.756762
0.759501
0.762222
0.764926
0.767611
0.770279
0.772928
0.775559
0.778171
0.780765
0.783340
0.785896
0.788434
0.790952
0.793451
0.795932
0.798392
0.800834
0.803256
0.805659
0.808042
0.810406
0.812750
0.815075
0.817380
0.819665
0.821931
0.824176
0.826402
0.828609
0.830795
0.832962
0.835109
0.837236
0.839344
0.841431
0.843499
0.845548
0.847577
0.849586
0.851575
0.853545
0.855496
0.857427
0.859339
0.861231
0.863104
0.864958
0.866792
0.868608
0.870404
0.872182
0.873940
0.875680
0.877401
0.879104
0.880788
0.882453
0.884100
0.885729
0.887340
0.888932
0.890507
0.892063
0.893602
0.895123
0.896626
0.898112
0.899581
0.901032
0.902467
0.903884
0.905284
0.906668
0.908034
0.909385
0.910718
0.912036
0.913337
0.914622
0.915891
0.917145
0.918382
0.919604
0.920811
0.922002
0.923178
0.924339
0.925486
0.926617
0.927733
0.928835
0.929923
0.930996
0.932055
0.933100
0.934132
0.935149
0.936153
0.937143
0.938120
0.939084
0.940034
0.940972
0.941896
0.942808
0.943708
0.944594
0.945469
0.946331
0.947182
0.948020
0.948846
0.949661
0.950464
0.951256
0.952036
0.952806
0.953564
0.954311
0.955047
0.955773
0.956488
0.957193
0.957887
0.958571
0.959245
0.959910
0.960564
0.961208
0.961843
0.962468
0.963084
0.963691
0.964289
0.964877
0.965457
0.966027
0.966589
0.967143
0.967688
0.968224
0.968752
0.969272
0.969784
0.970288
0.970785
0.971273
0.971754
0.972227
0.972693
0.973151
0.973602
0.974046
0.974483
0.974913
0.975336
0.975753
0.976162
0.976565
0.976962
0.977352
0.977736
0.978113
0.978485
0.978850
0.979209
0.979563
0.979911
0.980253
0.980589
0.980920
0.981245
0.981565
0.981879
0.982189
0.982493
0.982792
0.983086
0.983375
0.983659
0.983938
0.984213
0.984483
0.984748
0.985009
0.985266
0.985518
0.985766
0.986009
0.986248
0.986484
0.986715
0.986942
0.987165
0.987384
0.987600
0.987812
0.988020
0.988224
0.988425
0.988622
0.988816
0.989007
0.989194
0.989378
0.989558
0.989735
0.989909
0.990081
0.990249
0.990414
0.990576
0.990735
0.990891
0.991045
0.991195
0.991343
0.991489
0.991631
0.991771
0.991909
0.992044
0.992176
0.992307
0.992434
0.992560
0.992683
0.992804
0.992923
0.993039
0.993153
0.993265
0.993376
0.993484
0.993590
0.993694
0.993796
0.993896
0.993995
0.994091
0.994186
0.994279
0.994370
0.994459
0.994547
0.994633
0.994718
0.994801
0.994882
0.994962
0.995040
0.995117
0.995192
0.995266
0.995338
0.995409
0.995479
0.995547
0.995614
0.995680
0.995745
0.995808
0.995870
0.995930
0.995990
0.996049
0.996106
0.996162
0.996217
0.996271
0.996324
0.996376
0.996427
0.996477
0.996526
0.996574
0.996621
0.996667
0.996712
0.996756
0.996799
0.996842
0.996884
0.996924
0.996964
0.997004
0.997042
0.997080
0.997117
0.997153
0.997188
0.997223
0.997257
0.997290
0.997323
0.997355
0.997386
0.997417
0.997447
0.997476
0.997505
0.997534
0.997561
0.997588
0.997615
0.997641
0.997667
0.997692
0.997716
0.997740
0.997763
0.997786
0.997809
0.997831
0.997852
0.997874
0.997894
0.997914
0.997934
0.997954
0.997973
0.997991
0.998010
0.998027
0.998045
0.998062
0.998079
0.998095
0.998111
0.998127
0.998142
0.998157
0.998172
0.998186
0.998200
0.998214
0.998228
0.998241
0.998254
0.998267
0.998279
0.998291
0.998303
0.998315
0.998326
0.998337
0.998348
0.998359
0.998369
0.998379
0.998389
0.998399
0.998408
0.998418
0.998427
0.998436
0.998444
0.998453
0.998461
0.998470
0.998478
0.998485
0.998493
0.998500
0.998508
0.998515
0.998522
0.998529
0.998535
0.998542
0.998548
0.998555
0.998561
0.998567
0.998572
0.998578
0.998584
0.998589
0.998595
0.998600
0.998605
0.998610
0.998615
0.998620
0.998624
0.998629
0.998633
0.998638
0.998642
0.998646
0.998650
0.998654
0.998658
0.998662
0.998665
0.998669
0.998672
0.998676
0.998679
0.998683
0.998686
0.998689
0.998692
0.998695
0.998698
0.998701
0.998704
0.998706
0.998709
0.998712
0.998714
0.998717
0.998719
0.998722
0.998724
0.998726
0.998728
0.998730
