0.010007
0.021422
0.033663
0.048827
0.056200
0.063294
0.071066
0.079658
0.089289
0.100373
0.113747
0.130729
0.152618
0.179590
0.209642
0.238677
0.261968
0.276352
0.281977
0.282249
0.281585
0.282329
0.284100
0.286061
0.288025
0.289983
0.291936
0.293884
0.295827
0.297764
0.299697
0.301624
0.303546
0.305463
0.307375
0.309282
0.311184
0.313082
0.314974
0.316906
0.318634
0.320356
0.322074
0.323788
0.325498
0.327204
0.328906
0.330605
0.332300
0.333991
0.335678
0.337361
0.339041
0.340717
0.342389
0.344058
0.345722
0.347384
0.349042
0.350696
0.352346
0.353993
0.355637
0.357277
0.358913
0.360547
0.362176
0.363803
0.365426
0.367045
0.368661
0.370274
0.371884
0.373490
0.375094
0.376693
0.378290
0.379884
0.381474
0.383061
0.384645
0.386226
0.387804
0.389379
0.390951
0.392520
0.394086
0.395649
0.397209
0.398766
0.400321
0.401872
0.403420
0.404966
0.406509
0.408049
0.409587
0.411121
0.412653
0.414182
0.415709
0.417233
0.418754
0.420273
0.421789
0.423302
0.424813
0.426322
0.427828
0.429331
0.430832
0.432331
0.433827
0.435320
0.436812
0.438301
0.439787
0.441272
0.442754
0.444233
0.445711
0.447186
0.448659
0.450130
0.451599
0.453065
0.454529
0.455992
0.457452
0.458910
0.460365
0.461819
0.463271
0.464721
0.466169
0.467614
0.469058
0.470500
0.471940
0.473378
0.474814
0.476248
0.477680
0.479111
0.480540
0.481966
0.483391
0.484815
0.486236
0.487656
0.489074
0.490490
0.491904
0.493317
0.494728
0.496138
0.497545
0.498952
0.500356
0.501759
0.503160
0.504560
0.505958
0.507354
0.508749
0.510143
0.511534
0.512925
0.514314
0.515701
0.517087
0.518471
0.519854
0.521235
0.522615
0.523994
0.525371
0.526747
0.528121
0.529494
0.530865
0.532235
0.533604
0.534971
0.536337
0.537702
0.539065
0.540427
0.541788
0.543147
0.544505
0.545862
0.547218
0.548572
0.549925
0.551276
0.552626
0.553975
0.555323
0.556670
0.558015
0.559359
0.560702
0.562043
0.563384
0.564723
0.566060
0.567397
0.568732
0.570067
0.571400
0.572731
0.574062
0.575391
0.576719
0.578046
0.579372
0.580697
0.582020
0.583342
0.584663
0.585983
0.587302
0.588619
0.589935
0.591250
0.592564
0.593877
0.595189
0.596499
0.597808
0.599116
0.600423
0.601728
0.603033
0.604336
0.605638
0.606939
0.608238
0.609537
0.610834
0.612130
0.613425
0.614718
0.616011
0.617302
0.618592
0.619881
0.621168
0.622455
0.623740
0.625023
0.626306
0.627587
0.628868
0.630147
0.631424
0.632701
0.633976
0.635250
0.636522
0.637793
0.639063
0.640332
0.641600
0.642866
0.644131
0.645394
0.646657
0.647917
0.649177
0.650435
0.651692
0.652948
0.654202
0.655455
0.656707
0.657957
0.659205
0.660453
0.661699
0.662943
0.664187
0.665428
0.666669
0.667908
0.669145
0.670381
0.671616
0.672849
0.674081
0.675311
0.676539
0.677767
0.678992
0.680217
0.681439
0.682660
0.683880
0.685098
0.686315
0.687530
0.688743
0.689955
0.691165
0.692374
0.693581
0.694786
0.695990
0.697192
0.698393
0.699591
0.700789
0.701984
0.703178
0.704370
0.705560
0.706749
0.707936
0.709121
0.710305
0.711487
0.712667
0.713845
0.715022
0.716196
0.717369
0.718540
0.719709
0.720877
0.722042
0.723206
0.724368
0.725528
0.726686
0.727842
0.728997
0.730149
0.731300
0.732448
0.733595
0.734740
0.735882
0.737023
0.738162
0.739298
0.740433
0.741566
0.742697
0.743825
0.744952
0.746077
0.747199
0.748320
0.749438
0.750554
0.751668
0.752780
0.753890
0.754998
0.756104
0.757207
0.758308
0.759407
0.760504
0.761599
0.762692
0.763782
0.764870
0.765956
0.767039
0.768121
0.769200
0.770277
0.771351
0.772423
0.773493
0.774561
0.775626
0.776689
0.777749
0.778808
0.779863
0.780917
0.781968
0.783017
0.784063
0.785107
0.786148
0.787187
0.788224
0.789258
0.790290
0.791319
0.792346
0.793370
0.794392
0.795411
0.796428
0.797442
0.798454
0.799463
0.800469
0.801474
0.802475
0.803474
0.804470
0.805464
0.806455
0.807444
0.808430
0.809413
0.810394
0.811372
0.812347
0.813320
0.814290
0.815258
0.816223
0.817185
0.818144
0.819101
0.820055
0.821006
0.821955
0.822901
0.823844
0.824785
0.825722
0.826657
0.827589
0.828519
0.829445
0.830369
0.831290
0.832209
0.833124
0.834037
0.834947
0.835854
0.836758
0.837660
0.838559
0.839454
0.840347
0.841238
0.842125
0.843009
0.843891
0.844770
0.845645
0.846518
0.847389
0.848256
0.849120
0.849982
0.850840
0.851696
0.852549
0.853398
0.854245
0.855089
0.855930
0.856769
0.857604
0.858436
0.859266
0.860092
0.860916
0.861736
0.862554
0.863368
0.864180
0.864989
0.865795
0.866598
0.867397
0.868194
0.868988
0.869779
0.870567
0.871352
0.872134
0.872914
0.873690
0.874463
0.875233
0.876000
0.876764
0.877526
0.878284
0.879039
0.879791
0.880540
0.881287
0.882030
0.882770
0.883507
0.884242
0.884973
0.885701
0.886427
0.887149
0.887868
0.888584
0.889298
0.890008
0.890715
0.891420
0.892121
0.892819
0.893515
0.894207
0.894896
0.895583
0.896266
0.896947
0.897624
0.898299
0.898970
0.899638
0.900304
0.900966
0.901626
0.902283
0.902936
0.903587
0.904234
0.904879
0.905521
0.906160
0.906795
0.907428
0.908058
0.908685
0.909309
0.909930
0.910548
0.911163
0.911775
0.912385
0.912991
0.913594
0.914195
0.914793
0.915387
0.915979
0.916568
0.917154
0.917737
0.918317
0.918894
0.919468
0.920040
0.920608
0.921174
0.921737
0.922297
0.922854
0.923408
0.923960
0.924508
0.925054
0.925597
0.926137
0.926674
0.927208
0.927740
0.928269
0.928795
0.929318
0.929838
0.930355
0.930870
0.931382
0.931891
0.932398
0.932901
0.933402
0.933900
0.934396
0.934888
0.935378
0.935865
0.936350
0.936832
0.937311
0.937787
0.938261
0.938732
0.939200
0.939665
0.940128
0.940589
0.941046
0.941501
0.941953
0.942403
0.942850
0.943295
