0.040492
0.087838
0.140929
0.202851
0.254532
0.249116
0.219126
0.217296
0.226918
0.236286
0.245153
0.253634
0.261865
0.270011
0.278303
0.287450
0.296650
0.300089
0.302213
0.304325
0.306439
0.308555
0.310673
0.312794
0.314916
0.317041
0.319169
0.321300
0.323433
0.325571
0.327711
0.329855
0.332004
0.334156
0.336313
0.338474
0.340640
0.342812
0.344988
0.347198
0.349194
0.351218
0.353249
0.355288
0.357335
0.359389
0.361451
0.363521
0.365598
0.367684
0.369778
0.371881
0.373992
0.376111
0.378240
0.380377
0.382524
0.384679
0.386844
0.389019
0.391203
0.393396
0.395600
0.397813
0.400036
0.402269
0.404513
0.406767
0.409031
0.411305
0.413590
0.415886
0.418192
0.420509
0.422837
0.425176
0.427525
0.429886
0.432257
0.434640
0.437034
0.439438
0.441854
0.444281
0.446719
0.449169
0.451629
0.454101
0.456584
0.459078
0.461583
0.464100
0.466627
0.469166
0.471715
0.474276
0.476848
0.479430
0.482023
0.484628
0.487243
0.489868
0.492504
0.495151
0.497808
0.500475
0.503153
0.505840
0.508538
0.511245
0.513963
0.516690
0.519426
0.522172
0.524927
0.527691
0.530464
0.533246
0.536036
0.538835
0.541642
0.544457
0.547280
0.550111
0.552949
0.555795
0.558648
0.561508
0.564375
0.567248
0.570127
0.573013
0.575904
0.578801
0.581704
0.584611
0.587524
0.590441
0.593363
0.596289
0.599219
0.602153
0.605090
0.608030
0.610974
0.613919
0.616868
0.619818
0.622770
0.625724
0.628679
0.631636
0.634593
0.637550
0.640507
0.643465
0.646422
0.649378
0.652334
0.655288
0.658240
0.661191
0.664139
0.667086
0.670029
0.672969
0.675906
0.678840
0.681769
0.684694
0.687615
0.690531
0.693442
0.696347
0.699247
0.702141
0.705029
0.707910
0.710784
0.713651
0.716511
0.719363
0.722207
0.725043
0.727871
0.730689
0.733499
0.736299
0.739090
0.741870
0.744641
0.747401
0.750151
0.752889
0.755617
0.758333
0.761037
0.763730
0.766410
0.769078
0.771734
0.774376
0.777006
0.779622
0.782225
0.784814
0.787389
0.789950
0.792496
0.795028
0.797545
0.800048
0.802535
0.805007
0.807463
0.809904
0.812329
0.814738
0.817130
0.819507
0.821867
0.824210
0.826537
0.828846
0.831139
0.833415
0.835673
0.837913
0.840137
0.842342
0.844530
0.846700
0.848852
0.850986
0.853102
0.855199
0.857279
0.859340
0.861382
0.863406
0.865412
0.867398
0.869366
0.871316
0.873246
0.875158
0.877051
0.878925
0.880780
0.882617
0.884434
0.886232
0.888012
0.889772
0.891514
0.893236
0.894940
0.896625
0.898291
0.899937
0.901565
0.903175
0.904765
0.906337
0.907890
0.909424
0.910939
0.912436
0.913915
0.915375
0.916816
0.918240
0.919645
0.921031
0.922400
0.923751
0.925083
0.926398
0.927695
0.928974
0.930236
0.931480
0.932707
0.933916
0.935108
0.936283
0.937441
0.938583
0.939707
0.940815
0.941906
0.942980
0.944039
0.945081
0.946107
0.947117
0.948112
0.949090
0.950054
0.951001
0.951934
0.952851
0.953753
0.954641
0.955514
0.956372
0.957215
0.958045
0.958860
0.959661
0.960448
0.961222
0.961982
0.962728
0.963462
0.964182
0.964889
0.965583
0.966265
0.966934
0.967590
0.968235
0.968867
0.969487
0.970096
0.970693
0.971278
0.971852
0.972415
0.972967
0.973508
0.974038
0.974558
0.975067
0.975566
0.976054
0.976533
0.977002
0.977461
0.977910
0.978350
0.978781
0.979203
0.979615
0.980019
0.980414
0.980800
0.981178
0.981548
0.981909
0.982263
0.982608
0.982946
0.983276
0.983599
0.983914
0.984222
0.984523
0.984817
0.985104
0.985384
0.985658
0.985925
0.986186
0.986440
0.986689
0.986931
0.987167
0.987398
0.987623
0.987842
0.988056
0.988265
0.988468
0.988666
0.988859
0.989047
0.989230
0.989409
0.989583
0.989752
0.989917
0.990078
0.990234
0.990386
0.990534
0.990678
0.990819
0.990955
0.991088
0.991217
0.991342
0.991464
0.991583
0.991698
0.991810
0.991919
0.992025
0.992128
0.992228
0.992325
0.992419
0.992510
0.992599
0.992685
0.992769
0.992850
0.992929
0.993005
0.993079
0.993151
0.993221
0.993288
0.993354
0.993417
0.993479
0.993539
0.993596
0.993652
0.993706
0.993759
0.993810
0.993859
0.993907
0.993953
0.993997
0.994041
0.994082
0.994123
0.994162
0.994200
0.994236
0.994272
0.994306
0.994339
0.994371
0.994402
0.994431
0.994460
0.994488
0.994515
0.994541
0.994566
0.994590
0.994613
0.994635
0.994657
0.994678
0.994698
0.994718
0.994736
0.994755
0.994772
0.994789
0.994805
0.994820
0.994836
0.994850
0.994864
0.994877
0.994890
0.994903
0.994915
0.994926
0.994937
0.994948
0.994958
0.994968
0.994977
0.994986
0.994995
0.995004
0.995012
0.995019
0.995027
0.995034
0.995041
0.995048
0.995054
0.995060
0.995066
0.995071
0.995077
0.995082
0.995087
0.995092
0.995096
0.995101
0.995105
0.995109
0.995113
0.995116
0.995120
0.995123
0.995126
0.995129
0.995132
0.995135
0.995138
0.995140
0.995143
0.995145
0.995148
0.995150
0.995152
0.995154
0.995156
0.995157
0.995159
0.995161
0.995162
0.995164
0.995165
0.995167
0.995168
0.995169
0.995170
0.995172
0.995173
0.995174
0.995175
0.995176
0.995176
0.995177
0.995178
0.995179
0.995180
0.995180
0.995181
0.995182
0.995182
0.995183
0.995183
0.995184
0.995184
0.995185
0.995185
0.995186
0.995186
0.995187
0.995187
0.995187
0.995188
0.995188
0.995188
0.995188
0.995189
0.995189
0.995189
0.995189
0.995190
0.995190
0.995190
0.995190
0.995190
0.995191
0.995191
0.995191
0.995191
0.995191
0.995191
0.995191
0.995191
0.995192
0.995192
0.995192
0.995192
0.995192
0.995192
0.995192
0.995192
0.995192
0.995192
0.995192
0.995192
0.995192
0.995193
0.995193
0.995193
0.995193
0.995193
0.995193
0.995193
0.995193
0.995193
0.995193
0.995193
0.995193
0.995193
0.995193
0.995193
0.995193
0.995193
0.995193
0.995193
0.995193
0.995193
0.995193
0.995193
0.995193
