0.082805
0.117255
0.137787
0.154789
0.169895
0.183525
0.195918
0.207257
0.217724
0.227475
0.236636
0.245282
0.253516
0.261464
0.269275
0.277142
0.285579
0.294839
0.299153
0.301152
0.303082
0.305005
0.306923
0.308834
0.310740
0.312639
0.314533
0.316420
0.318302
0.320178
0.322047
0.323911
0.325770
0.327622
0.329469
0.331311
0.333147
0.334978
0.336803
0.338666
0.340331
0.341990
0.343644
0.345295
0.346941
0.348582
0.350220
0.351853
0.353482
0.355107
0.356727
0.358344
0.359956
0.361564
0.363168
0.364768
0.366364
0.367955
0.369543
0.371127
0.372706
0.374282
0.375854
0.377421
0.378985
0.380544
0.382100
0.383652
0.385200
0.386743
0.388283
0.389819
0.391352
0.392880
0.394404
0.395925
0.397441
0.398954
0.400463
0.401968
0.403470
0.404967
0.406461
0.407951
0.409437
0.410920
0.412398
0.413873
0.415345
0.416812
0.418276
0.419736
0.421193
0.422646
0.424095
0.425540
0.426982
0.428420
0.429855
0.431286
0.432714
0.434137
0.435558
0.436975
0.438388
0.439798
0.441204
0.442606
0.444006
0.445401
0.446794
0.448182
0.449568
0.450950
0.452328
0.453703
0.455075
0.456443
0.457808
0.459170
0.460528
0.461883
0.463234
0.464582
0.465927
0.467269
0.468607
0.469942
0.471274
0.472603
0.473928
0.475250
0.476569
0.477885
0.479198
0.480507
0.481813
0.483116
0.484416
0.485713
0.487007
0.488298
0.489585
0.490870
0.492152
0.493430
0.494706
0.495978
0.497248
0.498514
0.499778
0.501038
0.502296
0.503551
0.504803
0.506051
0.507298
0.508541
0.509781
0.511019
0.512253
0.513485
0.514714
0.515941
0.517164
0.518385
0.519603
0.520819
0.522031
0.523241
0.524449
0.525653
0.526855
0.528055
0.529252
0.530446
0.531638
0.532827
0.534013
0.535197
0.536379
0.537558
0.538735
0.539909
0.541081
0.542250
0.543417
0.544581
0.545743
0.546903
0.548061
0.549216
0.550369
0.551519
0.552668
0.553814
0.554958
0.556099
0.557239
0.558376
0.559511
0.560644
0.561775
0.562904
0.564031
0.565156
0.566279
0.567399
0.568518
0.569635
0.570750
0.571863
0.572974
0.574083
0.575190
0.576296
0.577400
0.578501
0.579602
0.580700
0.581797
0.582892
0.583985
0.585077
0.586167
0.587255
0.588342
0.589428
0.590511
0.591594
0.592674
0.593754
0.594832
0.595908
0.596983
0.598057
0.599130
0.600201
0.601271
0.602339
0.603407
0.604473
0.605538
0.606602
0.607664
0.608726
0.609787
0.610846
0.611905
0.612962
0.614019
0.615075
0.616130
0.617184
0.618237
0.619289
0.620341
0.621391
0.622442
0.623491
0.624540
0.625588
0.626635
0.627682
0.628729
0.629775
0.630820
0.631865
0.632910
0.633954
0.634998
0.636042
0.637085
0.638128
0.639171
0.640214
0.641256
0.642299
0.643341
0.644383
0.645426
0.646468
0.647511
0.648553
0.649596
0.650638
0.651681
0.652725
0.653768
0.654812
0.655856
0.656900
0.657945
0.658991
0.660036
0.661083
0.662130
0.663177
0.664225
0.665274
0.666323
0.667373
0.668424
0.669476
0.670529
0.671582
0.672636
0.673692
0.674748
0.675805
0.676864
0.677923
0.678984
0.680045
0.681108
0.682173
0.683238
0.684305
0.685373
0.686442
0.687513
0.688586
0.689660
0.690735
0.691812
0.692891
0.693971
0.695053
0.696136
0.697222
0.698309
0.699398
0.700488
0.701581
0.702675
0.703772
0.704870
0.705971
0.707073
0.708178
0.709285
0.710393
0.711504
0.712618
0.713733
0.714851
0.715971
0.717093
0.718218
0.719345
0.720475
0.721607
0.722741
0.723878
0.725017
0.726159
0.727304
0.728451
0.729601
0.730753
0.731908
0.733066
0.734227
0.735390
0.736556
0.737725
0.738896
0.740071
0.741248
0.742428
0.743611
0.744797
0.745986
0.747178
0.748372
0.749570
0.750770
0.751974
0.753180
0.754390
0.755602
0.756818
0.758036
0.759257
0.760482
0.761709
0.762940
0.764173
0.765410
0.766649
0.767892
0.769137
0.770386
0.771638
0.772892
0.774150
0.775410
0.776673
0.777940
0.779209
0.780481
0.781757
0.783035
0.784315
0.785599
0.786886
0.788175
0.789467
0.790762
0.792060
0.793360
0.794663
0.795968
0.797277
0.798587
0.799901
0.801216
0.802535
0.803855
0.805178
0.806503
0.807831
0.809161
0.810493
0.811827
0.813163
0.814501
0.815841
0.817183
0.818527
0.819873
0.821220
0.822569
0.823920
0.825272
0.826626
0.827981
0.829337
0.830695
0.832053
0.833413
0.834774
0.836136
0.837498
0.838862
0.840226
0.841590
0.842955
0.844321
0.845686
0.847052
0.848419
0.849785
0.851151
0.852517
0.853882
0.855248
0.856612
0.857977
0.859340
0.860703
0.862064
0.863425
0.864785
0.866143
0.867500
0.868855
0.870209
0.871561
0.872912
0.874260
0.875606
0.876950
0.878292
0.879631
0.880967
0.882301
0.883632
0.884960
0.886285
0.887607
0.888925
0.890240
0.891551
0.892858
0.894162
0.895461
0.896757
0.898048
0.899334
0.900616
0.901893
0.903166
0.904433
0.905695
0.906952
0.908204
0.909450
0.910690
0.911925
0.913153
0.914376
0.915592
0.916803
0.918006
0.919203
0.920394
0.921577
0.922754
0.923923
0.925085
0.926240
0.927387
0.928527
0.929659
0.930783
0.931899
0.933008
0.934107
0.935199
0.936282
0.937357
0.938423
0.939481
0.940529
0.941569
0.942599
0.943621
0.944633
0.945636
0.946629
0.947613
0.948588
0.949553
0.950508
0.951453
0.952388
0.953314
0.954229
0.955134
0.956030
0.956915
0.957789
0.958654
0.959508
0.960352
0.961185
0.962008
0.962820
0.963622
0.964413
0.965193
0.965963
0.966723
0.967471
0.968209
0.968937
0.969653
0.970359
0.971055
0.971739
0.972413
0.973077
0.973729
0.974372
0.975003
0.975624
0.976235
0.976835
0.977424
0.978003
0.978572
0.979131
0.979679
0.980217
0.980745
0.981263
0.981770
0.982268
0.982756
0.983234
0.983703
0.984161
0.984610
0.985050
0.985480
0.985901
0.986313
0.986715
0.987108
0.987493
0.987869
0.988235
0.988594
0.988943
0.989284
0.989617
0.989942
0.990258
0.990567
