0.097369
0.156475
0.179675
0.193730
0.205140
0.215427
0.225014
0.234043
0.242608
0.250838
0.258872
0.266888
0.275201
0.284959
0.291305
0.293416
0.295371
0.297321
0.299265
0.301203
0.303134
0.305060
0.306979
0.308893
0.310800
0.312702
0.314597
0.316487
0.318371
0.320249
0.322121
0.323988
0.325849
0.327704
0.329554
0.331399
0.333238
0.335072
0.336901
0.338777
0.340460
0.342126
0.343787
0.345443
0.347095
0.348743
0.350386
0.352026
0.353661
0.355291
0.356918
0.358540
0.360158
0.361773
0.363382
0.364988
0.366590
0.368188
0.369781
0.371371
0.372956
0.374538
0.376115
0.377688
0.379258
0.380823
0.382385
0.383942
0.385495
0.387045
0.388590
0.390132
0.391670
0.393203
0.394733
0.396259
0.397781
0.399299
0.400814
0.402324
0.403831
0.405334
0.406833
0.408328
0.409819
0.411307
0.412790
0.414270
0.415746
0.417219
0.418687
0.420152
0.421614
0.423071
0.424525
0.425975
0.427421
0.428864
0.430303
0.431738
0.433170
0.434598
0.436022
0.437443
0.438860
0.440274
0.441684
0.443090
0.444493
0.445892
0.447287
0.448679
0.450068
0.451453
0.452834
0.454212
0.455587
0.456957
0.458325
0.459689
0.461049
0.462406
0.463760
0.465110
0.466456
0.467800
0.469139
0.470476
0.471809
0.473138
0.474464
0.475787
0.477107
0.478423
0.479735
0.481045
0.482351
0.483653
0.484953
0.486249
0.487541
0.488831
0.490117
0.491400
0.492680
0.493956
0.495229
0.496499
0.497766
0.499029
0.500289
0.501546
0.502800
0.504050
0.505298
0.506542
0.507783
0.509021
0.510256
0.511487
0.512716
0.513941
0.515163
0.516382
0.517598
0.518811
0.520021
0.521227
0.522431
0.523632
0.524829
0.526024
0.527215
0.528403
0.529589
0.530771
0.531950
0.533126
0.534300
0.535470
0.536637
0.537802
0.538963
0.540122
0.541277
0.542430
0.543579
0.544726
0.545870
0.547010
0.548148
0.549283
0.550416
0.551545
0.552671
0.553795
0.554915
0.556033
0.557148
0.558260
0.559370
0.560476
0.561580
0.562680
0.563779
0.564874
0.565966
0.567056
0.568143
0.569227
0.570308
0.571387
0.572463
0.573536
0.574606
0.575674
0.576739
0.577801
0.578861
0.579918
0.580972
0.582024
0.583072
0.584119
0.585162
0.586203
0.587241
0.588277
0.589310
0.590340
0.591368
0.592393
0.593415
0.594435
0.595452
0.596467
0.597479
0.598489
0.599496
0.600500
0.601502
0.602502
0.603499
0.604493
0.605485
0.606474
0.607461
0.608445
0.609427
0.610406
0.611383
0.612357
0.613329
0.614298
0.615265
0.616230
0.617192
0.618152
0.619109
0.620064
0.621016
0.621966
0.622913
0.623859
0.624801
0.625742
0.626680
0.627615
0.628549
0.629480
0.630408
0.631334
0.632258
0.633180
0.634099
0.635016
0.635931
0.636843
0.637753
0.638661
0.639566
0.640469
0.641370
0.642269
0.643165
0.644060
0.644951
0.645841
0.646729
0.647614
0.648497
0.649377
0.650256
0.651132
0.652007
0.652879
0.653748
0.654616
0.655481
0.656345
0.657206
0.658065
0.658922
0.659776
0.660629
0.661479
0.662328
0.663174
0.664018
0.664860
0.665700
0.666538
0.667374
0.668208
0.669039
0.669869
0.670696
0.671522
0.672345
0.673167
0.673986
0.674803
0.675619
0.676432
0.677243
0.678053
0.678860
0.679666
0.680469
0.681270
0.682070
0.682867
0.683663
0.684456
0.685248
0.686038
0.686826
0.687612
0.688396
0.689178
0.689958
0.690736
0.691513
0.692287
0.693060
0.693831
0.694600
0.695367
0.696132
0.696895
0.697657
0.698417
0.699174
0.699931
0.700685
0.701437
0.702188
0.702937
0.703684
0.704429
0.705173
0.705915
0.706655
0.707393
0.708130
0.708865
0.709598
0.710329
0.711059
0.711787
0.712513
0.713238
0.713961
0.714682
0.715401
0.716119
0.716835
0.717550
0.718263
0.718974
0.719684
0.720392
0.721098
0.721803
0.722506
0.723208
0.723908
0.724606
0.725303
0.725998
0.726692
0.727384
0.728075
0.728764
0.729451
0.730137
0.730822
0.731505
0.732186
0.732866
0.733545
0.734222
0.734897
0.735571
0.736244
0.736915
0.737585
0.738253
0.738920
0.739585
0.740249
0.740912
0.741573
0.742233
0.742891
0.743548
0.744204
0.744858
0.745511
0.746162
0.746813
0.747461
0.748109
0.748755
0.749400
0.750044
0.750686
0.751327
0.751967
0.752605
0.753243
0.753879
0.754513
0.755147
0.755779
0.756410
0.757040
0.757669
0.758296
0.758922
0.759547
0.760171
0.760794
0.761415
0.762036
0.762655
0.763273
0.763890
0.764506
0.765121
0.765735
0.766347
0.766959
0.767569
0.768179
0.768787
0.769394
0.770000
0.770606
0.771210
0.771813
0.772415
0.773016
0.773617
0.774216
0.774814
0.775411
0.776008
0.776603
0.777198
0.777791
0.778384
0.778976
0.779566
0.780156
0.780745
0.781334
0.781921
0.782508
0.783093
0.783678
0.784262
0.784845
0.785428
0.786009
0.786590
0.787170
0.787749
0.788328
0.788906
0.789483
0.790059
0.790635
0.791209
0.791784
0.792357
0.792930
0.793502
0.794074
0.794644
0.795215
0.795784
0.796353
0.796921
0.797489
0.798056
0.798623
0.799189
0.799754
0.800319
0.800883
0.801447
0.802010
0.802573
0.803135
0.803697
0.804258
0.804819
0.805379
0.805939
0.806499
0.807058
0.807616
0.808174
0.808732
0.809290
0.809846
0.810403
0.810959
0.811515
0.812071
0.812626
0.813181
0.813735
0.814289
0.814843
0.815397
0.815950
0.816503
0.817056
0.817609
0.818161
0.818713
0.819265
0.819817
0.820368
0.820920
0.821471
0.822022
0.822573
0.823123
0.823674
0.824224
0.824774
0.825324
0.825874
0.826424
0.826974
0.827524
0.828074
0.828623
0.829173
0.829722
0.830272
0.830821
0.831371
0.831920
0.832470
0.833019
0.833569
0.834118
0.834668
0.835217
0.835767
0.836317
0.836866
0.837416
0.837966
0.838516
0.839066
0.839617
0.840167
0.840717
0.841268
0.841819
0.842370
0.842921
0.843472
0.844023
0.844575
0.845127
0.845679
0.846231
0.846783
0.847336
0.847889
0.848442
0.848995
0.849548
0.850102
