0.010148
0.023277
0.031803
0.036883
0.042235
0.047946
0.054090
0.060753
0.068047
0.076102
0.085075
0.095146
0.106549
0.119601
0.134727
0.152485
0.173645
0.199428
0.231828
0.274159
0.332076
0.413006
0.492442
0.473757
0.420776
0.414090
0.417830
0.422008
0.426288
0.430657
0.435105
0.439627
0.444218
0.448873
0.453589
0.458363
0.463192
0.468075
0.473010
0.478136
0.482996
0.487920
0.492896
0.497919
0.502987
0.508099
0.513253
0.518446
0.523676
0.528941
0.534240
0.539569
0.544928
0.550314
0.555724
0.561157
0.566610
0.572082
0.577570
0.583072
0.588585
0.594108
0.599639
0.605174
0.610712
0.616251
0.621789
0.627322
0.632850
0.638369
0.643879
0.649376
0.654858
0.660324
0.665771
0.671198
0.676602
0.681982
0.687336
0.692661
0.697956
0.703219
0.708448
0.713642
0.718800
0.723918
0.728997
0.734034
0.739029
0.743979
0.748883
0.753741
0.758550
0.763311
0.768021
0.772679
0.777285
0.781839
0.786338
0.790782
0.795170
0.799502
0.803778
0.807996
0.812155
0.816257
0.820299
0.824282
0.828206
0.832070
0.835873
0.839617
0.843300
0.846923
0.850486
0.853989
0.857431
0.860813
0.864135
0.867397
0.870600
0.873744
0.876829
0.879855
0.882822
0.885732
0.888585
0.891381
0.894120
0.896803
0.899431
0.902003
0.904522
0.906987
0.909398
0.911758
0.914065
0.916322
0.918527
0.920683
0.922790
0.924849
0.926860
0.928824
0.930741
0.932614
0.934441
0.936224
0.937965
0.939662
0.941318
0.942933
0.944508
0.946043
0.947539
0.948998
0.950419
0.951803
0.953152
0.954466
0.955745
0.956991
0.958203
0.959384
0.960533
0.961651
0.962739
0.963798
0.964828
0.965829
0.966803
0.967751
0.968672
0.969567
0.970438
0.971284
0.972106
0.972906
0.973682
0.974437
0.975170
0.975882
0.976573
0.977245
0.977897
0.978531
0.979145
0.979743
0.980322
0.980885
0.981431
0.981961
0.982476
0.982975
0.983459
0.983929
0.984385
0.984828
0.985257
0.985673
0.986077
0.986469
0.986849
0.987217
0.987574
0.987921
0.988257
0.988582
0.988898
0.989204
0.989501
0.989789
0.990068
0.990338
0.990601
0.990855
0.991101
0.991340
0.991571
0.991795
0.992012
0.992223
0.992427
0.992625
0.992816
0.993002
0.993182
0.993356
0.993525
0.993689
0.993847
0.994001
0.994150
0.994294
0.994434
0.994569
0.994700
0.994827
0.994951
0.995070
0.995185
0.995297
0.995406
0.995511
0.995612
0.995711
0.995807
0.995899
0.995989
0.996076
0.996160
0.996241
0.996320
0.996397
0.996471
0.996542
0.996612
0.996679
0.996745
0.996808
0.996869
0.996928
0.996986
0.997041
0.997095
0.997148
0.997198
0.997247
0.997295
0.997341
0.997386
0.997429
0.997471
0.997511
0.997551
0.997589
0.997626
0.997662
0.997696
0.997730
0.997762
0.997794
0.997825
0.997854
0.997883
0.997911
0.997938
0.997964
0.997989
0.998014
0.998038
0.998061
0.998083
0.998105
0.998126
0.998146
0.998166
0.998185
0.998203
0.998221
0.998239
0.998256
0.998272
0.998288
0.998303
0.998318
0.998333
0.998347
0.998361
0.998374
0.998387
0.998399
0.998411
0.998423
0.998434
0.998445
0.998456
0.998466
0.998476
0.998486
0.998495
0.998504
0.998513
0.998522
0.998530
0.998538
0.998546
0.998554
0.998561
0.998568
0.998575
0.998582
0.998588
0.998595
0.998601
0.998607
0.998613
0.998618
0.998624
0.998629
0.998634
0.998639
0.998644
0.998649
0.998653
0.998658
0.998662
0.998666
0.998670
0.998674
0.998678
0.998682
0.998685
0.998689
0.998692
0.998696
0.998699
0.998702
0.998705
0.998708
0.998711
0.998713
0.998716
0.998719
0.998721
0.998724
0.998726
0.998728
0.998731
0.998733
0.998735
0.998737
0.998739
0.998741
0.998743
0.998745
0.998746
0.998748
0.998750
0.998751
0.998753
0.998755
0.998756
0.998757
0.998759
0.998760
0.998762
0.998763
0.998764
0.998765
0.998767
0.998768
0.998769
0.998770
0.998771
0.998772
0.998773
0.998774
0.998775
0.998776
0.998777
0.998778
0.998778
0.998779
0.998780
0.998781
0.998782
0.998782
0.998783
0.998784
0.998784
0.998785
0.998786
0.998786
0.998787
0.998788
0.998788
0.998789
0.998789
0.998790
0.998790
0.998791
0.998791
0.998792
0.998792
0.998793
0.998793
0.998793
0.998794
0.998794
0.998795
0.998795
0.998795
0.998796
0.998796
0.998796
0.998797
0.998797
0.998797
0.998798
0.998798
0.998798
0.998798
0.998799
0.998799
0.998799
0.998800
0.998800
0.998800
0.998800
0.998800
0.998801
0.998801
0.998801
0.998801
0.998801
0.998802
0.998802
0.998802
0.998802
0.998802
0.998803
0.998803
0.998803
0.998803
0.998803
0.998803
0.998803
0.998804
0.998804
0.998804
0.998804
0.998804
0.998804
0.998804
0.998804
0.998805
0.998805
0.998805
0.998805
0.998805
0.998805
0.998805
0.998805
0.998805
0.998805
0.998805
0.998806
0.998806
0.998806
0.998806
0.998806
0.998806
0.998806
0.998806
0.998806
0.998806
0.998806
0.998806
0.998806
0.998806
0.998807
0.998807
0.998807
0.998807
0.998807
0.998807
0.998807
0.998807
0.998807
0.998807
0.998807
0.998807
0.998807
0.998807
0.998807
0.998807
0.998807
0.998807
0.998807
0.998807
0.998807
0.998807
0.998807
0.998807
0.998807
0.998808
0.998808
0.998808
0.998808
0.998808
0.998808
0.998808
0.998808
0.998808
0.998808
0.998808
0.998808
0.998808
0.998808
0.998808
0.998808
0.998808
0.998808
0.998808
0.998808
0.998808
0.998808
0.998808
0.998808
0.998808
0.998808
0.998808
0.998808
0.998808
0.998808
0.998808
0.998808
0.998808
0.998808
0.998808
0.998808
0.998808
0.998808
0.998808
0.998808
0.998808
0.998808
0.998808
0.998808
0.998808
0.998808
0.998808
0.998808
0.998808
0.998808
0.998808
0.998808
0.998808
0.998808
0.998808
0.998808
0.998808
0.998808
0.998808
0.998808
0.998808
0.998808
0.998808
0.998808
0.998808
0.998808
0.998808
0.998808
0.998808
0.998808
0.998808
0.998808
0.998808
0.998808
