0.040505
0.087861
0.140982
0.200934
0.241590
0.232712
0.213509
0.215898
0.225607
0.234939
0.243766
0.252203
0.260387
0.268482
0.276719
0.285811
0.294936
0.298293
0.300350
0.302392
0.304434
0.306475
0.308515
0.310556
0.312596
0.314635
0.316675
0.318715
0.320755
0.322796
0.324838
0.326880
0.328924
0.330969
0.333015
0.335063
0.337112
0.339164
0.341218
0.343301
0.345173
0.347068
0.348967
0.350871
0.352779
0.354691
0.356607
0.358528
0.360454
0.362384
0.364319
0.366258
0.368203
0.370153
0.372109
0.374070
0.376036
0.378008
0.379986
0.381970
0.383959
0.385955
0.387957
0.389966
0.391981
0.394002
0.396031
0.398066
0.400107
0.402156
0.404212
0.406275
0.408346
0.410423
0.412508
0.414601
0.416701
0.418809
0.420925
0.423048
0.425180
0.427319
0.429467
0.431622
0.433786
0.435958
0.438138
0.440326
0.442523
0.444728
0.446942
0.449164
0.451394
0.453634
0.455881
0.458138
0.460403
0.462677
0.464959
0.467250
0.469549
0.471858
0.474175
0.476500
0.478835
0.481178
0.483529
0.485890
0.488258
0.490636
0.493022
0.495416
0.497819
0.500230
0.502650
0.505078
0.507515
0.509959
0.512412
0.514873
0.517341
0.519818
0.522303
0.524795
0.527295
0.529803
0.532318
0.534841
0.537371
0.539908
0.542452
0.545004
0.547562
0.550127
0.552699
0.555277
0.557862
0.560452
0.563049
0.565653
0.568261
0.570876
0.573496
0.576122
0.578753
0.581388
0.584029
0.586675
0.589325
0.591980
0.594639
0.597302
0.599969
0.602639
0.605314
0.607991
0.610672
0.613355
0.616042
0.618731
0.621422
0.624116
0.626811
0.629509
0.632208
0.634908
0.637609
0.640312
0.643015
0.645718
0.648422
0.651126
0.653830
0.656533
0.659236
0.661938
0.664639
0.667339
0.670037
0.672734
0.675428
0.678121
0.680811
0.683498
0.686183
0.688864
0.691542
0.694217
0.696888
0.699554
0.702217
0.704875
0.707528
0.710177
0.712820
0.715458
0.718090
0.720717
0.723337
0.725951
0.728559
0.731160
0.733753
0.736340
0.738919
0.741491
0.744055
0.746611
0.749158
0.751697
0.754228
0.756749
0.759262
0.761765
0.764258
0.766742
0.769216
0.771680
0.774134
0.776577
0.779009
0.781431
0.783841
0.786240
0.788628
0.791005
0.793369
0.795721
0.798062
0.800390
0.802706
0.805009
0.807299
0.809576
0.811841
0.814092
0.816329
0.818554
0.820764
0.822961
0.825144
0.827313
0.829467
0.831608
0.833734
0.835845
0.837942
0.840024
0.842091
0.844143
0.846180
0.848202
0.850209
0.852200
0.854176
0.856136
0.858081
0.860010
0.861923
0.863821
0.865703
0.867568
0.869418
0.871252
0.873069
0.874871
0.876656
0.878425
0.880178
0.881914
0.883634
0.885338
0.887026
0.888697
0.890351
0.891989
0.893611
0.895217
0.896805
0.898378
0.899934
0.901473
0.902996
0.904503
0.905993
0.907467
0.908925
0.910366
0.911791
0.913200
0.914592
0.915968
0.917329
0.918673
0.920000
0.921312
0.922608
0.923888
0.925152
0.926401
0.927633
0.928850
0.930052
0.931237
0.932408
0.933563
0.934702
0.935827
0.936936
0.938030
0.939109
0.940173
0.941223
0.942257
0.943277
0.944283
0.945274
0.946250
0.947213
0.948161
0.949095
0.950016
0.950922
0.951815
0.952694
0.953559
0.954411
0.955250
0.956075
0.956888
0.957688
0.958474
0.959248
0.960009
0.960758
0.961495
0.962219
0.962931
0.963631
0.964319
0.964996
0.965660
0.966314
0.966955
0.967586
0.968205
0.968814
0.969411
0.969998
0.970574
0.971139
0.971694
0.972239
0.972774
0.973298
0.973813
0.974318
0.974813
0.975299
0.975775
0.976243
0.976701
0.977149
0.977589
0.978021
0.978443
0.978857
0.979263
0.979660
0.980050
0.980431
0.980804
0.981169
0.981527
0.981877
0.982220
0.982555
0.982883
0.983204
0.983518
0.983826
0.984126
0.984420
0.984707
0.984988
0.985262
0.985530
0.985792
0.986048
0.986298
0.986543
0.986781
0.987015
0.987242
0.987464
0.987681
0.987893
0.988100
0.988301
0.988498
0.988690
0.988877
0.989060
0.989238
0.989412
0.989581
0.989746
0.989907
0.990063
0.990216
0.990365
0.990510
0.990651
0.990788
0.990922
0.991052
0.991179
0.991303
0.991423
0.991540
0.991654
0.991764
0.991872
0.991976
0.992078
0.992177
0.992273
0.992367
0.992458
0.992546
0.992632
0.992715
0.992796
0.992875
0.992951
0.993025
0.993097
0.993167
0.993235
0.993301
0.993364
0.993426
0.993486
0.993545
0.993601
0.993656
0.993709
0.993760
0.993810
0.993858
0.993905
0.993950
0.993994
0.994037
0.994078
0.994118
0.994156
0.994193
0.994230
0.994265
0.994298
0.994331
0.994363
0.994393
0.994423
0.994451
0.994479
0.994506
0.994531
0.994556
0.994580
0.994603
0.994626
0.994648
0.994668
0.994689
0.994708
0.994727
0.994745
0.994762
0.994779
0.994796
0.994811
0.994826
0.994841
0.994855
0.994868
0.994881
0.994894
0.994906
0.994918
0.994929
0.994940
0.994950
0.994960
0.994970
0.994979
0.994988
0.994996
0.995004
0.995012
0.995020
0.995027
0.995034
0.995041
0.995047
0.995054
0.995060
0.995065
0.995071
0.995076
0.995081
0.995086
0.995091
0.995095
0.995099
0.995104
0.995108
0.995111
0.995115
0.995118
0.995122
0.995125
0.995128
0.995131
0.995134
0.995136
0.995139
0.995141
0.995144
0.995146
0.995148
0.995150
0.995152
0.995154
0.995156
0.995157
0.995159
0.995161
0.995162
0.995164
0.995165
0.995166
0.995167
0.995169
0.995170
0.995171
0.995172
0.995173
0.995174
0.995175
0.995175
0.995176
0.995177
0.995178
0.995179
0.995179
0.995180
0.995180
0.995181
0.995182
0.995182
0.995183
0.995183
0.995183
0.995184
0.995184
0.995185
0.995185
0.995185
0.995186
0.995186
0.995186
0.995187
0.995187
0.995187
0.995187
0.995188
0.995188
0.995188
0.995188
0.995188
0.995189
0.995189
0.995189
0.995189
0.995189
0.995189
0.995189
0.995190
0.995190
0.995190
0.995190
0.995190
0.995190
0.995190
0.995190
0.995190
0.995190
0.995190
