0.032587
0.070131
0.110974
0.158351
0.208231
0.236468
0.235059
0.228695
0.232328
0.240669
0.248993
0.257093
0.265145
0.273413
0.282843
0.290786
0.293282
0.295255
0.297223
0.299186
0.301146
0.303102
0.305053
0.307001
0.308945
0.310886
0.312822
0.314756
0.316686
0.318612
0.320536
0.322457
0.324375
0.326290
0.328202
0.330112
0.332020
0.333925
0.335828
0.337758
0.339482
0.341218
0.342955
0.344692
0.346427
0.348162
0.349897
0.351630
0.353363
0.355096
0.356829
0.358561
0.360293
0.362025
0.363757
0.365489
0.367221
0.368953
0.370686
0.372419
0.374152
0.375886
0.377621
0.379356
0.381092
0.382829
0.384567
0.386305
0.388045
0.389786
0.391528
0.393271
0.395015
0.396761
0.398509
0.400258
0.402008
0.403761
0.405515
0.407271
0.409028
0.410788
0.412550
0.414314
0.416080
0.417848
0.419618
0.421391
0.423167
0.424944
0.426725
0.428508
0.430293
0.432082
0.433873
0.435667
0.437464
0.439264
0.441067
0.442873
0.444682
0.446494
0.448310
0.450129
0.451951
0.453777
0.455606
0.457439
0.459275
0.461114
0.462958
0.464805
0.466655
0.468510
0.470368
0.472230
0.474095
0.475965
0.477839
0.479716
0.481598
0.483483
0.485373
0.487267
0.489164
0.491066
0.492972
0.494882
0.496796
0.498715
0.500638
0.502564
0.504495
0.506431
0.508370
0.510314
0.512262
0.514214
0.516171
0.518131
0.520096
0.522066
0.524039
0.526017
0.527999
0.529985
0.531975
0.533970
0.535969
0.537972
0.539979
0.541990
0.544005
0.546024
0.548048
0.550075
0.552107
0.554142
0.556181
0.558224
0.560271
0.562322
0.564377
0.566435
0.568497
0.570563
0.572633
0.574705
0.576782
0.578862
0.580945
0.583032
0.585121
0.587215
0.589311
0.591410
0.593513
0.595618
0.597726
0.599838
0.601952
0.604068
0.606187
0.608309
0.610434
0.612560
0.614689
0.616821
0.618954
0.621090
0.623227
0.625367
0.627508
0.629651
0.631796
0.633942
0.636090
0.638239
0.640389
0.642541
0.644693
0.646847
0.649001
0.651156
0.653312
0.655469
0.657626
0.659783
0.661941
0.664098
0.666256
0.668414
0.670572
0.672729
0.674886
0.677042
0.679198
0.681353
0.683507
0.685660
0.687813
0.689963
0.692113
0.694261
0.696408
0.698553
0.700696
0.702838
0.704977
0.707114
0.709249
0.711382
0.713512
0.715639
0.717764
0.719886
0.722005
0.724120
0.726233
0.728342
0.730448
0.732550
0.734648
0.736743
0.738833
0.740920
0.743002
0.745080
0.747154
0.749223
0.751287
0.753347
0.755401
0.757451
0.759495
0.761534
0.763568
0.765596
0.767619
0.769636
0.771647
0.773652
0.775651
0.777643
0.779630
0.781610
0.783583
0.785550
0.787510
0.789463
0.791409
0.793348
0.795280
0.797205
0.799122
0.801032
0.802934
0.804828
0.806715
0.808594
0.810464
0.812327
0.814181
0.816028
0.817865
0.819695
0.821515
0.823328
0.825131
0.826926
0.828711
0.830488
0.832255
0.834014
0.835763
0.837503
0.839234
0.840955
0.842666
0.844368
0.846061
0.847743
0.849416
0.851079
0.852732
0.854375
0.856007
0.857630
0.859243
0.860845
0.862437
0.864019
0.865590
0.867151
0.868701
0.870241
0.871770
0.873289
0.874797
0.876294
0.877781
0.879256
0.880721
0.882175
0.883618
0.885051
0.886472
0.887882
0.889282
0.890670
0.892047
0.893414
0.894769
0.896113
0.897446
0.898768
0.900079
0.901378
0.902667
0.903944
0.905210
0.906465
0.907709
0.908942
0.910163
0.911374
0.912573
0.913761
0.914938
0.916104
0.917259
0.918402
0.919535
0.920656
0.921767
0.922866
0.923955
0.925032
0.926098
0.927154
0.928198
0.929232
0.930255
0.931267
0.932268
0.933258
0.934238
0.935207
0.936165
0.937112
0.938049
0.938976
0.939892
0.940797
0.941692
0.942577
0.943451
0.944315
0.945169
0.946013
0.946846
0.947669
0.948483
0.949286
0.950079
0.950863
0.951636
0.952400
0.953154
0.953899
0.954634
0.955359
0.956075
0.956782
0.957479
0.958167
0.958845
0.959515
0.960175
0.960826
0.961469
0.962102
0.962727
0.963343
0.963950
0.964548
0.965138
0.965720
0.966293
0.966857
0.967414
0.967962
0.968502
0.969034
0.969558
0.970074
0.970582
0.971083
0.971576
0.972061
0.972538
0.973008
0.973471
0.973926
0.974374
0.974815
0.975249
0.975676
0.976096
0.976509
0.976915
0.977314
0.977707
0.978093
0.978472
0.978845
0.979212
0.979572
0.979927
0.980275
0.980617
0.980953
0.981283
0.981607
0.981925
0.982238
0.982545
0.982847
0.983143
0.983433
0.983719
0.983998
0.984273
0.984543
0.984807
0.985067
0.985321
0.985571
0.985816
0.986056
0.986292
0.986523
0.986749
0.986971
0.987189
0.987402
0.987611
0.987816
0.988016
0.988213
0.988405
0.988594
0.988779
0.988959
0.989137
0.989310
0.989480
0.989646
0.989809
0.989968
0.990123
0.990276
0.990425
0.990571
0.990714
0.990853
0.990990
0.991123
0.991253
0.991381
0.991506
0.991627
0.991747
0.991863
0.991977
0.992088
0.992196
0.992302
0.992406
0.992507
0.992606
0.992702
0.992796
0.992888
0.992978
0.993065
0.993151
0.993234
0.993315
0.993394
0.993472
0.993547
0.993621
0.993692
0.993762
0.993830
0.993897
0.993962
0.994025
0.994086
0.994146
0.994204
0.994261
0.994316
0.994370
0.994423
0.994474
0.994524
0.994572
0.994619
0.994665
0.994709
0.994753
0.994795
0.994836
0.994876
0.994915
0.994953
0.994989
0.995025
0.995060
0.995093
0.995126
0.995158
0.995189
0.995219
0.995248
0.995276
0.995304
0.995331
0.995356
0.995382
0.995406
0.995430
0.995453
0.995475
0.995497
0.995518
0.995538
0.995558
0.995577
0.995595
0.995613
0.995631
0.995648
0.995664
0.995680
0.995695
0.995710
0.995725
0.995739
0.995752
0.995765
0.995778
0.995790
0.995802
0.995814
0.995825
0.995835
0.995846
0.995856
0.995866
0.995875
0.995884
0.995893
0.995901
0.995909
0.995917
0.995925
0.995932
0.995940
0.995946
0.995953
0.995960
0.995966
0.995972
0.995978
0.995983
0.995988
0.995994
