0.019757
0.043309
0.080282
0.134254
0.183505
0.215268
0.233076
0.244018
0.252562
0.260644
0.269225
0.279358
0.283354
0.285346
0.287323
0.289295
0.291261
0.293220
0.295173
0.297120
0.299061
0.300995
0.302924
0.304846
0.306763
0.308673
0.310577
0.312476
0.314369
0.316256
0.318137
0.320013
0.321884
0.323749
0.325608
0.327462
0.329311
0.331154
0.332992
0.334876
0.336564
0.338238
0.339907
0.341571
0.343232
0.344888
0.346539
0.348186
0.349830
0.351469
0.353103
0.354734
0.356360
0.357982
0.359600
0.361214
0.362824
0.364430
0.366031
0.367629
0.369222
0.370812
0.372397
0.373979
0.375556
0.377129
0.378699
0.380264
0.381825
0.383383
0.384936
0.386485
0.388031
0.389572
0.391110
0.392644
0.394174
0.395700
0.397222
0.398740
0.400254
0.401765
0.403272
0.404774
0.406273
0.407769
0.409260
0.410748
0.412232
0.413712
0.415188
0.416661
0.418130
0.419595
0.421056
0.422514
0.423968
0.425418
0.426865
0.428308
0.429748
0.431183
0.432615
0.434044
0.435469
0.436890
0.438307
0.439722
0.441132
0.442539
0.443942
0.445342
0.446738
0.448131
0.449520
0.450906
0.452288
0.453667
0.455042
0.456414
0.457782
0.459147
0.460508
0.461866
0.463221
0.464572
0.465920
0.467264
0.468605
0.469943
0.471277
0.472608
0.473935
0.475260
0.476580
0.477898
0.479212
0.480523
0.481831
0.483135
0.484436
0.485734
0.487029
0.488320
0.489608
0.490893
0.492175
0.493453
0.494728
0.496000
0.497269
0.498535
0.499798
0.501057
0.502313
0.503566
0.504816
0.506063
0.507307
0.508548
0.509785
0.511020
0.512251
0.513480
0.514705
0.515928
0.517147
0.518363
0.519576
0.520787
0.521994
0.523198
0.524399
0.525598
0.526793
0.527986
0.529175
0.530362
0.531545
0.532726
0.533904
0.535079
0.536251
0.537420
0.538586
0.539750
0.540911
0.542068
0.543223
0.544375
0.545525
0.546671
0.547815
0.548956
0.550094
0.551230
0.552362
0.553492
0.554619
0.555744
0.556865
0.557984
0.559101
0.560214
0.561325
0.562433
0.563539
0.564642
0.565742
0.566840
0.567935
0.569027
0.570117
0.571204
0.572289
0.573371
0.574450
0.575527
0.576602
0.577673
0.578743
0.579809
0.580873
0.581935
0.582994
0.584051
0.585105
0.586157
0.587206
0.588253
0.589297
0.590339
0.591379
0.592416
0.593450
0.594483
0.595513
0.596540
0.597565
0.598588
0.599608
0.600626
0.601642
0.602656
0.603667
0.604675
0.605682
0.606686
0.607688
0.608688
0.609685
0.610680
0.611673
0.612664
0.613652
0.614638
0.615622
0.616604
0.617584
0.618561
0.619536
0.620509
0.621480
0.622449
0.623416
0.624380
0.625343
0.626303
0.627261
0.628217
0.629171
0.630123
0.631073
0.632021
0.632967
0.633911
0.634853
0.635792
0.636730
0.637666
0.638600
0.639532
0.640462
0.641390
0.642315
0.643240
0.644162
0.645082
0.646000
0.646917
0.647831
0.648744
0.649654
0.650563
0.651470
0.652376
0.653279
0.654180
0.655080
0.655978
0.656874
0.657769
0.658661
0.659552
0.660441
0.661328
0.662214
0.663098
0.663980
0.664860
0.665739
0.666616
0.667491
0.668365
0.669237
0.670107
0.670976
0.671843
0.672709
0.673573
0.674435
0.675295
0.676154
0.677012
0.677868
0.678722
0.679575
0.680426
0.681276
0.682124
0.682971
0.683816
0.684660
0.685502
0.686343
0.687182
0.688020
0.688857
0.689692
0.690525
0.691357
0.692188
0.693017
0.693845
0.694672
0.695497
0.696321
0.697143
0.697965
0.698784
0.699603
0.700420
0.701236
0.702051
0.702864
0.703676
0.704487
0.705296
0.706104
0.706911
0.707717
0.708522
0.709325
0.710127
0.710928
0.711728
0.712527
0.713324
0.714120
0.714916
0.715710
0.716503
0.717294
0.718085
0.718874
0.719663
0.720450
0.721237
0.722022
0.722806
0.723589
0.724371
0.725152
0.725932
0.726711
0.727489
0.728266
0.729042
0.729817
0.730592
0.731365
0.732137
0.732908
0.733678
0.734448
0.735216
0.735984
0.736750
0.737516
0.738281
0.739045
0.739808
0.740570
0.741331
0.742092
0.742852
0.743610
0.744368
0.745126
0.745882
0.746638
0.747392
0.748146
0.748900
0.749652
0.750404
0.751155
0.751905
0.752655
0.753403
0.754151
0.754899
0.755645
0.756391
0.757136
0.757881
0.758625
0.759368
0.760110
0.760852
0.761593
0.762334
0.763074
0.763813
0.764552
0.765290
0.766027
0.766764
0.767500
0.768235
0.768970
0.769705
0.770439
0.771172
0.771904
0.772637
0.773368
0.774099
0.774830
0.775559
0.776289
0.777018
0.777746
0.778474
0.779201
0.779928
0.780654
0.781380
0.782105
0.782830
0.783554
0.784278
0.785001
0.785724
0.786447
0.787169
0.787890
0.788611
0.789332
0.790052
0.790771
0.791491
0.792210
0.792928
0.793646
0.794363
0.795080
0.795797
0.796513
0.797229
0.797944
0.798659
0.799374
0.800088
0.800802
0.801515
0.802228
0.802941
0.803653
0.804365
0.805076
0.805787
0.806498
0.807208
0.807918
0.808627
0.809336
0.810045
0.810753
0.811461
0.812169
0.812876
0.813583
0.814289
0.814995
0.815701
0.816406
0.817111
0.817815
0.818519
0.819223
0.819926
0.820629
0.821332
0.822034
0.822736
0.823437
0.824138
0.824839
0.825539
0.826239
0.826938
0.827638
0.828336
0.829034
0.829732
0.830430
0.831127
0.831823
0.832520
0.833215
0.833911
0.834606
0.835300
0.835994
0.836688
0.837381
0.838074
0.838766
0.839458
0.840150
0.840841
0.841531
0.842221
0.842911
0.843600
0.844288
0.844977
0.845664
0.846351
0.847038
0.847724
0.848410
0.849095
0.849779
0.850463
0.851147
0.851830
0.852512
0.853194
0.853876
0.854556
0.855237
0.855916
0.856595
0.857274
0.857951
0.858629
0.859305
0.859981
0.860656
0.861331
0.862005
0.862678
0.863351
0.864023
0.864695
0.865365
0.866035
0.866705
0.867373
0.868041
0.868708
0.869374
0.870040
0.870705
0.871369
0.872032
0.872695
0.873356
0.874017
0.874677
0.875337
0.875995
0.876653
0.877309
0.877965
0.878620
0.879274
0.879927
