0.012010
0.016948
0.021566
0.026055
0.030537
0.035106
0.039845
0.044845
0.050182
0.055948
0.062243
0.069185
0.076904
0.085554
0.095344
0.106552
0.119532
0.134734
0.152856
0.174962
0.202647
0.238604
0.287840
0.360029
0.475706
0.662483
0.853351
0.923157
0.931154
0.932992
0.934726
0.936480
0.938242
0.940006
0.941764
0.943513
0.945247
0.946964
0.948660
0.950398
0.952033
0.953643
0.955226
0.956779
0.958303
0.959795
0.961255
0.962682
0.964074
0.965433
0.966756
0.968044
0.969297
0.970514
0.971696
0.972842
0.973952
0.975027
0.976068
0.977073
0.978045
0.978983
0.979887
0.980758
0.981598
0.982405
0.983182
0.983928
0.984645
0.985333
0.985992
0.986624
0.987230
0.987809
0.988363
0.988893
0.989399
0.989882
0.990342
0.990782
0.991200
0.991599
0.991979
0.992340
0.992683
0.993009
0.993319
0.993613
0.993892
0.994156
0.994407
0.994645
0.994869
0.995082
0.995283
0.995473
0.995653
0.995822
0.995982
0.996134
0.996276
0.996410
0.996537
0.996656
0.996768
0.996873
0.996973
0.997066
0.997154
0.997236
0.997313
0.997386
0.997454
0.997517
0.997577
0.997633
0.997686
0.997735
0.997781
0.997824
0.997864
0.997901
0.997936
0.997969
0.998000
0.998028
0.998055
0.998080
0.998103
0.998124
0.998145
0.998163
0.998181
0.998197
0.998212
0.998226
0.998239
0.998251
0.998262
0.998273
0.998283
0.998292
0.998300
0.998308
0.998315
0.998322
0.998328
0.998333
0.998339
0.998344
0.998348
0.998352
0.998356
0.998360
0.998363
0.998366
0.998369
0.998372
0.998374
0.998376
0.998378
0.998380
0.998382
0.998384
0.998385
0.998386
0.998388
0.998389
0.998390
0.998391
0.998392
0.998393
0.998393
0.998394
0.998395
0.998395
0.998396
0.998396
0.998397
0.998397
0.998398
0.998398
0.998398
0.998399
0.998399
0.998399
0.998399
0.998400
0.998400
0.998400
0.998400
0.998400
0.998400
0.998400
0.998401
0.998401
0.998401
0.998401
0.998401
0.998401
0.998401
0.998401
0.998401
0.998401
0.998401
0.998401
0.998401
0.998401
0.998401
0.998401
0.998401
0.998401
0.998402
0.998402
0.998402
0.998402
0.998402
0.998402
0.998402
0.998402
0.998402
0.998402
0.998402
0.998402
0.998402
0.998402
0.998402
0.998402
0.998402
0.998402
0.998402
0.998402
0.998402
0.998402
0.998402
0.998402
0.998402
0.998402
0.998402
0.998402
0.998402
0.998402
0.998402
0.998402
0.998402
0.998402
0.998402
0.998402
0.998402
0.998402
0.998402
0.998402
0.998402
0.998402
0.998402
0.998402
0.998402
0.998402
0.998402
0.998402
0.998402
0.998402
0.998402
0.998402
0.998402
0.998402
0.998402
0.998402
0.998402
0.998402
0.998402
0.998402
0.998402
0.998402
0.998402
0.998402
0.998402
0.998402
0.998402
0.998402
0.998402
0.998402
0.998402
0.998402
0.998402
0.998402
0.998402
0.998402
0.998402
0.998402
0.998402
0.998402
0.998402
0.998402
0.998402
0.998402
0.998402
0.998402
0.998402
0.998402
0.998402
0.998402
0.998402
0.998402
0.998402
0.998402
0.998402
0.998402
0.998402
0.998402
0.998402
0.998402
0.998402
0.998402
0.998402
0.998402
0.998402
0.998402
0.998402
0.998402
0.998402
0.998402
0.998402
0.998402
0.998402
0.998402
0.998402
0.998402
0.998402
0.998402
0.998402
0.998402
0.998402
0.998402
0.998402
0.998402
0.998402
0.998402
0.998402
0.998402
0.998402
0.998402
0.998402
0.998402
0.998402
0.998402
0.998402
0.998402
0.998402
0.998402
0.998402
0.998402
0.998402
0.998402
0.998402
0.998402
0.998402
0.998402
0.998402
0.998402
0.998402
0.998402
0.998402
0.998402
0.998402
0.998402
0.998402
0.998402
0.998402
0.998402
0.998402
0.998402
0.998402
0.998402
0.998402
0.998402
0.998402
0.998402
0.998402
0.998402
0.998402
0.998402
0.998402
0.998402
0.998402
0.998402
0.998402
0.998402
0.998402
0.998402
0.998402
0.998402
0.998402
0.998402
0.998402
0.998402
0.998402
0.998402
0.998402
0.998402
0.998402
0.998402
0.998402
0.998402
0.998402
0.998402
0.998402
0.998402
0.998402
0.998402
0.998402
0.998402
0.998402
0.998402
0.998402
0.998402
0.998402
0.998402
0.998402
0.998402
0.998402
0.998402
0.998402
0.998402
0.998402
0.998402
0.998402
0.998402
0.998402
0.998402
0.998402
0.998402
0.998402
0.998402
0.998402
0.998402
0.998402
0.998402
0.998402
0.998402
0.998402
0.998402
0.998402
0.998402
0.998402
0.998402
0.998402
0.998402
0.998402
0.998402
0.998402
0.998402
0.998402
0.998402
0.998402
0.998402
0.998402
0.998402
0.998402
0.998402
0.998402
0.998402
0.998402
0.998402
0.998402
0.998402
0.998402
0.998402
0.998402
0.998402
0.998402
0.998402
0.998402
0.998402
0.998402
0.998402
0.998402
0.998402
0.998402
0.998402
0.998402
0.998402
0.998402
0.998402
0.998402
0.998402
0.998402
0.998402
0.998402
0.998402
0.998402
0.998402
0.998402
0.998402
0.998402
0.998402
0.998402
0.998402
0.998402
0.998402
0.998402
0.998402
0.998402
0.998402
0.998402
0.998402
0.998402
0.998402
0.998402
0.998402
0.998402
0.998402
0.998402
0.998402
0.998402
0.998402
0.998402
0.998402
0.998402
0.998402
0.998402
0.998402
0.998402
0.998402
0.998402
0.998402
0.998402
0.998402
0.998402
0.998402
0.998402
0.998402
0.998402
0.998402
0.998402
0.998402
0.998402
0.998402
0.998402
0.998402
0.998402
0.998402
0.998402
0.998402
0.998402
0.998402
0.998402
0.998402
0.998402
0.998402
0.998402
0.998402
0.998402
0.998402
0.998402
0.998402
0.998402
0.998402
0.998402
0.998402
0.998402
0.998402
0.998402
0.998402
0.998402
0.998402
0.998402
0.998402
0.998402
0.998402
0.998402
0.998402
0.998402
0.998402
0.998402
0.998402
0.998402
0.998402
0.998402
0.998402
0.998402
0.998402
0.998402
0.998402
0.998402
0.998402
0.998402
0.998402
0.998402
0.998402
0.998402
0.998402
0.998402
0.998402
0.998402
0.998402
0.998402
0.998402
0.998402
0.998402
