0.006971
0.012126
0.016667
0.020932
0.025079
0.029209
0.033397
0.037714
0.042240
0.047061
0.052263
0.057933
0.064173
0.071091
0.078823
0.087549
0.097501
0.108958
0.122297
0.138099
0.157164
0.180649
0.210580
0.250621
0.307920
0.398276
0.557671
0.797469
0.961173
0.994717
0.996424
0.996506
0.996570
0.996633
0.996695
0.996755
0.996815
0.996872
0.996928
0.996982
0.997035
0.997085
0.997134
0.997181
0.997226
0.997269
0.997310
0.997349
0.997387
0.997423
0.997457
0.997490
0.997520
0.997550
0.997577
0.997604
0.997629
0.997652
0.997674
0.997695
0.997715
0.997734
0.997751
0.997767
0.997783
0.997797
0.997811
0.997824
0.997835
0.997846
0.997857
0.997867
0.997876
0.997884
0.997892
0.997899
0.997906
0.997912
0.997918
0.997923
0.997928
0.997933
0.997937
0.997941
0.997945
0.997948
0.997952
0.997955
0.997957
0.997960
0.997962
0.997964
0.997966
0.997968
0.997969
0.997971
0.997972
0.997974
0.997975
0.997976
0.997977
0.997978
0.997979
0.997979
0.997980
0.997981
0.997981
0.997982
0.997982
0.997983
0.997983
0.997983
0.997984
0.997984
0.997984
0.997985
0.997985
0.997985
0.997985
0.997985
0.997985
0.997986
0.997986
0.997986
0.997986
0.997986
0.997986
0.997986
0.997986
0.997986
0.997986
0.997986
0.997987
0.997987
0.997987
0.997987
0.997987
0.997987
0.997987
0.997987
0.997987
0.997987
0.997987
0.997987
0.997987
0.997987
0.997987
0.997987
0.997987
0.997987
0.997987
0.997987
0.997987
0.997987
0.997987
0.997987
0.997987
0.997987
0.997987
0.997987
0.997987
0.997987
0.997987
0.997987
0.997987
0.997987
0.997987
0.997987
0.997987
0.997987
0.997987
0.997987
0.997987
0.997987
0.997987
0.997987
0.997987
0.997987
0.997987
0.997987
0.997987
0.997987
0.997987
0.997987
0.997987
0.997987
0.997987
0.997987
0.997987
0.997987
0.997987
0.997987
0.997987
0.997987
0.997987
0.997987
0.997987
0.997987
0.997987
0.997987
0.997987
0.997987
0.997987
0.997987
0.997987
0.997987
0.997987
0.997987
0.997987
0.997987
0.997987
0.997987
0.997987
0.997987
0.997987
0.997987
0.997987
0.997987
0.997987
0.997987
0.997987
0.997987
0.997987
0.997987
0.997987
0.997987
0.997987
0.997987
0.997987
0.997987
0.997987
0.997987
0.997987
0.997987
0.997987
0.997987
0.997987
0.997987
0.997987
0.997987
0.997987
0.997987
0.997987
0.997987
0.997987
0.997987
0.997987
0.997987
0.997987
0.997987
0.997987
0.997987
0.997987
0.997987
0.997987
0.997987
0.997987
0.997987
0.997987
0.997987
0.997987
0.997987
0.997987
0.997987
0.997987
0.997987
0.997987
0.997987
0.997987
0.997987
0.997987
0.997987
0.997987
0.997987
0.997987
0.997987
0.997987
0.997987
0.997987
0.997987
0.997987
0.997987
0.997987
0.997987
0.997987
0.997987
0.997987
0.997987
0.997987
0.997987
0.997987
0.997987
0.997987
0.997987
0.997987
0.997987
0.997987
0.997987
0.997987
0.997987
0.997987
0.997987
0.997987
0.997987
0.997987
0.997987
0.997987
0.997987
0.997987
0.997987
0.997987
0.997987
0.997987
0.997987
0.997987
0.997987
0.997987
0.997987
0.997987
0.997987
0.997987
0.997987
0.997987
0.997987
0.997987
0.997987
0.997987
0.997987
0.997987
0.997987
0.997987
0.997987
0.997987
0.997987
0.997987
0.997987
0.997987
0.997987
0.997987
0.997987
0.997987
0.997987
0.997987
0.997987
0.997987
0.997987
0.997987
0.997987
0.997987
0.997987
0.997987
0.997987
0.997987
0.997987
0.997987
0.997987
0.997987
0.997987
0.997987
0.997987
0.997987
0.997987
0.997987
0.997987
0.997987
0.997987
0.997987
0.997987
0.997987
0.997987
0.997987
0.997987
0.997987
0.997987
0.997987
0.997987
0.997987
0.997987
0.997987
0.997987
0.997987
0.997987
0.997987
0.997987
0.997987
0.997987
0.997987
0.997987
0.997987
0.997987
0.997987
0.997987
0.997987
0.997987
0.997987
0.997987
0.997987
0.997987
0.997987
0.997987
0.997987
0.997987
0.997987
0.997987
0.997987
0.997987
0.997987
0.997987
0.997987
0.997987
0.997987
0.997987
0.997987
0.997987
0.997987
0.997987
0.997987
0.997987
0.997987
0.997987
0.997987
0.997987
0.997987
0.997987
0.997987
0.997987
0.997987
0.997987
0.997987
0.997987
0.997987
0.997987
0.997987
0.997987
0.997987
0.997987
0.997987
0.997987
0.997987
0.997987
0.997987
0.997987
0.997987
0.997987
0.997987
0.997987
0.997987
0.997987
0.997987
0.997987
0.997987
0.997987
0.997987
0.997987
0.997987
0.997987
0.997987
0.997987
0.997987
0.997987
0.997987
0.997987
0.997987
0.997987
0.997987
0.997987
0.997987
0.997987
0.997987
0.997987
0.997987
0.997987
0.997987
0.997987
0.997987
0.997987
0.997987
0.997987
0.997987
0.997987
0.997987
0.997987
0.997987
0.997987
0.997987
0.997987
0.997987
0.997987
0.997987
0.997987
0.997987
0.997987
0.997987
0.997987
0.997987
0.997987
0.997987
0.997987
0.997987
0.997987
0.997987
0.997987
0.997987
0.997987
0.997987
0.997987
0.997987
0.997987
0.997987
0.997987
0.997987
0.997987
0.997987
0.997987
0.997987
0.997987
0.997987
0.997987
0.997987
0.997987
0.997987
0.997987
0.997987
0.997987
0.997987
0.997987
0.997987
0.997987
0.997987
0.997987
0.997987
0.997987
0.997987
0.997987
0.997987
0.997987
0.997987
0.997987
0.997987
0.997987
0.997987
0.997987
0.997987
0.997987
0.997987
0.997987
0.997987
0.997987
0.997987
0.997987
0.997987
0.997987
0.997987
0.997987
0.997987
0.997987
0.997987
0.997987
0.997987
0.997987
0.997987
0.997987
0.997987
0.997987
0.997987
0.997987
0.997987
0.997987
0.997987
0.997987
0.997987
0.997987
0.997987
0.997987
0.997987
0.997987
0.997987
0.997987
0.997987
0.997987
0.997987
0.997987
0.997987
0.997987
0.997987
0.997987
0.997987
0.997987
0.997987
0.997987
0.997987
0.997987
0.997987
0.997987
0.997987
0.997987
0.997987
0.997987
0.997987
0.997987
