0.019705
0.042005
0.065272
0.090159
0.117471
0.148546
0.186060
0.229607
0.266514
0.281275
0.278814
0.278607
0.279844
0.281692
0.283680
0.285665
0.287645
0.289621
0.291592
0.293558
0.295520
0.297476
0.299429
0.301377
0.303320
0.305260
0.307195
0.309126
0.311053
0.312977
0.314896
0.316812
0.318725
0.320634
0.322540
0.324442
0.326341
0.328238
0.330131
0.332053
0.333769
0.335494
0.337218
0.338941
0.340661
0.342380
0.344098
0.345813
0.347527
0.349240
0.350951
0.352661
0.354370
0.356077
0.357783
0.359488
0.361192
0.362895
0.364597
0.366298
0.367998
0.369698
0.371396
0.373094
0.374792
0.376489
0.378185
0.379881
0.381577
0.383272
0.384967
0.386662
0.388357
0.390052
0.391747
0.393441
0.395136
0.396831
0.398526
0.400222
0.401918
0.403614
0.405310
0.407007
0.408705
0.410403
0.412102
0.413802
0.415502
0.417203
0.418905
0.420608
0.422312
0.424017
0.425723
0.427430
0.429138
0.430847
0.432558
0.434270
0.435983
0.437698
0.439414
0.441131
0.442850
0.444571
0.446293
0.448017
0.449743
0.451470
0.453199
0.454930
0.456663
0.458397
0.460134
0.461872
0.463613
0.465355
0.467099
0.468846
0.470594
0.472345
0.474098
0.475853
0.477610
0.479370
0.481131
0.482895
0.484662
0.486430
0.488201
0.489975
0.491750
0.493528
0.495309
0.497092
0.498877
0.500665
0.502455
0.504248
0.506043
0.507841
0.509641
0.511443
0.513248
0.515056
0.516866
0.518679
0.520494
0.522312
0.524132
0.525954
0.527779
0.529607
0.531437
0.533270
0.535105
0.536942
0.538782
0.540624
0.542469
0.544316
0.546165
0.548017
0.549871
0.551728
0.553587
0.555448
0.557311
0.559176
0.561044
0.562914
0.564786
0.566660
0.568536
0.570415
0.572295
0.574177
0.576061
0.577948
0.579836
0.581726
0.583617
0.585511
0.587406
0.589303
0.591201
0.593101
0.595003
0.596906
0.598811
0.600717
0.602624
0.604533
0.606443
0.608354
0.610266
0.612180
0.614094
0.616010
0.617926
0.619844
0.621762
0.623681
0.625600
0.627520
0.629441
0.631363
0.633284
0.635207
0.637129
0.639052
0.640975
0.642898
0.644822
0.646745
0.648668
0.650591
0.652514
0.654437
0.656359
0.658281
0.660203
0.662123
0.664044
0.665963
0.667882
0.669800
0.671717
0.673633
0.675548
0.677462
0.679375
0.681287
0.683197
0.685105
0.687013
0.688918
0.690822
0.692724
0.694625
0.696523
0.698420
0.700314
0.702206
0.704097
0.705984
0.707870
0.709753
0.711634
0.713512
0.715387
0.717259
0.719129
0.720996
0.722860
0.724721
0.726578
0.728433
0.730284
0.732131
0.733976
0.735817
0.737654
0.739487
0.741317
0.743143
0.744965
0.746783
0.748597
0.750407
0.752212
0.754014
0.755811
0.757603
0.759391
0.761175
0.762953
0.764727
0.766497
0.768261
0.770021
0.771775
0.773524
0.775269
0.777008
0.778741
0.780470
0.782193
0.783910
0.785622
0.787328
0.789029
0.790723
0.792412
0.794096
0.795773
0.797444
0.799109
0.800768
0.802421
0.804067
0.805708
0.807342
0.808969
0.810590
0.812205
0.813812
0.815414
0.817008
0.818596
0.820177
0.821751
0.823318
0.824879
0.826432
0.827978
0.829518
0.831050
0.832575
0.834092
0.835603
0.837106
0.838601
0.840090
0.841571
0.843044
0.844510
0.845968
0.847419
0.848862
0.850298
0.851725
0.853145
0.854558
0.855962
0.857359
0.858748
0.860129
0.861502
0.862867
0.864224
0.865574
0.866915
0.868248
0.869573
0.870890
0.872199
0.873500
0.874793
0.876078
0.877354
0.878622
0.879882
0.881134
0.882378
0.883613
0.884840
0.886059
0.887270
0.888472
0.889667
0.890852
0.892030
0.893199
0.894360
0.895513
0.896657
0.897793
0.898921
0.900040
0.901152
0.902254
0.903349
0.904435
0.905513
0.906583
0.907644
0.908697
0.909742
0.910778
0.911807
0.912827
0.913838
0.914842
0.915837
0.916825
0.917804
0.918775
0.919737
0.920692
0.921638
0.922577
0.923507
0.924429
0.925343
0.926249
0.927147
0.928037
0.928920
0.929794
0.930660
0.931519
0.932369
0.933212
0.934047
0.934874
0.935693
0.936505
0.937309
0.938105
0.938894
0.939675
0.940448
0.941214
0.941972
0.942723
0.943466
0.944202
0.944931
0.945652
0.946365
0.947072
0.947771
0.948463
0.949148
0.949826
0.950496
0.951160
0.951816
0.952466
0.953108
0.953744
0.954372
0.954994
0.955609
0.956217
0.956819
0.957414
0.958002
0.958583
0.959158
0.959727
0.960289
0.960844
0.961394
0.961936
0.962473
0.963003
0.963527
0.964045
0.964556
0.965062
0.965561
0.966055
0.966542
0.967024
0.967500
0.967970
0.968434
0.968892
0.969345
0.969792
0.970233
0.970669
0.971099
0.971524
0.971943
0.972357
0.972766
0.973169
0.973567
0.973960
0.974348
0.974730
0.975108
0.975480
0.975848
0.976211
0.976568
0.976921
0.977269
0.977613
0.977951
0.978285
0.978614
0.978939
0.979259
0.979575
0.979886
0.980193
0.980496
0.980794
0.981088
0.981377
0.981663
0.981944
0.982222
0.982495
0.982764
0.983029
0.983291
0.983548
0.983802
0.984052
0.984298
0.984540
0.984779
0.985014
0.985245
0.985473
0.985697
0.985918
0.986136
0.986350
0.986561
0.986768
0.986972
0.987173
0.987371
0.987566
0.987757
0.987946
0.988131
0.988313
0.988493
0.988669
0.988843
0.989013
0.989181
0.989347
0.989509
0.989669
0.989826
0.989980
0.990132
0.990281
0.990428
0.990572
0.990714
0.990853
0.990990
0.991124
0.991256
0.991386
0.991514
0.991639
0.991762
0.991883
0.992002
0.992119
0.992233
0.992346
0.992456
0.992565
0.992672
0.992776
0.992879
0.992980
0.993079
0.993176
0.993271
0.993365
0.993457
0.993547
0.993635
0.993722
0.993807
0.993891
0.993973
0.994053
0.994132
0.994209
0.994285
0.994359
0.994432
0.994504
0.994574
0.994643
0.994710
0.994776
0.994841
0.994904
0.994966
0.995027
0.995087
0.995146
0.995203
0.995259
0.995314
0.995368
0.995421
0.995473
0.995523
0.995573
0.995621
0.995669
0.995716
0.995761
0.995806
