0.027083
0.093070
0.156887
0.192106
0.210329
0.222006
0.231451
0.240066
0.248310
0.256388
0.264490
0.273006
0.283101
0.288149
0.290159
0.292125
0.294084
0.296037
0.297984
0.299924
0.301859
0.303787
0.305710
0.307626
0.309536
0.311440
0.313338
0.315231
0.317117
0.318998
0.320873
0.322743
0.324607
0.326465
0.328318
0.330166
0.332008
0.333845
0.335676
0.337555
0.339239
0.340908
0.342572
0.344230
0.345885
0.347535
0.349181
0.350823
0.352460
0.354094
0.355723
0.357348
0.358968
0.360585
0.362197
0.363806
0.365410
0.367010
0.368606
0.370198
0.371786
0.373370
0.374950
0.376525
0.378097
0.379665
0.381229
0.382789
0.384344
0.385896
0.387444
0.388988
0.390528
0.392064
0.393597
0.395125
0.396649
0.398170
0.399686
0.401199
0.402708
0.404213
0.405714
0.407212
0.408705
0.410195
0.411681
0.413163
0.414642
0.416117
0.417588
0.419055
0.420518
0.421978
0.423434
0.424886
0.426335
0.427780
0.429221
0.430659
0.432092
0.433523
0.434949
0.436372
0.437792
0.439207
0.440619
0.442028
0.443433
0.444834
0.446232
0.447626
0.449017
0.450404
0.451788
0.453168
0.454545
0.455918
0.457287
0.458653
0.460016
0.461375
0.462731
0.464083
0.465432
0.466777
0.468119
0.469458
0.470793
0.472125
0.473453
0.474778
0.476099
0.477418
0.478733
0.480044
0.481352
0.482657
0.483959
0.485257
0.486552
0.487844
0.489132
0.490417
0.491699
0.492977
0.494253
0.495525
0.496794
0.498059
0.499322
0.500581
0.501837
0.503090
0.504339
0.505586
0.506829
0.508069
0.509306
0.510540
0.511771
0.512998
0.514223
0.515444
0.516662
0.517877
0.519089
0.520298
0.521504
0.522707
0.523907
0.525104
0.526297
0.527488
0.528676
0.529861
0.531042
0.532221
0.533397
0.534569
0.535739
0.536906
0.538070
0.539231
0.540388
0.541543
0.542696
0.543845
0.544991
0.546134
0.547275
0.548412
0.549547
0.550679
0.551808
0.552934
0.554057
0.555178
0.556295
0.557410
0.558522
0.559631
0.560738
0.561841
0.562942
0.564040
0.565135
0.566228
0.567318
0.568405
0.569489
0.570570
0.571649
0.572725
0.573799
0.574869
0.575937
0.577003
0.578065
0.579125
0.580183
0.581237
0.582289
0.583339
0.584385
0.585429
0.586471
0.587510
0.588546
0.589580
0.590611
0.591639
0.592665
0.593689
0.594709
0.595728
0.596743
0.597757
0.598767
0.599775
0.600781
0.601784
0.602785
0.603783
0.604778
0.605772
0.606762
0.607750
0.608736
0.609720
0.610700
0.611679
0.612655
0.613629
0.614600
0.615569
0.616535
0.617499
0.618461
0.619420
0.620377
0.621331
0.622284
0.623233
0.624181
0.625126
0.626069
0.627009
0.627948
0.628884
0.629817
0.630749
0.631678
0.632604
0.633529
0.634451
0.635371
0.636289
0.637204
0.638118
0.639029
0.639938
0.640844
0.641749
0.642651
0.643551
0.644449
0.645345
0.646238
0.647130
0.648019
0.648906
0.649791
0.650674
0.651555
0.652434
0.653310
0.654184
0.655057
0.655927
0.656795
0.657661
0.658525
0.659387
0.660247
0.661105
0.661961
0.662815
0.663667
0.664517
0.665365
0.666210
0.667054
0.667896
0.668736
0.669574
0.670410
0.671244
0.672076
0.672906
0.673735
0.674561
0.675385
0.676208
0.677028
0.677847
0.678664
0.679479
0.680292
0.681103
0.681912
0.682720
0.683526
0.684329
0.685131
0.685932
0.686730
0.687527
0.688321
0.689114
0.689906
0.690695
0.691483
0.692269
0.693053
0.693835
0.694616
0.695395
0.696172
0.696948
0.697722
0.698494
0.699264
0.700033
0.700800
0.701566
0.702330
0.703092
0.703852
0.704611
0.705369
0.706124
0.706878
0.707631
0.708382
0.709131
0.709879
0.710625
0.711369
0.712112
0.712854
0.713594
0.714332
0.715069
0.715804
0.716538
0.717271
0.718002
0.718731
0.719459
0.720185
0.720910
0.721634
0.722356
0.723077
0.723796
0.724514
0.725230
0.725945
0.726659
0.727371
0.728082
0.728791
0.729499
0.730206
0.730912
0.731616
0.732318
0.733020
0.733720
0.734419
0.735116
0.735813
0.736508
0.737201
0.737894
0.738585
0.739275
0.739963
0.740651
0.741337
0.742022
0.742706
0.743389
0.744070
0.744750
0.745429
0.746107
0.746784
0.747460
0.748134
0.748808
0.749480
0.750151
0.750821
0.751490
0.752158
0.752825
0.753490
0.754155
0.754819
0.755481
0.756143
0.756803
0.757463
0.758121
0.758778
0.759435
0.760090
0.760745
0.761398
0.762051
0.762703
0.763353
0.764003
0.764652
0.765300
0.765947
0.766593
0.767238
0.767882
0.768526
0.769168
0.769810
0.770451
0.771091
0.771730
0.772369
0.773006
0.773643
0.774279
0.774914
0.775548
0.776182
0.776815
0.777447
0.778078
0.778709
0.779339
0.779968
0.780596
0.781224
0.781851
0.782477
0.783103
0.783728
0.784352
0.784976
0.785599
0.786221
0.786843
0.787464
0.788085
0.788704
0.789324
0.789942
0.790561
0.791178
0.791795
0.792411
0.793027
0.793643
0.794257
0.794872
0.795485
0.796098
0.796711
0.797323
0.797935
0.798546
0.799157
0.799767
0.800377
0.800987
0.801595
0.802204
0.802812
0.803420
0.804027
0.804634
0.805240
0.805846
0.806452
0.807057
0.807662
0.808266
0.808870
0.809474
0.810078
0.810681
0.811283
0.811886
0.812488
0.813090
0.813691
0.814293
0.814893
0.815494
0.816094
0.816694
0.817294
0.817894
0.818493
0.819092
0.819691
0.820289
0.820888
0.821486
0.822084
0.822681
0.823279
0.823876
0.824473
0.825070
0.825666
0.826263
0.826859
0.827455
0.828051
0.828647
0.829242
0.829837
0.830433
0.831028
0.831623
0.832218
0.832812
0.833407
0.834001
0.834595
0.835189
0.835784
0.836377
0.836971
0.837565
0.838158
0.838752
0.839345
0.839938
0.840532
0.841125
0.841718
0.842311
0.842903
0.843496
0.844089
0.844681
0.845274
0.845866
0.846458
0.847051
0.847643
0.848235
0.848827
0.849419
0.850011
0.850602
0.851194
0.851786
0.852377
0.852969
0.853560
0.854152
0.854743
0.855334
0.855925
0.856517
0.857108
0.857699
0.858289
