0.058229
0.113893
0.138669
0.153728
0.167619
0.181139
0.193857
0.205541
0.216319
0.226352
0.235772
0.244657
0.253114
0.261275
0.269294
0.277373
0.286044
0.295577
0.299985
0.301966
0.303874
0.305776
0.307672
0.309562
0.311447
0.313325
0.315198
0.317064
0.318925
0.320780
0.322630
0.324474
0.326312
0.328145
0.329972
0.331794
0.333611
0.335422
0.337228
0.339067
0.340707
0.342346
0.343983
0.345615
0.347243
0.348868
0.350488
0.352104
0.353716
0.355324
0.356929
0.358529
0.360126
0.361719
0.363308
0.364893
0.366475
0.368052
0.369627
0.371197
0.372764
0.374327
0.375886
0.377442
0.378994
0.380543
0.382088
0.383629
0.385167
0.386702
0.388233
0.389761
0.391285
0.392806
0.394323
0.395837
0.397348
0.398855
0.400360
0.401860
0.403358
0.404852
0.406343
0.407831
0.409316
0.410798
0.412276
0.413751
0.415224
0.416693
0.418159
0.419622
0.421082
0.422540
0.423994
0.425445
0.426894
0.428339
0.429782
0.431222
0.432659
0.434093
0.435525
0.436954
0.438380
0.439803
0.441224
0.442642
0.444058
0.445471
0.446881
0.448289
0.449695
0.451098
0.452498
0.453896
0.455292
0.456685
0.458077
0.459465
0.460852
0.462236
0.463618
0.464998
0.466376
0.467751
0.469125
0.470496
0.471866
0.473233
0.474598
0.475962
0.477323
0.478683
0.480041
0.481396
0.482751
0.484103
0.485454
0.486803
0.488150
0.489495
0.490839
0.492182
0.493523
0.494862
0.496200
0.497537
0.498872
0.500205
0.501538
0.502869
0.504199
0.505527
0.506855
0.508181
0.509506
0.510830
0.512153
0.513475
0.514795
0.516115
0.517434
0.518753
0.520070
0.521386
0.522702
0.524017
0.525331
0.526645
0.527958
0.529270
0.530582
0.531893
0.533204
0.534514
0.535824
0.537134
0.538443
0.539752
0.541061
0.542369
0.543677
0.544986
0.546294
0.547602
0.548910
0.550218
0.551526
0.552834
0.554142
0.555451
0.556760
0.558068
0.559378
0.560687
0.561997
0.563307
0.564618
0.565929
0.567241
0.568554
0.569866
0.571180
0.572494
0.573809
0.575125
0.576441
0.577759
0.579077
0.580396
0.581716
0.583037
0.584359
0.585682
0.587007
0.588332
0.589659
0.590986
0.592315
0.593646
0.594977
0.596310
0.597645
0.598981
0.600318
0.601657
0.602997
0.604339
0.605683
0.607028
0.608375
0.609723
0.611074
0.612426
0.613780
0.615135
0.616493
0.617853
0.619214
0.620578
0.621943
0.623311
0.624680
0.626052
0.627426
0.628802
0.630180
0.631561
0.632943
0.634328
0.635715
0.637105
0.638497
0.639891
0.641288
0.642687
0.644088
0.645492
0.646899
0.648308
0.649719
0.651133
0.652550
0.653969
0.655391
0.656815
0.658242
0.659672
0.661104
0.662539
0.663977
0.665417
0.666861
0.668306
0.669755
0.671206
0.672660
0.674117
0.675577
0.677039
0.678504
0.679972
0.681443
0.682916
0.684393
0.685872
0.687353
0.688838
0.690325
0.691815
0.693308
0.694804
0.696302
0.697803
0.699307
0.700814
0.702323
0.703835
0.705349
0.706867
0.708387
0.709909
0.711434
0.712962
0.714492
0.716025
0.717560
0.719098
0.720638
0.722181
0.723726
0.725273
0.726823
0.728375
0.729929
0.731486
0.733044
0.734605
0.736168
0.737733
0.739300
0.740869
0.742440
0.744013
0.745588
0.747164
0.748743
0.750323
0.751904
0.753487
0.755072
0.756658
0.758246
0.759835
0.761425
0.763016
0.764609
0.766202
0.767797
0.769393
0.770989
0.772587
0.774185
0.775783
0.777383
0.778983
0.780583
0.782183
0.783784
0.785386
0.786987
0.788588
0.790189
0.791790
0.793391
0.794992
0.796592
0.798191
0.799790
0.801389
0.802986
0.804583
0.806179
0.807773
0.809367
0.810959
0.812550
0.814139
0.815727
0.817313
0.818897
0.820479
0.822060
0.823638
0.825214
0.826788
0.828359
0.829928
0.831494
0.833058
0.834618
0.836176
0.837730
0.839281
0.840829
0.842374
0.843914
0.845452
0.846985
0.848515
0.850040
0.851561
0.853079
0.854591
0.856099
0.857603
0.859102
0.860596
0.862085
0.863569
0.865048
0.866522
0.867990
0.869452
0.870909
0.872360
0.873806
0.875245
0.876678
0.878105
0.879525
0.880939
0.882347
0.883748
0.885142
0.886529
0.887909
0.889282
0.890648
0.892006
0.893357
0.894701
0.896036
0.897364
0.898685
0.899997
0.901301
0.902597
0.903885
0.905164
0.906435
0.907698
0.908951
0.910197
0.911433
0.912660
0.913879
0.915088
0.916289
0.917480
0.918661
0.919834
0.920997
0.922150
0.923294
0.924429
0.925553
0.926668
0.927773
0.928868
0.929953
0.931028
0.932093
0.933148
0.934193
0.935228
0.936252
0.937266
0.938270
0.939263
0.940246
0.941219
0.942181
0.943132
0.944073
0.945004
0.945924
0.946833
0.947732
0.948620
0.949498
0.950365
0.951221
0.952067
0.952902
0.953726
0.954540
0.955343
0.956136
0.956918
0.957689
0.958450
0.959200
0.959940
0.960670
0.961388
0.962097
0.962795
0.963482
0.964160
0.964827
0.965483
0.966130
0.966766
0.967393
0.968009
0.968615
0.969211
0.969797
0.970374
0.970940
0.971497
0.972044
0.972582
0.973110
0.973629
0.974138
0.974638
0.975128
0.975610
0.976082
0.976546
0.977000
0.977446
0.977883
0.978311
0.978730
0.979141
0.979544
0.979938
0.980324
0.980702
0.981072
0.981434
0.981788
0.982135
0.982473
0.982804
0.983128
0.983444
0.983753
0.984055
0.984350
0.984637
0.984918
0.985192
0.985460
0.985721
0.985975
0.986223
0.986465
0.986701
0.986931
0.987154
0.987372
0.987584
0.987791
0.987991
0.988187
0.988377
0.988562
0.988742
0.988916
0.989086
0.989251
0.989411
0.989567
0.989718
0.989864
0.990007
0.990145
0.990278
0.990408
0.990534
0.990656
0.990774
0.990888
0.990998
0.991106
0.991209
0.991309
0.991406
0.991500
0.991591
0.991679
0.991763
0.991845
0.991924
0.992000
0.992074
0.992145
0.992213
0.992279
0.992343
0.992404
0.992463
0.992520
0.992575
0.992628
0.992679
0.992727
0.992774
0.992820
0.992863
0.992905
0.992945
0.992983
0.993020
0.993056
