0.348715
0.654232
0.705777
0.743097
0.771915
0.795130
0.814431
0.830858
0.845063
0.857506
0.868541
0.878431
0.887370
0.895517
0.903014
0.909979
0.916503
0.922673
0.928614
0.934480
0.940493
0.947147
0.954488
0.958239
0.958776
0.958918
0.959041
0.959155
0.959260
0.959356
0.959444
0.959525
0.959599
0.959667
0.959728
0.959784
0.959835
0.959881
0.959923
0.959961
0.959995
0.960025
0.960053
0.960078
0.960100
0.960120
0.960137
0.960153
0.960167
0.960180
0.960191
0.960201
0.960210
0.960217
0.960224
0.960230
0.960236
0.960240
0.960244
0.960248
0.960251
0.960254
0.960256
0.960258
0.960260
0.960262
0.960263
0.960264
0.960265
0.960266
0.960267
0.960268
0.960268
0.960269
0.960269
0.960269
0.960270
0.960270
0.960270
0.960270
0.960271
0.960271
0.960271
0.960271
0.960271
0.960271
0.960271
0.960271
0.960271
0.960271
0.960271
0.960271
0.960271
0.960271
0.960271
0.960271
0.960271
0.960271
0.960271
0.960271
0.960271
0.960271
0.960271
0.960271
0.960271
0.960271
0.960271
0.960272
0.960272
0.960272
0.960272
0.960272
0.960272
0.960272
0.960272
0.960272
0.960272
0.960272
0.960272
0.960272
0.960272
0.960272
0.960272
0.960272
0.960272
0.960272
0.960272
0.960272
0.960272
0.960272
0.960272
0.960272
0.960272
0.960272
0.960272
0.960272
0.960272
0.960272
0.960272
0.960272
0.960272
0.960272
0.960272
0.960272
0.960272
0.960272
0.960272
0.960272
0.960272
0.960272
0.960272
0.960272
0.960272
0.960272
0.960272
0.960272
0.960272
0.960272
0.960272
0.960272
0.960272
0.960272
0.960272
0.960272
0.960272
0.960272
0.960272
0.960272
0.960272
0.960272
0.960272
0.960272
0.960272
0.960272
0.960272
0.960272
0.960272
0.960272
0.960272
0.960272
0.960272
0.960272
0.960272
0.960272
0.960272
0.960272
0.960272
0.960272
0.960272
0.960272
0.960272
0.960272
0.960272
0.960272
0.960272
0.960272
0.960272
0.960272
0.960272
0.960272
0.960272
0.960272
0.960272
0.960272
0.960272
0.960272
0.960272
0.960272
0.960272
0.960272
0.960272
0.960272
0.960272
0.960272
0.960272
0.960272
0.960272
0.960272
0.960272
0.960272
0.960272
0.960272
0.960272
0.960272
0.960272
0.960272
0.960272
0.960272
0.960272
0.960272
0.960272
0.960272
0.960272
0.960272
0.960272
0.960272
0.960272
0.960272
0.960272
0.960272
0.960272
0.960272
0.960272
0.960272
0.960272
0.960272
0.960272
0.960272
0.960272
0.960272
0.960272
0.960272
0.960272
0.960272
0.960272
0.960272
0.960272
0.960272
0.960272
0.960272
0.960272
0.960272
0.960272
0.960272
0.960272
0.960272
0.960272
0.960272
0.960272
0.960272
0.960272
0.960272
0.960272
0.960272
0.960272
0.960272
0.960272
0.960272
0.960272
0.960272
0.960272
0.960272
0.960272
0.960272
0.960272
0.960272
0.960272
0.960272
0.960272
0.960272
0.960272
0.960272
0.960272
0.960272
0.960272
0.960272
0.960272
0.960272
0.960272
0.960272
0.960272
0.960272
0.960272
0.960272
0.960272
0.960272
0.960272
0.960272
0.960272
0.960272
0.960272
0.960272
0.960272
0.960272
0.960272
0.960272
0.960272
0.960272
0.960272
0.960272
0.960272
0.960272
0.960272
0.960272
0.960272
0.960272
0.960272
0.960272
0.960272
0.960272
0.960272
0.960272
0.960272
0.960272
0.960272
0.960272
0.960272
0.960272
0.960272
0.960272
0.960272
0.960272
0.960272
0.960272
0.960272
0.960272
0.960272
0.960272
0.960272
0.960272
0.960272
0.960272
0.960272
0.960272
0.960272
0.960272
0.960272
0.960272
0.960272
0.960272
0.960272
0.960272
0.960272
0.960272
0.960272
0.960272
0.960272
0.960272
0.960272
0.960272
0.960272
0.960272
0.960272
0.960272
0.960272
0.960272
0.960272
0.960272
0.960272
0.960272
0.960272
0.960272
0.960272
0.960272
0.960272
0.960272
0.960272
0.960272
0.960272
0.960272
0.960272
0.960272
0.960272
0.960272
0.960272
0.960272
0.960272
0.960272
0.960272
0.960272
0.960272
0.960272
0.960272
0.960272
0.960272
0.960272
0.960272
0.960272
0.960272
0.960272
0.960272
0.960272
0.960272
0.960272
0.960272
0.960272
0.960272
0.960272
0.960272
0.960272
0.960272
0.960272
0.960272
0.960272
0.960272
0.960272
0.960272
0.960272
0.960272
0.960272
0.960272
0.960272
0.960272
0.960272
0.960272
0.960272
0.960272
0.960272
0.960272
0.960272
0.960272
0.960272
0.960272
0.960272
0.960272
0.960272
0.960272
0.960272
0.960272
0.960272
0.960272
0.960272
0.960272
0.960272
0.960272
0.960272
0.960272
0.960272
0.960272
0.960272
0.960272
0.960272
0.960272
0.960272
0.960272
0.960272
0.960272
0.960272
0.960272
0.960272
0.960272
0.960272
0.960272
0.960272
0.960272
0.960272
0.960272
0.960272
0.960272
0.960272
0.960272
0.960272
0.960272
0.960272
0.960272
0.960272
0.960272
0.960272
0.960272
0.960272
0.960272
0.960272
0.960272
0.960272
0.960272
0.960272
0.960272
0.960272
0.960272
0.960272
0.960272
0.960272
0.960272
0.960272
0.960272
0.960272
0.960272
0.960272
0.960272
0.960272
0.960272
0.960272
0.960272
0.960272
0.960272
0.960272
0.960272
0.960272
0.960272
0.960272
0.960272
0.960272
0.960272
0.960272
0.960272
0.960272
0.960272
0.960272
0.960272
0.960272
0.960272
0.960272
0.960272
0.960272
0.960272
0.960272
0.960272
0.960272
0.960272
0.960272
0.960272
0.960272
0.960272
0.960272
0.960272
0.960272
0.960272
0.960272
0.960272
0.960272
0.960272
0.960272
0.960272
0.960272
0.960272
0.960272
0.960272
0.960272
0.960272
0.960272
0.960272
0.960272
0.960272
0.960272
0.960272
0.960272
0.960272
0.960272
0.960272
0.960272
0.960272
0.960272
0.960272
0.960272
0.960272
0.960272
0.960272
0.960272
0.960272
0.960272
0.960272
0.960272
0.960272
0.960272
0.960272
0.960272
0.960272
0.960272
0.960272
0.960272
0.960272
0.960272
0.960272
0.960272
0.960272
0.960272
0.960272
0.960272
0.960272
0.960272
