0.011720
0.024864
0.038357
0.052484
0.067592
0.084478
0.103954
0.118349
0.137583
0.164562
0.197864
0.230930
0.256357
0.271042
0.277106
0.278918
0.279864
0.281269
0.283112
0.285077
0.287045
0.289008
0.290964
0.292914
0.294859
0.296798
0.298731
0.300659
0.302581
0.304498
0.306409
0.308315
0.310215
0.312110
0.314000
0.315885
0.317764
0.319638
0.321507
0.323418
0.325128
0.326829
0.328525
0.330217
0.331905
0.333588
0.335268
0.336943
0.338614
0.340281
0.341943
0.343602
0.345257
0.346907
0.348553
0.350196
0.351834
0.353468
0.355099
0.356725
0.358347
0.359966
0.361580
0.363191
0.364797
0.366400
0.367999
0.369594
0.371185
0.372772
0.374356
0.375935
0.377511
0.379083
0.380651
0.382216
0.383776
0.385333
0.386887
0.388436
0.389982
0.391525
0.393063
0.394598
0.396129
0.397657
0.399181
0.400702
0.402219
0.403732
0.405242
0.406749
0.408251
0.409751
0.411247
0.412739
0.414228
0.415714
0.417196
0.418675
0.420150
0.421622
0.423091
0.424556
0.426018
0.427477
0.428932
0.430384
0.431833
0.433279
0.434721
0.436160
0.437596
0.439029
0.440458
0.441885
0.443308
0.444728
0.446145
0.447559
0.448970
0.450378
0.451782
0.453184
0.454583
0.455978
0.457371
0.458761
0.460148
0.461531
0.462912
0.464290
0.465665
0.467037
0.468406
0.469773
0.471136
0.472497
0.473855
0.475210
0.476563
0.477912
0.479259
0.480603
0.481945
0.483283
0.484619
0.485953
0.487283
0.488611
0.489937
0.491260
0.492580
0.493897
0.495213
0.496525
0.497835
0.499142
0.500447
0.501750
0.503050
0.504347
0.505642
0.506935
0.508225
0.509513
0.510798
0.512081
0.513362
0.514640
0.515916
0.517190
0.518461
0.519731
0.520997
0.522262
0.523524
0.524784
0.526042
0.527298
0.528551
0.529803
0.531052
0.532299
0.533544
0.534787
0.536027
0.537266
0.538502
0.539737
0.540969
0.542200
0.543428
0.544654
0.545879
0.547101
0.548322
0.549540
0.550757
0.551971
0.553184
0.554395
0.555604
0.556811
0.558016
0.559219
0.560421
0.561621
0.562819
0.564015
0.565209
0.566402
0.567593
0.568782
0.569969
0.571155
0.572339
0.573521
0.574702
0.575881
0.577058
0.578233
0.579407
0.580580
0.581751
0.582920
0.584087
0.585253
0.586418
0.587581
0.588742
0.589902
0.591060
0.592217
0.593373
0.594526
0.595679
0.596830
0.597979
0.599127
0.600274
0.601419
0.602563
0.603705
0.604846
0.605986
0.607124
0.608261
0.609397
0.610531
0.611664
0.612795
0.613926
0.615055
0.616182
0.617309
0.618434
0.619558
0.620680
0.621802
0.622922
0.624041
0.625158
0.626275
0.627390
0.628504
0.629617
0.630729
0.631839
0.632949
0.634057
0.635164
0.636270
0.637374
0.638478
0.639580
0.640682
0.641782
0.642881
0.643979
0.645076
0.646172
0.647267
0.648361
0.649454
0.650545
0.651636
0.652725
0.653814
0.654901
0.655988
0.657073
0.658157
0.659241
0.660323
0.661404
0.662485
0.663564
0.664642
0.665720
0.666796
0.667871
0.668946
0.670019
0.671091
0.672163
0.673233
0.674303
0.675371
0.676439
0.677506
0.678571
0.679636
0.680700
0.681763
0.682825
0.683886
0.684946
0.686005
0.687063
0.688120
0.689177
0.690232
0.691286
0.692340
0.693392
0.694444
0.695495
0.696545
0.697593
0.698641
0.699688
0.700734
0.701780
0.702824
0.703867
0.704909
0.705951
0.706991
0.708031
0.709070
0.710107
0.711144
0.712180
0.713215
0.714249
0.715282
0.716314
0.717345
0.718375
0.719405
0.720433
0.721460
0.722487
0.723512
0.724536
0.725560
0.726583
0.727604
0.728625
0.729644
0.730663
0.731681
0.732697
0.733713
0.734728
0.735741
0.736754
0.737766
0.738776
0.739786
0.740795
0.741802
0.742809
0.743814
0.744819
0.745822
0.746824
0.747826
0.748826
0.749825
0.750823
0.751820
0.752816
0.753811
0.754805
0.755797
0.756789
0.757779
0.758769
0.759757
0.760744
0.761730
0.762714
0.763698
0.764680
0.765662
0.766642
0.767620
0.768598
0.769575
0.770550
0.771524
0.772497
0.773468
0.774439
0.775408
0.776376
0.777342
0.778307
0.779271
0.780234
0.781196
0.782156
0.783115
0.784072
0.785028
0.785983
0.786936
0.787889
0.788839
0.789789
0.790737
0.791683
0.792628
0.793572
0.794515
0.795456
0.796395
0.797333
0.798270
0.799205
0.800138
0.801070
0.802001
0.802930
0.803858
0.804784
0.805708
0.806631
0.807553
0.808473
0.809391
0.810308
0.811223
0.812136
0.813048
0.813958
0.814867
0.815774
0.816679
0.817583
0.818485
0.819385
0.820284
0.821181
0.822076
0.822969
0.823861
0.824751
0.825639
0.826526
0.827410
0.828293
0.829174
0.830053
0.830931
0.831806
0.832680
0.833552
0.834422
0.835290
0.836156
0.837020
0.837883
0.838743
0.839602
0.840459
0.841313
0.842166
0.843017
0.843866
0.844712
0.845557
0.846400
0.847241
0.848079
0.848916
0.849751
0.850583
0.851414
0.852242
0.853069
0.853893
0.854715
0.855535
0.856353
0.857169
0.857982
0.858794
0.859603
0.860410
0.861215
0.862018
0.862818
0.863617
0.864413
0.865207
0.865998
0.866787
0.867574
0.868359
0.869142
0.869922
0.870700
0.871476
0.872249
0.873020
0.873788
0.874555
0.875319
0.876080
0.876839
0.877596
0.878351
0.879103
0.879852
0.880600
0.881345
0.882087
0.882827
0.883564
0.884300
0.885032
0.885762
0.886490
0.887215
0.887938
0.888658
0.889376
0.890091
0.890804
0.891514
0.892222
0.892927
0.893629
0.894329
0.895027
0.895722
0.896414
0.897104
0.897791
0.898476
0.899158
0.899837
0.900514
0.901188
0.901860
0.902529
0.903195
0.903859
0.904520
0.905179
0.905835
0.906488
0.907138
0.907786
0.908431
0.909074
0.909714
0.910351
0.910986
0.911617
0.912247
0.912873
0.913497
0.914118
0.914736
0.915352
0.915965
0.916575
0.917183
0.917788
0.918390
0.918989
0.919586
0.920180
0.920771
0.921359
0.921945
0.922528
0.923109
0.923686
0.924261
0.924833
0.925402
0.925969
0.926533
0.927094
0.927652
