0.011696
0.024813
0.038281
0.052386
0.067478
0.084339
0.103632
0.116770
0.131511
0.149314
0.172223
0.201886
0.235748
0.265373
0.282093
0.285244
0.282315
0.280636
0.281623
0.283525
0.285494
0.287459
0.289418
0.291372
0.293321
0.295264
0.297202
0.299135
0.301064
0.302987
0.304905
0.306819
0.308727
0.310631
0.312530
0.314425
0.316314
0.318200
0.320080
0.321996
0.323707
0.325417
0.327124
0.328828
0.330528
0.332225
0.333918
0.335608
0.337294
0.338977
0.340657
0.342334
0.344007
0.345677
0.347343
0.349007
0.350667
0.352324
0.353978
0.355630
0.357277
0.358922
0.360564
0.362204
0.363840
0.365473
0.367103
0.368731
0.370356
0.371978
0.373597
0.375214
0.376828
0.378439
0.380047
0.381654
0.383257
0.384858
0.386457
0.388053
0.389647
0.391238
0.392827
0.394414
0.395998
0.397580
0.399160
0.400738
0.402314
0.403887
0.405458
0.407028
0.408595
0.410160
0.411724
0.413285
0.414844
0.416402
0.417958
0.419511
0.421064
0.422614
0.424163
0.425710
0.427255
0.428799
0.430341
0.431881
0.433420
0.434958
0.436494
0.438028
0.439561
0.441093
0.442623
0.444152
0.445680
0.447206
0.448732
0.450256
0.451778
0.453300
0.454821
0.456340
0.457858
0.459375
0.460892
0.462407
0.463921
0.465434
0.466947
0.468458
0.469969
0.471479
0.472988
0.474496
0.476003
0.477510
0.479016
0.480521
0.482025
0.483529
0.485033
0.486535
0.488037
0.489539
0.491039
0.492540
0.494040
0.495539
0.497038
0.498537
0.500035
0.501532
0.503029
0.504526
0.506023
0.507519
0.509015
0.510510
0.512006
0.513501
0.514995
0.516490
0.517984
0.519478
0.520972
0.522466
0.523959
0.525453
0.526946
0.528439
0.529932
0.531425
0.532917
0.534410
0.535903
0.537395
0.538888
0.540380
0.541872
0.543365
0.544857
0.546349
0.547841
0.549334
0.550826
0.552318
0.553810
0.555302
0.556795
0.558287
0.559779
0.561272
0.562764
0.564256
0.565749
0.567241
0.568734
0.570226
0.571719
0.573211
0.574704
0.576196
0.577689
0.579182
0.580674
0.582167
0.583660
0.585153
0.586646
0.588138
0.589631
0.591124
0.592617
0.594109
0.595602
0.597095
0.598587
0.600080
0.601573
0.603065
0.604557
0.606050
0.607542
0.609034
0.610526
0.612018
0.613510
0.615001
0.616493
0.617984
0.619475
0.620966
0.622457
0.623947
0.625437
0.626927
0.628417
0.629906
0.631395
0.632884
0.634373
0.635861
0.637348
0.638836
0.640323
0.641809
0.643295
0.644781
0.646266
0.647750
0.649235
0.650718
0.652201
0.653683
0.655165
0.656646
0.658127
0.659607
0.661086
0.662564
0.664042
0.665519
0.666995
0.668471
0.669945
0.671419
0.672892
0.674364
0.675835
0.677305
0.678774
0.680242
0.681709
0.683175
0.684640
0.686104
0.687566
0.689028
0.690488
0.691947
0.693405
0.694862
0.696317
0.697771
0.699224
0.700675
0.702125
0.703573
0.705020
0.706466
0.707910
0.709352
0.710793
0.712232
0.713670
0.715106
0.716540
0.717972
0.719403
0.720832
0.722259
0.723685
0.725108
0.726530
0.727949
0.729367
0.730783
0.732196
0.733608
0.735017
0.736425
0.737830
0.739233
0.740634
0.742033
0.743429
0.744823
0.746215
0.747604
0.748991
0.750376
0.751758
0.753138
0.754515
0.755889
0.757261
0.758631
0.759998
0.761362
0.762723
0.764082
0.765438
0.766791
0.768142
0.769489
0.770834
0.772176
0.773515
0.774851
0.776184
0.777514
0.778841
0.780165
0.781485
0.782803
0.784117
0.785429
0.786737
0.788042
0.789343
0.790641
0.791936
0.793228
0.794516
0.795801
0.797082
0.798360
0.799634
0.800905
0.802173
0.803436
0.804697
0.805953
0.807206
0.808455
0.809701
0.810943
0.812181
0.813415
0.814646
0.815873
0.817096
0.818315
0.819530
0.820741
0.821948
0.823152
0.824351
0.825546
0.826738
0.827925
0.829108
0.830287
0.831463
0.832633
0.833800
0.834963
0.836121
0.837275
0.838425
0.839571
0.840713
0.841850
0.842983
0.844111
0.845235
0.846355
0.847471
0.848582
0.849688
0.850791
0.851889
0.852982
0.854071
0.855155
0.856235
0.857310
0.858381
0.859448
0.860509
0.861566
0.862619
0.863667
0.864710
0.865749
0.866783
0.867813
0.868838
0.869858
0.870873
0.871884
0.872890
0.873891
0.874888
0.875880
0.876867
0.877850
0.878827
0.879800
0.880768
0.881732
0.882690
0.883644
0.884593
0.885537
0.886476
0.887411
0.888341
0.889266
0.890186
0.891101
0.892011
0.892917
0.893817
0.894713
0.895604
0.896490
0.897372
0.898248
0.899120
0.899986
0.900848
0.901705
0.902557
0.903405
0.904247
0.905084
0.905917
0.906745
0.907568
0.908386
0.909199
0.910007
0.910811
0.911610
0.912403
0.913192
0.913976
0.914756
0.915530
0.916300
0.917065
0.917825
0.918580
0.919330
0.920076
0.920816
0.921552
0.922284
0.923010
0.923732
0.924449
0.925161
0.925868
0.926571
0.927269
0.927962
0.928650
0.929334
0.930013
0.930687
0.931357
0.932022
0.932683
0.933338
0.933989
0.934636
0.935278
0.935915
0.936548
0.937176
0.937799
0.938418
0.939033
0.939643
0.940248
0.940849
0.941445
0.942037
0.942625
0.943208
0.943786
0.944360
0.944930
0.945496
0.946056
0.946613
0.947165
0.947713
0.948257
0.948796
0.949331
0.949862
0.950388
0.950911
0.951429
0.951942
0.952452
0.952957
0.953459
0.953956
0.954449
0.954938
0.955422
0.955903
0.956380
0.956853
0.957321
0.957786
0.958246
0.958703
0.959156
0.959605
0.960050
0.960491
0.960928
0.961361
0.961790
0.962216
0.962638
0.963056
0.963470
0.963881
0.964288
0.964691
0.965090
0.965486
0.965878
0.966267
0.966652
0.967033
0.967411
0.967785
0.968156
0.968523
0.968886
0.969247
0.969604
0.969957
0.970307
0.970654
0.970997
0.971337
0.971673
0.972007
0.972337
0.972663
0.972987
0.973307
0.973624
0.973938
0.974249
0.974557
0.974861
0.975163
0.975461
0.975756
0.976049
0.976338
0.976624
0.976907
0.977188
0.977465
0.977740
0.978011
0.978280
0.978546
0.978809
