0.026824
0.057553
0.090306
0.126521
0.168363
0.219214
0.282312
0.335208
0.312382
0.264988
0.262946
0.271116
0.279754
0.289819
0.296838
0.299329
0.301641
0.303963
0.306294
0.308636
0.310986
0.313347
0.315718
0.318098
0.320489
0.322890
0.325303
0.327726
0.330161
0.332607
0.335065
0.337535
0.340018
0.342513
0.345021
0.347542
0.350076
0.352624
0.355185
0.357799
0.360190
0.362618
0.365064
0.367526
0.370005
0.372500
0.375013
0.377542
0.380088
0.382651
0.385231
0.387828
0.390443
0.393075
0.395724
0.398391
0.401076
0.403778
0.406498
0.409236
0.411991
0.414764
0.417555
0.420363
0.423189
0.426033
0.428894
0.431773
0.434670
0.437584
0.440515
0.443464
0.446429
0.449412
0.452412
0.455429
0.458462
0.461512
0.464578
0.467660
0.470759
0.473873
0.477003
0.480148
0.483308
0.486483
0.489673
0.492878
0.496096
0.499329
0.502575
0.505834
0.509107
0.512392
0.515690
0.519000
0.522321
0.525654
0.528998
0.532353
0.535718
0.539093
0.542478
0.545872
0.549275
0.552686
0.556106
0.559533
0.562967
0.566408
0.569856
0.573309
0.576768
0.580232
0.583701
0.587174
0.590650
0.594130
0.597613
0.601099
0.604586
0.608074
0.611564
0.615054
0.618544
0.622034
0.625523
0.629011
0.632497
0.635980
0.639461
0.642938
0.646412
0.649882
0.653347
0.656807
0.660261
0.663710
0.667152
0.670586
0.674014
0.677434
0.680845
0.684248
0.687641
0.691025
0.694398
0.697762
0.701114
0.704455
0.707784
0.711101
0.714405
0.717696
0.720974
0.724239
0.727489
0.730724
0.733945
0.737150
0.740340
0.743513
0.746670
0.749811
0.752934
0.756041
0.759129
0.762200
0.765252
0.768285
0.771300
0.774296
0.777272
0.780228
0.783165
0.786081
0.788977
0.791852
0.794706
0.797538
0.800350
0.803140
0.805908
0.808654
0.811378
0.814080
0.816759
0.819415
0.822049
0.824660
0.827247
0.829812
0.832353
0.834870
0.837365
0.839835
0.842282
0.844704
0.847103
0.849478
0.851829
0.854156
0.856459
0.858738
0.860992
0.863222
0.865428
0.867610
0.869767
0.871901
0.874010
0.876095
0.878155
0.880192
0.882204
0.884192
0.886156
0.888097
0.890013
0.891905
0.893774
0.895619
0.897440
0.899238
0.901012
0.902763
0.904490
0.906195
0.907876
0.909534
0.911170
0.912783
0.914373
0.915941
0.917486
0.919010
0.920511
0.921990
0.923448
0.924884
0.926298
0.927692
0.929064
0.930415
0.931745
0.933055
0.934344
0.935613
0.936862
0.938091
0.939300
0.940490
0.941660
0.942811
0.943943
0.945056
0.946150
0.947226
0.948284
0.949324
0.950345
0.951349
0.952336
0.953305
0.954257
0.955192
0.956111
0.957013
0.957899
0.958768
0.959622
0.960460
0.961282
0.962089
0.962881
0.963658
0.964420
0.965168
0.965901
0.966620
0.967326
0.968017
0.968695
0.969360
0.970011
0.970649
0.971275
0.971888
0.972488
0.973077
0.973653
0.974217
0.974770
0.975311
0.975841
0.976360
0.976868
0.977365
0.977851
0.978327
0.978793
0.979249
0.979694
0.980131
0.980557
0.980974
0.981382
0.981781
0.982170
0.982551
0.982924
0.983288
0.983643
0.983991
0.984330
0.984662
0.984986
0.985303
0.985612
0.985913
0.986208
0.986496
0.986776
0.987050
0.987318
0.987579
0.987834
0.988082
0.988324
0.988561
0.988792
0.989016
0.989236
0.989450
0.989658
0.989861
0.990059
0.990252
0.990441
0.990624
0.990803
0.990977
0.991146
0.991311
0.991472
0.991629
0.991781
0.991929
0.992074
0.992215
0.992352
0.992485
0.992614
0.992741
0.992863
0.992983
0.993099
0.993212
0.993322
0.993428
0.993532
0.993633
0.993731
0.993827
0.993920
0.994010
0.994097
0.994182
0.994265
0.994345
0.994423
0.994499
0.994572
0.994644
0.994713
0.994780
0.994846
0.994909
0.994971
0.995030
0.995088
0.995144
0.995199
0.995252
0.995303
0.995353
0.995401
0.995448
0.995493
0.995537
0.995579
0.995621
0.995661
0.995699
0.995737
0.995773
0.995809
0.995843
0.995876
0.995908
0.995939
0.995969
0.995998
0.996026
0.996053
0.996079
0.996105
0.996130
0.996153
0.996176
0.996199
0.996220
0.996241
0.996261
0.996281
0.996300
0.996318
0.996336
0.996353
0.996369
0.996385
0.996400
0.996415
0.996430
0.996443
0.996457
0.996470
0.996482
0.996494
0.996506
0.996517
0.996528
0.996538
0.996548
0.996558
0.996567
0.996577
0.996585
0.996594
0.996602
0.996610
0.996617
0.996624
0.996631
0.996638
0.996645
0.996651
0.996657
0.996663
0.996668
0.996674
0.996679
0.996684
0.996689
0.996694
0.996698
0.996702
0.996706
0.996710
0.996714
0.996718
0.996722
0.996725
0.996728
0.996731
0.996734
0.996737
0.996740
0.996743
0.996745
0.996748
0.996750
0.996753
0.996755
0.996757
0.996759
0.996761
0.996763
0.996765
0.996766
0.996768
0.996770
0.996771
0.996773
0.996774
0.996776
0.996777
0.996778
0.996779
0.996780
0.996782
0.996783
0.996784
0.996785
0.996786
0.996786
0.996787
0.996788
0.996789
0.996790
0.996790
0.996791
0.996792
0.996792
0.996793
0.996794
0.996794
0.996795
0.996795
0.996796
0.996796
0.996797
0.996797
0.996797
0.996798
0.996798
0.996799
0.996799
0.996799
0.996800
0.996800
0.996800
0.996800
0.996801
0.996801
0.996801
0.996801
0.996802
0.996802
0.996802
0.996802
0.996802
0.996803
0.996803
0.996803
0.996803
0.996803
0.996803
0.996803
0.996804
0.996804
0.996804
0.996804
0.996804
0.996804
0.996804
0.996804
0.996804
0.996804
0.996804
0.996805
0.996805
0.996805
0.996805
0.996805
0.996805
0.996805
0.996805
0.996805
0.996805
0.996805
0.996805
0.996805
0.996805
0.996805
0.996805
0.996805
0.996805
0.996805
0.996805
0.996805
0.996806
0.996806
0.996806
0.996806
0.996806
0.996806
0.996806
0.996806
0.996806
0.996806
0.996806
0.996806
0.996806
0.996806
0.996806
0.996806
0.996806
0.996806
0.996806
0.996806
0.996806
0.996806
0.996806
0.996806
0.996806
0.996806
0.996806
0.996806
0.996806
