0.019751
0.042104
0.066166
0.098051
0.142526
0.188554
0.222163
0.241363
0.252061
0.259941
0.268043
0.277949
0.281919
0.283910
0.285887
0.287859
0.289824
0.291784
0.293737
0.295683
0.297624
0.299559
0.301487
0.303409
0.305325
0.307236
0.309140
0.311039
0.312932
0.314819
0.316700
0.318576
0.320447
0.322312
0.324172
0.326026
0.327875
0.329719
0.331557
0.333438
0.335120
0.336793
0.338461
0.340125
0.341785
0.343440
0.345092
0.346739
0.348382
0.350020
0.351655
0.353285
0.354912
0.356534
0.358152
0.359766
0.361376
0.362982
0.364584
0.366182
0.367776
0.369366
0.370952
0.372534
0.374112
0.375687
0.377257
0.378823
0.380385
0.381944
0.383499
0.385049
0.386596
0.388139
0.389679
0.391214
0.392746
0.394274
0.395798
0.397318
0.398835
0.400348
0.401857
0.403362
0.404864
0.406362
0.407856
0.409347
0.410834
0.412317
0.413797
0.415273
0.416746
0.418215
0.419680
0.421142
0.422600
0.424055
0.425506
0.426954
0.428398
0.429839
0.431276
0.432710
0.434140
0.435567
0.436990
0.438410
0.439827
0.441240
0.442650
0.444056
0.445460
0.446859
0.448256
0.449649
0.451039
0.452426
0.453809
0.455189
0.456566
0.457939
0.459310
0.460677
0.462041
0.463402
0.464759
0.466114
0.467465
0.468813
0.470158
0.471500
0.472839
0.474175
0.475508
0.476838
0.478164
0.479488
0.480809
0.482126
0.483441
0.484753
0.486061
0.487367
0.488670
0.489970
0.491267
0.492561
0.493852
0.495141
0.496426
0.497709
0.498989
0.500266
0.501540
0.502812
0.504081
0.505347
0.506610
0.507870
0.509128
0.510383
0.511636
0.512885
0.514132
0.515377
0.516619
0.517858
0.519094
0.520328
0.521560
0.522788
0.524015
0.525238
0.526460
0.527678
0.528894
0.530108
0.531319
0.532528
0.533735
0.534939
0.536140
0.537339
0.538536
0.539730
0.540922
0.542112
0.543299
0.544484
0.545667
0.546847
0.548025
0.549201
0.550375
0.551546
0.552716
0.553883
0.555047
0.556210
0.557370
0.558529
0.559685
0.560839
0.561991
0.563141
0.564288
0.565434
0.566578
0.567719
0.568859
0.569997
0.571132
0.572266
0.573397
0.574527
0.575655
0.576781
0.577904
0.579026
0.580147
0.581265
0.582381
0.583496
0.584609
0.585719
0.586829
0.587936
0.589041
0.590145
0.591247
0.592348
0.593446
0.594543
0.595638
0.596732
0.597824
0.598914
0.600003
0.601090
0.602175
0.603259
0.604341
0.605421
0.606501
0.607578
0.608654
0.609729
0.610802
0.611873
0.612943
0.614012
0.615079
0.616144
0.617209
0.618271
0.619333
0.620393
0.621452
0.622509
0.623565
0.624620
0.625673
0.626725
0.627776
0.628825
0.629874
0.630921
0.631966
0.633011
0.634054
0.635096
0.636137
0.637177
0.638215
0.639253
0.640289
0.641324
0.642358
0.643391
0.644423
0.645454
0.646483
0.647512
0.648539
0.649566
0.650591
0.651616
0.652639
0.653662
0.654683
0.655704
0.656723
0.657742
0.658760
0.659777
0.660792
0.661807
0.662821
0.663835
0.664847
0.665858
0.666869
0.667879
0.668887
0.669896
0.670903
0.671909
0.672915
0.673920
0.674924
0.675927
0.676930
0.677932
0.678933
0.679933
0.680933
0.681932
0.682930
0.683928
0.684925
0.685921
0.686916
0.687911
0.688905
0.689899
0.690892
0.691884
0.692876
0.693867
0.694857
0.695847
0.696836
0.697825
0.698813
0.699800
0.700787
0.701774
0.702759
0.703745
0.704729
0.705714
0.706697
0.707680
0.708663
0.709645
0.710626
0.711607
0.712588
0.713568
0.714548
0.715527
0.716505
0.717483
0.718461
0.719438
0.720415
0.721391
0.722366
0.723342
0.724316
0.725291
0.726265
0.727238
0.728211
0.729184
0.730156
0.731127
0.732099
0.733069
0.734040
0.735010
0.735979
0.736948
0.737917
0.738885
0.739852
0.740820
0.741787
0.742753
0.743719
0.744685
0.745650
0.746614
0.747579
0.748542
0.749506
0.750469
0.751431
0.752393
0.753355
0.754316
0.755276
0.756237
0.757196
0.758156
0.759115
0.760073
0.761031
0.761988
0.762945
0.763902
0.764858
0.765813
0.766768
0.767723
0.768677
0.769630
0.770583
0.771536
0.772488
0.773439
0.774390
0.775341
0.776290
0.777240
0.778188
0.779136
0.780084
0.781031
0.781977
0.782923
0.783868
0.784813
0.785757
0.786700
0.787643
0.788585
0.789526
0.790467
0.791407
0.792347
0.793285
0.794223
0.795161
0.796097
0.797033
0.797968
0.798903
0.799836
0.800769
0.801701
0.802633
0.803563
0.804493
0.805422
0.806350
0.807277
0.808203
0.809129
0.810054
0.810977
0.811900
0.812822
0.813743
0.814663
0.815582
0.816500
0.817417
0.818333
0.819249
0.820163
0.821076
0.821988
0.822899
0.823809
0.824717
0.825625
0.826532
0.827437
0.828342
0.829245
0.830147
0.831047
0.831947
0.832845
0.833742
0.834638
0.835533
0.836426
0.837318
0.838209
0.839098
0.839986
0.840873
0.841758
0.842642
0.843525
0.844406
0.845286
0.846164
0.847040
0.847916
0.848789
0.849662
0.850532
0.851401
0.852269
0.853135
0.853999
0.854862
0.855723
0.856582
0.857440
0.858296
0.859150
0.860003
0.860854
0.861703
0.862550
0.863395
0.864239
0.865081
0.865921
0.866759
0.867595
0.868430
0.869262
0.870093
0.870921
0.871748
0.872572
0.873395
0.874215
0.875034
0.875850
0.876665
0.877477
0.878287
0.879095
0.879901
0.880705
0.881507
0.882306
0.883103
0.883898
0.884691
0.885481
0.886269
0.887055
0.887839
0.888620
0.889399
0.890175
0.890949
0.891721
0.892490
0.893257
0.894022
0.894784
0.895543
0.896300
0.897055
0.897807
0.898556
0.899303
0.900047
0.900789
0.901528
0.902264
0.902998
0.903729
0.904458
0.905184
0.905907
0.906627
0.907345
0.908060
0.908772
0.909482
0.910189
0.910893
0.911594
0.912292
0.912988
0.913680
0.914370
0.915057
0.915741
0.916422
0.917100
0.917776
0.918448
0.919117
0.919784
0.920447
0.921108
0.921766
0.922420
0.923072
0.923720
0.924366
0.925008
0.925648
0.926284
0.926917
0.927547
0.928174
0.928799
0.929419
