0.009919
0.021465
0.035926
0.043165
0.049191
0.055795
0.063367
0.072717
0.085001
0.101315
0.122115
0.146807
0.173760
0.200686
0.225247
0.245630
0.260931
0.271209
0.277281
0.280429
0.282073
0.283406
0.285040
0.286942
0.288903
0.290863
0.292818
0.294767
0.296710
0.298648
0.300580
0.302508
0.304429
0.306346
0.308257
0.310162
0.312063
0.313958
0.315848
0.317786
0.319523
0.321245
0.322962
0.324674
0.326382
0.328086
0.329785
0.331481
0.333172
0.334859
0.336542
0.338220
0.339895
0.341565
0.343231
0.344893
0.346551
0.348205
0.349855
0.351501
0.353142
0.354780
0.356414
0.358043
0.359669
0.361291
0.362909
0.364522
0.366132
0.367738
0.369340
0.370938
0.372533
0.374123
0.375709
0.377292
0.378871
0.380446
0.382017
0.383585
0.385148
0.386708
0.388264
0.389817
0.391366
0.392911
0.394452
0.395989
0.397523
0.399054
0.400580
0.402103
0.403623
0.405138
0.406651
0.408159
0.409664
0.411166
0.412664
0.414158
0.415649
0.417136
0.418620
0.420101
0.421577
0.423051
0.424521
0.425988
0.427451
0.428911
0.430367
0.431820
0.433270
0.434716
0.436159
0.437598
0.439035
0.440468
0.441897
0.443324
0.444747
0.446167
0.447583
0.448997
0.450407
0.451814
0.453218
0.454618
0.456015
0.457410
0.458801
0.460189
0.461573
0.462955
0.464334
0.465709
0.467082
0.468451
0.469817
0.471180
0.472540
0.473898
0.475252
0.476603
0.477951
0.479296
0.480638
0.481977
0.483314
0.484647
0.485977
0.487305
0.488629
0.489951
0.491270
0.492586
0.493899
0.495209
0.496516
0.497821
0.499122
0.500421
0.501717
0.503010
0.504301
0.505588
0.506873
0.508155
0.509435
0.510712
0.511986
0.513257
0.514525
0.515791
0.517054
0.518315
0.519573
0.520828
0.522080
0.523330
0.524577
0.525822
0.527064
0.528303
0.529540
0.530774
0.532006
0.533235
0.534461
0.535685
0.536907
0.538126
0.539342
0.540556
0.541767
0.542976
0.544183
0.545386
0.546588
0.547787
0.548983
0.550177
0.551369
0.552558
0.553745
0.554929
0.556111
0.557291
0.558468
0.559643
0.560815
0.561985
0.563153
0.564318
0.565481
0.566642
0.567800
0.568956
0.570110
0.571261
0.572410
0.573557
0.574702
0.575844
0.576984
0.578122
0.579257
0.580390
0.581521
0.582650
0.583776
0.584901
0.586023
0.587143
0.588260
0.589376
0.590489
0.591600
0.592709
0.593816
0.594921
0.596023
0.597123
0.598222
0.599318
0.600412
0.601503
0.602593
0.603681
0.604766
0.605850
0.606931
0.608010
0.609087
0.610162
0.611235
0.612306
0.613375
0.614442
0.615507
0.616569
0.617630
0.618689
0.619745
0.620800
0.621853
0.622903
0.623952
0.624999
0.626043
0.627086
0.628127
0.629165
0.630202
0.631237
0.632270
0.633301
0.634330
0.635357
0.636382
0.637405
0.638426
0.639445
0.640462
0.641478
0.642491
0.643503
0.644513
0.645521
0.646527
0.647531
0.648533
0.649533
0.650531
0.651528
0.652523
0.653516
0.654506
0.655496
0.656483
0.657468
0.658452
0.659434
0.660414
0.661392
0.662368
0.663342
0.664315
0.665286
0.666255
0.667222
0.668188
0.669151
0.670113
0.671073
0.672031
0.672988
0.673943
0.674895
0.675847
0.676796
0.677744
0.678690
0.679634
0.680576
0.681517
0.682456
0.683393
0.684328
0.685262
0.686194
0.687124
0.688052
0.688979
0.689904
0.690827
0.691749
0.692669
0.693587
0.694503
0.695418
0.696331
0.697243
0.698152
0.699060
0.699967
0.700871
0.701774
0.702675
0.703575
0.704473
0.705369
0.706264
0.707157
0.708048
0.708937
0.709825
0.710712
0.711596
0.712479
0.713360
0.714240
0.715118
0.715994
0.716869
0.717742
0.718614
0.719484
0.720352
0.721218
0.722083
0.722947
0.723808
0.724668
0.725527
0.726384
0.727239
0.728092
0.728944
0.729795
0.730644
0.731491
0.732336
0.733180
0.734023
0.734864
0.735703
0.736540
0.737376
0.738211
0.739044
0.739875
0.740705
0.741533
0.742359
0.743184
0.744008
0.744829
0.745650
0.746468
0.747285
0.748101
0.748915
0.749727
0.750538
0.751347
0.752155
0.752961
0.753765
0.754568
0.755370
0.756170
0.756968
0.757765
0.758560
0.759354
0.760146
0.760937
0.761726
0.762513
0.763299
0.764083
0.764866
0.765648
0.766428
0.767206
0.767983
0.768758
0.769531
0.770303
0.771074
0.771843
0.772611
0.773377
0.774141
0.774904
0.775666
0.776426
0.777184
0.777941
0.778696
0.779450
0.780202
0.780953
0.781702
0.782450
0.783196
0.783941
0.784684
0.785426
0.786166
0.786905
0.787642
0.788378
0.789112
0.789844
0.790575
0.791305
0.792033
0.792760
0.793485
0.794209
0.794931
0.795651
0.796370
0.797088
0.797804
0.798519
0.799232
0.799943
0.800653
0.801362
0.802069
0.802775
0.803479
0.804182
0.804883
0.805582
0.806281
0.806977
0.807672
0.808366
0.809058
0.809749
0.810438
0.811126
0.811812
0.812497
0.813180
0.813862
0.814542
0.815221
0.815898
0.816574
0.817249
0.817921
0.818593
0.819263
0.819931
0.820598
0.821264
0.821928
0.822590
0.823251
0.823911
0.824569
0.825225
0.825880
0.826534
0.827186
0.827837
0.828486
0.829134
0.829780
0.830425
0.831068
0.831710
0.832350
0.832989
0.833627
0.834263
0.834897
0.835530
0.836162
0.836792
0.837420
0.838048
0.838673
0.839297
0.839920
0.840541
0.841161
0.841779
0.842396
0.843012
0.843626
0.844238
0.844849
0.845459
0.846067
0.846673
0.847278
0.847882
0.848484
0.849085
0.849684
0.850282
0.850879
0.851474
0.852067
0.852659
0.853250
0.853839
0.854426
0.855012
0.855597
0.856180
0.856762
0.857342
0.857921
0.858499
0.859075
0.859649
0.860222
0.860794
0.861364
0.861933
0.862500
0.863066
0.863630
0.864193
0.864755
0.865315
0.865873
0.866430
0.866986
0.867540
0.868093
0.868644
0.869194
0.869742
0.870289
0.870835
0.871379
0.871922
0.872463
0.873003
0.873541
0.874078
0.874613
0.875147
0.875680
0.876211
0.876741
0.877269
0.877796
0.878321
0.878845
0.879367
0.879888
