0.013853
0.029438
0.045440
0.062159
0.079949
0.099280
0.120770
0.145613
0.174892
0.202062
0.235653
0.272778
0.299293
0.302050
0.289522
0.281488
0.281497
0.283418
0.285410
0.287399
0.289383
0.291364
0.293342
0.295315
0.297285
0.299252
0.301215
0.303174
0.305131
0.307084
0.309034
0.310981
0.312926
0.314867
0.316806
0.318742
0.320676
0.322607
0.324536
0.326494
0.328244
0.330004
0.331764
0.333523
0.335281
0.337037
0.338793
0.340548
0.342303
0.344056
0.345809
0.347561
0.349313
0.351064
0.352815
0.354565
0.356316
0.358066
0.359815
0.361565
0.363315
0.365065
0.366815
0.368565
0.370316
0.372067
0.373818
0.375570
0.377322
0.379075
0.380829
0.382583
0.384338
0.386094
0.387851
0.389609
0.391368
0.393128
0.394889
0.396652
0.398416
0.400181
0.401948
0.403716
0.405485
0.407257
0.409029
0.410804
0.412580
0.414358
0.416138
0.417920
0.419704
0.421490
0.423278
0.425068
0.426860
0.428654
0.430451
0.432249
0.434050
0.435854
0.437660
0.439468
0.441279
0.443092
0.444908
0.446726
0.448547
0.450371
0.452197
0.454026
0.455858
0.457692
0.459530
0.461370
0.463213
0.465058
0.466907
0.468758
0.470613
0.472470
0.474330
0.476193
0.478059
0.479928
0.481800
0.483675
0.485553
0.487434
0.489318
0.491205
0.493095
0.494988
0.496884
0.498783
0.500684
0.502589
0.504497
0.506408
0.508321
0.510238
0.512157
0.514080
0.516005
0.517933
0.519864
0.521798
0.523734
0.525673
0.527615
0.529560
0.531507
0.533458
0.535410
0.537365
0.539323
0.541284
0.543247
0.545212
0.547180
0.549150
0.551122
0.553097
0.555074
0.557053
0.559034
0.561017
0.563003
0.564990
0.566980
0.568971
0.570964
0.572959
0.574956
0.576954
0.578954
0.580956
0.582959
0.584963
0.586969
0.588976
0.590984
0.592994
0.595005
0.597016
0.599029
0.601043
0.603057
0.605073
0.607089
0.609105
0.611123
0.613140
0.615158
0.617177
0.619196
0.621215
0.623234
0.625253
0.627272
0.629291
0.631309
0.633328
0.635346
0.637364
0.639381
0.641397
0.643413
0.645428
0.647443
0.649456
0.651468
0.653480
0.655490
0.657499
0.659506
0.661512
0.663517
0.665520
0.667521
0.669521
0.671518
0.673514
0.675508
0.677499
0.679489
0.681476
0.683461
0.685443
0.687423
0.689400
0.691374
0.693346
0.695315
0.697281
0.699244
0.701203
0.703160
0.705113
0.707063
0.709009
0.710952
0.712891
0.714827
0.716758
0.718686
0.720610
0.722530
0.724445
0.726357
0.728264
0.730167
0.732065
0.733959
0.735849
0.737733
0.739613
0.741488
0.743358
0.745223
0.747084
0.748939
0.750788
0.752633
0.754472
0.756306
0.758134
0.759957
0.761774
0.763585
0.765391
0.767190
0.768984
0.770772
0.772554
0.774329
0.776099
0.777862
0.779619
0.781370
0.783114
0.784852
0.786583
0.788308
0.790026
0.791737
0.793442
0.795140
0.796830
0.798514
0.800191
0.801861
0.803524
0.805180
0.806828
0.808469
0.810103
0.811730
0.813349
0.814961
0.816566
0.818163
0.819752
0.821334
0.822908
0.824475
0.826033
0.827584
0.829128
0.830663
0.832191
0.833711
0.835223
0.836727
0.838223
0.839711
0.841190
0.842662
0.844126
0.845582
0.847029
0.848469
0.849900
0.851323
0.852738
0.854144
0.855543
0.856933
0.858314
0.859688
0.861053
0.862410
0.863758
0.865098
0.866429
0.867753
0.869067
0.870374
0.871672
0.872961
0.874242
0.875515
0.876779
0.878035
0.879282
0.880521
0.881751
0.882973
0.884187
0.885392
0.886588
0.887776
0.888956
0.890127
0.891289
0.892444
0.893589
0.894727
0.895856
0.896976
0.898089
0.899192
0.900288
0.901375
0.902453
0.903524
0.904586
0.905640
0.906685
0.907722
0.908751
0.909772
0.910784
0.911788
0.912784
0.913772
0.914752
0.915723
0.916686
0.917642
0.918589
0.919528
0.920460
0.921383
0.922298
0.923205
0.924105
0.924996
0.925880
0.926756
0.927624
0.928484
0.929337
0.930181
0.931018
0.931848
0.932670
0.933484
0.934291
0.935090
0.935881
0.936666
0.937442
0.938212
0.938974
0.939728
0.940476
0.941216
0.941949
0.942675
0.943393
0.944105
0.944809
0.945506
0.946197
0.946880
0.947557
0.948226
0.948889
0.949545
0.950194
0.950837
0.951473
0.952102
0.952724
0.953340
0.953950
0.954553
0.955149
0.955740
0.956323
0.956901
0.957472
0.958037
0.958596
0.959148
0.959695
0.960235
0.960770
0.961298
0.961821
0.962337
0.962848
0.963353
0.963852
0.964345
0.964833
0.965315
0.965792
0.966263
0.966728
0.967188
0.967643
0.968092
0.968535
0.968974
0.969407
0.969835
0.970258
0.970676
0.971088
0.971496
0.971899
0.972296
0.972689
0.973077
0.973460
0.973838
0.974212
0.974581
0.974945
0.975304
0.975659
0.976010
0.976356
0.976697
0.977034
0.977367
0.977695
0.978019
0.978339
0.978655
0.978966
0.979274
0.979577
0.979876
0.980171
0.980463
0.980750
0.981033
0.981313
0.981589
0.981861
0.982129
0.982394
0.982655
0.982912
0.983166
0.983416
0.983663
0.983906
0.984146
0.984383
0.984616
0.984845
0.985072
0.985295
0.985515
0.985732
0.985946
0.986157
0.986364
0.986569
0.986770
0.986969
0.987165
0.987358
0.987548
0.987735
0.987919
0.988101
0.988280
0.988456
0.988629
0.988800
0.988968
0.989134
0.989297
0.989458
0.989616
0.989772
0.989925
0.990076
0.990225
0.990371
0.990515
0.990657
0.990796
0.990934
0.991069
0.991202
0.991333
0.991461
0.991588
0.991713
0.991835
0.991956
0.992075
0.992192
0.992306
0.992419
0.992530
0.992640
0.992747
0.992853
0.992957
0.993059
0.993160
0.993259
0.993356
0.993451
0.993545
0.993637
0.993728
0.993817
0.993905
0.993991
0.994076
0.994159
0.994241
0.994321
0.994400
0.994478
0.994554
0.994629
0.994703
0.994775
0.994846
0.994916
0.994985
0.995052
0.995118
0.995183
0.995247
0.995309
0.995371
0.995431
0.995491
0.995549
0.995606
0.995662
0.995717
0.995771
0.995824
0.995876
0.995927
0.995978
0.996027
0.996075
