0.106910
0.215629
0.166732
0.126068
0.146939
0.166273
0.183358
0.198673
0.212572
0.225309
0.237090
0.248088
0.258450
0.268280
0.277662
0.286720
0.295598
0.304479
0.313672
0.323998
0.332275
0.335868
0.338819
0.341788
0.344782
0.347800
0.350844
0.353913
0.357008
0.360129
0.363276
0.366450
0.369650
0.372878
0.376132
0.379415
0.382724
0.386062
0.389428
0.392889
0.396112
0.399387
0.402694
0.406033
0.409404
0.412806
0.416239
0.419704
0.423199
0.426726
0.430284
0.433872
0.437491
0.441140
0.444820
0.448529
0.452269
0.456038
0.459836
0.463663
0.467518
0.471402
0.475314
0.479253
0.483220
0.487213
0.491232
0.495277
0.499347
0.503442
0.507561
0.511703
0.515869
0.520057
0.524267
0.528497
0.532749
0.537020
0.541310
0.545618
0.549944
0.554287
0.558646
0.563020
0.567408
0.571810
0.576225
0.580651
0.585089
0.589537
0.593994
0.598459
0.602932
0.607411
0.611895
0.616385
0.620877
0.625373
0.629870
0.634367
0.638865
0.643361
0.647854
0.652345
0.656830
0.661311
0.665785
0.670252
0.674710
0.679159
0.683597
0.688025
0.692439
0.696840
0.701227
0.705598
0.709953
0.714290
0.718610
0.722909
0.727189
0.731447
0.735684
0.739897
0.744086
0.748250
0.752389
0.756501
0.760586
0.764643
0.768670
0.772668
0.776634
0.780570
0.784473
0.788344
0.792181
0.795984
0.799751
0.803484
0.807180
0.810839
0.814461
0.818045
0.821590
0.825097
0.828564
0.831991
0.835378
0.838724
0.842029
0.845292
0.848514
0.851693
0.854830
0.857924
0.860975
0.863983
0.866947
0.869868
0.872744
0.875577
0.878366
0.881111
0.883812
0.886469
0.889081
0.891649
0.894173
0.896653
0.899089
0.901481
0.903829
0.906133
0.908394
0.910612
0.912786
0.914918
0.917007
0.919053
0.921058
0.923020
0.924941
0.926821
0.928659
0.930457
0.932215
0.933934
0.935612
0.937252
0.938853
0.940417
0.941942
0.943430
0.944881
0.946296
0.947675
0.949019
0.950328
0.951603
0.952843
0.954051
0.955225
0.956368
0.957478
0.958558
0.959607
0.960625
0.961614
0.962574
0.963506
0.964409
0.965286
0.966135
0.966958
0.967756
0.968528
0.969275
0.969999
0.970699
0.971376
0.972030
0.972663
0.973274
0.973864
0.974434
0.974984
0.975515
0.976027
0.976520
0.976996
0.977454
0.977895
0.978320
0.978729
0.979123
0.979501
0.979865
0.980215
0.980551
0.980874
0.981183
0.981481
0.981766
0.982039
0.982302
0.982553
0.982794
0.983024
0.983245
0.983456
0.983658
0.983851
0.984036
0.984212
0.984381
0.984542
0.984695
0.984842
0.984981
0.985114
0.985241
0.985362
0.985477
0.985587
0.985691
0.985790
0.985884
0.985974
0.986059
0.986140
0.986216
0.986289
0.986358
0.986424
0.986486
0.986544
0.986600
0.986652
0.986702
0.986749
0.986794
0.986836
0.986876
0.986913
0.986949
0.986982
0.987014
0.987043
0.987071
0.987098
0.987123
0.987146
0.987168
0.987189
0.987208
0.987226
0.987243
0.987259
0.987275
0.987289
0.987302
0.987314
0.987326
0.987337
0.987347
0.987357
0.987366
0.987374
0.987382
0.987389
0.987396
0.987402
0.987408
0.987414
0.987419
0.987424
0.987428
0.987432
0.987436
0.987440
0.987443
0.987446
0.987449
0.987452
0.987454
0.987456
0.987459
0.987460
0.987462
0.987464
0.987466
0.987467
0.987468
0.987470
0.987471
0.987472
0.987473
0.987474
0.987474
0.987475
0.987476
0.987477
0.987477
0.987478
0.987478
0.987479
0.987479
0.987479
0.987480
0.987480
0.987480
0.987481
0.987481
0.987481
0.987481
0.987482
0.987482
0.987482
0.987482
0.987482
0.987482
0.987482
0.987483
0.987483
0.987483
0.987483
0.987483
0.987483
0.987483
0.987483
0.987483
0.987483
0.987483
0.987483
0.987483
0.987483
0.987483
0.987483
0.987483
0.987483
0.987483
0.987483
0.987483
0.987483
0.987483
0.987483
0.987484
0.987484
0.987484
0.987484
0.987484
0.987484
0.987484
0.987484
0.987484
0.987484
0.987484
0.987484
0.987484
0.987484
0.987484
0.987484
0.987484
0.987484
0.987484
0.987484
0.987484
0.987484
0.987484
0.987484
0.987484
0.987484
0.987484
0.987484
0.987484
0.987484
0.987484
0.987484
0.987484
0.987484
0.987484
0.987484
0.987484
0.987484
0.987484
0.987484
0.987484
0.987484
0.987484
0.987484
0.987484
0.987484
0.987484
0.987484
0.987484
0.987484
0.987484
0.987484
0.987484
0.987484
0.987484
0.987484
0.987484
0.987484
0.987484
0.987484
0.987484
0.987484
0.987484
0.987484
0.987484
0.987484
0.987484
0.987484
0.987484
0.987484
0.987484
0.987484
0.987484
0.987484
0.987484
0.987484
0.987484
0.987484
0.987484
0.987484
0.987484
0.987484
0.987484
0.987484
0.987484
0.987484
0.987484
0.987484
0.987484
0.987484
0.987484
0.987484
0.987484
0.987484
0.987484
0.987484
0.987484
0.987484
0.987484
0.987484
0.987484
0.987484
0.987484
0.987484
0.987484
0.987484
0.987484
0.987484
0.987484
0.987484
0.987484
0.987484
0.987484
0.987484
0.987484
0.987484
0.987484
0.987484
0.987484
0.987484
0.987484
0.987484
0.987484
0.987484
0.987484
0.987484
0.987484
0.987484
0.987484
0.987484
0.987484
0.987484
0.987484
0.987484
0.987484
0.987484
0.987484
0.987484
0.987484
0.987484
0.987484
0.987484
0.987484
0.987484
0.987484
0.987484
0.987484
0.987484
0.987484
0.987484
0.987484
0.987484
0.987484
0.987484
0.987484
0.987484
0.987484
0.987484
0.987484
0.987484
0.987484
0.987484
0.987484
0.987484
0.987484
0.987484
0.987484
0.987484
0.987484
0.987484
0.987484
0.987484
0.987484
0.987484
0.987484
0.987484
0.987484
0.987484
0.987484
0.987484
0.987484
0.987484
0.987484
0.987484
0.987484
0.987484
0.987484
0.987484
0.987484
0.987484
0.987484
0.987484
0.987484
0.987484
0.987484
0.987484
0.987484
0.987484
0.987484
0.987484
0.987484
0.987484
0.987484
0.987484
0.987484
0.987484
0.987484
0.987484
0.987484
0.987484
0.987484
0.987484
0.987484
