0.179230
0.443626
0.595375
0.627023
0.654252
0.677653
0.698224
0.716590
0.733210
0.748426
0.762490
0.775587
0.787873
0.799484
0.810533
0.821097
0.831267
0.841173
0.850975
0.860912
0.871585
0.882492
0.888729
0.892526
0.896103
0.899595
0.903002
0.906322
0.909553
0.912696
0.915748
0.918709
0.921579
0.924358
0.927046
0.929642
0.932148
0.934564
0.936890
0.939218
0.941357
0.943413
0.945386
0.947277
0.949088
0.950819
0.952474
0.954053
0.955559
0.956994
0.958359
0.959657
0.960889
0.962058
0.963166
0.964215
0.965208
0.966146
0.967031
0.967866
0.968653
0.969394
0.970091
0.970745
0.971360
0.971936
0.972476
0.972982
0.973455
0.973896
0.974309
0.974693
0.975052
0.975385
0.975696
0.975984
0.976252
0.976500
0.976730
0.976943
0.977141
0.977323
0.977491
0.977647
0.977790
0.977922
0.978043
0.978155
0.978257
0.978351
0.978438
0.978517
0.978589
0.978656
0.978716
0.978772
0.978822
0.978868
0.978910
0.978948
0.978983
0.979015
0.979043
0.979070
0.979093
0.979114
0.979134
0.979151
0.979167
0.979181
0.979194
0.979206
0.979216
0.979226
0.979234
0.979242
0.979249
0.979255
0.979261
0.979265
0.979270
0.979274
0.979277
0.979281
0.979283
0.979286
0.979288
0.979290
0.979292
0.979293
0.979295
0.979296
0.979297
0.979298
0.979299
0.979300
0.979301
0.979301
0.979302
0.979302
0.979303
0.979303
0.979303
0.979304
0.979304
0.979304
0.979304
0.979304
0.979305
0.979305
0.979305
0.979305
0.979305
0.979305
0.979305
0.979305
0.979305
0.979305
0.979305
0.979305
0.979305
0.979305
0.979305
0.979305
0.979305
0.979305
0.979305
0.979305
0.979305
0.979305
0.979305
0.979306
0.979306
0.979306
0.979306
0.979306
0.979306
0.979306
0.979306
0.979306
0.979306
0.979306
0.979306
0.979306
0.979306
0.979306
0.979306
0.979306
0.979306
0.979306
0.979306
0.979306
0.979306
0.979306
0.979306
0.979306
0.979306
0.979306
0.979306
0.979306
0.979306
0.979306
0.979306
0.979306
0.979306
0.979306
0.979306
0.979306
0.979306
0.979306
0.979306
0.979306
0.979306
0.979306
0.979306
0.979306
0.979306
0.979306
0.979306
0.979306
0.979306
0.979306
0.979306
0.979306
0.979306
0.979306
0.979306
0.979306
0.979306
0.979306
0.979306
0.979306
0.979306
0.979306
0.979306
0.979306
0.979306
0.979306
0.979306
0.979306
0.979306
0.979306
0.979306
0.979306
0.979306
0.979306
0.979306
0.979306
0.979306
0.979306
0.979306
0.979306
0.979306
0.979306
0.979306
0.979306
0.979306
0.979306
0.979306
0.979306
0.979306
0.979306
0.979306
0.979306
0.979306
0.979306
0.979306
0.979306
0.979306
0.979306
0.979306
0.979306
0.979306
0.979306
0.979306
0.979306
0.979306
0.979306
0.979306
0.979306
0.979306
0.979306
0.979306
0.979306
0.979306
0.979306
0.979306
0.979306
0.979306
0.979306
0.979306
0.979306
0.979306
0.979306
0.979306
0.979306
0.979306
0.979306
0.979306
0.979306
0.979306
0.979306
0.979306
0.979306
0.979306
0.979306
0.979306
0.979306
0.979306
0.979306
0.979306
0.979306
0.979306
0.979306
0.979306
0.979306
0.979306
0.979306
0.979306
0.979306
0.979306
0.979306
0.979306
0.979306
0.979306
0.979306
0.979306
0.979306
0.979306
0.979306
0.979306
0.979306
0.979306
0.979306
0.979306
0.979306
0.979306
0.979306
0.979306
0.979306
0.979306
0.979306
0.979306
0.979306
0.979306
0.979306
0.979306
0.979306
0.979306
0.979306
0.979306
0.979306
0.979306
0.979306
0.979306
0.979306
0.979306
0.979306
0.979306
0.979306
0.979306
0.979306
0.979306
0.979306
0.979306
0.979306
0.979306
0.979306
0.979306
0.979306
0.979306
0.979306
0.979306
0.979306
0.979306
0.979306
0.979306
0.979306
0.979306
0.979306
0.979306
0.979306
0.979306
0.979306
0.979306
0.979306
0.979306
0.979306
0.979306
0.979306
0.979306
0.979306
0.979306
0.979306
0.979306
0.979306
0.979306
0.979306
0.979306
0.979306
0.979306
0.979306
0.979306
0.979306
0.979306
0.979306
0.979306
0.979306
0.979306
0.979306
0.979306
0.979306
0.979306
0.979306
0.979306
0.979306
0.979306
0.979306
0.979306
0.979306
0.979306
0.979306
0.979306
0.979306
0.979306
0.979306
0.979306
0.979306
0.979306
0.979306
0.979306
0.979306
0.979306
0.979306
0.979306
0.979306
0.979306
0.979306
0.979306
0.979306
0.979306
0.979306
0.979306
0.979306
0.979306
0.979306
0.979306
0.979306
0.979306
0.979306
0.979306
0.979306
0.979306
0.979306
0.979306
0.979306
0.979306
0.979306
0.979306
0.979306
0.979306
0.979306
0.979306
0.979306
0.979306
0.979306
0.979306
0.979306
0.979306
0.979306
0.979306
0.979306
0.979306
0.979306
0.979306
0.979306
0.979306
0.979306
0.979306
0.979306
0.979306
0.979306
0.979306
0.979306
0.979306
0.979306
0.979306
0.979306
0.979306
0.979306
0.979306
0.979306
0.979306
0.979306
0.979306
0.979306
0.979306
0.979306
0.979306
0.979306
0.979306
0.979306
0.979306
0.979306
0.979306
0.979306
0.979306
0.979306
0.979306
0.979306
0.979306
0.979306
0.979306
0.979306
0.979306
0.979306
0.979306
0.979306
0.979306
0.979306
0.979306
0.979306
0.979306
0.979306
0.979306
0.979306
0.979306
0.979306
0.979306
0.979306
0.979306
0.979306
0.979306
0.979306
0.979306
0.979306
0.979306
0.979306
0.979306
0.979306
0.979306
0.979306
0.979306
0.979306
0.979306
0.979306
0.979306
0.979306
0.979306
0.979306
0.979306
0.979306
0.979306
0.979306
0.979306
0.979306
0.979306
0.979306
0.979306
0.979306
0.979306
0.979306
0.979306
0.979306
0.979306
0.979306
0.979306
0.979306
0.979306
0.979306
0.979306
0.979306
0.979306
0.979306
0.979306
0.979306
0.979306
0.979306
0.979306
0.979306
0.979306
0.979306
0.979306
0.979306
0.979306
0.979306
0.979306
0.979306
0.979306
0.979306
0.979306
0.979306
0.979306
0.979306
0.979306
0.979306
0.979306
0.979306
0.979306
0.979306
