0.107413
0.249220
0.387854
0.260752
0.275722
0.296725
0.315618
0.332862
0.348793
0.363659
0.377650
0.390934
0.403651
0.415905
0.427776
0.439378
0.450853
0.462384
0.474264
0.487281
0.498872
0.505581
0.511436
0.517325
0.523263
0.529247
0.535273
0.541341
0.547446
0.553588
0.559763
0.565969
0.572202
0.578461
0.584743
0.591044
0.597363
0.603695
0.610038
0.616610
0.622850
0.629106
0.635370
0.641636
0.647902
0.654163
0.660417
0.666659
0.672888
0.679099
0.685290
0.691456
0.697597
0.703707
0.709784
0.715826
0.721830
0.727792
0.733710
0.739581
0.745403
0.751173
0.756889
0.762548
0.768148
0.773687
0.779163
0.784574
0.789917
0.795191
0.800394
0.805525
0.810581
0.815562
0.820467
0.825293
0.830039
0.834706
0.839291
0.843793
0.848213
0.852549
0.856801
0.860969
0.865051
0.869048
0.872959
0.876785
0.880525
0.884180
0.887749
0.891234
0.894633
0.897948
0.901179
0.904327
0.907393
0.910376
0.913278
0.916099
0.918841
0.921504
0.924090
0.926598
0.929032
0.931390
0.933676
0.935889
0.938031
0.940104
0.942109
0.944046
0.945917
0.947725
0.949469
0.951151
0.952774
0.954337
0.955843
0.957293
0.958688
0.960030
0.961320
0.962560
0.963751
0.964894
0.965991
0.967043
0.968052
0.969018
0.969944
0.970829
0.971677
0.972488
0.973262
0.974003
0.974710
0.975384
0.976028
0.976642
0.977227
0.977785
0.978316
0.978821
0.979302
0.979759
0.980194
0.980606
0.980998
0.981370
0.981723
0.982058
0.982375
0.982676
0.982961
0.983230
0.983485
0.983726
0.983954
0.984169
0.984372
0.984564
0.984745
0.984915
0.985076
0.985228
0.985371
0.985505
0.985631
0.985750
0.985862
0.985967
0.986065
0.986158
0.986245
0.986326
0.986402
0.986474
0.986541
0.986604
0.986662
0.986717
0.986769
0.986816
0.986861
0.986903
0.986942
0.986978
0.987012
0.987044
0.987073
0.987101
0.987126
0.987150
0.987172
0.987193
0.987212
0.987230
0.987246
0.987261
0.987275
0.987288
0.987301
0.987312
0.987322
0.987332
0.987341
0.987349
0.987357
0.987364
0.987370
0.987376
0.987382
0.987387
0.987392
0.987396
0.987400
0.987403
0.987407
0.987410
0.987413
0.987415
0.987418
0.987420
0.987422
0.987424
0.987426
0.987427
0.987429
0.987430
0.987431
0.987432
0.987433
0.987434
0.987435
0.987436
0.987436
0.987437
0.987438
0.987438
0.987439
0.987439
0.987440
0.987440
0.987440
0.987441
0.987441
0.987441
0.987441
0.987441
0.987442
0.987442
0.987442
0.987442
0.987442
0.987442
0.987442
0.987443
0.987443
0.987443
0.987443
0.987443
0.987443
0.987443
0.987443
0.987443
0.987443
0.987443
0.987443
0.987443
0.987443
0.987443
0.987443
0.987443
0.987443
0.987443
0.987443
0.987443
0.987443
0.987443
0.987443
0.987443
0.987443
0.987443
0.987443
0.987443
0.987443
0.987443
0.987443
0.987443
0.987443
0.987443
0.987443
0.987443
0.987443
0.987443
0.987443
0.987443
0.987443
0.987443
0.987443
0.987443
0.987443
0.987443
0.987443
0.987443
0.987443
0.987443
0.987443
0.987443
0.987443
0.987443
0.987443
0.987443
0.987443
0.987443
0.987443
0.987443
0.987443
0.987443
0.987443
0.987443
0.987443
0.987443
0.987443
0.987443
0.987443
0.987443
0.987443
0.987443
0.987443
0.987443
0.987443
0.987443
0.987443
0.987443
0.987443
0.987443
0.987443
0.987443
0.987443
0.987443
0.987443
0.987443
0.987443
0.987443
0.987443
0.987443
0.987443
0.987443
0.987443
0.987443
0.987443
0.987443
0.987443
0.987443
0.987443
0.987443
0.987443
0.987443
0.987443
0.987443
0.987443
0.987443
0.987443
0.987443
0.987443
0.987443
0.987443
0.987443
0.987443
0.987443
0.987443
0.987443
0.987443
0.987443
0.987443
0.987443
0.987443
0.987443
0.987443
0.987443
0.987443
0.987443
0.987443
0.987443
0.987443
0.987443
0.987443
0.987443
0.987443
0.987443
0.987443
0.987443
0.987443
0.987443
0.987443
0.987443
0.987443
0.987443
0.987443
0.987443
0.987443
0.987443
0.987443
0.987443
0.987443
0.987443
0.987443
0.987443
0.987443
0.987443
0.987443
0.987443
0.987443
0.987443
0.987443
0.987443
0.987443
0.987443
0.987443
0.987443
0.987443
0.987443
0.987443
0.987443
0.987443
0.987443
0.987443
0.987443
0.987443
0.987443
0.987443
0.987443
0.987443
0.987443
0.987443
0.987443
0.987443
0.987443
0.987443
0.987443
0.987443
0.987443
0.987443
0.987443
0.987443
0.987443
0.987443
0.987443
0.987443
0.987443
0.987443
0.987443
0.987443
0.987443
0.987443
0.987443
0.987443
0.987443
0.987443
0.987443
0.987443
0.987443
0.987443
0.987443
0.987443
0.987443
0.987443
0.987443
0.987443
0.987443
0.987443
0.987443
0.987443
0.987443
0.987443
0.987443
0.987443
0.987443
0.987443
0.987443
0.987443
0.987443
0.987443
0.987443
0.987443
0.987443
0.987443
0.987443
0.987443
0.987443
0.987443
0.987443
0.987443
0.987443
0.987443
0.987443
0.987443
0.987443
0.987443
0.987443
0.987443
0.987443
0.987443
0.987443
0.987443
0.987443
0.987443
0.987443
0.987443
0.987443
0.987443
0.987443
0.987443
0.987443
0.987443
0.987443
0.987443
0.987443
0.987443
0.987443
0.987443
0.987443
0.987443
0.987443
0.987443
0.987443
0.987443
0.987443
0.987443
0.987443
0.987443
0.987443
0.987443
0.987443
0.987443
0.987443
0.987443
0.987443
0.987443
0.987443
0.987443
0.987443
0.987443
0.987443
0.987443
0.987443
0.987443
0.987443
0.987443
0.987443
0.987443
0.987443
0.987443
0.987443
0.987443
0.987443
0.987443
0.987443
0.987443
0.987443
0.987443
0.987443
0.987443
0.987443
0.987443
0.987443
0.987443
0.987443
0.987443
0.987443
0.987443
0.987443
0.987443
0.987443
0.987443
0.987443
0.987443
0.987443
0.987443
0.987443
0.987443
0.987443
0.987443
0.987443
0.987443
0.987443
0.987443
0.987443
0.987443
0.987443
0.987443
0.987443
0.987443
0.987443
0.987443
0.987443
0.987443
0.987443
