0.015382
0.032723
0.050623
0.069382
0.089440
0.111368
0.136037
0.165186
0.201830
0.245306
0.277304
0.291463
0.288794
0.282079
0.280139
0.281606
0.283577
0.285554
0.287526
0.289492
0.291453
0.293410
0.295361
0.297307
0.299249
0.301185
0.303117
0.305045
0.306968
0.308886
0.310800
0.312710
0.314616
0.316517
0.318415
0.320308
0.322198
0.324084
0.325966
0.327879
0.329587
0.331299
0.333010
0.334718
0.336423
0.338126
0.339826
0.341524
0.343219
0.344912
0.346602
0.348290
0.349976
0.351659
0.353340
0.355019
0.356696
0.358371
0.360044
0.361715
0.363383
0.365050
0.366715
0.368378
0.370040
0.371700
0.373358
0.375014
0.376669
0.378322
0.379974
0.381624
0.383273
0.384921
0.386567
0.388212
0.389855
0.391498
0.393139
0.394780
0.396419
0.398057
0.399695
0.401331
0.402967
0.404601
0.406235
0.407869
0.409501
0.411133
0.412764
0.414395
0.416025
0.417655
0.419284
0.420913
0.422542
0.424170
0.425798
0.427426
0.429054
0.430681
0.432308
0.433936
0.435563
0.437190
0.438817
0.440445
0.442072
0.443700
0.445328
0.446956
0.448584
0.450213
0.451842
0.453471
0.455101
0.456731
0.458362
0.459993
0.461625
0.463257
0.464890
0.466524
0.468158
0.469793
0.471428
0.473064
0.474701
0.476339
0.477978
0.479617
0.481258
0.482899
0.484541
0.486184
0.487828
0.489473
0.491119
0.492766
0.494415
0.496064
0.497714
0.499365
0.501018
0.502671
0.504326
0.505982
0.507639
0.509297
0.510956
0.512616
0.514278
0.515941
0.517605
0.519271
0.520937
0.522605
0.524274
0.525945
0.527616
0.529289
0.530964
0.532639
0.534316
0.535994
0.537673
0.539354
0.541036
0.542719
0.544403
0.546089
0.547775
0.549464
0.551153
0.552844
0.554535
0.556228
0.557923
0.559618
0.561315
0.563012
0.564711
0.566412
0.568113
0.569815
0.571519
0.573223
0.574929
0.576635
0.578343
0.580052
0.581762
0.583472
0.585184
0.586897
0.588610
0.590324
0.592040
0.593756
0.595472
0.597190
0.598908
0.600628
0.602347
0.604068
0.605789
0.607511
0.609233
0.610956
0.612679
0.614403
0.616127
0.617852
0.619577
0.621303
0.623028
0.624755
0.626481
0.628207
0.629934
0.631661
0.633387
0.635114
0.636841
0.638568
0.640295
0.642021
0.643748
0.645474
0.647200
0.648926
0.650651
0.652376
0.654101
0.655825
0.657549
0.659272
0.660994
0.662716
0.664437
0.666158
0.667877
0.669596
0.671314
0.673031
0.674747
0.676462
0.678176
0.679888
0.681600
0.683310
0.685019
0.686727
0.688433
0.690138
0.691841
0.693543
0.695243
0.696942
0.698638
0.700334
0.702027
0.703718
0.705408
0.707095
0.708781
0.710465
0.712146
0.713825
0.715502
0.717177
0.718849
0.720519
0.722187
0.723852
0.725514
0.727174
0.728831
0.730486
0.732138
0.733787
0.735433
0.737076
0.738716
0.740354
0.741988
0.743619
0.745247
0.746871
0.748493
0.750111
0.751725
0.753336
0.754944
0.756548
0.758149
0.759746
0.761339
0.762928
0.764514
0.766096
0.767674
0.769248
0.770818
0.772384
0.773946
0.775503
0.777057
0.778606
0.780151
0.781692
0.783228
0.784760
0.786288
0.787810
0.789329
0.790843
0.792352
0.793856
0.795356
0.796851
0.798341
0.799826
0.801306
0.802781
0.804252
0.805717
0.807177
0.808632
0.810082
0.811527
0.812967
0.814401
0.815830
0.817253
0.818672
0.820085
0.821492
0.822894
0.824290
0.825681
0.827066
0.828446
0.829820
0.831188
0.832550
0.833907
0.835258
0.836603
0.837942
0.839276
0.840603
0.841925
0.843240
0.844550
0.845854
0.847151
0.848443
0.849728
0.851007
0.852281
0.853548
0.854808
0.856063
0.857311
0.858554
0.859789
0.861019
0.862242
0.863459
0.864670
0.865874
0.867072
0.868264
0.869449
0.870627
0.871799
0.872965
0.874125
0.875277
0.876424
0.877564
0.878697
0.879824
0.880944
0.882058
0.883165
0.884265
0.885359
0.886447
0.887528
0.888602
0.889670
0.890731
0.891785
0.892833
0.893874
0.894909
0.895937
0.896959
0.897973
0.898982
0.899983
0.900978
0.901966
0.902948
0.903923
0.904892
0.905854
0.906809
0.907758
0.908700
0.909635
0.910564
0.911487
0.912402
0.913312
0.914214
0.915110
0.916000
0.916883
0.917760
0.918630
0.919493
0.920350
0.921201
0.922045
0.922883
0.923714
0.924539
0.925357
0.926169
0.926975
0.927774
0.928567
0.929353
0.930134
0.930907
0.931675
0.932436
0.933192
0.933940
0.934683
0.935420
0.936150
0.936874
0.937592
0.938304
0.939010
0.939710
0.940403
0.941091
0.941773
0.942448
0.943118
0.943782
0.944439
0.945091
0.945737
0.946378
0.947012
0.947641
0.948263
0.948881
0.949492
0.950098
0.950698
0.951292
0.951881
0.952464
0.953041
0.953614
0.954180
0.954741
0.955297
0.955847
0.956392
0.956931
0.957465
0.957994
0.958518
0.959036
0.959549
0.960057
0.960559
0.961057
0.961549
0.962037
0.962519
0.962996
0.963469
0.963936
0.964398
0.964856
0.965309
0.965757
0.966200
0.966638
0.967072
0.967500
0.967925
0.968344
0.968759
0.969169
0.969575
0.969977
0.970373
0.970766
0.971154
0.971537
0.971917
0.972292
0.972662
0.973029
0.973391
0.973749
0.974102
0.974452
0.974798
0.975139
0.975477
0.975810
0.976140
0.976465
0.976787
0.977105
0.977418
0.977729
0.978035
0.978338
0.978636
0.978932
0.979223
0.979511
0.979795
0.980076
0.980354
0.980627
0.980898
0.981164
0.981428
0.981688
0.981945
0.982198
0.982448
0.982695
0.982939
0.983180
0.983417
0.983651
0.983882
0.984111
0.984336
0.984558
0.984777
0.984993
0.985206
0.985416
0.985624
0.985829
0.986030
0.986229
0.986426
0.986619
0.986810
0.986999
0.987184
0.987367
0.987548
0.987726
0.987901
0.988074
0.988244
0.988412
0.988578
0.988741
0.988902
0.989060
0.989217
0.989370
0.989522
0.989672
0.989819
0.989964
0.990107
0.990247
0.990386
0.990523
0.990657
0.990790
0.990920
0.991049
0.991175
0.991300
0.991423
0.991544
0.991662
0.991780
0.991895
