0.342562
0.526387
0.582299
0.623926
0.656913
0.684240
0.707600
0.728012
0.746126
0.762417
0.777239
0.790850
0.803443
0.815180
0.826201
0.836620
0.846517
0.855988
0.865167
0.874222
0.883403
0.893342
0.903168
0.908240
0.911120
0.913786
0.916355
0.918830
0.921209
0.923494
0.925685
0.927784
0.929791
0.931708
0.933536
0.935277
0.936932
0.938505
0.939997
0.941467
0.942797
0.944054
0.945241
0.946359
0.947411
0.948400
0.949327
0.950197
0.951010
0.951771
0.952480
0.953141
0.953757
0.954328
0.954859
0.955351
0.955806
0.956227
0.956616
0.956974
0.957304
0.957607
0.957885
0.958140
0.958374
0.958588
0.958783
0.958961
0.959123
0.959271
0.959405
0.959526
0.959636
0.959736
0.959826
0.959907
0.959981
0.960047
0.960106
0.960159
0.960207
0.960250
0.960288
0.960322
0.960353
0.960380
0.960404
0.960425
0.960445
0.960461
0.960476
0.960490
0.960501
0.960512
0.960521
0.960529
0.960536
0.960542
0.960547
0.960552
0.960556
0.960560
0.960563
0.960566
0.960568
0.960570
0.960572
0.960574
0.960575
0.960576
0.960577
0.960578
0.960579
0.960579
0.960580
0.960580
0.960581
0.960581
0.960581
0.960582
0.960582
0.960582
0.960582
0.960582
0.960583
0.960583
0.960583
0.960583
0.960583
0.960583
0.960583
0.960583
0.960583
0.960583
0.960583
0.960583
0.960583
0.960583
0.960583
0.960583
0.960583
0.960583
0.960583
0.960583
0.960583
0.960583
0.960583
0.960583
0.960583
0.960583
0.960583
0.960583
0.960583
0.960583
0.960583
0.960583
0.960583
0.960583
0.960583
0.960583
0.960583
0.960583
0.960583
0.960583
0.960583
0.960583
0.960583
0.960583
0.960583
0.960583
0.960583
0.960583
0.960583
0.960583
0.960583
0.960583
0.960583
0.960583
0.960583
0.960583
0.960583
0.960583
0.960583
0.960583
0.960583
0.960583
0.960583
0.960583
0.960583
0.960583
0.960583
0.960583
0.960583
0.960583
0.960583
0.960583
0.960583
0.960583
0.960583
0.960583
0.960583
0.960583
0.960583
0.960583
0.960583
0.960583
0.960583
0.960583
0.960583
0.960583
0.960583
0.960583
0.960583
0.960583
0.960583
0.960583
0.960583
0.960583
0.960583
0.960583
0.960583
0.960583
0.960583
0.960583
0.960583
0.960583
0.960583
0.960583
0.960583
0.960583
0.960583
0.960583
0.960583
0.960583
0.960583
0.960583
0.960583
0.960583
0.960583
0.960583
0.960583
0.960583
0.960583
0.960583
0.960583
0.960583
0.960583
0.960583
0.960583
0.960583
0.960583
0.960583
0.960583
0.960583
0.960583
0.960583
0.960583
0.960583
0.960583
0.960583
0.960583
0.960583
0.960583
0.960583
0.960583
0.960583
0.960583
0.960583
0.960583
0.960583
0.960583
0.960583
0.960583
0.960583
0.960583
0.960583
0.960583
0.960583
0.960583
0.960583
0.960583
0.960583
0.960583
0.960583
0.960583
0.960583
0.960583
0.960583
0.960583
0.960583
0.960583
0.960583
0.960583
0.960583
0.960583
0.960583
0.960583
0.960583
0.960583
0.960583
0.960583
0.960583
0.960583
0.960583
0.960583
0.960583
0.960583
0.960583
0.960583
0.960583
0.960583
0.960583
0.960583
0.960583
0.960583
0.960583
0.960583
0.960583
0.960583
0.960583
0.960583
0.960583
0.960583
0.960583
0.960583
0.960583
0.960583
0.960583
0.960583
0.960583
0.960583
0.960583
0.960583
0.960583
0.960583
0.960583
0.960583
0.960583
0.960583
0.960583
0.960583
0.960583
0.960583
0.960583
0.960583
0.960583
0.960583
0.960583
0.960583
0.960583
0.960583
0.960583
0.960583
0.960583
0.960583
0.960583
0.960583
0.960583
0.960583
0.960583
0.960583
0.960583
0.960583
0.960583
0.960583
0.960583
0.960583
0.960583
0.960583
0.960583
0.960583
0.960583
0.960583
0.960583
0.960583
0.960583
0.960583
0.960583
0.960583
0.960583
0.960583
0.960583
0.960583
0.960583
0.960583
0.960583
0.960583
0.960583
0.960583
0.960583
0.960583
0.960583
0.960583
0.960583
0.960583
0.960583
0.960583
0.960583
0.960583
0.960583
0.960583
0.960583
0.960583
0.960583
0.960583
0.960583
0.960583
0.960583
0.960583
0.960583
0.960583
0.960583
0.960583
0.960583
0.960583
0.960583
0.960583
0.960583
0.960583
0.960583
0.960583
0.960583
0.960583
0.960583
0.960583
0.960583
0.960583
0.960583
0.960583
0.960583
0.960583
0.960583
0.960583
0.960583
0.960583
0.960583
0.960583
0.960583
0.960583
0.960583
0.960583
0.960583
0.960583
0.960583
0.960583
0.960583
0.960583
0.960583
0.960583
0.960583
0.960583
0.960583
0.960583
0.960583
0.960583
0.960583
0.960583
0.960583
0.960583
0.960583
0.960583
0.960583
0.960583
0.960583
0.960583
0.960583
0.960583
0.960583
0.960583
0.960583
0.960583
0.960583
0.960583
0.960583
0.960583
0.960583
0.960583
0.960583
0.960583
0.960583
0.960583
0.960583
0.960583
0.960583
0.960583
0.960583
0.960583
0.960583
0.960583
0.960583
0.960583
0.960583
0.960583
0.960583
0.960583
0.960583
0.960583
0.960583
0.960583
0.960583
0.960583
0.960583
0.960583
0.960583
0.960583
0.960583
0.960583
0.960583
0.960583
0.960583
0.960583
0.960583
0.960583
0.960583
0.960583
0.960583
0.960583
0.960583
0.960583
0.960583
0.960583
0.960583
0.960583
0.960583
0.960583
0.960583
0.960583
0.960583
0.960583
0.960583
0.960583
0.960583
0.960583
0.960583
0.960583
0.960583
0.960583
0.960583
0.960583
0.960583
0.960583
0.960583
0.960583
0.960583
0.960583
0.960583
0.960583
0.960583
0.960583
0.960583
0.960583
0.960583
0.960583
0.960583
0.960583
0.960583
0.960583
0.960583
0.960583
0.960583
0.960583
0.960583
0.960583
0.960583
0.960583
0.960583
0.960583
0.960583
0.960583
0.960583
0.960583
0.960583
0.960583
0.960583
0.960583
0.960583
0.960583
0.960583
0.960583
0.960583
0.960583
0.960583
0.960583
0.960583
0.960583
0.960583
0.960583
0.960583
0.960583
0.960583
0.960583
0.960583
0.960583
0.960583
0.960583
0.960583
0.960583
0.960583
0.960583
0.960583
