0.007590
0.012539
0.016947
0.021101
0.025147
0.029176
0.033257
0.037458
0.041859
0.046547
0.051602
0.057111
0.063170
0.069881
0.077374
0.085821
0.095442
0.106495
0.119336
0.134509
0.152740
0.175076
0.203351
0.240827
0.293816
0.376255
0.521667
0.757823
0.947378
0.994707
0.997823
0.997886
0.997904
0.997921
0.997938
0.997954
0.997970
0.997986
0.998001
0.998015
0.998029
0.998043
0.998055
0.998068
0.998079
0.998090
0.998101
0.998111
0.998121
0.998130
0.998138
0.998146
0.998154
0.998161
0.998168
0.998174
0.998180
0.998186
0.998191
0.998196
0.998200
0.998205
0.998209
0.998212
0.998216
0.998219
0.998222
0.998225
0.998227
0.998230
0.998232
0.998234
0.998236
0.998238
0.998239
0.998241
0.998242
0.998244
0.998245
0.998246
0.998247
0.998248
0.998249
0.998249
0.998250
0.998251
0.998251
0.998252
0.998252
0.998253
0.998253
0.998254
0.998254
0.998254
0.998254
0.998255
0.998255
0.998255
0.998255
0.998256
0.998256
0.998256
0.998256
0.998256
0.998256
0.998256
0.998256
0.998257
0.998257
0.998257
0.998257
0.998257
0.998257
0.998257
0.998257
0.998257
0.998257
0.998257
0.998257
0.998257
0.998257
0.998257
0.998257
0.998257
0.998257
0.998257
0.998257
0.998257
0.998257
0.998257
0.998257
0.998257
0.998257
0.998257
0.998257
0.998257
0.998257
0.998257
0.998257
0.998257
0.998257
0.998257
0.998257
0.998257
0.998257
0.998257
0.998257
0.998257
0.998257
0.998257
0.998257
0.998257
0.998257
0.998257
0.998257
0.998257
0.998257
0.998257
0.998257
0.998257
0.998257
0.998257
0.998257
0.998257
0.998257
0.998257
0.998257
0.998257
0.998257
0.998257
0.998257
0.998257
0.998257
0.998257
0.998257
0.998257
0.998257
0.998257
0.998257
0.998257
0.998257
0.998257
0.998257
0.998257
0.998257
0.998257
0.998257
0.998257
0.998257
0.998257
0.998257
0.998257
0.998257
0.998257
0.998257
0.998257
0.998257
0.998257
0.998257
0.998257
0.998257
0.998257
0.998257
0.998257
0.998257
0.998257
0.998257
0.998257
0.998257
0.998257
0.998257
0.998257
0.998257
0.998257
0.998257
0.998257
0.998257
0.998257
0.998257
0.998257
0.998257
0.998257
0.998257
0.998257
0.998257
0.998257
0.998257
0.998257
0.998257
0.998257
0.998257
0.998257
0.998257
0.998257
0.998257
0.998257
0.998257
0.998257
0.998257
0.998257
0.998257
0.998257
0.998257
0.998257
0.998257
0.998257
0.998257
0.998257
0.998257
0.998257
0.998257
0.998257
0.998257
0.998257
0.998257
0.998257
0.998257
0.998257
0.998257
0.998257
0.998257
0.998257
0.998257
0.998257
0.998257
0.998257
0.998257
0.998257
0.998257
0.998257
0.998257
0.998257
0.998257
0.998257
0.998257
0.998257
0.998257
0.998257
0.998257
0.998257
0.998257
0.998257
0.998257
0.998257
0.998257
0.998257
0.998257
0.998257
0.998257
0.998257
0.998257
0.998257
0.998257
0.998257
0.998257
0.998257
0.998257
0.998257
0.998257
0.998257
0.998257
0.998257
0.998257
0.998257
0.998257
0.998257
0.998257
0.998257
0.998257
0.998257
0.998257
0.998257
0.998257
0.998257
0.998257
0.998257
0.998257
0.998257
0.998257
0.998257
0.998257
0.998257
0.998257
0.998257
0.998257
0.998257
0.998257
0.998257
0.998257
0.998257
0.998257
0.998257
0.998257
0.998257
0.998257
0.998257
0.998257
0.998257
0.998257
0.998257
0.998257
0.998257
0.998257
0.998257
0.998257
0.998257
0.998257
0.998257
0.998257
0.998257
0.998257
0.998257
0.998257
0.998257
0.998257
0.998257
0.998257
0.998257
0.998257
0.998257
0.998257
0.998257
0.998257
0.998257
0.998257
0.998257
0.998257
0.998257
0.998257
0.998257
0.998257
0.998257
0.998257
0.998257
0.998257
0.998257
0.998257
0.998257
0.998257
0.998257
0.998257
0.998257
0.998257
0.998257
0.998257
0.998257
0.998257
0.998257
0.998257
0.998257
0.998257
0.998257
0.998257
0.998257
0.998257
0.998257
0.998257
0.998257
0.998257
0.998257
0.998257
0.998257
0.998257
0.998257
0.998257
0.998257
0.998257
0.998257
0.998257
0.998257
0.998257
0.998257
0.998257
0.998257
0.998257
0.998257
0.998257
0.998257
0.998257
0.998257
0.998257
0.998257
0.998257
0.998257
0.998257
0.998257
0.998257
0.998257
0.998257
0.998257
0.998257
0.998257
0.998257
0.998257
0.998257
0.998257
0.998257
0.998257
0.998257
0.998257
0.998257
0.998257
0.998257
0.998257
0.998257
0.998257
0.998257
0.998257
0.998257
0.998257
0.998257
0.998257
0.998257
0.998257
0.998257
0.998257
0.998257
0.998257
0.998257
0.998257
0.998257
0.998257
0.998257
0.998257
0.998257
0.998257
0.998257
0.998257
0.998257
0.998257
0.998257
0.998257
0.998257
0.998257
0.998257
0.998257
0.998257
0.998257
0.998257
0.998257
0.998257
0.998257
0.998257
0.998257
0.998257
0.998257
0.998257
0.998257
0.998257
0.998257
0.998257
0.998257
0.998257
0.998257
0.998257
0.998257
0.998257
0.998257
0.998257
0.998257
0.998257
0.998257
0.998257
0.998257
0.998257
0.998257
0.998257
0.998257
0.998257
0.998257
0.998257
0.998257
0.998257
0.998257
0.998257
0.998257
0.998257
0.998257
0.998257
0.998257
0.998257
0.998257
0.998257
0.998257
0.998257
0.998257
0.998257
0.998257
0.998257
0.998257
0.998257
0.998257
0.998257
0.998257
0.998257
0.998257
0.998257
0.998257
0.998257
0.998257
0.998257
0.998257
0.998257
0.998257
0.998257
0.998257
0.998257
0.998257
0.998257
0.998257
0.998257
0.998257
0.998257
0.998257
0.998257
0.998257
0.998257
0.998257
0.998257
0.998257
0.998257
0.998257
0.998257
0.998257
0.998257
0.998257
0.998257
0.998257
0.998257
0.998257
0.998257
0.998257
0.998257
0.998257
0.998257
0.998257
0.998257
0.998257
0.998257
0.998257
0.998257
0.998257
0.998257
0.998257
0.998257
0.998257
0.998257
0.998257
0.998257
0.998257
0.998257
0.998257
0.998257
0.998257
0.998257
0.998257
0.998257
0.998257
0.998257
0.998257
