0.040509
0.087867
0.141011
0.199997
0.236895
0.227806
0.212011
0.215563
0.225295
0.234618
0.243434
0.251860
0.260031
0.268113
0.276335
0.285413
0.294516
0.297851
0.299888
0.301912
0.303933
0.305954
0.307973
0.309991
0.312008
0.314025
0.316040
0.318055
0.320069
0.322083
0.324098
0.326112
0.328126
0.330141
0.332156
0.334172
0.336189
0.338208
0.340227
0.342274
0.344112
0.345971
0.347833
0.349699
0.351568
0.353440
0.355315
0.357194
0.359076
0.360962
0.362852
0.364745
0.366643
0.368545
0.370451
0.372361
0.374276
0.376195
0.378120
0.380049
0.381982
0.383921
0.385865
0.387815
0.389769
0.391730
0.393695
0.395667
0.397644
0.399627
0.401616
0.403611
0.405612
0.407619
0.409633
0.411653
0.413680
0.415713
0.417753
0.419800
0.421853
0.423914
0.425981
0.428055
0.430137
0.432226
0.434322
0.436425
0.438535
0.440653
0.442779
0.444912
0.447052
0.449200
0.451356
0.453519
0.455691
0.457870
0.460056
0.462251
0.464453
0.466663
0.468881
0.471107
0.473341
0.475583
0.477832
0.480090
0.482355
0.484629
0.486910
0.489199
0.491496
0.493801
0.496114
0.498434
0.500762
0.503098
0.505442
0.507794
0.510153
0.512519
0.514893
0.517275
0.519664
0.522061
0.524464
0.526875
0.529293
0.531719
0.534151
0.536590
0.539036
0.541489
0.543949
0.546415
0.548887
0.551366
0.553852
0.556343
0.558841
0.561344
0.563854
0.566369
0.568889
0.571416
0.573947
0.576484
0.579026
0.581573
0.584124
0.586680
0.589241
0.591806
0.594376
0.596949
0.599527
0.602108
0.604693
0.607281
0.609872
0.612467
0.615064
0.617665
0.620267
0.622873
0.625480
0.628089
0.630701
0.633314
0.635928
0.638544
0.641161
0.643778
0.646397
0.649016
0.651635
0.654255
0.656874
0.659493
0.662112
0.664729
0.667346
0.669962
0.672577
0.675190
0.677802
0.680411
0.683018
0.685623
0.688226
0.690825
0.693422
0.696016
0.698606
0.701192
0.703775
0.706354
0.708928
0.711498
0.714063
0.716624
0.719179
0.721729
0.724274
0.726813
0.729346
0.731872
0.734393
0.736907
0.739414
0.741914
0.744407
0.746893
0.749371
0.751842
0.754304
0.756759
0.759205
0.761642
0.764071
0.766491
0.768902
0.771304
0.773696
0.776078
0.778451
0.780813
0.783166
0.785508
0.787839
0.790160
0.792470
0.794769
0.797057
0.799333
0.801598
0.803851
0.806093
0.808322
0.810540
0.812745
0.814937
0.817118
0.819285
0.821440
0.823581
0.825710
0.827825
0.829928
0.832016
0.834091
0.836153
0.838200
0.840234
0.842254
0.844260
0.846251
0.848228
0.850191
0.852139
0.854073
0.855992
0.857897
0.859786
0.861661
0.863521
0.865366
0.867196
0.869010
0.870810
0.872594
0.874363
0.876116
0.877855
0.879577
0.881285
0.882977
0.884653
0.886314
0.887959
0.889588
0.891202
0.892801
0.894383
0.895950
0.897502
0.899037
0.900557
0.902062
0.903550
0.905023
0.906481
0.907923
0.909349
0.910759
0.912154
0.913534
0.914898
0.916246
0.917579
0.918897
0.920199
0.921486
0.922758
0.924014
0.925255
0.926481
0.927692
0.928888
0.930069
0.931235
0.932386
0.933522
0.934644
0.935751
0.936844
0.937922
0.938985
0.940034
0.941069
0.942090
0.943096
0.944089
0.945068
0.946032
0.946983
0.947921
0.948844
0.949755
0.950652
0.951535
0.952406
0.953263
0.954107
0.954939
0.955758
0.956564
0.957357
0.958138
0.958907
0.959663
0.960407
0.961139
0.961860
0.962568
0.963265
0.963950
0.964624
0.965286
0.965937
0.966577
0.967206
0.967825
0.968432
0.969029
0.969615
0.970190
0.970756
0.971311
0.971856
0.972392
0.972917
0.973433
0.973939
0.974436
0.974923
0.975401
0.975870
0.976330
0.976781
0.977223
0.977657
0.978082
0.978499
0.978907
0.979307
0.979700
0.980084
0.980460
0.980829
0.981190
0.981543
0.981890
0.982229
0.982560
0.982885
0.983203
0.983514
0.983818
0.984116
0.984407
0.984691
0.984970
0.985242
0.985508
0.985768
0.986022
0.986271
0.986514
0.986751
0.986983
0.987209
0.987430
0.987646
0.987857
0.988062
0.988263
0.988459
0.988650
0.988837
0.989019
0.989197
0.989370
0.989539
0.989704
0.989864
0.990021
0.990173
0.990322
0.990467
0.990608
0.990746
0.990880
0.991010
0.991137
0.991261
0.991381
0.991498
0.991613
0.991724
0.991832
0.991937
0.992039
0.992138
0.992235
0.992329
0.992420
0.992509
0.992595
0.992679
0.992761
0.992840
0.992917
0.992991
0.993064
0.993134
0.993202
0.993269
0.993333
0.993396
0.993456
0.993515
0.993572
0.993627
0.993681
0.993733
0.993783
0.993832
0.993879
0.993925
0.993970
0.994013
0.994055
0.994095
0.994134
0.994172
0.994208
0.994244
0.994278
0.994311
0.994343
0.994374
0.994404
0.994434
0.994462
0.994489
0.994515
0.994540
0.994565
0.994588
0.994611
0.994633
0.994655
0.994675
0.994695
0.994714
0.994733
0.994750
0.994768
0.994784
0.994800
0.994816
0.994831
0.994845
0.994859
0.994872
0.994885
0.994897
0.994909
0.994921
0.994932
0.994942
0.994952
0.994962
0.994972
0.994981
0.994990
0.994998
0.995006
0.995014
0.995021
0.995029
0.995036
0.995042
0.995049
0.995055
0.995061
0.995066
0.995072
0.995077
0.995082
0.995087
0.995091
0.995096
0.995100
0.995104
0.995108
0.995112
0.995115
0.995119
0.995122
0.995125
0.995128
0.995131
0.995134
0.995136
0.995139
0.995141
0.995144
0.995146
0.995148
0.995150
0.995152
0.995154
0.995156
0.995157
0.995159
0.995160
0.995162
0.995163
0.995165
0.995166
0.995167
0.995168
0.995170
0.995171
0.995172
0.995173
0.995173
0.995174
0.995175
0.995176
0.995177
0.995177
0.995178
0.995179
0.995179
0.995180
0.995181
0.995181
0.995182
0.995182
0.995183
0.995183
0.995183
0.995184
0.995184
0.995185
0.995185
0.995185
0.995186
0.995186
0.995186
0.995186
0.995187
0.995187
0.995187
0.995187
0.995188
0.995188
0.995188
0.995188
0.995188
0.995188
0.995189
0.995189
0.995189
0.995189
0.995189
