0.072166
0.161604
0.272795
0.314079
0.206486
0.207623
0.222908
0.236886
0.249783
0.261790
0.273074
0.283773
0.293979
0.303781
0.313307
0.322706
0.332173
0.342081
0.353207
0.361073
0.364963
0.368569
0.372212
0.375892
0.379611
0.383368
0.387162
0.390995
0.394866
0.398774
0.402720
0.406704
0.410726
0.414785
0.418881
0.423015
0.427185
0.431391
0.435633
0.440020
0.444147
0.448331
0.452554
0.456816
0.461116
0.465452
0.469825
0.474233
0.478675
0.483151
0.487660
0.492200
0.496772
0.501374
0.506005
0.510665
0.515352
0.520065
0.524804
0.529567
0.534353
0.539161
0.543989
0.548838
0.553705
0.558589
0.563490
0.568405
0.573334
0.578276
0.583228
0.588190
0.593160
0.598138
0.603121
0.608108
0.613099
0.618091
0.623083
0.628074
0.633063
0.638048
0.643027
0.648000
0.652965
0.657920
0.662864
0.667797
0.672716
0.677619
0.682507
0.687377
0.692229
0.697060
0.701870
0.706657
0.711420
0.716158
0.720870
0.725554
0.730210
0.734835
0.739430
0.743993
0.748522
0.753018
0.757478
0.761902
0.766289
0.770638
0.774948
0.779218
0.783447
0.787635
0.791781
0.795884
0.799943
0.803958
0.807927
0.811851
0.815729
0.819560
0.823344
0.827080
0.830768
0.834407
0.837998
0.841539
0.845030
0.848471
0.851863
0.855204
0.858494
0.861734
0.864922
0.868060
0.871147
0.874183
0.877168
0.880102
0.882985
0.885817
0.888598
0.891329
0.894009
0.896639
0.899220
0.901750
0.904231
0.906663
0.909045
0.911379
0.913665
0.915904
0.918094
0.920238
0.922335
0.924386
0.926391
0.928350
0.930266
0.932136
0.933963
0.935747
0.937488
0.939187
0.940845
0.942461
0.944037
0.945573
0.947070
0.948528
0.949948
0.951331
0.952677
0.953987
0.955261
0.956500
0.957705
0.958876
0.960014
0.961120
0.962193
0.963236
0.964248
0.965230
0.966183
0.967107
0.968003
0.968872
0.969713
0.970529
0.971319
0.972083
0.972824
0.973540
0.974233
0.974904
0.975552
0.976179
0.976784
0.977370
0.977935
0.978481
0.979007
0.979516
0.980006
0.980480
0.980936
0.981376
0.981800
0.982209
0.982602
0.982981
0.983346
0.983697
0.984035
0.984360
0.984672
0.984973
0.985262
0.985539
0.985806
0.986062
0.986308
0.986543
0.986770
0.986987
0.987195
0.987395
0.987586
0.987770
0.987945
0.988114
0.988275
0.988429
0.988576
0.988718
0.988853
0.988982
0.989105
0.989223
0.989336
0.989443
0.989546
0.989644
0.989738
0.989827
0.989912
0.989993
0.990071
0.990144
0.990215
0.990281
0.990345
0.990406
0.990464
0.990518
0.990571
0.990620
0.990667
0.990712
0.990755
0.990795
0.990834
0.990870
0.990905
0.990938
0.990969
0.990999
0.991027
0.991053
0.991078
0.991102
0.991125
0.991146
0.991166
0.991185
0.991203
0.991220
0.991237
0.991252
0.991266
0.991280
0.991293
0.991305
0.991316
0.991327
0.991337
0.991347
0.991356
0.991365
0.991373
0.991380
0.991387
0.991394
0.991400
0.991406
0.991412
0.991417
0.991422
0.991427
0.991431
0.991435
0.991439
0.991443
0.991446
0.991449
0.991452
0.991455
0.991458
0.991460
0.991462
0.991464
0.991466
0.991468
0.991470
0.991472
0.991473
0.991475
0.991476
0.991477
0.991478
0.991480
0.991481
0.991482
0.991482
0.991483
0.991484
0.991485
0.991485
0.991486
0.991487
0.991487
0.991488
0.991488
0.991489
0.991489
0.991489
0.991490
0.991490
0.991490
0.991491
0.991491
0.991491
0.991491
0.991492
0.991492
0.991492
0.991492
0.991492
0.991492
0.991493
0.991493
0.991493
0.991493
0.991493
0.991493
0.991493
0.991493
0.991493
0.991493
0.991493
0.991494
0.991494
0.991494
0.991494
0.991494
0.991494
0.991494
0.991494
0.991494
0.991494
0.991494
0.991494
0.991494
0.991494
0.991494
0.991494
0.991494
0.991494
0.991494
0.991494
0.991494
0.991494
0.991494
0.991494
0.991494
0.991494
0.991494
0.991494
0.991494
0.991494
0.991494
0.991494
0.991494
0.991494
0.991494
0.991494
0.991494
0.991494
0.991494
0.991494
0.991494
0.991494
0.991494
0.991494
0.991494
0.991494
0.991494
0.991494
0.991494
0.991494
0.991494
0.991494
0.991494
0.991494
0.991494
0.991494
0.991494
0.991494
0.991494
0.991494
0.991494
0.991494
0.991494
0.991494
0.991494
0.991494
0.991494
0.991494
0.991494
0.991494
0.991494
0.991494
0.991494
0.991494
0.991494
0.991494
0.991494
0.991494
0.991494
0.991494
0.991494
0.991494
0.991494
0.991494
0.991494
0.991494
0.991494
0.991494
0.991494
0.991494
0.991494
0.991494
0.991494
0.991494
0.991494
0.991494
0.991494
0.991494
0.991494
0.991494
0.991494
0.991494
0.991494
0.991494
0.991494
0.991494
0.991494
0.991494
0.991494
0.991494
0.991494
0.991494
0.991494
0.991494
0.991494
0.991494
0.991494
0.991494
0.991494
0.991494
0.991494
0.991494
0.991494
0.991494
0.991494
0.991494
0.991494
0.991494
0.991494
0.991494
0.991494
0.991494
0.991494
0.991494
0.991494
0.991494
0.991494
0.991494
0.991494
0.991494
0.991494
0.991494
0.991494
0.991494
0.991494
0.991494
0.991494
0.991494
0.991494
0.991494
0.991494
0.991494
0.991494
0.991494
0.991494
0.991494
0.991494
0.991494
0.991494
0.991494
0.991494
0.991494
0.991494
0.991494
0.991494
0.991494
0.991494
0.991494
0.991494
0.991494
0.991494
0.991494
0.991494
0.991494
0.991494
0.991494
0.991494
0.991494
0.991494
0.991494
0.991494
0.991494
0.991494
0.991494
0.991494
0.991494
0.991494
0.991494
0.991494
0.991494
0.991494
0.991494
0.991494
0.991494
0.991494
0.991494
0.991494
0.991494
0.991494
0.991494
0.991494
0.991494
0.991494
0.991494
0.991494
0.991494
0.991494
0.991494
0.991494
0.991494
0.991494
0.991494
0.991494
0.991494
0.991494
0.991494
0.991494
0.991494
0.991494
0.991494
0.991494
0.991494
0.991494
0.991494
0.991494
0.991494
0.991494
0.991494
0.991494
0.991494
0.991494
0.991494
0.991494
0.991494
0.991494
0.991494
0.991494
