0.019726
0.042047
0.065333
0.090250
0.117975
0.151405
0.192432
0.232987
0.259204
0.268431
0.271034
0.277031
0.280085
0.282026
0.284004
0.285977
0.287944
0.289905
0.291861
0.293811
0.295755
0.297693
0.299626
0.301554
0.303476
0.305393
0.307304
0.309211
0.311112
0.313008
0.314900
0.316786
0.318668
0.320545
0.322417
0.324285
0.326148
0.328007
0.329862
0.331748
0.333433
0.335118
0.336802
0.338482
0.340158
0.341832
0.343502
0.345169
0.346833
0.348493
0.350151
0.351805
0.353457
0.355105
0.356750
0.358393
0.360032
0.361669
0.363303
0.364934
0.366562
0.368187
0.369810
0.371430
0.373048
0.374663
0.376275
0.377885
0.379492
0.381097
0.382699
0.384299
0.385896
0.387492
0.389085
0.390675
0.392264
0.393850
0.395434
0.397016
0.398596
0.400174
0.401750
0.403324
0.404896
0.406466
0.408034
0.409601
0.411165
0.412728
0.414289
0.415849
0.417406
0.418962
0.420517
0.422070
0.423621
0.425171
0.426720
0.428267
0.429813
0.431357
0.432901
0.434442
0.435983
0.437523
0.439061
0.440598
0.442134
0.443669
0.445203
0.446736
0.448268
0.449799
0.451329
0.452859
0.454387
0.455915
0.457442
0.458968
0.460494
0.462018
0.463543
0.465066
0.466589
0.468112
0.469634
0.471155
0.472677
0.474197
0.475718
0.477238
0.478757
0.480277
0.481796
0.483315
0.484833
0.486352
0.487870
0.489388
0.490906
0.492424
0.493942
0.495460
0.496978
0.498496
0.500014
0.501532
0.503051
0.504569
0.506088
0.507606
0.509125
0.510644
0.512164
0.513683
0.515203
0.516724
0.518244
0.519765
0.521286
0.522808
0.524330
0.525853
0.527376
0.528899
0.530423
0.531947
0.533472
0.534998
0.536524
0.538050
0.539577
0.541105
0.542633
0.544162
0.545692
0.547222
0.548753
0.550284
0.551816
0.553349
0.554882
0.556416
0.557951
0.559487
0.561023
0.562560
0.564098
0.565636
0.567175
0.568715
0.570256
0.571797
0.573339
0.574882
0.576426
0.577970
0.579515
0.581061
0.582608
0.584155
0.585703
0.587252
0.588801
0.590352
0.591903
0.593455
0.595007
0.596560
0.598114
0.599669
0.601224
0.602780
0.604337
0.605894
0.607452
0.609011
0.610570
0.612130
0.613691
0.615252
0.616814
0.618376
0.619939
0.621503
0.623067
0.624631
0.626196
0.627762
0.629327
0.630894
0.632461
0.634028
0.635596
0.637164
0.638732
0.640301
0.641870
0.643439
0.645008
0.646578
0.648148
0.649718
0.651289
0.652859
0.654430
0.656001
0.657571
0.659142
0.660713
0.662284
0.663854
0.665425
0.666996
0.668566
0.670136
0.671706
0.673276
0.674846
0.676415
0.677984
0.679553
0.681121
0.682689
0.684256
0.685823
0.687389
0.688955
0.690520
0.692085
0.693649
0.695212
0.696774
0.698336
0.699896
0.701456
0.703015
0.704574
0.706131
0.707687
0.709242
0.710796
0.712349
0.713900
0.715451
0.717000
0.718548
0.720095
0.721640
0.723184
0.724726
0.726267
0.727806
0.729344
0.730880
0.732414
0.733947
0.735478
0.737007
0.738534
0.740059
0.741583
0.743104
0.744624
0.746141
0.747656
0.749169
0.750680
0.752189
0.753695
0.755199
0.756701
0.758200
0.759697
0.761191
0.762683
0.764172
0.765658
0.767142
0.768623
0.770101
0.771576
0.773049
0.774518
0.775985
0.777448
0.778909
0.780366
0.781820
0.783271
0.784719
0.786164
0.787605
0.789043
0.790477
0.791908
0.793336
0.794760
0.796180
0.797597
0.799010
0.800419
0.801825
0.803227
0.804625
0.806019
0.807409
0.808795
0.810178
0.811556
0.812930
0.814300
0.815665
0.817027
0.818384
0.819737
0.821086
0.822430
0.823770
0.825106
0.826437
0.827763
0.829085
0.830403
0.831715
0.833023
0.834327
0.835625
0.836919
0.838208
0.839492
0.840771
0.842046
0.843315
0.844580
0.845839
0.847094
0.848343
0.849587
0.850826
0.852060
0.853289
0.854512
0.855731
0.856943
0.858151
0.859353
0.860550
0.861742
0.862928
0.864109
0.865284
0.866454
0.867618
0.868776
0.869929
0.871077
0.872219
0.873355
0.874485
0.875610
0.876729
0.877843
0.878951
0.880052
0.881149
0.882239
0.883324
0.884402
0.885475
0.886542
0.887603
0.888658
0.889708
0.890751
0.891788
0.892820
0.893845
0.894865
0.895878
0.896886
0.897888
0.898883
0.899873
0.900856
0.901833
0.902805
0.903770
0.904729
0.905682
0.906629
0.907570
0.908505
0.909434
0.910357
0.911273
0.912184
0.913088
0.913986
0.914878
0.915765
0.916644
0.917518
0.918386
0.919248
0.920103
0.920952
0.921796
0.922633
0.923464
0.924289
0.925108
0.925921
0.926728
0.927528
0.928323
0.929112
0.929894
0.930671
0.931441
0.932206
0.932964
0.933717
0.934463
0.935204
0.935938
0.936667
0.937389
0.938106
0.938817
0.939522
0.940221
0.940914
0.941601
0.942283
0.942958
0.943628
0.944292
0.944951
0.945603
0.946250
0.946891
0.947526
0.948156
0.948780
0.949398
0.950010
0.950618
0.951219
0.951815
0.952405
0.952990
0.953569
0.954143
0.954711
0.955274
0.955832
0.956384
0.956931
0.957472
0.958008
0.958539
0.959064
0.959585
0.960100
0.960610
0.961114
0.961614
0.962108
0.962597
0.963082
0.963561
0.964035
0.964504
0.964969
0.965428
0.965882
0.966332
0.966777
0.967216
0.967652
0.968082
0.968507
0.968928
0.969345
0.969756
0.970163
0.970566
0.970963
0.971357
0.971746
0.972130
0.972510
0.972885
0.973257
0.973623
0.973986
0.974344
0.974698
0.975048
0.975393
0.975735
0.976072
0.976405
0.976734
0.977059
0.977380
0.977698
0.978011
0.978320
0.978625
0.978927
0.979225
0.979519
0.979809
0.980095
0.980378
0.980657
0.980933
0.981205
0.981473
0.981738
0.981999
0.982257
0.982512
0.982763
0.983010
0.983255
0.983496
0.983733
0.983968
0.984199
0.984427
0.984652
0.984874
0.985093
0.985308
0.985521
0.985731
0.985937
0.986141
0.986342
0.986539
0.986734
0.986927
0.987116
0.987303
0.987487
0.987668
0.987846
0.988022
0.988195
0.988366
0.988534
0.988700
0.988863
0.989023
0.989181
0.989337
