0.055730
0.144774
0.188683
0.208837
0.221046
0.230680
0.239361
0.247621
0.255710
0.263841
0.272495
0.282655
0.286618
0.288605
0.290578
0.292545
0.294506
0.296461
0.298409
0.300352
0.302288
0.304218
0.306142
0.308060
0.309972
0.311878
0.313778
0.315672
0.317561
0.319444
0.321321
0.323193
0.325059
0.326919
0.328775
0.330624
0.332469
0.334308
0.336142
0.338026
0.339718
0.341390
0.343057
0.344719
0.346376
0.348029
0.349678
0.351322
0.352963
0.354599
0.356231
0.357858
0.359482
0.361102
0.362717
0.364328
0.365935
0.367538
0.369137
0.370732
0.372322
0.373909
0.375492
0.377070
0.378645
0.380215
0.381782
0.383344
0.384903
0.386458
0.388008
0.389555
0.391098
0.392637
0.394171
0.395702
0.397230
0.398753
0.400272
0.401788
0.403299
0.404807
0.406311
0.407811
0.409307
0.410800
0.412288
0.413773
0.415254
0.416732
0.418205
0.419675
0.421141
0.422603
0.424062
0.425517
0.426968
0.428415
0.429859
0.431299
0.432736
0.434169
0.435598
0.437023
0.438445
0.439863
0.441278
0.442689
0.444096
0.445500
0.446900
0.448297
0.449690
0.451080
0.452466
0.453849
0.455228
0.456603
0.457975
0.459344
0.460709
0.462070
0.463428
0.464783
0.466134
0.467482
0.468826
0.470167
0.471504
0.472838
0.474169
0.475496
0.476820
0.478141
0.479458
0.480772
0.482082
0.483389
0.484693
0.485993
0.487291
0.488584
0.489875
0.491162
0.492446
0.493727
0.495004
0.496279
0.497550
0.498817
0.500082
0.501343
0.502601
0.503856
0.505108
0.506356
0.507601
0.508844
0.510082
0.511318
0.512551
0.513780
0.515007
0.516230
0.517450
0.518667
0.519881
0.521092
0.522300
0.523505
0.524706
0.525905
0.527100
0.528293
0.529482
0.530668
0.531852
0.533032
0.534210
0.535384
0.536555
0.537724
0.538889
0.540052
0.541211
0.542368
0.543521
0.544672
0.545819
0.546964
0.548106
0.549245
0.550381
0.551514
0.552645
0.553772
0.554897
0.556018
0.557137
0.558253
0.559366
0.560476
0.561584
0.562689
0.563790
0.564889
0.565986
0.567079
0.568170
0.569258
0.570343
0.571425
0.572505
0.573581
0.574656
0.575727
0.576796
0.577861
0.578925
0.579985
0.581043
0.582098
0.583150
0.584200
0.585247
0.586292
0.587333
0.588372
0.589409
0.590443
0.591474
0.592502
0.593528
0.594552
0.595572
0.596590
0.597606
0.598619
0.599629
0.600637
0.601642
0.602645
0.603645
0.604642
0.605637
0.606630
0.607620
0.608607
0.609592
0.610575
0.611555
0.612532
0.613507
0.614479
0.615449
0.616417
0.617382
0.618345
0.619305
0.620262
0.621218
0.622170
0.623121
0.624069
0.625014
0.625958
0.626898
0.627837
0.628773
0.629706
0.630638
0.631566
0.632493
0.633417
0.634339
0.635258
0.636175
0.637090
0.638003
0.638913
0.639821
0.640726
0.641629
0.642530
0.643429
0.644325
0.645219
0.646111
0.647000
0.647888
0.648773
0.649655
0.650536
0.651414
0.652290
0.653164
0.654036
0.654905
0.655772
0.656637
0.657500
0.658360
0.659219
0.660075
0.660929
0.661781
0.662631
0.663478
0.664324
0.665167
0.666008
0.666847
0.667684
0.668518
0.669351
0.670182
0.671010
0.671836
0.672660
0.673482
0.674302
0.675120
0.675936
0.676750
0.677562
0.678371
0.679179
0.679985
0.680788
0.681590
0.682389
0.683186
0.683982
0.684775
0.685567
0.686356
0.687143
0.687929
0.688712
0.689494
0.690273
0.691051
0.691826
0.692600
0.693371
0.694141
0.694908
0.695674
0.696438
0.697200
0.697960
0.698718
0.699474
0.700228
0.700981
0.701731
0.702480
0.703226
0.703971
0.704714
0.705455
0.706194
0.706931
0.707667
0.708400
0.709132
0.709862
0.710590
0.711316
0.712040
0.712763
0.713484
0.714202
0.714920
0.715635
0.716348
0.717060
0.717770
0.718478
0.719184
0.719889
0.720592
0.721293
0.721992
0.722690
0.723386
0.724080
0.724772
0.725463
0.726151
0.726839
0.727524
0.728208
0.728890
0.729570
0.730249
0.730926
0.731601
0.732274
0.732946
0.733616
0.734285
0.734952
0.735617
0.736280
0.736942
0.737602
0.738261
0.738918
0.739573
0.740227
0.740879
0.741530
0.742178
0.742826
0.743471
0.744115
0.744758
0.745399
0.746038
0.746676
0.747312
0.747946
0.748579
0.749211
0.749841
0.750469
0.751096
0.751721
0.752345
0.752967
0.753588
0.754207
0.754824
0.755441
0.756055
0.756668
0.757280
0.757890
0.758499
0.759106
0.759711
0.760316
0.760918
0.761520
0.762119
0.762718
0.763315
0.763910
0.764504
0.765097
0.765688
0.766278
0.766866
0.767453
0.768038
0.768622
0.769205
0.769786
0.770366
0.770945
0.771522
0.772097
0.772672
0.773245
0.773816
0.774387
0.774956
0.775523
0.776089
0.776654
0.777218
0.777780
0.778341
0.778900
0.779459
0.780015
0.780571
0.781125
0.781678
0.782230
0.782781
0.783330
0.783878
0.784424
0.784970
0.785514
0.786056
0.786598
0.787138
0.787677
0.788215
0.788752
0.789287
0.789821
0.790354
0.790886
0.791416
0.791946
0.792474
0.793000
0.793526
0.794051
0.794574
0.795096
0.795617
0.796137
0.796655
0.797173
0.797689
0.798204
0.798718
0.799231
0.799743
0.800254
0.800763
0.801272
0.801779
0.802285
0.802790
0.803294
0.803797
0.804299
0.804800
0.805299
0.805798
0.806295
0.806792
0.807287
0.807781
0.808275
0.808767
0.809258
0.809748
0.810237
0.810725
0.811212
0.811698
0.812184
0.812668
0.813151
0.813633
0.814114
0.814594
0.815073
0.815551
0.816028
0.816504
0.816980
0.817454
0.817927
0.818400
0.818871
0.819342
0.819811
0.820280
0.820748
0.821215
0.821681
0.822146
0.822610
0.823073
0.823536
0.823997
0.824458
0.824918
0.825377
0.825835
0.826292
0.826748
0.827204
0.827658
0.828112
0.828565
0.829017
0.829469
0.829919
0.830369
0.830818
0.831266
0.831714
0.832160
0.832606
0.833051
0.833495
0.833939
0.834382
0.834824
0.835265
0.835705
0.836145
0.836584
0.837022
0.837460
0.837897
0.838333
0.838769
0.839203
0.839638
0.840071
