0.411139
0.540316
0.614901
0.665124
0.701949
0.730570
0.753755
0.773100
0.789576
0.803819
0.816300
0.827366
0.837277
0.846225
0.854381
0.861885
0.868854
0.875371
0.881545
0.887517
0.893465
0.899674
0.906821
0.913216
0.914952
0.915081
0.915122
0.915156
0.915186
0.915211
0.915232
0.915250
0.915266
0.915278
0.915289
0.915298
0.915305
0.915311
0.915316
0.915320
0.915323
0.915326
0.915328
0.915330
0.915332
0.915333
0.915334
0.915334
0.915335
0.915336
0.915336
0.915336
0.915336
0.915337
0.915337
0.915337
0.915337
0.915337
0.915337
0.915337
0.915337
0.915337
0.915337
0.915337
0.915337
0.915337
0.915337
0.915337
0.915337
0.915337
0.915337
0.915337
0.915337
0.915337
0.915337
0.915337
0.915337
0.915337
0.915337
0.915337
0.915337
0.915337
0.915337
0.915337
0.915337
0.915337
0.915337
0.915337
0.915337
0.915337
0.915337
0.915337
0.915337
0.915337
0.915337
0.915337
0.915337
0.915337
0.915337
0.915337
0.915337
0.915337
0.915337
0.915337
0.915337
0.915337
0.915337
0.915337
0.915337
0.915337
0.915337
0.915337
0.915337
0.915337
0.915337
0.915337
0.915337
0.915337
0.915337
0.915337
0.915337
0.915337
0.915337
0.915337
0.915337
0.915337
0.915337
0.915337
0.915337
0.915337
0.915337
0.915337
0.915337
0.915337
0.915337
0.915337
0.915337
0.915337
0.915337
0.915337
0.915337
0.915337
0.915337
0.915337
0.915337
0.915337
0.915337
0.915337
0.915337
0.915337
0.915337
0.915337
0.915337
0.915337
0.915337
0.915337
0.915337
0.915337
0.915337
0.915337
0.915337
0.915337
0.915337
0.915337
0.915337
0.915337
0.915337
0.915337
0.915337
0.915337
0.915337
0.915337
0.915337
0.915337
0.915337
0.915337
0.915337
0.915337
0.915337
0.915337
0.915337
0.915337
0.915337
0.915337
0.915337
0.915337
0.915337
0.915337
0.915337
0.915337
0.915337
0.915337
0.915337
0.915337
0.915337
0.915337
0.915337
0.915337
0.915337
0.915337
0.915337
0.915337
0.915337
0.915337
0.915337
0.915337
0.915337
0.915337
0.915337
0.915337
0.915337
0.915337
0.915337
0.915337
0.915337
0.915337
0.915337
0.915337
0.915337
0.915337
0.915337
0.915337
0.915337
0.915337
0.915337
0.915337
0.915337
0.915337
0.915337
0.915337
0.915337
0.915337
0.915337
0.915337
0.915337
0.915337
0.915337
0.915337
0.915337
0.915337
0.915337
0.915337
0.915337
0.915337
0.915337
0.915337
0.915337
0.915337
0.915337
0.915337
0.915337
0.915337
0.915337
0.915337
0.915337
0.915337
0.915337
0.915337
0.915337
0.915337
0.915337
0.915337
0.915337
0.915337
0.915337
0.915337
0.915337
0.915337
0.915337
0.915337
0.915337
0.915337
0.915337
0.915337
0.915337
0.915337
0.915337
0.915337
0.915337
0.915337
0.915337
0.915337
0.915337
0.915337
0.915337
0.915337
0.915337
0.915337
0.915337
0.915337
0.915337
0.915337
0.915337
0.915337
0.915337
0.915337
0.915337
0.915337
0.915337
0.915337
0.915337
0.915337
0.915337
0.915337
0.915337
0.915337
0.915337
0.915337
0.915337
0.915337
0.915337
0.915337
0.915337
0.915337
0.915337
0.915337
0.915337
0.915337
0.915337
0.915337
0.915337
0.915337
0.915337
0.915337
0.915337
0.915337
0.915337
0.915337
0.915337
0.915337
0.915337
0.915337
0.915337
0.915337
0.915337
0.915337
0.915337
0.915337
0.915337
0.915337
0.915337
0.915337
0.915337
0.915337
0.915337
0.915337
0.915337
0.915337
0.915337
0.915337
0.915337
0.915337
0.915337
0.915337
0.915337
0.915337
0.915337
0.915337
0.915337
0.915337
0.915337
0.915337
0.915337
0.915337
0.915337
0.915337
0.915337
0.915337
0.915337
0.915337
0.915337
0.915337
0.915337
0.915337
0.915337
0.915337
0.915337
0.915337
0.915337
0.915337
0.915337
0.915337
0.915337
0.915337
0.915337
0.915337
0.915337
0.915337
0.915337
0.915337
0.915337
0.915337
0.915337
0.915337
0.915337
0.915337
0.915337
0.915337
0.915337
0.915337
0.915337
0.915337
0.915337
0.915337
0.915337
0.915337
0.915337
0.915337
0.915337
0.915337
0.915337
0.915337
0.915337
0.915337
0.915337
0.915337
0.915337
0.915337
0.915337
0.915337
0.915337
0.915337
0.915337
0.915337
0.915337
0.915337
0.915337
0.915337
0.915337
0.915337
0.915337
0.915337
0.915337
0.915337
0.915337
0.915337
0.915337
0.915337
0.915337
0.915337
0.915337
0.915337
0.915337
0.915337
0.915337
0.915337
0.915337
0.915337
0.915337
0.915337
0.915337
0.915337
0.915337
0.915337
0.915337
0.915337
0.915337
0.915337
0.915337
0.915337
0.915337
0.915337
0.915337
0.915337
0.915337
0.915337
0.915337
0.915337
0.915337
0.915337
0.915337
0.915337
0.915337
0.915337
0.915337
0.915337
0.915337
0.915337
0.915337
0.915337
0.915337
0.915337
0.915337
0.915337
0.915337
0.915337
0.915337
0.915337
0.915337
0.915337
0.915337
0.915337
0.915337
0.915337
0.915337
0.915337
0.915337
0.915337
0.915337
0.915337
0.915337
0.915337
0.915337
0.915337
0.915337
0.915337
0.915337
0.915337
0.915337
0.915337
0.915337
0.915337
0.915337
0.915337
0.915337
0.915337
0.915337
0.915337
0.915337
0.915337
0.915337
0.915337
0.915337
0.915337
0.915337
0.915337
0.915337
0.915337
0.915337
0.915337
0.915337
0.915337
0.915337
0.915337
0.915337
0.915337
0.915337
0.915337
0.915337
0.915337
0.915337
0.915337
0.915337
0.915337
0.915337
0.915337
0.915337
0.915337
0.915337
0.915337
0.915337
0.915337
0.915337
0.915337
0.915337
0.915337
0.915337
0.915337
0.915337
0.915337
0.915337
0.915337
0.915337
0.915337
0.915337
0.915337
0.915337
0.915337
0.915337
0.915337
0.915337
0.915337
0.915337
0.915337
0.915337
0.915337
0.915337
0.915337
0.915337
0.915337
0.915337
0.915337
0.915337
0.915337
0.915337
0.915337
0.915337
0.915337
0.915337
0.915337
0.915337
0.915337
0.915337
0.915337
0.915337
0.915337
0.915337
0.915337
0.915337
0.915337
