0.014027
0.043233
0.076837
0.109859
0.138406
0.162057
0.181514
0.197656
0.211258
0.222934
0.233137
0.242190
0.250320
0.257686
0.264402
0.270549
0.276186
0.281349
0.286062
0.290333
0.294138
0.297394
0.299939
0.301611
0.302777
0.304305
0.306201
0.308150
0.310096
0.312036
0.313970
0.315900
0.317824
0.319743
0.321657
0.323565
0.325468
0.327366
0.329260
0.331209
0.332966
0.334699
0.336426
0.338148
0.339865
0.341578
0.343287
0.344992
0.346692
0.348389
0.350081
0.351770
0.353454
0.355134
0.356810
0.358482
0.360150
0.361814
0.363475
0.365131
0.366783
0.368431
0.370075
0.371716
0.373352
0.374985
0.376613
0.378238
0.379859
0.381476
0.383089
0.384698
0.386304
0.387905
0.389503
0.391097
0.392688
0.394274
0.395857
0.397436
0.399011
0.400583
0.402150
0.403714
0.405275
0.406831
0.408384
0.409933
0.411479
0.413020
0.414559
0.416093
0.417624
0.419151
0.420675
0.422194
0.423711
0.425223
0.426732
0.428238
0.429739
0.431238
0.432732
0.434223
0.435711
0.437195
0.438675
0.440152
0.441625
0.443094
0.444560
0.446023
0.447482
0.448937
0.450389
0.451838
0.453283
0.454724
0.456162
0.457596
0.459027
0.460455
0.461879
0.463299
0.464716
0.466130
0.467540
0.468947
0.470350
0.471749
0.473146
0.474539
0.475928
0.477314
0.478697
0.480076
0.481452
0.482824
0.484193
0.485559
0.486921
0.488280
0.489635
0.490987
0.492336
0.493681
0.495023
0.496362
0.497697
0.499029
0.500358
0.501683
0.503005
0.504324
0.505639
0.506951
0.508260
0.509565
0.510868
0.512166
0.513462
0.514754
0.516043
0.517329
0.518612
0.519891
0.521167
0.522440
0.523710
0.524976
0.526239
0.527499
0.528756
0.530009
0.531260
0.532507
0.533751
0.534992
0.536229
0.537464
0.538695
0.539923
0.541148
0.542370
0.543589
0.544804
0.546017
0.547226
0.548432
0.549635
0.550835
0.552032
0.553226
0.554417
0.555605
0.556789
0.557971
0.559149
0.560325
0.561497
0.562667
0.563833
0.564996
0.566157
0.567314
0.568468
0.569620
0.570768
0.571913
0.573056
0.574195
0.575332
0.576465
0.577596
0.578723
0.579848
0.580970
0.582089
0.583205
0.584318
0.585428
0.586535
0.587639
0.588741
0.589839
0.590935
0.592028
0.593118
0.594205
0.595289
0.596371
0.597449
0.598525
0.599598
0.600668
0.601736
0.602800
0.603862
0.604921
0.605977
0.607031
0.608082
0.609130
0.610175
0.611217
0.612257
0.613294
0.614328
0.615360
0.616389
0.617415
0.618438
0.619459
0.620477
0.621492
0.622505
0.623515
0.624523
0.625527
0.626530
0.627529
0.628526
0.629520
0.630512
0.631501
0.632487
0.633471
0.634452
0.635431
0.636407
0.637380
0.638351
0.639320
0.640285
0.641249
0.642209
0.643168
0.644123
0.645076
0.646027
0.646975
0.647921
0.648864
0.649805
0.650743
0.651678
0.652612
0.653542
0.654471
0.655397
0.656320
0.657241
0.658159
0.659076
0.659989
0.660901
0.661809
0.662716
0.663620
0.664522
0.665421
0.666318
0.667213
0.668105
0.668995
0.669882
0.670767
0.671650
0.672531
0.673409
0.674285
0.675158
0.676029
0.676898
0.677765
0.678629
0.679491
0.680351
0.681208
0.682064
0.682917
0.683767
0.684616
0.685462
0.686306
0.687148
0.687987
0.688825
0.689660
0.690493
0.691323
0.692152
0.692978
0.693802
0.694624
0.695444
0.696261
0.697077
0.697890
0.698701
0.699510
0.700317
0.701122
0.701924
0.702725
0.703523
0.704319
0.705114
0.705906
0.706696
0.707483
0.708269
0.709053
0.709834
0.710614
0.711391
0.712167
0.712940
0.713711
0.714481
0.715248
0.716013
0.716776
0.717538
0.718297
0.719054
0.719809
0.720562
0.721313
0.722063
0.722810
0.723555
0.724298
0.725039
0.725779
0.726516
0.727251
0.727985
0.728716
0.729446
0.730174
0.730899
0.731623
0.732345
0.733065
0.733783
0.734499
0.735214
0.735926
0.736637
0.737345
0.738052
0.738757
0.739460
0.740161
0.740860
0.741558
0.742253
0.742947
0.743639
0.744329
0.745018
0.745704
0.746389
0.747071
0.747753
0.748432
0.749109
0.749785
0.750459
0.751131
0.751801
0.752470
0.753136
0.753801
0.754464
0.755126
0.755786
0.756444
0.757100
0.757754
0.758407
0.759058
0.759708
0.760355
0.761001
0.761645
0.762288
0.762928
0.763567
0.764205
0.764841
0.765475
0.766107
0.766738
0.767367
0.767994
0.768620
0.769244
0.769866
0.770487
0.771106
0.771723
0.772339
0.772953
0.773566
0.774177
0.774786
0.775394
0.776000
0.776604
0.777207
0.777809
0.778408
0.779006
0.779603
0.780198
0.780791
0.781383
0.781973
0.782562
0.783149
0.783735
0.784319
0.784901
0.785482
0.786062
0.786640
0.787216
0.787791
0.788364
0.788936
0.789506
0.790075
0.790642
0.791208
0.791772
0.792335
0.792896
0.793456
0.794014
0.794571
0.795127
0.795680
0.796233
0.796784
0.797333
0.797881
0.798428
0.798973
0.799517
0.800059
0.800600
0.801139
0.801677
0.802214
0.802749
0.803283
0.803815
0.804346
0.804876
0.805404
0.805930
0.806456
0.806980
0.807502
0.808023
0.808543
0.809061
0.809578
0.810094
0.810608
0.811121
0.811633
0.812143
0.812652
0.813160
0.813666
0.814171
0.814674
0.815176
0.815677
0.816177
0.816675
0.817172
0.817667
0.818162
0.818654
0.819146
0.819636
0.820125
0.820613
0.821100
0.821585
0.822069
0.822551
0.823033
0.823513
0.823992
0.824469
0.824945
0.825420
0.825894
0.826366
0.826838
0.827308
0.827776
0.828244
0.828710
0.829175
0.829639
0.830102
0.830563
0.831023
0.831482
0.831940
0.832396
0.832851
0.833305
0.833758
0.834210
0.834660
0.835110
0.835558
0.836005
0.836450
0.836895
0.837338
0.837780
0.838221
0.838661
0.839100
0.839537
0.839974
0.840409
0.840843
0.841276
0.841708
0.842138
0.842568
0.842996
0.843423
0.843849
0.844274
0.844698
0.845121
0.845542
0.845963
0.846382
0.846800
0.847218
0.847634
0.848049
0.848462
0.848875
0.849287
0.849697
0.850107
0.850515
0.850922
