-0.047802
-0.024081
0.031714
0.073408
0.106486
0.133896
0.157318
0.177759
0.195910
0.212272
0.227212
0.240994
0.253828
0.265892
0.277335
0.288266
0.298770
0.308966
0.318993
0.329028
0.339354
0.350727
0.360796
0.366088
0.370400
0.374747
0.379149
0.383609
0.388126
0.392700
0.397332
0.402022
0.406769
0.411575
0.416438
0.421360
0.426340
0.431377
0.436473
0.441771
0.446801
0.451907
0.457077
0.462310
0.467606
0.472963
0.478381
0.483859
0.489395
0.494989
0.500641
0.506348
0.512110
0.517925
0.523793
0.529712
0.535680
0.541696
0.547759
0.553867
0.560017
0.566209
0.572440
0.578709
0.585013
0.591349
0.597717
0.604113
0.610535
0.616980
0.623447
0.629931
0.636431
0.642944
0.649466
0.655995
0.662528
0.669062
0.675593
0.682118
0.688634
0.695137
0.701625
0.708093
0.714538
0.720957
0.727346
0.733701
0.740019
0.746297
0.752529
0.758714
0.764847
0.770924
0.776943
0.782898
0.788788
0.794608
0.800354
0.806024
0.811615
0.817122
0.822542
0.827873
0.833112
0.838256
0.843302
0.848247
0.853090
0.857827
0.862457
0.866977
0.871386
0.875683
0.879865
0.883931
0.887882
0.891715
0.895429
0.899026
0.902504
0.905863
0.909104
0.912227
0.915232
0.918121
0.920894
0.923553
0.926099
0.928534
0.930859
0.933077
0.935189
0.937199
0.939107
0.940917
0.942631
0.944253
0.945784
0.947229
0.948589
0.949868
0.951068
0.952194
0.953248
0.954233
0.955152
0.956009
0.956806
0.957547
0.958234
0.958870
0.959458
0.960001
0.960502
0.960962
0.961386
0.961774
0.962130
0.962456
0.962753
0.963024
0.963271
0.963495
0.963698
0.963883
0.964050
0.964200
0.964336
0.964459
0.964569
0.964667
0.964756
0.964835
0.964906
0.964969
0.965025
0.965075
0.965119
0.965159
0.965194
0.965225
0.965252
0.965276
0.965297
0.965315
0.965332
0.965346
0.965358
0.965369
0.965379
0.965387
0.965394
0.965401
0.965406
0.965411
0.965415
0.965418
0.965421
0.965424
0.965426
0.965428
0.965430
0.965431
0.965433
0.965434
0.965435
0.965435
0.965436
0.965436
0.965437
0.965437
0.965438
0.965438
0.965438
0.965438
0.965439
0.965439
0.965439
0.965439
0.965439
0.965439
0.965439
0.965439
0.965439
0.965439
0.965439
0.965439
0.965439
0.965439
0.965439
0.965439
0.965439
0.965439
0.965439
0.965439
0.965439
0.965439
0.965439
0.965439
0.965439
0.965439
0.965439
0.965439
0.965439
0.965439
0.965439
0.965439
0.965439
0.965439
0.965439
0.965439
0.965439
0.965439
0.965439
0.965439
0.965439
0.965439
0.965439
0.965439
0.965439
0.965439
0.965439
0.965439
0.965439
0.965439
0.965439
0.965439
0.965439
0.965439
0.965439
0.965439
0.965439
0.965439
0.965439
0.965439
0.965439
0.965439
0.965439
0.965439
0.965439
0.965439
0.965439
0.965439
0.965439
0.965439
0.965439
0.965439
0.965439
0.965439
0.965439
0.965439
0.965439
0.965439
0.965439
0.965439
0.965439
0.965439
0.965439
0.965439
0.965439
0.965439
0.965439
0.965439
0.965439
0.965439
0.965439
0.965439
0.965439
0.965439
0.965439
0.965439
0.965439
0.965439
0.965439
0.965439
0.965439
0.965439
0.965439
0.965439
0.965439
0.965439
0.965439
0.965439
0.965439
0.965439
0.965439
0.965439
0.965439
0.965439
0.965439
0.965439
0.965439
0.965439
0.965439
0.965439
0.965439
0.965439
0.965439
0.965439
0.965439
0.965439
0.965439
0.965439
0.965439
0.965439
0.965439
0.965439
0.965439
0.965439
0.965439
0.965439
0.965439
0.965439
0.965439
0.965439
0.965439
0.965439
0.965439
0.965439
0.965439
0.965439
0.965439
0.965439
0.965439
0.965439
0.965439
0.965439
0.965439
0.965439
0.965439
0.965439
0.965439
0.965439
0.965439
0.965439
0.965439
0.965439
0.965439
0.965439
0.965439
0.965439
0.965439
0.965439
0.965439
0.965439
0.965439
0.965439
0.965439
0.965439
0.965439
0.965439
0.965439
0.965439
0.965439
0.965439
0.965439
0.965439
0.965439
0.965439
0.965439
0.965439
0.965439
0.965439
0.965439
0.965439
0.965439
0.965439
0.965439
0.965439
0.965439
0.965439
0.965439
0.965439
0.965439
0.965439
0.965439
0.965439
0.965439
0.965439
0.965439
0.965439
0.965439
0.965439
0.965439
0.965439
0.965439
0.965439
0.965439
0.965439
0.965439
0.965439
0.965439
0.965439
0.965439
0.965439
0.965439
0.965439
0.965439
0.965439
0.965439
0.965439
0.965439
0.965439
0.965439
0.965439
0.965439
0.965439
0.965439
0.965439
0.965439
0.965439
0.965439
0.965439
0.965439
0.965439
0.965439
0.965439
0.965439
0.965439
0.965439
0.965439
0.965439
0.965439
0.965439
0.965439
0.965439
0.965439
0.965439
0.965439
0.965439
0.965439
0.965439
0.965439
0.965439
0.965439
0.965439
0.965439
0.965439
0.965439
0.965439
0.965439
0.965439
0.965439
0.965439
0.965439
0.965439
0.965439
0.965439
0.965439
0.965439
0.965439
0.965439
0.965439
0.965439
0.965439
0.965439
0.965439
0.965439
0.965439
0.965439
0.965439
0.965439
0.965439
0.965439
0.965439
0.965439
0.965439
0.965439
0.965439
0.965439
0.965439
0.965439
0.965439
0.965439
0.965439
0.965439
0.965439
0.965439
0.965439
0.965439
0.965439
0.965439
0.965439
0.965439
0.965439
0.965439
0.965439
0.965439
0.965439
0.965439
0.965439
0.965439
0.965439
0.965439
0.965439
0.965439
0.965439
0.965439
0.965439
0.965439
0.965439
0.965439
0.965439
0.965439
0.965439
0.965439
0.965439
0.965439
0.965439
0.965439
0.965439
0.965439
0.965439
0.965439
0.965439
0.965439
0.965439
0.965439
0.965439
0.965439
0.965439
0.965439
0.965439
0.965439
0.965439
0.965439
0.965439
0.965439
0.965439
0.965439
0.965439
0.965439
0.965439
0.965439
0.965439
0.965439
0.965439
0.965439
0.965439
0.965439
0.965439
0.965439
0.965439
0.965439
0.965439
0.965439
0.965439
0.965439
0.965439
0.965439
0.965439
0.965439
0.965439
0.965439
0.965439
0.965439
0.965439
0.965439
0.965439
