0.010930
0.023245
0.035963
0.049369
0.064144
0.081324
0.091579
0.102909
0.117013
0.136406
0.163194
0.195875
0.228493
0.254227
0.269821
0.276754
0.278982
0.279960
0.281278
0.283072
0.285029
0.286997
0.288959
0.290915
0.292865
0.294810
0.296749
0.298683
0.300611
0.302533
0.304451
0.306362
0.308269
0.310170
0.312065
0.313956
0.315841
0.317721
0.319596
0.321513
0.323229
0.324935
0.326637
0.328334
0.330027
0.331716
0.333401
0.335082
0.336758
0.338430
0.340098
0.341762
0.343422
0.345078
0.346730
0.348377
0.350021
0.351660
0.353296
0.354927
0.356555
0.358178
0.359798
0.361414
0.363025
0.364633
0.366237
0.367837
0.369433
0.371025
0.372614
0.374198
0.375779
0.377356
0.378929
0.380499
0.382064
0.383626
0.385185
0.386739
0.388290
0.389837
0.391380
0.392920
0.394456
0.395989
0.397517
0.399043
0.400564
0.402082
0.403597
0.405108
0.406616
0.408119
0.409620
0.411117
0.412611
0.414101
0.415587
0.417071
0.418550
0.420027
0.421500
0.422970
0.424436
0.425899
0.427359
0.428815
0.430268
0.431718
0.433165
0.434608
0.436048
0.437485
0.438919
0.440349
0.441777
0.443201
0.444622
0.446040
0.447455
0.448866
0.450275
0.451681
0.453083
0.454483
0.455879
0.457273
0.458663
0.460051
0.461435
0.462817
0.464196
0.465572
0.466945
0.468315
0.469682
0.471046
0.472407
0.473766
0.475122
0.476475
0.477825
0.479173
0.480518
0.481860
0.483199
0.484536
0.485869
0.487201
0.488529
0.489855
0.491179
0.492499
0.493817
0.495133
0.496446
0.497756
0.499064
0.500369
0.501672
0.502972
0.504270
0.505565
0.506858
0.508149
0.509437
0.510722
0.512006
0.513287
0.514565
0.515841
0.517115
0.518386
0.519655
0.520922
0.522187
0.523449
0.524709
0.525967
0.527222
0.528476
0.529727
0.530976
0.532223
0.533467
0.534710
0.535950
0.537188
0.538424
0.539658
0.540890
0.542120
0.543348
0.544574
0.545798
0.547019
0.548239
0.549457
0.550673
0.551887
0.553098
0.554308
0.555516
0.556723
0.557927
0.559129
0.560330
0.561528
0.562725
0.563920
0.565113
0.566305
0.567494
0.568682
0.569868
0.571052
0.572234
0.573415
0.574594
0.575771
0.576947
0.578121
0.579293
0.580464
0.581633
0.582800
0.583966
0.585129
0.586292
0.587453
0.588612
0.589769
0.590926
0.592080
0.593233
0.594384
0.595534
0.596683
0.597829
0.598975
0.600119
0.601261
0.602402
0.603542
0.604680
0.605816
0.606951
0.608085
0.609218
0.610348
0.611478
0.612606
0.613733
0.614858
0.615983
0.617105
0.618227
0.619347
0.620466
0.621583
0.622699
0.623814
0.624927
0.626040
0.627151
0.628261
0.629369
0.630476
0.631582
0.632687
0.633790
0.634893
0.635994
0.637094
0.638192
0.639290
0.640386
0.641481
0.642575
0.643668
0.644760
0.645850
0.646939
0.648028
0.649115
0.650200
0.651285
0.652369
0.653451
0.654533
0.655613
0.656692
0.657770
0.658847
0.659923
0.660998
0.662072
0.663144
0.664216
0.665287
0.666356
0.667424
0.668492
0.669558
0.670623
0.671688
0.672751
0.673813
0.674874
0.675934
0.676993
0.678051
0.679108
0.680164
0.681219
0.682272
0.683325
0.684377
0.685428
0.686478
0.687527
0.688574
0.689621
0.690667
0.691712
0.692755
0.693798
0.694840
0.695881
0.696920
0.697959
0.698997
0.700034
0.701069
0.702104
0.703138
0.704171
0.705202
0.706233
0.707263
0.708291
0.709319
0.710346
0.711371
0.712396
0.713420
0.714442
0.715464
0.716485
0.717504
0.718523
0.719540
0.720557
0.721573
0.722587
0.723601
0.724613
0.725624
0.726635
0.727644
0.728652
0.729660
0.730666
0.731671
0.732675
0.733678
0.734680
0.735681
0.736681
0.737679
0.738677
0.739674
0.740669
0.741663
0.742657
0.743649
0.744640
0.745630
0.746619
0.747607
0.748593
0.749579
0.750563
0.751547
0.752529
0.753510
0.754489
0.755468
0.756446
0.757422
0.758397
0.759371
0.760344
0.761315
0.762286
0.763255
0.764223
0.765190
0.766155
0.767119
0.768082
0.769044
0.770005
0.770964
0.771922
0.772879
0.773834
0.774788
0.775741
0.776693
0.777643
0.778592
0.779540
0.780486
0.781431
0.782375
0.783317
0.784258
0.785198
0.786136
0.787073
0.788008
0.788942
0.789875
0.790806
0.791736
0.792664
0.793591
0.794516
0.795440
0.796363
0.797284
0.798204
0.799122
0.800038
0.800953
0.801867
0.802779
0.803690
0.804599
0.805506
0.806412
0.807316
0.808219
0.809120
0.810020
0.810918
0.811814
0.812709
0.813602
0.814493
0.815383
0.816271
0.817158
0.818043
0.818926
0.819807
0.820687
0.821565
0.822441
0.823316
0.824189
0.825060
0.825929
0.826797
0.827663
0.828527
0.829389
0.830249
0.831108
0.831965
0.832820
0.833673
0.834524
0.835374
0.836221
0.837067
0.837911
0.838753
0.839593
0.840431
0.841267
0.842101
0.842933
0.843764
0.844592
0.845419
0.846243
0.847066
0.847886
0.848705
0.849521
0.850335
0.851148
0.851958
0.852767
0.853573
0.854377
0.855179
0.855979
0.856777
0.857573
0.858367
0.859159
0.859948
0.860736
0.861521
0.862304
0.863085
0.863864
0.864641
0.865415
0.866187
0.866958
0.867725
0.868491
0.869255
0.870016
0.870775
0.871532
0.872286
0.873038
0.873788
0.874536
0.875281
0.876025
0.876765
0.877504
0.878240
0.878974
0.879706
0.880435
0.881162
0.881887
0.882609
0.883329
0.884046
0.884761
0.885474
0.886184
0.886892
0.887598
0.888301
0.889002
0.889700
0.890396
0.891090
0.891781
0.892470
0.893156
0.893840
0.894521
0.895200
0.895876
0.896550
0.897222
0.897891
0.898557
0.899221
0.899883
0.900542
0.901198
0.901852
0.902504
0.903153
0.903799
0.904443
0.905084
0.905723
0.906360
0.906993
0.907625
0.908253
0.908879
0.909503
0.910124
0.910743
0.911358
0.911972
0.912583
0.913191
0.913796
0.914399
0.915000
0.915598
0.916193
0.916786
0.917376
0.917963
0.918548
0.919131
0.919710
0.920287
0.920862
0.921434
0.922003
0.922570
0.923134
0.923696
