0.009926
0.021259
0.033423
0.048485
0.055851
0.062838
0.070497
0.078964
0.088402
0.098997
0.110995
0.124727
0.140640
0.159329
0.181614
0.208809
0.243064
0.287368
0.341817
0.384263
0.365132
0.314336
0.299690
0.301068
0.303487
0.305940
0.308413
0.310907
0.313419
0.315949
0.318497
0.321063
0.323646
0.326247
0.328865
0.331501
0.334154
0.336825
0.339513
0.342262
0.344782
0.347344
0.349928
0.352532
0.355157
0.357803
0.360469
0.363157
0.365865
0.368595
0.371345
0.374117
0.376909
0.379723
0.382558
0.385415
0.388292
0.391191
0.394111
0.397053
0.400015
0.402999
0.406003
0.409028
0.412074
0.415141
0.418229
0.421336
0.424464
0.427612
0.430780
0.433967
0.437174
0.440400
0.443645
0.446909
0.450191
0.453491
0.456809
0.460144
0.463497
0.466866
0.470252
0.473654
0.477071
0.480504
0.483952
0.487415
0.490891
0.494381
0.497885
0.501401
0.504929
0.508470
0.512022
0.515584
0.519157
0.522740
0.526333
0.529934
0.533543
0.537161
0.540786
0.544417
0.548055
0.551698
0.555347
0.559000
0.562657
0.566318
0.569982
0.573648
0.577316
0.580985
0.584654
0.588324
0.591994
0.595662
0.599329
0.602994
0.606656
0.610315
0.613970
0.617620
0.621266
0.624907
0.628541
0.632169
0.635790
0.639403
0.643008
0.646605
0.650193
0.653771
0.657339
0.660896
0.664442
0.667977
0.671499
0.675009
0.678506
0.681990
0.685460
0.688916
0.692356
0.695782
0.699192
0.702587
0.705965
0.709326
0.712670
0.715997
0.719306
0.722597
0.725869
0.729122
0.732357
0.735572
0.738767
0.741942
0.745097
0.748231
0.751344
0.754437
0.757508
0.760557
0.763585
0.766590
0.769573
0.772534
0.775472
0.778388
0.781280
0.784150
0.786996
0.789818
0.792618
0.795393
0.798145
0.800872
0.803576
0.806256
0.808911
0.811543
0.814150
0.816732
0.819290
0.821824
0.824333
0.826818
0.829278
0.831713
0.834124
0.836511
0.838873
0.841210
0.843523
0.845811
0.848075
0.850314
0.852530
0.854720
0.856887
0.859029
0.861147
0.863241
0.865311
0.867358
0.869380
0.871379
0.873354
0.875305
0.877233
0.879138
0.881020
0.882879
0.884714
0.886527
0.888317
0.890085
0.891830
0.893553
0.895254
0.896933
0.898590
0.900225
0.901839
0.903431
0.905002
0.906552
0.908082
0.909590
0.911078
0.912546
0.913993
0.915420
0.916827
0.918215
0.919583
0.920932
0.922261
0.923572
0.924864
0.926137
0.927391
0.928628
0.929846
0.931046
0.932229
0.933394
0.934541
0.935672
0.936785
0.937882
0.938962
0.940025
0.941072
0.942103
0.943119
0.944118
0.945102
0.946071
0.947024
0.947962
0.948886
0.949795
0.950689
0.951569
0.952435
0.953288
0.954126
0.954951
0.955762
0.956560
0.957345
0.958117
0.958877
0.959623
0.960358
0.961080
0.961790
0.962488
0.963175
0.963850
0.964513
0.965165
0.965806
0.966437
0.967056
0.967665
0.968263
0.968851
0.969428
0.969996
0.970554
0.971102
0.971640
0.972169
0.972689
0.973199
0.973701
0.974193
0.974677
0.975152
0.975618
0.976077
0.976527
0.976968
0.977402
0.977828
0.978246
0.978657
0.979060
0.979456
0.979844
0.980226
0.980600
0.980967
0.981328
0.981681
0.982029
0.982370
0.982704
0.983032
0.983354
0.983670
0.983980
0.984284
0.984582
0.984875
0.985162
0.985444
0.985720
0.985991
0.986257
0.986517
0.986773
0.987024
0.987269
0.987510
0.987747
0.987979
0.988206
0.988429
0.988647
0.988861
0.989071
0.989277
0.989479
0.989677
0.989871
0.990061
0.990247
0.990430
0.990609
0.990784
0.990956
0.991124
0.991289
0.991451
0.991609
0.991765
0.991917
0.992066
0.992212
0.992355
0.992495
0.992632
0.992767
0.992899
0.993028
0.993154
0.993278
0.993399
0.993518
0.993634
0.993748
0.993859
0.993969
0.994075
0.994180
0.994283
0.994383
0.994481
0.994578
0.994672
0.994764
0.994854
0.994943
0.995029
0.995114
0.995197
0.995278
0.995357
0.995435
0.995511
0.995586
0.995659
0.995730
0.995800
0.995868
0.995935
0.996000
0.996064
0.996127
0.996188
0.996248
0.996307
0.996364
0.996420
0.996475
0.996529
0.996581
0.996632
0.996683
0.996732
0.996780
0.996827
0.996873
0.996918
0.996962
0.997005
0.997047
0.997088
0.997128
0.997168
0.997206
0.997244
0.997281
0.997317
0.997352
0.997386
0.997420
0.997452
0.997485
0.997516
0.997547
0.997577
0.997606
0.997635
0.997663
0.997690
0.997717
0.997743
0.997768
0.997793
0.997818
0.997842
0.997865
0.997888
0.997910
0.997932
0.997953
0.997974
0.997994
0.998014
0.998033
0.998052
0.998071
0.998089
0.998106
0.998124
0.998140
0.998157
0.998173
0.998189
0.998204
0.998219
0.998233
0.998248
0.998262
0.998275
0.998288
0.998301
0.998314
0.998327
0.998339
0.998350
0.998362
0.998373
0.998384
0.998395
0.998405
0.998416
0.998426
0.998435
0.998445
0.998454
0.998463
0.998472
0.998481
0.998489
0.998497
0.998505
0.998513
0.998521
0.998528
0.998535
0.998543
0.998549
0.998556
0.998563
0.998569
0.998576
0.998582
0.998588
0.998594
0.998599
0.998605
0.998610
0.998616
0.998621
0.998626
0.998631
0.998635
0.998640
0.998645
0.998649
0.998653
0.998658
0.998662
0.998666
0.998670
0.998674
0.998677
0.998681
0.998684
0.998688
0.998691
0.998695
0.998698
0.998701
0.998704
0.998707
0.998710
0.998713
0.998715
0.998718
0.998721
0.998723
0.998726
0.998728
0.998731
0.998733
0.998735
0.998737
0.998739
0.998742
0.998744
0.998746
0.998747
0.998749
0.998751
0.998753
0.998755
0.998756
0.998758
0.998760
0.998761
0.998763
0.998764
0.998766
0.998767
0.998768
0.998770
0.998771
0.998772
0.998774
0.998775
0.998776
0.998777
0.998778
0.998779
0.998780
0.998781
0.998782
0.998783
0.998784
0.998785
0.998786
0.998787
0.998788
0.998789
0.998790
0.998790
0.998791
0.998792
0.998793
0.998793
0.998794
0.998795
0.998795
0.998796
0.998797
0.998797
0.998798
0.998798
0.998799
0.998799
0.998800
