0.019995
0.055732
0.117982
0.173583
0.207011
0.225196
0.236539
0.245437
0.253621
0.261747
0.270392
0.280553
0.284539
0.286530
0.288506
0.290477
0.292441
0.294399
0.296351
0.298297
0.300237
0.302170
0.304097
0.306019
0.307934
0.309843
0.311746
0.313644
0.315536
0.317422
0.319302
0.321177
0.323046
0.324910
0.326768
0.328621
0.330469
0.332311
0.334148
0.336033
0.337723
0.339398
0.341066
0.342730
0.344390
0.346045
0.347696
0.349343
0.350986
0.352624
0.354258
0.355888
0.357514
0.359136
0.360753
0.362367
0.363976
0.365581
0.367182
0.368779
0.370372
0.371961
0.373546
0.375127
0.376703
0.378276
0.379845
0.381410
0.382970
0.384527
0.386080
0.387629
0.389174
0.390715
0.392252
0.393785
0.395314
0.396839
0.398361
0.399878
0.401392
0.402902
0.404408
0.405910
0.407408
0.408903
0.410394
0.411881
0.413364
0.414843
0.416319
0.417791
0.419259
0.420723
0.422184
0.423641
0.425094
0.426543
0.427989
0.429431
0.430870
0.432305
0.433736
0.435163
0.436587
0.438007
0.439424
0.440837
0.442246
0.443652
0.445054
0.446453
0.447848
0.449240
0.450628
0.452012
0.453393
0.454771
0.456145
0.457515
0.458882
0.460246
0.461606
0.462962
0.464316
0.465665
0.467012
0.468354
0.469694
0.471030
0.472362
0.473692
0.475017
0.476340
0.477659
0.478975
0.480287
0.481596
0.482902
0.484205
0.485504
0.486799
0.488092
0.489381
0.490667
0.491950
0.493229
0.494506
0.495779
0.497048
0.498315
0.499578
0.500838
0.502095
0.503349
0.504599
0.505846
0.507091
0.508332
0.509569
0.510804
0.512036
0.513264
0.514490
0.515712
0.516931
0.518147
0.519360
0.520570
0.521777
0.522980
0.524181
0.525379
0.526573
0.527765
0.528954
0.530139
0.531322
0.532501
0.533678
0.534851
0.536022
0.537190
0.538355
0.539516
0.540675
0.541831
0.542984
0.544134
0.545281
0.546426
0.547567
0.548705
0.549841
0.550974
0.552104
0.553231
0.554355
0.555476
0.556595
0.557711
0.558823
0.559934
0.561041
0.562145
0.563247
0.564346
0.565442
0.566536
0.567626
0.568714
0.569799
0.570882
0.571962
0.573039
0.574113
0.575185
0.576254
0.577320
0.578383
0.579444
0.580502
0.581558
0.582611
0.583661
0.584709
0.585754
0.586796
0.587836
0.588873
0.589908
0.590940
0.591970
0.592996
0.594021
0.595043
0.596062
0.597078
0.598093
0.599104
0.600113
0.601120
0.602124
0.603126
0.604125
0.605121
0.606115
0.607107
0.608096
0.609083
0.610067
0.611049
0.612028
0.613005
0.613980
0.614952
0.615922
0.616889
0.617854
0.618817
0.619777
0.620735
0.621690
0.622644
0.623594
0.624543
0.625489
0.626433
0.627374
0.628313
0.629250
0.630185
0.631117
0.632047
0.632975
0.633900
0.634823
0.635744
0.636663
0.637580
0.638494
0.639406
0.640316
0.641223
0.642129
0.643032
0.643933
0.644832
0.645728
0.646623
0.647515
0.648405
0.649293
0.650179
0.651063
0.651944
0.652824
0.653701
0.654577
0.655450
0.656321
0.657190
0.658057
0.658922
0.659785
0.660645
0.661504
0.662361
0.663215
0.664068
0.664919
0.665767
0.666614
0.667458
0.668301
0.669142
0.669980
0.670817
0.671652
0.672485
0.673315
0.674144
0.674971
0.675796
0.676619
0.677441
0.678260
0.679077
0.679893
0.680707
0.681518
0.682328
0.683136
0.683942
0.684747
0.685549
0.686350
0.687149
0.687946
0.688741
0.689534
0.690326
0.691116
0.691904
0.692690
0.693475
0.694258
0.695039
0.695818
0.696595
0.697371
0.698145
0.698917
0.699688
0.700457
0.701224
0.701990
0.702754
0.703516
0.704276
0.705035
0.705793
0.706548
0.707302
0.708054
0.708805
0.709554
0.710302
0.711048
0.711792
0.712535
0.713276
0.714015
0.714753
0.715490
0.716224
0.716958
0.717690
0.718420
0.719149
0.719876
0.720602
0.721326
0.722049
0.722770
0.723490
0.724208
0.724925
0.725640
0.726354
0.727067
0.727778
0.728488
0.729196
0.729903
0.730608
0.731312
0.732015
0.732716
0.733416
0.734115
0.734812
0.735508
0.736202
0.736895
0.737587
0.738278
0.738967
0.739655
0.740342
0.741027
0.741711
0.742394
0.743075
0.743755
0.744434
0.745112
0.745789
0.746464
0.747138
0.747811
0.748482
0.749153
0.749822
0.750490
0.751157
0.751823
0.752487
0.753151
0.753813
0.754474
0.755134
0.755793
0.756450
0.757107
0.757762
0.758417
0.759070
0.759722
0.760373
0.761024
0.761673
0.762320
0.762967
0.763613
0.764258
0.764902
0.765545
0.766187
0.766827
0.767467
0.768106
0.768744
0.769381
0.770017
0.770652
0.771286
0.771919
0.772551
0.773182
0.773812
0.774442
0.775070
0.775698
0.776324
0.776950
0.777575
0.778199
0.778822
0.779445
0.780066
0.780687
0.781306
0.781925
0.782544
0.783161
0.783777
0.784393
0.785008
0.785622
0.786236
0.786848
0.787460
0.788071
0.788681
0.789291
0.789900
0.790508
0.791115
0.791722
0.792328
0.792933
0.793538
0.794142
0.794745
0.795347
0.795949
0.796550
0.797151
0.797751
0.798350
0.798948
0.799546
0.800144
0.800740
0.801336
0.801932
0.802527
0.803121
0.803715
0.804308
0.804900
0.805492
0.806084
0.806675
0.807265
0.807855
0.808444
0.809032
0.809621
0.810208
0.810795
0.811382
0.811968
0.812553
0.813138
0.813723
0.814307
0.814891
0.815474
0.816057
0.816639
0.817221
0.817802
0.818383
0.818963
0.819543
0.820123
0.820702
0.821280
0.821859
0.822436
0.823014
0.823591
0.824168
0.824744
0.825320
0.825895
0.826470
0.827045
0.827619
0.828193
0.828767
0.829340
0.829913
0.830485
0.831057
0.831629
0.832201
0.832772
0.833342
0.833913
0.834483
0.835053
0.835622
0.836191
0.836760
0.837329
0.837897
0.838465
0.839032
0.839600
0.840166
0.840733
0.841299
0.841866
0.842431
0.842997
0.843562
0.844127
0.844692
0.845256
0.845820
0.846384
0.846947
0.847510
0.848073
0.848636
0.849198
0.849761
0.850322
0.850884
0.851445
0.852006
0.852567
0.853128
0.853688
0.854248
0.854808
0.855367
