0.009932
0.022229
0.045073
0.076954
0.120169
0.164833
0.202405
0.230026
0.248613
0.260492
0.267983
0.272857
0.276279
0.278945
0.281237
0.283354
0.285392
0.287395
0.289381
0.291358
0.293328
0.295292
0.297251
0.299204
0.301150
0.303092
0.305027
0.306957
0.308881
0.310800
0.312713
0.314620
0.316522
0.318419
0.320310
0.322196
0.324077
0.325952
0.327822
0.329748
0.331481
0.333190
0.334892
0.336588
0.338280
0.339968
0.341651
0.343330
0.345004
0.346674
0.348340
0.350002
0.351659
0.353312
0.354960
0.356605
0.358245
0.359881
0.361512
0.363140
0.364763
0.366382
0.367997
0.369608
0.371215
0.372817
0.374415
0.376010
0.377600
0.379186
0.380768
0.382346
0.383919
0.385489
0.387055
0.388616
0.390174
0.391728
0.393277
0.394823
0.396364
0.397902
0.399436
0.400966
0.402491
0.404013
0.405531
0.407045
0.408555
0.410062
0.411564
0.413063
0.414557
0.416048
0.417535
0.419018
0.420498
0.421973
0.423445
0.424913
0.426377
0.427837
0.429294
0.430747
0.432196
0.433642
0.435083
0.436521
0.437956
0.439386
0.440813
0.442237
0.443656
0.445072
0.446484
0.447893
0.449298
0.450700
0.452098
0.453492
0.454882
0.456270
0.457653
0.459033
0.460410
0.461782
0.463152
0.464518
0.465880
0.467239
0.468594
0.469946
0.471295
0.472639
0.473981
0.475319
0.476654
0.477985
0.479313
0.480637
0.481958
0.483275
0.484590
0.485900
0.487208
0.488512
0.489813
0.491110
0.492404
0.493695
0.494982
0.496266
0.497547
0.498825
0.500099
0.501370
0.502638
0.503902
0.505163
0.506421
0.507676
0.508928
0.510176
0.511421
0.512663
0.513902
0.515137
0.516370
0.517599
0.518825
0.520048
0.521268
0.522484
0.523698
0.524908
0.526116
0.527320
0.528521
0.529719
0.530914
0.532106
0.533295
0.534481
0.535664
0.536843
0.538020
0.539194
0.540365
0.541532
0.542697
0.543859
0.545018
0.546173
0.547326
0.548476
0.549623
0.550767
0.551908
0.553046
0.554181
0.555314
0.556443
0.557570
0.558693
0.559814
0.560932
0.562047
0.563159
0.564268
0.565375
0.566478
0.567579
0.568677
0.569772
0.570865
0.571954
0.573041
0.574125
0.575206
0.576285
0.577361
0.578434
0.579504
0.580571
0.581636
0.582698
0.583757
0.584814
0.585868
0.586919
0.587967
0.589013
0.590056
0.591097
0.592135
0.593170
0.594202
0.595232
0.596259
0.597284
0.598306
0.599325
0.600342
0.601356
0.602367
0.603376
0.604383
0.605387
0.606388
0.607387
0.608383
0.609376
0.610367
0.611356
0.612342
0.613325
0.614306
0.615284
0.616260
0.617234
0.618205
0.619173
0.620139
0.621103
0.622064
0.623022
0.623978
0.624932
0.625883
0.626832
0.627779
0.628723
0.629664
0.630603
0.631540
0.632474
0.633406
0.634336
0.635263
0.636188
0.637111
0.638031
0.638948
0.639864
0.640777
0.641688
0.642596
0.643502
0.644406
0.645308
0.646207
0.647104
0.647998
0.648891
0.649781
0.650668
0.651554
0.652437
0.653318
0.654197
0.655073
0.655947
0.656819
0.657689
0.658557
0.659422
0.660285
0.661146
0.662005
0.662861
0.663716
0.664568
0.665418
0.666266
0.667111
0.667955
0.668796
0.669635
0.670473
0.671307
0.672140
0.672971
0.673799
0.674626
0.675450
0.676272
0.677093
0.677911
0.678727
0.679540
0.680352
0.681162
0.681969
0.682775
0.683579
0.684380
0.685180
0.685977
0.686772
0.687566
0.688357
0.689146
0.689933
0.690719
0.691502
0.692283
0.693062
0.693840
0.694615
0.695388
0.696160
0.696929
0.697697
0.698462
0.699226
0.699987
0.700747
0.701504
0.702260
0.703014
0.703766
0.704516
0.705264
0.706010
0.706754
0.707497
0.708237
0.708976
0.709713
0.710447
0.711180
0.711911
0.712641
0.713368
0.714093
0.714817
0.715539
0.716259
0.716977
0.717693
0.718408
0.719121
0.719831
0.720540
0.721248
0.721953
0.722657
0.723359
0.724059
0.724757
0.725453
0.726148
0.726841
0.727532
0.728222
0.728909
0.729595
0.730280
0.730962
0.731643
0.732322
0.732999
0.733674
0.734348
0.735020
0.735691
0.736359
0.737026
0.737691
0.738355
0.739017
0.739677
0.740336
0.740992
0.741648
0.742301
0.742953
0.743603
0.744252
0.744898
0.745544
0.746187
0.746829
0.747469
0.748108
0.748745
0.749381
0.750014
0.750647
0.751277
0.751906
0.752534
0.753159
0.753784
0.754406
0.755027
0.755647
0.756265
0.756881
0.757496
0.758109
0.758720
0.759331
0.759939
0.760546
0.761151
0.761755
0.762358
0.762959
0.763558
0.764156
0.764752
0.765347
0.765940
0.766532
0.767122
0.767710
0.768298
0.768883
0.769468
0.770050
0.770632
0.771212
0.771790
0.772367
0.772942
0.773516
0.774089
0.774660
0.775229
0.775797
0.776364
0.776929
0.777493
0.778055
0.778616
0.779176
0.779734
0.780291
0.780846
0.781400
0.781952
0.782503
0.783053
0.783601
0.784148
0.784694
0.785238
0.785781
0.786322
0.786862
0.787401
0.787938
0.788474
0.789008
0.789541
0.790073
0.790604
0.791133
0.791661
0.792187
0.792712
0.793236
0.793758
0.794280
0.794799
0.795318
0.795835
0.796351
0.796866
0.797379
0.797891
0.798401
0.798911
0.799419
0.799926
0.800431
0.800935
0.801438
0.801940
0.802441
0.802940
0.803438
0.803934
0.804430
0.804924
0.805417
0.805908
0.806399
0.806888
0.807376
0.807862
0.808348
0.808832
0.809315
0.809797
0.810277
0.810757
0.811235
0.811712
0.812187
0.812662
0.813135
0.813607
0.814078
0.814548
0.815017
0.815484
0.815950
0.816415
0.816879
0.817342
0.817803
0.818264
0.818723
0.819181
0.819638
0.820093
0.820548
0.821001
0.821454
0.821905
0.822355
0.822804
0.823251
0.823698
0.824143
0.824588
0.825031
0.825473
0.825914
0.826354
0.826793
0.827230
0.827667
0.828103
0.828537
0.828970
0.829402
0.829834
0.830264
0.830693
0.831120
0.831547
0.831973
0.832398
0.832821
0.833244
0.833665
0.834086
0.834505
0.834923
0.835340
0.835757
0.836172
0.836586
0.836999
0.837411
0.837822
0.838232
