0.022748
0.048640
0.075919
0.105475
0.138513
0.176917
0.223538
0.277521
0.313812
0.299363
0.271758
0.271050
0.280924
0.286318
0.288466
0.290568
0.292672
0.294779
0.296886
0.298996
0.301107
0.303219
0.305334
0.307450
0.309568
0.311689
0.313813
0.315938
0.318067
0.320199
0.322334
0.324473
0.326615
0.328762
0.330912
0.333067
0.335226
0.337389
0.339557
0.341760
0.343747
0.345761
0.347782
0.349810
0.351846
0.353888
0.355937
0.357994
0.360058
0.362129
0.364208
0.366295
0.368390
0.370493
0.372604
0.374723
0.376851
0.378987
0.381132
0.383285
0.385448
0.387619
0.389799
0.391989
0.394187
0.396395
0.398613
0.400839
0.403076
0.405322
0.407577
0.409843
0.412118
0.414403
0.416698
0.419003
0.421318
0.423643
0.425979
0.428324
0.430679
0.433045
0.435421
0.437807
0.440203
0.442609
0.445026
0.447453
0.449890
0.452337
0.454794
0.457261
0.459739
0.462226
0.464723
0.467231
0.469748
0.472275
0.474812
0.477358
0.479914
0.482480
0.485055
0.487640
0.490233
0.492836
0.495448
0.498069
0.500699
0.503338
0.505985
0.508640
0.511305
0.513977
0.516657
0.519346
0.522042
0.524745
0.527457
0.530175
0.532901
0.535634
0.538373
0.541120
0.543872
0.546631
0.549396
0.552167
0.554944
0.557726
0.560513
0.563306
0.566103
0.568905
0.571712
0.574523
0.577337
0.580156
0.582978
0.585804
0.588633
0.591464
0.594298
0.597135
0.599974
0.602815
0.605657
0.608501
0.611346
0.614192
0.617039
0.619886
0.622734
0.625581
0.628428
0.631275
0.634121
0.636965
0.639809
0.642651
0.645491
0.648329
0.651164
0.653998
0.656828
0.659655
0.662479
0.665299
0.668115
0.670928
0.673735
0.676539
0.679337
0.682130
0.684918
0.687701
0.690477
0.693247
0.696011
0.698769
0.701519
0.704263
0.706999
0.709728
0.712449
0.715162
0.717866
0.720563
0.723250
0.725929
0.728598
0.731258
0.733909
0.736550
0.739181
0.741801
0.744412
0.747011
0.749600
0.752178
0.754745
0.757300
0.759844
0.762376
0.764896
0.767405
0.769900
0.772384
0.774855
0.777313
0.779758
0.782190
0.784609
0.787014
0.789406
0.791784
0.794149
0.796499
0.798835
0.801158
0.803465
0.805759
0.808037
0.810302
0.812551
0.814785
0.817005
0.819209
0.821398
0.823572
0.825730
0.827873
0.830000
0.832112
0.834208
0.836288
0.838353
0.840401
0.842434
0.844450
0.846451
0.848435
0.850403
0.852355
0.854291
0.856210
0.858113
0.860000
0.861870
0.863724
0.865561
0.867382
0.869187
0.870975
0.872746
0.874502
0.876240
0.877962
0.879668
0.881357
0.883030
0.884687
0.886327
0.887950
0.889558
0.891149
0.892723
0.894282
0.895824
0.897350
0.898859
0.900353
0.901830
0.903292
0.904737
0.906167
0.907581
0.908978
0.910360
0.911727
0.913078
0.914413
0.915732
0.917037
0.918325
0.919599
0.920857
0.922100
0.923328
0.924541
0.925740
0.926923
0.928092
0.929245
0.930385
0.931510
0.932620
0.933716
0.934798
0.935866
0.936920
0.937960
0.938986
0.939998
0.940997
0.941982
0.942954
0.943912
0.944858
0.945790
0.946709
0.947615
0.948508
0.949389
0.950257
0.951113
0.951956
0.952787
0.953606
0.954413
0.955208
0.955991
0.956762
0.957522
0.958271
0.959007
0.959733
0.960448
0.961151
0.961844
0.962526
0.963197
0.963858
0.964508
0.965147
0.965777
0.966396
0.967006
0.967605
0.968195
0.968775
0.969345
0.969907
0.970458
0.971001
0.971534
0.972058
0.972574
0.973080
0.973578
0.974068
0.974549
0.975021
0.975486
0.975942
0.976390
0.976830
0.977263
0.977687
0.978104
0.978514
0.978916
0.979311
0.979698
0.980079
0.980452
0.980819
0.981179
0.981532
0.981878
0.982218
0.982552
0.982879
0.983200
0.983515
0.983824
0.984126
0.984423
0.984715
0.985000
0.985280
0.985554
0.985823
0.986087
0.986345
0.986598
0.986846
0.987090
0.987328
0.987561
0.987790
0.988013
0.988233
0.988447
0.988658
0.988864
0.989065
0.989263
0.989456
0.989645
0.989830
0.990011
0.990189
0.990362
0.990532
0.990698
0.990861
0.991020
0.991175
0.991327
0.991476
0.991621
0.991764
0.991903
0.992039
0.992172
0.992301
0.992428
0.992553
0.992674
0.992792
0.992908
0.993021
0.993132
0.993240
0.993345
0.993448
0.993549
0.993647
0.993743
0.993837
0.993928
0.994018
0.994105
0.994190
0.994273
0.994354
0.994433
0.994510
0.994586
0.994659
0.994731
0.994801
0.994869
0.994935
0.995000
0.995063
0.995125
0.995185
0.995244
0.995301
0.995356
0.995411
0.995463
0.995515
0.995565
0.995614
0.995662
0.995708
0.995753
0.995797
0.995840
0.995882
0.995923
0.995962
0.996001
0.996038
0.996075
0.996110
0.996145
0.996179
0.996211
0.996243
0.996274
0.996304
0.996334
0.996362
0.996390
0.996417
0.996443
0.996469
0.996494
0.996518
0.996541
0.996564
0.996586
0.996608
0.996629
0.996649
0.996669
0.996688
0.996707
0.996725
0.996742
0.996759
0.996776
0.996792
0.996808
0.996823
0.996838
0.996852
0.996866
0.996879
0.996893
0.996905
0.996918
0.996929
0.996941
0.996952
0.996963
0.996974
0.996984
0.996994
0.997004
0.997013
0.997022
0.997031
0.997039
0.997048
0.997056
0.997063
0.997071
0.997078
0.997085
0.997092
0.997099
0.997105
0.997111
0.997117
0.997123
0.997129
0.997134
0.997139
0.997145
0.997150
0.997154
0.997159
0.997163
0.997168
0.997172
0.997176
0.997180
0.997184
0.997187
0.997191
0.997194
0.997198
0.997201
0.997204
0.997207
0.997210
0.997213
0.997215
0.997218
0.997221
0.997223
0.997225
0.997228
0.997230
0.997232
0.997234
0.997236
0.997238
0.997240
0.997242
0.997243
0.997245
0.997246
0.997248
0.997250
0.997251
0.997252
0.997254
0.997255
0.997256
0.997257
0.997259
0.997260
0.997261
0.997262
0.997263
0.997264
0.997265
0.997266
0.997266
0.997267
0.997268
0.997269
0.997270
0.997270
0.997271
0.997272
0.997272
0.997273
0.997273
0.997274
0.997275
0.997275
0.997276
0.997276
