0.021558
0.075486
0.144805
0.190277
0.214197
0.227841
0.237640
0.246149
0.254276
0.262408
0.271063
0.281227
0.285206
0.287196
0.289172
0.291141
0.293105
0.295062
0.297013
0.298958
0.300896
0.302829
0.304755
0.306675
0.308590
0.310498
0.312400
0.314297
0.316188
0.318073
0.319953
0.321826
0.323695
0.325558
0.327415
0.329267
0.331114
0.332955
0.334791
0.336676
0.338367
0.340041
0.341709
0.343373
0.345032
0.346686
0.348337
0.349983
0.351625
0.353263
0.354896
0.356526
0.358151
0.359772
0.361389
0.363002
0.364611
0.366215
0.367816
0.369412
0.371004
0.372593
0.374177
0.375757
0.377333
0.378905
0.380473
0.382038
0.383598
0.385154
0.386706
0.388254
0.389799
0.391339
0.392876
0.394408
0.395937
0.397462
0.398983
0.400500
0.402013
0.403522
0.405027
0.406529
0.408027
0.409521
0.411011
0.412497
0.413980
0.415459
0.416934
0.418405
0.419873
0.421336
0.422796
0.424253
0.425705
0.427154
0.428600
0.430041
0.431479
0.432913
0.434344
0.435771
0.437194
0.438614
0.440030
0.441443
0.442851
0.444257
0.445658
0.447057
0.448451
0.449842
0.451230
0.452614
0.453994
0.455371
0.456744
0.458114
0.459481
0.460844
0.462203
0.463559
0.464912
0.466261
0.467606
0.468949
0.470287
0.471623
0.472955
0.474284
0.475609
0.476931
0.478249
0.479564
0.480876
0.482185
0.483490
0.484792
0.486090
0.487385
0.488677
0.489966
0.491251
0.492533
0.493812
0.495088
0.496360
0.497629
0.498895
0.500157
0.501417
0.502673
0.503926
0.505176
0.506422
0.507666
0.508906
0.510143
0.511377
0.512608
0.513836
0.515060
0.516282
0.517500
0.518716
0.519928
0.521137
0.522343
0.523546
0.524746
0.525943
0.527136
0.528327
0.529515
0.530700
0.531881
0.533060
0.534236
0.535408
0.536578
0.537745
0.538909
0.540070
0.541227
0.542382
0.543534
0.544683
0.545830
0.546973
0.548113
0.549251
0.550385
0.551517
0.552646
0.553772
0.554895
0.556015
0.557132
0.558247
0.559359
0.560468
0.561574
0.562677
0.563778
0.564875
0.565970
0.567062
0.568152
0.569238
0.570322
0.571403
0.572482
0.573557
0.574630
0.575700
0.576768
0.577832
0.578895
0.579954
0.581011
0.582065
0.583116
0.584165
0.585211
0.586254
0.587295
0.588333
0.589368
0.590401
0.591431
0.592459
0.593484
0.594507
0.595526
0.596544
0.597558
0.598571
0.599580
0.600587
0.601592
0.602594
0.603593
0.604590
0.605584
0.606576
0.607566
0.608553
0.609537
0.610519
0.611498
0.612475
0.613450
0.614422
0.615392
0.616359
0.617324
0.618286
0.619246
0.620203
0.621158
0.622111
0.623061
0.624009
0.624955
0.625898
0.626839
0.627777
0.628713
0.629647
0.630578
0.631507
0.632434
0.633358
0.634280
0.635200
0.636118
0.637033
0.637946
0.638856
0.639764
0.640670
0.641574
0.642476
0.643375
0.644272
0.645167
0.646059
0.646950
0.647838
0.648724
0.649608
0.650489
0.651368
0.652246
0.653121
0.653993
0.654864
0.655732
0.656599
0.657463
0.658325
0.659185
0.660043
0.660898
0.661752
0.662603
0.663452
0.664300
0.665145
0.665988
0.666829
0.667668
0.668505
0.669339
0.670172
0.671003
0.671831
0.672658
0.673483
0.674305
0.675126
0.675944
0.676761
0.677575
0.678388
0.679198
0.680007
0.680814
0.681618
0.682421
0.683222
0.684021
0.684817
0.685612
0.686405
0.687196
0.687986
0.688773
0.689558
0.690342
0.691123
0.691903
0.692681
0.693457
0.694231
0.695003
0.695774
0.696542
0.697309
0.698074
0.698837
0.699598
0.700357
0.701115
0.701871
0.702625
0.703377
0.704128
0.704876
0.705623
0.706368
0.707112
0.707853
0.708593
0.709331
0.710068
0.710802
0.711535
0.712267
0.712996
0.713724
0.714450
0.715175
0.715897
0.716618
0.717338
0.718056
0.718772
0.719486
0.720199
0.720910
0.721620
0.722328
0.723034
0.723739
0.724442
0.725143
0.725843
0.726542
0.727238
0.727933
0.728627
0.729319
0.730009
0.730698
0.731386
0.732072
0.732756
0.733439
0.734120
0.734800
0.735478
0.736155
0.736830
0.737504
0.738176
0.738847
0.739516
0.740184
0.740851
0.741516
0.742179
0.742841
0.743502
0.744161
0.744819
0.745475
0.746131
0.746784
0.747436
0.748087
0.748737
0.749385
0.750032
0.750677
0.751321
0.751964
0.752605
0.753245
0.753884
0.754521
0.755157
0.755792
0.756426
0.757058
0.757689
0.758318
0.758947
0.759574
0.760200
0.760824
0.761448
0.762070
0.762690
0.763310
0.763929
0.764546
0.765162
0.765776
0.766390
0.767002
0.767614
0.768224
0.768833
0.769440
0.770047
0.770652
0.771257
0.771860
0.772462
0.773063
0.773662
0.774261
0.774859
0.775455
0.776050
0.776645
0.777238
0.777830
0.778421
0.779011
0.779600
0.780188
0.780775
0.781361
0.781946
0.782530
0.783112
0.783694
0.784275
0.784855
0.785434
0.786012
0.786589
0.787165
0.787740
0.788314
0.788887
0.789459
0.790030
0.790600
0.791170
0.791738
0.792306
0.792873
0.793438
0.794003
0.794567
0.795131
0.795693
0.796254
0.796815
0.797375
0.797934
0.798492
0.799049
0.799605
0.800161
0.800716
0.801270
0.801823
0.802376
0.802927
0.803478
0.804028
0.804578
0.805126
0.805674
0.806222
0.806768
0.807314
0.807859
0.808403
0.808946
0.809489
0.810031
0.810573
0.811114
0.811654
0.812193
0.812732
0.813270
0.813807
0.814344
0.814880
0.815416
0.815951
0.816485
0.817019
0.817552
0.818084
0.818616
0.819148
0.819678
0.820208
0.820738
0.821267
0.821795
0.822323
0.822851
0.823377
0.823904
0.824429
0.824955
0.825479
0.826003
0.826527
0.827050
0.827573
0.828095
0.828617
0.829138
0.829658
0.830179
0.830698
0.831218
0.831737
0.832255
0.832773
0.833291
0.833808
0.834324
0.834841
0.835356
0.835872
0.836387
0.836902
0.837416
0.837930
0.838443
0.838956
0.839469
0.839981
0.840493
0.841005
0.841516
0.842027
0.842537
0.843047
0.843557
0.844067
0.844576
0.845085
0.845593
0.846101
0.846609
0.847117
0.847624
