0.011715
0.016767
0.021508
0.026129
0.030757
0.035489
0.040417
0.045631
0.051205
0.057231
0.063815
0.071078
0.079161
0.088226
0.098492
0.110251
0.123886
0.139880
0.158961
0.182269
0.211582
0.249852
0.302406
0.379527
0.500345
0.663323
0.777659
0.807732
0.812936
0.816466
0.820048
0.823688
0.827368
0.831077
0.834802
0.838535
0.842269
0.845996
0.849713
0.853551
0.857189
0.860807
0.864400
0.867965
0.871497
0.874994
0.878453
0.881871
0.885245
0.888573
0.891854
0.895084
0.898264
0.901390
0.904461
0.907477
0.910436
0.913336
0.916178
0.918960
0.921682
0.924343
0.926944
0.929482
0.931960
0.934375
0.936730
0.939022
0.941254
0.943425
0.945535
0.947585
0.949576
0.951508
0.953382
0.955199
0.956958
0.958662
0.960311
0.961906
0.963448
0.964937
0.966376
0.967764
0.969103
0.970394
0.971639
0.972838
0.973992
0.975102
0.976170
0.977197
0.978184
0.979131
0.980041
0.980914
0.981751
0.982554
0.983323
0.984060
0.984766
0.985441
0.986087
0.986704
0.987294
0.987858
0.988397
0.988911
0.989401
0.989869
0.990315
0.990741
0.991146
0.991531
0.991899
0.992248
0.992580
0.992896
0.993197
0.993482
0.993753
0.994010
0.994255
0.994486
0.994706
0.994915
0.995112
0.995299
0.995476
0.995644
0.995803
0.995953
0.996095
0.996230
0.996356
0.996476
0.996590
0.996697
0.996798
0.996893
0.996983
0.997068
0.997148
0.997223
0.997294
0.997361
0.997424
0.997483
0.997539
0.997592
0.997641
0.997687
0.997731
0.997772
0.997811
0.997847
0.997881
0.997913
0.997943
0.997971
0.997997
0.998022
0.998045
0.998067
0.998087
0.998107
0.998124
0.998141
0.998157
0.998172
0.998185
0.998198
0.998210
0.998222
0.998232
0.998242
0.998251
0.998260
0.998268
0.998275
0.998282
0.998289
0.998295
0.998301
0.998306
0.998311
0.998316
0.998320
0.998324
0.998328
0.998331
0.998335
0.998338
0.998341
0.998343
0.998346
0.998348
0.998350
0.998352
0.998354
0.998356
0.998358
0.998359
0.998361
0.998362
0.998363
0.998364
0.998365
0.998366
0.998367
0.998368
0.998369
0.998370
0.998370
0.998371
0.998372
0.998372
0.998373
0.998373
0.998374
0.998374
0.998374
0.998375
0.998375
0.998375
0.998376
0.998376
0.998376
0.998376
0.998377
0.998377
0.998377
0.998377
0.998377
0.998378
0.998378
0.998378
0.998378
0.998378
0.998378
0.998378
0.998378
0.998379
0.998379
0.998379
0.998379
0.998379
0.998379
0.998379
0.998379
0.998379
0.998379
0.998379
0.998379
0.998379
0.998379
0.998379
0.998379
0.998379
0.998379
0.998379
0.998379
0.998379
0.998380
0.998380
0.998380
0.998380
0.998380
0.998380
0.998380
0.998380
0.998380
0.998380
0.998380
0.998380
0.998380
0.998380
0.998380
0.998380
0.998380
0.998380
0.998380
0.998380
0.998380
0.998380
0.998380
0.998380
0.998380
0.998380
0.998380
0.998380
0.998380
0.998380
0.998380
0.998380
0.998380
0.998380
0.998380
0.998380
0.998380
0.998380
0.998380
0.998380
0.998380
0.998380
0.998380
0.998380
0.998380
0.998380
0.998380
0.998380
0.998380
0.998380
0.998380
0.998380
0.998380
0.998380
0.998380
0.998380
0.998380
0.998380
0.998380
0.998380
0.998380
0.998380
0.998380
0.998380
0.998380
0.998380
0.998380
0.998380
0.998380
0.998380
0.998380
0.998380
0.998380
0.998380
0.998380
0.998380
0.998380
0.998380
0.998380
0.998380
0.998380
0.998380
0.998380
0.998380
0.998380
0.998380
0.998380
0.998380
0.998380
0.998380
0.998380
0.998380
0.998380
0.998380
0.998380
0.998380
0.998380
0.998380
0.998380
0.998380
0.998380
0.998380
0.998380
0.998380
0.998380
0.998380
0.998380
0.998380
0.998380
0.998380
0.998380
0.998380
0.998380
0.998380
0.998380
0.998380
0.998380
0.998380
0.998380
0.998380
0.998380
0.998380
0.998380
0.998380
0.998380
0.998380
0.998380
0.998380
0.998380
0.998380
0.998380
0.998380
0.998380
0.998380
0.998380
0.998380
0.998380
0.998380
0.998380
0.998380
0.998380
0.998380
0.998380
0.998380
0.998380
0.998380
0.998380
0.998380
0.998380
0.998380
0.998380
0.998380
0.998380
0.998380
0.998380
0.998380
0.998380
0.998380
0.998380
0.998380
0.998380
0.998380
0.998380
0.998380
0.998380
0.998380
0.998380
0.998380
0.998380
0.998380
0.998380
0.998380
0.998380
0.998380
0.998380
0.998380
0.998380
0.998380
0.998380
0.998380
0.998380
0.998380
0.998380
0.998380
0.998380
0.998380
0.998380
0.998380
0.998380
0.998380
0.998380
0.998380
0.998380
0.998380
0.998380
0.998380
0.998380
0.998380
0.998380
0.998380
0.998380
0.998380
0.998380
0.998380
0.998380
0.998380
0.998380
0.998380
0.998380
0.998380
0.998380
0.998380
0.998380
0.998380
0.998380
0.998380
0.998380
0.998380
0.998380
0.998380
0.998380
0.998380
0.998380
0.998380
0.998380
0.998380
0.998380
0.998380
0.998380
0.998380
0.998380
0.998380
0.998380
0.998380
0.998380
0.998380
0.998380
0.998380
0.998380
0.998380
0.998380
0.998380
0.998380
0.998380
0.998380
0.998380
0.998380
0.998380
0.998380
0.998380
0.998380
0.998380
0.998380
0.998380
0.998380
0.998380
0.998380
0.998380
0.998380
0.998380
0.998380
0.998380
0.998380
0.998380
0.998380
0.998380
0.998380
0.998380
0.998380
0.998380
0.998380
0.998380
0.998380
0.998380
0.998380
0.998380
0.998380
0.998380
0.998380
0.998380
0.998380
0.998380
0.998380
0.998380
0.998380
0.998380
0.998380
0.998380
0.998380
0.998380
0.998380
0.998380
0.998380
0.998380
0.998380
0.998380
0.998380
0.998380
0.998380
0.998380
0.998380
0.998380
0.998380
0.998380
0.998380
0.998380
0.998380
0.998380
0.998380
0.998380
0.998380
0.998380
0.998380
0.998380
0.998380
0.998380
0.998380
0.998380
0.998380
0.998380
0.998380
0.998380
0.998380
0.998380
0.998380
0.998380
0.998380
0.998380
0.998380
0.998380
0.998380
0.998380
0.998380
0.998380
0.998380
0.998380
0.998380
