0.012685
0.026893
0.041460
0.056672
0.072870
0.090469
0.110401
0.133320
0.151794
0.174817
0.204688
0.238962
0.268622
0.284344
0.285963
0.282149
0.280464
0.281626
0.283559
0.285530
0.287495
0.289456
0.291411
0.293360
0.295305
0.297244
0.299179
0.301108
0.303032
0.304952
0.306866
0.308776
0.310681
0.312582
0.314478
0.316369
0.318256
0.320138
0.322016
0.323928
0.325636
0.327343
0.329048
0.330750
0.332449
0.334144
0.335836
0.337524
0.339209
0.340892
0.342571
0.344246
0.345919
0.347589
0.349255
0.350919
0.352580
0.354237
0.355892
0.357544
0.359193
0.360840
0.362483
0.364124
0.365762
0.367398
0.369030
0.370661
0.372288
0.373913
0.375536
0.377156
0.378774
0.380389
0.382002
0.383613
0.385221
0.386827
0.388431
0.390033
0.391632
0.393230
0.394825
0.396418
0.398010
0.399599
0.401186
0.402772
0.404355
0.405937
0.407517
0.409095
0.410671
0.412246
0.413819
0.415390
0.416960
0.418528
0.420095
0.421660
0.423223
0.424786
0.426346
0.427906
0.429464
0.431020
0.432576
0.434130
0.435683
0.437235
0.438785
0.440335
0.441883
0.443431
0.444977
0.446522
0.448067
0.449610
0.451153
0.452694
0.454235
0.455775
0.457314
0.458853
0.460390
0.461927
0.463463
0.464999
0.466534
0.468068
0.469602
0.471135
0.472668
0.474200
0.475732
0.477263
0.478794
0.480325
0.481855
0.483385
0.484914
0.486443
0.487972
0.489501
0.491029
0.492557
0.494085
0.495613
0.497140
0.498668
0.500195
0.501722
0.503249
0.504776
0.506303
0.507830
0.509357
0.510884
0.512411
0.513938
0.515465
0.516992
0.518519
0.520047
0.521574
0.523101
0.524629
0.526157
0.527685
0.529213
0.530741
0.532269
0.533798
0.535327
0.536855
0.538385
0.539914
0.541444
0.542973
0.544504
0.546034
0.547564
0.549095
0.550626
0.552158
0.553689
0.555221
0.556753
0.558286
0.559818
0.561351
0.562885
0.564418
0.565952
0.567486
0.569020
0.570555
0.572089
0.573625
0.575160
0.576695
0.578231
0.579767
0.581304
0.582840
0.584377
0.585914
0.587451
0.588988
0.590526
0.592064
0.593602
0.595140
0.596678
0.598216
0.599755
0.601293
0.602832
0.604371
0.605910
0.607449
0.608988
0.610527
0.612066
0.613605
0.615144
0.616683
0.618222
0.619761
0.621300
0.622839
0.624378
0.625916
0.627455
0.628993
0.630531
0.632069
0.633606
0.635144
0.636681
0.638218
0.639754
0.641290
0.642826
0.644362
0.645897
0.647431
0.648966
0.650499
0.652032
0.653565
0.655097
0.656629
0.658160
0.659690
0.661220
0.662749
0.664277
0.665804
0.667331
0.668857
0.670382
0.671906
0.673430
0.674952
0.676474
0.677994
0.679514
0.681033
0.682550
0.684067
0.685582
0.687096
0.688609
0.690121
0.691631
0.693140
0.694648
0.696155
0.697660
0.699164
0.700666
0.702167
0.703667
0.705165
0.706661
0.708156
0.709649
0.711140
0.712630
0.714118
0.715604
0.717088
0.718571
0.720052
0.721530
0.723007
0.724482
0.725955
0.727426
0.728895
0.730361
0.731826
0.733288
0.734748
0.736206
0.737662
0.739115
0.740566
0.742014
0.743460
0.744904
0.746345
0.747783
0.749220
0.750653
0.752084
0.753512
0.754937
0.756360
0.757780
0.759197
0.760611
0.762023
0.763431
0.764837
0.766239
0.767639
0.769036
0.770429
0.771820
0.773207
0.774591
0.775972
0.777349
0.778724
0.780095
0.781463
0.782827
0.784188
0.785545
0.786899
0.788250
0.789597
0.790941
0.792280
0.793617
0.794949
0.796278
0.797604
0.798925
0.800243
0.801557
0.802867
0.804173
0.805476
0.806774
0.808069
0.809359
0.810646
0.811928
0.813207
0.814481
0.815751
0.817018
0.818280
0.819537
0.820791
0.822040
0.823285
0.824526
0.825763
0.826995
0.828223
0.829446
0.830665
0.831880
0.833090
0.834296
0.835497
0.836693
0.837885
0.839073
0.840256
0.841434
0.842608
0.843777
0.844941
0.846101
0.847256
0.848407
0.849552
0.850693
0.851829
0.852960
0.854087
0.855208
0.856325
0.857437
0.858544
0.859646
0.860743
0.861835
0.862923
0.864005
0.865083
0.866155
0.867223
0.868285
0.869343
0.870395
0.871442
0.872485
0.873522
0.874554
0.875582
0.876604
0.877621
0.878632
0.879639
0.880641
0.881637
0.882629
0.883615
0.884596
0.885572
0.886543
0.887508
0.888469
0.889424
0.890374
0.891319
0.892258
0.893193
0.894122
0.895046
0.895965
0.896878
0.897787
0.898690
0.899588
0.900481
0.901368
0.902250
0.903127
0.903999
0.904866
0.905727
0.906584
0.907435
0.908280
0.909121
0.909956
0.910787
0.911612
0.912431
0.913246
0.914055
0.914860
0.915659
0.916453
0.917241
0.918025
0.918803
0.919576
0.920345
0.921108
0.921865
0.922618
0.923366
0.924108
0.924846
0.925578
0.926305
0.927028
0.927745
0.928457
0.929164
0.929866
0.930563
0.931255
0.931942
0.932624
0.933301
0.933973
0.934640
0.935302
0.935960
0.936612
0.937260
0.937902
0.938540
0.939173
0.939801
0.940424
0.941043
0.941656
0.942265
0.942869
0.943468
0.944063
0.944653
0.945238
0.945819
0.946394
0.946966
0.947532
0.948094
0.948651
0.949204
0.949752
0.950296
0.950835
0.951369
0.951899
0.952425
0.952946
0.953463
0.953975
0.954483
0.954986
0.955486
0.955980
0.956471
0.956957
0.957439
0.957916
0.958390
0.958859
0.959324
0.959785
0.960241
0.960694
0.961142
0.961586
0.962026
0.962462
0.962895
0.963323
0.963747
0.964167
0.964583
0.964995
0.965403
0.965808
0.966208
0.966605
0.966998
0.967387
0.967772
0.968154
0.968532
0.968906
0.969276
0.969643
0.970006
0.970366
0.970722
0.971074
0.971423
0.971768
0.972110
0.972448
0.972783
0.973114
0.973442
0.973767
0.974088
0.974406
0.974720
0.975032
0.975340
0.975644
0.975946
0.976244
0.976539
0.976831
0.977120
0.977406
0.977688
0.977968
0.978244
0.978518
0.978788
0.979055
0.979320
0.979581
0.979840
0.980096
0.980349
0.980599
0.980846
0.981090
0.981332
0.981571
0.981807
0.982040
0.982271
0.982499
0.982724
