0.026978
0.060373
0.109205
0.161384
0.195714
0.213413
0.223741
0.232169
0.240352
0.248502
0.256575
0.264646
0.273021
0.282843
0.289281
0.291396
0.293349
0.295297
0.297238
0.299173
0.301102
0.303025
0.304942
0.306852
0.308757
0.310656
0.312548
0.314435
0.316316
0.318191
0.320060
0.321924
0.323782
0.325635
0.327482
0.329324
0.331161
0.332992
0.334818
0.336684
0.338353
0.340013
0.341670
0.343322
0.344970
0.346613
0.348253
0.349888
0.351519
0.353146
0.354769
0.356387
0.358002
0.359612
0.361219
0.362821
0.364420
0.366014
0.367604
0.369191
0.370773
0.372352
0.373926
0.375497
0.377063
0.378626
0.380185
0.381740
0.383291
0.384839
0.386382
0.387922
0.389457
0.390989
0.392518
0.394042
0.395563
0.397079
0.398593
0.400102
0.401608
0.403110
0.404608
0.406103
0.407594
0.409081
0.410565
0.412045
0.413521
0.414994
0.416463
0.417929
0.419391
0.420850
0.422305
0.423757
0.425205
0.426649
0.428090
0.429528
0.430962
0.432393
0.433820
0.435244
0.436664
0.438081
0.439495
0.440905
0.442312
0.443716
0.445116
0.446513
0.447907
0.449297
0.450684
0.452068
0.453449
0.454826
0.456200
0.457571
0.458939
0.460304
0.461665
0.463024
0.464379
0.465731
0.467080
0.468426
0.469769
0.471108
0.472445
0.473779
0.475109
0.476437
0.477762
0.479083
0.480402
0.481718
0.483030
0.484340
0.485647
0.486951
0.488253
0.489551
0.490846
0.492139
0.493429
0.494716
0.496000
0.497282
0.498560
0.499836
0.501110
0.502380
0.503648
0.504913
0.506176
0.507435
0.508693
0.509947
0.511199
0.512448
0.513695
0.514939
0.516181
0.517420
0.518656
0.519891
0.521122
0.522351
0.523578
0.524802
0.526024
0.527243
0.528460
0.529675
0.530887
0.532097
0.533304
0.534509
0.535712
0.536913
0.538111
0.539307
0.540501
0.541693
0.542882
0.544069
0.545255
0.546437
0.547618
0.548797
0.549973
0.551148
0.552320
0.553490
0.554659
0.555825
0.556989
0.558151
0.559311
0.560470
0.561626
0.562780
0.563933
0.565083
0.566232
0.567379
0.568524
0.569667
0.570808
0.571948
0.573085
0.574221
0.575356
0.576488
0.577619
0.578748
0.579875
0.581001
0.582125
0.583248
0.584368
0.585488
0.586605
0.587721
0.588836
0.589949
0.591060
0.592170
0.593279
0.594386
0.595492
0.596596
0.597699
0.598800
0.599900
0.600999
0.602096
0.603192
0.604286
0.605380
0.606472
0.607563
0.608652
0.609741
0.610828
0.611914
0.612998
0.614082
0.615164
0.616246
0.617326
0.618405
0.619483
0.620560
0.621636
0.622711
0.623785
0.624857
0.625929
0.627000
0.628070
0.629139
0.630207
0.631275
0.632341
0.633406
0.634471
0.635535
0.636598
0.637660
0.638721
0.639782
0.640842
0.641901
0.642959
0.644017
0.645074
0.646130
0.647185
0.648240
0.649295
0.650348
0.651401
0.652454
0.653506
0.654557
0.655608
0.656658
0.657708
0.658757
0.659806
0.660854
0.661902
0.662949
0.663996
0.665042
0.666088
0.667134
0.668179
0.669224
0.670269
0.671313
0.672356
0.673400
0.674443
0.675486
0.676529
0.677571
0.678613
0.679655
0.680696
0.681738
0.682779
0.683820
0.684860
0.685901
0.686941
0.687981
0.689022
0.690061
0.691101
0.692141
0.693180
0.694220
0.695259
0.696298
0.697337
0.698376
0.699415
0.700454
0.701493
0.702532
0.703571
0.704610
0.705649
0.706687
0.707726
0.708765
0.709804
0.710842
0.711881
0.712920
0.713959
0.714998
0.716037
0.717076
0.718115
0.719154
0.720193
0.721233
0.722272
0.723311
0.724351
0.725390
0.726430
0.727470
0.728509
0.729549
0.730589
0.731629
0.732669
0.733710
0.734750
0.735790
0.736831
0.737872
0.738912
0.739953
0.740994
0.742035
0.743076
0.744117
0.745158
0.746200
0.747241
0.748283
0.749324
0.750366
0.751407
0.752449
0.753491
0.754533
0.755575
0.756617
0.757659
0.758701
0.759743
0.760785
0.761827
0.762869
0.763911
0.764953
0.765995
0.767037
0.768079
0.769121
0.770163
0.771205
0.772247
0.773288
0.774330
0.775371
0.776413
0.777454
0.778495
0.779536
0.780577
0.781618
0.782658
0.783698
0.784738
0.785778
0.786818
0.787857
0.788896
0.789935
0.790974
0.792012
0.793050
0.794087
0.795125
0.796161
0.797198
0.798234
0.799269
0.800305
0.801339
0.802373
0.803407
0.804440
0.805473
0.806505
0.807537
0.808568
0.809598
0.810628
0.811657
0.812685
0.813713
0.814740
0.815766
0.816791
0.817816
0.818840
0.819863
0.820885
0.821907
0.822927
0.823946
0.824965
0.825983
0.826999
0.828015
0.829029
0.830043
0.831055
0.832066
0.833077
0.834086
0.835093
0.836100
0.837105
0.838109
0.839112
0.840113
0.841113
0.842112
0.843109
0.844105
0.845099
0.846092
0.847084
0.848073
0.849062
0.850048
0.851033
0.852017
0.852998
0.853978
0.854956
0.855933
0.856907
0.857880
0.858851
0.859820
0.860787
0.861752
0.862715
0.863676
0.864635
0.865592
0.866547
0.867500
0.868450
0.869399
0.870345
0.871289
0.872230
0.873170
0.874107
0.875041
0.875974
0.876903
0.877831
0.878755
0.879678
0.880597
0.881514
0.882429
0.883341
0.884250
0.885157
0.886060
0.886961
0.887859
0.888755
0.889647
0.890537
0.891424
0.892308
0.893188
0.894066
0.894941
0.895813
0.896681
0.897547
0.898409
0.899269
0.900125
0.900977
0.901827
0.902673
0.903516
0.904356
0.905192
0.906025
0.906855
0.907681
0.908503
0.909322
0.910138
0.910950
0.911759
0.912564
0.913365
0.914162
0.914956
0.915747
0.916533
0.917316
0.918095
0.918871
0.919642
0.920410
0.921174
0.921934
0.922690
0.923443
0.924191
0.924935
0.925676
0.926412
0.927145
0.927873
0.928597
0.929318
0.930034
0.930746
0.931454
0.932158
0.932858
0.933554
0.934245
0.934933
0.935616
0.936295
0.936969
0.937640
0.938306
0.938968
0.939626
0.940279
0.940928
0.941573
0.942213
0.942849
0.943481
0.944109
0.944732
0.945350
0.945965
0.946575
0.947180
0.947782
0.948378
0.948971
0.949559
0.950142
