0.015422
0.032804
0.050741
0.069558
0.090213
0.115859
0.150696
0.192827
0.233081
0.263236
0.274374
0.277565
0.278541
0.279692
0.281399
0.283350
0.285325
0.287295
0.289259
0.291217
0.293169
0.295114
0.297053
0.298987
0.300914
0.302836
0.304752
0.306662
0.308567
0.310466
0.312360
0.314248
0.316131
0.318008
0.319880
0.321747
0.323609
0.325465
0.327317
0.329209
0.330901
0.332585
0.334265
0.335940
0.337612
0.339279
0.340942
0.342601
0.344256
0.345907
0.347553
0.349196
0.350834
0.352469
0.354099
0.355726
0.357348
0.358966
0.360581
0.362192
0.363798
0.365401
0.367000
0.368595
0.370186
0.371773
0.373356
0.374936
0.376511
0.378083
0.379651
0.381216
0.382776
0.384333
0.385886
0.387436
0.388981
0.390523
0.392062
0.393596
0.395127
0.396655
0.398179
0.399699
0.401215
0.402729
0.404238
0.405744
0.407246
0.408745
0.410241
0.411733
0.413221
0.414707
0.416188
0.417666
0.419141
0.420613
0.422081
0.423546
0.425007
0.426465
0.427920
0.429371
0.430820
0.432264
0.433706
0.435145
0.436580
0.438012
0.439441
0.440866
0.442289
0.443708
0.445125
0.446538
0.447948
0.449355
0.450759
0.452160
0.453558
0.454952
0.456344
0.457733
0.459119
0.460502
0.461882
0.463259
0.464633
0.466005
0.467373
0.468739
0.470101
0.471461
0.472818
0.474173
0.475524
0.476873
0.478219
0.479562
0.480903
0.482240
0.483576
0.484908
0.486238
0.487565
0.488890
0.490212
0.491531
0.492848
0.494162
0.495474
0.496783
0.498090
0.499394
0.500696
0.501995
0.503292
0.504587
0.505879
0.507168
0.508455
0.509740
0.511023
0.512303
0.513581
0.514856
0.516130
0.517401
0.518669
0.519936
0.521200
0.522462
0.523722
0.524980
0.526235
0.527489
0.528740
0.529989
0.531236
0.532481
0.533724
0.534965
0.536203
0.537440
0.538675
0.539908
0.541139
0.542367
0.543594
0.544819
0.546042
0.547263
0.548483
0.549700
0.550915
0.552129
0.553341
0.554551
0.555759
0.556966
0.558170
0.559373
0.560574
0.561774
0.562972
0.564168
0.565362
0.566555
0.567746
0.568935
0.570123
0.571309
0.572494
0.573677
0.574858
0.576038
0.577217
0.578393
0.579569
0.580743
0.581915
0.583086
0.584255
0.585423
0.586590
0.587755
0.588918
0.590081
0.591242
0.592401
0.593559
0.594716
0.595872
0.597026
0.598179
0.599330
0.600481
0.601630
0.602778
0.603924
0.605069
0.606213
0.607356
0.608498
0.609639
0.610778
0.611916
0.613053
0.614189
0.615324
0.616457
0.617590
0.618721
0.619852
0.620981
0.622109
0.623236
0.624362
0.625487
0.626611
0.627734
0.628856
0.629977
0.631097
0.632216
0.633335
0.634452
0.635568
0.636683
0.637797
0.638911
0.640023
0.641135
0.642245
0.643355
0.644464
0.645572
0.646679
0.647785
0.648891
0.649995
0.651099
0.652202
0.653304
0.654405
0.655505
0.656605
0.657704
0.658802
0.659899
0.660995
0.662091
0.663186
0.664280
0.665374
0.666466
0.667558
0.668649
0.669740
0.670829
0.671918
0.673006
0.674094
0.675181
0.676267
0.677352
0.678437
0.679520
0.680604
0.681686
0.682768
0.683849
0.684930
0.686009
0.687088
0.688167
0.689244
0.690321
0.691398
0.692473
0.693548
0.694623
0.695696
0.696769
0.697842
0.698913
0.699984
0.701055
0.702124
0.703193
0.704261
0.705329
0.706396
0.707462
0.708528
0.709593
0.710657
0.711721
0.712783
0.713846
0.714907
0.715968
0.717028
0.718088
0.719146
0.720204
0.721262
0.722319
0.723374
0.724430
0.725484
0.726538
0.727591
0.728644
0.729695
0.730746
0.731797
0.732846
0.733895
0.734943
0.735990
0.737036
0.738082
0.739127
0.740171
0.741215
0.742257
0.743299
0.744340
0.745380
0.746419
0.747458
0.748496
0.749533
0.750569
0.751604
0.752638
0.753672
0.754704
0.755736
0.756767
0.757797
0.758826
0.759854
0.760881
0.761907
0.762933
0.763957
0.764980
0.766003
0.767024
0.768045
0.769064
0.770083
0.771100
0.772117
0.773132
0.774147
0.775160
0.776172
0.777183
0.778193
0.779202
0.780210
0.781217
0.782223
0.783227
0.784230
0.785232
0.786233
0.787233
0.788232
0.789229
0.790225
0.791220
0.792214
0.793206
0.794197
0.795187
0.796176
0.797163
0.798149
0.799133
0.800117
0.801098
0.802079
0.803058
0.804035
0.805012
0.805987
0.806960
0.807932
0.808902
0.809871
0.810839
0.811804
0.812769
0.813732
0.814693
0.815653
0.816611
0.817567
0.818522
0.819476
0.820427
0.821377
0.822326
0.823272
0.824217
0.825160
0.826102
0.827042
0.827980
0.828916
0.829850
0.830783
0.831714
0.832643
0.833570
0.834495
0.835419
0.836340
0.837260
0.838177
0.839093
0.840007
0.840919
0.841829
0.842736
0.843642
0.844546
0.845448
0.846348
0.847245
0.848141
0.849034
0.849926
0.850815
0.851702
0.852587
0.853470
0.854350
0.855229
0.856105
0.856979
0.857851
0.858720
0.859587
0.860452
0.861315
0.862175
0.863033
0.863888
0.864742
0.865593
0.866441
0.867287
0.868131
0.868972
0.869811
0.870647
0.871481
0.872312
0.873141
0.873968
0.874792
0.875613
0.876432
0.877248
0.878062
0.878873
0.879681
0.880487
0.881290
0.882091
0.882889
0.883684
0.884477
0.885267
0.886054
0.886838
0.887620
0.888399
0.889175
0.889949
0.890720
0.891488
0.892253
0.893015
0.893775
0.894532
0.895286
0.896037
0.896785
0.897531
0.898273
0.899013
0.899749
0.900483
0.901214
0.901942
0.902667
0.903389
0.904109
0.904825
0.905538
0.906248
0.906956
0.907660
0.908361
0.909060
0.909755
0.910447
0.911136
0.911823
0.912506
0.913186
0.913863
0.914537
0.915208
0.915876
0.916540
0.917202
0.917861
0.918516
0.919168
0.919818
0.920464
0.921107
0.921746
0.922383
0.923017
0.923647
0.924274
0.924899
0.925520
0.926137
0.926752
0.927364
0.927972
0.928577
0.929179
0.929778
0.930373
0.930966
0.931555
0.932141
0.932724
0.933303
0.933880
0.934453
0.935023
0.935590
0.936154
0.936714
0.937271
0.937826
0.938376
0.938924
