0.040462
0.087785
0.140859
0.204120
0.270718
0.279968
0.232431
0.221104
0.230508
0.239966
0.248931
0.257516
0.265859
0.274125
0.282544
0.291820
0.301187
0.304804
0.307084
0.309355
0.311634
0.313920
0.316213
0.318514
0.320823
0.323140
0.325465
0.327798
0.330140
0.332491
0.334852
0.337221
0.339601
0.341991
0.344391
0.346801
0.349222
0.351655
0.354098
0.356587
0.358857
0.361162
0.363481
0.365814
0.368161
0.370523
0.372898
0.375288
0.377692
0.380111
0.382545
0.384993
0.387456
0.389935
0.392428
0.394937
0.397461
0.400001
0.402556
0.405127
0.407714
0.410316
0.412935
0.415569
0.418219
0.420884
0.423566
0.426264
0.428978
0.431707
0.434453
0.437215
0.439992
0.442786
0.445595
0.448420
0.451261
0.454117
0.456989
0.459877
0.462780
0.465698
0.468631
0.471579
0.474543
0.477521
0.480513
0.483521
0.486542
0.489578
0.492627
0.495691
0.498768
0.501858
0.504961
0.508078
0.511207
0.514348
0.517502
0.520667
0.523845
0.527033
0.530233
0.533444
0.536665
0.539897
0.543138
0.546389
0.549649
0.552919
0.556197
0.559483
0.562778
0.566080
0.569389
0.572705
0.576028
0.579356
0.582691
0.586031
0.589376
0.592726
0.596080
0.599438
0.602799
0.606163
0.609530
0.612900
0.616271
0.619643
0.623016
0.626390
0.629764
0.633138
0.636511
0.639883
0.643254
0.646622
0.649988
0.653352
0.656711
0.660068
0.663420
0.666767
0.670110
0.673447
0.676778
0.680103
0.683422
0.686733
0.690037
0.693332
0.696620
0.699899
0.703168
0.706428
0.709678
0.712918
0.716147
0.719364
0.722570
0.725765
0.728946
0.732116
0.735272
0.738414
0.741543
0.744658
0.747758
0.750844
0.753914
0.756969
0.760008
0.763030
0.766037
0.769026
0.771999
0.774954
0.777891
0.780810
0.783711
0.786594
0.789457
0.792302
0.795127
0.797933
0.800719
0.803485
0.806231
0.808956
0.811661
0.814344
0.817007
0.819648
0.822268
0.824866
0.827442
0.829997
0.832529
0.835039
0.837527
0.839992
0.842435
0.844854
0.847251
0.849625
0.851976
0.854304
0.856608
0.858889
0.861147
0.863381
0.865592
0.867779
0.869943
0.872083
0.874199
0.876292
0.878361
0.880406
0.882428
0.884426
0.886400
0.888351
0.890278
0.892182
0.894062
0.895918
0.897751
0.899561
0.901347
0.903110
0.904850
0.906567
0.908261
0.909931
0.911579
0.913204
0.914807
0.916386
0.917944
0.919479
0.920992
0.922482
0.923951
0.925398
0.926823
0.928227
0.929609
0.930970
0.932310
0.933629
0.934927
0.936204
0.937461
0.938697
0.939914
0.941110
0.942286
0.943443
0.944580
0.945698
0.946797
0.947877
0.948938
0.949981
0.951005
0.952011
0.952999
0.953970
0.954922
0.955858
0.956775
0.957676
0.958561
0.959428
0.960279
0.961114
0.961933
0.962736
0.963523
0.964295
0.965051
0.965793
0.966520
0.967232
0.967930
0.968613
0.969283
0.969938
0.970580
0.971209
0.971824
0.972427
0.973016
0.973593
0.974157
0.974709
0.975249
0.975778
0.976294
0.976799
0.977293
0.977775
0.978247
0.978708
0.979158
0.979598
0.980028
0.980448
0.980858
0.981258
0.981649
0.982030
0.982403
0.982766
0.983120
0.983466
0.983804
0.984133
0.984454
0.984767
0.985072
0.985369
0.985659
0.985942
0.986217
0.986485
0.986746
0.987001
0.987249
0.987490
0.987725
0.987954
0.988176
0.988393
0.988604
0.988809
0.989008
0.989203
0.989391
0.989575
0.989753
0.989927
0.990095
0.990259
0.990418
0.990573
0.990723
0.990869
0.991011
0.991149
0.991282
0.991412
0.991538
0.991660
0.991779
0.991894
0.992005
0.992114
0.992219
0.992320
0.992419
0.992515
0.992607
0.992697
0.992784
0.992869
0.992950
0.993029
0.993106
0.993180
0.993252
0.993322
0.993389
0.993454
0.993517
0.993578
0.993637
0.993694
0.993749
0.993802
0.993854
0.993904
0.993952
0.993998
0.994043
0.994087
0.994129
0.994169
0.994208
0.994246
0.994282
0.994317
0.994351
0.994384
0.994416
0.994446
0.994476
0.994504
0.994531
0.994557
0.994583
0.994607
0.994631
0.994654
0.994675
0.994696
0.994717
0.994736
0.994755
0.994773
0.994791
0.994807
0.994823
0.994839
0.994854
0.994868
0.994882
0.994895
0.994908
0.994920
0.994932
0.994943
0.994954
0.994965
0.994975
0.994984
0.994993
0.995002
0.995011
0.995019
0.995027
0.995034
0.995042
0.995048
0.995055
0.995061
0.995067
0.995073
0.995079
0.995084
0.995089
0.995094
0.995099
0.995104
0.995108
0.995112
0.995116
0.995120
0.995123
0.995127
0.995130
0.995133
0.995136
0.995139
0.995142
0.995145
0.995147
0.995149
0.995152
0.995154
0.995156
0.995158
0.995160
0.995162
0.995164
0.995165
0.995167
0.995168
0.995170
0.995171
0.995172
0.995174
0.995175
0.995176
0.995177
0.995178
0.995179
0.995180
0.995181
0.995182
0.995183
0.995183
0.995184
0.995185
0.995185
0.995186
0.995187
0.995187
0.995188
0.995188
0.995189
0.995189
0.995190
0.995190
0.995190
0.995191
0.995191
0.995192
0.995192
0.995192
0.995192
0.995193
0.995193
0.995193
0.995193
0.995194
0.995194
0.995194
0.995194
0.995194
0.995195
0.995195
0.995195
0.995195
0.995195
0.995195
0.995195
0.995196
0.995196
0.995196
0.995196
0.995196
0.995196
0.995196
0.995196
0.995196
0.995196
0.995196
0.995196
0.995197
0.995197
0.995197
0.995197
0.995197
0.995197
0.995197
0.995197
0.995197
0.995197
0.995197
0.995197
0.995197
0.995197
0.995197
0.995197
0.995197
0.995197
0.995197
0.995197
0.995197
0.995197
0.995197
0.995197
0.995197
0.995197
0.995197
0.995197
0.995197
0.995197
0.995197
0.995197
0.995197
0.995197
0.995197
0.995197
0.995197
0.995197
0.995197
0.995197
0.995197
0.995197
0.995197
0.995197
0.995197
0.995197
0.995197
0.995197
0.995197
0.995197
0.995197
0.995197
0.995197
0.995197
0.995197
0.995197
0.995197
0.995197
0.995197
0.995197
0.995197
0.995197
0.995197
0.995197
0.995197
0.995197
0.995197
0.995197
0.995197
