0.178646
0.397511
0.330765
0.364477
0.393711
0.419115
0.441681
0.462060
0.480730
0.498043
0.514255
0.529558
0.544118
0.558075
0.571539
0.584586
0.597319
0.609871
0.622414
0.635206
0.648940
0.662235
0.670552
0.677278
0.683946
0.690602
0.697244
0.703866
0.710463
0.717031
0.723564
0.730060
0.736513
0.742918
0.749272
0.755571
0.761809
0.767985
0.774093
0.780360
0.786267
0.792105
0.797867
0.803549
0.809149
0.814663
0.820088
0.825421
0.830660
0.835802
0.840845
0.845789
0.850630
0.855367
0.860000
0.864526
0.868946
0.873258
0.877461
0.881557
0.885543
0.889420
0.893189
0.896850
0.900403
0.903848
0.907187
0.910420
0.913548
0.916572
0.919495
0.922316
0.925038
0.927661
0.930189
0.932621
0.934961
0.937210
0.939370
0.941443
0.943430
0.945335
0.947159
0.948904
0.950572
0.952166
0.953688
0.955140
0.956524
0.957842
0.959097
0.960290
0.961425
0.962502
0.963525
0.964494
0.965413
0.966283
0.967107
0.967886
0.968621
0.969316
0.969971
0.970589
0.971171
0.971719
0.972235
0.972719
0.973174
0.973601
0.974002
0.974378
0.974730
0.975059
0.975367
0.975655
0.975923
0.976174
0.976408
0.976626
0.976829
0.977018
0.977194
0.977357
0.977508
0.977649
0.977779
0.977900
0.978012
0.978115
0.978211
0.978299
0.978381
0.978456
0.978525
0.978589
0.978648
0.978702
0.978752
0.978798
0.978840
0.978878
0.978913
0.978946
0.978975
0.979002
0.979027
0.979050
0.979070
0.979089
0.979106
0.979122
0.979136
0.979149
0.979161
0.979172
0.979181
0.979190
0.979198
0.979205
0.979212
0.979218
0.979223
0.979228
0.979232
0.979236
0.979240
0.979243
0.979246
0.979248
0.979251
0.979253
0.979255
0.979256
0.979258
0.979259
0.979260
0.979262
0.979262
0.979263
0.979264
0.979265
0.979265
0.979266
0.979266
0.979267
0.979267
0.979268
0.979268
0.979268
0.979268
0.979269
0.979269
0.979269
0.979269
0.979269
0.979269
0.979270
0.979270
0.979270
0.979270
0.979270
0.979270
0.979270
0.979270
0.979270
0.979270
0.979270
0.979270
0.979270
0.979270
0.979270
0.979270
0.979270
0.979270
0.979270
0.979270
0.979270
0.979270
0.979270
0.979270
0.979270
0.979270
0.979270
0.979270
0.979270
0.979270
0.979270
0.979270
0.979270
0.979270
0.979270
0.979270
0.979270
0.979270
0.979270
0.979270
0.979270
0.979270
0.979270
0.979270
0.979270
0.979270
0.979270
0.979270
0.979270
0.979270
0.979270
0.979270
0.979270
0.979270
0.979270
0.979270
0.979270
0.979270
0.979270
0.979270
0.979270
0.979270
0.979270
0.979270
0.979270
0.979270
0.979270
0.979270
0.979270
0.979270
0.979270
0.979270
0.979270
0.979270
0.979270
0.979270
0.979270
0.979270
0.979270
0.979270
0.979270
0.979270
0.979270
0.979270
0.979270
0.979270
0.979270
0.979270
0.979270
0.979270
0.979270
0.979270
0.979270
0.979270
0.979270
0.979270
0.979270
0.979270
0.979270
0.979270
0.979270
0.979270
0.979270
0.979270
0.979270
0.979270
0.979270
0.979270
0.979270
0.979270
0.979270
0.979270
0.979270
0.979270
0.979270
0.979270
0.979270
0.979270
0.979270
0.979270
0.979270
0.979270
0.979270
0.979270
0.979270
0.979270
0.979270
0.979270
0.979270
0.979270
0.979270
0.979270
0.979270
0.979270
0.979270
0.979270
0.979270
0.979270
0.979270
0.979270
0.979270
0.979270
0.979270
0.979270
0.979270
0.979270
0.979270
0.979270
0.979270
0.979270
0.979270
0.979270
0.979270
0.979270
0.979270
0.979270
0.979270
0.979270
0.979270
0.979270
0.979270
0.979270
0.979270
0.979270
0.979270
0.979270
0.979270
0.979270
0.979270
0.979270
0.979270
0.979270
0.979270
0.979270
0.979270
0.979270
0.979270
0.979270
0.979270
0.979270
0.979270
0.979270
0.979270
0.979270
0.979270
0.979270
0.979270
0.979270
0.979270
0.979270
0.979270
0.979270
0.979270
0.979270
0.979270
0.979270
0.979270
0.979270
0.979270
0.979270
0.979270
0.979270
0.979270
0.979270
0.979270
0.979270
0.979270
0.979270
0.979270
0.979270
0.979270
0.979270
0.979270
0.979270
0.979270
0.979270
0.979270
0.979270
0.979270
0.979270
0.979270
0.979270
0.979270
0.979270
0.979270
0.979270
0.979270
0.979270
0.979270
0.979270
0.979270
0.979270
0.979270
0.979270
0.979270
0.979270
0.979270
0.979270
0.979270
0.979270
0.979270
0.979270
0.979270
0.979270
0.979270
0.979270
0.979270
0.979270
0.979270
0.979270
0.979270
0.979270
0.979270
0.979270
0.979270
0.979270
0.979270
0.979270
0.979270
0.979270
0.979270
0.979270
0.979270
0.979270
0.979270
0.979270
0.979270
0.979270
0.979270
0.979270
0.979270
0.979270
0.979270
0.979270
0.979270
0.979270
0.979270
0.979270
0.979270
0.979270
0.979270
0.979270
0.979270
0.979270
0.979270
0.979270
0.979270
0.979270
0.979270
0.979270
0.979270
0.979270
0.979270
0.979270
0.979270
0.979270
0.979270
0.979270
0.979270
0.979270
0.979270
0.979270
0.979270
0.979270
0.979270
0.979270
0.979270
0.979270
0.979270
0.979270
0.979270
0.979270
0.979270
0.979270
0.979270
0.979270
0.979270
0.979270
0.979270
0.979270
0.979270
0.979270
0.979270
0.979270
0.979270
0.979270
0.979270
0.979270
0.979270
0.979270
0.979270
0.979270
0.979270
0.979270
0.979270
0.979270
0.979270
0.979270
0.979270
0.979270
0.979270
0.979270
0.979270
0.979270
0.979270
0.979270
0.979270
0.979270
0.979270
0.979270
0.979270
0.979270
0.979270
0.979270
0.979270
0.979270
0.979270
0.979270
0.979270
0.979270
0.979270
0.979270
0.979270
0.979270
0.979270
0.979270
0.979270
0.979270
0.979270
0.979270
0.979270
0.979270
0.979270
0.979270
0.979270
0.979270
0.979270
0.979270
0.979270
0.979270
0.979270
0.979270
0.979270
0.979270
0.979270
0.979270
0.979270
0.979270
0.979270
0.979270
0.979270
0.979270
0.979270
0.979270
0.979270
0.979270
0.979270
0.979270
0.979270
0.979270
0.979270
0.979270
0.979270
