0.026862
0.057629
0.090417
0.126659
0.168525
0.219309
0.278990
0.316322
0.289609
0.257498
0.259065
0.267194
0.275731
0.285692
0.292548
0.294909
0.297092
0.299279
0.301471
0.303667
0.305869
0.308075
0.310286
0.312502
0.314724
0.316951
0.319184
0.321423
0.323668
0.325919
0.328178
0.330443
0.332715
0.334995
0.337282
0.339578
0.341881
0.344192
0.346512
0.348872
0.351015
0.353188
0.355374
0.357570
0.359777
0.361996
0.364225
0.366466
0.368718
0.370982
0.373257
0.375544
0.377844
0.380155
0.382478
0.384814
0.387162
0.389522
0.391896
0.394281
0.396680
0.399092
0.401516
0.403953
0.406404
0.408868
0.411344
0.413834
0.416338
0.418855
0.421385
0.423928
0.426485
0.429055
0.431638
0.434235
0.436846
0.439469
0.442106
0.444756
0.447420
0.450097
0.452786
0.455489
0.458205
0.460934
0.463676
0.466430
0.469197
0.471977
0.474769
0.477574
0.480391
0.483220
0.486060
0.488913
0.491777
0.494653
0.497540
0.500438
0.503347
0.506267
0.509198
0.512139
0.515090
0.518052
0.521023
0.524003
0.526993
0.529992
0.533000
0.536016
0.539041
0.542074
0.545115
0.548164
0.551219
0.554282
0.557352
0.560428
0.563510
0.566599
0.569692
0.572792
0.575896
0.579005
0.582118
0.585235
0.588357
0.591481
0.594609
0.597739
0.600873
0.604008
0.607145
0.610283
0.613423
0.616563
0.619704
0.622845
0.625986
0.629127
0.632266
0.635404
0.638541
0.641676
0.644808
0.647938
0.651065
0.654189
0.657309
0.660425
0.663537
0.666644
0.669746
0.672842
0.675934
0.679019
0.682097
0.685169
0.688234
0.691292
0.694342
0.697384
0.700418
0.703443
0.706459
0.709466
0.712463
0.715451
0.718428
0.721395
0.724351
0.727296
0.730229
0.733151
0.736061
0.738959
0.741844
0.744717
0.747576
0.750423
0.753255
0.756074
0.758879
0.761670
0.764446
0.767208
0.769954
0.772685
0.775401
0.778101
0.780785
0.783454
0.786106
0.788741
0.791360
0.793962
0.796547
0.799115
0.801666
0.804199
0.806714
0.809212
0.811691
0.814153
0.816596
0.819021
0.821427
0.823815
0.826184
0.828534
0.830865
0.833178
0.835471
0.837744
0.839999
0.842234
0.844450
0.846646
0.848822
0.850979
0.853116
0.855233
0.857331
0.859409
0.861466
0.863504
0.865522
0.867520
0.869498
0.871456
0.873395
0.875313
0.877211
0.879089
0.880947
0.882786
0.884604
0.886403
0.888181
0.889940
0.891679
0.893399
0.895098
0.896778
0.898439
0.900080
0.901701
0.903303
0.904886
0.906449
0.907993
0.909518
0.911024
0.912512
0.913980
0.915429
0.916860
0.918272
0.919666
0.921041
0.922398
0.923737
0.925057
0.926360
0.927645
0.928912
0.930162
0.931394
0.932608
0.933806
0.934986
0.936149
0.937296
0.938425
0.939538
0.940635
0.941715
0.942779
0.943827
0.944859
0.945875
0.946876
0.947861
0.948830
0.949785
0.950724
0.951648
0.952558
0.953453
0.954333
0.955200
0.956052
0.956889
0.957713
0.958524
0.959320
0.960104
0.960873
0.961630
0.962374
0.963105
0.963823
0.964529
0.965222
0.965903
0.966572
0.967229
0.967874
0.968508
0.969130
0.969741
0.970340
0.970929
0.971506
0.972073
0.972629
0.973175
0.973710
0.974235
0.974751
0.975256
0.975751
0.976237
0.976714
0.977181
0.977639
0.978087
0.978527
0.978958
0.979381
0.979795
0.980200
0.980598
0.980987
0.981368
0.981741
0.982107
0.982465
0.982815
0.983158
0.983494
0.983823
0.984145
0.984459
0.984767
0.985069
0.985364
0.985652
0.985934
0.986210
0.986480
0.986744
0.987001
0.987254
0.987500
0.987741
0.987977
0.988207
0.988432
0.988651
0.988866
0.989076
0.989280
0.989480
0.989676
0.989866
0.990053
0.990235
0.990412
0.990585
0.990754
0.990919
0.991081
0.991238
0.991391
0.991541
0.991686
0.991829
0.991967
0.992103
0.992235
0.992363
0.992489
0.992611
0.992730
0.992846
0.992959
0.993070
0.993177
0.993282
0.993384
0.993483
0.993580
0.993674
0.993765
0.993855
0.993942
0.994026
0.994109
0.994189
0.994267
0.994343
0.994416
0.994488
0.994558
0.994626
0.994692
0.994756
0.994819
0.994880
0.994939
0.994996
0.995052
0.995106
0.995159
0.995210
0.995260
0.995308
0.995355
0.995401
0.995445
0.995488
0.995530
0.995571
0.995610
0.995648
0.995686
0.995722
0.995756
0.995790
0.995823
0.995855
0.995886
0.995916
0.995945
0.995974
0.996001
0.996028
0.996053
0.996078
0.996103
0.996126
0.996149
0.996171
0.996192
0.996213
0.996233
0.996252
0.996271
0.996289
0.996307
0.996324
0.996340
0.996356
0.996372
0.996387
0.996401
0.996415
0.996429
0.996442
0.996455
0.996467
0.996479
0.996490
0.996501
0.996512
0.996523
0.996533
0.996542
0.996552
0.996561
0.996569
0.996578
0.996586
0.996594
0.996602
0.996609
0.996616
0.996623
0.996630
0.996636
0.996642
0.996648
0.996654
0.996659
0.996665
0.996670
0.996675
0.996680
0.996684
0.996689
0.996693
0.996697
0.996701
0.996705
0.996709
0.996712
0.996716
0.996719
0.996722
0.996725
0.996728
0.996731
0.996734
0.996737
0.996739
0.996742
0.996744
0.996746
0.996749
0.996751
0.996753
0.996755
0.996757
0.996758
0.996760
0.996762
0.996763
0.996765
0.996766
0.996768
0.996769
0.996771
0.996772
0.996773
0.996774
0.996775
0.996776
0.996777
0.996778
0.996779
0.996780
0.996781
0.996782
0.996783
0.996784
0.996784
0.996785
0.996786
0.996787
0.996787
0.996788
0.996788
0.996789
0.996789
0.996790
0.996790
0.996791
0.996791
0.996792
0.996792
0.996793
0.996793
0.996793
0.996794
0.996794
0.996794
0.996795
0.996795
0.996795
0.996796
0.996796
0.996796
0.996796
0.996796
0.996797
0.996797
0.996797
0.996797
0.996797
0.996798
0.996798
0.996798
0.996798
0.996798
0.996798
0.996799
0.996799
0.996799
0.996799
0.996799
0.996799
0.996799
0.996799
0.996799
0.996799
0.996800
0.996800
0.996800
0.996800
0.996800
0.996800
0.996800
0.996800
0.996800
0.996800
0.996800
0.996800
