0.072175
0.161526
0.260805
0.251064
0.177960
0.185984
0.200902
0.214477
0.226943
0.238495
0.249300
0.259498
0.269183
0.278443
0.287409
0.296229
0.305097
0.314392
0.324883
0.331972
0.335161
0.338077
0.341016
0.343978
0.346965
0.349977
0.353013
0.356075
0.359161
0.362273
0.365411
0.368575
0.371765
0.374981
0.378224
0.381493
0.384789
0.388113
0.391463
0.394909
0.398116
0.401374
0.404663
0.407982
0.411332
0.414712
0.418123
0.421563
0.425033
0.428533
0.432062
0.435620
0.439207
0.442824
0.446468
0.450141
0.453842
0.457571
0.461327
0.465111
0.468921
0.472757
0.476619
0.480507
0.484420
0.488357
0.492319
0.496304
0.500312
0.504343
0.508396
0.512470
0.516565
0.520680
0.524814
0.528968
0.533140
0.537329
0.541535
0.545757
0.549994
0.554246
0.558512
0.562791
0.567082
0.571384
0.575697
0.580020
0.584352
0.588692
0.593039
0.597393
0.601752
0.606115
0.610482
0.614853
0.619225
0.623598
0.627971
0.632343
0.636713
0.641081
0.645445
0.649805
0.654159
0.658507
0.662848
0.667180
0.671503
0.675817
0.680119
0.684409
0.688687
0.692951
0.697200
0.701434
0.705652
0.709853
0.714036
0.718200
0.722344
0.726468
0.730570
0.734651
0.738708
0.742742
0.746752
0.750736
0.754695
0.758627
0.762532
0.766408
0.770257
0.774076
0.777865
0.781623
0.785351
0.789047
0.792711
0.796342
0.799939
0.803503
0.807033
0.810528
0.813988
0.817412
0.820801
0.824152
0.827468
0.830746
0.833987
0.837190
0.840355
0.843482
0.846570
0.849620
0.852630
0.855602
0.858535
0.861428
0.864281
0.867095
0.869869
0.872604
0.875298
0.877953
0.880568
0.883143
0.885678
0.888174
0.890630
0.893046
0.895422
0.897759
0.900057
0.902315
0.904535
0.906716
0.908858
0.910961
0.913026
0.915053
0.917043
0.918995
0.920909
0.922787
0.924628
0.926432
0.928200
0.929933
0.931630
0.933292
0.934919
0.936512
0.938070
0.939595
0.941087
0.942546
0.943972
0.945366
0.946728
0.948059
0.949359
0.950629
0.951868
0.953078
0.954259
0.955411
0.956534
0.957630
0.958698
0.959739
0.960754
0.961742
0.962705
0.963642
0.964555
0.965443
0.966308
0.967149
0.967966
0.968762
0.969535
0.970286
0.971016
0.971726
0.972415
0.973083
0.973733
0.974363
0.974974
0.975567
0.976142
0.976700
0.977241
0.977764
0.978272
0.978764
0.979240
0.979700
0.980147
0.980578
0.980996
0.981400
0.981790
0.982168
0.982533
0.982885
0.983226
0.983555
0.983872
0.984179
0.984475
0.984760
0.985035
0.985301
0.985557
0.985803
0.986041
0.986270
0.986490
0.986703
0.986907
0.987104
0.987293
0.987475
0.987650
0.987818
0.987980
0.988135
0.988285
0.988428
0.988566
0.988698
0.988825
0.988946
0.989063
0.989175
0.989282
0.989385
0.989484
0.989578
0.989668
0.989755
0.989838
0.989917
0.989993
0.990065
0.990135
0.990201
0.990264
0.990325
0.990383
0.990438
0.990491
0.990541
0.990589
0.990635
0.990678
0.990720
0.990760
0.990797
0.990833
0.990868
0.990900
0.990931
0.990961
0.990989
0.991016
0.991041
0.991065
0.991088
0.991110
0.991131
0.991151
0.991169
0.991187
0.991204
0.991220
0.991235
0.991249
0.991263
0.991276
0.991288
0.991299
0.991310
0.991321
0.991330
0.991340
0.991348
0.991357
0.991365
0.991372
0.991379
0.991385
0.991392
0.991398
0.991403
0.991408
0.991413
0.991418
0.991422
0.991426
0.991430
0.991434
0.991437
0.991441
0.991444
0.991446
0.991449
0.991452
0.991454
0.991456
0.991458
0.991460
0.991462
0.991464
0.991466
0.991467
0.991469
0.991470
0.991471
0.991472
0.991473
0.991474
0.991475
0.991476
0.991477
0.991478
0.991479
0.991479
0.991480
0.991481
0.991481
0.991482
0.991482
0.991483
0.991483
0.991483
0.991484
0.991484
0.991484
0.991485
0.991485
0.991485
0.991486
0.991486
0.991486
0.991486
0.991486
0.991486
0.991487
0.991487
0.991487
0.991487
0.991487
0.991487
0.991487
0.991487
0.991488
0.991488
0.991488
0.991488
0.991488
0.991488
0.991488
0.991488
0.991488
0.991488
0.991488
0.991488
0.991488
0.991488
0.991488
0.991488
0.991488
0.991488
0.991488
0.991488
0.991488
0.991488
0.991488
0.991488
0.991488
0.991488
0.991488
0.991488
0.991488
0.991488
0.991488
0.991488
0.991488
0.991488
0.991488
0.991488
0.991488
0.991488
0.991488
0.991488
0.991488
0.991488
0.991488
0.991488
0.991488
0.991489
0.991489
0.991489
0.991489
0.991489
0.991489
0.991489
0.991489
0.991489
0.991489
0.991489
0.991489
0.991489
0.991489
0.991489
0.991489
0.991489
0.991489
0.991489
0.991489
0.991489
0.991489
0.991489
0.991489
0.991489
0.991489
0.991489
0.991489
0.991489
0.991489
0.991489
0.991489
0.991489
0.991489
0.991489
0.991489
0.991489
0.991489
0.991489
0.991489
0.991489
0.991489
0.991489
0.991489
0.991489
0.991489
0.991489
0.991489
0.991489
0.991489
0.991489
0.991489
0.991489
0.991489
0.991489
0.991489
0.991489
0.991489
0.991489
0.991489
0.991489
0.991489
0.991489
0.991489
0.991489
0.991489
0.991489
0.991489
0.991489
0.991489
0.991489
0.991489
0.991489
0.991489
0.991489
0.991489
0.991489
0.991489
0.991489
0.991489
0.991489
0.991489
0.991489
0.991489
0.991489
0.991489
0.991489
0.991489
0.991489
0.991489
0.991489
0.991489
0.991489
0.991489
0.991489
0.991489
0.991489
0.991489
0.991489
0.991489
0.991489
0.991489
0.991489
0.991489
0.991489
0.991489
0.991489
0.991489
0.991489
0.991489
0.991489
0.991489
0.991489
0.991489
0.991489
0.991489
0.991489
0.991489
0.991489
0.991489
0.991489
0.991489
0.991489
0.991489
0.991489
0.991489
0.991489
0.991489
0.991489
0.991489
0.991489
0.991489
0.991489
0.991489
0.991489
0.991489
0.991489
0.991489
0.991489
0.991489
0.991489
0.991489
0.991489
0.991489
0.991489
0.991489
0.991489
0.991489
0.991489
0.991489
0.991489
0.991489
0.991489
0.991489
0.991489
0.991489
