0.176854
0.247986
0.154507
0.187990
0.216278
0.240632
0.262055
0.281227
0.298646
0.314673
0.329573
0.343550
0.356780
0.369409
0.381549
0.393281
0.404718
0.416002
0.427309
0.438912
0.451559
0.463241
0.469989
0.475606
0.481250
0.486947
0.492693
0.498489
0.504331
0.510219
0.516149
0.522121
0.528132
0.534181
0.540264
0.546380
0.552527
0.558702
0.564903
0.571336
0.577450
0.583599
0.589770
0.595963
0.602172
0.608395
0.614629
0.620871
0.627118
0.633366
0.639613
0.645856
0.652092
0.658318
0.664531
0.670728
0.676906
0.683062
0.689194
0.695298
0.701371
0.707412
0.713417
0.719383
0.725308
0.731189
0.737024
0.742810
0.748545
0.754225
0.759850
0.765417
0.770923
0.776367
0.781746
0.787059
0.792303
0.797477
0.802580
0.807609
0.812564
0.817442
0.822243
0.826965
0.831607
0.836168
0.840648
0.845045
0.849358
0.853587
0.857732
0.861791
0.865766
0.869654
0.873457
0.877173
0.880804
0.884348
0.887807
0.891181
0.894469
0.897672
0.900792
0.903827
0.906779
0.909649
0.912438
0.915145
0.917773
0.920321
0.922792
0.925185
0.927503
0.929746
0.931916
0.934013
0.936039
0.937996
0.939884
0.941705
0.943460
0.945152
0.946780
0.948347
0.949854
0.951302
0.952693
0.954029
0.955311
0.956540
0.957717
0.958845
0.959925
0.960958
0.961946
0.962890
0.963791
0.964651
0.965472
0.966254
0.966999
0.967709
0.968384
0.969026
0.969636
0.970215
0.970766
0.971287
0.971782
0.972251
0.972695
0.973115
0.973512
0.973888
0.974242
0.974577
0.974893
0.975191
0.975471
0.975735
0.975984
0.976218
0.976438
0.976644
0.976838
0.977019
0.977190
0.977349
0.977499
0.977639
0.977769
0.977892
0.978006
0.978112
0.978212
0.978304
0.978390
0.978471
0.978545
0.978615
0.978679
0.978739
0.978795
0.978846
0.978894
0.978938
0.978979
0.979017
0.979052
0.979084
0.979114
0.979142
0.979167
0.979190
0.979212
0.979231
0.979250
0.979266
0.979282
0.979296
0.979309
0.979320
0.979331
0.979341
0.979350
0.979358
0.979366
0.979373
0.979379
0.979385
0.979390
0.979395
0.979399
0.979403
0.979407
0.979410
0.979413
0.979416
0.979418
0.979420
0.979422
0.979424
0.979426
0.979427
0.979428
0.979429
0.979431
0.979431
0.979432
0.979433
0.979434
0.979434
0.979435
0.979436
0.979436
0.979436
0.979437
0.979437
0.979437
0.979438
0.979438
0.979438
0.979438
0.979438
0.979439
0.979439
0.979439
0.979439
0.979439
0.979439
0.979439
0.979439
0.979439
0.979439
0.979439
0.979439
0.979439
0.979439
0.979439
0.979439
0.979440
0.979440
0.979440
0.979440
0.979440
0.979440
0.979440
0.979440
0.979440
0.979440
0.979440
0.979440
0.979440
0.979440
0.979440
0.979440
0.979440
0.979440
0.979440
0.979440
0.979440
0.979440
0.979440
0.979440
0.979440
0.979440
0.979440
0.979440
0.979440
0.979440
0.979440
0.979440
0.979440
0.979440
0.979440
0.979440
0.979440
0.979440
0.979440
0.979440
0.979440
0.979440
0.979440
0.979440
0.979440
0.979440
0.979440
0.979440
0.979440
0.979440
0.979440
0.979440
0.979440
0.979440
0.979440
0.979440
0.979440
0.979440
0.979440
0.979440
0.979440
0.979440
0.979440
0.979440
0.979440
0.979440
0.979440
0.979440
0.979440
0.979440
0.979440
0.979440
0.979440
0.979440
0.979440
0.979440
0.979440
0.979440
0.979440
0.979440
0.979440
0.979440
0.979440
0.979440
0.979440
0.979440
0.979440
0.979440
0.979440
0.979440
0.979440
0.979440
0.979440
0.979440
0.979440
0.979440
0.979440
0.979440
0.979440
0.979440
0.979440
0.979440
0.979440
0.979440
0.979440
0.979440
0.979440
0.979440
0.979440
0.979440
0.979440
0.979440
0.979440
0.979440
0.979440
0.979440
0.979440
0.979440
0.979440
0.979440
0.979440
0.979440
0.979440
0.979440
0.979440
0.979440
0.979440
0.979440
0.979440
0.979440
0.979440
0.979440
0.979440
0.979440
0.979440
0.979440
0.979440
0.979440
0.979440
0.979440
0.979440
0.979440
0.979440
0.979440
0.979440
0.979440
0.979440
0.979440
0.979440
0.979440
0.979440
0.979440
0.979440
0.979440
0.979440
0.979440
0.979440
0.979440
0.979440
0.979440
0.979440
0.979440
0.979440
0.979440
0.979440
0.979440
0.979440
0.979440
0.979440
0.979440
0.979440
0.979440
0.979440
0.979440
0.979440
0.979440
0.979440
0.979440
0.979440
0.979440
0.979440
0.979440
0.979440
0.979440
0.979440
0.979440
0.979440
0.979440
0.979440
0.979440
0.979440
0.979440
0.979440
0.979440
0.979440
0.979440
0.979440
0.979440
0.979440
0.979440
0.979440
0.979440
0.979440
0.979440
0.979440
0.979440
0.979440
0.979440
0.979440
0.979440
0.979440
0.979440
0.979440
0.979440
0.979440
0.979440
0.979440
0.979440
0.979440
0.979440
0.979440
0.979440
0.979440
0.979440
0.979440
0.979440
0.979440
0.979440
0.979440
0.979440
0.979440
0.979440
0.979440
0.979440
0.979440
0.979440
0.979440
0.979440
0.979440
0.979440
0.979440
0.979440
0.979440
0.979440
0.979440
0.979440
0.979440
0.979440
0.979440
0.979440
0.979440
0.979440
0.979440
0.979440
0.979440
0.979440
0.979440
0.979440
0.979440
0.979440
0.979440
0.979440
0.979440
0.979440
0.979440
0.979440
0.979440
0.979440
0.979440
0.979440
0.979440
0.979440
0.979440
0.979440
0.979440
0.979440
0.979440
0.979440
0.979440
0.979440
0.979440
0.979440
0.979440
0.979440
0.979440
0.979440
0.979440
0.979440
0.979440
0.979440
0.979440
0.979440
0.979440
0.979440
0.979440
0.979440
0.979440
0.979440
0.979440
0.979440
0.979440
0.979440
0.979440
0.979440
0.979440
0.979440
0.979440
0.979440
0.979440
0.979440
0.979440
0.979440
0.979440
0.979440
0.979440
0.979440
0.979440
0.979440
0.979440
0.979440
0.979440
0.979440
0.979440
0.979440
0.979440
0.979440
0.979440
0.979440
0.979440
0.979440
0.979440
0.979440
0.979440
0.979440
0.979440
0.979440
0.979440
0.979440
0.979440
0.979440
