0.052537
0.115081
0.162799
0.173940
0.174030
0.181152
0.193072
0.204747
0.215520
0.225550
0.234968
0.243854
0.252314
0.260480
0.268506
0.276598
0.285281
0.294841
0.299315
0.301322
0.303254
0.305183
0.307106
0.309026
0.310941
0.312851
0.314758
0.316660
0.318558
0.320451
0.322341
0.324228
0.326110
0.327989
0.329865
0.331737
0.333606
0.335472
0.337334
0.339222
0.340906
0.342602
0.344297
0.345991
0.347682
0.349373
0.351061
0.352749
0.354435
0.356119
0.357802
0.359484
0.361165
0.362845
0.364524
0.366202
0.367880
0.369556
0.371232
0.372907
0.374582
0.376256
0.377929
0.379603
0.381276
0.382949
0.384622
0.386294
0.387967
0.389640
0.391313
0.392986
0.394659
0.396333
0.398007
0.399682
0.401357
0.403033
0.404710
0.406388
0.408066
0.409745
0.411426
0.413107
0.414789
0.416473
0.418158
0.419845
0.421532
0.423222
0.424913
0.426605
0.428300
0.429996
0.431694
0.433394
0.435095
0.436799
0.438505
0.440214
0.441924
0.443637
0.445352
0.447070
0.448791
0.450514
0.452239
0.453968
0.455699
0.457433
0.459170
0.460910
0.462653
0.464399
0.466148
0.467901
0.469657
0.471416
0.473179
0.474945
0.476715
0.478488
0.480265
0.482046
0.483830
0.485618
0.487411
0.489207
0.491007
0.492810
0.494619
0.496431
0.498247
0.500067
0.501892
0.503721
0.505555
0.507392
0.509234
0.511081
0.512932
0.514787
0.516647
0.518512
0.520381
0.522255
0.524134
0.526017
0.527905
0.529797
0.531695
0.533597
0.535504
0.537416
0.539332
0.541254
0.543180
0.545111
0.547047
0.548988
0.550934
0.552885
0.554840
0.556801
0.558766
0.560736
0.562711
0.564691
0.566676
0.568666
0.570661
0.572660
0.574664
0.576673
0.578687
0.580706
0.582729
0.584757
0.586790
0.588827
0.590869
0.592916
0.594967
0.597023
0.599083
0.601147
0.603216
0.605290
0.607367
0.609449
0.611535
0.613625
0.615720
0.617818
0.619920
0.622026
0.624136
0.626250
0.628368
0.630489
0.632614
0.634742
0.636874
0.639009
0.641147
0.643289
0.645433
0.647581
0.649731
0.651885
0.654041
0.656200
0.658361
0.660525
0.662691
0.664859
0.667030
0.669203
0.671377
0.673554
0.675732
0.677912
0.680093
0.682276
0.684460
0.686645
0.688831
0.691019
0.693207
0.695395
0.697584
0.699774
0.701964
0.704154
0.706344
0.708534
0.710724
0.712913
0.715102
0.717290
0.719477
0.721664
0.723849
0.726033
0.728216
0.730398
0.732577
0.734755
0.736931
0.739105
0.741277
0.743446
0.745612
0.747776
0.749937
0.752096
0.754250
0.756402
0.758550
0.760695
0.762836
0.764972
0.767105
0.769234
0.771358
0.773477
0.775592
0.777702
0.779807
0.781907
0.784001
0.786090
0.788173
0.790251
0.792322
0.794388
0.796447
0.798499
0.800545
0.802585
0.804617
0.806642
0.808661
0.810671
0.812675
0.814670
0.816658
0.818638
0.820610
0.822573
0.824529
0.826475
0.828413
0.830343
0.832263
0.834174
0.836076
0.837968
0.839852
0.841725
0.843589
0.845443
0.847286
0.849120
0.850943
0.852756
0.854559
0.856351
0.858132
0.859902
0.861662
0.863410
0.865147
0.866873
0.868587
0.870290
0.871981
0.873660
0.875328
0.876984
0.878628
0.880260
0.881879
0.883487
0.885082
0.886664
0.888235
0.889792
0.891337
0.892870
0.894389
0.895896
0.897390
0.898871
0.900339
0.901794
0.903235
0.904664
0.906079
0.907482
0.908871
0.910246
0.911608
0.912957
0.914293
0.915615
0.916924
0.918219
0.919500
0.920768
0.922023
0.923264
0.924492
0.925706
0.926906
0.928093
0.929267
0.930426
0.931573
0.932706
0.933825
0.934931
0.936023
0.937102
0.938168
0.939220
0.940259
0.941285
0.942297
0.943296
0.944282
0.945255
0.946214
0.947161
0.948095
0.949015
0.949923
0.950818
0.951700
0.952569
0.953426
0.954270
0.955101
0.955920
0.956727
0.957522
0.958304
0.959074
0.959832
0.960578
0.961312
0.962034
0.962744
0.963443
0.964130
0.964806
0.965470
0.966123
0.966765
0.967395
0.968015
0.968624
0.969222
0.969809
0.970386
0.970952
0.971508
0.972053
0.972588
0.973113
0.973629
0.974134
0.974629
0.975115
0.975592
0.976059
0.976516
0.976965
0.977404
0.977835
0.978256
0.978669
0.979073
0.979469
0.979856
0.980235
0.980606
0.980968
0.981323
0.981670
0.982009
0.982341
0.982665
0.982982
0.983291
0.983594
0.983889
0.984177
0.984459
0.984734
0.985002
0.985264
0.985519
0.985768
0.986011
0.986248
0.986479
0.986704
0.986924
0.987138
0.987346
0.987549
0.987746
0.987939
0.988126
0.988309
0.988486
0.988659
0.988826
0.988990
0.989149
0.989303
0.989453
0.989599
0.989741
0.989878
0.990012
0.990142
0.990268
0.990390
0.990509
0.990624
0.990735
0.990844
0.990949
0.991051
0.991149
0.991245
0.991338
0.991428
0.991514
0.991599
0.991680
0.991759
0.991835
0.991909
0.991981
0.992050
0.992116
0.992181
0.992243
0.992303
0.992362
0.992418
0.992472
0.992525
0.992575
0.992624
0.992671
0.992716
0.992760
0.992802
0.992843
0.992882
0.992920
0.992956
0.992991
0.993025
0.993057
0.993089
0.993119
0.993147
0.993175
0.993202
0.993228
0.993252
0.993276
0.993299
0.993321
0.993342
0.993362
0.993381
0.993400
0.993417
0.993434
0.993451
0.993466
0.993481
0.993496
0.993509
0.993523
0.993535
0.993547
0.993559
0.993570
0.993581
0.993591
0.993600
0.993609
0.993618
0.993627
0.993635
0.993642
0.993650
0.993657
0.993663
0.993670
0.993676
0.993682
0.993687
0.993692
0.993697
0.993702
0.993707
0.993711
0.993715
0.993719
0.993723
0.993726
0.993729
0.993733
0.993736
0.993739
0.993741
0.993744
0.993746
0.993749
0.993751
0.993753
0.993755
0.993757
0.993759
0.993760
0.993762
0.993763
0.993765
0.993766
0.993767
0.993769
0.993770
0.993771
0.993772
0.993773
0.993774
0.993775
0.993775
0.993776
0.993777
0.993778
0.993778
0.993779
0.993779
0.993780
0.993780
0.993781
0.993781
0.993782
0.993782
0.993783
0.993783
