0.009903
0.021432
0.035835
0.043101
0.049082
0.055541
0.062556
0.070237
0.078719
0.088175
0.098835
0.111053
0.125386
0.142608
0.163573
0.188817
0.217986
0.249014
0.277323
0.296138
0.299827
0.291484
0.284203
0.283757
0.285600
0.287599
0.289598
0.291594
0.293587
0.295578
0.297566
0.299552
0.301535
0.303515
0.305493
0.307468
0.309441
0.311411
0.313379
0.315382
0.317174
0.318973
0.320771
0.322568
0.324364
0.326159
0.327953
0.329746
0.331538
0.333330
0.335121
0.336911
0.338700
0.340490
0.342278
0.344066
0.345854
0.347642
0.349429
0.351216
0.353004
0.354791
0.356577
0.358364
0.360152
0.361939
0.363726
0.365514
0.367302
0.369090
0.370879
0.372668
0.374458
0.376248
0.378038
0.379830
0.381622
0.383414
0.385208
0.387002
0.388797
0.390593
0.392389
0.394187
0.395986
0.397785
0.399586
0.401387
0.403190
0.404993
0.406798
0.408604
0.410411
0.412220
0.414029
0.415840
0.417652
0.419465
0.421279
0.423095
0.424912
0.426730
0.428550
0.430371
0.432193
0.434016
0.435841
0.437667
0.439495
0.441323
0.443154
0.444985
0.446818
0.448652
0.450487
0.452324
0.454162
0.456001
0.457841
0.459683
0.461526
0.463370
0.465216
0.467062
0.468910
0.470759
0.472609
0.474460
0.476312
0.478165
0.480019
0.481874
0.483731
0.485588
0.487446
0.489305
0.491164
0.493025
0.494886
0.496748
0.498611
0.500475
0.502339
0.504204
0.506069
0.507935
0.509801
0.511668
0.513535
0.515403
0.517270
0.519139
0.521007
0.522875
0.524744
0.526613
0.528482
0.530351
0.532219
0.534088
0.535957
0.537825
0.539693
0.541561
0.543428
0.545295
0.547162
0.549028
0.550894
0.552759
0.554623
0.556487
0.558350
0.560212
0.562073
0.563933
0.565793
0.567651
0.569508
0.571365
0.573220
0.575073
0.576926
0.578777
0.580627
0.582475
0.584322
0.586167
0.588011
0.589853
0.591693
0.593531
0.595368
0.597203
0.599036
0.600867
0.602695
0.604522
0.606347
0.608169
0.609990
0.611807
0.613623
0.615436
0.617247
0.619055
0.620861
0.622664
0.624464
0.626262
0.628057
0.629849
0.631639
0.633425
0.635209
0.636989
0.638767
0.640541
0.642312
0.644080
0.645845
0.647607
0.649365
0.651120
0.652871
0.654619
0.656364
0.658105
0.659842
0.661576
0.663306
0.665033
0.666756
0.668474
0.670190
0.671901
0.673608
0.675311
0.677011
0.678706
0.680398
0.682085
0.683768
0.685447
0.687121
0.688792
0.690458
0.692120
0.693778
0.695431
0.697079
0.698724
0.700364
0.701999
0.703630
0.705256
0.706878
0.708495
0.710107
0.711715
0.713318
0.714916
0.716510
0.718098
0.719682
0.721261
0.722835
0.724405
0.725969
0.727528
0.729083
0.730632
0.732177
0.733716
0.735250
0.736780
0.738304
0.739823
0.741337
0.742846
0.744349
0.745848
0.747341
0.748829
0.750312
0.751789
0.753261
0.754728
0.756190
0.757646
0.759097
0.760543
0.761983
0.763418
0.764847
0.766271
0.767690
0.769103
0.770511
0.771914
0.773310
0.774702
0.776088
0.777468
0.778843
0.780213
0.781577
0.782935
0.784288
0.785636
0.786978
0.788314
0.789645
0.790970
0.792290
0.793604
0.794912
0.796215
0.797513
0.798804
0.800091
0.801371
0.802646
0.803916
0.805180
0.806438
0.807691
0.808938
0.810180
0.811416
0.812646
0.813871
0.815090
0.816303
0.817511
0.818714
0.819911
0.821102
0.822288
0.823468
0.824642
0.825811
0.826975
0.828133
0.829285
0.830432
0.831573
0.832709
0.833839
0.834964
0.836083
0.837196
0.838305
0.839407
0.840504
0.841596
0.842682
0.843763
0.844838
0.845908
0.846972
0.848031
0.849084
0.850132
0.851175
0.852212
0.853244
0.854270
0.855291
0.856307
0.857317
0.858322
0.859322
0.860316
0.861305
0.862289
0.863267
0.864240
0.865208
0.866171
0.867128
0.868080
0.869027
0.869969
0.870905
0.871837
0.872763
0.873684
0.874600
0.875511
0.876416
0.877317
0.878212
0.879103
0.879988
0.880868
0.881743
0.882614
0.883479
0.884339
0.885194
0.886045
0.886890
0.887730
0.888566
0.889396
0.890222
0.891043
0.891859
0.892670
0.893477
0.894278
0.895075
0.895867
0.896654
0.897436
0.898214
0.898987
0.899756
0.900519
0.901278
0.902033
0.902782
0.903528
0.904268
0.905004
0.905735
0.906462
0.907185
0.907902
0.908616
0.909325
0.910029
0.910729
0.911424
0.912116
0.912802
0.913485
0.914163
0.914836
0.915506
0.916171
0.916832
0.917488
0.918140
0.918788
0.919432
0.920072
0.920707
0.921338
0.921966
0.922589
0.923207
0.923822
0.924433
0.925040
0.925642
0.926241
0.926836
0.927426
0.928013
0.928596
0.929174
0.929749
0.930320
0.930887
0.931451
0.932010
0.932566
0.933118
0.933666
0.934210
0.934750
0.935287
0.935820
0.936350
0.936875
0.937397
0.937916
0.938431
0.938942
0.939449
0.939953
0.940454
0.940951
0.941444
0.941934
0.942421
0.942904
0.943383
0.943859
0.944332
0.944801
0.945267
0.945730
0.946189
0.946645
0.947098
0.947547
0.947993
0.948436
0.948875
0.949312
0.949745
0.950175
0.950602
0.951025
0.951446
0.951863
0.952278
0.952689
0.953097
0.953502
0.953904
0.954303
0.954699
0.955093
0.955483
0.955870
0.956254
0.956636
0.957014
0.957390
0.957763
0.958133
0.958500
0.958864
0.959225
0.959584
0.959940
0.960293
0.960644
0.960992
0.961337
0.961679
0.962019
0.962356
0.962690
0.963022
0.963351
0.963678
0.964002
0.964324
0.964643
0.964959
0.965273
0.965584
0.965893
0.966200
0.966504
0.966806
0.967105
0.967402
0.967696
0.967988
0.968278
0.968566
0.968851
0.969133
0.969414
0.969692
0.969968
0.970242
0.970513
0.970782
0.971049
0.971314
0.971577
0.971837
0.972096
0.972352
0.972606
0.972858
0.973108
0.973356
0.973601
0.973845
0.974087
0.974326
0.974564
0.974799
0.975033
0.975265
0.975494
0.975722
0.975948
0.976172
0.976394
0.976614
0.976832
0.977049
0.977263
0.977476
0.977687
0.977896
0.978103
0.978309
0.978512
0.978714
0.978914
