0.019719
0.042034
0.065314
0.090215
0.117683
0.149896
0.189580
0.231680
0.261522
0.272033
0.272981
0.277330
0.279936
0.281855
0.283835
0.285810
0.287779
0.289744
0.291703
0.293656
0.295604
0.297547
0.299484
0.301416
0.303343
0.305265
0.307182
0.309094
0.311001
0.312904
0.314802
0.316695
0.318584
0.320469
0.322349
0.324225
0.326097
0.327965
0.329829
0.331723
0.333415
0.335109
0.336802
0.338492
0.340180
0.341864
0.343546
0.345224
0.346900
0.348573
0.350244
0.351912
0.353577
0.355240
0.356900
0.358558
0.360213
0.361866
0.363517
0.365165
0.366811
0.368455
0.370097
0.371737
0.373374
0.375009
0.376643
0.378274
0.379904
0.381531
0.383157
0.384781
0.386403
0.388023
0.389642
0.391259
0.392875
0.394489
0.396101
0.397712
0.399322
0.400930
0.402537
0.404143
0.405747
0.407350
0.408952
0.410553
0.412152
0.413751
0.415349
0.416945
0.418541
0.420136
0.421730
0.423323
0.424916
0.426507
0.428099
0.429689
0.431279
0.432868
0.434457
0.436045
0.437633
0.439220
0.440807
0.442394
0.443980
0.445567
0.447153
0.448738
0.450324
0.451910
0.453495
0.455081
0.456666
0.458251
0.459837
0.461423
0.463009
0.464595
0.466181
0.467767
0.469354
0.470941
0.472528
0.474116
0.475704
0.477293
0.478882
0.480471
0.482061
0.483652
0.485243
0.486835
0.488428
0.490021
0.491614
0.493209
0.494804
0.496400
0.497997
0.499594
0.501193
0.502792
0.504392
0.505993
0.507595
0.509198
0.510802
0.512407
0.514012
0.515619
0.517227
0.518836
0.520446
0.522057
0.523669
0.525282
0.526896
0.528512
0.530129
0.531746
0.533365
0.534985
0.536606
0.538229
0.539852
0.541477
0.543103
0.544731
0.546359
0.547989
0.549620
0.551252
0.552885
0.554520
0.556156
0.557793
0.559431
0.561070
0.562711
0.564353
0.565996
0.567641
0.569286
0.570933
0.572581
0.574231
0.575881
0.577533
0.579185
0.580839
0.582494
0.584151
0.585808
0.587467
0.589126
0.590787
0.592449
0.594111
0.595775
0.597440
0.599106
0.600773
0.602440
0.604109
0.605779
0.607449
0.609121
0.610793
0.612466
0.614140
0.615815
0.617491
0.619167
0.620844
0.622522
0.624200
0.625879
0.627558
0.629238
0.630919
0.632600
0.634282
0.635964
0.637647
0.639329
0.641013
0.642696
0.644380
0.646064
0.647748
0.649433
0.651117
0.652802
0.654487
0.656172
0.657856
0.659541
0.661226
0.662910
0.664594
0.666278
0.667962
0.669645
0.671329
0.673011
0.674693
0.676375
0.678056
0.679737
0.681417
0.683096
0.684775
0.686453
0.688130
0.689806
0.691482
0.693156
0.694829
0.696502
0.698173
0.699843
0.701512
0.703179
0.704846
0.706511
0.708174
0.709836
0.711497
0.713156
0.714814
0.716469
0.718124
0.719776
0.721426
0.723075
0.724722
0.726366
0.728009
0.729650
0.731288
0.732925
0.734559
0.736190
0.737820
0.739447
0.741071
0.742693
0.744313
0.745930
0.747544
0.749155
0.750764
0.752370
0.753973
0.755573
0.757170
0.758764
0.760355
0.761942
0.763527
0.765108
0.766686
0.768260
0.769831
0.771399
0.772963
0.774523
0.776080
0.777633
0.779183
0.780728
0.782270
0.783808
0.785342
0.786872
0.788398
0.789920
0.791437
0.792951
0.794460
0.795965
0.797465
0.798961
0.800453
0.801940
0.803423
0.804901
0.806374
0.807843
0.809307
0.810766
0.812220
0.813670
0.815114
0.816554
0.817989
0.819418
0.820843
0.822262
0.823676
0.825085
0.826489
0.827887
0.829281
0.830668
0.832051
0.833427
0.834799
0.836164
0.837525
0.838879
0.840228
0.841571
0.842909
0.844241
0.845567
0.846887
0.848201
0.849510
0.850812
0.852109
0.853399
0.854684
0.855963
0.857235
0.858501
0.859762
0.861016
0.862264
0.863505
0.864741
0.865970
0.867193
0.868409
0.869619
0.870823
0.872021
0.873212
0.874396
0.875575
0.876746
0.877912
0.879070
0.880222
0.881368
0.882507
0.883640
0.884766
0.885885
0.886998
0.888104
0.889203
0.890296
0.891382
0.892462
0.893535
0.894601
0.895660
0.896713
0.897759
0.898798
0.899830
0.900856
0.901875
0.902887
0.903892
0.904891
0.905883
0.906868
0.907846
0.908818
0.909783
0.910741
0.911692
0.912637
0.913574
0.914505
0.915429
0.916347
0.917257
0.918161
0.919058
0.919949
0.920833
0.921709
0.922580
0.923443
0.924300
0.925150
0.925993
0.926830
0.927660
0.928484
0.929300
0.930111
0.930914
0.931711
0.932501
0.933285
0.934062
0.934833
0.935597
0.936354
0.937106
0.937850
0.938588
0.939320
0.940045
0.940764
0.941477
0.942183
0.942882
0.943576
0.944263
0.944944
0.945618
0.946287
0.946949
0.947605
0.948255
0.948898
0.949536
0.950167
0.950792
0.951412
0.952025
0.952632
0.953234
0.953829
0.954418
0.955002
0.955580
0.956151
0.956718
0.957278
0.957832
0.958381
0.958924
0.959462
0.959994
0.960520
0.961041
0.961556
0.962066
0.962570
0.963068
0.963562
0.964050
0.964532
0.965010
0.965482
0.965949
0.966410
0.966867
0.967318
0.967764
0.968205
0.968641
0.969072
0.969498
0.969919
0.970335
0.970747
0.971153
0.971555
0.971951
0.972344
0.972731
0.973114
0.973492
0.973865
0.974234
0.974599
0.974959
0.975314
0.975665
0.976012
0.976354
0.976692
0.977026
0.977355
0.977680
0.978001
0.978318
0.978631
0.978940
0.979245
0.979545
0.979842
0.980135
0.980424
0.980709
0.980990
0.981268
0.981541
0.981811
0.982078
0.982340
0.982599
0.982855
0.983107
0.983355
0.983600
0.983842
0.984080
0.984314
0.984546
0.984774
0.984999
0.985220
0.985438
0.985654
0.985866
0.986075
0.986281
0.986483
0.986683
0.986880
0.987074
0.987265
0.987453
0.987638
0.987821
0.988001
0.988178
0.988352
0.988523
0.988692
0.988859
0.989022
0.989183
0.989342
0.989498
0.989652
0.989803
0.989952
0.990098
0.990242
0.990384
0.990523
0.990660
0.990795
0.990928
0.991058
0.991187
0.991313
0.991437
0.991559
0.991679
0.991797
0.991913
0.992027
0.992139
0.992249
0.992358
0.992464
