0.011753
0.025050
0.042040
0.073574
0.122586
0.176589
0.222563
0.247590
0.261566
0.269041
0.273244
0.276024
0.278264
0.280323
0.282328
0.284317
0.286300
0.288277
0.290249
0.292214
0.294174
0.296127
0.298074
0.300016
0.301952
0.303881
0.305806
0.307724
0.309637
0.311544
0.313446
0.315342
0.317233
0.319118
0.320998
0.322873
0.324742
0.326606
0.328465
0.330377
0.332094
0.333790
0.335480
0.337165
0.338845
0.340521
0.342193
0.343861
0.345524
0.347183
0.348838
0.350489
0.352135
0.353777
0.355415
0.357049
0.358679
0.360304
0.361926
0.363543
0.365156
0.366765
0.368370
0.369970
0.371567
0.373160
0.374748
0.376333
0.377913
0.379490
0.381062
0.382631
0.384195
0.385755
0.387312
0.388864
0.390413
0.391957
0.393498
0.395035
0.396568
0.398096
0.399621
0.401143
0.402660
0.404173
0.405683
0.407188
0.408690
0.410188
0.411682
0.413173
0.414659
0.416142
0.417621
0.419096
0.420568
0.422035
0.423499
0.424960
0.426416
0.427869
0.429318
0.430763
0.432205
0.433643
0.435078
0.436508
0.437935
0.439359
0.440779
0.442195
0.443608
0.445017
0.446422
0.447824
0.449222
0.450617
0.452008
0.453395
0.454780
0.456160
0.457537
0.458911
0.460281
0.461647
0.463010
0.464370
0.465726
0.467078
0.468428
0.469773
0.471116
0.472455
0.473790
0.475122
0.476451
0.477776
0.479098
0.480417
0.481732
0.483044
0.484352
0.485658
0.486960
0.488258
0.489553
0.490845
0.492134
0.493419
0.494701
0.495980
0.497256
0.498528
0.499797
0.501063
0.502326
0.503585
0.504841
0.506094
0.507344
0.508591
0.509834
0.511075
0.512312
0.513546
0.514777
0.516004
0.517229
0.518450
0.519669
0.520884
0.522096
0.523305
0.524511
0.525714
0.526914
0.528111
0.529304
0.530495
0.531683
0.532867
0.534049
0.535228
0.536403
0.537576
0.538746
0.539912
0.541076
0.542237
0.543395
0.544550
0.545701
0.546850
0.547996
0.549140
0.550280
0.551417
0.552552
0.553683
0.554812
0.555938
0.557060
0.558181
0.559298
0.560412
0.561524
0.562632
0.563738
0.564841
0.565942
0.567039
0.568134
0.569226
0.570315
0.571401
0.572485
0.573565
0.574644
0.575719
0.576791
0.577861
0.578928
0.579993
0.581055
0.582114
0.583170
0.584224
0.585275
0.586323
0.587368
0.588411
0.589452
0.590489
0.591524
0.592557
0.593587
0.594614
0.595638
0.596660
0.597679
0.598696
0.599710
0.600722
0.601731
0.602737
0.603741
0.604743
0.605741
0.606738
0.607731
0.608723
0.609711
0.610697
0.611681
0.612662
0.613641
0.614617
0.615591
0.616562
0.617531
0.618497
0.619461
0.620422
0.621381
0.622338
0.623292
0.624244
0.625193
0.626140
0.627084
0.628026
0.628966
0.629903
0.630838
0.631770
0.632701
0.633628
0.634554
0.635477
0.636398
0.637316
0.638232
0.639146
0.640057
0.640966
0.641873
0.642778
0.643680
0.644580
0.645477
0.646373
0.647266
0.648157
0.649045
0.649932
0.650816
0.651697
0.652577
0.653454
0.654330
0.655202
0.656073
0.656942
0.657808
0.658672
0.659534
0.660394
0.661251
0.662107
0.662960
0.663811
0.664660
0.665507
0.666351
0.667194
0.668034
0.668872
0.669709
0.670542
0.671374
0.672204
0.673032
0.673857
0.674681
0.675502
0.676322
0.677139
0.677954
0.678767
0.679578
0.680387
0.681194
0.681999
0.682802
0.683603
0.684402
0.685199
0.685994
0.686787
0.687577
0.688366
0.689153
0.689938
0.690721
0.691502
0.692281
0.693058
0.693833
0.694606
0.695377
0.696146
0.696913
0.697679
0.698442
0.699204
0.699963
0.700721
0.701477
0.702230
0.702982
0.703732
0.704480
0.705227
0.705971
0.706714
0.707454
0.708193
0.708930
0.709665
0.710398
0.711130
0.711859
0.712587
0.713313
0.714037
0.714759
0.715480
0.716199
0.716915
0.717631
0.718344
0.719055
0.719765
0.720473
0.721179
0.721883
0.722586
0.723287
0.723986
0.724683
0.725379
0.726073
0.726765
0.727456
0.728144
0.728831
0.729517
0.730200
0.730882
0.731562
0.732241
0.732917
0.733593
0.734266
0.734938
0.735608
0.736276
0.736943
0.737608
0.738271
0.738933
0.739593
0.740252
0.740909
0.741564
0.742217
0.742869
0.743520
0.744169
0.744816
0.745461
0.746105
0.746748
0.747388
0.748028
0.748665
0.749301
0.749936
0.750569
0.751200
0.751830
0.752458
0.753085
0.753710
0.754333
0.754955
0.755576
0.756195
0.756812
0.757428
0.758043
0.758656
0.759267
0.759877
0.760485
0.761092
0.761698
0.762302
0.762904
0.763505
0.764105
0.764703
0.765300
0.765895
0.766489
0.767081
0.767672
0.768261
0.768849
0.769436
0.770021
0.770604
0.771187
0.771767
0.772347
0.772925
0.773502
0.774077
0.774651
0.775223
0.775794
0.776364
0.776932
0.777499
0.778065
0.778629
0.779192
0.779753
0.780313
0.780872
0.781430
0.781986
0.782541
0.783094
0.783646
0.784197
0.784747
0.785295
0.785842
0.786387
0.786932
0.787474
0.788016
0.788557
0.789096
0.789633
0.790170
0.790705
0.791239
0.791772
0.792304
0.792834
0.793363
0.793890
0.794417
0.794942
0.795466
0.795989
0.796511
0.797031
0.797550
0.798068
0.798584
0.799100
0.799614
0.800127
0.800639
0.801150
0.801659
0.802167
0.802675
0.803180
0.803685
0.804189
0.804691
0.805192
0.805693
0.806192
0.806689
0.807186
0.807681
0.808176
0.808669
0.809161
0.809652
0.810142
0.810631
0.811118
0.811605
0.812090
0.812574
0.813058
0.813540
0.814021
0.814501
0.814979
0.815457
0.815934
0.816409
0.816884
0.817357
0.817830
0.818301
0.818771
0.819240
0.819709
0.820176
0.820642
0.821107
0.821571
0.822034
0.822496
0.822957
0.823417
0.823875
0.824333
0.824790
0.825246
0.825701
0.826155
0.826608
0.827060
0.827510
0.827960
0.828409
0.828857
0.829304
0.829750
0.830195
0.830639
0.831083
0.831525
0.831966
0.832406
0.832846
0.833284
0.833722
0.834158
0.834594
0.835028
0.835462
0.835895
0.836327
0.836758
0.837188
0.837617
0.838045
0.838473
0.838899
