0.015325
0.073931
0.152259
0.206667
0.237246
0.255448
0.269003
0.272619
0.275056
0.277205
0.279257
0.281274
0.283277
0.285272
0.287260
0.289241
0.291216
0.293185
0.295148
0.297105
0.299055
0.301000
0.302939
0.304871
0.306798
0.308719
0.310635
0.312544
0.314448
0.316347
0.318240
0.320127
0.322009
0.323885
0.325757
0.327622
0.329483
0.331338
0.333188
0.335094
0.336806
0.338496
0.340179
0.341857
0.343530
0.345199
0.346863
0.348523
0.350179
0.351831
0.353479
0.355122
0.356761
0.358396
0.360026
0.361653
0.363275
0.364893
0.366507
0.368117
0.369723
0.371324
0.372922
0.374515
0.376104
0.377690
0.379271
0.380848
0.382421
0.383990
0.385555
0.387116
0.388673
0.390226
0.391775
0.393320
0.394861
0.396399
0.397932
0.399461
0.400987
0.402508
0.404026
0.405540
0.407049
0.408555
0.410058
0.411556
0.413050
0.414541
0.416028
0.417511
0.418990
0.420466
0.421937
0.423405
0.424869
0.426330
0.427786
0.429239
0.430688
0.432134
0.433576
0.435014
0.436448
0.437879
0.439306
0.440730
0.442150
0.443566
0.444978
0.446387
0.447793
0.449194
0.450593
0.451987
0.453378
0.454766
0.456150
0.457530
0.458907
0.460280
0.461650
0.463016
0.464379
0.465739
0.467094
0.468447
0.469796
0.471141
0.472483
0.473822
0.475157
0.476489
0.477817
0.479142
0.480464
0.481782
0.483097
0.484409
0.485717
0.487021
0.488323
0.489621
0.490916
0.492207
0.493496
0.494781
0.496062
0.497341
0.498616
0.499888
0.501156
0.502421
0.503684
0.504942
0.506198
0.507451
0.508700
0.509946
0.511189
0.512429
0.513665
0.514899
0.516129
0.517356
0.518580
0.519801
0.521018
0.522233
0.523444
0.524653
0.525858
0.527060
0.528260
0.529456
0.530649
0.531839
0.533026
0.534210
0.535391
0.536569
0.537743
0.538915
0.540084
0.541250
0.542413
0.543573
0.544730
0.545884
0.547035
0.548183
0.549329
0.550471
0.551610
0.552747
0.553880
0.555011
0.556139
0.557264
0.558386
0.559505
0.560622
0.561735
0.562846
0.563953
0.565058
0.566161
0.567260
0.568357
0.569450
0.570541
0.571629
0.572715
0.573797
0.574877
0.575954
0.577029
0.578100
0.579169
0.580235
0.581299
0.582360
0.583418
0.584473
0.585525
0.586575
0.587623
0.588667
0.589709
0.590748
0.591785
0.592819
0.593850
0.594879
0.595905
0.596929
0.597949
0.598968
0.599983
0.600996
0.602007
0.603015
0.604020
0.605023
0.606023
0.607021
0.608016
0.609008
0.609998
0.610986
0.611971
0.612953
0.613933
0.614911
0.615886
0.616858
0.617828
0.618796
0.619761
0.620723
0.621683
0.622641
0.623596
0.624549
0.625500
0.626448
0.627393
0.628336
0.629277
0.630215
0.631151
0.632085
0.633016
0.633945
0.634871
0.635795
0.636717
0.637636
0.638553
0.639468
0.640380
0.641290
0.642198
0.643104
0.644007
0.644907
0.645806
0.646702
0.647596
0.648488
0.649377
0.650264
0.651149
0.652031
0.652912
0.653790
0.654666
0.655539
0.656411
0.657280
0.658147
0.659012
0.659874
0.660734
0.661593
0.662449
0.663302
0.664154
0.665003
0.665851
0.666696
0.667539
0.668379
0.669218
0.670055
0.670889
0.671721
0.672551
0.673379
0.674205
0.675029
0.675851
0.676670
0.677488
0.678303
0.679117
0.679928
0.680737
0.681544
0.682350
0.683153
0.683954
0.684753
0.685550
0.686344
0.687137
0.687928
0.688717
0.689504
0.690289
0.691071
0.691852
0.692631
0.693408
0.694183
0.694956
0.695727
0.696496
0.697263
0.698028
0.698791
0.699552
0.700311
0.701069
0.701824
0.702577
0.703329
0.704078
0.704826
0.705572
0.706316
0.707058
0.707798
0.708536
0.709273
0.710007
0.710740
0.711470
0.712199
0.712926
0.713651
0.714375
0.715096
0.715816
0.716534
0.717250
0.717964
0.718676
0.719387
0.720095
0.720802
0.721507
0.722211
0.722912
0.723612
0.724310
0.725006
0.725700
0.726393
0.727084
0.727773
0.728460
0.729146
0.729830
0.730512
0.731192
0.731871
0.732548
0.733223
0.733896
0.734568
0.735238
0.735906
0.736573
0.737238
0.737901
0.738563
0.739223
0.739881
0.740537
0.741192
0.741845
0.742497
0.743147
0.743795
0.744442
0.745086
0.745730
0.746371
0.747011
0.747650
0.748286
0.748922
0.749555
0.750187
0.750817
0.751446
0.752073
0.752698
0.753322
0.753945
0.754565
0.755184
0.755802
0.756418
0.757032
0.757645
0.758257
0.758866
0.759474
0.760081
0.760686
0.761290
0.761892
0.762492
0.763091
0.763689
0.764285
0.764879
0.765472
0.766063
0.766653
0.767241
0.767828
0.768414
0.768998
0.769580
0.770161
0.770740
0.771318
0.771895
0.772470
0.773043
0.773616
0.774186
0.774755
0.775323
0.775890
0.776454
0.777018
0.777580
0.778140
0.778700
0.779257
0.779814
0.780368
0.780922
0.781474
0.782025
0.782574
0.783122
0.783668
0.784213
0.784757
0.785299
0.785840
0.786380
0.786918
0.787455
0.787990
0.788524
0.789057
0.789589
0.790119
0.790647
0.791175
0.791701
0.792225
0.792749
0.793271
0.793791
0.794311
0.794829
0.795345
0.795861
0.796375
0.796888
0.797399
0.797909
0.798418
0.798926
0.799432
0.799937
0.800441
0.800943
0.801444
0.801944
0.802443
0.802940
0.803436
0.803931
0.804425
0.804917
0.805408
0.805898
0.806387
0.806874
0.807360
0.807845
0.808329
0.808811
0.809292
0.809772
0.810251
0.810728
0.811205
0.811680
0.812154
0.812626
0.813098
0.813568
0.814037
0.814505
0.814972
0.815438
0.815902
0.816365
0.816827
0.817288
0.817748
0.818206
0.818664
0.819120
0.819575
0.820029
0.820481
0.820933
0.821383
0.821833
0.822281
0.822728
0.823174
0.823618
0.824062
0.824505
0.824946
0.825386
0.825825
0.826263
0.826700
0.827136
0.827571
0.828004
0.828437
0.828868
0.829299
0.829728
0.830156
0.830583
0.831009
0.831434
0.831858
0.832281
0.832702
0.833123
0.833542
0.833961
0.834378
0.834795
0.835210
0.835624
0.836037
0.836450
0.836861
0.837271
0.837680
0.838088
0.838495
0.838901
