0.425220
0.551961
0.624182
0.672346
0.707474
0.734710
0.756690
0.774969
0.790522
0.803963
0.815728
0.826154
0.835490
0.843924
0.851609
0.858681
0.865253
0.871416
0.877257
0.882898
0.888491
0.894260
0.900702
0.907657
0.911171
0.911655
0.911674
0.911675
0.911676
0.911676
0.911676
0.911676
0.911677
0.911677
0.911677
0.911677
0.911677
0.911677
0.911677
0.911677
0.911677
0.911677
0.911677
0.911677
0.911677
0.911677
0.911677
0.911677
0.911677
0.911677
0.911677
0.911677
0.911677
0.911677
0.911677
0.911677
0.911677
0.911677
0.911677
0.911677
0.911677
0.911677
0.911677
0.911677
0.911677
0.911677
0.911677
0.911677
0.911677
0.911677
0.911677
0.911677
0.911677
0.911677
0.911677
0.911677
0.911677
0.911677
0.911677
0.911677
0.911677
0.911677
0.911677
0.911677
0.911677
0.911677
0.911677
0.911677
0.911677
0.911677
0.911677
0.911677
0.911677
0.911677
0.911677
0.911677
0.911677
0.911677
0.911677
0.911677
0.911677
0.911677
0.911677
0.911677
0.911677
0.911677
0.911677
0.911677
0.911677
0.911677
0.911677
0.911677
0.911677
0.911677
0.911677
0.911677
0.911677
0.911677
0.911677
0.911677
0.911677
0.911677
0.911677
0.911677
0.911677
0.911677
0.911677
0.911677
0.911677
0.911677
0.911677
0.911677
0.911677
0.911677
0.911677
0.911677
0.911677
0.911677
0.911677
0.911677
0.911677
0.911677
0.911677
0.911677
0.911677
0.911677
0.911677
0.911677
0.911677
0.911677
0.911677
0.911677
0.911677
0.911677
0.911677
0.911677
0.911677
0.911677
0.911677
0.911677
0.911677
0.911677
0.911677
0.911677
0.911677
0.911677
0.911677
0.911677
0.911677
0.911677
0.911677
0.911677
0.911677
0.911677
0.911677
0.911677
0.911677
0.911677
0.911677
0.911677
0.911677
0.911677
0.911677
0.911677
0.911677
0.911677
0.911677
0.911677
0.911677
0.911677
0.911677
0.911677
0.911677
0.911677
0.911677
0.911677
0.911677
0.911677
0.911677
0.911677
0.911677
0.911677
0.911677
0.911677
0.911677
0.911677
0.911677
0.911677
0.911677
0.911677
0.911677
0.911677
0.911677
0.911677
0.911677
0.911677
0.911677
0.911677
0.911677
0.911677
0.911677
0.911677
0.911677
0.911677
0.911677
0.911677
0.911677
0.911677
0.911677
0.911677
0.911677
0.911677
0.911677
0.911677
0.911677
0.911677
0.911677
0.911677
0.911677
0.911677
0.911677
0.911677
0.911677
0.911677
0.911677
0.911677
0.911677
0.911677
0.911677
0.911677
0.911677
0.911677
0.911677
0.911677
0.911677
0.911677
0.911677
0.911677
0.911677
0.911677
0.911677
0.911677
0.911677
0.911677
0.911677
0.911677
0.911677
0.911677
0.911677
0.911677
0.911677
0.911677
0.911677
0.911677
0.911677
0.911677
0.911677
0.911677
0.911677
0.911677
0.911677
0.911677
0.911677
0.911677
0.911677
0.911677
0.911677
0.911677
0.911677
0.911677
0.911677
0.911677
0.911677
0.911677
0.911677
0.911677
0.911677
0.911677
0.911677
0.911677
0.911677
0.911677
0.911677
0.911677
0.911677
0.911677
0.911677
0.911677
0.911677
0.911677
0.911677
0.911677
0.911677
0.911677
0.911677
0.911677
0.911677
0.911677
0.911677
0.911677
0.911677
0.911677
0.911677
0.911677
0.911677
0.911677
0.911677
0.911677
0.911677
0.911677
0.911677
0.911677
0.911677
0.911677
0.911677
0.911677
0.911677
0.911677
0.911677
0.911677
0.911677
0.911677
0.911677
0.911677
0.911677
0.911677
0.911677
0.911677
0.911677
0.911677
0.911677
0.911677
0.911677
0.911677
0.911677
0.911677
0.911677
0.911677
0.911677
0.911677
0.911677
0.911677
0.911677
0.911677
0.911677
0.911677
0.911677
0.911677
0.911677
0.911677
0.911677
0.911677
0.911677
0.911677
0.911677
0.911677
0.911677
0.911677
0.911677
0.911677
0.911677
0.911677
0.911677
0.911677
0.911677
0.911677
0.911677
0.911677
0.911677
0.911677
0.911677
0.911677
0.911677
0.911677
0.911677
0.911677
0.911677
0.911677
0.911677
0.911677
0.911677
0.911677
0.911677
0.911677
0.911677
0.911677
0.911677
0.911677
0.911677
0.911677
0.911677
0.911677
0.911677
0.911677
0.911677
0.911677
0.911677
0.911677
0.911677
0.911677
0.911677
0.911677
0.911677
0.911677
0.911677
0.911677
0.911677
0.911677
0.911677
0.911677
0.911677
0.911677
0.911677
0.911677
0.911677
0.911677
0.911677
0.911677
0.911677
0.911677
0.911677
0.911677
0.911677
0.911677
0.911677
0.911677
0.911677
0.911677
0.911677
0.911677
0.911677
0.911677
0.911677
0.911677
0.911677
0.911677
0.911677
0.911677
0.911677
0.911677
0.911677
0.911677
0.911677
0.911677
0.911677
0.911677
0.911677
0.911677
0.911677
0.911677
0.911677
0.911677
0.911677
0.911677
0.911677
0.911677
0.911677
0.911677
0.911677
0.911677
0.911677
0.911677
0.911677
0.911677
0.911677
0.911677
0.911677
0.911677
0.911677
0.911677
0.911677
0.911677
0.911677
0.911677
0.911677
0.911677
0.911677
0.911677
0.911677
0.911677
0.911677
0.911677
0.911677
0.911677
0.911677
0.911677
0.911677
0.911677
0.911677
0.911677
0.911677
0.911677
0.911677
0.911677
0.911677
0.911677
0.911677
0.911677
0.911677
0.911677
0.911677
0.911677
0.911677
0.911677
0.911677
0.911677
0.911677
0.911677
0.911677
0.911677
0.911677
0.911677
0.911677
0.911677
0.911677
0.911677
0.911677
0.911677
0.911677
0.911677
0.911677
0.911677
0.911677
0.911677
0.911677
0.911677
0.911677
0.911677
0.911677
0.911677
0.911677
0.911677
0.911677
0.911677
0.911677
0.911677
0.911677
0.911677
0.911677
0.911677
0.911677
0.911677
0.911677
0.911677
0.911677
0.911677
0.911677
0.911677
0.911677
0.911677
0.911677
0.911677
0.911677
0.911677
0.911677
0.911677
0.911677
0.911677
0.911677
0.911677
0.911677
0.911677
0.911677
0.911677
0.911677
0.911677
0.911677
0.911677
0.911677
0.911677
0.911677
0.911677
0.911677
0.911677
0.911677
0.911677
0.911677
0.911677
0.911677
0.911677
