0.347069
0.626731
0.679752
0.718469
0.748572
0.773017
0.793504
0.811070
0.826364
0.839859
0.851909
0.862777
0.872657
0.881713
0.890085
0.897893
0.905224
0.912169
0.918861
0.925460
0.932202
0.939647
0.947498
0.951137
0.952037
0.952658
0.953239
0.953785
0.954297
0.954777
0.955226
0.955645
0.956035
0.956398
0.956736
0.957049
0.957339
0.957607
0.957855
0.958083
0.958293
0.958486
0.958663
0.958825
0.958974
0.959109
0.959233
0.959345
0.959448
0.959541
0.959625
0.959701
0.959770
0.959832
0.959888
0.959939
0.959984
0.960025
0.960061
0.960094
0.960123
0.960149
0.960172
0.960193
0.960211
0.960227
0.960242
0.960254
0.960266
0.960276
0.960284
0.960292
0.960299
0.960305
0.960310
0.960315
0.960319
0.960322
0.960325
0.960328
0.960330
0.960332
0.960334
0.960336
0.960337
0.960338
0.960339
0.960340
0.960341
0.960341
0.960342
0.960342
0.960343
0.960343
0.960343
0.960343
0.960344
0.960344
0.960344
0.960344
0.960344
0.960344
0.960344
0.960344
0.960345
0.960345
0.960345
0.960345
0.960345
0.960345
0.960345
0.960345
0.960345
0.960345
0.960345
0.960345
0.960345
0.960345
0.960345
0.960345
0.960345
0.960345
0.960345
0.960345
0.960345
0.960345
0.960345
0.960345
0.960345
0.960345
0.960345
0.960345
0.960345
0.960345
0.960345
0.960345
0.960345
0.960345
0.960345
0.960345
0.960345
0.960345
0.960345
0.960345
0.960345
0.960345
0.960345
0.960345
0.960345
0.960345
0.960345
0.960345
0.960345
0.960345
0.960345
0.960345
0.960345
0.960345
0.960345
0.960345
0.960345
0.960345
0.960345
0.960345
0.960345
0.960345
0.960345
0.960345
0.960345
0.960345
0.960345
0.960345
0.960345
0.960345
0.960345
0.960345
0.960345
0.960345
0.960345
0.960345
0.960345
0.960345
0.960345
0.960345
0.960345
0.960345
0.960345
0.960345
0.960345
0.960345
0.960345
0.960345
0.960345
0.960345
0.960345
0.960345
0.960345
0.960345
0.960345
0.960345
0.960345
0.960345
0.960345
0.960345
0.960345
0.960345
0.960345
0.960345
0.960345
0.960345
0.960345
0.960345
0.960345
0.960345
0.960345
0.960345
0.960345
0.960345
0.960345
0.960345
0.960345
0.960345
0.960345
0.960345
0.960345
0.960345
0.960345
0.960345
0.960345
0.960345
0.960345
0.960345
0.960345
0.960345
0.960345
0.960345
0.960345
0.960345
0.960345
0.960345
0.960345
0.960345
0.960345
0.960345
0.960345
0.960345
0.960345
0.960345
0.960345
0.960345
0.960345
0.960345
0.960345
0.960345
0.960345
0.960345
0.960345
0.960345
0.960345
0.960345
0.960345
0.960345
0.960345
0.960345
0.960345
0.960345
0.960345
0.960345
0.960345
0.960345
0.960345
0.960345
0.960345
0.960345
0.960345
0.960345
0.960345
0.960345
0.960345
0.960345
0.960345
0.960345
0.960345
0.960345
0.960345
0.960345
0.960345
0.960345
0.960345
0.960345
0.960345
0.960345
0.960345
0.960345
0.960345
0.960345
0.960345
0.960345
0.960345
0.960345
0.960345
0.960345
0.960345
0.960345
0.960345
0.960345
0.960345
0.960345
0.960345
0.960345
0.960345
0.960345
0.960345
0.960345
0.960345
0.960345
0.960345
0.960345
0.960345
0.960345
0.960345
0.960345
0.960345
0.960345
0.960345
0.960345
0.960345
0.960345
0.960345
0.960345
0.960345
0.960345
0.960345
0.960345
0.960345
0.960345
0.960345
0.960345
0.960345
0.960345
0.960345
0.960345
0.960345
0.960345
0.960345
0.960345
0.960345
0.960345
0.960345
0.960345
0.960345
0.960345
0.960345
0.960345
0.960345
0.960345
0.960345
0.960345
0.960345
0.960345
0.960345
0.960345
0.960345
0.960345
0.960345
0.960345
0.960345
0.960345
0.960345
0.960345
0.960345
0.960345
0.960345
0.960345
0.960345
0.960345
0.960345
0.960345
0.960345
0.960345
0.960345
0.960345
0.960345
0.960345
0.960345
0.960345
0.960345
0.960345
0.960345
0.960345
0.960345
0.960345
0.960345
0.960345
0.960345
0.960345
0.960345
0.960345
0.960345
0.960345
0.960345
0.960345
0.960345
0.960345
0.960345
0.960345
0.960345
0.960345
0.960345
0.960345
0.960345
0.960345
0.960345
0.960345
0.960345
0.960345
0.960345
0.960345
0.960345
0.960345
0.960345
0.960345
0.960345
0.960345
0.960345
0.960345
0.960345
0.960345
0.960345
0.960345
0.960345
0.960345
0.960345
0.960345
0.960345
0.960345
0.960345
0.960345
0.960345
0.960345
0.960345
0.960345
0.960345
0.960345
0.960345
0.960345
0.960345
0.960345
0.960345
0.960345
0.960345
0.960345
0.960345
0.960345
0.960345
0.960345
0.960345
0.960345
0.960345
0.960345
0.960345
0.960345
0.960345
0.960345
0.960345
0.960345
0.960345
0.960345
0.960345
0.960345
0.960345
0.960345
0.960345
0.960345
0.960345
0.960345
0.960345
0.960345
0.960345
0.960345
0.960345
0.960345
0.960345
0.960345
0.960345
0.960345
0.960345
0.960345
0.960345
0.960345
0.960345
0.960345
0.960345
0.960345
0.960345
0.960345
0.960345
0.960345
0.960345
0.960345
0.960345
0.960345
0.960345
0.960345
0.960345
0.960345
0.960345
0.960345
0.960345
0.960345
0.960345
0.960345
0.960345
0.960345
0.960345
0.960345
0.960345
0.960345
0.960345
0.960345
0.960345
0.960345
0.960345
0.960345
0.960345
0.960345
0.960345
0.960345
0.960345
0.960345
0.960345
0.960345
0.960345
0.960345
0.960345
0.960345
0.960345
0.960345
0.960345
0.960345
0.960345
0.960345
0.960345
0.960345
0.960345
0.960345
0.960345
0.960345
0.960345
0.960345
0.960345
0.960345
0.960345
0.960345
0.960345
0.960345
0.960345
0.960345
0.960345
0.960345
0.960345
0.960345
0.960345
0.960345
0.960345
0.960345
0.960345
0.960345
0.960345
0.960345
0.960345
0.960345
0.960345
0.960345
0.960345
0.960345
0.960345
0.960345
0.960345
0.960345
0.960345
0.960345
0.960345
0.960345
0.960345
0.960345
0.960345
0.960345
0.960345
0.960345
0.960345
0.960345
0.960345
0.960345
0.960345
0.960345
0.960345
0.960345
0.960345
0.960345
