0.017301
0.036825
0.057063
0.078483
0.101619
0.127375
0.157764
0.195477
0.237538
0.271716
0.288606
0.285438
0.280396
0.279984
0.281761
0.283739
0.285715
0.287684
0.289649
0.291608
0.293562
0.295511
0.297454
0.299392
0.301325
0.303253
0.305176
0.307095
0.309008
0.310918
0.312822
0.314722
0.316618
0.318509
0.320396
0.322279
0.324158
0.326033
0.327904
0.329806
0.331504
0.333205
0.334905
0.336602
0.338296
0.339987
0.341675
0.343361
0.345044
0.346724
0.348401
0.350076
0.351749
0.353419
0.355086
0.356751
0.358414
0.360074
0.361732
0.363387
0.365041
0.366692
0.368341
0.369988
0.371633
0.373277
0.374918
0.376557
0.378194
0.379829
0.381463
0.383095
0.384725
0.386353
0.387980
0.389605
0.391229
0.392851
0.394472
0.396091
0.397709
0.399326
0.400941
0.402555
0.404168
0.405780
0.407391
0.409000
0.410609
0.412216
0.413823
0.415428
0.417033
0.418637
0.420240
0.421842
0.423444
0.425045
0.426645
0.428245
0.429844
0.431443
0.433041
0.434639
0.436236
0.437833
0.439430
0.441026
0.442623
0.444219
0.445814
0.447410
0.449006
0.450601
0.452196
0.453792
0.455387
0.456983
0.458578
0.460174
0.461770
0.463366
0.464963
0.466559
0.468156
0.469754
0.471351
0.472949
0.474548
0.476147
0.477746
0.479346
0.480946
0.482547
0.484149
0.485751
0.487354
0.488957
0.490561
0.492166
0.493771
0.495378
0.496985
0.498593
0.500201
0.501811
0.503421
0.505032
0.506644
0.508257
0.509871
0.511486
0.513102
0.514719
0.516336
0.517955
0.519575
0.521196
0.522818
0.524440
0.526064
0.527689
0.529315
0.530942
0.532571
0.534200
0.535830
0.537462
0.539095
0.540728
0.542363
0.543999
0.545637
0.547275
0.548914
0.550555
0.552196
0.553839
0.555483
0.557128
0.558774
0.560421
0.562070
0.563719
0.565370
0.567022
0.568674
0.570328
0.571983
0.573639
0.575296
0.576954
0.578613
0.580273
0.581934
0.583596
0.585259
0.586923
0.588588
0.590254
0.591920
0.593588
0.595256
0.596926
0.598596
0.600267
0.601938
0.603611
0.605284
0.606958
0.608633
0.610308
0.611984
0.613660
0.615337
0.617015
0.618693
0.620372
0.622051
0.623731
0.625411
0.627092
0.628772
0.630454
0.632135
0.633817
0.635499
0.637181
0.638863
0.640546
0.642228
0.643911
0.645593
0.647276
0.648959
0.650641
0.652323
0.654005
0.655687
0.657369
0.659050
0.660731
0.662412
0.664092
0.665772
0.667451
0.669130
0.670808
0.672486
0.674163
0.675839
0.677514
0.679189
0.680863
0.682535
0.684207
0.685878
0.687548
0.689217
0.690885
0.692551
0.694216
0.695880
0.697543
0.699204
0.700864
0.702523
0.704179
0.705835
0.707488
0.709141
0.710791
0.712439
0.714086
0.715731
0.717374
0.719015
0.720654
0.722291
0.723926
0.725559
0.727189
0.728817
0.730443
0.732066
0.733687
0.735306
0.736922
0.738535
0.740146
0.741754
0.743360
0.744963
0.746562
0.748159
0.749753
0.751344
0.752932
0.754517
0.756099
0.757677
0.759253
0.760825
0.762393
0.763959
0.765520
0.767079
0.768634
0.770185
0.771732
0.773276
0.774817
0.776353
0.777885
0.779414
0.780939
0.782460
0.783976
0.785489
0.786998
0.788502
0.790002
0.791498
0.792990
0.794477
0.795960
0.797438
0.798912
0.800382
0.801847
0.803307
0.804762
0.806213
0.807659
0.809101
0.810537
0.811969
0.813396
0.814818
0.816234
0.817646
0.819053
0.820455
0.821851
0.823242
0.824629
0.826009
0.827385
0.828755
0.830120
0.831480
0.832834
0.834182
0.835525
0.836863
0.838195
0.839521
0.840842
0.842157
0.843466
0.844770
0.846068
0.847360
0.848646
0.849927
0.851202
0.852470
0.853733
0.854990
0.856241
0.857486
0.858725
0.859958
0.861184
0.862405
0.863620
0.864828
0.866031
0.867227
0.868417
0.869600
0.870778
0.871949
0.873114
0.874273
0.875425
0.876572
0.877711
0.878845
0.879972
0.881093
0.882207
0.883315
0.884416
0.885511
0.886600
0.887682
0.888758
0.889827
0.890890
0.891947
0.892996
0.894040
0.895077
0.896107
0.897131
0.898148
0.899159
0.900164
0.901161
0.902153
0.903138
0.904116
0.905087
0.906053
0.907011
0.907963
0.908909
0.909848
0.910781
0.911707
0.912626
0.913539
0.914446
0.915346
0.916239
0.917126
0.918007
0.918881
0.919749
0.920610
0.921465
0.922313
0.923155
0.923990
0.924819
0.925642
0.926458
0.927268
0.928071
0.928868
0.929659
0.930444
0.931222
0.931994
0.932759
0.933519
0.934272
0.935018
0.935759
0.936493
0.937222
0.937944
0.938660
0.939370
0.940073
0.940771
0.941462
0.942148
0.942827
0.943501
0.944168
0.944830
0.945486
0.946135
0.946779
0.947417
0.948049
0.948675
0.949296
0.949910
0.950519
0.951122
0.951720
0.952312
0.952898
0.953478
0.954053
0.954623
0.955186
0.955745
0.956297
0.956845
0.957387
0.957923
0.958454
0.958980
0.959500
0.960015
0.960525
0.961030
0.961529
0.962024
0.962513
0.962997
0.963475
0.963949
0.964418
0.964882
0.965341
0.965794
0.966243
0.966688
0.967127
0.967561
0.967991
0.968416
0.968836
0.969251
0.969662
0.970068
0.970470
0.970867
0.971260
0.971648
0.972031
0.972410
0.972785
0.973156
0.973522
0.973883
0.974241
0.974594
0.974943
0.975288
0.975629
0.975965
0.976298
0.976626
0.976951
0.977271
0.977588
0.977900
0.978209
0.978514
0.978815
0.979113
0.979406
0.979696
0.979982
0.980265
0.980544
0.980819
0.981091
0.981359
0.981624
0.981885
0.982143
0.982397
0.982648
0.982896
0.983140
0.983382
0.983620
0.983854
0.984086
0.984314
0.984540
0.984762
0.984981
0.985197
0.985410
0.985620
0.985828
0.986032
0.986233
0.986432
0.986628
0.986821
0.987011
0.987199
0.987384
0.987566
0.987745
0.987922
0.988097
0.988268
0.988438
0.988604
0.988769
0.988931
0.989090
0.989247
0.989402
0.989554
0.989704
0.989852
0.989998
0.990141
0.990282
0.990421
0.990558
0.990693
0.990825
0.990956
0.991084
0.991211
0.991335
0.991458
0.991578
