0.072073
0.161549
0.275948
0.391488
0.272188
0.259033
0.275000
0.289734
0.303440
0.316302
0.328480
0.340110
0.351284
0.362086
0.372641
0.383097
0.393648
0.404657
0.416915
0.426204
0.431348
0.436166
0.441035
0.445957
0.450930
0.455954
0.461027
0.466149
0.471318
0.476533
0.481793
0.487096
0.492442
0.497829
0.503256
0.508720
0.514222
0.519758
0.525327
0.531103
0.536582
0.542106
0.547663
0.553252
0.558868
0.564511
0.570178
0.575866
0.581573
0.587297
0.593035
0.598787
0.604548
0.610318
0.616093
0.621871
0.627651
0.633430
0.639205
0.644974
0.650736
0.656487
0.662226
0.667950
0.673656
0.679344
0.685011
0.690654
0.696271
0.701860
0.707420
0.712948
0.718442
0.723900
0.729321
0.734701
0.740041
0.745337
0.750588
0.755792
0.760949
0.766055
0.771110
0.776112
0.781060
0.785953
0.790789
0.795566
0.800285
0.804943
0.809540
0.814074
0.818545
0.822953
0.827295
0.831572
0.835783
0.839927
0.844003
0.848012
0.851953
0.855826
0.859629
0.863364
0.867029
0.870626
0.874153
0.877611
0.880999
0.884319
0.887570
0.890752
0.893866
0.896911
0.899889
0.902800
0.905644
0.908421
0.911133
0.913779
0.916361
0.918878
0.921333
0.923725
0.926055
0.928324
0.930532
0.932681
0.934771
0.936804
0.938779
0.940699
0.942563
0.944373
0.946130
0.947835
0.949488
0.951091
0.952644
0.954149
0.955606
0.957017
0.958383
0.959704
0.960982
0.962217
0.963410
0.964564
0.965677
0.966752
0.967790
0.968790
0.969756
0.970686
0.971583
0.972446
0.973278
0.974079
0.974850
0.975591
0.976304
0.976989
0.977648
0.978281
0.978889
0.979472
0.980032
0.980569
0.981084
0.981578
0.982052
0.982505
0.982939
0.983355
0.983753
0.984134
0.984498
0.984847
0.985179
0.985497
0.985801
0.986091
0.986368
0.986632
0.986884
0.987125
0.987354
0.987572
0.987780
0.987978
0.988167
0.988346
0.988517
0.988679
0.988834
0.988981
0.989120
0.989252
0.989378
0.989498
0.989611
0.989718
0.989820
0.989917
0.990008
0.990095
0.990177
0.990255
0.990328
0.990398
0.990464
0.990526
0.990585
0.990641
0.990693
0.990743
0.990790
0.990834
0.990876
0.990915
0.990952
0.990987
0.991020
0.991051
0.991080
0.991108
0.991134
0.991158
0.991181
0.991202
0.991223
0.991242
0.991260
0.991276
0.991292
0.991307
0.991321
0.991334
0.991346
0.991357
0.991368
0.991378
0.991387
0.991396
0.991404
0.991412
0.991419
0.991426
0.991432
0.991438
0.991444
0.991449
0.991454
0.991458
0.991462
0.991466
0.991470
0.991473
0.991476
0.991479
0.991482
0.991484
0.991487
0.991489
0.991491
0.991493
0.991495
0.991496
0.991498
0.991499
0.991501
0.991502
0.991503
0.991504
0.991505
0.991506
0.991507
0.991508
0.991508
0.991509
0.991510
0.991510
0.991511
0.991511
0.991512
0.991512
0.991512
0.991513
0.991513
0.991513
0.991514
0.991514
0.991514
0.991514
0.991515
0.991515
0.991515
0.991515
0.991515
0.991515
0.991515
0.991516
0.991516
0.991516
0.991516
0.991516
0.991516
0.991516
0.991516
0.991516
0.991516
0.991516
0.991516
0.991516
0.991516
0.991516
0.991516
0.991517
0.991517
0.991517
0.991517
0.991517
0.991517
0.991517
0.991517
0.991517
0.991517
0.991517
0.991517
0.991517
0.991517
0.991517
0.991517
0.991517
0.991517
0.991517
0.991517
0.991517
0.991517
0.991517
0.991517
0.991517
0.991517
0.991517
0.991517
0.991517
0.991517
0.991517
0.991517
0.991517
0.991517
0.991517
0.991517
0.991517
0.991517
0.991517
0.991517
0.991517
0.991517
0.991517
0.991517
0.991517
0.991517
0.991517
0.991517
0.991517
0.991517
0.991517
0.991517
0.991517
0.991517
0.991517
0.991517
0.991517
0.991517
0.991517
0.991517
0.991517
0.991517
0.991517
0.991517
0.991517
0.991517
0.991517
0.991517
0.991517
0.991517
0.991517
0.991517
0.991517
0.991517
0.991517
0.991517
0.991517
0.991517
0.991517
0.991517
0.991517
0.991517
0.991517
0.991517
0.991517
0.991517
0.991517
0.991517
0.991517
0.991517
0.991517
0.991517
0.991517
0.991517
0.991517
0.991517
0.991517
0.991517
0.991517
0.991517
0.991517
0.991517
0.991517
0.991517
0.991517
0.991517
0.991517
0.991517
0.991517
0.991517
0.991517
0.991517
0.991517
0.991517
0.991517
0.991517
0.991517
0.991517
0.991517
0.991517
0.991517
0.991517
0.991517
0.991517
0.991517
0.991517
0.991517
0.991517
0.991517
0.991517
0.991517
0.991517
0.991517
0.991517
0.991517
0.991517
0.991517
0.991517
0.991517
0.991517
0.991517
0.991517
0.991517
0.991517
0.991517
0.991517
0.991517
0.991517
0.991517
0.991517
0.991517
0.991517
0.991517
0.991517
0.991517
0.991517
0.991517
0.991517
0.991517
0.991517
0.991517
0.991517
0.991517
0.991517
0.991517
0.991517
0.991517
0.991517
0.991517
0.991517
0.991517
0.991517
0.991517
0.991517
0.991517
0.991517
0.991517
0.991517
0.991517
0.991517
0.991517
0.991517
0.991517
0.991517
0.991517
0.991517
0.991517
0.991517
0.991517
0.991517
0.991517
0.991517
0.991517
0.991517
0.991517
0.991517
0.991517
0.991517
0.991517
0.991517
0.991517
0.991517
0.991517
0.991517
0.991517
0.991517
0.991517
0.991517
0.991517
0.991517
0.991517
0.991517
0.991517
0.991517
0.991517
0.991517
0.991517
0.991517
0.991517
0.991517
0.991517
0.991517
0.991517
0.991517
0.991517
0.991517
0.991517
0.991517
0.991517
0.991517
0.991517
0.991517
0.991517
0.991517
0.991517
0.991517
0.991517
0.991517
0.991517
0.991517
0.991517
0.991517
0.991517
0.991517
0.991517
0.991517
0.991517
0.991517
0.991517
0.991517
0.991517
0.991517
0.991517
0.991517
0.991517
0.991517
0.991517
0.991517
0.991517
0.991517
0.991517
0.991517
0.991517
0.991517
0.991517
0.991517
0.991517
0.991517
0.991517
0.991517
0.991517
0.991517
0.991517
0.991517
0.991517
0.991517
0.991517
0.991517
0.991517
0.991517
0.991517
0.991517
0.991517
