0.012895
0.037991
0.094882
0.160230
0.208419
0.237756
0.256074
0.269583
0.273294
0.275728
0.277862
0.279900
0.281907
0.283903
0.285891
0.287873
0.289849
0.291819
0.293782
0.295740
0.297691
0.299636
0.301575
0.303508
0.305436
0.307357
0.309273
0.311183
0.313088
0.314986
0.316880
0.318768
0.320650
0.322527
0.324398
0.326265
0.328126
0.329981
0.331831
0.333736
0.335446
0.337135
0.338818
0.340495
0.342168
0.343837
0.345501
0.347162
0.348818
0.350469
0.352117
0.353760
0.355399
0.357034
0.358664
0.360291
0.361913
0.363531
0.365145
0.366755
0.368361
0.369963
0.371561
0.373154
0.374744
0.376329
0.377910
0.379488
0.381061
0.382630
0.384196
0.385757
0.387314
0.388868
0.390417
0.391962
0.393504
0.395041
0.396575
0.398105
0.399631
0.401153
0.402671
0.404185
0.405695
0.407202
0.408704
0.410203
0.411698
0.413189
0.414676
0.416160
0.417640
0.419116
0.420588
0.422056
0.423521
0.424982
0.426439
0.427893
0.429343
0.430789
0.432231
0.433670
0.435105
0.436537
0.437964
0.439389
0.440809
0.442226
0.443639
0.445049
0.446455
0.447858
0.449256
0.450652
0.452044
0.453432
0.454817
0.456198
0.457575
0.458950
0.460320
0.461687
0.463051
0.464411
0.465768
0.467121
0.468471
0.469817
0.471160
0.472500
0.473836
0.475168
0.476498
0.477824
0.479146
0.480465
0.481781
0.483094
0.484403
0.485708
0.487011
0.488310
0.489606
0.490898
0.492187
0.493473
0.494756
0.496035
0.497311
0.498584
0.499854
0.501120
0.502383
0.503643
0.504900
0.506153
0.507404
0.508651
0.509895
0.511135
0.512373
0.513607
0.514839
0.516067
0.517292
0.518514
0.519733
0.520948
0.522161
0.523370
0.524577
0.525780
0.526981
0.528178
0.529372
0.530563
0.531751
0.532936
0.534118
0.535297
0.536473
0.537646
0.538816
0.539983
0.541148
0.542309
0.543467
0.544622
0.545774
0.546924
0.548070
0.549214
0.550354
0.551492
0.552627
0.553758
0.554887
0.556014
0.557137
0.558257
0.559375
0.560489
0.561601
0.562710
0.563816
0.564920
0.566020
0.567118
0.568213
0.569305
0.570395
0.571481
0.572565
0.573646
0.574724
0.575800
0.576873
0.577943
0.579010
0.580075
0.581137
0.582196
0.583253
0.584307
0.585358
0.586406
0.587452
0.588495
0.589536
0.590574
0.591609
0.592641
0.593671
0.594699
0.595723
0.596745
0.597765
0.598782
0.599796
0.600808
0.601817
0.602824
0.603828
0.604829
0.605828
0.606824
0.607818
0.608809
0.609798
0.610784
0.611768
0.612749
0.613728
0.614704
0.615678
0.616649
0.617618
0.618585
0.619548
0.620510
0.621469
0.622425
0.623379
0.624331
0.625280
0.626227
0.627172
0.628114
0.629053
0.629990
0.630925
0.631858
0.632788
0.633716
0.634641
0.635564
0.636485
0.637403
0.638319
0.639232
0.640144
0.641053
0.641959
0.642864
0.643766
0.644666
0.645563
0.646458
0.647351
0.648242
0.649130
0.650016
0.650900
0.651782
0.652661
0.653538
0.654413
0.655286
0.656156
0.657025
0.657891
0.658754
0.659616
0.660475
0.661333
0.662188
0.663041
0.663891
0.664740
0.665586
0.666431
0.667273
0.668113
0.668950
0.669786
0.670620
0.671451
0.672280
0.673108
0.673933
0.674756
0.675577
0.676395
0.677212
0.678027
0.678839
0.679650
0.680458
0.681265
0.682069
0.682871
0.683672
0.684470
0.685266
0.686060
0.686853
0.687643
0.688431
0.689217
0.690001
0.690783
0.691563
0.692342
0.693118
0.693892
0.694664
0.695434
0.696203
0.696969
0.697734
0.698496
0.699257
0.700015
0.700772
0.701527
0.702280
0.703030
0.703779
0.704527
0.705272
0.706015
0.706757
0.707496
0.708234
0.708970
0.709704
0.710436
0.711166
0.711894
0.712621
0.713345
0.714068
0.714789
0.715508
0.716226
0.716941
0.717655
0.718367
0.719077
0.719785
0.720492
0.721196
0.721899
0.722600
0.723300
0.723997
0.724693
0.725387
0.726079
0.726770
0.727458
0.728145
0.728831
0.729514
0.730196
0.730876
0.731554
0.732231
0.732906
0.733579
0.734250
0.734920
0.735588
0.736255
0.736919
0.737582
0.738244
0.738903
0.739561
0.740218
0.740872
0.741525
0.742177
0.742826
0.743474
0.744121
0.744766
0.745409
0.746050
0.746690
0.747328
0.747965
0.748600
0.749234
0.749865
0.750496
0.751124
0.751751
0.752377
0.753001
0.753623
0.754244
0.754863
0.755480
0.756096
0.756711
0.757324
0.757935
0.758545
0.759153
0.759760
0.760365
0.760969
0.761571
0.762172
0.762771
0.763369
0.763965
0.764559
0.765152
0.765744
0.766334
0.766923
0.767510
0.768096
0.768680
0.769263
0.769844
0.770424
0.771002
0.771579
0.772154
0.772728
0.773301
0.773872
0.774441
0.775010
0.775576
0.776142
0.776706
0.777268
0.777829
0.778389
0.778947
0.779504
0.780060
0.780614
0.781167
0.781718
0.782268
0.782816
0.783364
0.783909
0.784454
0.784997
0.785539
0.786079
0.786618
0.787156
0.787692
0.788227
0.788761
0.789293
0.789824
0.790353
0.790882
0.791409
0.791934
0.792459
0.792982
0.793504
0.794024
0.794543
0.795061
0.795578
0.796093
0.796607
0.797120
0.797631
0.798141
0.798650
0.799158
0.799664
0.800169
0.800673
0.801176
0.801677
0.802177
0.802676
0.803173
0.803670
0.804165
0.804659
0.805152
0.805643
0.806133
0.806622
0.807110
0.807597
0.808082
0.808566
0.809050
0.809531
0.810012
0.810491
0.810970
0.811447
0.811923
0.812398
0.812871
0.813344
0.813815
0.814285
0.814754
0.815222
0.815688
0.816154
0.816618
0.817081
0.817543
0.818004
0.818464
0.818923
0.819380
0.819837
0.820292
0.820746
0.821200
0.821652
0.822103
0.822552
0.823001
0.823449
0.823895
0.824341
0.824785
0.825228
0.825671
0.826112
0.826552
0.826991
0.827429
0.827866
0.828301
0.828736
0.829170
0.829603
0.830034
0.830465
0.830894
0.831323
0.831750
0.832177
0.832602
0.833027
0.833450
0.833873
0.834294
0.834714
0.835134
0.835552
0.835969
0.836386
0.836801
0.837216
0.837629
0.838041
0.838453
