0.041264
0.124598
0.175038
0.198847
0.212525
0.222900
0.232070
0.240657
0.248911
0.256996
0.265099
0.273614
0.283709
0.288749
0.290757
0.292722
0.294680
0.296632
0.298578
0.300518
0.302452
0.304380
0.306301
0.308216
0.310126
0.312029
0.313927
0.315818
0.317704
0.319584
0.321459
0.323327
0.325191
0.327048
0.328901
0.330747
0.332589
0.334425
0.336256
0.338135
0.339820
0.341489
0.343152
0.344811
0.346465
0.348115
0.349760
0.351402
0.353039
0.354672
0.356300
0.357925
0.359545
0.361161
0.362773
0.364381
0.365985
0.367585
0.369181
0.370772
0.372360
0.373943
0.375523
0.377098
0.378670
0.380237
0.381800
0.383360
0.384915
0.386467
0.388014
0.389558
0.391098
0.392633
0.394165
0.395693
0.397217
0.398737
0.400254
0.401766
0.403275
0.404779
0.406280
0.407777
0.409271
0.410760
0.412246
0.413728
0.415206
0.416680
0.418151
0.419618
0.421081
0.422540
0.423996
0.425448
0.426896
0.428341
0.429782
0.431219
0.432652
0.434082
0.435509
0.436931
0.438350
0.439766
0.441178
0.442586
0.443990
0.445391
0.446789
0.448183
0.449573
0.450960
0.452343
0.453723
0.455099
0.456472
0.457841
0.459207
0.460569
0.461928
0.463284
0.464636
0.465984
0.467329
0.468671
0.470009
0.471344
0.472675
0.474003
0.475328
0.476649
0.477967
0.479281
0.480592
0.481900
0.483205
0.484506
0.485804
0.487098
0.488389
0.489677
0.490962
0.492244
0.493522
0.494797
0.496068
0.497337
0.498602
0.499864
0.501123
0.502378
0.503630
0.504880
0.506126
0.507368
0.508608
0.509845
0.511078
0.512308
0.513535
0.514759
0.515980
0.517198
0.518412
0.519624
0.520832
0.522038
0.523240
0.524439
0.525635
0.526829
0.528019
0.529206
0.530390
0.531571
0.532749
0.533924
0.535096
0.536265
0.537431
0.538594
0.539755
0.540912
0.542066
0.543217
0.544366
0.545511
0.546654
0.547794
0.548930
0.550064
0.551195
0.552323
0.553449
0.554571
0.555691
0.556807
0.557921
0.559032
0.560141
0.561246
0.562349
0.563448
0.564545
0.565640
0.566731
0.567820
0.568906
0.569989
0.571069
0.572147
0.573222
0.574294
0.575363
0.576430
0.577494
0.578555
0.579614
0.580670
0.581723
0.582774
0.583822
0.584867
0.585910
0.586950
0.587987
0.589022
0.590054
0.591084
0.592110
0.593135
0.594156
0.595176
0.596192
0.597206
0.598217
0.599226
0.600232
0.601236
0.602237
0.603236
0.604232
0.605226
0.606217
0.607205
0.608192
0.609175
0.610156
0.611135
0.612111
0.613085
0.614056
0.615025
0.615991
0.616955
0.617917
0.618876
0.619832
0.620787
0.621738
0.622688
0.623635
0.624580
0.625522
0.626462
0.627399
0.628335
0.629267
0.630198
0.631126
0.632052
0.632975
0.633897
0.634815
0.635732
0.636646
0.637558
0.638468
0.639375
0.640281
0.641183
0.642084
0.642982
0.643878
0.644772
0.645664
0.646553
0.647441
0.648326
0.649208
0.650089
0.650967
0.651843
0.652717
0.653589
0.654459
0.655326
0.656192
0.657055
0.657916
0.658775
0.659632
0.660486
0.661339
0.662189
0.663038
0.663884
0.664728
0.665570
0.666410
0.667248
0.668084
0.668918
0.669749
0.670579
0.671406
0.672232
0.673056
0.673877
0.674697
0.675514
0.676330
0.677143
0.677955
0.678764
0.679572
0.680377
0.681181
0.681983
0.682782
0.683580
0.684376
0.685170
0.685962
0.686752
0.687540
0.688326
0.689110
0.689893
0.690673
0.691452
0.692229
0.693004
0.693777
0.694548
0.695317
0.696085
0.696850
0.697614
0.698376
0.699136
0.699895
0.700651
0.701406
0.702159
0.702910
0.703659
0.704407
0.705153
0.705897
0.706639
0.707380
0.708119
0.708856
0.709591
0.710325
0.711057
0.711787
0.712516
0.713242
0.713968
0.714691
0.715413
0.716133
0.716851
0.717568
0.718283
0.718997
0.719709
0.720419
0.721127
0.721834
0.722540
0.723244
0.723946
0.724646
0.725345
0.726043
0.726739
0.727433
0.728125
0.728817
0.729506
0.730194
0.730881
0.731566
0.732249
0.732931
0.733612
0.734291
0.734968
0.735644
0.736319
0.736992
0.737664
0.738334
0.739003
0.739670
0.740336
0.741000
0.741663
0.742325
0.742985
0.743643
0.744301
0.744957
0.745611
0.746265
0.746916
0.747567
0.748216
0.748864
0.749510
0.750155
0.750799
0.751441
0.752083
0.752722
0.753361
0.753998
0.754634
0.755269
0.755902
0.756535
0.757165
0.757795
0.758424
0.759051
0.759677
0.760301
0.760925
0.761547
0.762168
0.762788
0.763407
0.764025
0.764641
0.765256
0.765870
0.766483
0.767095
0.767706
0.768316
0.768924
0.769531
0.770138
0.770743
0.771347
0.771950
0.772552
0.773152
0.773752
0.774351
0.774949
0.775545
0.776141
0.776736
0.777329
0.777922
0.778513
0.779104
0.779694
0.780282
0.780870
0.781457
0.782043
0.782627
0.783211
0.783794
0.784376
0.784957
0.785538
0.786117
0.786695
0.787273
0.787850
0.788426
0.789000
0.789575
0.790148
0.790720
0.791292
0.791863
0.792433
0.793002
0.793570
0.794138
0.794704
0.795271
0.795836
0.796400
0.796964
0.797527
0.798089
0.798651
0.799212
0.799772
0.800331
0.800890
0.801448
0.802005
0.802562
0.803118
0.803673
0.804228
0.804782
0.805335
0.805888
0.806440
0.806992
0.807543
0.808093
0.808643
0.809192
0.809740
0.810288
0.810836
0.811383
0.811929
0.812475
0.813020
0.813565
0.814109
0.814653
0.815196
0.815739
0.816281
0.816823
0.817364
0.817905
0.818446
0.818986
0.819525
0.820064
0.820603
0.821141
0.821679
0.822216
0.822753
0.823290
0.823826
0.824362
0.824898
0.825433
0.825968
0.826502
0.827036
0.827570
0.828103
0.828637
0.829169
0.829702
0.830234
0.830766
0.831298
0.831829
0.832360
0.832891
0.833421
0.833952
0.834482
0.835011
0.835541
0.836070
0.836599
0.837128
0.837657
0.838185
0.838714
0.839242
0.839770
0.840297
0.840825
0.841352
0.841879
0.842406
0.842933
0.843460
0.843987
0.844513
0.845039
0.845565
0.846091
0.846617
0.847143
0.847669
0.848194
0.848720
