0.019756
0.042684
0.075303
0.125461
0.176308
0.211639
0.231798
0.243640
0.252368
0.260429
0.268974
0.279091
0.283088
0.285080
0.287058
0.289030
0.290995
0.292955
0.294908
0.296855
0.298796
0.300731
0.302659
0.304582
0.306498
0.308408
0.310313
0.312212
0.314105
0.315992
0.317873
0.319749
0.321620
0.323485
0.325345
0.327199
0.329048
0.330891
0.332729
0.334613
0.336300
0.337974
0.339643
0.341307
0.342967
0.344623
0.346275
0.347922
0.349565
0.351204
0.352839
0.354469
0.356096
0.357718
0.359336
0.360950
0.362560
0.364166
0.365767
0.367365
0.368958
0.370548
0.372133
0.373715
0.375292
0.376865
0.378435
0.380000
0.381561
0.383119
0.384672
0.386222
0.387767
0.389309
0.390847
0.392381
0.393911
0.395437
0.396959
0.398477
0.399992
0.401503
0.403009
0.404512
0.406012
0.407507
0.408999
0.410487
0.411971
0.413451
0.414928
0.416400
0.417870
0.419335
0.420797
0.422255
0.423709
0.425160
0.426607
0.428050
0.429490
0.430926
0.432358
0.433787
0.435212
0.436634
0.438052
0.439466
0.440877
0.442284
0.443688
0.445088
0.446485
0.447878
0.449268
0.450654
0.452037
0.453416
0.454792
0.456164
0.457533
0.458899
0.460261
0.461619
0.462974
0.464326
0.465675
0.467020
0.468361
0.469700
0.471035
0.472366
0.473695
0.475020
0.476341
0.477660
0.478975
0.480286
0.481595
0.482900
0.484202
0.485501
0.486797
0.488089
0.489378
0.490664
0.491947
0.493226
0.494503
0.495776
0.497046
0.498313
0.499577
0.500838
0.502095
0.503350
0.504601
0.505849
0.507094
0.508337
0.509576
0.510812
0.512045
0.513275
0.514502
0.515726
0.516947
0.518165
0.519380
0.520592
0.521801
0.523007
0.524210
0.525410
0.526608
0.527802
0.528993
0.530182
0.531368
0.532551
0.533731
0.534908
0.536082
0.537254
0.538422
0.539588
0.540751
0.541911
0.543069
0.544224
0.545375
0.546525
0.547671
0.548815
0.549956
0.551094
0.552229
0.553362
0.554492
0.555620
0.556744
0.557867
0.558986
0.560103
0.561217
0.562329
0.563438
0.564544
0.565648
0.566749
0.567848
0.568944
0.570037
0.571128
0.572216
0.573302
0.574386
0.575467
0.576545
0.577621
0.578694
0.579765
0.580834
0.581900
0.582964
0.584025
0.585083
0.586140
0.587194
0.588245
0.589295
0.590341
0.591386
0.592428
0.593468
0.594505
0.595541
0.596573
0.597604
0.598632
0.599658
0.600682
0.601703
0.602723
0.603739
0.604754
0.605767
0.606777
0.607785
0.608791
0.609795
0.610796
0.611796
0.612793
0.613788
0.614781
0.615772
0.616761
0.617747
0.618732
0.619715
0.620695
0.621673
0.622650
0.623624
0.624596
0.625566
0.626535
0.627501
0.628465
0.629427
0.630388
0.631346
0.632302
0.633257
0.634209
0.635160
0.636108
0.637055
0.638000
0.638943
0.639884
0.640823
0.641761
0.642696
0.643630
0.644562
0.645492
0.646421
0.647347
0.648272
0.649195
0.650116
0.651036
0.651953
0.652869
0.653784
0.654696
0.655607
0.656516
0.657424
0.658330
0.659234
0.660137
0.661038
0.661937
0.662835
0.663731
0.664625
0.665518
0.666409
0.667299
0.668187
0.669074
0.669959
0.670843
0.671725
0.672605
0.673485
0.674362
0.675238
0.676113
0.676986
0.677858
0.678728
0.679597
0.680465
0.681331
0.682195
0.683059
0.683920
0.684781
0.685640
0.686498
0.687355
0.688210
0.689064
0.689916
0.690767
0.691617
0.692466
0.693313
0.694160
0.695005
0.695848
0.696691
0.697532
0.698372
0.699211
0.700048
0.700885
0.701720
0.702554
0.703387
0.704219
0.705050
0.705879
0.706708
0.707535
0.708361
0.709186
0.710010
0.710833
0.711655
0.712476
0.713296
0.714115
0.714933
0.715749
0.716565
0.717380
0.718194
0.719007
0.719818
0.720629
0.721439
0.722248
0.723056
0.723863
0.724670
0.725475
0.726279
0.727083
0.727886
0.728687
0.729488
0.730288
0.731087
0.731886
0.732683
0.733480
0.734276
0.735071
0.735865
0.736659
0.737451
0.738243
0.739034
0.739825
0.740614
0.741403
0.742191
0.742979
0.743765
0.744551
0.745336
0.746121
0.746905
0.747688
0.748470
0.749252
0.750033
0.750814
0.751594
0.752373
0.753151
0.753929
0.754706
0.755483
0.756259
0.757035
0.757809
0.758584
0.759357
0.760130
0.760903
0.761675
0.762446
0.763217
0.763987
0.764756
0.765526
0.766294
0.767062
0.767830
0.768597
0.769363
0.770129
0.770894
0.771659
0.772424
0.773188
0.773951
0.774714
0.775476
0.776238
0.777000
0.777761
0.778521
0.779282
0.780041
0.780800
0.781559
0.782317
0.783075
0.783833
0.784589
0.785346
0.786102
0.786858
0.787613
0.788368
0.789122
0.789876
0.790629
0.791382
0.792135
0.792887
0.793639
0.794390
0.795141
0.795892
0.796642
0.797392
0.798141
0.798890
0.799639
0.800387
0.801135
0.801882
0.802629
0.803376
0.804122
0.804867
0.805613
0.806358
0.807102
0.807846
0.808590
0.809333
0.810076
0.810819
0.811561
0.812303
0.813044
0.813785
0.814525
0.815265
0.816005
0.816744
0.817483
0.818221
0.818959
0.819696
0.820434
0.821170
0.821906
0.822642
0.823377
0.824112
0.824847
0.825581
0.826314
0.827047
0.827780
0.828512
0.829243
0.829975
0.830705
0.831435
0.832165
0.832894
0.833623
0.834351
0.835079
0.835806
0.836533
0.837259
0.837984
0.838709
0.839434
0.840158
0.840881
0.841604
0.842326
0.843048
0.843769
0.844489
0.845209
0.845929
0.846647
0.847365
0.848083
0.848800
0.849516
0.850231
0.850946
0.851660
0.852374
0.853087
0.853799
0.854510
0.855221
0.855931
0.856640
0.857349
0.858057
0.858764
0.859470
0.860176
0.860881
0.861585
0.862288
0.862990
0.863692
0.864392
0.865092
0.865791
0.866490
0.867187
0.867883
0.868579
0.869274
0.869967
0.870660
0.871352
0.872043
0.872733
0.873422
0.874110
0.874797
0.875483
0.876168
0.876852
0.877535
0.878217
0.878898
0.879578
0.880256
0.880934
0.881611
0.882286
0.882960
0.883633
0.884305
0.884976
0.885646
0.886314
0.886982
0.887648
