0.010963
0.023361
0.037943
0.062866
0.105154
0.158911
0.201631
0.233033
0.252858
0.264181
0.270476
0.274237
0.276878
0.279081
0.281131
0.283134
0.285121
0.287102
0.289077
0.291046
0.293009
0.294966
0.296917
0.298863
0.300802
0.302736
0.304664
0.306586
0.308503
0.310414
0.312320
0.314220
0.316115
0.318004
0.319888
0.321767
0.323640
0.325508
0.327371
0.329288
0.331009
0.332709
0.334403
0.336092
0.337776
0.339456
0.341132
0.342803
0.344470
0.346133
0.347791
0.349446
0.351096
0.352742
0.354383
0.356021
0.357654
0.359283
0.360908
0.362529
0.364146
0.365758
0.367367
0.368971
0.370571
0.372167
0.373760
0.375348
0.376932
0.378511
0.380087
0.381659
0.383227
0.384791
0.386351
0.387907
0.389459
0.391007
0.392551
0.394091
0.395627
0.397159
0.398688
0.400212
0.401733
0.403249
0.404762
0.406271
0.407776
0.409277
0.410775
0.412268
0.413758
0.415244
0.416726
0.418205
0.419680
0.421150
0.422618
0.424081
0.425541
0.426997
0.428449
0.429897
0.431342
0.432783
0.434221
0.435655
0.437085
0.438511
0.439934
0.441354
0.442769
0.444181
0.445590
0.446995
0.448396
0.449793
0.451188
0.452578
0.453965
0.455349
0.456729
0.458105
0.459478
0.460847
0.462213
0.463576
0.464935
0.466290
0.467642
0.468991
0.470336
0.471678
0.473016
0.474351
0.475683
0.477011
0.478336
0.479657
0.480975
0.482290
0.483601
0.484909
0.486214
0.487515
0.488813
0.490107
0.491399
0.492687
0.493972
0.495253
0.496532
0.497807
0.499078
0.500347
0.501612
0.502874
0.504133
0.505389
0.506641
0.507890
0.509136
0.510379
0.511619
0.512855
0.514089
0.515319
0.516546
0.517770
0.518991
0.520209
0.521424
0.522635
0.523844
0.525049
0.526251
0.527451
0.528647
0.529840
0.531030
0.532217
0.533401
0.534583
0.535761
0.536936
0.538108
0.539277
0.540443
0.541606
0.542766
0.543923
0.545078
0.546229
0.547377
0.548523
0.549665
0.550805
0.551942
0.553076
0.554207
0.555335
0.556460
0.557582
0.558702
0.559818
0.560932
0.562043
0.563151
0.564257
0.565359
0.566459
0.567556
0.568650
0.569741
0.570830
0.571915
0.572998
0.574079
0.575156
0.576231
0.577303
0.578372
0.579439
0.580503
0.581564
0.582622
0.583678
0.584731
0.585781
0.586829
0.587874
0.588917
0.589956
0.590993
0.592028
0.593060
0.594089
0.595115
0.596139
0.597161
0.598180
0.599196
0.600209
0.601220
0.602229
0.603235
0.604238
0.605239
0.606237
0.607232
0.608226
0.609216
0.610204
0.611190
0.612173
0.613154
0.614132
0.615107
0.616080
0.617051
0.618019
0.618985
0.619948
0.620909
0.621867
0.622823
0.623777
0.624728
0.625676
0.626623
0.627567
0.628508
0.629447
0.630384
0.631318
0.632250
0.633179
0.634107
0.635031
0.635954
0.636874
0.637792
0.638707
0.639620
0.640531
0.641440
0.642346
0.643250
0.644151
0.645051
0.645948
0.646842
0.647735
0.648625
0.649513
0.650399
0.651282
0.652163
0.653042
0.653919
0.654794
0.655666
0.656536
0.657404
0.658270
0.659133
0.659994
0.660853
0.661710
0.662565
0.663418
0.664268
0.665116
0.665962
0.666806
0.667648
0.668488
0.669325
0.670161
0.670994
0.671825
0.672655
0.673482
0.674306
0.675129
0.675950
0.676769
0.677585
0.678400
0.679212
0.680023
0.680831
0.681637
0.682441
0.683244
0.684044
0.684842
0.685638
0.686432
0.687224
0.688014
0.688803
0.689589
0.690373
0.691155
0.691935
0.692713
0.693489
0.694264
0.695036
0.695806
0.696575
0.697341
0.698106
0.698868
0.699629
0.700388
0.701145
0.701900
0.702653
0.703404
0.704153
0.704900
0.705646
0.706389
0.707131
0.707871
0.708609
0.709345
0.710079
0.710811
0.711542
0.712270
0.712997
0.713722
0.714446
0.715167
0.715886
0.716604
0.717320
0.718034
0.718747
0.719457
0.720166
0.720873
0.721578
0.722281
0.722983
0.723683
0.724381
0.725077
0.725772
0.726465
0.727156
0.727846
0.728533
0.729219
0.729903
0.730586
0.731267
0.731946
0.732623
0.733299
0.733973
0.734645
0.735316
0.735985
0.736652
0.737317
0.737981
0.738644
0.739304
0.739963
0.740620
0.741276
0.741930
0.742582
0.743233
0.743882
0.744530
0.745176
0.745820
0.746463
0.747104
0.747743
0.748381
0.749017
0.749652
0.750285
0.750917
0.751546
0.752175
0.752802
0.753427
0.754051
0.754673
0.755293
0.755912
0.756530
0.757146
0.757760
0.758373
0.758985
0.759595
0.760203
0.760810
0.761415
0.762019
0.762621
0.763222
0.763822
0.764420
0.765016
0.765611
0.766205
0.766797
0.767387
0.767976
0.768564
0.769150
0.769735
0.770318
0.770900
0.771480
0.772059
0.772637
0.773213
0.773788
0.774361
0.774933
0.775504
0.776073
0.776640
0.777207
0.777772
0.778335
0.778897
0.779458
0.780017
0.780575
0.781132
0.781687
0.782241
0.782794
0.783345
0.783895
0.784444
0.784991
0.785537
0.786081
0.786625
0.787167
0.787707
0.788246
0.788784
0.789321
0.789856
0.790391
0.790923
0.791455
0.791985
0.792514
0.793042
0.793568
0.794093
0.794617
0.795139
0.795661
0.796181
0.796699
0.797217
0.797733
0.798248
0.798762
0.799275
0.799786
0.800296
0.800805
0.801313
0.801819
0.802324
0.802828
0.803331
0.803833
0.804333
0.804833
0.805331
0.805828
0.806323
0.806818
0.807311
0.807803
0.808294
0.808784
0.809273
0.809760
0.810247
0.810732
0.811216
0.811699
0.812181
0.812661
0.813141
0.813619
0.814097
0.814573
0.815048
0.815522
0.815994
0.816466
0.816937
0.817406
0.817875
0.818342
0.818808
0.819273
0.819737
0.820200
0.820662
0.821123
0.821583
0.822042
0.822499
0.822956
0.823411
0.823866
0.824319
0.824772
0.825223
0.825673
0.826122
0.826571
0.827018
0.827464
0.827909
0.828353
0.828797
0.829239
0.829680
0.830120
0.830559
0.830997
0.831434
0.831871
0.832306
0.832740
0.833173
0.833605
0.834037
0.834467
0.834896
0.835325
0.835752
0.836178
0.836604
0.837028
0.837452
0.837875
0.838296
