0.449244
0.565773
0.632370
0.676859
0.709499
0.734903
0.755512
0.772688
0.787312
0.799983
0.811099
0.820954
0.829782
0.837764
0.845037
0.851721
0.857920
0.863730
0.869230
0.874508
0.879670
0.884857
0.890301
0.896390
0.902239
0.905083
0.905614
0.905653
0.905654
0.905654
0.905654
0.905654
0.905654
0.905654
0.905654
0.905654
0.905654
0.905654
0.905654
0.905654
0.905654
0.905654
0.905654
0.905654
0.905654
0.905654
0.905654
0.905654
0.905654
0.905654
0.905654
0.905654
0.905654
0.905654
0.905654
0.905654
0.905654
0.905654
0.905654
0.905654
0.905654
0.905654
0.905654
0.905654
0.905654
0.905654
0.905654
0.905654
0.905654
0.905654
0.905654
0.905654
0.905654
0.905654
0.905654
0.905654
0.905654
0.905654
0.905654
0.905654
0.905654
0.905654
0.905654
0.905654
0.905654
0.905654
0.905654
0.905654
0.905654
0.905654
0.905654
0.905654
0.905654
0.905654
0.905654
0.905654
0.905654
0.905654
0.905654
0.905654
0.905654
0.905654
0.905654
0.905654
0.905654
0.905654
0.905654
0.905654
0.905654
0.905654
0.905654
0.905654
0.905654
0.905654
0.905654
0.905654
0.905654
0.905654
0.905654
0.905654
0.905654
0.905654
0.905654
0.905654
0.905654
0.905654
0.905654
0.905654
0.905654
0.905654
0.905654
0.905654
0.905654
0.905654
0.905654
0.905654
0.905654
0.905654
0.905654
0.905654
0.905654
0.905654
0.905654
0.905654
0.905654
0.905654
0.905654
0.905654
0.905654
0.905654
0.905654
0.905654
0.905654
0.905654
0.905654
0.905654
0.905654
0.905654
0.905654
0.905654
0.905654
0.905654
0.905654
0.905654
0.905654
0.905654
0.905654
0.905654
0.905654
0.905654
0.905654
0.905654
0.905654
0.905654
0.905654
0.905654
0.905654
0.905654
0.905654
0.905654
0.905654
0.905654
0.905654
0.905654
0.905654
0.905654
0.905654
0.905654
0.905654
0.905654
0.905654
0.905654
0.905654
0.905654
0.905654
0.905654
0.905654
0.905654
0.905654
0.905654
0.905654
0.905654
0.905654
0.905654
0.905654
0.905654
0.905654
0.905654
0.905654
0.905654
0.905654
0.905654
0.905654
0.905654
0.905654
0.905654
0.905654
0.905654
0.905654
0.905654
0.905654
0.905654
0.905654
0.905654
0.905654
0.905654
0.905654
0.905654
0.905654
0.905654
0.905654
0.905654
0.905654
0.905654
0.905654
0.905654
0.905654
0.905654
0.905654
0.905654
0.905654
0.905654
0.905654
0.905654
0.905654
0.905654
0.905654
0.905654
0.905654
0.905654
0.905654
0.905654
0.905654
0.905654
0.905654
0.905654
0.905654
0.905654
0.905654
0.905654
0.905654
0.905654
0.905654
0.905654
0.905654
0.905654
0.905654
0.905654
0.905654
0.905654
0.905654
0.905654
0.905654
0.905654
0.905654
0.905654
0.905654
0.905654
0.905654
0.905654
0.905654
0.905654
0.905654
0.905654
0.905654
0.905654
0.905654
0.905654
0.905654
0.905654
0.905654
0.905654
0.905654
0.905654
0.905654
0.905654
0.905654
0.905654
0.905654
0.905654
0.905654
0.905654
0.905654
0.905654
0.905654
0.905654
0.905654
0.905654
0.905654
0.905654
0.905654
0.905654
0.905654
0.905654
0.905654
0.905654
0.905654
0.905654
0.905654
0.905654
0.905654
0.905654
0.905654
0.905654
0.905654
0.905654
0.905654
0.905654
0.905654
0.905654
0.905654
0.905654
0.905654
0.905654
0.905654
0.905654
0.905654
0.905654
0.905654
0.905654
0.905654
0.905654
0.905654
0.905654
0.905654
0.905654
0.905654
0.905654
0.905654
0.905654
0.905654
0.905654
0.905654
0.905654
0.905654
0.905654
0.905654
0.905654
0.905654
0.905654
0.905654
0.905654
0.905654
0.905654
0.905654
0.905654
0.905654
0.905654
0.905654
0.905654
0.905654
0.905654
0.905654
0.905654
0.905654
0.905654
0.905654
0.905654
0.905654
0.905654
0.905654
0.905654
0.905654
0.905654
0.905654
0.905654
0.905654
0.905654
0.905654
0.905654
0.905654
0.905654
0.905654
0.905654
0.905654
0.905654
0.905654
0.905654
0.905654
0.905654
0.905654
0.905654
0.905654
0.905654
0.905654
0.905654
0.905654
0.905654
0.905654
0.905654
0.905654
0.905654
0.905654
0.905654
0.905654
0.905654
0.905654
0.905654
0.905654
0.905654
0.905654
0.905654
0.905654
0.905654
0.905654
0.905654
0.905654
0.905654
0.905654
0.905654
0.905654
0.905654
0.905654
0.905654
0.905654
0.905654
0.905654
0.905654
0.905654
0.905654
0.905654
0.905654
0.905654
0.905654
0.905654
0.905654
0.905654
0.905654
0.905654
0.905654
0.905654
0.905654
0.905654
0.905654
0.905654
0.905654
0.905654
0.905654
0.905654
0.905654
0.905654
0.905654
0.905654
0.905654
0.905654
0.905654
0.905654
0.905654
0.905654
0.905654
0.905654
0.905654
0.905654
0.905654
0.905654
0.905654
0.905654
0.905654
0.905654
0.905654
0.905654
0.905654
0.905654
0.905654
0.905654
0.905654
0.905654
0.905654
0.905654
0.905654
0.905654
0.905654
0.905654
0.905654
0.905654
0.905654
0.905654
0.905654
0.905654
0.905654
0.905654
0.905654
0.905654
0.905654
0.905654
0.905654
0.905654
0.905654
0.905654
0.905654
0.905654
0.905654
0.905654
0.905654
0.905654
0.905654
0.905654
0.905654
0.905654
0.905654
0.905654
0.905654
0.905654
0.905654
0.905654
0.905654
0.905654
0.905654
0.905654
0.905654
0.905654
0.905654
0.905654
0.905654
0.905654
0.905654
0.905654
0.905654
0.905654
0.905654
0.905654
0.905654
0.905654
0.905654
0.905654
0.905654
0.905654
0.905654
0.905654
0.905654
0.905654
0.905654
0.905654
0.905654
0.905654
0.905654
0.905654
0.905654
0.905654
0.905654
0.905654
0.905654
0.905654
0.905654
0.905654
0.905654
0.905654
0.905654
0.905654
0.905654
0.905654
0.905654
0.905654
0.905654
0.905654
0.905654
0.905654
0.905654
0.905654
0.905654
0.905654
0.905654
0.905654
0.905654
0.905654
0.905654
0.905654
0.905654
0.905654
0.905654
0.905654
0.905654
0.905654
0.905654
0.905654
0.905654
0.905654
0.905654
0.905654
0.905654
