0.022833
0.048810
0.076164
0.106063
0.141652
0.184904
0.225397
0.248355
0.254521
0.256095
0.260813
0.268731
0.278788
0.283937
0.285952
0.287919
0.289881
0.291836
0.293787
0.295731
0.297670
0.299604
0.301531
0.303454
0.305370
0.307282
0.309188
0.311089
0.312985
0.314876
0.316762
0.318643
0.320520
0.322391
0.324259
0.326121
0.327979
0.329833
0.331682
0.333563
0.335242
0.336922
0.338601
0.340276
0.341948
0.343617
0.345283
0.346945
0.348605
0.350261
0.351914
0.353564
0.355212
0.356856
0.358497
0.360136
0.361771
0.363404
0.365034
0.366662
0.368286
0.369908
0.371528
0.373144
0.374759
0.376370
0.377980
0.379586
0.381191
0.382793
0.384392
0.385990
0.387585
0.389178
0.390768
0.392357
0.393943
0.395528
0.397110
0.398690
0.400268
0.401845
0.403419
0.404992
0.406563
0.408132
0.409699
0.411264
0.412828
0.414390
0.415951
0.417510
0.419067
0.420623
0.422178
0.423731
0.425283
0.426833
0.428382
0.429930
0.431477
0.433022
0.434567
0.436110
0.437652
0.439193
0.440733
0.442272
0.443810
0.445347
0.446883
0.448419
0.449954
0.451488
0.453021
0.454553
0.456085
0.457616
0.459147
0.460677
0.462207
0.463736
0.465264
0.466793
0.468321
0.469848
0.471375
0.472902
0.474429
0.475955
0.477482
0.479008
0.480534
0.482060
0.483586
0.485111
0.486637
0.488163
0.489689
0.491215
0.492741
0.494268
0.495794
0.497321
0.498848
0.500375
0.501902
0.503430
0.504958
0.506487
0.508016
0.509545
0.511075
0.512605
0.514135
0.515667
0.517198
0.518731
0.520264
0.521797
0.523331
0.524866
0.526401
0.527937
0.529474
0.531012
0.532550
0.534089
0.535629
0.537169
0.538711
0.540253
0.541796
0.543340
0.544885
0.546430
0.547977
0.549524
0.551073
0.552622
0.554172
0.555723
0.557275
0.558828
0.560383
0.561938
0.563494
0.565051
0.566609
0.568168
0.569728
0.571289
0.572851
0.574414
0.575978
0.577544
0.579110
0.580677
0.582245
0.583815
0.585385
0.586957
0.588529
0.590102
0.591677
0.593252
0.594829
0.596406
0.597985
0.599565
0.601145
0.602727
0.604309
0.605892
0.607477
0.609062
0.610648
0.612235
0.613824
0.615413
0.617002
0.618593
0.620185
0.621777
0.623370
0.624964
0.626559
0.628155
0.629751
0.631348
0.632946
0.634544
0.636144
0.637743
0.639344
0.640945
0.642546
0.644148
0.645751
0.647354
0.648958
0.650562
0.652167
0.653772
0.655377
0.656983
0.658589
0.660195
0.661802
0.663408
0.665015
0.666622
0.668230
0.669837
0.671444
0.673052
0.674659
0.676267
0.677874
0.679481
0.681088
0.682695
0.684302
0.685908
0.687514
0.689120
0.690725
0.692330
0.693935
0.695539
0.697142
0.698745
0.700347
0.701949
0.703550
0.705150
0.706749
0.708348
0.709946
0.711542
0.713138
0.714733
0.716326
0.717919
0.719510
0.721101
0.722689
0.724277
0.725863
0.727448
0.729032
0.730614
0.732194
0.733773
0.735351
0.736926
0.738500
0.740072
0.741642
0.743211
0.744777
0.746342
0.747904
0.749465
0.751023
0.752579
0.754133
0.755684
0.757233
0.758780
0.760325
0.761867
0.763406
0.764943
0.766477
0.768008
0.769537
0.771063
0.772586
0.774106
0.775624
0.777138
0.778649
0.780157
0.781662
0.783164
0.784662
0.786157
0.787649
0.789137
0.790622
0.792104
0.793582
0.795056
0.796526
0.797993
0.799456
0.800916
0.802371
0.803823
0.805270
0.806714
0.808153
0.809589
0.811020
0.812447
0.813870
0.815288
0.816702
0.818112
0.819517
0.820918
0.822314
0.823706
0.825093
0.826475
0.827853
0.829226
0.830594
0.831957
0.833316
0.834669
0.836018
0.837361
0.838700
0.840033
0.841361
0.842684
0.844002
0.845315
0.846622
0.847924
0.849221
0.850512
0.851798
0.853078
0.854352
0.855622
0.856885
0.858143
0.859395
0.860642
0.861883
0.863118
0.864347
0.865571
0.866789
0.868000
0.869206
0.870406
0.871600
0.872788
0.873970
0.875146
0.876316
0.877479
0.878637
0.879788
0.880934
0.882073
0.883206
0.884332
0.885452
0.886567
0.887674
0.888776
0.889871
0.890959
0.892042
0.893118
0.894187
0.895250
0.896307
0.897357
0.898400
0.899438
0.900468
0.901492
0.902510
0.903521
0.904526
0.905524
0.906515
0.907500
0.908478
0.909450
0.910415
0.911373
0.912325
0.913270
0.914209
0.915141
0.916066
0.916985
0.917897
0.918803
0.919702
0.920594
0.921479
0.922358
0.923231
0.924097
0.924956
0.925808
0.926654
0.927493
0.928326
0.929152
0.929972
0.930785
0.931591
0.932391
0.933184
0.933971
0.934751
0.935524
0.936292
0.937052
0.937806
0.938554
0.939295
0.940030
0.940758
0.941480
0.942196
0.942905
0.943608
0.944304
0.944994
0.945678
0.946356
0.947027
0.947692
0.948351
0.949003
0.949649
0.950289
0.950923
0.951551
0.952173
0.952789
0.953398
0.954002
0.954599
0.955191
0.955777
0.956356
0.956930
0.957498
0.958060
0.958616
0.959167
0.959711
0.960250
0.960783
0.961311
0.961832
0.962349
0.962859
0.963364
0.963864
0.964358
0.964846
0.965329
0.965807
0.966279
0.966746
0.967207
0.967663
0.968114
0.968560
0.969001
0.969436
0.969866
0.970291
0.970712
0.971127
0.971537
0.971942
0.972342
0.972738
0.973128
0.973514
0.973895
0.974271
0.974642
0.975009
0.975371
0.975729
0.976082
0.976430
0.976774
0.977113
0.977448
0.977779
0.978105
0.978427
0.978745
0.979059
0.979368
0.979673
0.979974
0.980271
0.980563
0.980852
0.981137
0.981418
0.981695
0.981968
0.982237
0.982502
0.982764
0.983022
0.983276
0.983526
0.983773
0.984017
0.984256
0.984493
0.984725
0.984955
0.985180
0.985403
0.985622
0.985838
0.986051
0.986260
0.986466
0.986669
0.986869
0.987066
0.987259
0.987450
0.987638
0.987822
0.988004
0.988183
0.988359
0.988532
0.988703
0.988870
0.989035
0.989198
0.989357
0.989514
0.989669
0.989820
0.989970
0.990116
0.990261
0.990402
0.990542
0.990679
0.990814
0.990946
0.991076
0.991204
0.991330
0.991453
0.991575
