0.106491
0.187525
0.134863
0.116644
0.137900
0.157046
0.173929
0.189030
0.202702
0.215201
0.226733
0.237472
0.247564
0.257114
0.266205
0.274963
0.283530
0.292089
0.300951
0.310939
0.318814
0.322021
0.324598
0.327184
0.329786
0.332403
0.335038
0.337688
0.340356
0.343041
0.345743
0.348464
0.351202
0.353959
0.356735
0.359530
0.362344
0.365178
0.368031
0.370952
0.373645
0.376383
0.379145
0.381930
0.384739
0.387572
0.390429
0.393309
0.396213
0.399142
0.402094
0.405071
0.408073
0.411098
0.414149
0.417224
0.420323
0.423448
0.426597
0.429770
0.432969
0.436192
0.439440
0.442712
0.446009
0.449330
0.452676
0.456046
0.459440
0.462858
0.466300
0.469765
0.473254
0.476767
0.480302
0.483860
0.487440
0.491043
0.494668
0.498314
0.501982
0.505671
0.509381
0.513111
0.516861
0.520630
0.524419
0.528226
0.532051
0.535895
0.539756
0.543633
0.547527
0.551437
0.555362
0.559303
0.563257
0.567225
0.571206
0.575199
0.579205
0.583221
0.587249
0.591286
0.595333
0.599388
0.603451
0.607522
0.611599
0.615683
0.619771
0.623864
0.627961
0.632061
0.636163
0.640266
0.644371
0.648475
0.652579
0.656681
0.660780
0.664877
0.668970
0.673058
0.677141
0.681218
0.685287
0.689349
0.693402
0.697446
0.701479
0.705502
0.709513
0.713511
0.717496
0.721467
0.725423
0.729363
0.733287
0.737194
0.741083
0.744954
0.748805
0.752635
0.756446
0.760234
0.764000
0.767744
0.771464
0.775159
0.778830
0.782475
0.786093
0.789685
0.793250
0.796786
0.800294
0.803773
0.807222
0.810641
0.814028
0.817385
0.820710
0.824002
0.827262
0.830489
0.833682
0.836841
0.839965
0.843055
0.846109
0.849129
0.852112
0.855059
0.857970
0.860844
0.863682
0.866482
0.869245
0.871970
0.874658
0.877308
0.879919
0.882493
0.885028
0.887526
0.889984
0.892405
0.894787
0.897130
0.899435
0.901702
0.903930
0.906120
0.908272
0.910385
0.912461
0.914498
0.916498
0.918461
0.920385
0.922273
0.924123
0.925937
0.927714
0.929455
0.931159
0.932828
0.934461
0.936059
0.937622
0.939151
0.940645
0.942105
0.943532
0.944925
0.946285
0.947613
0.948909
0.950173
0.951406
0.952607
0.953779
0.954920
0.956032
0.957114
0.958168
0.959193
0.960190
0.961160
0.962103
0.963020
0.963910
0.964775
0.965614
0.966429
0.967220
0.967987
0.968731
0.969452
0.970151
0.970828
0.971483
0.972117
0.972731
0.973325
0.973900
0.974455
0.974992
0.975510
0.976011
0.976494
0.976961
0.977411
0.977845
0.978263
0.978666
0.979055
0.979429
0.979789
0.980135
0.980468
0.980789
0.981097
0.981393
0.981677
0.981951
0.982213
0.982464
0.982705
0.982937
0.983158
0.983370
0.983574
0.983768
0.983955
0.984133
0.984303
0.984466
0.984622
0.984770
0.984912
0.985047
0.985177
0.985300
0.985417
0.985529
0.985635
0.985737
0.985833
0.985925
0.986012
0.986095
0.986174
0.986249
0.986320
0.986388
0.986452
0.986512
0.986570
0.986624
0.986676
0.986725
0.986771
0.986814
0.986856
0.986895
0.986932
0.986966
0.986999
0.987030
0.987059
0.987087
0.987113
0.987137
0.987160
0.987182
0.987202
0.987221
0.987239
0.987256
0.987272
0.987287
0.987301
0.987314
0.987326
0.987337
0.987348
0.987358
0.987367
0.987376
0.987384
0.987392
0.987399
0.987406
0.987412
0.987418
0.987423
0.987428
0.987433
0.987438
0.987442
0.987445
0.987449
0.987452
0.987455
0.987458
0.987461
0.987463
0.987465
0.987467
0.987469
0.987471
0.987473
0.987474
0.987476
0.987477
0.987478
0.987479
0.987480
0.987481
0.987482
0.987483
0.987484
0.987484
0.987485
0.987485
0.987486
0.987486
0.987487
0.987487
0.987488
0.987488
0.987488
0.987489
0.987489
0.987489
0.987489
0.987489
0.987490
0.987490
0.987490
0.987490
0.987490
0.987490
0.987490
0.987491
0.987491
0.987491
0.987491
0.987491
0.987491
0.987491
0.987491
0.987491
0.987491
0.987491
0.987491
0.987491
0.987491
0.987491
0.987491
0.987491
0.987491
0.987491
0.987491
0.987491
0.987491
0.987491
0.987491
0.987491
0.987491
0.987491
0.987491
0.987491
0.987491
0.987491
0.987491
0.987491
0.987491
0.987491
0.987491
0.987491
0.987491
0.987491
0.987491
0.987491
0.987491
0.987491
0.987491
0.987491
0.987491
0.987491
0.987491
0.987491
0.987491
0.987491
0.987491
0.987491
0.987491
0.987491
0.987491
0.987491
0.987491
0.987491
0.987491
0.987491
0.987491
0.987491
0.987491
0.987491
0.987491
0.987491
0.987491
0.987491
0.987491
0.987491
0.987491
0.987491
0.987491
0.987491
0.987491
0.987491
0.987491
0.987491
0.987491
0.987491
0.987491
0.987491
0.987491
0.987491
0.987491
0.987491
0.987491
0.987491
0.987491
0.987491
0.987491
0.987491
0.987491
0.987491
0.987491
0.987491
0.987491
0.987491
0.987491
0.987491
0.987491
0.987491
0.987491
0.987491
0.987491
0.987491
0.987491
0.987491
0.987491
0.987491
0.987491
0.987491
0.987491
0.987491
0.987491
0.987491
0.987491
0.987491
0.987491
0.987491
0.987491
0.987491
0.987491
0.987491
0.987491
0.987491
0.987491
0.987491
0.987491
0.987491
0.987491
0.987491
0.987491
0.987491
0.987491
0.987491
0.987491
0.987491
0.987491
0.987491
0.987491
0.987491
0.987491
0.987491
0.987491
0.987491
0.987491
0.987491
0.987491
0.987491
0.987491
0.987491
0.987491
0.987491
0.987491
0.987491
0.987491
0.987491
0.987491
0.987491
0.987491
0.987491
0.987491
0.987491
0.987491
0.987491
0.987491
0.987491
0.987491
0.987491
0.987491
0.987491
0.987491
0.987491
0.987491
0.987491
0.987491
0.987491
0.987491
0.987491
0.987491
0.987491
0.987491
0.987491
0.987491
0.987491
0.987491
0.987491
0.987491
0.987491
0.987491
0.987491
0.987491
0.987491
0.987491
0.987491
0.987491
0.987491
0.987491
0.987491
0.987491
0.987491
0.987491
0.987491
0.987491
0.987491
0.987491
0.987491
0.987491
0.987491
0.987491
0.987491
0.987491
