0.009854
0.021325
0.035582
0.042883
0.048751
0.055079
0.061951
0.069477
0.077793
0.087058
0.097456
0.109225
0.122691
0.138287
0.156592
0.178397
0.204960
0.238338
0.281806
0.339352
0.403915
0.419812
0.359370
0.325881
0.325176
0.328009
0.330951
0.333938
0.336967
0.340035
0.343140
0.346280
0.349455
0.352664
0.355907
0.359182
0.362491
0.365832
0.369206
0.372680
0.375914
0.379204
0.382530
0.385891
0.389286
0.392716
0.396180
0.399678
0.403209
0.406773
0.410370
0.413999
0.417661
0.421354
0.425078
0.428834
0.432619
0.436435
0.440279
0.444153
0.448055
0.451985
0.455942
0.459925
0.463934
0.467968
0.472027
0.476109
0.480214
0.484342
0.488490
0.492660
0.496849
0.501057
0.505283
0.509527
0.513787
0.518062
0.522351
0.526655
0.530970
0.535298
0.539636
0.543984
0.548341
0.552705
0.557077
0.561454
0.565836
0.570222
0.574611
0.579001
0.583393
0.587784
0.592174
0.596562
0.600947
0.605328
0.609704
0.614074
0.618437
0.622791
0.627137
0.631474
0.635799
0.640113
0.644414
0.648702
0.652975
0.657234
0.661476
0.665701
0.669909
0.674098
0.678269
0.682419
0.686548
0.690656
0.694742
0.698804
0.702844
0.706859
0.710849
0.714813
0.718752
0.722664
0.726549
0.730405
0.734234
0.738034
0.741805
0.745546
0.749256
0.752936
0.756586
0.760203
0.763789
0.767343
0.770865
0.774354
0.777810
0.781232
0.784622
0.787977
0.791298
0.794586
0.797839
0.801058
0.804242
0.807391
0.810505
0.813585
0.816630
0.819639
0.822614
0.825553
0.828458
0.831327
0.834161
0.836960
0.839724
0.842453
0.845147
0.847807
0.850432
0.853022
0.855577
0.858099
0.860586
0.863039
0.865458
0.867843
0.870195
0.872514
0.874799
0.877051
0.879271
0.881458
0.883613
0.885736
0.887826
0.889886
0.891914
0.893911
0.895877
0.897812
0.899717
0.901593
0.903438
0.905254
0.907041
0.908799
0.910529
0.912230
0.913904
0.915549
0.917168
0.918759
0.920324
0.921862
0.923374
0.924860
0.926321
0.927756
0.929167
0.930553
0.931915
0.933253
0.934567
0.935858
0.937126
0.938372
0.939595
0.940796
0.941975
0.943133
0.944269
0.945385
0.946480
0.947555
0.948610
0.949646
0.950662
0.951659
0.952637
0.953597
0.954539
0.955463
0.956369
0.957258
0.958129
0.958984
0.959823
0.960645
0.961452
0.962242
0.963017
0.963777
0.964522
0.965253
0.965968
0.966670
0.967358
0.968032
0.968693
0.969340
0.969975
0.970596
0.971205
0.971802
0.972387
0.972960
0.973521
0.974071
0.974609
0.975137
0.975654
0.976160
0.976655
0.977141
0.977616
0.978081
0.978537
0.978983
0.979420
0.979848
0.980267
0.980677
0.981079
0.981472
0.981856
0.982233
0.982602
0.982963
0.983316
0.983661
0.984000
0.984331
0.984655
0.984972
0.985282
0.985586
0.985883
0.986174
0.986458
0.986736
0.987009
0.987275
0.987536
0.987790
0.988040
0.988284
0.988523
0.988756
0.988984
0.989208
0.989426
0.989640
0.989849
0.990053
0.990253
0.990449
0.990640
0.990827
0.991009
0.991188
0.991363
0.991534
0.991701
0.991865
0.992024
0.992181
0.992333
0.992483
0.992629
0.992771
0.992911
0.993047
0.993181
0.993311
0.993439
0.993563
0.993685
0.993804
0.993920
0.994034
0.994145
0.994254
0.994360
0.994464
0.994565
0.994664
0.994761
0.994856
0.994949
0.995039
0.995127
0.995214
0.995298
0.995381
0.995461
0.995540
0.995617
0.995692
0.995765
0.995837
0.995907
0.995976
0.996043
0.996108
0.996172
0.996235
0.996296
0.996355
0.996414
0.996470
0.996526
0.996580
0.996633
0.996685
0.996736
0.996785
0.996833
0.996881
0.996927
0.996972
0.997016
0.997059
0.997101
0.997142
0.997182
0.997221
0.997259
0.997296
0.997333
0.997368
0.997403
0.997437
0.997470
0.997502
0.997534
0.997565
0.997595
0.997624
0.997653
0.997681
0.997709
0.997735
0.997762
0.997787
0.997812
0.997836
0.997860
0.997883
0.997906
0.997928
0.997950
0.997971
0.997991
0.998012
0.998031
0.998050
0.998069
0.998087
0.998105
0.998123
0.998140
0.998156
0.998173
0.998188
0.998204
0.998219
0.998234
0.998248
0.998262
0.998276
0.998289
0.998302
0.998315
0.998327
0.998340
0.998351
0.998363
0.998374
0.998385
0.998396
0.998407
0.998417
0.998427
0.998437
0.998446
0.998456
0.998465
0.998474
0.998482
0.998491
0.998499
0.998507
0.998515
0.998523
0.998530
0.998537
0.998544
0.998551
0.998558
0.998565
0.998571
0.998578
0.998584
0.998590
0.998596
0.998601
0.998607
0.998612
0.998618
0.998623
0.998628
0.998633
0.998638
0.998643
0.998647
0.998652
0.998656
0.998660
0.998664
0.998668
0.998672
0.998676
0.998680
0.998684
0.998687
0.998691
0.998694
0.998698
0.998701
0.998704
0.998707
0.998710
0.998713
0.998716
0.998719
0.998722
0.998724
0.998727
0.998729
0.998732
0.998734
0.998737
0.998739
0.998741
0.998743
0.998746
0.998748
0.998750
0.998752
0.998754
0.998756
0.998757
0.998759
0.998761
0.998763
0.998764
0.998766
0.998768
0.998769
0.998771
0.998772
0.998773
0.998775
0.998776
0.998778
0.998779
0.998780
0.998781
0.998783
0.998784
0.998785
0.998786
0.998787
0.998788
0.998789
0.998790
0.998791
0.998792
0.998793
0.998794
0.998795
0.998796
0.998797
0.998797
0.998798
0.998799
0.998800
0.998801
0.998801
0.998802
0.998803
0.998803
0.998804
0.998805
0.998805
0.998806
0.998807
0.998807
0.998808
0.998808
0.998809
0.998809
0.998810
0.998810
0.998811
0.998811
0.998812
0.998812
0.998813
0.998813
0.998813
0.998814
0.998814
0.998815
0.998815
0.998815
0.998816
0.998816
0.998816
0.998817
0.998817
0.998817
0.998818
0.998818
0.998818
0.998819
0.998819
0.998819
0.998819
0.998820
0.998820
0.998820
0.998820
0.998821
0.998821
0.998821
0.998821
0.998822
0.998822
0.998822
0.998822
0.998822
0.998822
0.998823
0.998823
0.998823
0.998823
0.998823
0.998823
0.998824
0.998824
0.998824
0.998824
0.998824
