0.013878
0.029488
0.045514
0.062256
0.080065
0.099413
0.120933
0.146022
0.176521
0.206451
0.241277
0.272455
0.288508
0.288355
0.282617
0.280353
0.281576
0.283529
0.285504
0.287473
0.289437
0.291395
0.293349
0.295298
0.297241
0.299180
0.301114
0.303043
0.304967
0.306887
0.308802
0.310713
0.312620
0.314522
0.316420
0.318313
0.320203
0.322088
0.323970
0.325883
0.327592
0.329303
0.331013
0.332719
0.334423
0.336123
0.337821
0.339516
0.341208
0.342898
0.344585
0.346269
0.347950
0.349629
0.351305
0.352979
0.354651
0.356319
0.357986
0.359650
0.361312
0.362972
0.364629
0.366284
0.367937
0.369588
0.371237
0.372884
0.374529
0.376172
0.377813
0.379453
0.381090
0.382726
0.384360
0.385992
0.387623
0.389252
0.390880
0.392506
0.394130
0.395753
0.397375
0.398995
0.400614
0.402232
0.403849
0.405464
0.407078
0.408691
0.410303
0.411914
0.413524
0.415133
0.416741
0.418348
0.419955
0.421560
0.423165
0.424769
0.426373
0.427976
0.429578
0.431179
0.432780
0.434381
0.435981
0.437581
0.439180
0.440779
0.442377
0.443976
0.445574
0.447172
0.448769
0.450367
0.451964
0.453561
0.455159
0.456756
0.458353
0.459950
0.461548
0.463145
0.464742
0.466340
0.467938
0.469536
0.471134
0.472733
0.474332
0.475931
0.477530
0.479130
0.480730
0.482331
0.483932
0.485534
0.487136
0.488738
0.490341
0.491945
0.493549
0.495153
0.496759
0.498365
0.499971
0.501578
0.503186
0.504795
0.506404
0.508014
0.509625
0.511236
0.512848
0.514461
0.516075
0.517689
0.519304
0.520921
0.522537
0.524155
0.525774
0.527393
0.529013
0.530634
0.532256
0.533879
0.535502
0.537127
0.538752
0.540378
0.542005
0.543633
0.545262
0.546891
0.548522
0.550153
0.551785
0.553418
0.555052
0.556687
0.558322
0.559959
0.561596
0.563234
0.564873
0.566512
0.568153
0.569794
0.571436
0.573078
0.574722
0.576366
0.578011
0.579656
0.581303
0.582950
0.584597
0.586245
0.587894
0.589544
0.591194
0.592844
0.594495
0.596147
0.597799
0.599452
0.601105
0.602758
0.604412
0.606067
0.607722
0.609377
0.611032
0.612688
0.614344
0.616000
0.617656
0.619313
0.620970
0.622627
0.624284
0.625941
0.627598
0.629255
0.630912
0.632569
0.634226
0.635883
0.637539
0.639196
0.640852
0.642508
0.644164
0.645819
0.647474
0.649129
0.650783
0.652437
0.654090
0.655743
0.657395
0.659047
0.660697
0.662348
0.663997
0.665646
0.667294
0.668941
0.670587
0.672232
0.673876
0.675519
0.677161
0.678802
0.680442
0.682081
0.683718
0.685354
0.686989
0.688623
0.690255
0.691886
0.693515
0.695143
0.696769
0.698393
0.700016
0.701637
0.703256
0.704874
0.706490
0.708104
0.709716
0.711325
0.712933
0.714539
0.716143
0.717745
0.719344
0.720941
0.722536
0.724129
0.725719
0.727306
0.728892
0.730474
0.732055
0.733632
0.735207
0.736779
0.738349
0.739915
0.741479
0.743040
0.744598
0.746153
0.747705
0.749254
0.750800
0.752343
0.753882
0.755419
0.756952
0.758481
0.760008
0.761531
0.763050
0.764566
0.766079
0.767587
0.769093
0.770594
0.772092
0.773586
0.775077
0.776563
0.778046
0.779524
0.780999
0.782470
0.783936
0.785399
0.786858
0.788312
0.789762
0.791208
0.792650
0.794087
0.795520
0.796949
0.798373
0.799793
0.801208
0.802618
0.804025
0.805426
0.806823
0.808215
0.809603
0.810985
0.812363
0.813737
0.815105
0.816468
0.817827
0.819181
0.820529
0.821873
0.823212
0.824545
0.825874
0.827197
0.828515
0.829828
0.831136
0.832439
0.833736
0.835028
0.836315
0.837596
0.838872
0.840143
0.841408
0.842668
0.843922
0.845171
0.846414
0.847652
0.848885
0.850111
0.851332
0.852548
0.853758
0.854962
0.856161
0.857353
0.858541
0.859722
0.860898
0.862068
0.863232
0.864390
0.865543
0.866689
0.867830
0.868965
0.870095
0.871218
0.872335
0.873447
0.874553
0.875652
0.876746
0.877834
0.878916
0.879992
0.881062
0.882126
0.883184
0.884236
0.885282
0.886322
0.887356
0.888384
0.889406
0.890422
0.891432
0.892436
0.893434
0.894425
0.895411
0.896391
0.897365
0.898332
0.899294
0.900250
0.901199
0.902143
0.903080
0.904012
0.904937
0.905856
0.906770
0.907677
0.908578
0.909474
0.910363
0.911246
0.912124
0.912995
0.913860
0.914720
0.915573
0.916420
0.917262
0.918097
0.918927
0.919751
0.920568
0.921380
0.922186
0.922986
0.923780
0.924569
0.925351
0.926128
0.926899
0.927664
0.928423
0.929176
0.929924
0.930666
0.931402
0.932132
0.932857
0.933576
0.934289
0.934997
0.935699
0.936395
0.937086
0.937771
0.938451
0.939125
0.939793
0.940456
0.941114
0.941766
0.942412
0.943053
0.943689
0.944319
0.944944
0.945563
0.946178
0.946786
0.947390
0.947988
0.948581
0.949169
0.949752
0.950329
0.950901
0.951468
0.952030
0.952587
0.953139
0.953686
0.954227
0.954764
0.955296
0.955822
0.956344
0.956861
0.957373
0.957880
0.958383
0.958880
0.959373
0.959861
0.960345
0.960823
0.961297
0.961767
0.962231
0.962691
0.963147
0.963598
0.964044
0.964486
0.964924
0.965357
0.965786
0.966210
0.966630
0.967046
0.967457
0.967864
0.968267
0.968665
0.969060
0.969450
0.969836
0.970218
0.970596
0.970970
0.971340
0.971706
0.972068
0.972426
0.972780
0.973130
0.973476
0.973819
0.974158
0.974493
0.974824
0.975151
0.975475
0.975795
0.976112
0.976425
0.976734
0.977040
0.977342
0.977641
0.977936
0.978228
0.978517
0.978802
0.979083
0.979362
0.979637
0.979909
0.980177
0.980443
0.980705
0.980964
0.981220
0.981473
0.981722
0.981969
0.982213
0.982453
0.982691
0.982926
0.983157
0.983386
0.983612
0.983836
0.984056
0.984274
0.984488
0.984700
0.984910
0.985117
0.985321
0.985522
0.985721
0.985917
0.986111
0.986302
0.986490
0.986676
0.986860
0.987041
0.987220
0.987396
0.987571
0.987742
0.987912
0.988079
0.988244
0.988406
0.988567
0.988725
0.988881
0.989035
