0.010181
0.024145
0.036742
0.054058
0.079364
0.109312
0.140010
0.168621
0.193641
0.214583
0.231588
0.245108
0.255711
0.263963
0.270379
0.275391
0.279358
0.282567
0.285243
0.287560
0.289649
0.291613
0.293531
0.295459
0.297406
0.299355
0.301300
0.303239
0.305172
0.307100
0.309022
0.310939
0.312850
0.314756
0.316657
0.318552
0.320441
0.322326
0.324205
0.326140
0.327879
0.329596
0.331306
0.333010
0.334710
0.336406
0.338097
0.339784
0.341467
0.343145
0.344819
0.346488
0.348154
0.349815
0.351471
0.353124
0.354772
0.356416
0.358056
0.359691
0.361323
0.362950
0.364573
0.366191
0.367806
0.369417
0.371023
0.372625
0.374223
0.375817
0.377407
0.378993
0.380575
0.382153
0.383726
0.385296
0.386861
0.388423
0.389981
0.391534
0.393084
0.394629
0.396171
0.397709
0.399243
0.400773
0.402298
0.403821
0.405339
0.406853
0.408363
0.409870
0.411373
0.412871
0.414366
0.415857
0.417345
0.418828
0.420308
0.421784
0.423256
0.424725
0.426189
0.427650
0.429108
0.430561
0.432011
0.433457
0.434899
0.436338
0.437773
0.439204
0.440632
0.442056
0.443477
0.444893
0.446307
0.447716
0.449122
0.450525
0.451923
0.453319
0.454710
0.456098
0.457483
0.458864
0.460242
0.461616
0.462986
0.464353
0.465717
0.467077
0.468434
0.469787
0.471137
0.472483
0.473826
0.475166
0.476502
0.477834
0.479164
0.480489
0.481812
0.483131
0.484447
0.485760
0.487069
0.488374
0.489677
0.490976
0.492272
0.493565
0.494854
0.496140
0.497423
0.498702
0.499979
0.501252
0.502521
0.503788
0.505051
0.506311
0.507568
0.508822
0.510073
0.511320
0.512564
0.513806
0.515044
0.516278
0.517510
0.518739
0.519964
0.521186
0.522406
0.523622
0.524835
0.526045
0.527252
0.528456
0.529657
0.530854
0.532049
0.533241
0.534430
0.535615
0.536798
0.537978
0.539155
0.540328
0.541499
0.542667
0.543832
0.544994
0.546153
0.547309
0.548462
0.549612
0.550760
0.551904
0.553046
0.554184
0.555320
0.556453
0.557583
0.558710
0.559835
0.560956
0.562075
0.563191
0.564304
0.565414
0.566522
0.567626
0.568728
0.569827
0.570923
0.572017
0.573108
0.574196
0.575281
0.576364
0.577444
0.578521
0.579595
0.580667
0.581736
0.582802
0.583866
0.584927
0.585985
0.587040
0.588093
0.589144
0.590191
0.591236
0.592279
0.593318
0.594356
0.595390
0.596422
0.597451
0.598478
0.599502
0.600524
0.601543
0.602559
0.603573
0.604584
0.605593
0.606599
0.607603
0.608604
0.609603
0.610599
0.611593
0.612584
0.613573
0.614559
0.615543
0.616524
0.617503
0.618479
0.619453
0.620425
0.621394
0.622360
0.623324
0.624286
0.625245
0.626202
0.627157
0.628109
0.629059
0.630006
0.630951
0.631893
0.632834
0.633772
0.634707
0.635640
0.636571
0.637500
0.638426
0.639350
0.640271
0.641191
0.642107
0.643022
0.643934
0.644845
0.645752
0.646658
0.647561
0.648462
0.649361
0.650257
0.651152
0.652044
0.652933
0.653821
0.654706
0.655589
0.656470
0.657349
0.658225
0.659100
0.659972
0.660842
0.661710
0.662575
0.663439
0.664300
0.665159
0.666016
0.666871
0.667724
0.668574
0.669423
0.670269
0.671113
0.671955
0.672795
0.673633
0.674469
0.675303
0.676135
0.676964
0.677792
0.678617
0.679440
0.680262
0.681081
0.681898
0.682714
0.683527
0.684338
0.685147
0.685954
0.686759
0.687562
0.688363
0.689163
0.689960
0.690755
0.691548
0.692339
0.693128
0.693915
0.694701
0.695484
0.696265
0.697045
0.697822
0.698598
0.699371
0.700143
0.700913
0.701681
0.702447
0.703211
0.703973
0.704733
0.705492
0.706248
0.707003
0.707755
0.708506
0.709255
0.710002
0.710747
0.711491
0.712232
0.712972
0.713710
0.714446
0.715180
0.715913
0.716643
0.717372
0.718099
0.718824
0.719548
0.720269
0.720989
0.721707
0.722423
0.723137
0.723850
0.724561
0.725270
0.725978
0.726683
0.727387
0.728089
0.728789
0.729488
0.730185
0.730880
0.731574
0.732265
0.732955
0.733644
0.734330
0.735015
0.735699
0.736380
0.737060
0.737738
0.738415
0.739089
0.739763
0.740434
0.741104
0.741772
0.742438
0.743103
0.743767
0.744428
0.745088
0.745746
0.746403
0.747058
0.747711
0.748363
0.749014
0.749662
0.750309
0.750955
0.751598
0.752241
0.752881
0.753520
0.754158
0.754794
0.755428
0.756061
0.756692
0.757322
0.757950
0.758576
0.759201
0.759825
0.760447
0.761067
0.761686
0.762303
0.762919
0.763533
0.764146
0.764757
0.765367
0.765975
0.766582
0.767187
0.767791
0.768393
0.768994
0.769594
0.770191
0.770788
0.771383
0.771976
0.772568
0.773159
0.773748
0.774335
0.774922
0.775506
0.776090
0.776671
0.777252
0.777831
0.778409
0.778985
0.779559
0.780133
0.780705
0.781275
0.781844
0.782412
0.782978
0.783543
0.784107
0.784669
0.785230
0.785789
0.786347
0.786904
0.787459
0.788013
0.788566
0.789117
0.789667
0.790216
0.790763
0.791309
0.791853
0.792396
0.792938
0.793479
0.794018
0.794556
0.795092
0.795627
0.796161
0.796694
0.797225
0.797755
0.798284
0.798811
0.799338
0.799862
0.800386
0.800908
0.801429
0.801949
0.802467
0.802985
0.803500
0.804015
0.804529
0.805041
0.805552
0.806061
0.806570
0.807077
0.807583
0.808087
0.808591
0.809093
0.809594
0.810094
0.810592
0.811090
0.811586
0.812081
0.812574
0.813067
0.813558
0.814048
0.814537
0.815025
0.815511
0.815997
0.816481
0.816964
0.817446
0.817926
0.818406
0.818884
0.819361
0.819837
0.820312
0.820785
0.821258
0.821729
0.822199
0.822668
0.823136
0.823603
0.824069
0.824533
0.824997
0.825459
0.825920
0.826380
0.826839
0.827297
0.827753
0.828209
0.828663
0.829116
0.829569
0.830020
0.830470
0.830919
0.831367
0.831813
0.832259
0.832704
0.833147
0.833589
0.834031
0.834471
0.834910
0.835348
0.835785
0.836222
0.836656
0.837090
0.837523
0.837955
0.838386
0.838816
0.839244
0.839672
0.840098
0.840524
0.840948
