0.012746
0.027541
0.051026
0.095412
0.151700
0.201182
0.236483
0.259982
0.268417
0.272742
0.275529
0.277760
0.279814
0.281819
0.283810
0.285795
0.287774
0.289748
0.291715
0.293677
0.295632
0.297581
0.299524
0.301461
0.303392
0.305318
0.307237
0.309151
0.311060
0.312963
0.314860
0.316752
0.318638
0.320519
0.322394
0.324264
0.326129
0.327989
0.329843
0.331750
0.333462
0.335154
0.336839
0.338520
0.340196
0.341868
0.343536
0.345199
0.346858
0.348513
0.350164
0.351810
0.353452
0.355090
0.356724
0.358354
0.359980
0.361601
0.363218
0.364831
0.366440
0.368045
0.369646
0.371243
0.372835
0.374424
0.376009
0.377589
0.379166
0.380738
0.382307
0.383871
0.385432
0.386988
0.388541
0.390089
0.391634
0.393174
0.394711
0.396244
0.397773
0.399298
0.400819
0.402337
0.403850
0.405360
0.406865
0.408367
0.409865
0.411360
0.412850
0.414337
0.415819
0.417299
0.418774
0.420245
0.421713
0.423177
0.424638
0.426094
0.427547
0.428996
0.430442
0.431884
0.433322
0.434756
0.436187
0.437614
0.439038
0.440458
0.441874
0.443287
0.444696
0.446101
0.447503
0.448902
0.450296
0.451688
0.453075
0.454459
0.455840
0.457217
0.458591
0.459961
0.461327
0.462691
0.464050
0.465406
0.466759
0.468109
0.469454
0.470797
0.472136
0.473471
0.474804
0.476132
0.477458
0.478780
0.480099
0.481414
0.482726
0.484035
0.485340
0.486642
0.487940
0.489236
0.490528
0.491817
0.493102
0.494384
0.495663
0.496939
0.498211
0.499481
0.500747
0.502009
0.503269
0.504525
0.505778
0.507028
0.508275
0.509519
0.510759
0.511996
0.513230
0.514461
0.515689
0.516914
0.518135
0.519354
0.520569
0.521781
0.522991
0.524197
0.525400
0.526600
0.527797
0.528991
0.530181
0.531369
0.532554
0.533736
0.534914
0.536090
0.537263
0.538433
0.539600
0.540763
0.541924
0.543082
0.544237
0.545389
0.546538
0.547684
0.548828
0.549968
0.551105
0.552240
0.553372
0.554500
0.555626
0.556749
0.557870
0.558987
0.560101
0.561213
0.562322
0.563428
0.564531
0.565631
0.566729
0.567824
0.568916
0.570005
0.571091
0.572175
0.573256
0.574334
0.575410
0.576482
0.577552
0.578620
0.579684
0.580746
0.581805
0.582862
0.583915
0.584967
0.586015
0.587061
0.588104
0.589144
0.590182
0.591217
0.592250
0.593280
0.594307
0.595331
0.596354
0.597373
0.598390
0.599404
0.600416
0.601425
0.602432
0.603436
0.604437
0.605436
0.606432
0.607426
0.608418
0.609406
0.610393
0.611376
0.612358
0.613337
0.614313
0.615287
0.616258
0.617227
0.618193
0.619157
0.620119
0.621078
0.622035
0.622989
0.623941
0.624890
0.625837
0.626782
0.627724
0.628664
0.629601
0.630536
0.631469
0.632399
0.633327
0.634252
0.635176
0.636096
0.637015
0.637931
0.638845
0.639757
0.640666
0.641573
0.642478
0.643380
0.644280
0.645178
0.646073
0.646967
0.647858
0.648746
0.649633
0.650517
0.651399
0.652279
0.653156
0.654032
0.654905
0.655776
0.656644
0.657511
0.658375
0.659237
0.660097
0.660955
0.661810
0.662664
0.663515
0.664364
0.665211
0.666056
0.666899
0.667739
0.668578
0.669414
0.670248
0.671080
0.671910
0.672738
0.673564
0.674388
0.675209
0.676029
0.676846
0.677662
0.678475
0.679286
0.680096
0.680903
0.681708
0.682511
0.683312
0.684111
0.684909
0.685704
0.686497
0.687288
0.688077
0.688864
0.689649
0.690432
0.691213
0.691993
0.692770
0.693545
0.694319
0.695090
0.695859
0.696627
0.697393
0.698156
0.698918
0.699678
0.700436
0.701192
0.701946
0.702698
0.703449
0.704197
0.704944
0.705688
0.706431
0.707172
0.707911
0.708649
0.709384
0.710118
0.710849
0.711579
0.712307
0.713034
0.713758
0.714481
0.715202
0.715921
0.716638
0.717353
0.718067
0.718779
0.719489
0.720197
0.720904
0.721609
0.722312
0.723013
0.723713
0.724411
0.725107
0.725801
0.726494
0.727185
0.727874
0.728561
0.729247
0.729931
0.730613
0.731294
0.731973
0.732650
0.733326
0.734000
0.734672
0.735343
0.736012
0.736679
0.737345
0.738009
0.738671
0.739332
0.739991
0.740648
0.741304
0.741958
0.742611
0.743262
0.743911
0.744559
0.745205
0.745850
0.746493
0.747134
0.747774
0.748413
0.749049
0.749684
0.750318
0.750950
0.751581
0.752210
0.752837
0.753463
0.754087
0.754710
0.755331
0.755951
0.756570
0.757186
0.757802
0.758415
0.759028
0.759639
0.760248
0.760856
0.761462
0.762067
0.762670
0.763272
0.763873
0.764472
0.765070
0.765666
0.766260
0.766854
0.767446
0.768036
0.768625
0.769213
0.769799
0.770384
0.770967
0.771549
0.772129
0.772709
0.773286
0.773863
0.774438
0.775012
0.775584
0.776155
0.776724
0.777293
0.777859
0.778425
0.778989
0.779552
0.780113
0.780673
0.781232
0.781790
0.782346
0.782901
0.783454
0.784007
0.784558
0.785107
0.785656
0.786203
0.786749
0.787293
0.787836
0.788378
0.788919
0.789458
0.789997
0.790534
0.791069
0.791604
0.792137
0.792669
0.793200
0.793729
0.794257
0.794784
0.795310
0.795835
0.796358
0.796880
0.797401
0.797921
0.798440
0.798957
0.799474
0.799989
0.800502
0.801015
0.801527
0.802037
0.802546
0.803054
0.803561
0.804067
0.804572
0.805075
0.805578
0.806079
0.806579
0.807078
0.807576
0.808073
0.808568
0.809063
0.809556
0.810049
0.810540
0.811030
0.811519
0.812007
0.812494
0.812980
0.813464
0.813948
0.814431
0.814912
0.815393
0.815872
0.816351
0.816828
0.817305
0.817780
0.818254
0.818727
0.819200
0.819671
0.820141
0.820610
0.821078
0.821546
0.822012
0.822477
0.822941
0.823404
0.823867
0.824328
0.824788
0.825247
0.825706
0.826163
0.826619
0.827075
0.827529
0.827983
0.828435
0.828887
0.829338
0.829788
0.830236
0.830684
0.831131
0.831577
0.832023
0.832467
0.832910
0.833353
0.833794
0.834235
0.834675
0.835113
0.835551
0.835989
0.836425
0.836860
0.837295
0.837728
0.838161
0.838593
0.839024
0.839454
