0.033743
0.127711
0.193923
0.226384
0.243160
0.254251
0.264147
0.274276
0.276770
0.278807
0.280821
0.282824
0.284821
0.286810
0.288794
0.290771
0.292742
0.294707
0.296665
0.298618
0.300564
0.302504
0.304439
0.306367
0.308289
0.310206
0.312117
0.314022
0.315922
0.317816
0.319704
0.321587
0.323465
0.325337
0.327203
0.329064
0.330920
0.332771
0.334617
0.336517
0.338226
0.339911
0.341589
0.343263
0.344932
0.346597
0.348257
0.349913
0.351565
0.353213
0.354856
0.356495
0.358130
0.359761
0.361387
0.363010
0.364628
0.366242
0.367852
0.369458
0.371059
0.372657
0.374250
0.375840
0.377425
0.379007
0.380584
0.382157
0.383726
0.385291
0.386853
0.388410
0.389963
0.391512
0.393057
0.394599
0.396136
0.397669
0.399199
0.400724
0.402246
0.403764
0.405278
0.406788
0.408294
0.409796
0.411295
0.412789
0.414280
0.415767
0.417250
0.418730
0.420205
0.421677
0.423145
0.424609
0.426070
0.427527
0.428980
0.430429
0.431875
0.433317
0.434755
0.436190
0.437621
0.439048
0.440472
0.441892
0.443308
0.444721
0.446130
0.447536
0.448937
0.450336
0.451731
0.453122
0.454509
0.455894
0.457274
0.458651
0.460025
0.461395
0.462761
0.464124
0.465484
0.466840
0.468192
0.469541
0.470887
0.472229
0.473568
0.474904
0.476236
0.477564
0.478889
0.480211
0.481529
0.482845
0.484156
0.485465
0.486770
0.488071
0.489370
0.490665
0.491956
0.493245
0.494530
0.495812
0.497090
0.498365
0.499637
0.500906
0.502172
0.503434
0.504693
0.505949
0.507202
0.508451
0.509697
0.510940
0.512180
0.513417
0.514651
0.515881
0.517108
0.518333
0.519554
0.520772
0.521986
0.523198
0.524407
0.525612
0.526815
0.528014
0.529210
0.530403
0.531594
0.532781
0.533965
0.535146
0.536324
0.537499
0.538671
0.539840
0.541007
0.542170
0.543330
0.544487
0.545641
0.546793
0.547941
0.549086
0.550229
0.551369
0.552505
0.553639
0.554770
0.555898
0.557023
0.558145
0.559265
0.560381
0.561495
0.562606
0.563714
0.564819
0.565921
0.567021
0.568117
0.569211
0.570303
0.571391
0.572476
0.573559
0.574639
0.575717
0.576791
0.577863
0.578932
0.579998
0.581062
0.582123
0.583181
0.584237
0.585289
0.586339
0.587387
0.588432
0.589474
0.590513
0.591550
0.592584
0.593616
0.594645
0.595671
0.596694
0.597715
0.598734
0.599750
0.600763
0.601774
0.602782
0.603787
0.604790
0.605790
0.606788
0.607784
0.608776
0.609766
0.610754
0.611739
0.612722
0.613702
0.614680
0.615655
0.616628
0.617598
0.618565
0.619531
0.620493
0.621454
0.622412
0.623367
0.624320
0.625271
0.626219
0.627165
0.628108
0.629049
0.629987
0.630923
0.631857
0.632788
0.633717
0.634644
0.635568
0.636490
0.637410
0.638327
0.639242
0.640154
0.641064
0.641972
0.642878
0.643781
0.644682
0.645581
0.646477
0.647371
0.648263
0.649152
0.650040
0.650925
0.651807
0.652688
0.653566
0.654442
0.655316
0.656187
0.657057
0.657924
0.658789
0.659651
0.660512
0.661370
0.662226
0.663080
0.663932
0.664782
0.665629
0.666474
0.667317
0.668158
0.668997
0.669834
0.670668
0.671501
0.672331
0.673159
0.673985
0.674809
0.675631
0.676451
0.677269
0.678084
0.678898
0.679709
0.680518
0.681326
0.682131
0.682934
0.683735
0.684535
0.685332
0.686127
0.686920
0.687711
0.688500
0.689287
0.690072
0.690855
0.691636
0.692414
0.693191
0.693967
0.694740
0.695511
0.696280
0.697047
0.697812
0.698575
0.699337
0.700096
0.700853
0.701609
0.702362
0.703114
0.703864
0.704612
0.705358
0.706102
0.706844
0.707584
0.708322
0.709059
0.709793
0.710526
0.711257
0.711986
0.712713
0.713438
0.714162
0.714883
0.715603
0.716321
0.717037
0.717751
0.718464
0.719175
0.719883
0.720590
0.721296
0.721999
0.722701
0.723401
0.724099
0.724795
0.725489
0.726182
0.726873
0.727562
0.728250
0.728935
0.729619
0.730302
0.730982
0.731661
0.732338
0.733013
0.733687
0.734359
0.735029
0.735697
0.736364
0.737029
0.737692
0.738354
0.739014
0.739672
0.740329
0.740984
0.741637
0.742289
0.742939
0.743587
0.744234
0.744879
0.745522
0.746164
0.746804
0.747442
0.748079
0.748714
0.749348
0.749980
0.750610
0.751239
0.751866
0.752492
0.753116
0.753738
0.754359
0.754978
0.755596
0.756212
0.756826
0.757439
0.758051
0.758661
0.759269
0.759876
0.760481
0.761084
0.761687
0.762287
0.762886
0.763484
0.764080
0.764674
0.765267
0.765859
0.766449
0.767037
0.767624
0.768209
0.768793
0.769376
0.769957
0.770536
0.771114
0.771691
0.772266
0.772840
0.773412
0.773983
0.774552
0.775120
0.775686
0.776251
0.776815
0.777377
0.777937
0.778496
0.779054
0.779611
0.780166
0.780719
0.781271
0.781822
0.782371
0.782919
0.783466
0.784011
0.784555
0.785097
0.785638
0.786178
0.786716
0.787253
0.787788
0.788322
0.788855
0.789387
0.789917
0.790445
0.790973
0.791499
0.792024
0.792547
0.793069
0.793590
0.794109
0.794627
0.795144
0.795659
0.796173
0.796686
0.797198
0.797708
0.798217
0.798725
0.799231
0.799736
0.800240
0.800742
0.801243
0.801743
0.802242
0.802739
0.803235
0.803730
0.804224
0.804716
0.805207
0.805697
0.806186
0.806673
0.807159
0.807644
0.808128
0.808610
0.809092
0.809571
0.810050
0.810528
0.811004
0.811479
0.811953
0.812426
0.812897
0.813368
0.813837
0.814305
0.814772
0.815237
0.815701
0.816165
0.816627
0.817087
0.817547
0.818006
0.818463
0.818919
0.819374
0.819828
0.820281
0.820732
0.821183
0.821632
0.822080
0.822527
0.822973
0.823418
0.823861
0.824304
0.824745
0.825186
0.825625
0.826063
0.826500
0.826935
0.827370
0.827804
0.828236
0.828668
0.829098
0.829527
0.829955
0.830382
0.830808
0.831233
0.831657
0.832080
0.832501
0.832922
0.833341
0.833760
0.834177
0.834594
0.835009
0.835423
0.835836
0.836248
0.836659
0.837070
0.837479
0.837887
0.838293
0.838699
0.839104
