0.055374
0.148273
0.194741
0.215740
0.227951
0.237336
0.245777
0.253920
0.262091
0.270881
0.280953
0.284188
0.286177
0.288158
0.290134
0.292103
0.294067
0.296024
0.297975
0.299920
0.301858
0.303791
0.305717
0.307638
0.309552
0.311461
0.313364
0.315261
0.317152
0.319037
0.320917
0.322792
0.324661
0.326524
0.328382
0.330235
0.332082
0.333924
0.335761
0.337650
0.339346
0.341022
0.342692
0.344356
0.346017
0.347673
0.349325
0.350972
0.352615
0.354254
0.355889
0.357520
0.359147
0.360769
0.362387
0.364001
0.365611
0.367217
0.368819
0.370416
0.372010
0.373599
0.375185
0.376766
0.378344
0.379917
0.381486
0.383052
0.384613
0.386171
0.387724
0.389274
0.390819
0.392361
0.393898
0.395432
0.396962
0.398488
0.400010
0.401528
0.403042
0.404553
0.406059
0.407562
0.409061
0.410556
0.412047
0.413535
0.415019
0.416499
0.417975
0.419447
0.420916
0.422381
0.423842
0.425299
0.426753
0.428203
0.429649
0.431092
0.432531
0.433966
0.435398
0.436826
0.438250
0.439671
0.441088
0.442502
0.443912
0.445318
0.446721
0.448120
0.449515
0.450907
0.452296
0.453681
0.455062
0.456440
0.457815
0.459185
0.460553
0.461917
0.463277
0.464634
0.465988
0.467338
0.468684
0.470028
0.471367
0.472704
0.474037
0.475366
0.476693
0.478015
0.479335
0.480651
0.481964
0.483273
0.484579
0.485882
0.487181
0.488477
0.489770
0.491060
0.492346
0.493629
0.494908
0.496185
0.497458
0.498728
0.499995
0.501258
0.502518
0.503775
0.505029
0.506280
0.507527
0.508772
0.510013
0.511251
0.512485
0.513717
0.514946
0.516171
0.517393
0.518612
0.519828
0.521041
0.522251
0.523458
0.524662
0.525862
0.527060
0.528254
0.529446
0.530634
0.531820
0.533002
0.534182
0.535358
0.536531
0.537702
0.538869
0.540034
0.541195
0.542354
0.543509
0.544662
0.545812
0.546958
0.548102
0.549243
0.550381
0.551516
0.552649
0.553778
0.554904
0.556028
0.557149
0.558267
0.559382
0.560494
0.561603
0.562710
0.563814
0.564915
0.566013
0.567108
0.568201
0.569290
0.570377
0.571462
0.572543
0.573622
0.574698
0.575771
0.576841
0.577909
0.578974
0.580037
0.581096
0.582153
0.583207
0.584259
0.585308
0.586354
0.587397
0.588438
0.589477
0.590512
0.591545
0.592575
0.593603
0.594628
0.595651
0.596670
0.597688
0.598702
0.599714
0.600724
0.601731
0.602735
0.603737
0.604736
0.605733
0.606727
0.607719
0.608708
0.609695
0.610679
0.611660
0.612639
0.613616
0.614590
0.615562
0.616531
0.617498
0.618462
0.619424
0.620383
0.621340
0.622294
0.623246
0.624196
0.625143
0.626088
0.627030
0.627970
0.628908
0.629843
0.630776
0.631706
0.632634
0.633560
0.634483
0.635404
0.636323
0.637239
0.638153
0.639065
0.639974
0.640881
0.641786
0.642688
0.643588
0.644486
0.645382
0.646275
0.647166
0.648055
0.648941
0.649825
0.650707
0.651587
0.652464
0.653339
0.654212
0.655083
0.655952
0.656818
0.657682
0.658544
0.659404
0.660261
0.661117
0.661970
0.662821
0.663670
0.664517
0.665361
0.666203
0.667044
0.667882
0.668718
0.669552
0.670383
0.671213
0.672040
0.672866
0.673689
0.674510
0.675329
0.676146
0.676961
0.677774
0.678585
0.679394
0.680200
0.681005
0.681808
0.682608
0.683407
0.684203
0.684998
0.685790
0.686580
0.687369
0.688155
0.688940
0.689722
0.690502
0.691281
0.692057
0.692832
0.693604
0.694375
0.695143
0.695910
0.696675
0.697437
0.698198
0.698957
0.699714
0.700469
0.701222
0.701973
0.702722
0.703470
0.704215
0.704959
0.705700
0.706440
0.707178
0.707914
0.708648
0.709381
0.710111
0.710840
0.711566
0.712291
0.713014
0.713735
0.714455
0.715172
0.715888
0.716602
0.717314
0.718024
0.718733
0.719440
0.720144
0.720848
0.721549
0.722248
0.722946
0.723642
0.724336
0.725029
0.725720
0.726409
0.727096
0.727781
0.728465
0.729147
0.729827
0.730506
0.731183
0.731858
0.732531
0.733203
0.733873
0.734541
0.735208
0.735872
0.736536
0.737197
0.737857
0.738515
0.739172
0.739827
0.740480
0.741131
0.741781
0.742430
0.743076
0.743721
0.744365
0.745006
0.745646
0.746285
0.746922
0.747557
0.748191
0.748823
0.749453
0.750082
0.750709
0.751335
0.751959
0.752582
0.753203
0.753822
0.754440
0.755056
0.755671
0.756284
0.756896
0.757506
0.758114
0.758721
0.759327
0.759931
0.760533
0.761134
0.761734
0.762331
0.762928
0.763523
0.764116
0.764708
0.765298
0.765887
0.766475
0.767061
0.767645
0.768228
0.768810
0.769390
0.769969
0.770546
0.771122
0.771696
0.772269
0.772840
0.773410
0.773979
0.774546
0.775112
0.775676
0.776239
0.776801
0.777361
0.777920
0.778477
0.779033
0.779587
0.780140
0.780692
0.781243
0.781792
0.782339
0.782886
0.783431
0.783974
0.784516
0.785057
0.785597
0.786135
0.786672
0.787207
0.787742
0.788275
0.788806
0.789336
0.789865
0.790393
0.790919
0.791444
0.791968
0.792490
0.793012
0.793531
0.794050
0.794567
0.795083
0.795598
0.796112
0.796624
0.797135
0.797644
0.798153
0.798660
0.799166
0.799671
0.800174
0.800677
0.801178
0.801677
0.802176
0.802673
0.803169
0.803664
0.804158
0.804651
0.805142
0.805632
0.806121
0.806609
0.807096
0.807581
0.808065
0.808548
0.809030
0.809511
0.809990
0.810469
0.810946
0.811422
0.811897
0.812371
0.812844
0.813315
0.813786
0.814255
0.814723
0.815190
0.815656
0.816121
0.816585
0.817048
0.817509
0.817970
0.818429
0.818887
0.819344
0.819800
0.820256
0.820709
0.821162
0.821614
0.822065
0.822515
0.822963
0.823411
0.823857
0.824303
0.824747
0.825191
0.825633
0.826075
0.826515
0.826954
0.827393
0.827830
0.828266
0.828702
0.829136
0.829569
0.830001
0.830433
0.830863
0.831292
0.831721
0.832148
0.832575
0.833000
0.833425
0.833848
0.834271
0.834692
0.835113
0.835533
0.835952
0.836370
0.836787
0.837203
0.837618
0.838032
0.838445
0.838857
