0.017350
0.037985
0.071515
0.124621
0.177356
0.214057
0.235568
0.248540
0.258090
0.267142
0.277225
0.280464
0.282447
0.284432
0.286414
0.288390
0.290360
0.292324
0.294282
0.296233
0.298178
0.300117
0.302050
0.303977
0.305897
0.307812
0.309721
0.311625
0.313522
0.315414
0.317300
0.319181
0.321056
0.322925
0.324790
0.326649
0.328502
0.330350
0.332193
0.334084
0.335780
0.337459
0.339133
0.340803
0.342468
0.344128
0.345785
0.347437
0.349085
0.350729
0.352369
0.354004
0.355635
0.357262
0.358885
0.360504
0.362118
0.363729
0.365335
0.366937
0.368536
0.370130
0.371720
0.373306
0.374888
0.376466
0.378040
0.379609
0.381175
0.382737
0.384295
0.385849
0.387399
0.388945
0.390487
0.392026
0.393560
0.395090
0.396617
0.398139
0.399658
0.401173
0.402684
0.404191
0.405694
0.407194
0.408690
0.410181
0.411669
0.413154
0.414634
0.416111
0.417584
0.419053
0.420519
0.421980
0.423438
0.424893
0.426343
0.427790
0.429234
0.430673
0.432109
0.433541
0.434970
0.436395
0.437816
0.439234
0.440648
0.442059
0.443466
0.444869
0.446269
0.447665
0.449058
0.450447
0.451833
0.453215
0.454594
0.455969
0.457341
0.458709
0.460073
0.461435
0.462792
0.464147
0.465497
0.466845
0.468189
0.469529
0.470867
0.472200
0.473531
0.474858
0.476182
0.477502
0.478819
0.480132
0.481443
0.482750
0.484053
0.485354
0.486651
0.487944
0.489235
0.490522
0.491806
0.493087
0.494364
0.495638
0.496909
0.498177
0.499442
0.500703
0.501961
0.503216
0.504468
0.505717
0.506962
0.508205
0.509444
0.510680
0.511913
0.513143
0.514369
0.515593
0.516813
0.518031
0.519245
0.520456
0.521665
0.522870
0.524072
0.525271
0.526467
0.527660
0.528850
0.530037
0.531221
0.532402
0.533581
0.534756
0.535928
0.537097
0.538263
0.539427
0.540587
0.541745
0.542899
0.544051
0.545200
0.546346
0.547489
0.548629
0.549766
0.550901
0.552032
0.553161
0.554287
0.555410
0.556531
0.557648
0.558763
0.559875
0.560984
0.562090
0.563194
0.564295
0.565393
0.566488
0.567581
0.568671
0.569758
0.570842
0.571924
0.573003
0.574079
0.575153
0.576224
0.577292
0.578358
0.579421
0.580482
0.581539
0.582594
0.583647
0.584697
0.585744
0.586789
0.587831
0.588871
0.589908
0.590942
0.591974
0.593003
0.594030
0.595054
0.596076
0.597095
0.598112
0.599126
0.600138
0.601147
0.602154
0.603158
0.604160
0.605159
0.606156
0.607151
0.608143
0.609132
0.610119
0.611104
0.612086
0.613066
0.614044
0.615019
0.615992
0.616962
0.617930
0.618896
0.619860
0.620821
0.621779
0.622736
0.623690
0.624642
0.625591
0.626538
0.627483
0.628426
0.629366
0.630304
0.631240
0.632174
0.633105
0.634034
0.634961
0.635886
0.636809
0.637729
0.638647
0.639563
0.640477
0.641388
0.642298
0.643205
0.644110
0.645013
0.645914
0.646812
0.647709
0.648604
0.649496
0.650386
0.651274
0.652160
0.653044
0.653926
0.654806
0.655684
0.656560
0.657434
0.658305
0.659175
0.660043
0.660909
0.661772
0.662634
0.663494
0.664351
0.665207
0.666061
0.666913
0.667763
0.668611
0.669457
0.670301
0.671143
0.671983
0.672821
0.673658
0.674492
0.675325
0.676156
0.676985
0.677812
0.678637
0.679461
0.680282
0.681102
0.681920
0.682736
0.683550
0.684363
0.685173
0.685982
0.686789
0.687595
0.688398
0.689200
0.690000
0.690798
0.691595
0.692390
0.693183
0.693975
0.694764
0.695552
0.696339
0.697123
0.697906
0.698688
0.699467
0.700245
0.701022
0.701796
0.702570
0.703341
0.704111
0.704879
0.705646
0.706411
0.707174
0.707936
0.708697
0.709455
0.710213
0.710968
0.711722
0.712475
0.713226
0.713976
0.714724
0.715470
0.716215
0.716959
0.717701
0.718441
0.719180
0.719918
0.720654
0.721389
0.722122
0.722854
0.723585
0.724314
0.725041
0.725767
0.726492
0.727216
0.727938
0.728658
0.729378
0.730096
0.730812
0.731528
0.732242
0.732954
0.733665
0.734375
0.735084
0.735791
0.736497
0.737202
0.737906
0.738608
0.739309
0.740009
0.740707
0.741404
0.742100
0.742795
0.743489
0.744181
0.744872
0.745562
0.746251
0.746938
0.747624
0.748310
0.748994
0.749677
0.750358
0.751039
0.751718
0.752397
0.753074
0.753750
0.754425
0.755099
0.755771
0.756443
0.757114
0.757783
0.758451
0.759119
0.759785
0.760451
0.761115
0.761778
0.762440
0.763101
0.763761
0.764421
0.765079
0.765736
0.766392
0.767047
0.767702
0.768355
0.769007
0.769658
0.770309
0.770958
0.771607
0.772255
0.772901
0.773547
0.774192
0.774836
0.775479
0.776121
0.776762
0.777403
0.778042
0.778681
0.779319
0.779956
0.780592
0.781227
0.781862
0.782496
0.783128
0.783760
0.784392
0.785022
0.785652
0.786281
0.786909
0.787536
0.788162
0.788788
0.789413
0.790037
0.790661
0.791284
0.791906
0.792527
0.793147
0.793767
0.794386
0.795005
0.795622
0.796239
0.796856
0.797471
0.798086
0.798700
0.799314
0.799927
0.800539
0.801151
0.801762
0.802372
0.802982
0.803591
0.804199
0.804807
0.805414
0.806020
0.806626
0.807232
0.807836
0.808440
0.809044
0.809647
0.810249
0.810851
0.811452
0.812053
0.812653
0.813252
0.813851
0.814449
0.815047
0.815644
0.816241
0.816837
0.817433
0.818028
0.818622
0.819216
0.819810
0.820403
0.820995
0.821587
0.822178
0.822769
0.823360
0.823950
0.824539
0.825128
0.825716
0.826304
0.826892
0.827479
0.828065
0.828651
0.829237
0.829822
0.830406
0.830990
0.831574
0.832157
0.832740
0.833322
0.833904
0.834485
0.835066
0.835647
0.836227
0.836806
0.837385
0.837964
0.838542
0.839120
0.839697
0.840274
0.840851
0.841427
0.842002
0.842577
0.843152
0.843726
0.844300
0.844874
0.845447
0.846019
0.846591
0.847163
0.847734
0.848305
0.848875
0.849445
0.850015
0.850584
0.851153
0.851721
0.852289
0.852856
0.853423
0.853990
0.854556
0.855121
0.855687
0.856251
0.856816
0.857380
0.857943
