0.009977
0.021363
0.033578
0.048705
0.056079
0.063138
0.070873
0.079420
0.088942
0.099625
0.111712
0.125546
0.141623
0.160705
0.183923
0.212614
0.246917
0.282532
0.308107
0.310983
0.295687
0.284520
0.283756
0.285647
0.287668
0.289691
0.291712
0.293732
0.295750
0.297768
0.299784
0.301799
0.303813
0.305826
0.307838
0.309849
0.311859
0.313868
0.315877
0.317917
0.319745
0.321585
0.323427
0.325271
0.327115
0.328960
0.330806
0.332653
0.334501
0.336351
0.338201
0.340054
0.341907
0.343762
0.345619
0.347478
0.349338
0.351201
0.353065
0.354932
0.356800
0.358671
0.360544
0.362420
0.364298
0.366178
0.368062
0.369947
0.371836
0.373728
0.375622
0.377519
0.379420
0.381323
0.383230
0.385140
0.387053
0.388969
0.390889
0.392812
0.394739
0.396669
0.398603
0.400540
0.402482
0.404426
0.406375
0.408327
0.410284
0.412244
0.414207
0.416175
0.418147
0.420123
0.422102
0.424086
0.426074
0.428066
0.430061
0.432061
0.434065
0.436073
0.438085
0.440101
0.442121
0.444146
0.446174
0.448206
0.450243
0.452283
0.454328
0.456376
0.458429
0.460485
0.462545
0.464610
0.466678
0.468750
0.470826
0.472905
0.474989
0.477076
0.479167
0.481261
0.483359
0.485461
0.487566
0.489675
0.491787
0.493902
0.496021
0.498142
0.500267
0.502396
0.504527
0.506661
0.508798
0.510938
0.513081
0.515226
0.517374
0.519525
0.521678
0.523833
0.525991
0.528151
0.530314
0.532478
0.534645
0.536813
0.538983
0.541155
0.543329
0.545504
0.547680
0.549858
0.552038
0.554218
0.556400
0.558582
0.560766
0.562950
0.565136
0.567321
0.569508
0.571694
0.573881
0.576069
0.578256
0.580443
0.582631
0.584818
0.587005
0.589191
0.591377
0.593563
0.595747
0.597931
0.600114
0.602296
0.604477
0.606657
0.608835
0.611012
0.613188
0.615361
0.617533
0.619704
0.621872
0.624038
0.626202
0.628364
0.630523
0.632680
0.634834
0.636986
0.639135
0.641281
0.643424
0.645564
0.647701
0.649835
0.651965
0.654092
0.656215
0.658334
0.660450
0.662562
0.664670
0.666774
0.668874
0.670969
0.673061
0.675147
0.677230
0.679307
0.681381
0.683449
0.685512
0.687571
0.689624
0.691672
0.693716
0.695754
0.697786
0.699813
0.701835
0.703851
0.705861
0.707865
0.709864
0.711857
0.713844
0.715824
0.717799
0.719767
0.721729
0.723685
0.725635
0.727578
0.729514
0.731444
0.733367
0.735283
0.737193
0.739096
0.740992
0.742881
0.744762
0.746637
0.748505
0.750365
0.752219
0.754064
0.755903
0.757734
0.759558
0.761374
0.763183
0.764984
0.766778
0.768563
0.770342
0.772112
0.773875
0.775629
0.777376
0.779115
0.780846
0.782569
0.784284
0.785991
0.787690
0.789381
0.791064
0.792738
0.794405
0.796063
0.797713
0.799354
0.800988
0.802613
0.804229
0.805838
0.807437
0.809029
0.810612
0.812187
0.813753
0.815311
0.816860
0.818401
0.819934
0.821457
0.822973
0.824480
0.825978
0.827468
0.828949
0.830421
0.831885
0.833341
0.834788
0.836226
0.837656
0.839077
0.840490
0.841894
0.843289
0.844676
0.846055
0.847425
0.848786
0.850138
0.851483
0.852818
0.854145
0.855464
0.856774
0.858075
0.859368
0.860653
0.861929
0.863197
0.864456
0.865707
0.866949
0.868183
0.869408
0.870626
0.871834
0.873035
0.874227
0.875411
0.876586
0.877753
0.878912
0.880063
0.881206
0.882340
0.883466
0.884584
0.885694
0.886796
0.887890
0.888976
0.890053
0.891123
0.892185
0.893239
0.894285
0.895322
0.896353
0.897375
0.898389
0.899396
0.900395
0.901386
0.902369
0.903345
0.904313
0.905274
0.906227
0.907172
0.908110
0.909040
0.909963
0.910879
0.911787
0.912687
0.913581
0.914467
0.915346
0.916217
0.917082
0.917939
0.918789
0.919632
0.920468
0.921297
0.922119
0.922934
0.923742
0.924543
0.925338
0.926125
0.926906
0.927680
0.928447
0.929208
0.929962
0.930709
0.931450
0.932184
0.932912
0.933633
0.934348
0.935057
0.935759
0.936455
0.937144
0.937828
0.938505
0.939176
0.939841
0.940500
0.941153
0.941799
0.942440
0.943075
0.943704
0.944327
0.944944
0.945556
0.946162
0.946762
0.947356
0.947945
0.948528
0.949106
0.949678
0.950244
0.950805
0.951361
0.951911
0.952456
0.952996
0.953530
0.954060
0.954584
0.955103
0.955616
0.956125
0.956629
0.957127
0.957621
0.958110
0.958593
0.959072
0.959547
0.960016
0.960481
0.960940
0.961396
0.961846
0.962292
0.962734
0.963170
0.963603
0.964031
0.964454
0.964873
0.965288
0.965698
0.966104
0.966506
0.966904
0.967297
0.967686
0.968071
0.968452
0.968829
0.969202
0.969571
0.969936
0.970297
0.970655
0.971008
0.971358
0.971703
0.972045
0.972384
0.972718
0.973049
0.973376
0.973700
0.974020
0.974337
0.974650
0.974959
0.975265
0.975568
0.975867
0.976163
0.976456
0.976745
0.977032
0.977314
0.977594
0.977871
0.978144
0.978414
0.978681
0.978946
0.979207
0.979465
0.979720
0.979972
0.980221
0.980467
0.980711
0.980952
0.981189
0.981425
0.981657
0.981886
0.982113
0.982337
0.982559
0.982778
0.982994
0.983208
0.983419
0.983628
0.983834
0.984038
0.984239
0.984438
0.984634
0.984828
0.985020
0.985210
0.985397
0.985582
0.985764
0.985944
0.986123
0.986298
0.986472
0.986644
0.986813
0.986981
0.987146
0.987309
0.987471
0.987630
0.987787
0.987942
0.988096
0.988247
0.988397
0.988544
0.988690
0.988834
0.988976
0.989116
0.989255
0.989391
0.989526
0.989660
0.989791
0.989921
0.990049
0.990176
0.990300
0.990424
0.990545
0.990665
0.990784
0.990901
0.991016
0.991130
0.991243
0.991353
0.991463
0.991571
0.991678
0.991783
0.991887
0.991989
0.992090
0.992190
0.992288
0.992385
0.992481
0.992575
0.992669
0.992761
0.992851
0.992941
0.993029
0.993116
0.993202
0.993287
0.993370
0.993453
0.993534
0.993614
0.993693
0.993771
0.993848
0.993924
0.993999
0.994072
0.994145
0.994217
0.994288
0.994357
0.994426
0.994494
