0.010153
0.023306
0.031816
0.036914
0.042288
0.048025
0.054201
0.060898
0.068230
0.076327
0.085347
0.095469
0.106928
0.120041
0.135234
0.153067
0.174310
0.200184
0.232683
0.275105
0.332928
0.411793
0.481262
0.452491
0.400313
0.394370
0.397934
0.401882
0.405922
0.410043
0.414237
0.418498
0.422823
0.427208
0.431651
0.436148
0.440699
0.445301
0.449952
0.454780
0.459346
0.463978
0.468659
0.473388
0.478163
0.482983
0.487844
0.492746
0.497688
0.502666
0.507681
0.512729
0.517809
0.522920
0.528060
0.533226
0.538418
0.543633
0.548869
0.554124
0.559398
0.564686
0.569989
0.575303
0.580628
0.585960
0.591298
0.596640
0.601984
0.607328
0.612670
0.618009
0.623342
0.628667
0.633983
0.639287
0.644578
0.649854
0.655113
0.660354
0.665574
0.670772
0.675947
0.681096
0.686218
0.691312
0.696375
0.701407
0.706405
0.711370
0.716298
0.721190
0.726043
0.730856
0.735628
0.740359
0.745047
0.749690
0.754289
0.758841
0.763347
0.767804
0.772214
0.776574
0.780884
0.785144
0.789352
0.793509
0.797613
0.801665
0.805664
0.809609
0.813500
0.817337
0.821120
0.824849
0.828523
0.832142
0.835706
0.839216
0.842670
0.846070
0.849415
0.852705
0.855941
0.859123
0.862250
0.865324
0.868344
0.871310
0.874224
0.877085
0.879894
0.882651
0.885356
0.888010
0.890614
0.893167
0.895671
0.898126
0.900532
0.902889
0.905200
0.907463
0.909680
0.911851
0.913977
0.916058
0.918095
0.920088
0.922039
0.923947
0.925814
0.927640
0.929426
0.931171
0.932878
0.934547
0.936177
0.937771
0.939328
0.940849
0.942334
0.943786
0.945203
0.946587
0.947938
0.949257
0.950545
0.951801
0.953028
0.954224
0.955392
0.956531
0.957642
0.958726
0.959783
0.960814
0.961819
0.962800
0.963755
0.964687
0.965595
0.966480
0.967343
0.968183
0.969002
0.969801
0.970578
0.971336
0.972074
0.972793
0.973493
0.974175
0.974840
0.975486
0.976116
0.976730
0.977327
0.977909
0.978475
0.979026
0.979562
0.980085
0.980593
0.981088
0.981569
0.982038
0.982494
0.982938
0.983370
0.983790
0.984199
0.984597
0.984985
0.985361
0.985728
0.986085
0.986431
0.986769
0.987097
0.987417
0.987727
0.988030
0.988324
0.988610
0.988888
0.989158
0.989421
0.989677
0.989926
0.990168
0.990404
0.990633
0.990855
0.991072
0.991283
0.991487
0.991687
0.991880
0.992069
0.992252
0.992430
0.992603
0.992772
0.992936
0.993095
0.993250
0.993401
0.993547
0.993690
0.993828
0.993963
0.994094
0.994221
0.994345
0.994466
0.994583
0.994697
0.994808
0.994916
0.995021
0.995122
0.995222
0.995318
0.995412
0.995503
0.995592
0.995678
0.995762
0.995843
0.995923
0.996000
0.996075
0.996148
0.996219
0.996288
0.996355
0.996420
0.996484
0.996546
0.996606
0.996664
0.996721
0.996777
0.996830
0.996883
0.996934
0.996983
0.997032
0.997078
0.997124
0.997168
0.997212
0.997254
0.997294
0.997334
0.997373
0.997411
0.997447
0.997483
0.997518
0.997551
0.997584
0.997616
0.997647
0.997677
0.997707
0.997736
0.997763
0.997791
0.997817
0.997843
0.997868
0.997892
0.997916
0.997939
0.997961
0.997983
0.998004
0.998025
0.998045
0.998065
0.998084
0.998103
0.998121
0.998138
0.998156
0.998172
0.998189
0.998204
0.998220
0.998235
0.998249
0.998264
0.998278
0.998291
0.998304
0.998317
0.998329
0.998342
0.998353
0.998365
0.998376
0.998387
0.998398
0.998408
0.998418
0.998428
0.998438
0.998447
0.998456
0.998465
0.998473
0.998482
0.998490
0.998498
0.998506
0.998513
0.998521
0.998528
0.998535
0.998542
0.998548
0.998555
0.998561
0.998567
0.998573
0.998579
0.998585
0.998590
0.998596
0.998601
0.998606
0.998611
0.998616
0.998621
0.998625
0.998630
0.998634
0.998638
0.998643
0.998647
0.998651
0.998655
0.998658
0.998662
0.998666
0.998669
0.998672
0.998676
0.998679
0.998682
0.998685
0.998688
0.998691
0.998694
0.998697
0.998699
0.998702
0.998705
0.998707
0.998710
0.998712
0.998714
0.998717
0.998719
0.998721
0.998723
0.998725
0.998727
0.998729
0.998731
0.998733
0.998735
0.998736
0.998738
0.998740
0.998741
0.998743
0.998745
0.998746
0.998748
0.998749
0.998751
0.998752
0.998753
0.998755
0.998756
0.998757
0.998758
0.998759
0.998761
0.998762
0.998763
0.998764
0.998765
0.998766
0.998767
0.998768
0.998769
0.998770
0.998771
0.998772
0.998773
0.998773
0.998774
0.998775
0.998776
0.998777
0.998777
0.998778
0.998779
0.998779
0.998780
0.998781
0.998781
0.998782
0.998783
0.998783
0.998784
0.998784
0.998785
0.998785
0.998786
0.998787
0.998787
0.998788
0.998788
0.998788
0.998789
0.998789
0.998790
0.998790
0.998791
0.998791
0.998791
0.998792
0.998792
0.998793
0.998793
0.998793
0.998794
0.998794
0.998794
0.998795
0.998795
0.998795
0.998796
0.998796
0.998796
0.998796
0.998797
0.998797
0.998797
0.998797
0.998798
0.998798
0.998798
0.998798
0.998799
0.998799
0.998799
0.998799
0.998799
0.998800
0.998800
0.998800
0.998800
0.998800
0.998801
0.998801
0.998801
0.998801
0.998801
0.998801
0.998802
0.998802
0.998802
0.998802
0.998802
0.998802
0.998802
0.998803
0.998803
0.998803
0.998803
0.998803
0.998803
0.998803
0.998803
0.998803
0.998804
0.998804
0.998804
0.998804
0.998804
0.998804
0.998804
0.998804
0.998804
0.998804
0.998805
0.998805
0.998805
0.998805
0.998805
0.998805
0.998805
0.998805
0.998805
0.998805
0.998805
0.998805
0.998805
0.998805
0.998805
0.998806
0.998806
0.998806
0.998806
0.998806
0.998806
0.998806
0.998806
0.998806
0.998806
0.998806
0.998806
0.998806
0.998806
0.998806
0.998806
0.998806
0.998806
0.998806
0.998806
0.998806
0.998807
0.998807
0.998807
0.998807
0.998807
0.998807
0.998807
0.998807
0.998807
0.998807
0.998807
0.998807
0.998807
0.998807
0.998807
0.998807
0.998807
0.998807
0.998807
0.998807
0.998807
0.998807
