0.349236
0.659568
0.710656
0.747574
0.776049
0.798955
0.817968
0.834128
0.848086
0.860297
0.871114
0.880798
0.889543
0.897508
0.904830
0.911629
0.917998
0.924020
0.929819
0.935545
0.941412
0.947885
0.955129
0.959080
0.959634
0.959709
0.959767
0.959820
0.959868
0.959912
0.959952
0.959988
0.960021
0.960051
0.960078
0.960102
0.960124
0.960144
0.960162
0.960178
0.960192
0.960205
0.960216
0.960226
0.960235
0.960243
0.960250
0.960256
0.960262
0.960267
0.960271
0.960275
0.960278
0.960281
0.960284
0.960286
0.960288
0.960289
0.960291
0.960292
0.960293
0.960294
0.960295
0.960296
0.960296
0.960297
0.960297
0.960298
0.960298
0.960298
0.960299
0.960299
0.960299
0.960299
0.960299
0.960300
0.960300
0.960300
0.960300
0.960300
0.960300
0.960300
0.960300
0.960300
0.960300
0.960300
0.960300
0.960300
0.960300
0.960300
0.960300
0.960300
0.960300
0.960300
0.960300
0.960300
0.960300
0.960300
0.960300
0.960300
0.960300
0.960300
0.960300
0.960300
0.960300
0.960300
0.960300
0.960300
0.960300
0.960300
0.960300
0.960300
0.960300
0.960300
0.960300
0.960300
0.960300
0.960300
0.960300
0.960300
0.960300
0.960300
0.960300
0.960300
0.960300
0.960300
0.960300
0.960300
0.960300
0.960300
0.960300
0.960300
0.960300
0.960300
0.960300
0.960300
0.960300
0.960300
0.960300
0.960300
0.960300
0.960300
0.960300
0.960300
0.960300
0.960300
0.960300
0.960300
0.960300
0.960300
0.960300
0.960300
0.960300
0.960300
0.960300
0.960300
0.960300
0.960300
0.960300
0.960300
0.960300
0.960300
0.960300
0.960300
0.960300
0.960300
0.960300
0.960300
0.960300
0.960300
0.960300
0.960300
0.960300
0.960300
0.960300
0.960300
0.960300
0.960300
0.960300
0.960300
0.960300
0.960300
0.960300
0.960300
0.960300
0.960300
0.960300
0.960300
0.960300
0.960300
0.960300
0.960300
0.960300
0.960300
0.960300
0.960300
0.960300
0.960300
0.960300
0.960300
0.960300
0.960300
0.960300
0.960300
0.960300
0.960300
0.960300
0.960300
0.960300
0.960300
0.960300
0.960300
0.960300
0.960300
0.960300
0.960300
0.960300
0.960300
0.960300
0.960300
0.960300
0.960300
0.960300
0.960300
0.960300
0.960300
0.960300
0.960300
0.960300
0.960300
0.960300
0.960300
0.960300
0.960300
0.960300
0.960300
0.960300
0.960300
0.960300
0.960300
0.960300
0.960300
0.960300
0.960300
0.960300
0.960300
0.960300
0.960300
0.960300
0.960300
0.960300
0.960300
0.960300
0.960300
0.960300
0.960300
0.960300
0.960300
0.960300
0.960300
0.960300
0.960300
0.960300
0.960300
0.960300
0.960300
0.960300
0.960300
0.960300
0.960300
0.960300
0.960300
0.960300
0.960300
0.960300
0.960300
0.960300
0.960300
0.960300
0.960300
0.960300
0.960300
0.960300
0.960300
0.960300
0.960300
0.960300
0.960300
0.960300
0.960300
0.960300
0.960300
0.960300
0.960300
0.960300
0.960300
0.960300
0.960300
0.960300
0.960300
0.960300
0.960300
0.960300
0.960300
0.960300
0.960300
0.960300
0.960300
0.960300
0.960300
0.960300
0.960300
0.960300
0.960300
0.960300
0.960300
0.960300
0.960300
0.960300
0.960300
0.960300
0.960300
0.960300
0.960300
0.960300
0.960300
0.960300
0.960300
0.960300
0.960300
0.960300
0.960300
0.960300
0.960300
0.960300
0.960300
0.960300
0.960300
0.960300
0.960300
0.960300
0.960300
0.960300
0.960300
0.960300
0.960300
0.960300
0.960300
0.960300
0.960300
0.960300
0.960300
0.960300
0.960300
0.960300
0.960300
0.960300
0.960300
0.960300
0.960300
0.960300
0.960300
0.960300
0.960300
0.960300
0.960300
0.960300
0.960300
0.960300
0.960300
0.960300
0.960300
0.960300
0.960300
0.960300
0.960300
0.960300
0.960300
0.960300
0.960300
0.960300
0.960300
0.960300
0.960300
0.960300
0.960300
0.960300
0.960300
0.960300
0.960300
0.960300
0.960300
0.960300
0.960300
0.960300
0.960300
0.960300
0.960300
0.960300
0.960300
0.960300
0.960300
0.960300
0.960300
0.960300
0.960300
0.960300
0.960300
0.960300
0.960300
0.960300
0.960300
0.960300
0.960300
0.960300
0.960300
0.960300
0.960300
0.960300
0.960300
0.960300
0.960300
0.960300
0.960300
0.960300
0.960300
0.960300
0.960300
0.960300
0.960300
0.960300
0.960300
0.960300
0.960300
0.960300
0.960300
0.960300
0.960300
0.960300
0.960300
0.960300
0.960300
0.960300
0.960300
0.960300
0.960300
0.960300
0.960300
0.960300
0.960300
0.960300
0.960300
0.960300
0.960300
0.960300
0.960300
0.960300
0.960300
0.960300
0.960300
0.960300
0.960300
0.960300
0.960300
0.960300
0.960300
0.960300
0.960300
0.960300
0.960300
0.960300
0.960300
0.960300
0.960300
0.960300
0.960300
0.960300
0.960300
0.960300
0.960300
0.960300
0.960300
0.960300
0.960300
0.960300
0.960300
0.960300
0.960300
0.960300
0.960300
0.960300
0.960300
0.960300
0.960300
0.960300
0.960300
0.960300
0.960300
0.960300
0.960300
0.960300
0.960300
0.960300
0.960300
0.960300
0.960300
0.960300
0.960300
0.960300
0.960300
0.960300
0.960300
0.960300
0.960300
0.960300
0.960300
0.960300
0.960300
0.960300
0.960300
0.960300
0.960300
0.960300
0.960300
0.960300
0.960300
0.960300
0.960300
0.960300
0.960300
0.960300
0.960300
0.960300
0.960300
0.960300
0.960300
0.960300
0.960300
0.960300
0.960300
0.960300
0.960300
0.960300
0.960300
0.960300
0.960300
0.960300
0.960300
0.960300
0.960300
0.960300
0.960300
0.960300
0.960300
0.960300
0.960300
0.960300
0.960300
0.960300
0.960300
0.960300
0.960300
0.960300
0.960300
0.960300
0.960300
0.960300
0.960300
0.960300
0.960300
0.960300
0.960300
0.960300
0.960300
0.960300
0.960300
0.960300
0.960300
0.960300
0.960300
0.960300
0.960300
0.960300
0.960300
0.960300
0.960300
0.960300
0.960300
0.960300
0.960300
0.960300
0.960300
0.960300
0.960300
0.960300
0.960300
0.960300
0.960300
0.960300
0.960300
