0.053509
0.154472
0.208167
0.232385
0.245663
0.255481
0.264947
0.274933
0.277384
0.279409
0.281419
0.283421
0.285416
0.287405
0.289388
0.291364
0.293334
0.295298
0.297256
0.299207
0.301153
0.303092
0.305026
0.306953
0.308875
0.310791
0.312701
0.314605
0.316504
0.318397
0.320284
0.322167
0.324043
0.325914
0.327780
0.329640
0.331496
0.333345
0.335190
0.337090
0.338798
0.340483
0.342161
0.343833
0.345502
0.347166
0.348826
0.350481
0.352132
0.353779
0.355422
0.357060
0.358694
0.360324
0.361950
0.363572
0.365189
0.366803
0.368412
0.370017
0.371618
0.373215
0.374808
0.376397
0.377981
0.379562
0.381138
0.382711
0.384279
0.385844
0.387404
0.388961
0.390513
0.392061
0.393606
0.395147
0.396683
0.398216
0.399745
0.401269
0.402790
0.404307
0.405821
0.407330
0.408835
0.410337
0.411834
0.413328
0.414818
0.416305
0.417787
0.419266
0.420740
0.422212
0.423679
0.425142
0.426602
0.428058
0.429511
0.430959
0.432404
0.433845
0.435283
0.436717
0.438147
0.439573
0.440996
0.442415
0.443831
0.445243
0.446651
0.448056
0.449457
0.450855
0.452249
0.453639
0.455026
0.456409
0.457789
0.459166
0.460538
0.461907
0.463273
0.464635
0.465994
0.467349
0.468701
0.470050
0.471394
0.472736
0.474074
0.475409
0.476740
0.478067
0.479392
0.480713
0.482030
0.483345
0.484656
0.485963
0.487267
0.488568
0.489866
0.491160
0.492451
0.493739
0.495023
0.496304
0.497582
0.498856
0.500127
0.501395
0.502660
0.503922
0.505180
0.506435
0.507687
0.508935
0.510181
0.511423
0.512662
0.513898
0.515131
0.516361
0.517587
0.518811
0.520031
0.521248
0.522462
0.523673
0.524881
0.526085
0.527287
0.528486
0.529681
0.530874
0.532063
0.533249
0.534433
0.535613
0.536790
0.537965
0.539136
0.540304
0.541469
0.542632
0.543791
0.544948
0.546101
0.547252
0.548399
0.549544
0.550686
0.551824
0.552960
0.554093
0.555223
0.556351
0.557475
0.558596
0.559715
0.560831
0.561944
0.563054
0.564161
0.565265
0.566367
0.567466
0.568562
0.569655
0.570745
0.571833
0.572917
0.573999
0.575079
0.576155
0.577229
0.578300
0.579368
0.580434
0.581497
0.582557
0.583614
0.584669
0.585721
0.586770
0.587817
0.588861
0.589902
0.590941
0.591977
0.593010
0.594041
0.595069
0.596095
0.597118
0.598138
0.599156
0.600171
0.601183
0.602193
0.603200
0.604205
0.605207
0.606207
0.607204
0.608198
0.609190
0.610180
0.611167
0.612151
0.613133
0.614112
0.615089
0.616064
0.617036
0.618005
0.618972
0.619937
0.620899
0.621858
0.622815
0.623770
0.624722
0.625672
0.626619
0.627564
0.628507
0.629447
0.630385
0.631320
0.632253
0.633184
0.634112
0.635038
0.635962
0.636883
0.637802
0.638718
0.639632
0.640544
0.641453
0.642361
0.643265
0.644168
0.645068
0.645966
0.646862
0.647755
0.648646
0.649535
0.650421
0.651306
0.652188
0.653068
0.653945
0.654820
0.655693
0.656564
0.657433
0.658299
0.659163
0.660025
0.660885
0.661743
0.662598
0.663451
0.664302
0.665151
0.665998
0.666843
0.667685
0.668525
0.669363
0.670199
0.671033
0.671865
0.672695
0.673522
0.674347
0.675171
0.675992
0.676811
0.677628
0.678443
0.679256
0.680066
0.680875
0.681682
0.682486
0.683289
0.684089
0.684888
0.685684
0.686479
0.687271
0.688061
0.688850
0.689636
0.690420
0.691203
0.691983
0.692761
0.693537
0.694312
0.695084
0.695855
0.696623
0.697390
0.698154
0.698917
0.699677
0.700436
0.701193
0.701948
0.702701
0.703452
0.704201
0.704948
0.705693
0.706437
0.707178
0.707918
0.708655
0.709391
0.710125
0.710857
0.711587
0.712316
0.713042
0.713767
0.714490
0.715211
0.715930
0.716647
0.717363
0.718076
0.718788
0.719498
0.720206
0.720913
0.721617
0.722320
0.723021
0.723720
0.724418
0.725113
0.725807
0.726499
0.727190
0.727878
0.728565
0.729250
0.729934
0.730615
0.731295
0.731973
0.732650
0.733324
0.733997
0.734669
0.735338
0.736006
0.736672
0.737337
0.737999
0.738661
0.739320
0.739978
0.740634
0.741288
0.741941
0.742592
0.743241
0.743889
0.744535
0.745179
0.745822
0.746463
0.747103
0.747741
0.748377
0.749012
0.749645
0.750276
0.750906
0.751534
0.752161
0.752786
0.753409
0.754031
0.754651
0.755270
0.755887
0.756502
0.757116
0.757729
0.758339
0.758949
0.759556
0.760163
0.760767
0.761370
0.761972
0.762572
0.763170
0.763767
0.764363
0.764957
0.765549
0.766140
0.766729
0.767317
0.767904
0.768489
0.769072
0.769654
0.770234
0.770813
0.771391
0.771967
0.772541
0.773114
0.773686
0.774256
0.774825
0.775392
0.775958
0.776523
0.777086
0.777647
0.778207
0.778766
0.779323
0.779879
0.780433
0.780986
0.781538
0.782088
0.782637
0.783184
0.783730
0.784275
0.784818
0.785360
0.785900
0.786440
0.786977
0.787514
0.788049
0.788582
0.789114
0.789645
0.790175
0.790703
0.791230
0.791756
0.792280
0.792803
0.793324
0.793844
0.794363
0.794881
0.795397
0.795912
0.796425
0.796938
0.797449
0.797958
0.798467
0.798974
0.799480
0.799984
0.800488
0.800989
0.801490
0.801990
0.802488
0.802985
0.803480
0.803975
0.804468
0.804959
0.805450
0.805939
0.806428
0.806914
0.807400
0.807884
0.808367
0.808849
0.809330
0.809810
0.810288
0.810765
0.811241
0.811715
0.812189
0.812661
0.813132
0.813602
0.814070
0.814538
0.815004
0.815469
0.815933
0.816395
0.816857
0.817317
0.817776
0.818234
0.818691
0.819147
0.819601
0.820055
0.820507
0.820958
0.821408
0.821857
0.822304
0.822751
0.823196
0.823640
0.824083
0.824525
0.824966
0.825406
0.825845
0.826282
0.826718
0.827154
0.827588
0.828021
0.828453
0.828884
0.829313
0.829742
0.830170
0.830596
0.831022
0.831446
0.831869
0.832291
0.832712
0.833132
0.833551
0.833969
0.834386
0.834802
0.835217
0.835630
0.836043
0.836455
0.836865
0.837275
0.837683
0.838091
0.838497
0.838902
0.839307
