0.026959
0.057819
0.090802
0.128995
0.174799
0.215625
0.235761
0.239717
0.241495
0.247061
0.254833
0.262893
0.271263
0.281068
0.287567
0.289692
0.291648
0.293599
0.295544
0.297484
0.299418
0.301347
0.303270
0.305188
0.307101
0.309008
0.310910
0.312807
0.314699
0.316586
0.318468
0.320345
0.322218
0.324086
0.325949
0.327808
0.329663
0.331513
0.333359
0.335236
0.336910
0.338588
0.340264
0.341936
0.343606
0.345273
0.346936
0.348597
0.350254
0.351909
0.353560
0.355209
0.356855
0.358499
0.360139
0.361777
0.363412
0.365045
0.366675
0.368302
0.369928
0.371550
0.373170
0.374788
0.376404
0.378017
0.379628
0.381236
0.382843
0.384447
0.386050
0.387650
0.389248
0.390844
0.392438
0.394031
0.395621
0.397210
0.398797
0.400382
0.401966
0.403548
0.405128
0.406706
0.408284
0.409859
0.411433
0.413006
0.414577
0.416147
0.417716
0.419284
0.420850
0.422415
0.423979
0.425542
0.427104
0.428665
0.430224
0.431783
0.433341
0.434899
0.436455
0.438011
0.439566
0.441120
0.442673
0.444226
0.445779
0.447331
0.448882
0.450433
0.451984
0.453534
0.455084
0.456633
0.458183
0.459732
0.461281
0.462830
0.464378
0.465927
0.467475
0.469024
0.470573
0.472122
0.473670
0.475219
0.476769
0.478318
0.479868
0.481418
0.482968
0.484519
0.486070
0.487622
0.489174
0.490726
0.492279
0.493833
0.495387
0.496942
0.498497
0.500053
0.501610
0.503168
0.504726
0.506285
0.507845
0.509406
0.510968
0.512531
0.514094
0.515659
0.517225
0.518791
0.520359
0.521927
0.523497
0.525068
0.526640
0.528213
0.529787
0.531363
0.532940
0.534518
0.536097
0.537677
0.539259
0.540842
0.542426
0.544012
0.545599
0.547187
0.548777
0.550368
0.551961
0.553555
0.555150
0.556747
0.558345
0.559945
0.561546
0.563148
0.564752
0.566358
0.567965
0.569574
0.571184
0.572795
0.574408
0.576023
0.577639
0.579256
0.580875
0.582496
0.584118
0.585741
0.587366
0.588993
0.590621
0.592251
0.593882
0.595514
0.597148
0.598783
0.600420
0.602058
0.603698
0.605339
0.606982
0.608625
0.610271
0.611917
0.613565
0.615214
0.616865
0.618517
0.620170
0.621825
0.623480
0.625137
0.626795
0.628454
0.630115
0.631776
0.633439
0.635103
0.636768
0.638433
0.640100
0.641768
0.643437
0.645106
0.646777
0.648448
0.650120
0.651793
0.653467
0.655142
0.656817
0.658493
0.660169
0.661846
0.663524
0.665202
0.666881
0.668560
0.670239
0.671919
0.673599
0.675279
0.676960
0.678641
0.680322
0.682003
0.683684
0.685365
0.687046
0.688727
0.690408
0.692088
0.693769
0.695449
0.697129
0.698808
0.700487
0.702166
0.703844
0.705521
0.707198
0.708874
0.710550
0.712224
0.713898
0.715571
0.717243
0.718914
0.720584
0.722252
0.723920
0.725586
0.727251
0.728915
0.730577
0.732238
0.733897
0.735555
0.737211
0.738866
0.740518
0.742169
0.743818
0.745465
0.747110
0.748753
0.750394
0.752033
0.753669
0.755303
0.756935
0.758564
0.760191
0.761815
0.763437
0.765056
0.766672
0.768285
0.769896
0.771504
0.773108
0.774710
0.776308
0.777904
0.779496
0.781084
0.782670
0.784252
0.785830
0.787405
0.788976
0.790544
0.792108
0.793668
0.795224
0.796777
0.798325
0.799869
0.801409
0.802945
0.804477
0.806005
0.807528
0.809046
0.810561
0.812070
0.813576
0.815076
0.816572
0.818063
0.819549
0.821031
0.822507
0.823978
0.825445
0.826906
0.828362
0.829813
0.831259
0.832699
0.834134
0.835564
0.836988
0.838407
0.839820
0.841227
0.842629
0.844025
0.845415
0.846800
0.848178
0.849551
0.850917
0.852278
0.853633
0.854981
0.856323
0.857660
0.858989
0.860313
0.861630
0.862941
0.864246
0.865544
0.866836
0.868121
0.869399
0.870671
0.871936
0.873195
0.874447
0.875692
0.876931
0.878162
0.879387
0.880605
0.881816
0.883020
0.884218
0.885408
0.886591
0.887767
0.888936
0.890098
0.891253
0.892401
0.893541
0.894675
0.895801
0.896920
0.898032
0.899136
0.900233
0.901323
0.902406
0.903481
0.904549
0.905610
0.906663
0.907709
0.908747
0.909778
0.910802
0.911818
0.912827
0.913828
0.914822
0.915809
0.916788
0.917759
0.918723
0.919680
0.920629
0.921571
0.922505
0.923431
0.924351
0.925263
0.926167
0.927064
0.927953
0.928835
0.929710
0.930577
0.931437
0.932289
0.933134
0.933971
0.934801
0.935624
0.936440
0.937248
0.938048
0.938842
0.939628
0.940406
0.941178
0.941942
0.942699
0.943449
0.944191
0.944927
0.945655
0.946376
0.947090
0.947797
0.948497
0.949189
0.949875
0.950554
0.951226
0.951890
0.952548
0.953199
0.953843
0.954480
0.955111
0.955735
0.956351
0.956962
0.957565
0.958162
0.958752
0.959336
0.959913
0.960483
0.961047
0.961605
0.962156
0.962701
0.963239
0.963771
0.964297
0.964817
0.965330
0.965837
0.966338
0.966833
0.967322
0.967805
0.968282
0.968753
0.969218
0.969677
0.970130
0.970578
0.971019
0.971456
0.971886
0.972311
0.972730
0.973144
0.973552
0.973955
0.974352
0.974744
0.975131
0.975513
0.975889
0.976260
0.976626
0.976986
0.977342
0.977693
0.978039
0.978379
0.978715
0.979046
0.979373
0.979694
0.980011
0.980323
0.980631
0.980934
0.981232
0.981526
0.981816
0.982101
0.982382
0.982658
0.982930
0.983198
0.983462
0.983722
0.983977
0.984229
0.984477
0.984720
0.984960
0.985196
0.985428
0.985656
0.985880
0.986101
0.986318
0.986532
0.986742
0.986948
0.987151
0.987351
0.987547
0.987740
0.987929
0.988115
0.988298
0.988478
0.988655
0.988828
0.988998
0.989166
0.989330
0.989492
0.989650
0.989806
0.989959
0.990109
0.990256
0.990401
0.990542
0.990682
0.990818
0.990952
0.991084
0.991213
0.991339
0.991464
0.991585
0.991705
0.991822
0.991937
0.992049
0.992160
0.992268
0.992374
0.992478
0.992579
0.992679
0.992777
0.992873
0.992966
0.993058
0.993148
0.993237
0.993323
0.993407
0.993490
0.993571
0.993650
0.993728
0.993804
