0.019762
0.044486
0.086963
0.143832
0.190344
0.218433
0.234165
0.244382
0.252789
0.260887
0.269493
0.279637
0.283631
0.285623
0.287601
0.289572
0.291538
0.293497
0.295450
0.297397
0.299337
0.301272
0.303200
0.305122
0.307038
0.308948
0.310853
0.312751
0.314644
0.316531
0.318412
0.320288
0.322158
0.324023
0.325882
0.327736
0.329584
0.331427
0.333265
0.335149
0.336838
0.338512
0.340181
0.341846
0.343506
0.345162
0.346813
0.348461
0.350104
0.351742
0.353377
0.355008
0.356634
0.358256
0.359874
0.361488
0.363098
0.364703
0.366305
0.367902
0.369496
0.371085
0.372670
0.374252
0.375829
0.377402
0.378971
0.380537
0.382098
0.383655
0.385208
0.386758
0.388303
0.389845
0.391382
0.392916
0.394446
0.395971
0.397493
0.399012
0.400526
0.402036
0.403543
0.405045
0.406544
0.408039
0.409531
0.411018
0.412502
0.413982
0.415458
0.416930
0.418399
0.419864
0.421325
0.422783
0.424237
0.425687
0.427133
0.428576
0.430015
0.431451
0.432882
0.434311
0.435735
0.437156
0.438573
0.439987
0.441397
0.442804
0.444207
0.445606
0.447002
0.448395
0.449784
0.451169
0.452551
0.453929
0.455304
0.456675
0.458043
0.459408
0.460769
0.462126
0.463480
0.464831
0.466178
0.467522
0.468862
0.470199
0.471533
0.472863
0.474190
0.475514
0.476834
0.478151
0.479465
0.480775
0.482082
0.483386
0.484686
0.485983
0.487277
0.488567
0.489855
0.491139
0.492420
0.493697
0.494972
0.496243
0.497511
0.498776
0.500038
0.501296
0.502551
0.503804
0.505053
0.506298
0.507541
0.508781
0.510017
0.511251
0.512481
0.513708
0.514933
0.516154
0.517372
0.518587
0.519799
0.521008
0.522214
0.523417
0.524617
0.525814
0.527008
0.528199
0.529387
0.530572
0.531754
0.532933
0.534109
0.535283
0.536453
0.537621
0.538785
0.539947
0.541106
0.542262
0.543415
0.544565
0.545712
0.546857
0.547999
0.549138
0.550274
0.551407
0.552538
0.553665
0.554790
0.555913
0.557032
0.558149
0.559263
0.560374
0.561482
0.562588
0.563691
0.564792
0.565889
0.566984
0.568077
0.569166
0.570253
0.571338
0.572420
0.573499
0.574575
0.575649
0.576720
0.577789
0.578855
0.579919
0.580980
0.582038
0.583094
0.584147
0.585198
0.586246
0.587292
0.588335
0.589376
0.590414
0.591450
0.592483
0.593514
0.594542
0.595568
0.596591
0.597612
0.598631
0.599647
0.600661
0.601672
0.602681
0.603688
0.604692
0.605694
0.606694
0.607691
0.608686
0.609678
0.610668
0.611656
0.612642
0.613625
0.614606
0.615585
0.616561
0.617535
0.618507
0.619477
0.620444
0.621410
0.622373
0.623334
0.624292
0.625249
0.626203
0.627155
0.628105
0.629053
0.629998
0.630942
0.631883
0.632822
0.633759
0.634694
0.635627
0.636558
0.637487
0.638413
0.639338
0.640261
0.641181
0.642100
0.643016
0.643931
0.644843
0.645753
0.646662
0.647568
0.648473
0.649375
0.650276
0.651175
0.652071
0.652966
0.653859
0.654750
0.655639
0.656526
0.657411
0.658295
0.659176
0.660056
0.660934
0.661810
0.662684
0.663556
0.664427
0.665295
0.666162
0.667027
0.667891
0.668752
0.669612
0.670470
0.671326
0.672181
0.673034
0.673885
0.674734
0.675582
0.676428
0.677273
0.678115
0.678956
0.679796
0.680633
0.681470
0.682304
0.683137
0.683968
0.684798
0.685626
0.686452
0.687277
0.688101
0.688922
0.689743
0.690561
0.691378
0.692194
0.693008
0.693821
0.694632
0.695442
0.696250
0.697056
0.697862
0.698666
0.699468
0.700269
0.701068
0.701866
0.702663
0.703458
0.704252
0.705045
0.705836
0.706626
0.707414
0.708201
0.708987
0.709772
0.710555
0.711337
0.712117
0.712897
0.713674
0.714451
0.715227
0.716001
0.716774
0.717545
0.718316
0.719085
0.719853
0.720620
0.721386
0.722150
0.722913
0.723676
0.724437
0.725196
0.725955
0.726713
0.727469
0.728224
0.728979
0.729732
0.730484
0.731235
0.731984
0.732733
0.733481
0.734228
0.734973
0.735718
0.736462
0.737204
0.737946
0.738686
0.739426
0.740165
0.740902
0.741639
0.742375
0.743110
0.743843
0.744576
0.745308
0.746039
0.746770
0.747499
0.748227
0.748955
0.749681
0.750407
0.751132
0.751856
0.752579
0.753302
0.754023
0.754744
0.755464
0.756183
0.756901
0.757619
0.758336
0.759052
0.759767
0.760481
0.761195
0.761908
0.762620
0.763331
0.764042
0.764752
0.765461
0.766170
0.766878
0.767585
0.768292
0.768998
0.769703
0.770407
0.771111
0.771815
0.772517
0.773219
0.773920
0.774621
0.775321
0.776021
0.776720
0.777418
0.778116
0.778813
0.779509
0.780205
0.780900
0.781595
0.782290
0.782983
0.783676
0.784369
0.785061
0.785753
0.786444
0.787134
0.787824
0.788514
0.789203
0.789891
0.790579
0.791267
0.791954
0.792640
0.793326
0.794012
0.794697
0.795382
0.796066
0.796750
0.797433
0.798116
0.798799
0.799481
0.800162
0.800843
0.801524
0.802204
0.802884
0.803564
0.804243
0.804922
0.805600
0.806278
0.806955
0.807632
0.808309
0.808985
0.809661
0.810337
0.811012
0.811686
0.812361
0.813035
0.813708
0.814382
0.815055
0.815727
0.816399
0.817071
0.817742
0.818413
0.819084
0.819754
0.820424
0.821094
0.821763
0.822432
0.823101
0.823769
0.824437
0.825104
0.825771
0.826438
0.827104
0.827771
0.828436
0.829102
0.829767
0.830431
0.831095
0.831759
0.832423
0.833086
0.833749
0.834411
0.835074
0.835735
0.836397
0.837058
0.837718
0.838379
0.839038
0.839698
0.840357
0.841016
0.841674
0.842332
0.842990
0.843647
0.844304
0.844960
0.845616
0.846272
0.846927
0.847582
0.848236
0.848890
0.849544
0.850197
0.850849
0.851502
0.852153
0.852805
0.853456
0.854106
0.854756
0.855405
0.856055
0.856703
0.857351
0.857999
0.858646
0.859293
0.859939
0.860584
0.861229
0.861874
0.862518
0.863162
0.863805
0.864447
0.865089
0.865730
0.866371
0.867011
0.867651
0.868290
0.868928
0.869566
0.870203
0.870840
0.871476
0.872111
0.872746
