0.420950
0.549012
0.622256
0.671222
0.706954
0.734641
0.756989
0.775584
0.791403
0.805066
0.817025
0.827622
0.837110
0.845679
0.853488
0.860674
0.867354
0.873614
0.879548
0.885288
0.890997
0.896922
0.903645
0.910486
0.913186
0.913437
0.913445
0.913447
0.913449
0.913450
0.913451
0.913452
0.913453
0.913453
0.913453
0.913454
0.913454
0.913454
0.913454
0.913455
0.913455
0.913455
0.913455
0.913455
0.913455
0.913455
0.913455
0.913455
0.913455
0.913455
0.913455
0.913455
0.913455
0.913455
0.913455
0.913455
0.913455
0.913455
0.913455
0.913455
0.913455
0.913455
0.913455
0.913455
0.913455
0.913455
0.913455
0.913455
0.913455
0.913455
0.913455
0.913455
0.913455
0.913455
0.913455
0.913455
0.913455
0.913455
0.913455
0.913455
0.913455
0.913455
0.913455
0.913455
0.913455
0.913455
0.913455
0.913455
0.913455
0.913455
0.913455
0.913455
0.913455
0.913455
0.913455
0.913455
0.913455
0.913455
0.913455
0.913455
0.913455
0.913455
0.913455
0.913455
0.913455
0.913455
0.913455
0.913455
0.913455
0.913455
0.913455
0.913455
0.913455
0.913455
0.913455
0.913455
0.913455
0.913455
0.913455
0.913455
0.913455
0.913455
0.913455
0.913455
0.913455
0.913455
0.913455
0.913455
0.913455
0.913455
0.913455
0.913455
0.913455
0.913455
0.913455
0.913455
0.913455
0.913455
0.913455
0.913455
0.913455
0.913455
0.913455
0.913455
0.913455
0.913455
0.913455
0.913455
0.913455
0.913455
0.913455
0.913455
0.913455
0.913455
0.913455
0.913455
0.913455
0.913455
0.913455
0.913455
0.913455
0.913455
0.913455
0.913455
0.913455
0.913455
0.913455
0.913455
0.913455
0.913455
0.913455
0.913455
0.913455
0.913455
0.913455
0.913455
0.913455
0.913455
0.913455
0.913455
0.913455
0.913455
0.913455
0.913455
0.913455
0.913455
0.913455
0.913455
0.913455
0.913455
0.913455
0.913455
0.913455
0.913455
0.913455
0.913455
0.913455
0.913455
0.913455
0.913455
0.913455
0.913455
0.913455
0.913455
0.913455
0.913455
0.913455
0.913455
0.913455
0.913455
0.913455
0.913455
0.913455
0.913455
0.913455
0.913455
0.913455
0.913455
0.913455
0.913455
0.913455
0.913455
0.913455
0.913455
0.913455
0.913455
0.913455
0.913455
0.913455
0.913455
0.913455
0.913455
0.913455
0.913455
0.913455
0.913455
0.913455
0.913455
0.913455
0.913455
0.913455
0.913455
0.913455
0.913455
0.913455
0.913455
0.913455
0.913455
0.913455
0.913455
0.913455
0.913455
0.913455
0.913455
0.913455
0.913455
0.913455
0.913455
0.913455
0.913455
0.913455
0.913455
0.913455
0.913455
0.913455
0.913455
0.913455
0.913455
0.913455
0.913455
0.913455
0.913455
0.913455
0.913455
0.913455
0.913455
0.913455
0.913455
0.913455
0.913455
0.913455
0.913455
0.913455
0.913455
0.913455
0.913455
0.913455
0.913455
0.913455
0.913455
0.913455
0.913455
0.913455
0.913455
0.913455
0.913455
0.913455
0.913455
0.913455
0.913455
0.913455
0.913455
0.913455
0.913455
0.913455
0.913455
0.913455
0.913455
0.913455
0.913455
0.913455
0.913455
0.913455
0.913455
0.913455
0.913455
0.913455
0.913455
0.913455
0.913455
0.913455
0.913455
0.913455
0.913455
0.913455
0.913455
0.913455
0.913455
0.913455
0.913455
0.913455
0.913455
0.913455
0.913455
0.913455
0.913455
0.913455
0.913455
0.913455
0.913455
0.913455
0.913455
0.913455
0.913455
0.913455
0.913455
0.913455
0.913455
0.913455
0.913455
0.913455
0.913455
0.913455
0.913455
0.913455
0.913455
0.913455
0.913455
0.913455
0.913455
0.913455
0.913455
0.913455
0.913455
0.913455
0.913455
0.913455
0.913455
0.913455
0.913455
0.913455
0.913455
0.913455
0.913455
0.913455
0.913455
0.913455
0.913455
0.913455
0.913455
0.913455
0.913455
0.913455
0.913455
0.913455
0.913455
0.913455
0.913455
0.913455
0.913455
0.913455
0.913455
0.913455
0.913455
0.913455
0.913455
0.913455
0.913455
0.913455
0.913455
0.913455
0.913455
0.913455
0.913455
0.913455
0.913455
0.913455
0.913455
0.913455
0.913455
0.913455
0.913455
0.913455
0.913455
0.913455
0.913455
0.913455
0.913455
0.913455
0.913455
0.913455
0.913455
0.913455
0.913455
0.913455
0.913455
0.913455
0.913455
0.913455
0.913455
0.913455
0.913455
0.913455
0.913455
0.913455
0.913455
0.913455
0.913455
0.913455
0.913455
0.913455
0.913455
0.913455
0.913455
0.913455
0.913455
0.913455
0.913455
0.913455
0.913455
0.913455
0.913455
0.913455
0.913455
0.913455
0.913455
0.913455
0.913455
0.913455
0.913455
0.913455
0.913455
0.913455
0.913455
0.913455
0.913455
0.913455
0.913455
0.913455
0.913455
0.913455
0.913455
0.913455
0.913455
0.913455
0.913455
0.913455
0.913455
0.913455
0.913455
0.913455
0.913455
0.913455
0.913455
0.913455
0.913455
0.913455
0.913455
0.913455
0.913455
0.913455
0.913455
0.913455
0.913455
0.913455
0.913455
0.913455
0.913455
0.913455
0.913455
0.913455
0.913455
0.913455
0.913455
0.913455
0.913455
0.913455
0.913455
0.913455
0.913455
0.913455
0.913455
0.913455
0.913455
0.913455
0.913455
0.913455
0.913455
0.913455
0.913455
0.913455
0.913455
0.913455
0.913455
0.913455
0.913455
0.913455
0.913455
0.913455
0.913455
0.913455
0.913455
0.913455
0.913455
0.913455
0.913455
0.913455
0.913455
0.913455
0.913455
0.913455
0.913455
0.913455
0.913455
0.913455
0.913455
0.913455
0.913455
0.913455
0.913455
0.913455
0.913455
0.913455
0.913455
0.913455
0.913455
0.913455
0.913455
0.913455
0.913455
0.913455
0.913455
0.913455
0.913455
0.913455
0.913455
0.913455
0.913455
0.913455
0.913455
0.913455
0.913455
0.913455
0.913455
0.913455
0.913455
0.913455
0.913455
0.913455
0.913455
0.913455
0.913455
0.913455
0.913455
0.913455
0.913455
0.913455
0.913455
0.913455
0.913455
0.913455
0.913455
0.913455
0.913455
0.913455
0.913455
0.913455
0.913455
0.913455
0.913455
