0.006788
0.011998
0.016575
0.020869
0.025044
0.029202
0.033420
0.037768
0.042329
0.047189
0.052432
0.058148
0.064440
0.071417
0.079216
0.088021
0.098068
0.109640
0.123120
0.139100
0.158401
0.182212
0.212613
0.253383
0.311904
0.404481
0.567539
0.807249
0.963757
0.994154
0.995643
0.995748
0.995837
0.995926
0.996014
0.996100
0.996183
0.996265
0.996345
0.996422
0.996496
0.996569
0.996638
0.996705
0.996770
0.996832
0.996891
0.996948
0.997002
0.997054
0.997104
0.997151
0.997196
0.997239
0.997279
0.997318
0.997354
0.997389
0.997422
0.997452
0.997482
0.997509
0.997535
0.997560
0.997583
0.997604
0.997625
0.997644
0.997661
0.997678
0.997694
0.997708
0.997722
0.997735
0.997747
0.997758
0.997768
0.997778
0.997787
0.997795
0.997803
0.997810
0.997817
0.997823
0.997829
0.997835
0.997839
0.997844
0.997848
0.997852
0.997856
0.997859
0.997862
0.997865
0.997868
0.997870
0.997872
0.997874
0.997876
0.997878
0.997879
0.997881
0.997882
0.997884
0.997885
0.997886
0.997887
0.997887
0.997888
0.997889
0.997890
0.997890
0.997891
0.997891
0.997892
0.997892
0.997893
0.997893
0.997893
0.997893
0.997894
0.997894
0.997894
0.997894
0.997895
0.997895
0.997895
0.997895
0.997895
0.997895
0.997895
0.997895
0.997896
0.997896
0.997896
0.997896
0.997896
0.997896
0.997896
0.997896
0.997896
0.997896
0.997896
0.997896
0.997896
0.997896
0.997896
0.997896
0.997896
0.997896
0.997896
0.997896
0.997896
0.997896
0.997896
0.997896
0.997896
0.997896
0.997896
0.997896
0.997896
0.997896
0.997896
0.997896
0.997896
0.997896
0.997896
0.997896
0.997896
0.997896
0.997896
0.997896
0.997896
0.997896
0.997896
0.997896
0.997896
0.997896
0.997896
0.997896
0.997896
0.997896
0.997896
0.997896
0.997896
0.997896
0.997896
0.997896
0.997896
0.997896
0.997896
0.997896
0.997896
0.997896
0.997896
0.997896
0.997896
0.997896
0.997896
0.997896
0.997896
0.997896
0.997896
0.997896
0.997896
0.997896
0.997896
0.997896
0.997896
0.997896
0.997896
0.997896
0.997896
0.997896
0.997896
0.997896
0.997896
0.997896
0.997896
0.997896
0.997896
0.997896
0.997896
0.997896
0.997896
0.997896
0.997896
0.997896
0.997896
0.997896
0.997896
0.997896
0.997896
0.997896
0.997896
0.997896
0.997896
0.997896
0.997896
0.997896
0.997896
0.997896
0.997896
0.997896
0.997896
0.997896
0.997896
0.997896
0.997896
0.997896
0.997896
0.997896
0.997896
0.997896
0.997896
0.997896
0.997896
0.997896
0.997896
0.997896
0.997896
0.997896
0.997896
0.997896
0.997896
0.997896
0.997896
0.997896
0.997896
0.997896
0.997896
0.997896
0.997896
0.997896
0.997896
0.997896
0.997896
0.997896
0.997896
0.997896
0.997896
0.997896
0.997896
0.997896
0.997896
0.997896
0.997896
0.997896
0.997896
0.997896
0.997896
0.997896
0.997896
0.997896
0.997896
0.997896
0.997896
0.997896
0.997896
0.997896
0.997896
0.997896
0.997896
0.997896
0.997896
0.997896
0.997896
0.997896
0.997896
0.997896
0.997896
0.997896
0.997896
0.997896
0.997896
0.997896
0.997896
0.997896
0.997896
0.997896
0.997896
0.997896
0.997896
0.997896
0.997896
0.997896
0.997896
0.997896
0.997896
0.997896
0.997896
0.997896
0.997896
0.997896
0.997896
0.997896
0.997896
0.997896
0.997896
0.997896
0.997896
0.997896
0.997896
0.997896
0.997896
0.997896
0.997896
0.997896
0.997896
0.997896
0.997896
0.997896
0.997896
0.997896
0.997896
0.997896
0.997896
0.997896
0.997896
0.997896
0.997896
0.997896
0.997896
0.997896
0.997896
0.997896
0.997896
0.997896
0.997896
0.997896
0.997896
0.997896
0.997896
0.997896
0.997896
0.997896
0.997896
0.997896
0.997896
0.997896
0.997896
0.997896
0.997896
0.997896
0.997896
0.997896
0.997896
0.997896
0.997896
0.997896
0.997896
0.997896
0.997896
0.997896
0.997896
0.997896
0.997896
0.997896
0.997896
0.997896
0.997896
0.997896
0.997896
0.997896
0.997896
0.997896
0.997896
0.997896
0.997896
0.997896
0.997896
0.997896
0.997896
0.997896
0.997896
0.997896
0.997896
0.997896
0.997896
0.997896
0.997896
0.997896
0.997896
0.997896
0.997896
0.997896
0.997896
0.997896
0.997896
0.997896
0.997896
0.997896
0.997896
0.997896
0.997896
0.997896
0.997896
0.997896
0.997896
0.997896
0.997896
0.997896
0.997896
0.997896
0.997896
0.997896
0.997896
0.997896
0.997896
0.997896
0.997896
0.997896
0.997896
0.997896
0.997896
0.997896
0.997896
0.997896
0.997896
0.997896
0.997896
0.997896
0.997896
0.997896
0.997896
0.997896
0.997896
0.997896
0.997896
0.997896
0.997896
0.997896
0.997896
0.997896
0.997896
0.997896
0.997896
0.997896
0.997896
0.997896
0.997896
0.997896
0.997896
0.997896
0.997896
0.997896
0.997896
0.997896
0.997896
0.997896
0.997896
0.997896
0.997896
0.997896
0.997896
0.997896
0.997896
0.997896
0.997896
0.997896
0.997896
0.997896
0.997896
0.997896
0.997896
0.997896
0.997896
0.997896
0.997896
0.997896
0.997896
0.997896
0.997896
0.997896
0.997896
0.997896
0.997896
0.997896
0.997896
0.997896
0.997896
0.997896
0.997896
0.997896
0.997896
0.997896
0.997896
0.997896
0.997896
0.997896
0.997896
0.997896
0.997896
0.997896
0.997896
0.997896
0.997896
0.997896
0.997896
0.997896
0.997896
0.997896
0.997896
0.997896
0.997896
0.997896
0.997896
0.997896
0.997896
0.997896
0.997896
0.997896
0.997896
0.997896
0.997896
0.997896
0.997896
0.997896
0.997896
0.997896
0.997896
0.997896
0.997896
0.997896
0.997896
0.997896
0.997896
0.997896
0.997896
0.997896
0.997896
0.997896
0.997896
0.997896
0.997896
0.997896
0.997896
0.997896
0.997896
0.997896
0.997896
0.997896
0.997896
0.997896
0.997896
0.997896
0.997896
0.997896
0.997896
0.997896
0.997896
0.997896
0.997896
0.997896
0.997896
0.997896
0.997896
0.997896
0.997896
0.997896
