0.275332
0.408759
0.488461
0.544137
0.586604
0.620890
0.649714
0.674632
0.696581
0.716196
0.733940
0.750150
0.765068
0.778886
0.791763
0.803837
0.815206
0.825950
0.836179
0.846034
0.855696
0.865476
0.876084
0.884826
0.888768
0.891531
0.894082
0.896454
0.898649
0.900673
0.902532
0.904234
0.905784
0.907192
0.908464
0.909609
0.910635
0.911552
0.912367
0.913116
0.913749
0.914304
0.914789
0.915212
0.915579
0.915896
0.916168
0.916401
0.916600
0.916769
0.916913
0.917033
0.917135
0.917220
0.917290
0.917349
0.917398
0.917438
0.917471
0.917498
0.917520
0.917538
0.917552
0.917564
0.917573
0.917581
0.917587
0.917592
0.917596
0.917599
0.917601
0.917603
0.917605
0.917606
0.917607
0.917608
0.917608
0.917609
0.917609
0.917609
0.917609
0.917609
0.917610
0.917610
0.917610
0.917610
0.917610
0.917610
0.917610
0.917610
0.917610
0.917610
0.917610
0.917610
0.917610
0.917610
0.917610
0.917610
0.917610
0.917610
0.917610
0.917610
0.917610
0.917610
0.917610
0.917610
0.917610
0.917610
0.917610
0.917610
0.917610
0.917610
0.917610
0.917610
0.917610
0.917610
0.917610
0.917610
0.917610
0.917610
0.917610
0.917610
0.917610
0.917610
0.917610
0.917610
0.917610
0.917610
0.917610
0.917610
0.917610
0.917610
0.917610
0.917610
0.917610
0.917610
0.917610
0.917610
0.917610
0.917610
0.917610
0.917610
0.917610
0.917610
0.917610
0.917610
0.917610
0.917610
0.917610
0.917610
0.917610
0.917610
0.917610
0.917610
0.917610
0.917610
0.917610
0.917610
0.917610
0.917610
0.917610
0.917610
0.917610
0.917610
0.917610
0.917610
0.917610
0.917610
0.917610
0.917610
0.917610
0.917610
0.917610
0.917610
0.917610
0.917610
0.917610
0.917610
0.917610
0.917610
0.917610
0.917610
0.917610
0.917610
0.917610
0.917610
0.917610
0.917610
0.917610
0.917610
0.917610
0.917610
0.917610
0.917610
0.917610
0.917610
0.917610
0.917610
0.917610
0.917610
0.917610
0.917610
0.917610
0.917610
0.917610
0.917610
0.917610
0.917610
0.917610
0.917610
0.917610
0.917610
0.917610
0.917610
0.917610
0.917610
0.917610
0.917610
0.917610
0.917610
0.917610
0.917610
0.917610
0.917610
0.917610
0.917610
0.917610
0.917610
0.917610
0.917610
0.917610
0.917610
0.917610
0.917610
0.917610
0.917610
0.917610
0.917610
0.917610
0.917610
0.917610
0.917610
0.917610
0.917610
0.917610
0.917610
0.917610
0.917610
0.917610
0.917610
0.917610
0.917610
0.917610
0.917610
0.917610
0.917610
0.917610
0.917610
0.917610
0.917610
0.917610
0.917610
0.917610
0.917610
0.917610
0.917610
0.917610
0.917610
0.917610
0.917610
0.917610
0.917610
0.917610
0.917610
0.917610
0.917610
0.917610
0.917610
0.917610
0.917610
0.917610
0.917610
0.917610
0.917610
0.917610
0.917610
0.917610
0.917610
0.917610
0.917610
0.917610
0.917610
0.917610
0.917610
0.917610
0.917610
0.917610
0.917610
0.917610
0.917610
0.917610
0.917610
0.917610
0.917610
0.917610
0.917610
0.917610
0.917610
0.917610
0.917610
0.917610
0.917610
0.917610
0.917610
0.917610
0.917610
0.917610
0.917610
0.917610
0.917610
0.917610
0.917610
0.917610
0.917610
0.917610
0.917610
0.917610
0.917610
0.917610
0.917610
0.917610
0.917610
0.917610
0.917610
0.917610
0.917610
0.917610
0.917610
0.917610
0.917610
0.917610
0.917610
0.917610
0.917610
0.917610
0.917610
0.917610
0.917610
0.917610
0.917610
0.917610
0.917610
0.917610
0.917610
0.917610
0.917610
0.917610
0.917610
0.917610
0.917610
0.917610
0.917610
0.917610
0.917610
0.917610
0.917610
0.917610
0.917610
0.917610
0.917610
0.917610
0.917610
0.917610
0.917610
0.917610
0.917610
0.917610
0.917610
0.917610
0.917610
0.917610
0.917610
0.917610
0.917610
0.917610
0.917610
0.917610
0.917610
0.917610
0.917610
0.917610
0.917610
0.917610
0.917610
0.917610
0.917610
0.917610
0.917610
0.917610
0.917610
0.917610
0.917610
0.917610
0.917610
0.917610
0.917610
0.917610
0.917610
0.917610
0.917610
0.917610
0.917610
0.917610
0.917610
0.917610
0.917610
0.917610
0.917610
0.917610
0.917610
0.917610
0.917610
0.917610
0.917610
0.917610
0.917610
0.917610
0.917610
0.917610
0.917610
0.917610
0.917610
0.917610
0.917610
0.917610
0.917610
0.917610
0.917610
0.917610
0.917610
0.917610
0.917610
0.917610
0.917610
0.917610
0.917610
0.917610
0.917610
0.917610
0.917610
0.917610
0.917610
0.917610
0.917610
0.917610
0.917610
0.917610
0.917610
0.917610
0.917610
0.917610
0.917610
0.917610
0.917610
0.917610
0.917610
0.917610
0.917610
0.917610
0.917610
0.917610
0.917610
0.917610
0.917610
0.917610
0.917610
0.917610
0.917610
0.917610
0.917610
0.917610
0.917610
0.917610
0.917610
0.917610
0.917610
0.917610
0.917610
0.917610
0.917610
0.917610
0.917610
0.917610
0.917610
0.917610
0.917610
0.917610
0.917610
0.917610
0.917610
0.917610
0.917610
0.917610
0.917610
0.917610
0.917610
0.917610
0.917610
0.917610
0.917610
0.917610
0.917610
0.917610
0.917610
0.917610
0.917610
0.917610
0.917610
0.917610
0.917610
0.917610
0.917610
0.917610
0.917610
0.917610
0.917610
0.917610
0.917610
0.917610
0.917610
0.917610
0.917610
0.917610
0.917610
0.917610
0.917610
0.917610
0.917610
0.917610
0.917610
0.917610
0.917610
0.917610
0.917610
0.917610
0.917610
0.917610
0.917610
0.917610
0.917610
0.917610
0.917610
0.917610
0.917610
0.917610
0.917610
0.917610
0.917610
0.917610
0.917610
0.917610
0.917610
0.917610
0.917610
0.917610
0.917610
0.917610
0.917610
0.917610
0.917610
0.917610
0.917610
0.917610
0.917610
0.917610
0.917610
0.917610
0.917610
0.917610
0.917610
0.917610
0.917610
0.917610
0.917610
0.917610
0.917610
0.917610
0.917610
0.917610
0.917610
0.917610
0.917610
0.917610
0.917610
0.917610
0.917610
0.917610
0.917610
0.917610
0.917610
