0.007015
0.012157
0.016689
0.020946
0.025087
0.029210
0.033391
0.037700
0.042217
0.047029
0.052220
0.057880
0.064107
0.071011
0.078726
0.087432
0.097361
0.108790
0.122094
0.137852
0.156859
0.180264
0.210080
0.249942
0.306941
0.396750
0.555223
0.794967
0.960449
0.994814
0.996583
0.996660
0.996719
0.996777
0.996834
0.996889
0.996943
0.996996
0.997047
0.997097
0.997145
0.997191
0.997235
0.997278
0.997319
0.997358
0.997396
0.997432
0.997466
0.997499
0.997530
0.997559
0.997588
0.997614
0.997639
0.997663
0.997686
0.997707
0.997727
0.997746
0.997764
0.997781
0.997797
0.997812
0.997825
0.997839
0.997851
0.997862
0.997873
0.997883
0.997892
0.997901
0.997909
0.997917
0.997924
0.997930
0.997936
0.997942
0.997947
0.997952
0.997957
0.997961
0.997965
0.997968
0.997971
0.997974
0.997977
0.997980
0.997982
0.997985
0.997987
0.997988
0.997990
0.997992
0.997993
0.997995
0.997996
0.997997
0.997998
0.997999
0.998000
0.998001
0.998001
0.998002
0.998002
0.998003
0.998004
0.998004
0.998004
0.998005
0.998005
0.998005
0.998006
0.998006
0.998006
0.998007
0.998007
0.998007
0.998007
0.998007
0.998007
0.998007
0.998008
0.998008
0.998008
0.998008
0.998008
0.998008
0.998008
0.998008
0.998008
0.998008
0.998008
0.998008
0.998008
0.998008
0.998008
0.998008
0.998008
0.998008
0.998008
0.998008
0.998008
0.998008
0.998009
0.998009
0.998009
0.998009
0.998009
0.998009
0.998009
0.998009
0.998009
0.998009
0.998009
0.998009
0.998009
0.998009
0.998009
0.998009
0.998009
0.998009
0.998009
0.998009
0.998009
0.998009
0.998009
0.998009
0.998009
0.998009
0.998009
0.998009
0.998009
0.998009
0.998009
0.998009
0.998009
0.998009
0.998009
0.998009
0.998009
0.998009
0.998009
0.998009
0.998009
0.998009
0.998009
0.998009
0.998009
0.998009
0.998009
0.998009
0.998009
0.998009
0.998009
0.998009
0.998009
0.998009
0.998009
0.998009
0.998009
0.998009
0.998009
0.998009
0.998009
0.998009
0.998009
0.998009
0.998009
0.998009
0.998009
0.998009
0.998009
0.998009
0.998009
0.998009
0.998009
0.998009
0.998009
0.998009
0.998009
0.998009
0.998009
0.998009
0.998009
0.998009
0.998009
0.998009
0.998009
0.998009
0.998009
0.998009
0.998009
0.998009
0.998009
0.998009
0.998009
0.998009
0.998009
0.998009
0.998009
0.998009
0.998009
0.998009
0.998009
0.998009
0.998009
0.998009
0.998009
0.998009
0.998009
0.998009
0.998009
0.998009
0.998009
0.998009
0.998009
0.998009
0.998009
0.998009
0.998009
0.998009
0.998009
0.998009
0.998009
0.998009
0.998009
0.998009
0.998009
0.998009
0.998009
0.998009
0.998009
0.998009
0.998009
0.998009
0.998009
0.998009
0.998009
0.998009
0.998009
0.998009
0.998009
0.998009
0.998009
0.998009
0.998009
0.998009
0.998009
0.998009
0.998009
0.998009
0.998009
0.998009
0.998009
0.998009
0.998009
0.998009
0.998009
0.998009
0.998009
0.998009
0.998009
0.998009
0.998009
0.998009
0.998009
0.998009
0.998009
0.998009
0.998009
0.998009
0.998009
0.998009
0.998009
0.998009
0.998009
0.998009
0.998009
0.998009
0.998009
0.998009
0.998009
0.998009
0.998009
0.998009
0.998009
0.998009
0.998009
0.998009
0.998009
0.998009
0.998009
0.998009
0.998009
0.998009
0.998009
0.998009
0.998009
0.998009
0.998009
0.998009
0.998009
0.998009
0.998009
0.998009
0.998009
0.998009
0.998009
0.998009
0.998009
0.998009
0.998009
0.998009
0.998009
0.998009
0.998009
0.998009
0.998009
0.998009
0.998009
0.998009
0.998009
0.998009
0.998009
0.998009
0.998009
0.998009
0.998009
0.998009
0.998009
0.998009
0.998009
0.998009
0.998009
0.998009
0.998009
0.998009
0.998009
0.998009
0.998009
0.998009
0.998009
0.998009
0.998009
0.998009
0.998009
0.998009
0.998009
0.998009
0.998009
0.998009
0.998009
0.998009
0.998009
0.998009
0.998009
0.998009
0.998009
0.998009
0.998009
0.998009
0.998009
0.998009
0.998009
0.998009
0.998009
0.998009
0.998009
0.998009
0.998009
0.998009
0.998009
0.998009
0.998009
0.998009
0.998009
0.998009
0.998009
0.998009
0.998009
0.998009
0.998009
0.998009
0.998009
0.998009
0.998009
0.998009
0.998009
0.998009
0.998009
0.998009
0.998009
0.998009
0.998009
0.998009
0.998009
0.998009
0.998009
0.998009
0.998009
0.998009
0.998009
0.998009
0.998009
0.998009
0.998009
0.998009
0.998009
0.998009
0.998009
0.998009
0.998009
0.998009
0.998009
0.998009
0.998009
0.998009
0.998009
0.998009
0.998009
0.998009
0.998009
0.998009
0.998009
0.998009
0.998009
0.998009
0.998009
0.998009
0.998009
0.998009
0.998009
0.998009
0.998009
0.998009
0.998009
0.998009
0.998009
0.998009
0.998009
0.998009
0.998009
0.998009
0.998009
0.998009
0.998009
0.998009
0.998009
0.998009
0.998009
0.998009
0.998009
0.998009
0.998009
0.998009
0.998009
0.998009
0.998009
0.998009
0.998009
0.998009
0.998009
0.998009
0.998009
0.998009
0.998009
0.998009
0.998009
0.998009
0.998009
0.998009
0.998009
0.998009
0.998009
0.998009
0.998009
0.998009
0.998009
0.998009
0.998009
0.998009
0.998009
0.998009
0.998009
0.998009
0.998009
0.998009
0.998009
0.998009
0.998009
0.998009
0.998009
0.998009
0.998009
0.998009
0.998009
0.998009
0.998009
0.998009
0.998009
0.998009
0.998009
0.998009
0.998009
0.998009
0.998009
0.998009
0.998009
0.998009
0.998009
0.998009
0.998009
0.998009
0.998009
0.998009
0.998009
0.998009
0.998009
0.998009
0.998009
0.998009
0.998009
0.998009
0.998009
0.998009
0.998009
0.998009
0.998009
0.998009
0.998009
0.998009
0.998009
0.998009
0.998009
0.998009
0.998009
0.998009
0.998009
0.998009
0.998009
0.998009
0.998009
0.998009
0.998009
0.998009
0.998009
0.998009
0.998009
0.998009
0.998009
0.998009
0.998009
0.998009
0.998009
0.998009
0.998009
0.998009
0.998009
0.998009
