0.316010
0.353495
0.411582
0.455526
0.490896
0.520660
0.546500
0.569424
0.590088
0.608976
0.626441
0.642739
0.658064
0.672580
0.686425
0.699710
0.712508
0.724922
0.737083
0.749163
0.761420
0.774536
0.787065
0.794659
0.800552
0.806299
0.811960
0.817529
0.823002
0.828376
0.833646
0.838809
0.843862
0.848802
0.853625
0.858330
0.862915
0.867378
0.871717
0.876099
0.880165
0.884108
0.887927
0.891622
0.895193
0.898639
0.901960
0.905159
0.908234
0.911189
0.914024
0.916741
0.919342
0.921829
0.924204
0.926470
0.928628
0.930682
0.932634
0.934488
0.936246
0.937910
0.939485
0.940973
0.942377
0.943701
0.944947
0.946119
0.947220
0.948252
0.949219
0.950125
0.950971
0.951760
0.952497
0.953182
0.953820
0.954412
0.954962
0.955471
0.955943
0.956379
0.956781
0.957152
0.957493
0.957808
0.958096
0.958361
0.958604
0.958826
0.959029
0.959215
0.959384
0.959538
0.959678
0.959805
0.959920
0.960025
0.960120
0.960205
0.960283
0.960352
0.960415
0.960471
0.960522
0.960568
0.960608
0.960645
0.960678
0.960707
0.960733
0.960756
0.960776
0.960795
0.960811
0.960825
0.960838
0.960849
0.960859
0.960868
0.960876
0.960883
0.960889
0.960894
0.960898
0.960902
0.960906
0.960909
0.960912
0.960914
0.960916
0.960918
0.960919
0.960921
0.960922
0.960923
0.960924
0.960924
0.960925
0.960926
0.960926
0.960927
0.960927
0.960927
0.960927
0.960928
0.960928
0.960928
0.960928
0.960928
0.960928
0.960928
0.960929
0.960929
0.960929
0.960929
0.960929
0.960929
0.960929
0.960929
0.960929
0.960929
0.960929
0.960929
0.960929
0.960929
0.960929
0.960929
0.960929
0.960929
0.960929
0.960929
0.960929
0.960929
0.960929
0.960929
0.960929
0.960929
0.960929
0.960929
0.960929
0.960929
0.960929
0.960929
0.960929
0.960929
0.960929
0.960929
0.960929
0.960929
0.960929
0.960929
0.960929
0.960929
0.960929
0.960929
0.960929
0.960929
0.960929
0.960929
0.960929
0.960929
0.960929
0.960929
0.960929
0.960929
0.960929
0.960929
0.960929
0.960929
0.960929
0.960929
0.960929
0.960929
0.960929
0.960929
0.960929
0.960929
0.960929
0.960929
0.960929
0.960929
0.960929
0.960929
0.960929
0.960929
0.960929
0.960929
0.960929
0.960929
0.960929
0.960929
0.960929
0.960929
0.960929
0.960929
0.960929
0.960929
0.960929
0.960929
0.960929
0.960929
0.960929
0.960929
0.960929
0.960929
0.960929
0.960929
0.960929
0.960929
0.960929
0.960929
0.960929
0.960929
0.960929
0.960929
0.960929
0.960929
0.960929
0.960929
0.960929
0.960929
0.960929
0.960929
0.960929
0.960929
0.960929
0.960929
0.960929
0.960929
0.960929
0.960929
0.960929
0.960929
0.960929
0.960929
0.960929
0.960929
0.960929
0.960929
0.960929
0.960929
0.960929
0.960929
0.960929
0.960929
0.960929
0.960929
0.960929
0.960929
0.960929
0.960929
0.960929
0.960929
0.960929
0.960929
0.960929
0.960929
0.960929
0.960929
0.960929
0.960929
0.960929
0.960929
0.960929
0.960929
0.960929
0.960929
0.960929
0.960929
0.960929
0.960929
0.960929
0.960929
0.960929
0.960929
0.960929
0.960929
0.960929
0.960929
0.960929
0.960929
0.960929
0.960929
0.960929
0.960929
0.960929
0.960929
0.960929
0.960929
0.960929
0.960929
0.960929
0.960929
0.960929
0.960929
0.960929
0.960929
0.960929
0.960929
0.960929
0.960929
0.960929
0.960929
0.960929
0.960929
0.960929
0.960929
0.960929
0.960929
0.960929
0.960929
0.960929
0.960929
0.960929
0.960929
0.960929
0.960929
0.960929
0.960929
0.960929
0.960929
0.960929
0.960929
0.960929
0.960929
0.960929
0.960929
0.960929
0.960929
0.960929
0.960929
0.960929
0.960929
0.960929
0.960929
0.960929
0.960929
0.960929
0.960929
0.960929
0.960929
0.960929
0.960929
0.960929
0.960929
0.960929
0.960929
0.960929
0.960929
0.960929
0.960929
0.960929
0.960929
0.960929
0.960929
0.960929
0.960929
0.960929
0.960929
0.960929
0.960929
0.960929
0.960929
0.960929
0.960929
0.960929
0.960929
0.960929
0.960929
0.960929
0.960929
0.960929
0.960929
0.960929
0.960929
0.960929
0.960929
0.960929
0.960929
0.960929
0.960929
0.960929
0.960929
0.960929
0.960929
0.960929
0.960929
0.960929
0.960929
0.960929
0.960929
0.960929
0.960929
0.960929
0.960929
0.960929
0.960929
0.960929
0.960929
0.960929
0.960929
0.960929
0.960929
0.960929
0.960929
0.960929
0.960929
0.960929
0.960929
0.960929
0.960929
0.960929
0.960929
0.960929
0.960929
0.960929
0.960929
0.960929
0.960929
0.960929
0.960929
0.960929
0.960929
0.960929
0.960929
0.960929
0.960929
0.960929
0.960929
0.960929
0.960929
0.960929
0.960929
0.960929
0.960929
0.960929
0.960929
0.960929
0.960929
0.960929
0.960929
0.960929
0.960929
0.960929
0.960929
0.960929
0.960929
0.960929
0.960929
0.960929
0.960929
0.960929
0.960929
0.960929
0.960929
0.960929
0.960929
0.960929
0.960929
0.960929
0.960929
0.960929
0.960929
0.960929
0.960929
0.960929
0.960929
0.960929
0.960929
0.960929
0.960929
0.960929
0.960929
0.960929
0.960929
0.960929
0.960929
0.960929
0.960929
0.960929
0.960929
0.960929
0.960929
0.960929
0.960929
0.960929
0.960929
0.960929
0.960929
0.960929
0.960929
0.960929
0.960929
0.960929
0.960929
0.960929
0.960929
0.960929
0.960929
0.960929
0.960929
0.960929
0.960929
0.960929
0.960929
0.960929
0.960929
0.960929
0.960929
0.960929
0.960929
0.960929
0.960929
0.960929
0.960929
0.960929
0.960929
0.960929
0.960929
0.960929
0.960929
0.960929
0.960929
0.960929
0.960929
0.960929
0.960929
0.960929
0.960929
0.960929
0.960929
0.960929
0.960929
0.960929
0.960929
0.960929
0.960929
0.960929
0.960929
0.960929
0.960929
0.960929
0.960929
0.960929
0.960929
0.960929
0.960929
0.960929
0.960929
0.960929
0.960929
0.960929
0.960929
0.960929
0.960929
0.960929
0.960929
0.960929
0.960929
