0.013934
0.029604
0.045804
0.064838
0.093547
0.135601
0.183023
0.224468
0.254663
0.267182
0.272989
0.276038
0.278168
0.280107
0.282053
0.284024
0.286003
0.287978
0.289946
0.291908
0.293865
0.295815
0.297759
0.299697
0.301629
0.303555
0.305475
0.307390
0.309299
0.311203
0.313100
0.314993
0.316880
0.318761
0.320637
0.322508
0.324373
0.326233
0.328088
0.329991
0.331697
0.333388
0.335072
0.336753
0.338428
0.340100
0.341767
0.343430
0.345089
0.346744
0.348394
0.350040
0.351682
0.353319
0.354953
0.356582
0.358208
0.359829
0.361446
0.363058
0.364667
0.366272
0.367872
0.369469
0.371061
0.372650
0.374234
0.375814
0.377390
0.378963
0.380531
0.382095
0.383655
0.385212
0.386764
0.388313
0.389857
0.391398
0.392934
0.394467
0.395996
0.397521
0.399042
0.400559
0.402073
0.403582
0.405088
0.406590
0.408088
0.409582
0.411072
0.412559
0.414042
0.415521
0.416997
0.418468
0.419936
0.421400
0.422861
0.424318
0.425771
0.427220
0.428666
0.430108
0.431546
0.432981
0.434412
0.435840
0.437263
0.438684
0.440100
0.441513
0.442923
0.444329
0.445731
0.447130
0.448525
0.449917
0.451305
0.452690
0.454071
0.455449
0.456823
0.458194
0.459561
0.460925
0.462286
0.463643
0.464996
0.466346
0.467693
0.469036
0.470376
0.471713
0.473046
0.474376
0.475702
0.477025
0.478345
0.479662
0.480975
0.482285
0.483591
0.484895
0.486195
0.487491
0.488785
0.490075
0.491362
0.492646
0.493926
0.495203
0.496477
0.497748
0.499016
0.500281
0.501542
0.502800
0.504055
0.505307
0.506556
0.507801
0.509044
0.510283
0.511520
0.512753
0.513983
0.515210
0.516434
0.517655
0.518873
0.520088
0.521299
0.522508
0.523714
0.524917
0.526117
0.527313
0.528507
0.529698
0.530886
0.532071
0.533253
0.534432
0.535608
0.536781
0.537952
0.539119
0.540284
0.541445
0.542604
0.543760
0.544913
0.546063
0.547210
0.548355
0.549497
0.550636
0.551772
0.552905
0.554035
0.555163
0.556288
0.557410
0.558530
0.559646
0.560760
0.561872
0.562980
0.564086
0.565189
0.566289
0.567387
0.568482
0.569574
0.570664
0.571751
0.572836
0.573917
0.574996
0.576073
0.577147
0.578218
0.579287
0.580353
0.581416
0.582477
0.583536
0.584592
0.585645
0.586696
0.587744
0.588789
0.589833
0.590873
0.591912
0.592947
0.593980
0.595011
0.596039
0.597065
0.598089
0.599110
0.600128
0.601144
0.602158
0.603169
0.604178
0.605184
0.606188
0.607190
0.608190
0.609186
0.610181
0.611173
0.612163
0.613151
0.614136
0.615119
0.616100
0.617078
0.618055
0.619028
0.620000
0.620969
0.621936
0.622901
0.623864
0.624824
0.625782
0.626738
0.627692
0.628643
0.629593
0.630540
0.631485
0.632428
0.633368
0.634307
0.635243
0.636177
0.637109
0.638039
0.638967
0.639893
0.640817
0.641738
0.642658
0.643575
0.644491
0.645404
0.646315
0.647224
0.648132
0.649037
0.649940
0.650841
0.651740
0.652638
0.653533
0.654426
0.655317
0.656206
0.657094
0.657979
0.658863
0.659744
0.660624
0.661501
0.662377
0.663251
0.664123
0.664993
0.665861
0.666728
0.667592
0.668455
0.669316
0.670175
0.671032
0.671887
0.672741
0.673592
0.674442
0.675290
0.676137
0.676981
0.677824
0.678665
0.679505
0.680342
0.681178
0.682012
0.682844
0.683675
0.684504
0.685331
0.686157
0.686981
0.687803
0.688623
0.689442
0.690259
0.691075
0.691889
0.692701
0.693512
0.694321
0.695128
0.695934
0.696738
0.697541
0.698342
0.699142
0.699939
0.700736
0.701531
0.702324
0.703116
0.703906
0.704695
0.705482
0.706268
0.707052
0.707834
0.708616
0.709395
0.710174
0.710950
0.711726
0.712500
0.713272
0.714043
0.714813
0.715581
0.716348
0.717113
0.717877
0.718639
0.719401
0.720160
0.720919
0.721676
0.722432
0.723186
0.723939
0.724691
0.725441
0.726190
0.726938
0.727684
0.728429
0.729173
0.729915
0.730656
0.731396
0.732135
0.732872
0.733609
0.734344
0.735077
0.735810
0.736541
0.737271
0.737999
0.738727
0.739453
0.740178
0.740902
0.741625
0.742347
0.743067
0.743786
0.744504
0.745221
0.745937
0.746652
0.747365
0.748078
0.748789
0.749499
0.750208
0.750916
0.751623
0.752328
0.753033
0.753737
0.754439
0.755141
0.755841
0.756540
0.757238
0.757936
0.758632
0.759327
0.760021
0.760714
0.761406
0.762097
0.762787
0.763476
0.764164
0.764851
0.765537
0.766222
0.766906
0.767590
0.768272
0.768953
0.769633
0.770312
0.770991
0.771668
0.772345
0.773020
0.773695
0.774369
0.775041
0.775713
0.776384
0.777054
0.777724
0.778392
0.779059
0.779726
0.780392
0.781056
0.781720
0.782383
0.783045
0.783707
0.784367
0.785027
0.785686
0.786344
0.787001
0.787657
0.788313
0.788967
0.789621
0.790274
0.790926
0.791578
0.792229
0.792878
0.793527
0.794176
0.794823
0.795470
0.796116
0.796761
0.797405
0.798049
0.798691
0.799333
0.799975
0.800615
0.801255
0.801894
0.802532
0.803170
0.803807
0.804443
0.805078
0.805713
0.806346
0.806980
0.807612
0.808244
0.808875
0.809505
0.810134
0.810763
0.811391
0.812019
0.812645
0.813271
0.813896
0.814521
0.815145
0.815768
0.816391
0.817012
0.817634
0.818254
0.818874
0.819493
0.820111
0.820729
0.821346
0.821962
0.822578
0.823193
0.823807
0.824420
0.825033
0.825646
0.826257
0.826868
0.827478
0.828088
0.828697
0.829305
0.829913
0.830520
0.831126
0.831731
0.832336
0.832941
0.833544
0.834147
0.834749
0.835351
0.835952
0.836552
0.837152
0.837751
0.838349
0.838947
0.839544
0.840140
0.840735
0.841330
0.841925
0.842518
0.843111
0.843704
0.844295
0.844886
0.845476
0.846066
0.846655
0.847243
0.847831
0.848418
0.849004
0.849590
0.850174
0.850759
0.851342
0.851925
0.852507
0.853089
0.853669
0.854249
0.854829
0.855408
0.855986
0.856563
0.857139
0.857715
0.858291
0.858865
0.859439
0.860012
0.860584
0.861156
0.861727
0.862297
0.862867
