0.107540
0.249704
0.433818
0.352010
0.363550
0.385026
0.404450
0.422272
0.438816
0.454323
0.468977
0.482936
0.496336
0.509282
0.521849
0.534144
0.546306
0.558514
0.571050
0.584678
0.597266
0.604849
0.611351
0.617857
0.624385
0.630931
0.637491
0.644061
0.650637
0.657215
0.663791
0.670361
0.676921
0.683467
0.689994
0.696500
0.702980
0.709430
0.715847
0.722462
0.728723
0.734949
0.741134
0.747273
0.753363
0.759399
0.765379
0.771297
0.777152
0.782941
0.788659
0.794305
0.799876
0.805369
0.810783
0.816114
0.821360
0.826521
0.831593
0.836576
0.841468
0.846267
0.850973
0.855584
0.860099
0.864518
0.868840
0.873065
0.877191
0.881220
0.885150
0.888982
0.892716
0.896353
0.899892
0.903334
0.906680
0.909931
0.913087
0.916148
0.919118
0.921995
0.924782
0.927479
0.930089
0.932611
0.935048
0.937402
0.939673
0.941864
0.943975
0.946009
0.947967
0.949851
0.951663
0.953404
0.955076
0.956681
0.958221
0.959698
0.961113
0.962468
0.963765
0.965006
0.966192
0.967325
0.968407
0.969440
0.970425
0.971364
0.972259
0.973111
0.973922
0.974693
0.975426
0.976123
0.976784
0.977411
0.978007
0.978571
0.979106
0.979612
0.980091
0.980544
0.980972
0.981377
0.981759
0.982119
0.982460
0.982780
0.983082
0.983367
0.983635
0.983887
0.984123
0.984346
0.984555
0.984751
0.984935
0.985108
0.985270
0.985421
0.985563
0.985696
0.985820
0.985936
0.986044
0.986145
0.986240
0.986328
0.986410
0.986486
0.986558
0.986624
0.986686
0.986743
0.986796
0.986846
0.986892
0.986935
0.986974
0.987011
0.987045
0.987076
0.987105
0.987132
0.987157
0.987180
0.987202
0.987221
0.987239
0.987256
0.987272
0.987286
0.987299
0.987311
0.987322
0.987332
0.987342
0.987350
0.987358
0.987365
0.987372
0.987378
0.987384
0.987389
0.987394
0.987398
0.987402
0.987405
0.987409
0.987412
0.987414
0.987417
0.987419
0.987421
0.987423
0.987425
0.987426
0.987428
0.987429
0.987430
0.987431
0.987432
0.987433
0.987434
0.987435
0.987435
0.987436
0.987437
0.987437
0.987438
0.987438
0.987438
0.987439
0.987439
0.987439
0.987439
0.987440
0.987440
0.987440
0.987440
0.987440
0.987440
0.987441
0.987441
0.987441
0.987441
0.987441
0.987441
0.987441
0.987441
0.987441
0.987441
0.987441
0.987441
0.987441
0.987441
0.987441
0.987441
0.987441
0.987441
0.987441
0.987441
0.987441
0.987441
0.987441
0.987441
0.987441
0.987441
0.987441
0.987442
0.987442
0.987442
0.987442
0.987442
0.987442
0.987442
0.987442
0.987442
0.987442
0.987442
0.987442
0.987442
0.987442
0.987442
0.987442
0.987442
0.987442
0.987442
0.987442
0.987442
0.987442
0.987442
0.987442
0.987442
0.987442
0.987442
0.987442
0.987442
0.987442
0.987442
0.987442
0.987442
0.987442
0.987442
0.987442
0.987442
0.987442
0.987442
0.987442
0.987442
0.987442
0.987442
0.987442
0.987442
0.987442
0.987442
0.987442
0.987442
0.987442
0.987442
0.987442
0.987442
0.987442
0.987442
0.987442
0.987442
0.987442
0.987442
0.987442
0.987442
0.987442
0.987442
0.987442
0.987442
0.987442
0.987442
0.987442
0.987442
0.987442
0.987442
0.987442
0.987442
0.987442
0.987442
0.987442
0.987442
0.987442
0.987442
0.987442
0.987442
0.987442
0.987442
0.987442
0.987442
0.987442
0.987442
0.987442
0.987442
0.987442
0.987442
0.987442
0.987442
0.987442
0.987442
0.987442
0.987442
0.987442
0.987442
0.987442
0.987442
0.987442
0.987442
0.987442
0.987442
0.987442
0.987442
0.987442
0.987442
0.987442
0.987442
0.987442
0.987442
0.987442
0.987442
0.987442
0.987442
0.987442
0.987442
0.987442
0.987442
0.987442
0.987442
0.987442
0.987442
0.987442
0.987442
0.987442
0.987442
0.987442
0.987442
0.987442
0.987442
0.987442
0.987442
0.987442
0.987442
0.987442
0.987442
0.987442
0.987442
0.987442
0.987442
0.987442
0.987442
0.987442
0.987442
0.987442
0.987442
0.987442
0.987442
0.987442
0.987442
0.987442
0.987442
0.987442
0.987442
0.987442
0.987442
0.987442
0.987442
0.987442
0.987442
0.987442
0.987442
0.987442
0.987442
0.987442
0.987442
0.987442
0.987442
0.987442
0.987442
0.987442
0.987442
0.987442
0.987442
0.987442
0.987442
0.987442
0.987442
0.987442
0.987442
0.987442
0.987442
0.987442
0.987442
0.987442
0.987442
0.987442
0.987442
0.987442
0.987442
0.987442
0.987442
0.987442
0.987442
0.987442
0.987442
0.987442
0.987442
0.987442
0.987442
0.987442
0.987442
0.987442
0.987442
0.987442
0.987442
0.987442
0.987442
0.987442
0.987442
0.987442
0.987442
0.987442
0.987442
0.987442
0.987442
0.987442
0.987442
0.987442
0.987442
0.987442
0.987442
0.987442
0.987442
0.987442
0.987442
0.987442
0.987442
0.987442
0.987442
0.987442
0.987442
0.987442
0.987442
0.987442
0.987442
0.987442
0.987442
0.987442
0.987442
0.987442
0.987442
0.987442
0.987442
0.987442
0.987442
0.987442
0.987442
0.987442
0.987442
0.987442
0.987442
0.987442
0.987442
0.987442
0.987442
0.987442
0.987442
0.987442
0.987442
0.987442
0.987442
0.987442
0.987442
0.987442
0.987442
0.987442
0.987442
0.987442
0.987442
0.987442
0.987442
0.987442
0.987442
0.987442
0.987442
0.987442
0.987442
0.987442
0.987442
0.987442
0.987442
0.987442
0.987442
0.987442
0.987442
0.987442
0.987442
0.987442
0.987442
0.987442
0.987442
0.987442
0.987442
0.987442
0.987442
0.987442
0.987442
0.987442
0.987442
0.987442
0.987442
0.987442
0.987442
0.987442
0.987442
0.987442
0.987442
0.987442
0.987442
0.987442
0.987442
0.987442
0.987442
0.987442
0.987442
0.987442
0.987442
0.987442
0.987442
0.987442
0.987442
0.987442
0.987442
0.987442
0.987442
0.987442
0.987442
0.987442
0.987442
0.987442
0.987442
0.987442
0.987442
0.987442
0.987442
0.987442
0.987442
0.987442
0.987442
0.987442
0.987442
0.987442
0.987442
0.987442
0.987442
