0.011739
0.024902
0.038413
0.052576
0.068105
0.087828
0.116501
0.147676
0.184654
0.219534
0.245873
0.262244
0.270977
0.275355
0.277858
0.279807
0.281699
0.283639
0.285608
0.287581
0.289548
0.291509
0.293464
0.295414
0.297357
0.299295
0.301226
0.303153
0.305073
0.306988
0.308898
0.310802
0.312700
0.314593
0.316481
0.318363
0.320241
0.322112
0.323979
0.325893
0.327610
0.329311
0.331006
0.332697
0.334384
0.336066
0.337744
0.339417
0.341087
0.342752
0.344413
0.346069
0.347722
0.349370
0.351014
0.352653
0.354289
0.355920
0.357548
0.359171
0.360790
0.362405
0.364016
0.365623
0.367225
0.368824
0.370418
0.372009
0.373595
0.375178
0.376756
0.378330
0.379901
0.381467
0.383030
0.384588
0.386143
0.387693
0.389240
0.390783
0.392321
0.393856
0.395387
0.396914
0.398438
0.399957
0.401473
0.402984
0.404492
0.405996
0.407497
0.408993
0.410486
0.411975
0.413460
0.414941
0.416419
0.417893
0.419363
0.420830
0.422292
0.423751
0.425207
0.426659
0.428107
0.429551
0.430992
0.432429
0.433862
0.435292
0.436718
0.438141
0.439560
0.440976
0.442388
0.443796
0.445201
0.446602
0.448000
0.449394
0.450785
0.452172
0.453556
0.454936
0.456313
0.457687
0.459057
0.460423
0.461786
0.463146
0.464502
0.465855
0.467204
0.468550
0.469893
0.471232
0.472568
0.473901
0.475230
0.476556
0.477879
0.479198
0.480514
0.481827
0.483137
0.484443
0.485746
0.487046
0.488342
0.489636
0.490926
0.492212
0.493496
0.494777
0.496054
0.497328
0.498599
0.499867
0.501131
0.502393
0.503651
0.504907
0.506159
0.507408
0.508654
0.509897
0.511136
0.512373
0.513607
0.514838
0.516065
0.517290
0.518512
0.519730
0.520946
0.522158
0.523368
0.524575
0.525778
0.526979
0.528177
0.529372
0.530564
0.531753
0.532939
0.534122
0.535303
0.536480
0.537655
0.538826
0.539995
0.541161
0.542325
0.543485
0.544643
0.545797
0.546949
0.548099
0.549245
0.550389
0.551530
0.552668
0.553803
0.554936
0.556066
0.557193
0.558317
0.559439
0.560558
0.561675
0.562788
0.563900
0.565008
0.566114
0.567217
0.568317
0.569415
0.570511
0.571603
0.572693
0.573781
0.574866
0.575948
0.577028
0.578105
0.579180
0.580252
0.581322
0.582389
0.583453
0.584515
0.585575
0.586632
0.587687
0.588739
0.589789
0.590836
0.591881
0.592923
0.593963
0.595001
0.596036
0.597069
0.598099
0.599127
0.600153
0.601176
0.602197
0.603216
0.604232
0.605246
0.606258
0.607267
0.608274
0.609279
0.610281
0.611281
0.612279
0.613275
0.614268
0.615259
0.616248
0.617235
0.618219
0.619201
0.620181
0.621159
0.622135
0.623108
0.624079
0.625048
0.626015
0.626980
0.627943
0.628903
0.629862
0.630818
0.631772
0.632725
0.633675
0.634623
0.635568
0.636512
0.637454
0.638394
0.639331
0.640267
0.641201
0.642132
0.643062
0.643989
0.644915
0.645839
0.646760
0.647680
0.648598
0.649514
0.650427
0.651339
0.652249
0.653157
0.654064
0.654968
0.655870
0.656771
0.657669
0.658566
0.659461
0.660354
0.661245
0.662134
0.663022
0.663907
0.664791
0.665673
0.666553
0.667432
0.668308
0.669183
0.670056
0.670928
0.671797
0.672665
0.673531
0.674395
0.675258
0.676119
0.676978
0.677836
0.678691
0.679545
0.680398
0.681249
0.682098
0.682945
0.683791
0.684635
0.685478
0.686318
0.687158
0.687995
0.688831
0.689666
0.690498
0.691330
0.692159
0.692987
0.693814
0.694639
0.695462
0.696284
0.697105
0.697923
0.698741
0.699556
0.700371
0.701183
0.701995
0.702804
0.703613
0.704419
0.705225
0.706029
0.706831
0.707632
0.708432
0.709230
0.710026
0.710822
0.711616
0.712408
0.713199
0.713989
0.714777
0.715564
0.716349
0.717133
0.717916
0.718698
0.719478
0.720256
0.721034
0.721810
0.722585
0.723358
0.724130
0.724901
0.725670
0.726439
0.727206
0.727971
0.728736
0.729499
0.730261
0.731021
0.731780
0.732538
0.733295
0.734051
0.734805
0.735558
0.736310
0.737061
0.737811
0.738559
0.739306
0.740052
0.740797
0.741540
0.742283
0.743024
0.743764
0.744503
0.745241
0.745977
0.746713
0.747447
0.748180
0.748912
0.749643
0.750373
0.751102
0.751830
0.752556
0.753282
0.754006
0.754729
0.755451
0.756173
0.756893
0.757612
0.758329
0.759046
0.759762
0.760477
0.761191
0.761903
0.762615
0.763325
0.764035
0.764744
0.765451
0.766158
0.766863
0.767568
0.768271
0.768974
0.769675
0.770376
0.771075
0.771774
0.772471
0.773168
0.773863
0.774558
0.775252
0.775945
0.776636
0.777327
0.778017
0.778706
0.779394
0.780081
0.780767
0.781452
0.782137
0.782820
0.783502
0.784184
0.784864
0.785544
0.786223
0.786901
0.787578
0.788254
0.788929
0.789603
0.790276
0.790949
0.791620
0.792291
0.792961
0.793630
0.794298
0.794965
0.795631
0.796297
0.796961
0.797625
0.798288
0.798950
0.799611
0.800271
0.800930
0.801589
0.802246
0.802903
0.803559
0.804214
0.804868
0.805522
0.806174
0.806826
0.807477
0.808127
0.808776
0.809425
0.810072
0.810719
0.811365
0.812010
0.812654
0.813297
0.813940
0.814581
0.815222
0.815862
0.816502
0.817140
0.817778
0.818414
0.819050
0.819685
0.820320
0.820953
0.821586
0.822217
0.822848
0.823479
0.824108
0.824737
0.825364
0.825991
0.826617
0.827242
0.827867
0.828490
0.829113
0.829735
0.830356
0.830977
0.831596
0.832215
0.832833
0.833450
0.834066
0.834681
0.835296
0.835909
0.836522
0.837134
0.837746
0.838356
0.838966
0.839574
0.840182
0.840789
0.841396
0.842001
0.842606
0.843209
0.843812
0.844414
0.845016
0.845616
0.846215
0.846814
0.847412
0.848009
0.848605
0.849200
0.849795
0.850388
0.850981
0.851573
0.852164
0.852754
0.853343
0.853932
0.854519
0.855106
0.855692
0.856277
0.856861
0.857444
0.858026
0.858607
0.859188
0.859767
0.860346
0.860924
0.861501
0.862077
0.862652
0.863226
0.863800
0.864372
0.864943
0.865514
0.866084
