0.010386
0.022159
0.034952
0.053205
0.085637
0.123508
0.166725
0.205613
0.234548
0.253265
0.264318
0.270663
0.274524
0.277231
0.279466
0.281527
0.283531
0.285518
0.287497
0.289470
0.291438
0.293400
0.295356
0.297307
0.299251
0.301190
0.303123
0.305050
0.306972
0.308888
0.310799
0.312704
0.314604
0.316498
0.318387
0.320271
0.322149
0.324022
0.325890
0.327812
0.329539
0.331244
0.332942
0.334635
0.336324
0.338009
0.339689
0.341365
0.343037
0.344704
0.346367
0.348026
0.349681
0.351331
0.352977
0.354619
0.356257
0.357891
0.359520
0.361145
0.362767
0.364384
0.365996
0.367605
0.369210
0.370810
0.372407
0.373999
0.375587
0.377171
0.378752
0.380328
0.381900
0.383468
0.385032
0.386592
0.388148
0.389700
0.391249
0.392793
0.394333
0.395869
0.397402
0.398930
0.400455
0.401976
0.403493
0.405006
0.406515
0.408020
0.409521
0.411019
0.412513
0.414003
0.415489
0.416971
0.418450
0.419924
0.421395
0.422863
0.424326
0.425786
0.427242
0.428695
0.430143
0.431588
0.433029
0.434467
0.435901
0.437331
0.438758
0.440181
0.441600
0.443016
0.444428
0.445836
0.447241
0.448643
0.450040
0.451435
0.452825
0.454212
0.455596
0.456976
0.458352
0.459725
0.461095
0.462461
0.463823
0.465182
0.466538
0.467890
0.469239
0.470584
0.471926
0.473264
0.474599
0.475930
0.477259
0.478583
0.479905
0.481223
0.482537
0.483849
0.485157
0.486461
0.487763
0.489060
0.490355
0.491647
0.492935
0.494219
0.495501
0.496779
0.498054
0.499326
0.500594
0.501860
0.503122
0.504380
0.505636
0.506888
0.508138
0.509384
0.510626
0.511866
0.513103
0.514336
0.515566
0.516793
0.518017
0.519238
0.520456
0.521670
0.522882
0.524090
0.525296
0.526498
0.527697
0.528893
0.530086
0.531277
0.532464
0.533648
0.534829
0.536007
0.537182
0.538353
0.539523
0.540689
0.541852
0.543012
0.544169
0.545323
0.546474
0.547623
0.548768
0.549910
0.551050
0.552187
0.553320
0.554451
0.555579
0.556704
0.557827
0.558946
0.560062
0.561176
0.562287
0.563395
0.564500
0.565603
0.566702
0.567799
0.568893
0.569984
0.571073
0.572158
0.573241
0.574321
0.575399
0.576473
0.577545
0.578614
0.579681
0.580745
0.581806
0.582864
0.583919
0.584972
0.586023
0.587070
0.588115
0.589157
0.590197
0.591234
0.592268
0.593300
0.594329
0.595356
0.596379
0.597401
0.598419
0.599435
0.600449
0.601460
0.602468
0.603474
0.604477
0.605477
0.606475
0.607471
0.608464
0.609454
0.610442
0.611428
0.612411
0.613391
0.614369
0.615345
0.616317
0.617288
0.618256
0.619222
0.620185
0.621145
0.622104
0.623059
0.624013
0.624964
0.625912
0.626858
0.627802
0.628743
0.629682
0.630619
0.631553
0.632484
0.633414
0.634341
0.635266
0.636188
0.637108
0.638025
0.638941
0.639854
0.640764
0.641673
0.642579
0.643483
0.644384
0.645283
0.646180
0.647075
0.647967
0.648857
0.649745
0.650630
0.651514
0.652395
0.653273
0.654150
0.655024
0.655896
0.656766
0.657634
0.658500
0.659363
0.660224
0.661083
0.661940
0.662794
0.663647
0.664497
0.665345
0.666191
0.667035
0.667877
0.668716
0.669553
0.670389
0.671222
0.672053
0.672882
0.673709
0.674533
0.675356
0.676177
0.676995
0.677812
0.678626
0.679438
0.680248
0.681057
0.681863
0.682667
0.683469
0.684269
0.685067
0.685863
0.686657
0.687449
0.688239
0.689027
0.689812
0.690596
0.691378
0.692158
0.692936
0.693712
0.694487
0.695259
0.696029
0.696797
0.697563
0.698328
0.699090
0.699851
0.700609
0.701366
0.702121
0.702873
0.703624
0.704373
0.705121
0.705866
0.706609
0.707351
0.708090
0.708828
0.709564
0.710298
0.711030
0.711761
0.712489
0.713216
0.713941
0.714664
0.715385
0.716104
0.716822
0.717538
0.718252
0.718964
0.719674
0.720383
0.721089
0.721794
0.722498
0.723199
0.723899
0.724597
0.725293
0.725987
0.726680
0.727371
0.728060
0.728748
0.729433
0.730118
0.730800
0.731480
0.732159
0.732836
0.733512
0.734186
0.734858
0.735528
0.736197
0.736864
0.737529
0.738193
0.738855
0.739516
0.740174
0.740831
0.741487
0.742141
0.742793
0.743443
0.744092
0.744740
0.745385
0.746029
0.746672
0.747313
0.747952
0.748590
0.749226
0.749860
0.750493
0.751124
0.751754
0.752382
0.753009
0.753634
0.754257
0.754879
0.755500
0.756118
0.756736
0.757351
0.757966
0.758578
0.759189
0.759799
0.760407
0.761014
0.761619
0.762223
0.762825
0.763425
0.764025
0.764622
0.765218
0.765813
0.766406
0.766998
0.767588
0.768177
0.768764
0.769350
0.769935
0.770518
0.771099
0.771680
0.772258
0.772836
0.773412
0.773986
0.774559
0.775131
0.775701
0.776270
0.776837
0.777403
0.777968
0.778531
0.779093
0.779653
0.780212
0.780770
0.781326
0.781881
0.782435
0.782987
0.783538
0.784088
0.784636
0.785183
0.785728
0.786273
0.786815
0.787357
0.787897
0.788436
0.788974
0.789510
0.790045
0.790579
0.791111
0.791642
0.792172
0.792700
0.793228
0.793754
0.794278
0.794802
0.795324
0.795845
0.796364
0.796883
0.797400
0.797916
0.798430
0.798944
0.799456
0.799967
0.800476
0.800985
0.801492
0.801998
0.802503
0.803006
0.803509
0.804010
0.804510
0.805008
0.805506
0.806002
0.806497
0.806991
0.807484
0.807976
0.808466
0.808955
0.809444
0.809931
0.810416
0.810901
0.811384
0.811867
0.812348
0.812828
0.813307
0.813785
0.814261
0.814737
0.815211
0.815685
0.816157
0.816628
0.817098
0.817566
0.818034
0.818501
0.818966
0.819431
0.819894
0.820356
0.820818
0.821278
0.821737
0.822195
0.822651
0.823107
0.823562
0.824016
0.824468
0.824920
0.825370
0.825820
0.826268
0.826716
0.827162
0.827608
0.828052
0.828495
0.828937
0.829379
0.829819
0.830258
0.830696
0.831133
0.831570
0.832005
0.832439
0.832872
0.833305
0.833736
0.834166
0.834595
0.835024
0.835451
0.835877
0.836303
0.836727
0.837150
0.837573
0.837995
