0.010375
0.022127
0.034377
0.047705
0.063716
0.072846
0.085205
0.104958
0.133867
0.168988
0.203933
0.232830
0.253104
0.265486
0.272371
0.276196
0.278662
0.280678
0.282612
0.284561
0.286529
0.288498
0.290463
0.292422
0.294375
0.296322
0.298263
0.300199
0.302130
0.304054
0.305973
0.307887
0.309796
0.311698
0.313596
0.315488
0.317375
0.319257
0.321133
0.323059
0.324787
0.326498
0.328203
0.329903
0.331599
0.333290
0.334977
0.336660
0.338338
0.340013
0.341682
0.343348
0.345010
0.346667
0.348320
0.349968
0.351613
0.353253
0.354890
0.356522
0.358149
0.359773
0.361393
0.363008
0.364620
0.366227
0.367830
0.369429
0.371024
0.372615
0.374202
0.375785
0.377364
0.378939
0.380510
0.382076
0.383639
0.385198
0.386753
0.388304
0.389851
0.391394
0.392934
0.394469
0.396000
0.397528
0.399051
0.400571
0.402087
0.403599
0.405107
0.406612
0.408112
0.409609
0.411102
0.412591
0.414076
0.415558
0.417036
0.418510
0.419980
0.421447
0.422910
0.424369
0.425824
0.427276
0.428724
0.430169
0.431610
0.433047
0.434480
0.435910
0.437336
0.438759
0.440178
0.441593
0.443005
0.444413
0.445818
0.447219
0.448617
0.450011
0.451402
0.452789
0.454172
0.455552
0.456929
0.458302
0.459671
0.461037
0.462400
0.463759
0.465115
0.466467
0.467816
0.469162
0.470504
0.471843
0.473178
0.474510
0.475839
0.477164
0.478486
0.479805
0.481120
0.482432
0.483741
0.485046
0.486348
0.487647
0.488942
0.490235
0.491524
0.492810
0.494092
0.495371
0.496648
0.497920
0.499190
0.500457
0.501720
0.502980
0.504237
0.505491
0.506742
0.507989
0.509234
0.510475
0.511713
0.512948
0.514180
0.515409
0.516635
0.517858
0.519078
0.520294
0.521508
0.522719
0.523926
0.525131
0.526332
0.527531
0.528726
0.529919
0.531108
0.532295
0.533479
0.534660
0.535837
0.537012
0.538184
0.539353
0.540519
0.541682
0.542843
0.544000
0.545155
0.546306
0.547455
0.548601
0.549744
0.550885
0.552022
0.553157
0.554289
0.555418
0.556544
0.557668
0.558788
0.559906
0.561021
0.562134
0.563244
0.564351
0.565455
0.566556
0.567655
0.568751
0.569845
0.570935
0.572023
0.573109
0.574192
0.575272
0.576349
0.577424
0.578496
0.579565
0.580632
0.581697
0.582758
0.583817
0.584874
0.585928
0.586979
0.588028
0.589074
0.590118
0.591159
0.592198
0.593234
0.594268
0.595299
0.596327
0.597353
0.598377
0.599398
0.600417
0.601433
0.602447
0.603458
0.604467
0.605473
0.606478
0.607479
0.608478
0.609475
0.610470
0.611462
0.612451
0.613439
0.614424
0.615406
0.616386
0.617364
0.618340
0.619313
0.620284
0.621253
0.622219
0.623183
0.624145
0.625104
0.626061
0.627016
0.627969
0.628919
0.629867
0.630813
0.631757
0.632698
0.633638
0.634575
0.635509
0.636442
0.637373
0.638301
0.639227
0.640151
0.641073
0.641992
0.642910
0.643825
0.644738
0.645650
0.646559
0.647465
0.648370
0.649273
0.650174
0.651072
0.651969
0.652863
0.653755
0.654646
0.655534
0.656420
0.657304
0.658186
0.659067
0.659945
0.660821
0.661695
0.662567
0.663437
0.664305
0.665172
0.666036
0.666898
0.667759
0.668617
0.669474
0.670328
0.671181
0.672032
0.672880
0.673727
0.674572
0.675416
0.676257
0.677096
0.677934
0.678769
0.679603
0.680435
0.681265
0.682094
0.682920
0.683745
0.684568
0.685389
0.686208
0.687025
0.687841
0.688655
0.689467
0.690277
0.691086
0.691893
0.692698
0.693501
0.694303
0.695103
0.695901
0.696697
0.697492
0.698285
0.699076
0.699866
0.700654
0.701440
0.702225
0.703008
0.703789
0.704569
0.705347
0.706123
0.706898
0.707671
0.708442
0.709212
0.709980
0.710747
0.711512
0.712275
0.713037
0.713798
0.714556
0.715313
0.716069
0.716823
0.717576
0.718326
0.719076
0.719824
0.720570
0.721315
0.722058
0.722800
0.723540
0.724279
0.725016
0.725752
0.726486
0.727219
0.727951
0.728681
0.729409
0.730136
0.730862
0.731586
0.732309
0.733030
0.733750
0.734468
0.735185
0.735901
0.736615
0.737328
0.738039
0.738749
0.739458
0.740165
0.740871
0.741576
0.742279
0.742981
0.743681
0.744381
0.745078
0.745775
0.746470
0.747164
0.747856
0.748548
0.749238
0.749926
0.750614
0.751300
0.751984
0.752668
0.753350
0.754031
0.754711
0.755389
0.756066
0.756742
0.757417
0.758090
0.758762
0.759433
0.760103
0.760772
0.761439
0.762105
0.762770
0.763434
0.764096
0.764757
0.765418
0.766076
0.766734
0.767391
0.768046
0.768700
0.769354
0.770005
0.770656
0.771306
0.771954
0.772602
0.773248
0.773893
0.774537
0.775180
0.775821
0.776462
0.777102
0.777740
0.778377
0.779013
0.779649
0.780283
0.780916
0.781547
0.782178
0.782808
0.783437
0.784064
0.784691
0.785316
0.785941
0.786564
0.787186
0.787807
0.788428
0.789047
0.789665
0.790282
0.790898
0.791513
0.792128
0.792741
0.793353
0.793964
0.794574
0.795183
0.795791
0.796398
0.797004
0.797609
0.798213
0.798817
0.799419
0.800020
0.800620
0.801219
0.801818
0.802415
0.803012
0.803607
0.804201
0.804795
0.805388
0.805979
0.806570
0.807160
0.807749
0.808337
0.808924
0.809510
0.810095
0.810679
0.811262
0.811845
0.812426
0.813007
0.813587
0.814165
0.814743
0.815320
0.815896
0.816472
0.817046
0.817619
0.818192
0.818763
0.819334
0.819904
0.820473
0.821041
0.821608
0.822175
0.822740
0.823305
0.823869
0.824432
0.824994
0.825555
0.826115
0.826675
0.827234
0.827791
0.828348
0.828904
0.829460
0.830014
0.830568
0.831120
0.831672
0.832223
0.832773
0.833323
0.833871
0.834419
0.834966
0.835512
0.836057
0.836601
0.837145
0.837688
0.838230
0.838771
0.839311
0.839850
0.840389
0.840927
0.841464
0.842000
0.842535
0.843070
0.843604
0.844137
0.844669
0.845200
0.845731
0.846260
0.846789
0.847317
0.847844
0.848371
0.848897
0.849421
0.849945
0.850469
0.850991
0.851513
0.852034
0.852554
0.853073
