0.017249
0.036718
0.056905
0.078280
0.101372
0.126910
0.155878
0.189952
0.231694
0.279998
0.317975
0.315022
0.291753
0.281573
0.282355
0.284373
0.286405
0.288435
0.290463
0.292490
0.294514
0.296538
0.298559
0.300579
0.302598
0.304615
0.306632
0.308647
0.310661
0.312675
0.314688
0.316700
0.318713
0.320725
0.322737
0.324749
0.326762
0.328775
0.330788
0.332830
0.334662
0.336511
0.338364
0.340219
0.342075
0.343934
0.345796
0.347660
0.349526
0.351395
0.353267
0.355141
0.357019
0.358899
0.360783
0.362669
0.364560
0.366453
0.368350
0.370251
0.372155
0.374064
0.375976
0.377892
0.379812
0.381736
0.383665
0.385598
0.387536
0.389478
0.391424
0.393375
0.395332
0.397292
0.399258
0.401229
0.403205
0.405186
0.407172
0.409163
0.411160
0.413162
0.415170
0.417183
0.419201
0.421226
0.423255
0.425291
0.427332
0.429379
0.431432
0.433491
0.435556
0.437626
0.439703
0.441786
0.443874
0.445969
0.448070
0.450176
0.452289
0.454408
0.456533
0.458664
0.460802
0.462945
0.465095
0.467250
0.469412
0.471580
0.473754
0.475934
0.478120
0.480312
0.482510
0.484714
0.486924
0.489140
0.491362
0.493590
0.495823
0.498062
0.500307
0.502558
0.504814
0.507076
0.509343
0.511616
0.513894
0.516177
0.518466
0.520759
0.523058
0.525362
0.527671
0.529985
0.532303
0.534626
0.536954
0.539286
0.541623
0.543964
0.546309
0.548658
0.551012
0.553369
0.555730
0.558095
0.560464
0.562836
0.565211
0.567590
0.569971
0.572356
0.574744
0.577134
0.579527
0.581923
0.584321
0.586721
0.589124
0.591528
0.593934
0.596342
0.598752
0.601163
0.603576
0.605989
0.608404
0.610820
0.613236
0.615653
0.618070
0.620488
0.622906
0.625324
0.627742
0.630159
0.632576
0.634993
0.637409
0.639824
0.642237
0.644650
0.647062
0.649472
0.651880
0.654286
0.656691
0.659093
0.661493
0.663891
0.666286
0.668679
0.671069
0.673455
0.675839
0.678219
0.680595
0.682968
0.685338
0.687703
0.690064
0.692421
0.694774
0.697122
0.699465
0.701804
0.704137
0.706466
0.708789
0.711107
0.713419
0.715726
0.718027
0.720321
0.722610
0.724892
0.727169
0.729438
0.731701
0.733957
0.736206
0.738449
0.740684
0.742911
0.745131
0.747344
0.749549
0.751746
0.753936
0.756117
0.758290
0.760455
0.762612
0.764760
0.766899
0.769030
0.771152
0.773264
0.775368
0.777463
0.779549
0.781625
0.783691
0.785749
0.787796
0.789834
0.791862
0.793880
0.795889
0.797887
0.799875
0.801852
0.803820
0.805777
0.807723
0.809660
0.811585
0.813500
0.815404
0.817297
0.819179
0.821051
0.822911
0.824761
0.826599
0.828426
0.830242
0.832046
0.833840
0.835621
0.837392
0.839151
0.840899
0.842635
0.844359
0.846072
0.847773
0.849463
0.851140
0.852807
0.854461
0.856103
0.857734
0.859353
0.860960
0.862555
0.864139
0.865710
0.867270
0.868817
0.870353
0.871877
0.873388
0.874888
0.876376
0.877852
0.879316
0.880768
0.882209
0.883637
0.885053
0.886458
0.887850
0.889231
0.890599
0.891956
0.893301
0.894635
0.895956
0.897266
0.898563
0.899850
0.901124
0.902387
0.903638
0.904877
0.906105
0.907321
0.908526
0.909719
0.910901
0.912071
0.913230
0.914377
0.915514
0.916638
0.917752
0.918855
0.919946
0.921026
0.922095
0.923154
0.924201
0.925237
0.926262
0.927277
0.928281
0.929274
0.930256
0.931228
0.932190
0.933140
0.934081
0.935011
0.935930
0.936840
0.937739
0.938628
0.939507
0.940376
0.941234
0.942083
0.942923
0.943752
0.944572
0.945382
0.946182
0.946973
0.947754
0.948526
0.949289
0.950042
0.950787
0.951522
0.952248
0.952965
0.953673
0.954372
0.955063
0.955744
0.956417
0.957082
0.957738
0.958385
0.959024
0.959655
0.960278
0.960892
0.961499
0.962097
0.962687
0.963270
0.963844
0.964411
0.964970
0.965522
0.966066
0.966603
0.967132
0.967654
0.968168
0.968676
0.969176
0.969670
0.970156
0.970635
0.971108
0.971574
0.972033
0.972485
0.972931
0.973370
0.973803
0.974230
0.974650
0.975064
0.975472
0.975874
0.976270
0.976660
0.977044
0.977422
0.977794
0.978161
0.978522
0.978878
0.979228
0.979572
0.979912
0.980246
0.980574
0.980898
0.981216
0.981529
0.981838
0.982141
0.982440
0.982733
0.983022
0.983307
0.983586
0.983861
0.984132
0.984398
0.984660
0.984917
0.985170
0.985419
0.985664
0.985904
0.986141
0.986373
0.986601
0.986826
0.987047
0.987264
0.987477
0.987687
0.987892
0.988095
0.988293
0.988489
0.988681
0.988869
0.989054
0.989236
0.989414
0.989590
0.989762
0.989931
0.990097
0.990260
0.990420
0.990577
0.990732
0.990883
0.991032
0.991178
0.991321
0.991461
0.991599
0.991734
0.991867
0.991997
0.992125
0.992251
0.992374
0.992494
0.992612
0.992728
0.992842
0.992954
0.993063
0.993171
0.993276
0.993379
0.993480
0.993579
0.993676
0.993771
0.993865
0.993956
0.994046
0.994134
0.994220
0.994304
0.994387
0.994468
0.994547
0.994625
0.994701
0.994775
0.994848
0.994920
0.994990
0.995058
0.995125
0.995191
0.995256
0.995319
0.995380
0.995441
0.995500
0.995557
0.995614
0.995669
0.995724
0.995777
0.995828
0.995879
0.995929
0.995977
0.996025
0.996071
0.996117
0.996161
0.996205
0.996247
0.996289
0.996329
0.996369
0.996408
0.996446
0.996483
0.996519
0.996555
0.996589
0.996623
0.996656
0.996689
0.996720
0.996751
0.996781
0.996811
0.996839
0.996868
0.996895
0.996922
0.996948
0.996974
0.996999
0.997023
0.997047
0.997070
0.997093
0.997115
0.997136
0.997157
0.997178
0.997198
0.997218
0.997237
0.997256
0.997274
0.997291
0.997309
0.997326
0.997342
0.997358
0.997374
0.997389
0.997404
0.997419
0.997433
0.997447
0.997460
0.997473
0.997486
0.997499
0.997511
0.997523
0.997534
0.997545
0.997556
0.997567
0.997578
0.997588
0.997598
0.997607
0.997617
0.997626
0.997635
0.997643
0.997652
0.997660
0.997668
0.997676
0.997683
