0.009974
0.021356
0.033567
0.048689
0.056062
0.063116
0.070847
0.079389
0.088905
0.099582
0.111664
0.125485
0.141520
0.160471
0.183398
0.211726
0.246151
0.283347
0.311977
0.316628
0.299341
0.285622
0.284224
0.286096
0.288135
0.290175
0.292215
0.294255
0.296295
0.298334
0.300373
0.302412
0.304450
0.306489
0.308527
0.310566
0.312604
0.314643
0.316682
0.318753
0.320610
0.322482
0.324358
0.326235
0.328114
0.329995
0.331879
0.333764
0.335652
0.337542
0.339434
0.341329
0.343227
0.345127
0.347030
0.348937
0.350846
0.352758
0.354673
0.356592
0.358514
0.360440
0.362369
0.364301
0.366238
0.368178
0.370122
0.372070
0.374022
0.375978
0.377938
0.379902
0.381871
0.383844
0.385821
0.387803
0.389789
0.391780
0.393776
0.395776
0.397781
0.399791
0.401805
0.403825
0.405849
0.407878
0.409912
0.411951
0.413996
0.416045
0.418099
0.420158
0.422222
0.424292
0.426366
0.428446
0.430531
0.432620
0.434715
0.436815
0.438921
0.441031
0.443146
0.445266
0.447392
0.449522
0.451658
0.453798
0.455944
0.458094
0.460249
0.462409
0.464574
0.466744
0.468918
0.471097
0.473281
0.475469
0.477662
0.479859
0.482060
0.484266
0.486477
0.488691
0.490909
0.493132
0.495359
0.497589
0.499824
0.502062
0.504304
0.506549
0.508798
0.511050
0.513306
0.515565
0.517827
0.520092
0.522360
0.524631
0.526905
0.529181
0.531460
0.533741
0.536025
0.538311
0.540599
0.542889
0.545181
0.547475
0.549770
0.552067
0.554366
0.556665
0.558966
0.561268
0.563571
0.565875
0.568180
0.570485
0.572791
0.575097
0.577404
0.579710
0.582017
0.584323
0.586629
0.588935
0.591240
0.593545
0.595848
0.598151
0.600453
0.602754
0.605054
0.607352
0.609648
0.611943
0.614237
0.616528
0.618817
0.621105
0.623390
0.625672
0.627952
0.630229
0.632504
0.634776
0.637044
0.639310
0.641572
0.643831
0.646087
0.648339
0.650587
0.652831
0.655071
0.657308
0.659540
0.661768
0.663991
0.666210
0.668424
0.670633
0.672838
0.675037
0.677232
0.679421
0.681605
0.683784
0.685957
0.688125
0.690287
0.692443
0.694593
0.696737
0.698875
0.701007
0.703133
0.705252
0.707365
0.709471
0.711571
0.713664
0.715750
0.717829
0.719901
0.721966
0.724024
0.726075
0.728119
0.730155
0.732184
0.734205
0.736219
0.738225
0.740223
0.742213
0.744196
0.746170
0.748137
0.750096
0.752046
0.753988
0.755922
0.757848
0.759766
0.761675
0.763575
0.765467
0.767351
0.769225
0.771092
0.772949
0.774798
0.776638
0.778469
0.780291
0.782105
0.783909
0.785705
0.787491
0.789268
0.791037
0.792796
0.794546
0.796286
0.798018
0.799740
0.801453
0.803157
0.804852
0.806537
0.808213
0.809879
0.811536
0.813184
0.814822
0.816451
0.818070
0.819680
0.821280
0.822871
0.824452
0.826024
0.827587
0.829140
0.830683
0.832217
0.833741
0.835256
0.836761
0.838257
0.839743
0.841219
0.842686
0.844144
0.845592
0.847031
0.848460
0.849879
0.851289
0.852690
0.854081
0.855463
0.856835
0.858198
0.859551
0.860895
0.862229
0.863555
0.864871
0.866177
0.867474
0.868762
0.870041
0.871310
0.872570
0.873821
0.875063
0.876295
0.877518
0.878733
0.879938
0.881134
0.882321
0.883499
0.884668
0.885828
0.886979
0.888121
0.889254
0.890379
0.891494
0.892601
0.893699
0.894788
0.895869
0.896941
0.898004
0.899059
0.900105
0.901143
0.902172
0.903193
0.904205
0.905209
0.906204
0.907192
0.908171
0.909141
0.910104
0.911058
0.912004
0.912943
0.913873
0.914795
0.915709
0.916615
0.917513
0.918404
0.919287
0.920161
0.921029
0.921888
0.922740
0.923584
0.924421
0.925250
0.926072
0.926886
0.927693
0.928492
0.929285
0.930070
0.930847
0.931618
0.932381
0.933138
0.933887
0.934629
0.935364
0.936093
0.936814
0.937529
0.938237
0.938938
0.939632
0.940320
0.941001
0.941676
0.942344
0.943005
0.943660
0.944309
0.944951
0.945587
0.946217
0.946841
0.947458
0.948069
0.948675
0.949274
0.949867
0.950454
0.951035
0.951610
0.952180
0.952744
0.953301
0.953854
0.954400
0.954941
0.955477
0.956007
0.956531
0.957050
0.957563
0.958071
0.958574
0.959072
0.959564
0.960051
0.960533
0.961010
0.961482
0.961948
0.962410
0.962867
0.963319
0.963766
0.964208
0.964645
0.965078
0.965506
0.965929
0.966348
0.966762
0.967171
0.967576
0.967977
0.968373
0.968765
0.969152
0.969535
0.969914
0.970288
0.970658
0.971024
0.971386
0.971744
0.972098
0.972448
0.972794
0.973135
0.973473
0.973807
0.974138
0.974464
0.974787
0.975106
0.975421
0.975732
0.976040
0.976345
0.976645
0.976943
0.977236
0.977527
0.977814
0.978097
0.978377
0.978654
0.978927
0.979198
0.979465
0.979728
0.979989
0.980247
0.980501
0.980752
0.981000
0.981246
0.981488
0.981727
0.981964
0.982197
0.982428
0.982656
0.982881
0.983103
0.983322
0.983539
0.983753
0.983964
0.984173
0.984379
0.984583
0.984784
0.984982
0.985178
0.985372
0.985563
0.985752
0.985938
0.986122
0.986303
0.986483
0.986660
0.986834
0.987007
0.987177
0.987345
0.987511
0.987674
0.987836
0.987995
0.988153
0.988308
0.988462
0.988613
0.988762
0.988910
0.989055
0.989198
0.989340
0.989480
0.989618
0.989754
0.989888
0.990021
0.990151
0.990280
0.990407
0.990533
0.990657
0.990779
0.990899
0.991018
0.991135
0.991251
0.991365
0.991478
0.991589
0.991698
0.991806
0.991913
0.992018
0.992121
0.992223
0.992324
0.992424
0.992522
0.992618
0.992713
0.992807
0.992900
0.992991
0.993081
0.993170
0.993258
0.993344
0.993429
0.993513
0.993596
0.993677
0.993758
0.993837
0.993915
0.993992
0.994068
0.994143
0.994216
0.994289
0.994361
0.994431
0.994501
0.994569
0.994637
0.994703
0.994769
0.994834
0.994897
0.994960
0.995022
0.995083
0.995143
0.995202
0.995260
0.995318
0.995374
0.995430
0.995485
0.995539
0.995593
0.995645
0.995697
0.995748
0.995798
0.995847
