0.009966
0.021340
0.033544
0.048656
0.056028
0.063072
0.070791
0.079322
0.088826
0.099492
0.111561
0.125366
0.141359
0.160178
0.182761
0.210561
0.245039
0.284773
0.319450
0.328798
0.307995
0.288473
0.285525
0.287350
0.289430
0.291515
0.293602
0.295692
0.297784
0.299877
0.301973
0.304071
0.306170
0.308272
0.310375
0.312481
0.314590
0.316701
0.318814
0.320961
0.322892
0.324842
0.326799
0.328759
0.330725
0.332694
0.334669
0.336648
0.338631
0.340620
0.342614
0.344613
0.346618
0.348627
0.350642
0.352663
0.354690
0.356722
0.358760
0.360805
0.362855
0.364912
0.366975
0.369044
0.371120
0.373202
0.375291
0.377387
0.379489
0.381598
0.383714
0.385838
0.387968
0.390105
0.392249
0.394401
0.396560
0.398726
0.400899
0.403080
0.405268
0.407463
0.409666
0.411876
0.414094
0.416319
0.418551
0.420791
0.423039
0.425294
0.427556
0.429826
0.432103
0.434387
0.436679
0.438978
0.441284
0.443598
0.445919
0.448247
0.450581
0.452923
0.455272
0.457628
0.459991
0.462361
0.464737
0.467119
0.469509
0.471905
0.474307
0.476715
0.479130
0.481550
0.483977
0.486409
0.488848
0.491291
0.493741
0.496196
0.498656
0.501121
0.503591
0.506066
0.508546
0.511031
0.513520
0.516013
0.518511
0.521012
0.523518
0.526027
0.528540
0.531057
0.533577
0.536099
0.538625
0.541154
0.543685
0.546219
0.548756
0.551294
0.553834
0.556377
0.558921
0.561466
0.564013
0.566560
0.569109
0.571659
0.574209
0.576760
0.579311
0.581862
0.584413
0.586963
0.589514
0.592063
0.594612
0.597160
0.599707
0.602252
0.604796
0.607338
0.609878
0.612416
0.614952
0.617486
0.620017
0.622545
0.625070
0.627592
0.630111
0.632627
0.635139
0.637647
0.640151
0.642651
0.645147
0.647638
0.650125
0.652607
0.655084
0.657555
0.660022
0.662483
0.664939
0.667389
0.669833
0.672271
0.674703
0.677128
0.679547
0.681960
0.684365
0.686764
0.689156
0.691540
0.693918
0.696287
0.698650
0.701004
0.703351
0.705690
0.708021
0.710343
0.712657
0.714963
0.717260
0.719549
0.721829
0.724100
0.726362
0.728615
0.730859
0.733093
0.735318
0.737534
0.739740
0.741936
0.744123
0.746300
0.748467
0.750624
0.752771
0.754907
0.757034
0.759150
0.761255
0.763351
0.765435
0.767510
0.769573
0.771626
0.773668
0.775699
0.777719
0.779729
0.781727
0.783714
0.785691
0.787656
0.789610
0.791553
0.793484
0.795404
0.797313
0.799210
0.801097
0.802971
0.804834
0.806686
0.808526
0.810355
0.812172
0.813978
0.815772
0.817554
0.819325
0.821084
0.822832
0.824567
0.826292
0.828004
0.829705
0.831394
0.833072
0.834738
0.836392
0.838034
0.839665
0.841284
0.842892
0.844488
0.846072
0.847645
0.849206
0.850755
0.852293
0.853820
0.855334
0.856838
0.858330
0.859810
0.861279
0.862736
0.864182
0.865617
0.867040
0.868452
0.869853
0.871242
0.872620
0.873987
0.875343
0.876687
0.878021
0.879343
0.880655
0.881955
0.883245
0.884523
0.885791
0.887048
0.888294
0.889529
0.890754
0.891968
0.893171
0.894364
0.895546
0.896718
0.897880
0.899031
0.900171
0.901301
0.902422
0.903531
0.904631
0.905721
0.906800
0.907870
0.908930
0.909980
0.911020
0.912050
0.913070
0.914081
0.915082
0.916074
0.917056
0.918029
0.918992
0.919946
0.920891
0.921826
0.922752
0.923670
0.924578
0.925477
0.926367
0.927248
0.928121
0.928984
0.929839
0.930686
0.931524
0.932353
0.933174
0.933986
0.934790
0.935586
0.936373
0.937152
0.937923
0.938686
0.939441
0.940189
0.940928
0.941659
0.942383
0.943099
0.943807
0.944508
0.945201
0.945886
0.946565
0.947235
0.947899
0.948555
0.949204
0.949846
0.950481
0.951109
0.951730
0.952344
0.952952
0.953552
0.954146
0.954733
0.955313
0.955887
0.956455
0.957016
0.957570
0.958118
0.958660
0.959196
0.959726
0.960249
0.960766
0.961278
0.961783
0.962283
0.962776
0.963264
0.963747
0.964223
0.964694
0.965159
0.965619
0.966073
0.966522
0.966966
0.967404
0.967837
0.968265
0.968687
0.969105
0.969517
0.969925
0.970327
0.970724
0.971117
0.971505
0.971888
0.972266
0.972640
0.973009
0.973373
0.973733
0.974089
0.974439
0.974786
0.975128
0.975466
0.975800
0.976129
0.976454
0.976776
0.977093
0.977405
0.977714
0.978019
0.978321
0.978618
0.978911
0.979201
0.979487
0.979769
0.980047
0.980322
0.980593
0.980861
0.981125
0.981386
0.981643
0.981897
0.982148
0.982395
0.982639
0.982880
0.983117
0.983351
0.983583
0.983811
0.984036
0.984258
0.984477
0.984693
0.984906
0.985116
0.985324
0.985528
0.985730
0.985929
0.986125
0.986319
0.986510
0.986698
0.986884
0.987067
0.987247
0.987425
0.987601
0.987774
0.987945
0.988113
0.988279
0.988443
0.988604
0.988763
0.988920
0.989075
0.989227
0.989377
0.989525
0.989671
0.989815
0.989957
0.990097
0.990235
0.990371
0.990505
0.990637
0.990767
0.990895
0.991021
0.991146
0.991268
0.991389
0.991508
0.991626
0.991741
0.991855
0.991968
0.992078
0.992187
0.992295
0.992400
0.992505
0.992607
0.992709
0.992808
0.992906
0.993003
0.993098
0.993192
0.993285
0.993376
0.993465
0.993553
0.993640
0.993726
0.993810
0.993893
0.993975
0.994056
0.994135
0.994213
0.994290
0.994366
0.994440
0.994514
0.994586
0.994657
0.994727
0.994796
0.994864
0.994931
0.994997
0.995061
0.995125
0.995188
0.995250
0.995310
0.995370
0.995429
0.995487
0.995544
0.995600
0.995656
0.995710
0.995764
0.995816
0.995868
0.995919
0.995969
0.996019
0.996067
0.996115
0.996162
0.996208
0.996254
0.996299
0.996343
0.996386
0.996429
0.996471
0.996512
0.996553
0.996593
0.996632
0.996670
0.996708
0.996746
0.996783
0.996819
0.996854
0.996889
0.996924
0.996958
0.996991
0.997023
0.997056
0.997087
0.997118
0.997149
0.997179
0.997209
0.997238
0.997266
0.997294
0.997322
0.997349
0.997376
0.997402
0.997428
0.997453
0.997478
