0.011622
0.016701
0.021482
0.026152
0.030836
0.035636
0.040643
0.045948
0.051625
0.057765
0.064475
0.071878
0.080120
0.089364
0.099833
0.111826
0.125734
0.142055
0.161525
0.185305
0.215232
0.254353
0.308084
0.386818
0.506924
0.647276
0.721996
0.738736
0.743448
0.747592
0.751827
0.756137
0.760506
0.764919
0.769365
0.773833
0.778317
0.782808
0.787302
0.791957
0.796379
0.800795
0.805200
0.809587
0.813954
0.818296
0.822610
0.826892
0.831139
0.835349
0.839518
0.843643
0.847723
0.851754
0.855735
0.859664
0.863538
0.867357
0.871117
0.874819
0.878460
0.882039
0.885555
0.889007
0.892394
0.895716
0.898971
0.902160
0.905281
0.908335
0.911321
0.914240
0.917090
0.919873
0.922588
0.925236
0.927816
0.930330
0.932778
0.935160
0.937477
0.939729
0.941918
0.944043
0.946107
0.948109
0.950051
0.951933
0.953757
0.955523
0.957233
0.958887
0.960487
0.962034
0.963529
0.964973
0.966367
0.967712
0.969010
0.970261
0.971468
0.972630
0.973749
0.974826
0.975863
0.976861
0.977820
0.978742
0.979627
0.980478
0.981295
0.982079
0.982831
0.983552
0.984243
0.984906
0.985541
0.986149
0.986731
0.987288
0.987821
0.988331
0.988818
0.989284
0.989729
0.990154
0.990560
0.990948
0.991318
0.991670
0.992007
0.992328
0.992633
0.992925
0.993202
0.993467
0.993718
0.993958
0.994186
0.994403
0.994609
0.994805
0.994992
0.995169
0.995337
0.995497
0.995649
0.995793
0.995930
0.996060
0.996184
0.996301
0.996412
0.996517
0.996617
0.996711
0.996801
0.996886
0.996966
0.997043
0.997115
0.997183
0.997248
0.997309
0.997367
0.997422
0.997474
0.997523
0.997570
0.997614
0.997656
0.997695
0.997732
0.997768
0.997801
0.997832
0.997862
0.997890
0.997917
0.997942
0.997966
0.997988
0.998009
0.998029
0.998048
0.998066
0.998083
0.998099
0.998114
0.998129
0.998142
0.998155
0.998167
0.998178
0.998189
0.998199
0.998209
0.998218
0.998227
0.998235
0.998242
0.998250
0.998257
0.998263
0.998269
0.998275
0.998280
0.998286
0.998291
0.998295
0.998300
0.998304
0.998308
0.998311
0.998315
0.998318
0.998321
0.998324
0.998327
0.998330
0.998333
0.998335
0.998337
0.998339
0.998342
0.998343
0.998345
0.998347
0.998349
0.998350
0.998352
0.998353
0.998355
0.998356
0.998357
0.998358
0.998359
0.998361
0.998362
0.998363
0.998363
0.998364
0.998365
0.998366
0.998367
0.998367
0.998368
0.998369
0.998369
0.998370
0.998370
0.998371
0.998372
0.998372
0.998373
0.998373
0.998373
0.998374
0.998374
0.998375
0.998375
0.998375
0.998376
0.998376
0.998376
0.998377
0.998377
0.998377
0.998377
0.998378
0.998378
0.998378
0.998378
0.998379
0.998379
0.998379
0.998379
0.998379
0.998379
0.998380
0.998380
0.998380
0.998380
0.998380
0.998380
0.998381
0.998381
0.998381
0.998381
0.998381
0.998381
0.998381
0.998381
0.998381
0.998382
0.998382
0.998382
0.998382
0.998382
0.998382
0.998382
0.998382
0.998382
0.998382
0.998382
0.998382
0.998383
0.998383
0.998383
0.998383
0.998383
0.998383
0.998383
0.998383
0.998383
0.998383
0.998383
0.998383
0.998383
0.998383
0.998383
0.998383
0.998383
0.998383
0.998383
0.998383
0.998384
0.998384
0.998384
0.998384
0.998384
0.998384
0.998384
0.998384
0.998384
0.998384
0.998384
0.998384
0.998384
0.998384
0.998384
0.998384
0.998384
0.998384
0.998384
0.998384
0.998384
0.998384
0.998384
0.998384
0.998384
0.998384
0.998384
0.998384
0.998384
0.998384
0.998384
0.998384
0.998384
0.998384
0.998384
0.998384
0.998384
0.998384
0.998384
0.998384
0.998384
0.998384
0.998385
0.998385
0.998385
0.998385
0.998385
0.998385
0.998385
0.998385
0.998385
0.998385
0.998385
0.998385
0.998385
0.998385
0.998385
0.998385
0.998385
0.998385
0.998385
0.998385
0.998385
0.998385
0.998385
0.998385
0.998385
0.998385
0.998385
0.998385
0.998385
0.998385
0.998385
0.998385
0.998385
0.998385
0.998385
0.998385
0.998385
0.998385
0.998385
0.998385
0.998385
0.998385
0.998385
0.998385
0.998385
0.998385
0.998385
0.998385
0.998385
0.998385
0.998385
0.998385
0.998385
0.998385
0.998385
0.998385
0.998385
0.998385
0.998385
0.998385
0.998385
0.998385
0.998385
0.998385
0.998385
0.998385
0.998385
0.998385
0.998385
0.998385
0.998385
0.998385
0.998385
0.998385
0.998385
0.998385
0.998385
0.998385
0.998385
0.998385
0.998385
0.998385
0.998385
0.998385
0.998385
0.998385
0.998385
0.998385
0.998385
0.998385
0.998385
0.998385
0.998385
0.998385
0.998385
0.998385
0.998385
0.998385
0.998385
0.998385
0.998385
0.998385
0.998385
0.998385
0.998385
0.998385
0.998385
0.998385
0.998385
0.998385
0.998385
0.998385
0.998385
0.998385
0.998385
0.998385
0.998385
0.998385
0.998385
0.998385
0.998385
0.998385
0.998385
0.998385
0.998385
0.998385
0.998385
0.998385
0.998385
0.998385
0.998385
0.998385
0.998385
0.998385
0.998385
0.998385
0.998385
0.998385
0.998385
0.998385
0.998385
0.998385
0.998385
0.998385
0.998385
0.998385
0.998385
0.998385
0.998385
0.998385
0.998385
0.998385
0.998385
0.998385
0.998385
0.998385
0.998385
0.998385
0.998385
0.998385
0.998385
0.998385
0.998385
0.998385
0.998385
0.998385
0.998385
0.998385
0.998385
0.998385
0.998385
0.998385
0.998385
0.998385
0.998385
0.998385
0.998385
0.998385
0.998385
0.998385
0.998385
0.998385
0.998385
0.998385
0.998385
0.998385
0.998385
0.998385
0.998385
0.998385
0.998385
0.998385
0.998385
0.998385
0.998385
0.998385
0.998385
0.998385
0.998385
0.998385
0.998385
0.998385
0.998385
0.998385
0.998385
0.998385
0.998385
0.998385
0.998385
0.998385
0.998385
0.998385
0.998385
0.998385
0.998385
0.998385
0.998385
0.998385
0.998385
0.998385
0.998385
0.998385
0.998385
0.998385
0.998385
0.998385
0.998385
0.998385
0.998385
0.998385
0.998385
0.998385
