0.032548
0.070057
0.110791
0.157391
0.212841
0.265839
0.274657
0.245530
0.235316
0.242657
0.251042
0.259216
0.267350
0.275711
0.285228
0.293338
0.295970
0.298063
0.300155
0.302248
0.304342
0.306437
0.308533
0.310631
0.312730
0.314831
0.316934
0.319039
0.321146
0.323256
0.325368
0.327483
0.329601
0.331723
0.333848
0.335977
0.338109
0.340246
0.342387
0.344560
0.346520
0.348506
0.350499
0.352498
0.354504
0.356516
0.358534
0.360560
0.362592
0.364631
0.366678
0.368731
0.370792
0.372861
0.374937
0.377021
0.379112
0.381212
0.383320
0.385436
0.387561
0.389694
0.391835
0.393985
0.396144
0.398312
0.400488
0.402674
0.404869
0.407073
0.409286
0.411509
0.413741
0.415983
0.418234
0.420495
0.422766
0.425046
0.427336
0.429636
0.431946
0.434266
0.436596
0.438936
0.441285
0.443645
0.446015
0.448395
0.450785
0.453185
0.455595
0.458015
0.460445
0.462885
0.465336
0.467796
0.470266
0.472746
0.475236
0.477735
0.480245
0.482764
0.485293
0.487831
0.490379
0.492937
0.495503
0.498079
0.500665
0.503259
0.505863
0.508475
0.511096
0.513726
0.516364
0.519011
0.521666
0.524330
0.527001
0.529681
0.532368
0.535063
0.537765
0.540475
0.543192
0.545916
0.548646
0.551384
0.554128
0.556878
0.559635
0.562397
0.565165
0.567939
0.570719
0.573503
0.576292
0.579087
0.581885
0.584688
0.587496
0.590307
0.593122
0.595940
0.598762
0.601587
0.604414
0.607244
0.610077
0.612911
0.615747
0.618585
0.621425
0.624265
0.627107
0.629949
0.632791
0.635634
0.638476
0.641318
0.644160
0.647000
0.649840
0.652678
0.655514
0.658349
0.661181
0.664011
0.666838
0.669662
0.672483
0.675301
0.678115
0.680925
0.683731
0.686532
0.689328
0.692120
0.694906
0.697687
0.700462
0.703231
0.705994
0.708750
0.711499
0.714242
0.716977
0.719704
0.722424
0.725136
0.727840
0.730535
0.733222
0.735900
0.738568
0.741227
0.743877
0.746517
0.749146
0.751766
0.754375
0.756973
0.759560
0.762136
0.764701
0.767255
0.769796
0.772326
0.774844
0.777349
0.779842
0.782322
0.784789
0.787244
0.789685
0.792112
0.794527
0.796927
0.799314
0.801687
0.804045
0.806389
0.808719
0.811034
0.813335
0.815620
0.817891
0.820146
0.822387
0.824612
0.826821
0.829015
0.831193
0.833355
0.835502
0.837632
0.839746
0.841845
0.843926
0.845992
0.848041
0.850074
0.852090
0.854090
0.856072
0.858038
0.859988
0.861920
0.863836
0.865734
0.867616
0.869481
0.871328
0.873159
0.874973
0.876769
0.878548
0.880310
0.882055
0.883783
0.885494
0.887187
0.888864
0.890523
0.892165
0.893790
0.895398
0.896989
0.898562
0.900119
0.901659
0.903181
0.904687
0.906176
0.907648
0.909103
0.910542
0.911963
0.913368
0.914757
0.916129
0.917484
0.918823
0.920146
0.921452
0.922743
0.924017
0.925274
0.926516
0.927742
0.928953
0.930147
0.931326
0.932489
0.933637
0.934769
0.935886
0.936988
0.938075
0.939146
0.940203
0.941245
0.942273
0.943285
0.944283
0.945267
0.946237
0.947192
0.948133
0.949061
0.949974
0.950874
0.951760
0.952633
0.953492
0.954339
0.955172
0.955992
0.956799
0.957593
0.958375
0.959144
0.959901
0.960645
0.961377
0.962098
0.962806
0.963503
0.964188
0.964861
0.965523
0.966174
0.966814
0.967442
0.968060
0.968667
0.969263
0.969849
0.970424
0.970990
0.971545
0.972090
0.972625
0.973150
0.973666
0.974172
0.974669
0.975156
0.975634
0.976104
0.976564
0.977016
0.977459
0.977893
0.978319
0.978737
0.979147
0.979548
0.979942
0.980327
0.980705
0.981076
0.981439
0.981794
0.982143
0.982484
0.982818
0.983145
0.983466
0.983779
0.984086
0.984387
0.984681
0.984969
0.985251
0.985527
0.985796
0.986060
0.986318
0.986571
0.986817
0.987059
0.987295
0.987525
0.987751
0.987971
0.988187
0.988397
0.988603
0.988804
0.989000
0.989192
0.989379
0.989562
0.989741
0.989915
0.990085
0.990251
0.990413
0.990572
0.990726
0.990877
0.991024
0.991167
0.991307
0.991443
0.991576
0.991706
0.991832
0.991956
0.992076
0.992193
0.992307
0.992418
0.992526
0.992632
0.992735
0.992835
0.992932
0.993027
0.993120
0.993210
0.993297
0.993383
0.993466
0.993546
0.993625
0.993701
0.993776
0.993848
0.993918
0.993987
0.994053
0.994118
0.994181
0.994242
0.994301
0.994359
0.994415
0.994469
0.994522
0.994574
0.994624
0.994672
0.994719
0.994765
0.994809
0.994852
0.994894
0.994935
0.994974
0.995012
0.995049
0.995085
0.995120
0.995154
0.995186
0.995218
0.995249
0.995279
0.995308
0.995336
0.995363
0.995389
0.995415
0.995439
0.995463
0.995486
0.995509
0.995530
0.995551
0.995572
0.995591
0.995610
0.995629
0.995647
0.995664
0.995681
0.995697
0.995712
0.995727
0.995742
0.995756
0.995770
0.995783
0.995795
0.995808
0.995820
0.995831
0.995842
0.995853
0.995863
0.995873
0.995883
0.995892
0.995901
0.995910
0.995918
0.995926
0.995934
0.995941
0.995948
0.995955
0.995962
0.995969
0.995975
0.995981
0.995987
0.995992
0.995998
0.996003
0.996008
0.996012
0.996017
0.996022
0.996026
0.996030
0.996034
0.996038
0.996041
0.996045
0.996048
0.996052
0.996055
0.996058
0.996061
0.996063
0.996066
0.996069
0.996071
0.996074
0.996076
0.996078
0.996080
0.996082
0.996084
0.996086
0.996088
0.996090
0.996091
0.996093
0.996094
0.996096
0.996097
0.996099
0.996100
0.996101
0.996102
0.996103
0.996104
0.996105
0.996106
0.996107
0.996108
0.996109
0.996110
0.996111
0.996112
0.996112
0.996113
0.996114
0.996114
0.996115
0.996116
0.996116
0.996117
0.996117
0.996118
0.996118
0.996119
0.996119
0.996119
0.996120
0.996120
0.996121
0.996121
0.996121
0.996122
0.996122
0.996122
0.996122
0.996123
0.996123
0.996123
0.996123
0.996124
0.996124
0.996124
0.996124
0.996124
0.996125
0.996125
0.996125
0.996125
0.996125
0.996125
0.996125
0.996125
0.996126
0.996126
