0.010287
0.021942
0.034111
0.047364
0.063253
0.071620
0.080248
0.089871
0.100678
0.112920
0.126942
0.143203
0.162323
0.185197
0.213322
0.248702
0.290847
0.327871
0.333987
0.307237
0.287562
0.285737
0.287689
0.289783
0.291882
0.293984
0.296088
0.298196
0.300306
0.302419
0.304534
0.306653
0.308774
0.310898
0.313025
0.315155
0.317289
0.319426
0.321566
0.323740
0.325697
0.327677
0.329663
0.331655
0.333652
0.335655
0.337664
0.339679
0.341700
0.343727
0.345760
0.347799
0.349845
0.351898
0.353957
0.356023
0.358096
0.360177
0.362264
0.364359
0.366461
0.368571
0.370688
0.372813
0.374946
0.377087
0.379236
0.381393
0.383558
0.385731
0.387913
0.390103
0.392301
0.394508
0.396724
0.398948
0.401181
0.403422
0.405672
0.407931
0.410199
0.412476
0.414762
0.417056
0.419359
0.421671
0.423993
0.426323
0.428661
0.431009
0.433366
0.435731
0.438106
0.440489
0.442881
0.445281
0.447691
0.450109
0.452535
0.454970
0.457414
0.459865
0.462326
0.464794
0.467271
0.469756
0.472248
0.474749
0.477257
0.479774
0.482297
0.484829
0.487367
0.489913
0.492466
0.495026
0.497593
0.500167
0.502747
0.505334
0.507927
0.510526
0.513132
0.515743
0.518360
0.520982
0.523610
0.526244
0.528882
0.531525
0.534173
0.536825
0.539482
0.542143
0.544807
0.547476
0.550148
0.552824
0.555503
0.558185
0.560870
0.563557
0.566247
0.568939
0.571633
0.574329
0.577026
0.579725
0.582425
0.585126
0.587828
0.590530
0.593233
0.595936
0.598639
0.601341
0.604043
0.606744
0.609445
0.612144
0.614841
0.617538
0.620232
0.622924
0.625615
0.628302
0.630987
0.633670
0.636349
0.639025
0.641697
0.644366
0.647030
0.649691
0.652347
0.654999
0.657646
0.660288
0.662925
0.665556
0.668183
0.670803
0.673417
0.676026
0.678628
0.681223
0.683812
0.686394
0.688969
0.691537
0.694097
0.696649
0.699194
0.701731
0.704260
0.706781
0.709293
0.711797
0.714291
0.716777
0.719254
0.721722
0.724180
0.726629
0.729068
0.731497
0.733916
0.736325
0.738724
0.741113
0.743491
0.745858
0.748215
0.750561
0.752895
0.755219
0.757532
0.759833
0.762122
0.764401
0.766667
0.768922
0.771165
0.773396
0.775615
0.777822
0.780016
0.782199
0.784369
0.786526
0.788671
0.790803
0.792923
0.795030
0.797124
0.799206
0.801274
0.803329
0.805372
0.807401
0.809417
0.811420
0.813410
0.815386
0.817350
0.819299
0.821236
0.823159
0.825068
0.826964
0.828847
0.830716
0.832572
0.834414
0.836242
0.838057
0.839858
0.841646
0.843420
0.845180
0.846927
0.848660
0.850380
0.852086
0.853778
0.855457
0.857122
0.858774
0.860412
0.862036
0.863647
0.865245
0.866829
0.868399
0.869956
0.871500
0.873030
0.874547
0.876050
0.877541
0.879018
0.880481
0.881932
0.883369
0.884793
0.886205
0.887603
0.888988
0.890360
0.891719
0.893066
0.894400
0.895721
0.897029
0.898324
0.899607
0.900878
0.902136
0.903381
0.904614
0.905835
0.907044
0.908240
0.909424
0.910597
0.911757
0.912905
0.914041
0.915166
0.916279
0.917380
0.918469
0.919547
0.920614
0.921669
0.922712
0.923745
0.924766
0.925776
0.926775
0.927763
0.928740
0.929707
0.930662
0.931607
0.932541
0.933465
0.934378
0.935281
0.936173
0.937056
0.937928
0.938790
0.939642
0.940484
0.941316
0.942138
0.942951
0.943754
0.944547
0.945331
0.946106
0.946871
0.947627
0.948374
0.949112
0.949841
0.950561
0.951272
0.951974
0.952667
0.953352
0.954029
0.954696
0.955356
0.956007
0.956650
0.957284
0.957911
0.958530
0.959140
0.959743
0.960338
0.960925
0.961505
0.962077
0.962642
0.963199
0.963749
0.964291
0.964826
0.965355
0.965876
0.966390
0.966897
0.967398
0.967891
0.968378
0.968859
0.969332
0.969800
0.970261
0.970715
0.971163
0.971605
0.972041
0.972471
0.972895
0.973313
0.973725
0.974131
0.974531
0.974926
0.975315
0.975699
0.976077
0.976450
0.976817
0.977179
0.977536
0.977888
0.978234
0.978576
0.978912
0.979243
0.979570
0.979892
0.980209
0.980521
0.980829
0.981132
0.981431
0.981725
0.982015
0.982300
0.982581
0.982858
0.983131
0.983399
0.983664
0.983924
0.984180
0.984433
0.984681
0.984926
0.985167
0.985404
0.985637
0.985867
0.986093
0.986316
0.986535
0.986751
0.986963
0.987172
0.987378
0.987580
0.987780
0.987976
0.988168
0.988358
0.988545
0.988729
0.988909
0.989087
0.989262
0.989434
0.989603
0.989770
0.989934
0.990095
0.990253
0.990409
0.990562
0.990713
0.990861
0.991007
0.991150
0.991291
0.991430
0.991566
0.991700
0.991831
0.991961
0.992088
0.992213
0.992336
0.992457
0.992576
0.992693
0.992807
0.992920
0.993031
0.993140
0.993247
0.993352
0.993456
0.993557
0.993657
0.993755
0.993851
0.993946
0.994039
0.994130
0.994220
0.994308
0.994395
0.994480
0.994564
0.994646
0.994726
0.994805
0.994883
0.994959
0.995034
0.995108
0.995180
0.995251
0.995321
0.995389
0.995457
0.995522
0.995587
0.995651
0.995713
0.995774
0.995834
0.995893
0.995951
0.996008
0.996064
0.996119
0.996172
0.996225
0.996277
0.996328
0.996377
0.996426
0.996474
0.996521
0.996567
0.996613
0.996657
0.996701
0.996743
0.996785
0.996826
0.996867
0.996906
0.996945
0.996983
0.997021
0.997057
0.997093
0.997128
0.997163
0.997197
0.997230
0.997262
0.997294
0.997325
0.997356
0.997386
0.997416
0.997444
0.997473
0.997500
0.997528
0.997554
0.997580
0.997606
0.997631
0.997656
0.997680
0.997703
0.997726
0.997749
0.997771
0.997793
0.997814
0.997835
0.997856
0.997876
0.997895
0.997915
0.997933
0.997952
0.997970
0.997988
0.998005
0.998022
0.998039
0.998055
0.998071
0.998086
0.998102
0.998117
0.998131
0.998146
0.998160
0.998174
0.998187
0.998200
0.998213
0.998226
0.998238
0.998250
0.998262
0.998274
0.998285
0.998296
0.998307
0.998318
0.998328
0.998338
0.998348
0.998358
0.998367
0.998377
0.998386
