0.040455
0.087772
0.140843
0.204214
0.273089
0.286326
0.235690
0.222107
0.231455
0.240935
0.249924
0.258536
0.266906
0.275201
0.283651
0.292958
0.302365
0.306024
0.308341
0.310651
0.312969
0.315296
0.317631
0.319975
0.322328
0.324690
0.327062
0.329443
0.331835
0.334236
0.336649
0.339072
0.341506
0.343951
0.346408
0.348877
0.351358
0.353851
0.356357
0.358911
0.361245
0.363615
0.366002
0.368403
0.370820
0.373252
0.375700
0.378164
0.380643
0.383139
0.385650
0.388178
0.390721
0.393282
0.395858
0.398451
0.401061
0.403688
0.406331
0.408991
0.411668
0.414362
0.417073
0.419801
0.422546
0.425308
0.428087
0.430883
0.433696
0.436525
0.439372
0.442236
0.445116
0.448013
0.450927
0.453857
0.456804
0.459767
0.462747
0.465742
0.468754
0.471781
0.474824
0.477883
0.480957
0.484046
0.487150
0.490269
0.493403
0.496551
0.499713
0.502889
0.506079
0.509282
0.512498
0.515727
0.518969
0.522223
0.525489
0.528766
0.532056
0.535356
0.538667
0.541988
0.545320
0.548661
0.552011
0.555371
0.558739
0.562116
0.565500
0.568892
0.572291
0.575697
0.579109
0.582527
0.585951
0.589379
0.592813
0.596250
0.599691
0.603136
0.606583
0.610034
0.613486
0.616939
0.620394
0.623850
0.627306
0.630761
0.634216
0.637670
0.641122
0.644572
0.648020
0.651465
0.654906
0.658344
0.661777
0.665205
0.668628
0.672046
0.675457
0.678862
0.682259
0.685649
0.689031
0.692405
0.695770
0.699126
0.702471
0.705807
0.709132
0.712446
0.715749
0.719040
0.722319
0.725585
0.728837
0.732077
0.735302
0.738514
0.741710
0.744892
0.748058
0.751209
0.754344
0.757462
0.760563
0.763647
0.766714
0.769763
0.772793
0.775806
0.778799
0.781774
0.784729
0.787665
0.790580
0.793476
0.796351
0.799206
0.802039
0.804852
0.807643
0.810412
0.813160
0.815886
0.818589
0.821270
0.823928
0.826564
0.829176
0.831766
0.834332
0.836875
0.839394
0.841890
0.844361
0.846809
0.849233
0.851633
0.854008
0.856360
0.858687
0.860989
0.863267
0.865520
0.867749
0.869954
0.872133
0.874288
0.876418
0.878524
0.880605
0.882661
0.884693
0.886700
0.888682
0.890639
0.892573
0.894481
0.896365
0.898225
0.900060
0.901871
0.903658
0.905421
0.907160
0.908875
0.910566
0.912233
0.913877
0.915497
0.917094
0.918667
0.920217
0.921745
0.923249
0.924731
0.926190
0.927627
0.929041
0.930433
0.931803
0.933152
0.934478
0.935784
0.937068
0.938330
0.939572
0.940793
0.941994
0.943174
0.944334
0.945473
0.946593
0.947694
0.948775
0.949836
0.950879
0.951902
0.952908
0.953894
0.954863
0.955813
0.956746
0.957661
0.958558
0.959438
0.960302
0.961148
0.961979
0.962792
0.963590
0.964372
0.965138
0.965888
0.966623
0.967343
0.968049
0.968739
0.969415
0.970077
0.970725
0.971360
0.971980
0.972587
0.973181
0.973762
0.974331
0.974886
0.975430
0.975961
0.976480
0.976988
0.977484
0.977968
0.978441
0.978904
0.979355
0.979797
0.980227
0.980648
0.981058
0.981458
0.981849
0.982231
0.982603
0.982966
0.983320
0.983665
0.984001
0.984330
0.984649
0.984961
0.985265
0.985561
0.985849
0.986130
0.986404
0.986671
0.986930
0.987183
0.987428
0.987668
0.987901
0.988127
0.988348
0.988562
0.988771
0.988974
0.989171
0.989362
0.989549
0.989730
0.989906
0.990077
0.990243
0.990405
0.990561
0.990714
0.990861
0.991005
0.991144
0.991279
0.991410
0.991538
0.991661
0.991781
0.991897
0.992010
0.992119
0.992225
0.992327
0.992427
0.992523
0.992617
0.992707
0.992795
0.992879
0.992962
0.993041
0.993118
0.993193
0.993265
0.993335
0.993402
0.993467
0.993530
0.993592
0.993651
0.993708
0.993763
0.993816
0.993868
0.993918
0.993966
0.994012
0.994057
0.994100
0.994142
0.994183
0.994221
0.994259
0.994295
0.994330
0.994364
0.994397
0.994428
0.994458
0.994488
0.994516
0.994543
0.994569
0.994594
0.994618
0.994642
0.994664
0.994686
0.994707
0.994727
0.994746
0.994765
0.994783
0.994800
0.994816
0.994832
0.994848
0.994862
0.994877
0.994890
0.994903
0.994916
0.994928
0.994939
0.994951
0.994961
0.994971
0.994981
0.994991
0.995000
0.995009
0.995017
0.995025
0.995033
0.995040
0.995047
0.995054
0.995060
0.995066
0.995072
0.995078
0.995084
0.995089
0.995094
0.995099
0.995103
0.995108
0.995112
0.995116
0.995120
0.995123
0.995127
0.995130
0.995133
0.995137
0.995139
0.995142
0.995145
0.995147
0.995150
0.995152
0.995155
0.995157
0.995159
0.995161
0.995162
0.995164
0.995166
0.995168
0.995169
0.995171
0.995172
0.995173
0.995174
0.995176
0.995177
0.995178
0.995179
0.995180
0.995181
0.995182
0.995183
0.995183
0.995184
0.995185
0.995186
0.995186
0.995187
0.995188
0.995188
0.995189
0.995189
0.995190
0.995190
0.995191
0.995191
0.995191
0.995192
0.995192
0.995192
0.995193
0.995193
0.995193
0.995194
0.995194
0.995194
0.995194
0.995195
0.995195
0.995195
0.995195
0.995195
0.995196
0.995196
0.995196
0.995196
0.995196
0.995196
0.995196
0.995197
0.995197
0.995197
0.995197
0.995197
0.995197
0.995197
0.995197
0.995197
0.995197
0.995197
0.995197
0.995198
0.995198
0.995198
0.995198
0.995198
0.995198
0.995198
0.995198
0.995198
0.995198
0.995198
0.995198
0.995198
0.995198
0.995198
0.995198
0.995198
0.995198
0.995198
0.995198
0.995198
0.995198
0.995198
0.995198
0.995198
0.995198
0.995198
0.995198
0.995198
0.995198
0.995198
0.995198
0.995198
0.995198
0.995198
0.995198
0.995198
0.995198
0.995198
0.995198
0.995198
0.995198
0.995198
0.995198
0.995198
0.995198
0.995198
0.995198
0.995198
0.995198
0.995198
0.995198
0.995198
0.995198
0.995198
0.995198
0.995198
0.995198
0.995198
0.995198
0.995198
0.995198
0.995198
0.995198
0.995198
0.995198
0.995198
0.995198
0.995198
0.995198
0.995198
0.995198
0.995198
0.995198
0.995198
0.995198
0.995198
