0.077121
0.154588
0.186360
0.202303
0.213639
0.223433
0.232479
0.241040
0.249280
0.257351
0.265440
0.273937
0.284012
0.289035
0.291042
0.293005
0.294962
0.296913
0.298858
0.300797
0.302729
0.304656
0.306577
0.308491
0.310400
0.312302
0.314199
0.316090
0.317975
0.319854
0.321728
0.323596
0.325459
0.327316
0.329167
0.331014
0.332855
0.334690
0.336521
0.338400
0.340087
0.341755
0.343418
0.345076
0.346730
0.348380
0.350025
0.351666
0.353303
0.354936
0.356565
0.358189
0.359809
0.361426
0.363038
0.364646
0.366249
0.367849
0.369445
0.371037
0.372624
0.374208
0.375787
0.377363
0.378934
0.380502
0.382065
0.383625
0.385181
0.386732
0.388280
0.389824
0.391364
0.392900
0.394432
0.395960
0.397484
0.399005
0.400521
0.402034
0.403543
0.405048
0.406549
0.408046
0.409540
0.411030
0.412516
0.413998
0.415476
0.416951
0.418422
0.419889
0.421352
0.422812
0.424268
0.425720
0.427169
0.428614
0.430055
0.431493
0.432927
0.434357
0.435783
0.437206
0.438626
0.440041
0.441454
0.442862
0.444267
0.445668
0.447066
0.448461
0.449851
0.451238
0.452622
0.454002
0.455379
0.456752
0.458121
0.459488
0.460850
0.462209
0.463565
0.464917
0.466266
0.467611
0.468953
0.470292
0.471627
0.472959
0.474287
0.475612
0.476933
0.478252
0.479567
0.480878
0.482186
0.483491
0.484792
0.486091
0.487386
0.488677
0.489965
0.491250
0.492532
0.493811
0.495086
0.496358
0.497627
0.498892
0.500154
0.501413
0.502669
0.503922
0.505171
0.506418
0.507661
0.508901
0.510137
0.511371
0.512602
0.513829
0.515053
0.516274
0.517492
0.518707
0.519919
0.521128
0.522333
0.523536
0.524736
0.525932
0.527125
0.528316
0.529503
0.530687
0.531869
0.533047
0.534222
0.535395
0.536564
0.537730
0.538894
0.540054
0.541211
0.542366
0.543517
0.544666
0.545812
0.546955
0.548094
0.549231
0.550365
0.551497
0.552625
0.553750
0.554873
0.555993
0.557110
0.558224
0.559335
0.560443
0.561549
0.562651
0.563751
0.564848
0.565943
0.567034
0.568123
0.569209
0.570292
0.571372
0.572450
0.573525
0.574597
0.575667
0.576734
0.577798
0.578859
0.579918
0.580974
0.582027
0.583077
0.584125
0.585170
0.586213
0.587253
0.588290
0.589325
0.590357
0.591386
0.592413
0.593437
0.594459
0.595478
0.596494
0.597508
0.598519
0.599527
0.600534
0.601537
0.602538
0.603536
0.604532
0.605525
0.606516
0.607505
0.608490
0.609474
0.610454
0.611433
0.612408
0.613382
0.614352
0.615321
0.616287
0.617250
0.618211
0.619170
0.620126
0.621079
0.622031
0.622979
0.623926
0.624870
0.625811
0.626751
0.627688
0.628622
0.629554
0.630484
0.631411
0.632336
0.633259
0.634179
0.635097
0.636013
0.636926
0.637837
0.638746
0.639652
0.640556
0.641458
0.642358
0.643255
0.644150
0.645043
0.645933
0.646821
0.647707
0.648591
0.649472
0.650352
0.651229
0.652103
0.652976
0.653846
0.654714
0.655580
0.656444
0.657306
0.658165
0.659022
0.659877
0.660730
0.661581
0.662429
0.663276
0.664120
0.664962
0.665802
0.666640
0.667476
0.668310
0.669142
0.669971
0.670798
0.671624
0.672447
0.673268
0.674087
0.674904
0.675719
0.676532
0.677343
0.678152
0.678959
0.679764
0.680566
0.681367
0.682166
0.682963
0.683757
0.684550
0.685341
0.686130
0.686916
0.687701
0.688484
0.689265
0.690044
0.690821
0.691596
0.692369
0.693140
0.693909
0.694677
0.695442
0.696206
0.696967
0.697727
0.698485
0.699241
0.699995
0.700747
0.701497
0.702246
0.702992
0.703737
0.704480
0.705221
0.705960
0.706697
0.707433
0.708166
0.708898
0.709628
0.710357
0.711083
0.711808
0.712530
0.713252
0.713971
0.714688
0.715404
0.716118
0.716830
0.717541
0.718250
0.718957
0.719662
0.720366
0.721067
0.721768
0.722466
0.723163
0.723858
0.724551
0.725243
0.725933
0.726621
0.727307
0.727992
0.728676
0.729357
0.730037
0.730716
0.731392
0.732067
0.732741
0.733412
0.734083
0.734751
0.735418
0.736083
0.736747
0.737409
0.738070
0.738729
0.739386
0.740042
0.740696
0.741349
0.742000
0.742650
0.743298
0.743945
0.744590
0.745233
0.745875
0.746516
0.747155
0.747792
0.748428
0.749063
0.749696
0.750327
0.750957
0.751586
0.752213
0.752839
0.753463
0.754086
0.754707
0.755327
0.755946
0.756563
0.757178
0.757793
0.758406
0.759017
0.759627
0.760236
0.760843
0.761449
0.762054
0.762657
0.763259
0.763859
0.764458
0.765056
0.765653
0.766248
0.766842
0.767434
0.768025
0.768615
0.769204
0.769791
0.770377
0.770962
0.771545
0.772127
0.772708
0.773288
0.773867
0.774444
0.775020
0.775594
0.776168
0.776740
0.777311
0.777881
0.778450
0.779017
0.779584
0.780149
0.780713
0.781275
0.781837
0.782397
0.782957
0.783515
0.784072
0.784628
0.785182
0.785736
0.786288
0.786840
0.787390
0.787939
0.788487
0.789034
0.789580
0.790125
0.790669
0.791212
0.791754
0.792294
0.792834
0.793372
0.793910
0.794447
0.794982
0.795517
0.796050
0.796583
0.797114
0.797645
0.798175
0.798703
0.799231
0.799758
0.800284
0.800808
0.801332
0.801855
0.802377
0.802899
0.803419
0.803938
0.804457
0.804974
0.805491
0.806007
0.806522
0.807036
0.807550
0.808062
0.808574
0.809084
0.809594
0.810104
0.810612
0.811119
0.811626
0.812132
0.812637
0.813142
0.813645
0.814148
0.814650
0.815152
0.815652
0.816152
0.816652
0.817150
0.817648
0.818145
0.818641
0.819137
0.819632
0.820126
0.820620
0.821113
0.821605
0.822097
0.822588
0.823078
0.823568
0.824057
0.824546
0.825034
0.825521
0.826008
0.826494
0.826980
0.827465
0.827949
0.828433
0.828917
0.829400
0.829882
0.830364
0.830845
0.831326
0.831806
0.832286
0.832765
0.833244
0.833722
0.834200
0.834677
0.835154
0.835631
0.836107
0.836582
0.837058
0.837532
0.838007
0.838481
0.838954
0.839428
0.839900
0.840373
0.840845
0.841316
0.841788
0.842259
0.842729
