0.067488
0.113779
0.135847
0.152497
0.167565
0.181456
0.194199
0.205867
0.216631
0.226652
0.236060
0.244935
0.253382
0.261534
0.269544
0.277612
0.286273
0.295789
0.300183
0.302164
0.304074
0.305977
0.307875
0.309767
0.311652
0.313532
0.315406
0.317273
0.319135
0.320991
0.322841
0.324685
0.326524
0.328357
0.330185
0.332007
0.333823
0.335635
0.337441
0.339282
0.340926
0.342566
0.344202
0.345834
0.347462
0.349086
0.350706
0.352321
0.353932
0.355540
0.357143
0.358742
0.360337
0.361928
0.363515
0.365098
0.366677
0.368252
0.369823
0.371390
0.372953
0.374513
0.376068
0.377620
0.379168
0.380712
0.382252
0.383788
0.385321
0.386849
0.388374
0.389896
0.391413
0.392927
0.394437
0.395944
0.397446
0.398945
0.400441
0.401933
0.403421
0.404905
0.406386
0.407864
0.409338
0.410808
0.412275
0.413738
0.415198
0.416654
0.418107
0.419556
0.421002
0.422444
0.423883
0.425319
0.426751
0.428180
0.429606
0.431028
0.432447
0.433863
0.435275
0.436684
0.438090
0.439493
0.440892
0.442288
0.443681
0.445071
0.446458
0.447842
0.449222
0.450599
0.451974
0.453345
0.454713
0.456078
0.457440
0.458800
0.460156
0.461509
0.462859
0.464207
0.465551
0.466893
0.468232
0.469567
0.470901
0.472231
0.473558
0.474883
0.476205
0.477524
0.478841
0.480155
0.481466
0.482774
0.484080
0.485384
0.486684
0.487983
0.489278
0.490571
0.491862
0.493150
0.494436
0.495719
0.497000
0.498278
0.499554
0.500828
0.502100
0.503369
0.504636
0.505900
0.507162
0.508423
0.509680
0.510936
0.512190
0.513441
0.514691
0.515938
0.517184
0.518427
0.519668
0.520908
0.522145
0.523381
0.524614
0.525846
0.527076
0.528304
0.529530
0.530755
0.531978
0.533199
0.534418
0.535636
0.536852
0.538067
0.539280
0.540491
0.541701
0.542909
0.544116
0.545322
0.546526
0.547729
0.548930
0.550130
0.551329
0.552527
0.553723
0.554918
0.556112
0.557305
0.558497
0.559687
0.560877
0.562066
0.563253
0.564440
0.565626
0.566811
0.567995
0.569178
0.570360
0.571542
0.572723
0.573903
0.575083
0.576262
0.577440
0.578618
0.579795
0.580972
0.582148
0.583324
0.584499
0.585674
0.586849
0.588024
0.589198
0.590372
0.591546
0.592719
0.593893
0.595066
0.596240
0.597413
0.598587
0.599760
0.600934
0.602107
0.603281
0.604455
0.605630
0.606804
0.607979
0.609154
0.610330
0.611506
0.612682
0.613859
0.615037
0.616215
0.617394
0.618573
0.619753
0.620933
0.622115
0.623297
0.624480
0.625664
0.626848
0.628034
0.629221
0.630408
0.631597
0.632786
0.633977
0.635169
0.636362
0.637556
0.638752
0.639949
0.641147
0.642346
0.643547
0.644749
0.645953
0.647158
0.648365
0.649573
0.650783
0.651994
0.653208
0.654422
0.655639
0.656857
0.658077
0.659299
0.660523
0.661748
0.662976
0.664205
0.665436
0.666670
0.667905
0.669142
0.670382
0.671624
0.672867
0.674113
0.675361
0.676612
0.677864
0.679119
0.680376
0.681636
0.682898
0.684162
0.685428
0.686697
0.687969
0.689243
0.690519
0.691798
0.693079
0.694363
0.695649
0.696938
0.698230
0.699524
0.700821
0.702120
0.703422
0.704727
0.706034
0.707345
0.708657
0.709973
0.711291
0.712612
0.713935
0.715262
0.716591
0.717922
0.719257
0.720594
0.721934
0.723277
0.724623
0.725971
0.727322
0.728676
0.730032
0.731391
0.732753
0.734118
0.735485
0.736855
0.738228
0.739603
0.740981
0.742362
0.743745
0.745131
0.746519
0.747910
0.749304
0.750700
0.752098
0.753499
0.754903
0.756309
0.757717
0.759128
0.760541
0.761956
0.763374
0.764794
0.766216
0.767640
0.769066
0.770495
0.771925
0.773358
0.774792
0.776228
0.777666
0.779106
0.780548
0.781991
0.783436
0.784883
0.786331
0.787781
0.789232
0.790684
0.792138
0.793593
0.795049
0.796507
0.797965
0.799424
0.800884
0.802345
0.803807
0.805270
0.806733
0.808196
0.809660
0.811125
0.812589
0.814054
0.815519
0.816984
0.818449
0.819914
0.821379
0.822843
0.824307
0.825770
0.827233
0.828695
0.830157
0.831617
0.833076
0.834535
0.835992
0.837448
0.838902
0.840355
0.841807
0.843256
0.844704
0.846150
0.847594
0.849036
0.850475
0.851912
0.853347
0.854779
0.856208
0.857635
0.859058
0.860479
0.861896
0.863310
0.864721
0.866128
0.867532
0.868931
0.870327
0.871719
0.873107
0.874490
0.875869
0.877244
0.878614
0.879979
0.881340
0.882696
0.884046
0.885391
0.886731
0.888066
0.889395
0.890718
0.892035
0.893347
0.894652
0.895952
0.897245
0.898531
0.899812
0.901085
0.902352
0.903612
0.904865
0.906111
0.907350
0.908581
0.909805
0.911022
0.912231
0.913432
0.914626
0.915811
0.916989
0.918158
0.919319
0.920472
0.921617
0.922753
0.923880
0.924999
0.926109
0.927210
0.928302
0.929385
0.930459
0.931524
0.932580
0.933626
0.934663
0.935690
0.936708
0.937716
0.938715
0.939704
0.940683
0.941652
0.942612
0.943561
0.944501
0.945430
0.946349
0.947259
0.948158
0.949047
0.949925
0.950794
0.951652
0.952500
0.953338
0.954165
0.954982
0.955788
0.956584
0.957370
0.958145
0.958910
0.959665
0.960409
0.961143
0.961866
0.962579
0.963282
0.963975
0.964657
0.965328
0.965990
0.966641
0.967282
0.967913
0.968534
0.969145
0.969745
0.970336
0.970917
0.971487
0.972048
0.972600
0.973141
0.973673
0.974195
0.974707
0.975210
0.975704
0.976188
0.976663
0.977128
0.977585
0.978032
0.978471
0.978900
0.979321
0.979733
0.980137
0.980532
0.980918
0.981296
0.981666
0.982027
0.982381
0.982726
0.983064
0.983394
0.983716
0.984030
0.984337
0.984637
0.984929
0.985214
0.985492
0.985763
0.986028
0.986285
0.986536
0.986780
0.987018
0.987250
0.987475
0.987694
0.987907
0.988115
0.988316
0.988512
0.988702
0.988887
0.989067
0.989241
0.989410
0.989574
0.989733
0.989887
0.990037
0.990182
0.990322
0.990458
0.990590
0.990718
0.990841
0.990960
0.991076
0.991187
