0.022797
0.048738
0.076059
0.105652
0.138769
0.177701
0.223918
0.266074
0.280945
0.270474
0.263291
0.268612
0.278613
0.283855
0.285907
0.287910
0.289910
0.291907
0.293901
0.295892
0.297879
0.299863
0.301844
0.303822
0.305797
0.307769
0.309738
0.311705
0.313669
0.315632
0.317592
0.319550
0.321506
0.323461
0.325414
0.327365
0.329315
0.331264
0.333211
0.335186
0.336954
0.338736
0.340519
0.342302
0.344086
0.345871
0.347655
0.349441
0.351227
0.353013
0.354801
0.356589
0.358379
0.360169
0.361961
0.363754
0.365548
0.367344
0.369141
0.370940
0.372740
0.374543
0.376347
0.378153
0.379961
0.381771
0.383583
0.385397
0.387214
0.389033
0.390855
0.392679
0.394506
0.396335
0.398168
0.400003
0.401841
0.403682
0.405526
0.407373
0.409223
0.411077
0.412934
0.414795
0.416658
0.418526
0.420397
0.422271
0.424150
0.426032
0.427918
0.429807
0.431701
0.433598
0.435500
0.437406
0.439316
0.441229
0.443148
0.445070
0.446997
0.448928
0.450863
0.452803
0.454747
0.456695
0.458648
0.460606
0.462568
0.464535
0.466506
0.468482
0.470462
0.472447
0.474437
0.476431
0.478431
0.480434
0.482443
0.484456
0.486474
0.488496
0.490524
0.492556
0.494592
0.496634
0.498680
0.500730
0.502786
0.504845
0.506910
0.508979
0.511053
0.513131
0.515214
0.517301
0.519393
0.521489
0.523590
0.525695
0.527805
0.529918
0.532036
0.534158
0.536285
0.538415
0.540549
0.542688
0.544830
0.546977
0.549127
0.551281
0.553439
0.555600
0.557765
0.559934
0.562106
0.564281
0.566460
0.568642
0.570828
0.573016
0.575207
0.577402
0.579599
0.581799
0.584002
0.586207
0.588415
0.590625
0.592838
0.595052
0.597270
0.599489
0.601710
0.603933
0.606157
0.608384
0.610612
0.612841
0.615072
0.617304
0.619537
0.621772
0.624007
0.626243
0.628479
0.630717
0.632955
0.635193
0.637431
0.639670
0.641909
0.644147
0.646386
0.648624
0.650861
0.653098
0.655335
0.657570
0.659805
0.662039
0.664271
0.666502
0.668732
0.670960
0.673187
0.675412
0.677635
0.679855
0.682074
0.684291
0.686505
0.688716
0.690925
0.693131
0.695334
0.697535
0.699732
0.701925
0.704116
0.706303
0.708486
0.710665
0.712841
0.715012
0.717180
0.719343
0.721502
0.723656
0.725806
0.727950
0.730090
0.732225
0.734355
0.736480
0.738599
0.740713
0.742822
0.744924
0.747021
0.749112
0.751197
0.753276
0.755348
0.757414
0.759474
0.761527
0.763573
0.765613
0.767646
0.769671
0.771690
0.773701
0.775705
0.777702
0.779691
0.781673
0.783646
0.785612
0.787570
0.789520
0.791462
0.793396
0.795322
0.797239
0.799148
0.801048
0.802940
0.804823
0.806697
0.808562
0.810419
0.812266
0.814104
0.815934
0.817754
0.819564
0.821365
0.823157
0.824940
0.826712
0.828475
0.830229
0.831973
0.833706
0.835430
0.837145
0.838849
0.840543
0.842227
0.843900
0.845564
0.847218
0.848861
0.850493
0.852116
0.853728
0.855330
0.856921
0.858501
0.860071
0.861631
0.863180
0.864718
0.866246
0.867762
0.869269
0.870764
0.872249
0.873722
0.875185
0.876638
0.878079
0.879510
0.880929
0.882338
0.883736
0.885123
0.886499
0.887864
0.889218
0.890562
0.891894
0.893216
0.894526
0.895826
0.897115
0.898393
0.899660
0.900916
0.902161
0.903396
0.904619
0.905832
0.907034
0.908225
0.909405
0.910575
0.911734
0.912882
0.914019
0.915146
0.916262
0.917368
0.918462
0.919547
0.920620
0.921684
0.922736
0.923779
0.924810
0.925832
0.926843
0.927844
0.928835
0.929815
0.930785
0.931745
0.932695
0.933635
0.934565
0.935485
0.936395
0.937295
0.938185
0.939065
0.939936
0.940797
0.941648
0.942490
0.943322
0.944145
0.944958
0.945762
0.946557
0.947342
0.948118
0.948885
0.949643
0.950392
0.951131
0.951862
0.952584
0.953297
0.954002
0.954697
0.955384
0.956063
0.956733
0.957394
0.958047
0.958692
0.959328
0.959957
0.960577
0.961189
0.961793
0.962389
0.962977
0.963557
0.964130
0.964695
0.965252
0.965801
0.966344
0.966878
0.967406
0.967926
0.968438
0.968944
0.969442
0.969934
0.970418
0.970896
0.971367
0.971830
0.972288
0.972738
0.973182
0.973619
0.974050
0.974475
0.974893
0.975305
0.975711
0.976111
0.976504
0.976892
0.977273
0.977649
0.978019
0.978383
0.978742
0.979095
0.979442
0.979784
0.980120
0.980451
0.980777
0.981097
0.981413
0.981723
0.982028
0.982328
0.982623
0.982914
0.983199
0.983480
0.983756
0.984027
0.984294
0.984557
0.984814
0.985068
0.985317
0.985562
0.985802
0.986039
0.986271
0.986499
0.986723
0.986943
0.987160
0.987372
0.987581
0.987786
0.987987
0.988184
0.988378
0.988569
0.988756
0.988939
0.989119
0.989296
0.989470
0.989640
0.989807
0.989971
0.990132
0.990289
0.990444
0.990596
0.990745
0.990891
0.991034
0.991175
0.991312
0.991447
0.991580
0.991709
0.991836
0.991961
0.992083
0.992203
0.992320
0.992435
0.992548
0.992658
0.992766
0.992872
0.992976
0.993077
0.993177
0.993274
0.993369
0.993463
0.993554
0.993644
0.993731
0.993817
0.993901
0.993983
0.994064
0.994142
0.994219
0.994294
0.994368
0.994440
0.994510
0.994579
0.994647
0.994713
0.994777
0.994840
0.994902
0.994962
0.995021
0.995078
0.995135
0.995190
0.995243
0.995296
0.995347
0.995397
0.995446
0.995494
0.995540
0.995586
0.995631
0.995674
0.995716
0.995758
0.995798
0.995838
0.995876
0.995914
0.995951
0.995987
0.996022
0.996056
0.996089
0.996121
0.996153
0.996184
0.996214
0.996243
0.996272
0.996300
0.996327
0.996354
0.996380
0.996405
0.996430
0.996454
0.996477
0.996500
0.996522
0.996544
0.996565
0.996585
0.996605
0.996625
0.996643
0.996662
0.996680
0.996697
0.996714
0.996731
0.996747
0.996763
0.996778
0.996793
0.996807
0.996822
0.996835
0.996849
0.996862
0.996874
0.996886
0.996898
0.996910
0.996921
0.996932
0.996943
0.996953
0.996963
0.996973
0.996983
0.996992
