0.011733
0.024889
0.038394
0.052533
0.067687
0.085100
0.107349
0.129287
0.159880
0.195510
0.228398
0.252544
0.266848
0.273893
0.277125
0.279021
0.280745
0.282600
0.284551
0.286524
0.288492
0.290454
0.292410
0.294360
0.296304
0.298243
0.300176
0.302103
0.304024
0.305940
0.307851
0.309756
0.311655
0.313549
0.315438
0.317322
0.319200
0.321073
0.322940
0.324854
0.326568
0.328269
0.329965
0.331656
0.333344
0.335026
0.336705
0.338379
0.340049
0.341715
0.343376
0.345033
0.346686
0.348335
0.349980
0.351620
0.353257
0.354889
0.356517
0.358141
0.359761
0.361377
0.362989
0.364596
0.366200
0.367799
0.369395
0.370986
0.372574
0.374157
0.375737
0.377312
0.378884
0.380452
0.382015
0.383575
0.385131
0.386683
0.388231
0.389775
0.391315
0.392851
0.394384
0.395912
0.397437
0.398958
0.400476
0.401989
0.403499
0.405004
0.406506
0.408005
0.409499
0.410990
0.412477
0.413961
0.415441
0.416917
0.418389
0.419858
0.421323
0.422784
0.424242
0.425696
0.427147
0.428594
0.430037
0.431477
0.432913
0.434346
0.435775
0.437200
0.438622
0.440041
0.441456
0.442868
0.444276
0.445680
0.447082
0.448479
0.449874
0.451264
0.452652
0.454036
0.455417
0.456794
0.458168
0.459538
0.460906
0.462270
0.463630
0.464987
0.466341
0.467692
0.469039
0.470383
0.471724
0.473062
0.474396
0.475727
0.477055
0.478380
0.479701
0.481020
0.482335
0.483647
0.484956
0.486261
0.487564
0.488863
0.490160
0.491453
0.492743
0.494030
0.495314
0.496595
0.497873
0.499148
0.500420
0.501689
0.502955
0.504217
0.505477
0.506734
0.507988
0.509239
0.510487
0.511732
0.512975
0.514214
0.515450
0.516684
0.517914
0.519142
0.520367
0.521589
0.522809
0.524025
0.525239
0.526449
0.527657
0.528863
0.530065
0.531265
0.532462
0.533656
0.534848
0.536037
0.537223
0.538406
0.539587
0.540765
0.541940
0.543113
0.544283
0.545451
0.546615
0.547778
0.548937
0.550094
0.551249
0.552401
0.553550
0.554697
0.555841
0.556983
0.558122
0.559259
0.560393
0.561525
0.562654
0.563781
0.564905
0.566027
0.567146
0.568263
0.569378
0.570490
0.571600
0.572707
0.573813
0.574915
0.576016
0.577114
0.578209
0.579303
0.580394
0.581482
0.582569
0.583653
0.584735
0.585814
0.586892
0.587967
0.589040
0.590110
0.591179
0.592245
0.593309
0.594371
0.595431
0.596488
0.597544
0.598597
0.599648
0.600697
0.601744
0.602789
0.603832
0.604872
0.605911
0.606947
0.607982
0.609014
0.610044
0.611073
0.612099
0.613123
0.614146
0.615166
0.616184
0.617201
0.618215
0.619227
0.620238
0.621247
0.622253
0.623258
0.624261
0.625262
0.626261
0.627258
0.628253
0.629247
0.630239
0.631228
0.632216
0.633203
0.634187
0.635169
0.636150
0.637129
0.638106
0.639082
0.640055
0.641027
0.641998
0.642966
0.643933
0.644898
0.645861
0.646823
0.647783
0.648741
0.649698
0.650653
0.651606
0.652558
0.653508
0.654456
0.655403
0.656348
0.657291
0.658233
0.659174
0.660113
0.661050
0.661986
0.662920
0.663852
0.664783
0.665713
0.666641
0.667567
0.668492
0.669416
0.670338
0.671258
0.672178
0.673095
0.674011
0.674926
0.675839
0.676751
0.677661
0.678570
0.679478
0.680384
0.681289
0.682192
0.683094
0.683995
0.684894
0.685792
0.686689
0.687584
0.688478
0.689370
0.690261
0.691151
0.692040
0.692927
0.693813
0.694697
0.695581
0.696463
0.697344
0.698223
0.699102
0.699979
0.700854
0.701729
0.702602
0.703474
0.704345
0.705215
0.706083
0.706950
0.707816
0.708681
0.709545
0.710407
0.711269
0.712129
0.712988
0.713845
0.714702
0.715558
0.716412
0.717265
0.718117
0.718968
0.719818
0.720667
0.721514
0.722361
0.723206
0.724050
0.724893
0.725735
0.726576
0.727416
0.728255
0.729093
0.729930
0.730765
0.731600
0.732433
0.733266
0.734097
0.734927
0.735757
0.736585
0.737412
0.738239
0.739064
0.739888
0.740711
0.741533
0.742354
0.743175
0.743994
0.744812
0.745629
0.746445
0.747260
0.748074
0.748888
0.749700
0.750511
0.751321
0.752130
0.752939
0.753746
0.754552
0.755358
0.756162
0.756966
0.757768
0.758570
0.759370
0.760170
0.760969
0.761766
0.762563
0.763359
0.764154
0.764948
0.765741
0.766533
0.767324
0.768114
0.768904
0.769692
0.770479
0.771266
0.772051
0.772836
0.773620
0.774402
0.775184
0.775965
0.776745
0.777524
0.778302
0.779079
0.779856
0.780631
0.781405
0.782179
0.782952
0.783723
0.784494
0.785264
0.786033
0.786801
0.787568
0.788334
0.789099
0.789863
0.790626
0.791389
0.792150
0.792911
0.793670
0.794429
0.795187
0.795944
0.796699
0.797454
0.798208
0.798961
0.799714
0.800465
0.801215
0.801964
0.802713
0.803460
0.804206
0.804952
0.805696
0.806440
0.807183
0.807924
0.808665
0.809405
0.810144
0.810881
0.811618
0.812354
0.813089
0.813823
0.814556
0.815288
0.816019
0.816749
0.817478
0.818206
0.818933
0.819659
0.820384
0.821108
0.821831
0.822553
0.823274
0.823993
0.824712
0.825430
0.826147
0.826863
0.827578
0.828291
0.829004
0.829716
0.830426
0.831136
0.831844
0.832552
0.833258
0.833964
0.834668
0.835371
0.836073
0.836774
0.837474
0.838173
0.838870
0.839567
0.840263
0.840957
0.841650
0.842342
0.843033
0.843723
0.844412
0.845100
0.845786
0.846471
0.847156
0.847839
0.848520
0.849201
0.849881
0.850559
0.851236
0.851912
0.852587
0.853261
0.853933
0.854604
0.855274
0.855943
0.856611
0.857277
0.857942
0.858606
0.859268
0.859930
0.860590
0.861249
0.861906
0.862563
0.863218
0.863872
0.864524
0.865175
0.865825
0.866474
0.867121
0.867767
0.868412
0.869055
0.869697
0.870338
0.870977
0.871615
0.872252
0.872887
0.873521
0.874154
0.874785
0.875415
0.876043
0.876671
0.877296
0.877921
0.878543
0.879165
0.879785
0.880404
0.881021
0.881637
0.882251
0.882864
0.883475
0.884086
0.884694
0.885301
0.885907
0.886511
