0.024631
0.080036
0.146046
0.187301
0.208718
0.221456
0.231145
0.239787
0.248021
0.256092
0.264191
0.272706
0.282801
0.287854
0.289864
0.291830
0.293789
0.295742
0.297690
0.299631
0.301566
0.303494
0.305417
0.307333
0.309244
0.311148
0.313047
0.314939
0.316826
0.318707
0.320583
0.322453
0.324317
0.326175
0.328029
0.329876
0.331719
0.333556
0.335388
0.337266
0.338950
0.340619
0.342282
0.343941
0.345596
0.347246
0.348892
0.350534
0.352172
0.353805
0.355435
0.357060
0.358680
0.360297
0.361910
0.363518
0.365122
0.366723
0.368319
0.369911
0.371499
0.373083
0.374663
0.376239
0.377811
0.379379
0.380942
0.382502
0.384058
0.385610
0.387158
0.388702
0.390242
0.391779
0.393311
0.394839
0.396364
0.397884
0.399401
0.400914
0.402423
0.403928
0.405430
0.406927
0.408421
0.409911
0.411397
0.412879
0.414358
0.415833
0.417304
0.418771
0.420235
0.421694
0.423151
0.424603
0.426052
0.427497
0.428938
0.430376
0.431810
0.433240
0.434667
0.436090
0.437509
0.438925
0.440337
0.441746
0.443151
0.444553
0.445951
0.447345
0.448736
0.450123
0.451507
0.452887
0.454264
0.455637
0.457007
0.458373
0.459736
0.461095
0.462451
0.463803
0.465152
0.466498
0.467840
0.469179
0.470514
0.471846
0.473175
0.474500
0.475822
0.477140
0.478455
0.479767
0.481075
0.482380
0.483682
0.484980
0.486276
0.487568
0.488856
0.490141
0.491424
0.492702
0.493978
0.495250
0.496519
0.497785
0.499048
0.500307
0.501564
0.502817
0.504067
0.505314
0.506557
0.507798
0.509035
0.510269
0.511500
0.512728
0.513953
0.515175
0.516393
0.517609
0.518821
0.520031
0.521237
0.522440
0.523641
0.524838
0.526032
0.527223
0.528411
0.529596
0.530779
0.531958
0.533134
0.534307
0.535478
0.536645
0.537809
0.538971
0.540129
0.541285
0.542438
0.543587
0.544734
0.545878
0.547019
0.548158
0.549293
0.550426
0.551555
0.552682
0.553806
0.554927
0.556046
0.557161
0.558274
0.559384
0.560491
0.561596
0.562698
0.563797
0.564893
0.565986
0.567077
0.568165
0.569250
0.570333
0.571412
0.572489
0.573564
0.574636
0.575705
0.576771
0.577835
0.578896
0.579955
0.581010
0.582064
0.583114
0.584162
0.585208
0.586251
0.587291
0.588328
0.589363
0.590396
0.591426
0.592453
0.593478
0.594501
0.595520
0.596538
0.597552
0.598565
0.599575
0.600582
0.601587
0.602589
0.603589
0.604586
0.605581
0.606574
0.607564
0.608552
0.609537
0.610520
0.611501
0.612479
0.613454
0.614428
0.615399
0.616367
0.617334
0.618298
0.619259
0.620218
0.621175
0.622130
0.623082
0.624032
0.624980
0.625926
0.626869
0.627810
0.628748
0.629685
0.630619
0.631551
0.632480
0.633408
0.634333
0.635256
0.636177
0.637096
0.638012
0.638927
0.639839
0.640749
0.641656
0.642562
0.643466
0.644367
0.645267
0.646164
0.647059
0.647952
0.648843
0.649732
0.650618
0.651503
0.652386
0.653266
0.654145
0.655021
0.655896
0.656768
0.657639
0.658507
0.659374
0.660238
0.661101
0.661962
0.662820
0.663677
0.664532
0.665384
0.666235
0.667084
0.667931
0.668776
0.669620
0.670461
0.671300
0.672138
0.672974
0.673808
0.674640
0.675470
0.676298
0.677125
0.677949
0.678772
0.679593
0.680413
0.681230
0.682046
0.682860
0.683672
0.684483
0.685292
0.686099
0.686904
0.687708
0.688510
0.689310
0.690108
0.690905
0.691700
0.692494
0.693286
0.694076
0.694864
0.695651
0.696437
0.697220
0.698002
0.698783
0.699562
0.700339
0.701115
0.701889
0.702661
0.703433
0.704202
0.704970
0.705737
0.706502
0.707265
0.708027
0.708787
0.709546
0.710304
0.711060
0.711815
0.712568
0.713320
0.714070
0.714819
0.715566
0.716312
0.717057
0.717801
0.718542
0.719283
0.720022
0.720760
0.721497
0.722232
0.722966
0.723698
0.724430
0.725160
0.725888
0.726616
0.727342
0.728067
0.728791
0.729513
0.730234
0.730954
0.731673
0.732390
0.733107
0.733822
0.734536
0.735249
0.735960
0.736671
0.737380
0.738088
0.738796
0.739501
0.740206
0.740910
0.741613
0.742314
0.743015
0.743714
0.744413
0.745110
0.745806
0.746502
0.747196
0.747889
0.748582
0.749273
0.749963
0.750652
0.751341
0.752028
0.752715
0.753400
0.754085
0.754768
0.755451
0.756133
0.756814
0.757494
0.758173
0.758852
0.759529
0.760206
0.760882
0.761557
0.762231
0.762904
0.763576
0.764248
0.764919
0.765589
0.766259
0.766927
0.767595
0.768262
0.768929
0.769594
0.770259
0.770923
0.771587
0.772250
0.772912
0.773573
0.774234
0.774894
0.775554
0.776213
0.776871
0.777529
0.778186
0.778842
0.779498
0.780153
0.780808
0.781462
0.782115
0.782768
0.783420
0.784072
0.784723
0.785374
0.786024
0.786674
0.787323
0.787972
0.788620
0.789268
0.789915
0.790562
0.791208
0.791854
0.792499
0.793144
0.793789
0.794433
0.795077
0.795720
0.796363
0.797006
0.797648
0.798289
0.798931
0.799572
0.800212
0.800853
0.801493
0.802132
0.802772
0.803411
0.804049
0.804688
0.805326
0.805963
0.806601
0.807238
0.807875
0.808511
0.809148
0.809784
0.810419
0.811055
0.811690
0.812325
0.812960
0.813595
0.814229
0.814863
0.815497
0.816131
0.816764
0.817397
0.818030
0.818663
0.819296
0.819928
0.820561
0.821193
0.821825
0.822457
0.823088
0.823720
0.824351
0.824982
0.825613
0.826244
0.826875
0.827505
0.828136
0.828766
0.829396
0.830026
0.830656
0.831286
0.831915
0.832545
0.833174
0.833804
0.834433
0.835062
0.835691
0.836320
0.836948
0.837577
0.838205
0.838834
0.839462
0.840090
0.840718
0.841346
0.841974
0.842602
0.843230
0.843857
0.844485
0.845112
0.845739
0.846366
0.846994
0.847620
0.848247
0.848874
0.849501
0.850127
0.850753
0.851380
0.852006
0.852632
0.853258
0.853884
0.854509
0.855135
0.855760
0.856385
0.857010
0.857635
0.858260
0.858885
0.859509
0.860134
0.860758
0.861382
0.862006
0.862629
0.863253
0.863876
0.864499
