0.032580
0.070119
0.110899
0.157899
0.209830
0.243596
0.242198
0.231140
0.232624
0.240822
0.249153
0.257262
0.265325
0.273605
0.283047
0.291017
0.293534
0.295524
0.297510
0.299492
0.301471
0.303447
0.305420
0.307390
0.309356
0.311320
0.313282
0.315241
0.317197
0.319151
0.321103
0.323053
0.325001
0.326947
0.328891
0.330835
0.332776
0.334717
0.336656
0.338623
0.340382
0.342156
0.343932
0.345709
0.347486
0.349263
0.351041
0.352820
0.354600
0.356380
0.358161
0.359944
0.361727
0.363512
0.365298
0.367086
0.368875
0.370666
0.372458
0.374252
0.376048
0.377846
0.379646
0.381448
0.383252
0.385059
0.386868
0.388679
0.390493
0.392309
0.394129
0.395951
0.397776
0.399604
0.401435
0.403269
0.405106
0.406947
0.408790
0.410638
0.412488
0.414343
0.416201
0.418063
0.419928
0.421797
0.423671
0.425548
0.427429
0.429315
0.431204
0.433098
0.434996
0.436898
0.438805
0.440717
0.442632
0.444553
0.446478
0.448408
0.450342
0.452281
0.454225
0.456174
0.458128
0.460087
0.462050
0.464019
0.465993
0.467971
0.469955
0.471944
0.473938
0.475938
0.477942
0.479952
0.481967
0.483987
0.486013
0.488044
0.490080
0.492121
0.494168
0.496220
0.498278
0.500340
0.502408
0.504482
0.506560
0.508644
0.510733
0.512828
0.514928
0.517033
0.519143
0.521258
0.523379
0.525505
0.527635
0.529771
0.531912
0.534058
0.536209
0.538365
0.540526
0.542692
0.544862
0.547037
0.549217
0.551402
0.553591
0.555785
0.557983
0.560186
0.562393
0.564604
0.566820
0.569040
0.571264
0.573492
0.575723
0.577959
0.580198
0.582442
0.584688
0.586939
0.589192
0.591449
0.593710
0.595973
0.598240
0.600510
0.602782
0.605057
0.607335
0.609616
0.611898
0.614184
0.616471
0.618761
0.621053
0.623346
0.625642
0.627939
0.630237
0.632537
0.634839
0.637142
0.639445
0.641750
0.644055
0.646361
0.648668
0.650975
0.653283
0.655590
0.657898
0.660206
0.662513
0.664820
0.667127
0.669433
0.671738
0.674042
0.676345
0.678647
0.680948
0.683247
0.685545
0.687840
0.690134
0.692426
0.694716
0.697003
0.699288
0.701571
0.703850
0.706127
0.708401
0.710671
0.712938
0.715202
0.717462
0.719718
0.721970
0.724218
0.726463
0.728702
0.730937
0.733168
0.735394
0.737615
0.739831
0.742041
0.744246
0.746446
0.748640
0.750829
0.753011
0.755188
0.757358
0.759522
0.761680
0.763831
0.765975
0.768112
0.770243
0.772366
0.774482
0.776591
0.778692
0.780786
0.782872
0.784950
0.787020
0.789081
0.791135
0.793180
0.795217
0.797245
0.799265
0.801276
0.803277
0.805270
0.807254
0.809228
0.811193
0.813149
0.815095
0.817031
0.818957
0.820874
0.822781
0.824677
0.826564
0.828440
0.830306
0.832162
0.834007
0.835841
0.837665
0.839478
0.841280
0.843071
0.844852
0.846621
0.848379
0.850126
0.851862
0.853587
0.855300
0.857002
0.858692
0.860370
0.862038
0.863693
0.865337
0.866969
0.868589
0.870197
0.871793
0.873378
0.874951
0.876511
0.878060
0.879596
0.881120
0.882633
0.884133
0.885621
0.887096
0.888560
0.890011
0.891450
0.892877
0.894291
0.895693
0.897083
0.898461
0.899826
0.901179
0.902520
0.903848
0.905164
0.906468
0.907759
0.909038
0.910305
0.911560
0.912802
0.914032
0.915250
0.916455
0.917649
0.918830
0.919999
0.921156
0.922301
0.923434
0.924555
0.925664
0.926761
0.927846
0.928919
0.929981
0.931030
0.932068
0.933094
0.934108
0.935111
0.936102
0.937082
0.938050
0.939006
0.939952
0.940885
0.941808
0.942720
0.943620
0.944509
0.945387
0.946254
0.947110
0.947956
0.948790
0.949614
0.950427
0.951229
0.952021
0.952803
0.953574
0.954335
0.955085
0.955825
0.956556
0.957276
0.957986
0.958686
0.959377
0.960057
0.960728
0.961390
0.962042
0.962684
0.963317
0.963941
0.964555
0.965161
0.965757
0.966345
0.966923
0.967493
0.968054
0.968606
0.969150
0.969686
0.970213
0.970731
0.971242
0.971744
0.972238
0.972724
0.973203
0.973673
0.974136
0.974591
0.975039
0.975479
0.975912
0.976337
0.976755
0.977166
0.977570
0.977967
0.978357
0.978741
0.979117
0.979487
0.979850
0.980207
0.980558
0.980902
0.981240
0.981571
0.981897
0.982217
0.982530
0.982838
0.983140
0.983437
0.983727
0.984013
0.984292
0.984567
0.984836
0.985100
0.985359
0.985612
0.985861
0.986105
0.986343
0.986577
0.986807
0.987032
0.987252
0.987467
0.987679
0.987886
0.988088
0.988287
0.988481
0.988671
0.988857
0.989039
0.989218
0.989392
0.989563
0.989730
0.989893
0.990053
0.990209
0.990362
0.990512
0.990658
0.990801
0.990940
0.991077
0.991210
0.991341
0.991468
0.991592
0.991714
0.991833
0.991949
0.992062
0.992173
0.992281
0.992386
0.992489
0.992589
0.992687
0.992783
0.992876
0.992968
0.993056
0.993143
0.993228
0.993310
0.993390
0.993469
0.993545
0.993619
0.993692
0.993763
0.993832
0.993899
0.993964
0.994028
0.994090
0.994150
0.994209
0.994266
0.994322
0.994377
0.994429
0.994481
0.994531
0.994580
0.994627
0.994673
0.994718
0.994761
0.994804
0.994845
0.994885
0.994924
0.994962
0.994999
0.995034
0.995069
0.995103
0.995135
0.995167
0.995198
0.995228
0.995257
0.995286
0.995313
0.995340
0.995366
0.995391
0.995415
0.995439
0.995462
0.995484
0.995505
0.995526
0.995546
0.995566
0.995585
0.995604
0.995621
0.995639
0.995656
0.995672
0.995688
0.995703
0.995718
0.995732
0.995746
0.995759
0.995772
0.995784
0.995797
0.995808
0.995820
0.995831
0.995841
0.995852
0.995861
0.995871
0.995880
0.995889
0.995898
0.995906
0.995914
0.995922
0.995930
0.995937
0.995944
0.995951
0.995957
0.995964
0.995970
0.995976
0.995981
0.995987
0.995992
0.995997
0.996002
0.996007
0.996012
0.996016
0.996020
0.996024
0.996028
0.996032
0.996036
0.996039
0.996043
0.996046
0.996049
0.996052
0.996055
0.996058
0.996060
0.996063
0.996066
0.996068
0.996070
