0.006817
0.012192
0.016871
0.021255
0.025514
0.029758
0.034068
0.038518
0.043191
0.048172
0.053547
0.059411
0.065868
0.073035
0.081052
0.090111
0.100458
0.112398
0.126329
0.142877
0.162931
0.187782
0.219685
0.262785
0.325187
0.424720
0.598350
0.834389
0.968367
0.990551
0.991629
0.991875
0.992113
0.992350
0.992584
0.992815
0.993042
0.993264
0.993481
0.993693
0.993899
0.994099
0.994293
0.994481
0.994663
0.994838
0.995008
0.995171
0.995328
0.995479
0.995624
0.995762
0.995896
0.996023
0.996144
0.996261
0.996371
0.996477
0.996578
0.996673
0.996764
0.996851
0.996933
0.997010
0.997084
0.997153
0.997219
0.997281
0.997340
0.997396
0.997448
0.997497
0.997543
0.997587
0.997628
0.997666
0.997702
0.997736
0.997768
0.997798
0.997826
0.997852
0.997876
0.997899
0.997920
0.997940
0.997958
0.997976
0.997992
0.998007
0.998021
0.998033
0.998045
0.998057
0.998067
0.998077
0.998086
0.998094
0.998102
0.998109
0.998115
0.998121
0.998127
0.998132
0.998137
0.998141
0.998145
0.998149
0.998153
0.998156
0.998159
0.998162
0.998164
0.998166
0.998169
0.998171
0.998172
0.998174
0.998175
0.998177
0.998178
0.998179
0.998180
0.998181
0.998182
0.998183
0.998184
0.998185
0.998185
0.998186
0.998186
0.998187
0.998187
0.998188
0.998188
0.998188
0.998189
0.998189
0.998189
0.998189
0.998190
0.998190
0.998190
0.998190
0.998190
0.998190
0.998190
0.998191
0.998191
0.998191
0.998191
0.998191
0.998191
0.998191
0.998191
0.998191
0.998191
0.998191
0.998191
0.998191
0.998191
0.998191
0.998191
0.998191
0.998191
0.998191
0.998191
0.998192
0.998192
0.998192
0.998192
0.998192
0.998192
0.998192
0.998192
0.998192
0.998192
0.998192
0.998192
0.998192
0.998192
0.998192
0.998192
0.998192
0.998192
0.998192
0.998192
0.998192
0.998192
0.998192
0.998192
0.998192
0.998192
0.998192
0.998192
0.998192
0.998192
0.998192
0.998192
0.998192
0.998192
0.998192
0.998192
0.998192
0.998192
0.998192
0.998192
0.998192
0.998192
0.998192
0.998192
0.998192
0.998192
0.998192
0.998192
0.998192
0.998192
0.998192
0.998192
0.998192
0.998192
0.998192
0.998192
0.998192
0.998192
0.998192
0.998192
0.998192
0.998192
0.998192
0.998192
0.998192
0.998192
0.998192
0.998192
0.998192
0.998192
0.998192
0.998192
0.998192
0.998192
0.998192
0.998192
0.998192
0.998192
0.998192
0.998192
0.998192
0.998192
0.998192
0.998192
0.998192
0.998192
0.998192
0.998192
0.998192
0.998192
0.998192
0.998192
0.998192
0.998192
0.998192
0.998192
0.998192
0.998192
0.998192
0.998192
0.998192
0.998192
0.998192
0.998192
0.998192
0.998192
0.998192
0.998192
0.998192
0.998192
0.998192
0.998192
0.998192
0.998192
0.998192
0.998192
0.998192
0.998192
0.998192
0.998192
0.998192
0.998192
0.998192
0.998192
0.998192
0.998192
0.998192
0.998192
0.998192
0.998192
0.998192
0.998192
0.998192
0.998192
0.998192
0.998192
0.998192
0.998192
0.998192
0.998192
0.998192
0.998192
0.998192
0.998192
0.998192
0.998192
0.998192
0.998192
0.998192
0.998192
0.998192
0.998192
0.998192
0.998192
0.998192
0.998192
0.998192
0.998192
0.998192
0.998192
0.998192
0.998192
0.998192
0.998192
0.998192
0.998192
0.998192
0.998192
0.998192
0.998192
0.998192
0.998192
0.998192
0.998192
0.998192
0.998192
0.998192
0.998192
0.998192
0.998192
0.998192
0.998192
0.998192
0.998192
0.998192
0.998192
0.998192
0.998192
0.998192
0.998192
0.998192
0.998192
0.998192
0.998192
0.998192
0.998192
0.998192
0.998192
0.998192
0.998192
0.998192
0.998192
0.998192
0.998192
0.998192
0.998192
0.998192
0.998192
0.998192
0.998192
0.998192
0.998192
0.998192
0.998192
0.998192
0.998192
0.998192
0.998192
0.998192
0.998192
0.998192
0.998192
0.998192
0.998192
0.998192
0.998192
0.998192
0.998192
0.998192
0.998192
0.998192
0.998192
0.998192
0.998192
0.998192
0.998192
0.998192
0.998192
0.998192
0.998192
0.998192
0.998192
0.998192
0.998192
0.998192
0.998192
0.998192
0.998192
0.998192
0.998192
0.998192
0.998192
0.998192
0.998192
0.998192
0.998192
0.998192
0.998192
0.998192
0.998192
0.998192
0.998192
0.998192
0.998192
0.998192
0.998192
0.998192
0.998192
0.998192
0.998192
0.998192
0.998192
0.998192
0.998192
0.998192
0.998192
0.998192
0.998192
0.998192
0.998192
0.998192
0.998192
0.998192
0.998192
0.998192
0.998192
0.998192
0.998192
0.998192
0.998192
0.998192
0.998192
0.998192
0.998192
0.998192
0.998192
0.998192
0.998192
0.998192
0.998192
0.998192
0.998192
0.998192
0.998192
0.998192
0.998192
0.998192
0.998192
0.998192
0.998192
0.998192
0.998192
0.998192
0.998192
0.998192
0.998192
0.998192
0.998192
0.998192
0.998192
0.998192
0.998192
0.998192
0.998192
0.998192
0.998192
0.998192
0.998192
0.998192
0.998192
0.998192
0.998192
0.998192
0.998192
0.998192
0.998192
0.998192
0.998192
0.998192
0.998192
0.998192
0.998192
0.998192
0.998192
0.998192
0.998192
0.998192
0.998192
0.998192
0.998192
0.998192
0.998192
0.998192
0.998192
0.998192
0.998192
0.998192
0.998192
0.998192
0.998192
0.998192
0.998192
0.998192
0.998192
0.998192
0.998192
0.998192
0.998192
0.998192
0.998192
0.998192
0.998192
0.998192
0.998192
0.998192
0.998192
0.998192
0.998192
0.998192
0.998192
0.998192
0.998192
0.998192
0.998192
0.998192
0.998192
0.998192
0.998192
0.998192
0.998192
0.998192
0.998192
0.998192
0.998192
0.998192
0.998192
0.998192
0.998192
0.998192
0.998192
0.998192
0.998192
0.998192
0.998192
0.998192
0.998192
0.998192
0.998192
0.998192
0.998192
0.998192
0.998192
0.998192
0.998192
0.998192
0.998192
0.998192
0.998192
0.998192
0.998192
0.998192
0.998192
0.998192
0.998192
0.998192
0.998192
0.998192
0.998192
0.998192
0.998192
0.998192
0.998192
0.998192
