0.177451
0.292817
0.189528
0.223196
0.251829
0.276555
0.298376
0.317966
0.335817
0.352292
0.367651
0.382098
0.395805
0.408918
0.421548
0.433775
0.445712
0.457497
0.469306
0.481410
0.494546
0.506824
0.514153
0.520278
0.526420
0.532607
0.538837
0.545108
0.551416
0.557760
0.564135
0.570540
0.576971
0.583427
0.589902
0.596396
0.602904
0.609423
0.615951
0.622713
0.629137
0.635574
0.642013
0.648452
0.654887
0.661313
0.667726
0.674124
0.680503
0.686859
0.693188
0.699489
0.705756
0.711988
0.718180
0.724331
0.730435
0.736492
0.742497
0.748448
0.754342
0.760176
0.765948
0.771656
0.777296
0.782867
0.788366
0.793791
0.799141
0.804413
0.809605
0.814716
0.819744
0.824688
0.829546
0.834317
0.839001
0.843595
0.848099
0.852513
0.856836
0.861066
0.865204
0.869250
0.873202
0.877062
0.880829
0.884502
0.888083
0.891572
0.894969
0.898274
0.901488
0.904612
0.907646
0.910592
0.913450
0.916220
0.918906
0.921506
0.924023
0.926458
0.928811
0.931085
0.933281
0.935400
0.937443
0.939412
0.941309
0.943136
0.944893
0.946582
0.948205
0.949764
0.951260
0.952695
0.954070
0.955388
0.956650
0.957857
0.959011
0.960114
0.961167
0.962172
0.963131
0.964046
0.964916
0.965746
0.966534
0.967285
0.967997
0.968674
0.969317
0.969926
0.970504
0.971051
0.971569
0.972060
0.972523
0.972961
0.973374
0.973765
0.974133
0.974480
0.974806
0.975114
0.975403
0.975675
0.975931
0.976171
0.976396
0.976607
0.976805
0.976990
0.977164
0.977326
0.977477
0.977619
0.977751
0.977875
0.977989
0.978097
0.978196
0.978289
0.978375
0.978455
0.978530
0.978599
0.978663
0.978722
0.978777
0.978828
0.978875
0.978919
0.978959
0.978996
0.979030
0.979062
0.979091
0.979118
0.979142
0.979165
0.979186
0.979205
0.979222
0.979239
0.979253
0.979267
0.979279
0.979290
0.979301
0.979310
0.979319
0.979327
0.979334
0.979340
0.979346
0.979352
0.979357
0.979361
0.979365
0.979369
0.979372
0.979375
0.979378
0.979380
0.979383
0.979385
0.979387
0.979388
0.979390
0.979391
0.979392
0.979393
0.979394
0.979395
0.979396
0.979397
0.979397
0.979398
0.979398
0.979399
0.979399
0.979400
0.979400
0.979400
0.979400
0.979401
0.979401
0.979401
0.979401
0.979401
0.979402
0.979402
0.979402
0.979402
0.979402
0.979402
0.979402
0.979402
0.979402
0.979402
0.979402
0.979402
0.979402
0.979402
0.979402
0.979402
0.979402
0.979402
0.979402
0.979402
0.979402
0.979402
0.979402
0.979402
0.979402
0.979402
0.979402
0.979403
0.979403
0.979403
0.979403
0.979403
0.979403
0.979403
0.979403
0.979403
0.979403
0.979403
0.979403
0.979403
0.979403
0.979403
0.979403
0.979403
0.979403
0.979403
0.979403
0.979403
0.979403
0.979403
0.979403
0.979403
0.979403
0.979403
0.979403
0.979403
0.979403
0.979403
0.979403
0.979403
0.979403
0.979403
0.979403
0.979403
0.979403
0.979403
0.979403
0.979403
0.979403
0.979403
0.979403
0.979403
0.979403
0.979403
0.979403
0.979403
0.979403
0.979403
0.979403
0.979403
0.979403
0.979403
0.979403
0.979403
0.979403
0.979403
0.979403
0.979403
0.979403
0.979403
0.979403
0.979403
0.979403
0.979403
0.979403
0.979403
0.979403
0.979403
0.979403
0.979403
0.979403
0.979403
0.979403
0.979403
0.979403
0.979403
0.979403
0.979403
0.979403
0.979403
0.979403
0.979403
0.979403
0.979403
0.979403
0.979403
0.979403
0.979403
0.979403
0.979403
0.979403
0.979403
0.979403
0.979403
0.979403
0.979403
0.979403
0.979403
0.979403
0.979403
0.979403
0.979403
0.979403
0.979403
0.979403
0.979403
0.979403
0.979403
0.979403
0.979403
0.979403
0.979403
0.979403
0.979403
0.979403
0.979403
0.979403
0.979403
0.979403
0.979403
0.979403
0.979403
0.979403
0.979403
0.979403
0.979403
0.979403
0.979403
0.979403
0.979403
0.979403
0.979403
0.979403
0.979403
0.979403
0.979403
0.979403
0.979403
0.979403
0.979403
0.979403
0.979403
0.979403
0.979403
0.979403
0.979403
0.979403
0.979403
0.979403
0.979403
0.979403
0.979403
0.979403
0.979403
0.979403
0.979403
0.979403
0.979403
0.979403
0.979403
0.979403
0.979403
0.979403
0.979403
0.979403
0.979403
0.979403
0.979403
0.979403
0.979403
0.979403
0.979403
0.979403
0.979403
0.979403
0.979403
0.979403
0.979403
0.979403
0.979403
0.979403
0.979403
0.979403
0.979403
0.979403
0.979403
0.979403
0.979403
0.979403
0.979403
0.979403
0.979403
0.979403
0.979403
0.979403
0.979403
0.979403
0.979403
0.979403
0.979403
0.979403
0.979403
0.979403
0.979403
0.979403
0.979403
0.979403
0.979403
0.979403
0.979403
0.979403
0.979403
0.979403
0.979403
0.979403
0.979403
0.979403
0.979403
0.979403
0.979403
0.979403
0.979403
0.979403
0.979403
0.979403
0.979403
0.979403
0.979403
0.979403
0.979403
0.979403
0.979403
0.979403
0.979403
0.979403
0.979403
0.979403
0.979403
0.979403
0.979403
0.979403
0.979403
0.979403
0.979403
0.979403
0.979403
0.979403
0.979403
0.979403
0.979403
0.979403
0.979403
0.979403
0.979403
0.979403
0.979403
0.979403
0.979403
0.979403
0.979403
0.979403
0.979403
0.979403
0.979403
0.979403
0.979403
0.979403
0.979403
0.979403
0.979403
0.979403
0.979403
0.979403
0.979403
0.979403
0.979403
0.979403
0.979403
0.979403
0.979403
0.979403
0.979403
0.979403
0.979403
0.979403
0.979403
0.979403
0.979403
0.979403
0.979403
0.979403
0.979403
0.979403
0.979403
0.979403
0.979403
0.979403
0.979403
0.979403
0.979403
0.979403
0.979403
0.979403
0.979403
0.979403
0.979403
0.979403
0.979403
0.979403
0.979403
0.979403
0.979403
0.979403
0.979403
0.979403
0.979403
0.979403
0.979403
0.979403
0.979403
0.979403
0.979403
0.979403
0.979403
0.979403
0.979403
0.979403
0.979403
0.979403
0.979403
0.979403
0.979403
0.979403
0.979403
0.979403
0.979403
0.979403
0.979403
