0.118858
0.162242
0.180410
0.193128
0.204080
0.214107
0.223483
0.232319
0.240704
0.248764
0.256632
0.264483
0.272622
0.282162
0.288390
0.290511
0.292482
0.294447
0.296406
0.298360
0.300307
0.302248
0.304183
0.306111
0.308034
0.309951
0.311862
0.313767
0.315666
0.317560
0.319447
0.321329
0.323206
0.325077
0.326942
0.328802
0.330657
0.332506
0.334350
0.336242
0.337939
0.339620
0.341295
0.342965
0.344631
0.346293
0.347950
0.349603
0.351252
0.352896
0.354537
0.356173
0.357805
0.359433
0.361057
0.362676
0.364292
0.365903
0.367510
0.369113
0.370713
0.372308
0.373899
0.375486
0.377069
0.378647
0.380222
0.381793
0.383360
0.384923
0.386482
0.388037
0.389588
0.391135
0.392678
0.394217
0.395753
0.397284
0.398812
0.400335
0.401855
0.403371
0.404883
0.406391
0.407895
0.409396
0.410892
0.412385
0.413874
0.415360
0.416841
0.418319
0.419793
0.421263
0.422729
0.424192
0.425651
0.427106
0.428558
0.430006
0.431450
0.432890
0.434327
0.435760
0.437190
0.438616
0.440038
0.441456
0.442871
0.444283
0.445691
0.447095
0.448496
0.449893
0.451286
0.452676
0.454062
0.455445
0.456825
0.458201
0.459573
0.460942
0.462307
0.463669
0.465027
0.466382
0.467734
0.469082
0.470426
0.471768
0.473105
0.474440
0.475771
0.477098
0.478422
0.479743
0.481061
0.482375
0.483685
0.484993
0.486297
0.487598
0.488895
0.490189
0.491480
0.492768
0.494052
0.495333
0.496610
0.497885
0.499156
0.500424
0.501689
0.502950
0.504209
0.505464
0.506716
0.507964
0.509210
0.510452
0.511691
0.512927
0.514160
0.515390
0.516617
0.517840
0.519060
0.520278
0.521492
0.522703
0.523911
0.525116
0.526317
0.527516
0.528712
0.529904
0.531094
0.532281
0.533464
0.534645
0.535822
0.536997
0.538168
0.539337
0.540502
0.541665
0.542825
0.543981
0.545135
0.546286
0.547434
0.548578
0.549721
0.550860
0.551996
0.553129
0.554259
0.555387
0.556512
0.557633
0.558752
0.559868
0.560982
0.562092
0.563200
0.564304
0.565406
0.566505
0.567602
0.568695
0.569786
0.570874
0.571959
0.573042
0.574121
0.575198
0.576272
0.577344
0.578413
0.579479
0.580542
0.581602
0.582660
0.583715
0.584768
0.585818
0.586865
0.587909
0.588951
0.589990
0.591027
0.592061
0.593092
0.594120
0.595146
0.596170
0.597191
0.598209
0.599224
0.600237
0.601248
0.602256
0.603261
0.604264
0.605264
0.606261
0.607257
0.608249
0.609239
0.610227
0.611212
0.612194
0.613174
0.614152
0.615127
0.616099
0.617069
0.618037
0.619002
0.619965
0.620925
0.621883
0.622838
0.623791
0.624742
0.625690
0.626635
0.627579
0.628520
0.629458
0.630394
0.631328
0.632260
0.633189
0.634115
0.635040
0.635962
0.636881
0.637798
0.638713
0.639626
0.640536
0.641445
0.642350
0.643254
0.644155
0.645054
0.645950
0.646845
0.647737
0.648627
0.649514
0.650399
0.651283
0.652163
0.653042
0.653918
0.654793
0.655665
0.656534
0.657402
0.658267
0.659131
0.659992
0.660850
0.661707
0.662562
0.663414
0.664264
0.665112
0.665958
0.666802
0.667644
0.668483
0.669321
0.670156
0.670990
0.671821
0.672650
0.673477
0.674302
0.675125
0.675946
0.676764
0.677581
0.678396
0.679208
0.680019
0.680827
0.681634
0.682438
0.683241
0.684041
0.684840
0.685636
0.686431
0.687224
0.688014
0.688803
0.689589
0.690374
0.691157
0.691938
0.692716
0.693493
0.694268
0.695042
0.695813
0.696582
0.697349
0.698115
0.698878
0.699640
0.700400
0.701158
0.701914
0.702668
0.703420
0.704171
0.704920
0.705666
0.706412
0.707155
0.707896
0.708636
0.709373
0.710109
0.710843
0.711576
0.712306
0.713035
0.713762
0.714488
0.715211
0.715933
0.716653
0.717371
0.718088
0.718802
0.719516
0.720227
0.720937
0.721645
0.722351
0.723055
0.723758
0.724460
0.725159
0.725857
0.726553
0.727248
0.727941
0.728632
0.729322
0.730010
0.730696
0.731381
0.732064
0.732746
0.733426
0.734104
0.734781
0.735456
0.736130
0.736802
0.737472
0.738141
0.738809
0.739475
0.740139
0.740802
0.741463
0.742123
0.742781
0.743438
0.744094
0.744747
0.745400
0.746051
0.746700
0.747348
0.747995
0.748640
0.749283
0.749925
0.750566
0.751205
0.751843
0.752480
0.753115
0.753749
0.754381
0.755012
0.755642
0.756270
0.756897
0.757522
0.758147
0.758769
0.759391
0.760011
0.760630
0.761248
0.761864
0.762479
0.763093
0.763705
0.764316
0.764926
0.765535
0.766142
0.766748
0.767353
0.767957
0.768559
0.769160
0.769760
0.770359
0.770957
0.771553
0.772149
0.772743
0.773336
0.773928
0.774518
0.775108
0.775696
0.776284
0.776870
0.777455
0.778039
0.778622
0.779204
0.779784
0.780364
0.780943
0.781520
0.782097
0.782672
0.783247
0.783820
0.784393
0.784964
0.785535
0.786104
0.786673
0.787240
0.787807
0.788372
0.788937
0.789501
0.790064
0.790626
0.791187
0.791747
0.792306
0.792864
0.793422
0.793978
0.794534
0.795089
0.795643
0.796196
0.796749
0.797300
0.797851
0.798401
0.798951
0.799499
0.800047
0.800594
0.801140
0.801685
0.802230
0.802774
0.803317
0.803860
0.804402
0.804943
0.805484
0.806023
0.806563
0.807101
0.807639
0.808177
0.808713
0.809249
0.809785
0.810320
0.810854
0.811388
0.811921
0.812454
0.812986
0.813517
0.814048
0.814579
0.815109
0.815638
0.816168
0.816696
0.817224
0.817752
0.818279
0.818806
0.819332
0.819858
0.820384
0.820909
0.821434
0.821958
0.822482
0.823006
0.823529
0.824052
0.824575
0.825097
0.825619
0.826141
0.826662
0.827183
0.827704
0.828225
0.828745
0.829265
0.829785
0.830305
0.830824
0.831344
0.831863
0.832381
0.832900
0.833419
0.833937
0.834455
0.834974
0.835492
0.836010
0.836527
0.837045
0.837563
0.838080
0.838598
0.839115
0.839633
0.840150
0.840667
0.841184
0.841702
0.842219
0.842736
0.843254
0.843771
0.844288
0.844806
0.845323
0.845841
0.846358
0.846876
0.847394
