0.032543
0.070046
0.110775
0.157364
0.213022
0.268329
0.279889
0.248385
0.235953
0.243117
0.251514
0.259701
0.267851
0.276228
0.285761
0.293897
0.296552
0.298665
0.300779
0.302894
0.305011
0.307130
0.309251
0.311374
0.313499
0.315627
0.317758
0.319892
0.322028
0.324168
0.326312
0.328459
0.330611
0.332767
0.334927
0.337091
0.339261
0.341435
0.343615
0.345828
0.347828
0.349854
0.351889
0.353931
0.355980
0.358037
0.360102
0.362174
0.364255
0.366343
0.368440
0.370544
0.372658
0.374779
0.376910
0.379049
0.381198
0.383355
0.385522
0.387697
0.389883
0.392077
0.394282
0.396496
0.398720
0.400954
0.403197
0.405451
0.407715
0.409990
0.412274
0.414569
0.416875
0.419191
0.421517
0.423854
0.426202
0.428560
0.430929
0.433309
0.435700
0.438102
0.440514
0.442937
0.445371
0.447816
0.450272
0.452738
0.455216
0.457704
0.460203
0.462713
0.465233
0.467765
0.470307
0.472859
0.475422
0.477995
0.480579
0.483174
0.485778
0.488393
0.491018
0.493653
0.496298
0.498952
0.501617
0.504290
0.506974
0.509667
0.512369
0.515080
0.517800
0.520529
0.523267
0.526013
0.528768
0.531531
0.534301
0.537080
0.539867
0.542661
0.545462
0.548271
0.551086
0.553909
0.556738
0.559573
0.562414
0.565262
0.568115
0.570974
0.573838
0.576707
0.579581
0.582459
0.585342
0.588230
0.591121
0.594015
0.596914
0.599815
0.602719
0.605626
0.608535
0.611447
0.614360
0.617275
0.620191
0.623109
0.626027
0.628946
0.631865
0.634784
0.637703
0.640621
0.643539
0.646455
0.649371
0.652284
0.655196
0.658105
0.661012
0.663916
0.666817
0.669715
0.672609
0.675499
0.678385
0.681267
0.684144
0.687016
0.689883
0.692744
0.695600
0.698449
0.701292
0.704128
0.706958
0.709780
0.712595
0.715403
0.718202
0.720993
0.723776
0.726550
0.729315
0.732070
0.734817
0.737553
0.740280
0.742996
0.745702
0.748397
0.751082
0.753755
0.756417
0.759067
0.761706
0.764332
0.766947
0.769548
0.772138
0.774714
0.777277
0.779827
0.782364
0.784887
0.787396
0.789891
0.792372
0.794838
0.797290
0.799728
0.802150
0.804558
0.806950
0.809327
0.811689
0.814035
0.816365
0.818680
0.820978
0.823261
0.825527
0.827776
0.830010
0.832226
0.834426
0.836609
0.838776
0.840925
0.843057
0.845173
0.847271
0.849351
0.851414
0.853460
0.855489
0.857499
0.859493
0.861468
0.863426
0.865366
0.867288
0.869193
0.871079
0.872948
0.874799
0.876632
0.878447
0.880244
0.882023
0.883784
0.885528
0.887253
0.888960
0.890650
0.892321
0.893975
0.895611
0.897229
0.898829
0.900411
0.901976
0.903523
0.905052
0.906564
0.908058
0.909535
0.910994
0.912436
0.913860
0.915267
0.916657
0.918030
0.919385
0.920724
0.922046
0.923351
0.924639
0.925911
0.927165
0.928404
0.929626
0.930831
0.932021
0.933194
0.934351
0.935493
0.936618
0.937728
0.938822
0.939901
0.940964
0.942012
0.943045
0.944063
0.945066
0.946054
0.947027
0.947985
0.948930
0.949860
0.950775
0.951677
0.952564
0.953438
0.954298
0.955144
0.955977
0.956797
0.957603
0.958396
0.959177
0.959944
0.960699
0.961441
0.962171
0.962889
0.963594
0.964287
0.964969
0.965639
0.966297
0.966943
0.967579
0.968203
0.968816
0.969418
0.970009
0.970589
0.971159
0.971719
0.972268
0.972807
0.973336
0.973855
0.974365
0.974865
0.975355
0.975836
0.976308
0.976770
0.977224
0.977668
0.978104
0.978532
0.978951
0.979361
0.979764
0.980158
0.980544
0.980922
0.981293
0.981656
0.982011
0.982360
0.982700
0.983034
0.983361
0.983680
0.983993
0.984299
0.984599
0.984892
0.985179
0.985460
0.985734
0.986002
0.986265
0.986521
0.986772
0.987017
0.987257
0.987491
0.987720
0.987943
0.988162
0.988375
0.988584
0.988787
0.988986
0.989180
0.989370
0.989555
0.989735
0.989912
0.990084
0.990252
0.990416
0.990575
0.990731
0.990883
0.991032
0.991176
0.991317
0.991455
0.991589
0.991720
0.991847
0.991971
0.992092
0.992210
0.992325
0.992436
0.992545
0.992651
0.992755
0.992855
0.992953
0.993048
0.993141
0.993231
0.993319
0.993405
0.993488
0.993569
0.993647
0.993724
0.993798
0.993871
0.993941
0.994009
0.994076
0.994140
0.994203
0.994264
0.994323
0.994381
0.994437
0.994491
0.994544
0.994595
0.994645
0.994693
0.994740
0.994785
0.994829
0.994872
0.994914
0.994954
0.994993
0.995031
0.995068
0.995103
0.995138
0.995172
0.995204
0.995235
0.995266
0.995295
0.995324
0.995352
0.995379
0.995405
0.995430
0.995454
0.995478
0.995501
0.995523
0.995544
0.995565
0.995585
0.995604
0.995623
0.995641
0.995659
0.995676
0.995692
0.995708
0.995723
0.995738
0.995753
0.995766
0.995780
0.995793
0.995805
0.995817
0.995829
0.995840
0.995851
0.995861
0.995871
0.995881
0.995891
0.995900
0.995908
0.995917
0.995925
0.995933
0.995941
0.995948
0.995955
0.995962
0.995968
0.995975
0.995981
0.995986
0.995992
0.995998
0.996003
0.996008
0.996013
0.996017
0.996022
0.996026
0.996030
0.996034
0.996038
0.996042
0.996045
0.996049
0.996052
0.996055
0.996058
0.996061
0.996064
0.996067
0.996069
0.996072
0.996074
0.996077
0.996079
0.996081
0.996083
0.996085
0.996087
0.996089
0.996090
0.996092
0.996094
0.996095
0.996097
0.996098
0.996099
0.996101
0.996102
0.996103
0.996104
0.996105
0.996106
0.996107
0.996108
0.996109
0.996110
0.996111
0.996112
0.996112
0.996113
0.996114
0.996114
0.996115
0.996116
0.996116
0.996117
0.996117
0.996118
0.996118
0.996119
0.996119
0.996120
0.996120
0.996121
0.996121
0.996121
0.996122
0.996122
0.996122
0.996123
0.996123
0.996123
0.996123
0.996124
0.996124
0.996124
0.996124
0.996125
0.996125
0.996125
0.996125
0.996125
0.996125
0.996126
0.996126
0.996126
0.996126
0.996126
0.996126
0.996126
0.996126
0.996127
0.996127
0.996127
0.996127
0.996127
0.996127
0.996127
0.996127
0.996127
