0.010883
0.023146
0.035814
0.049181
0.063922
0.081095
0.091321
0.102330
0.114813
0.129126
0.145773
0.165563
0.189917
0.220551
0.256308
0.288265
0.302566
0.296268
0.285038
0.281645
0.283033
0.285011
0.286999
0.288984
0.290965
0.292942
0.294917
0.296888
0.298855
0.300820
0.302781
0.304740
0.306695
0.308648
0.310597
0.312544
0.314488
0.316430
0.318369
0.320338
0.322097
0.323866
0.325634
0.327401
0.329167
0.330931
0.332695
0.334457
0.336218
0.337978
0.339738
0.341496
0.343254
0.345011
0.346767
0.348523
0.350279
0.352033
0.353788
0.355542
0.357296
0.359050
0.360803
0.362557
0.364310
0.366064
0.367818
0.369572
0.371326
0.373081
0.374836
0.376592
0.378348
0.380104
0.381862
0.383620
0.385379
0.387138
0.388899
0.390660
0.392423
0.394186
0.395951
0.397717
0.399484
0.401252
0.403022
0.404793
0.406566
0.408340
0.410116
0.411893
0.413672
0.415452
0.417235
0.419019
0.420805
0.422592
0.424382
0.426174
0.427967
0.429763
0.431561
0.433361
0.435163
0.436967
0.438773
0.440582
0.442393
0.444206
0.446021
0.447839
0.449660
0.451482
0.453307
0.455135
0.456965
0.458797
0.460633
0.462470
0.464310
0.466153
0.467998
0.469846
0.471696
0.473549
0.475405
0.477263
0.479124
0.480988
0.482854
0.484723
0.486594
0.488468
0.490345
0.492224
0.494106
0.495990
0.497877
0.499767
0.501659
0.503554
0.505451
0.507351
0.509253
0.511158
0.513066
0.514975
0.516888
0.518802
0.520719
0.522639
0.524560
0.526484
0.528411
0.530339
0.532270
0.534203
0.536138
0.538075
0.540014
0.541955
0.543899
0.545844
0.547791
0.549740
0.551691
0.553643
0.555598
0.557554
0.559511
0.561470
0.563431
0.565393
0.567357
0.569322
0.571288
0.573256
0.575225
0.577195
0.579166
0.581138
0.583111
0.585085
0.587060
0.589036
0.591012
0.592989
0.594967
0.596945
0.598924
0.600903
0.602883
0.604862
0.606842
0.608822
0.610803
0.612783
0.614763
0.616743
0.618723
0.620702
0.622681
0.624660
0.626638
0.628616
0.630593
0.632569
0.634544
0.636519
0.638493
0.640465
0.642437
0.644407
0.646376
0.648344
0.650310
0.652275
0.654238
0.656200
0.658160
0.660118
0.662075
0.664029
0.665981
0.667932
0.669880
0.671826
0.673769
0.675710
0.677649
0.679585
0.681519
0.683449
0.685377
0.687303
0.689225
0.691144
0.693060
0.694973
0.696883
0.698789
0.700692
0.702592
0.704488
0.706380
0.708269
0.710154
0.712035
0.713912
0.715785
0.717654
0.719520
0.721380
0.723237
0.725089
0.726937
0.728781
0.730620
0.732454
0.734284
0.736109
0.737929
0.739744
0.741555
0.743360
0.745160
0.746955
0.748745
0.750530
0.752309
0.754084
0.755852
0.757615
0.759373
0.761125
0.762871
0.764612
0.766347
0.768076
0.769799
0.771516
0.773227
0.774932
0.776631
0.778324
0.780011
0.781691
0.783366
0.785033
0.786695
0.788350
0.789998
0.791640
0.793276
0.794904
0.796526
0.798142
0.799750
0.801352
0.802947
0.804535
0.806117
0.807691
0.809258
0.810819
0.812372
0.813918
0.815457
0.816989
0.818514
0.820031
0.821541
0.823044
0.824540
0.826028
0.827509
0.828983
0.830449
0.831908
0.833359
0.834803
0.836240
0.837668
0.839090
0.840503
0.841910
0.843308
0.844699
0.846082
0.847458
0.848826
0.850186
0.851539
0.852884
0.854221
0.855550
0.856872
0.858186
0.859492
0.860791
0.862081
0.863364
0.864639
0.865906
0.867166
0.868418
0.869662
0.870898
0.872126
0.873346
0.874559
0.875764
0.876961
0.878150
0.879332
0.880505
0.881671
0.882829
0.883979
0.885122
0.886256
0.887383
0.888502
0.889614
0.890717
0.891813
0.892901
0.893982
0.895055
0.896120
0.897177
0.898227
0.899269
0.900303
0.901330
0.902349
0.903361
0.904365
0.905361
0.906350
0.907331
0.908305
0.909271
0.910230
0.911182
0.912126
0.913062
0.913991
0.914913
0.915828
0.916735
0.917635
0.918527
0.919412
0.920290
0.921161
0.922025
0.922881
0.923731
0.924573
0.925408
0.926236
0.927057
0.927871
0.928678
0.929478
0.930272
0.931058
0.931838
0.932610
0.933376
0.934135
0.934888
0.935633
0.936372
0.937104
0.937830
0.938549
0.939262
0.939968
0.940667
0.941360
0.942047
0.942727
0.943401
0.944069
0.944730
0.945385
0.946034
0.946677
0.947313
0.947944
0.948568
0.949186
0.949798
0.950405
0.951005
0.951599
0.952188
0.952770
0.953347
0.953918
0.954484
0.955043
0.955597
0.956146
0.956688
0.957226
0.957757
0.958284
0.958804
0.959320
0.959830
0.960334
0.960834
0.961328
0.961817
0.962300
0.962779
0.963252
0.963721
0.964184
0.964642
0.965096
0.965544
0.965988
0.966426
0.966860
0.967289
0.967713
0.968133
0.968548
0.968958
0.969364
0.969765
0.970161
0.970553
0.970941
0.971324
0.971703
0.972078
0.972448
0.972814
0.973175
0.973533
0.973886
0.974235
0.974580
0.974921
0.975258
0.975591
0.975920
0.976245
0.976566
0.976883
0.977196
0.977506
0.977812
0.978114
0.978413
0.978708
0.978999
0.979286
0.979570
0.979851
0.980128
0.980402
0.980672
0.980939
0.981202
0.981462
0.981719
0.981973
0.982223
0.982470
0.982714
0.982955
0.983193
0.983428
0.983659
0.983888
0.984114
0.984336
0.984556
0.984773
0.984987
0.985198
0.985407
0.985612
0.985815
0.986016
0.986213
0.986408
0.986600
0.986790
0.986977
0.987162
0.987344
0.987523
0.987700
0.987875
0.988047
0.988217
0.988384
0.988550
0.988712
0.988873
0.989031
0.989188
0.989342
0.989493
0.989643
0.989790
0.989936
0.990079
0.990220
0.990360
0.990497
0.990632
0.990765
0.990897
0.991026
0.991154
0.991280
0.991404
0.991526
0.991646
0.991764
0.991881
0.991996
0.992109
0.992221
0.992331
0.992439
0.992546
0.992651
0.992755
0.992857
0.992957
0.993056
0.993153
0.993249
0.993343
0.993436
0.993528
0.993618
0.993707
0.993794
0.993880
0.993965
0.994048
0.994130
0.994211
0.994290
0.994368
0.994445
0.994521
0.994596
0.994669
