0.019747
0.042089
0.065502
0.092587
0.129382
0.174361
0.214206
0.239558
0.252644
0.260399
0.267863
0.277427
0.281334
0.283321
0.285298
0.287269
0.289233
0.291192
0.293145
0.295091
0.297031
0.298965
0.300893
0.302815
0.304731
0.306641
0.308545
0.310444
0.312337
0.314224
0.316106
0.317982
0.319852
0.321718
0.323578
0.325432
0.327282
0.329126
0.330965
0.332844
0.334523
0.336196
0.337864
0.339528
0.341188
0.342844
0.344496
0.346143
0.347787
0.349426
0.351062
0.352693
0.354320
0.355943
0.357563
0.359178
0.360789
0.362397
0.364000
0.365600
0.367196
0.368788
0.370376
0.371960
0.373540
0.375116
0.376689
0.378258
0.379823
0.381384
0.382942
0.384496
0.386046
0.387593
0.389135
0.390674
0.392210
0.393742
0.395270
0.396795
0.398316
0.399833
0.401347
0.402857
0.404364
0.405867
0.407367
0.408863
0.410356
0.411845
0.413331
0.414814
0.416293
0.417769
0.419241
0.420710
0.422175
0.423638
0.425097
0.426552
0.428005
0.429454
0.430900
0.432342
0.433782
0.435218
0.436651
0.438081
0.439507
0.440931
0.442351
0.443769
0.445183
0.446594
0.448002
0.449407
0.450809
0.452208
0.453605
0.454998
0.456388
0.457775
0.459159
0.460540
0.461919
0.463295
0.464667
0.466037
0.467404
0.468768
0.470130
0.471489
0.472844
0.474198
0.475548
0.476896
0.478241
0.479583
0.480923
0.482260
0.483595
0.484927
0.486256
0.487583
0.488907
0.490228
0.491547
0.492864
0.494178
0.495490
0.496799
0.498106
0.499410
0.500712
0.502012
0.503309
0.504604
0.505896
0.507186
0.508474
0.509760
0.511043
0.512324
0.513603
0.514880
0.516154
0.517427
0.518697
0.519965
0.521231
0.522495
0.523756
0.525016
0.526274
0.527529
0.528783
0.530034
0.531284
0.532531
0.533777
0.535021
0.536262
0.537502
0.538740
0.539976
0.541211
0.542443
0.543674
0.544902
0.546129
0.547355
0.548578
0.549800
0.551020
0.552239
0.553455
0.554670
0.555884
0.557095
0.558306
0.559514
0.560721
0.561927
0.563130
0.564333
0.565534
0.566733
0.567931
0.569127
0.570322
0.571516
0.572708
0.573898
0.575088
0.576276
0.577462
0.578647
0.579831
0.581014
0.582195
0.583375
0.584554
0.585732
0.586908
0.588083
0.589257
0.590430
0.591601
0.592772
0.593941
0.595109
0.596276
0.597442
0.598607
0.599770
0.600933
0.602095
0.603256
0.604415
0.605574
0.606731
0.607888
0.609044
0.610199
0.611353
0.612506
0.613658
0.614809
0.615959
0.617108
0.618257
0.619405
0.620552
0.621698
0.622843
0.623988
0.625131
0.626274
0.627416
0.628558
0.629699
0.630839
0.631978
0.633116
0.634254
0.635392
0.636528
0.637664
0.638799
0.639934
0.641068
0.642201
0.643334
0.644466
0.645598
0.646729
0.647859
0.648989
0.650119
0.651247
0.652376
0.653503
0.654631
0.655757
0.656884
0.658009
0.659134
0.660259
0.661383
0.662507
0.663631
0.664753
0.665876
0.666998
0.668119
0.669240
0.670361
0.671481
0.672601
0.673721
0.674840
0.675958
0.677077
0.678195
0.679312
0.680429
0.681546
0.682662
0.683778
0.684894
0.686009
0.687124
0.688238
0.689352
0.690466
0.691579
0.692692
0.693805
0.694917
0.696029
0.697141
0.698252
0.699363
0.700474
0.701584
0.702694
0.703804
0.704913
0.706021
0.707130
0.708238
0.709346
0.710453
0.711560
0.712667
0.713773
0.714879
0.715985
0.717090
0.718195
0.719299
0.720403
0.721507
0.722610
0.723713
0.724815
0.725917
0.727019
0.728120
0.729221
0.730321
0.731421
0.732520
0.733619
0.734718
0.735816
0.736913
0.738010
0.739107
0.740203
0.741299
0.742394
0.743489
0.744583
0.745676
0.746769
0.747862
0.748953
0.750045
0.751135
0.752225
0.753315
0.754404
0.755492
0.756580
0.757667
0.758753
0.759839
0.760924
0.762008
0.763091
0.764174
0.765256
0.766338
0.767418
0.768498
0.769577
0.770655
0.771733
0.772809
0.773885
0.774960
0.776034
0.777107
0.778179
0.779251
0.780321
0.781391
0.782459
0.783527
0.784593
0.785659
0.786723
0.787786
0.788849
0.789910
0.790970
0.792030
0.793088
0.794144
0.795200
0.796255
0.797308
0.798360
0.799411
0.800460
0.801509
0.802556
0.803602
0.804646
0.805689
0.806731
0.807771
0.808810
0.809848
0.810884
0.811919
0.812952
0.813983
0.815014
0.816042
0.817069
0.818095
0.819119
0.820141
0.821161
0.822180
0.823198
0.824213
0.825227
0.826239
0.827250
0.828258
0.829265
0.830270
0.831273
0.832275
0.833274
0.834271
0.835267
0.836261
0.837252
0.838242
0.839230
0.840215
0.841199
0.842180
0.843160
0.844137
0.845112
0.846085
0.847056
0.848024
0.848990
0.849955
0.850916
0.851876
0.852833
0.853788
0.854741
0.855691
0.856638
0.857584
0.858527
0.859467
0.860405
0.861341
0.862274
0.863204
0.864132
0.865057
0.865980
0.866900
0.867817
0.868732
0.869644
0.870553
0.871460
0.872364
0.873265
0.874163
0.875059
0.875951
0.876841
0.877728
0.878612
0.879494
0.880372
0.881247
0.882120
0.882989
0.883855
0.884719
0.885579
0.886436
0.887291
0.888142
0.888990
0.889835
0.890676
0.891515
0.892351
0.893183
0.894012
0.894838
0.895660
0.896480
0.897296
0.898108
0.898918
0.899724
0.900527
0.901326
0.902122
0.902915
0.903704
0.904490
0.905273
0.906052
0.906827
0.907600
0.908368
0.909133
0.909895
0.910653
0.911408
0.912159
0.912907
0.913650
0.914391
0.915128
0.915861
0.916591
0.917317
0.918039
0.918758
0.919473
0.920184
0.920892
0.921596
0.922296
0.922993
0.923686
0.924375
0.925061
0.925743
0.926421
0.927095
0.927766
0.928433
0.929096
0.929755
0.930410
0.931062
0.931710
0.932354
0.932995
0.933631
0.934264
0.934893
0.935519
0.936140
0.936757
0.937371
0.937981
0.938587
0.939190
0.939788
0.940383
0.940973
0.941560
0.942143
0.942723
0.943298
0.943870
0.944438
0.945002
0.945562
0.946118
0.946671
0.947219
0.947764
0.948305
0.948842
0.949376
0.949905
0.950431
0.950953
0.951471
0.951985
