0.023101
0.062083
0.123759
0.174922
0.204136
0.220032
0.230545
0.239284
0.247482
0.255524
0.263613
0.272127
0.282219
0.287281
0.289292
0.291258
0.293218
0.295172
0.297119
0.299061
0.300996
0.302925
0.304848
0.306765
0.308676
0.310581
0.312480
0.314373
0.316260
0.318142
0.320017
0.321887
0.323752
0.325611
0.327465
0.329313
0.331156
0.332993
0.334826
0.336703
0.338386
0.340054
0.341718
0.343377
0.345032
0.346682
0.348328
0.349970
0.351608
0.353241
0.354871
0.356496
0.358117
0.359733
0.361346
0.362955
0.364559
0.366159
0.367756
0.369348
0.370936
0.372520
0.374100
0.375676
0.377248
0.378816
0.380380
0.381940
0.383496
0.385048
0.386597
0.388141
0.389681
0.391217
0.392750
0.394278
0.395803
0.397324
0.398841
0.400354
0.401863
0.403368
0.404870
0.406367
0.407861
0.409351
0.410838
0.412320
0.413799
0.415274
0.416745
0.418213
0.419677
0.421137
0.422593
0.424046
0.425495
0.426940
0.428382
0.429820
0.431254
0.432684
0.434112
0.435535
0.436955
0.438371
0.439783
0.441193
0.442598
0.444000
0.445398
0.446793
0.448184
0.449572
0.450956
0.452337
0.453714
0.455088
0.456458
0.457825
0.459188
0.460548
0.461904
0.463257
0.464607
0.465953
0.467295
0.468635
0.469971
0.471303
0.472632
0.473958
0.475281
0.476600
0.477916
0.479228
0.480537
0.481843
0.483146
0.484445
0.485741
0.487034
0.488323
0.489609
0.490892
0.492172
0.493449
0.494722
0.495992
0.497259
0.498523
0.499783
0.501041
0.502295
0.503546
0.504794
0.506039
0.507281
0.508519
0.509755
0.510987
0.512217
0.513443
0.514666
0.515886
0.517103
0.518317
0.519528
0.520736
0.521941
0.523143
0.524342
0.525538
0.526731
0.527921
0.529108
0.530292
0.531473
0.532651
0.533826
0.534999
0.536168
0.537335
0.538498
0.539659
0.540817
0.541972
0.543124
0.544274
0.545420
0.546564
0.547705
0.548843
0.549978
0.551110
0.552240
0.553367
0.554491
0.555612
0.556731
0.557847
0.558960
0.560070
0.561178
0.562283
0.563385
0.564485
0.565582
0.566676
0.567767
0.568856
0.569943
0.571026
0.572107
0.573186
0.574261
0.575335
0.576405
0.577473
0.578539
0.579602
0.580662
0.581720
0.582775
0.583827
0.584878
0.585925
0.586970
0.588013
0.589053
0.590091
0.591126
0.592159
0.593189
0.594217
0.595243
0.596266
0.597286
0.598304
0.599320
0.600334
0.601345
0.602353
0.603360
0.604364
0.605365
0.606364
0.607361
0.608356
0.609348
0.610338
0.611326
0.612311
0.613295
0.614276
0.615254
0.616231
0.617205
0.618177
0.619147
0.620114
0.621079
0.622043
0.623003
0.623962
0.624919
0.625873
0.626826
0.627776
0.628724
0.629670
0.630614
0.631555
0.632495
0.633433
0.634368
0.635302
0.636233
0.637162
0.638090
0.639015
0.639938
0.640860
0.641779
0.642696
0.643611
0.644525
0.645436
0.646346
0.647253
0.648159
0.649062
0.649964
0.650864
0.651762
0.652658
0.653552
0.654444
0.655335
0.656223
0.657110
0.657995
0.658878
0.659760
0.660639
0.661517
0.662393
0.663267
0.664139
0.665010
0.665879
0.666746
0.667612
0.668476
0.669338
0.670198
0.671057
0.671914
0.672769
0.673623
0.674475
0.675325
0.676174
0.677021
0.677867
0.678711
0.679553
0.680394
0.681234
0.682071
0.682908
0.683742
0.684575
0.685407
0.686237
0.687066
0.687893
0.688718
0.689543
0.690365
0.691187
0.692007
0.692825
0.693642
0.694458
0.695272
0.696085
0.696896
0.697706
0.698515
0.699322
0.700128
0.700933
0.701736
0.702538
0.703339
0.704139
0.704937
0.705734
0.706530
0.707324
0.708117
0.708909
0.709700
0.710490
0.711278
0.712065
0.712851
0.713636
0.714420
0.715202
0.715984
0.716764
0.717543
0.718321
0.719098
0.719874
0.720649
0.721423
0.722195
0.722967
0.723737
0.724507
0.725276
0.726043
0.726810
0.727575
0.728340
0.729103
0.729866
0.730628
0.731388
0.732148
0.732907
0.733665
0.734422
0.735178
0.735934
0.736688
0.737442
0.738194
0.738946
0.739697
0.740448
0.741197
0.741946
0.742693
0.743440
0.744187
0.744932
0.745677
0.746421
0.747164
0.747907
0.748648
0.749389
0.750130
0.750869
0.751608
0.752347
0.753084
0.753821
0.754558
0.755293
0.756028
0.756763
0.757497
0.758230
0.758962
0.759694
0.760426
0.761157
0.761887
0.762617
0.763346
0.764075
0.764803
0.765530
0.766257
0.766984
0.767710
0.768436
0.769161
0.769885
0.770609
0.771333
0.772056
0.772779
0.773501
0.774223
0.774945
0.775666
0.776386
0.777107
0.777827
0.778546
0.779265
0.779984
0.780702
0.781420
0.782138
0.782855
0.783572
0.784288
0.785005
0.785721
0.786436
0.787152
0.787867
0.788581
0.789296
0.790010
0.790723
0.791437
0.792150
0.792863
0.793576
0.794288
0.795001
0.795712
0.796424
0.797136
0.797847
0.798558
0.799269
0.799979
0.800689
0.801399
0.802109
0.802819
0.803528
0.804238
0.804947
0.805656
0.806364
0.807073
0.807781
0.808489
0.809197
0.809905
0.810612
0.811319
0.812027
0.812734
0.813440
0.814147
0.814854
0.815560
0.816266
0.816972
0.817678
0.818384
0.819089
0.819794
0.820500
0.821204
0.821909
0.822614
0.823319
0.824023
0.824727
0.825431
0.826135
0.826839
0.827542
0.828245
0.828949
0.829652
0.830354
0.831057
0.831759
0.832462
0.833164
0.833866
0.834567
0.835269
0.835970
0.836671
0.837372
0.838073
0.838774
0.839474
0.840174
0.840874
0.841574
0.842273
0.842972
0.843671
0.844370
0.845068
0.845766
0.846464
0.847162
0.847859
0.848557
0.849253
0.849950
0.850646
0.851342
0.852038
0.852733
0.853428
0.854123
0.854817
0.855511
0.856205
0.856898
0.857591
0.858283
0.858976
0.859667
0.860359
0.861050
0.861740
0.862430
0.863120
0.863809
0.864498
0.865186
0.865874
0.866561
0.867248
0.867934
0.868620
0.869305
0.869990
0.870674
0.871358
0.872041
0.872723
0.873405
0.874086
0.874767
0.875447
0.876126
0.876804
0.877482
0.878160
0.878836
0.879512
