0.015430
0.032820
0.050772
0.069944
0.093509
0.127070
0.170125
0.212749
0.245817
0.267861
0.274648
0.277063
0.278648
0.280345
0.282241
0.284214
0.286190
0.288161
0.290125
0.292083
0.294035
0.295981
0.297920
0.299854
0.301782
0.303703
0.305619
0.307530
0.309434
0.311333
0.313226
0.315114
0.316997
0.318874
0.320745
0.322612
0.324473
0.326328
0.328179
0.330073
0.331769
0.333453
0.335133
0.336808
0.338479
0.340146
0.341809
0.343467
0.345121
0.346771
0.348417
0.350058
0.351695
0.353329
0.354958
0.356583
0.358204
0.359821
0.361433
0.363042
0.364647
0.366247
0.367844
0.369437
0.371025
0.372610
0.374191
0.375767
0.377340
0.378909
0.380474
0.382035
0.383592
0.385145
0.386694
0.388239
0.389781
0.391319
0.392853
0.394383
0.395909
0.397431
0.398950
0.400465
0.401976
0.403483
0.404987
0.406487
0.407983
0.409476
0.410964
0.412450
0.413931
0.415409
0.416883
0.418354
0.419820
0.421284
0.422743
0.424200
0.425652
0.427101
0.428547
0.429988
0.431427
0.432862
0.434293
0.435721
0.437145
0.438566
0.439984
0.441398
0.442808
0.444215
0.445619
0.447020
0.448417
0.449810
0.451200
0.452587
0.453971
0.455351
0.456728
0.458102
0.459472
0.460839
0.462203
0.463563
0.464921
0.466275
0.467626
0.468973
0.470318
0.471659
0.472997
0.474332
0.475664
0.476992
0.478318
0.479640
0.480960
0.482276
0.483589
0.484899
0.486206
0.487510
0.488811
0.490109
0.491404
0.492696
0.493985
0.495271
0.496554
0.497834
0.499112
0.500386
0.501657
0.502926
0.504191
0.505454
0.506714
0.507971
0.509225
0.510477
0.511725
0.512971
0.514214
0.515454
0.516691
0.517926
0.519158
0.520387
0.521614
0.522838
0.524059
0.525277
0.526493
0.527706
0.528916
0.530124
0.531329
0.532532
0.533732
0.534930
0.536124
0.537317
0.538506
0.539694
0.540878
0.542061
0.543240
0.544418
0.545592
0.546765
0.547934
0.549102
0.550267
0.551429
0.552589
0.553747
0.554903
0.556056
0.557206
0.558355
0.559501
0.560644
0.561786
0.562925
0.564062
0.565196
0.566328
0.567458
0.568586
0.569712
0.570835
0.571956
0.573075
0.574192
0.575307
0.576419
0.577530
0.578638
0.579744
0.580848
0.581950
0.583050
0.584148
0.585243
0.586337
0.587429
0.588518
0.589606
0.590692
0.591775
0.592857
0.593937
0.595014
0.596090
0.597164
0.598236
0.599306
0.600375
0.601441
0.602505
0.603568
0.604629
0.605688
0.606745
0.607800
0.608853
0.609905
0.610955
0.612003
0.613050
0.614094
0.615137
0.616179
0.617218
0.618256
0.619292
0.620326
0.621359
0.622390
0.623420
0.624448
0.625474
0.626499
0.627522
0.628543
0.629563
0.630581
0.631598
0.632613
0.633627
0.634639
0.635650
0.636659
0.637666
0.638673
0.639677
0.640680
0.641682
0.642683
0.643681
0.644679
0.645675
0.646670
0.647663
0.648655
0.649645
0.650635
0.651622
0.652609
0.653594
0.654578
0.655560
0.656542
0.657522
0.658500
0.659478
0.660454
0.661429
0.662402
0.663375
0.664346
0.665316
0.666284
0.667252
0.668218
0.669183
0.670147
0.671110
0.672072
0.673032
0.673992
0.674950
0.675907
0.676863
0.677818
0.678772
0.679725
0.680676
0.681627
0.682576
0.683525
0.684472
0.685419
0.686364
0.687308
0.688252
0.689194
0.690135
0.691075
0.692015
0.692953
0.693890
0.694827
0.695762
0.696696
0.697630
0.698562
0.699494
0.700425
0.701354
0.702283
0.703211
0.704138
0.705064
0.705990
0.706914
0.707837
0.708760
0.709682
0.710602
0.711522
0.712442
0.713360
0.714277
0.715194
0.716110
0.717025
0.717939
0.718852
0.719764
0.720676
0.721587
0.722497
0.723406
0.724315
0.725222
0.726129
0.727035
0.727941
0.728845
0.729749
0.730652
0.731554
0.732456
0.733356
0.734256
0.735156
0.736054
0.736952
0.737849
0.738745
0.739640
0.740535
0.741429
0.742322
0.743215
0.744107
0.744998
0.745888
0.746778
0.747666
0.748555
0.749442
0.750329
0.751215
0.752100
0.752984
0.753868
0.754751
0.755634
0.756515
0.757396
0.758276
0.759156
0.760035
0.760913
0.761790
0.762667
0.763542
0.764418
0.765292
0.766166
0.767039
0.767911
0.768782
0.769653
0.770523
0.771393
0.772261
0.773129
0.773996
0.774862
0.775728
0.776593
0.777457
0.778320
0.779183
0.780045
0.780906
0.781766
0.782626
0.783485
0.784343
0.785200
0.786056
0.786912
0.787767
0.788621
0.789474
0.790327
0.791179
0.792030
0.792880
0.793729
0.794577
0.795425
0.796272
0.797118
0.797963
0.798807
0.799651
0.800493
0.801335
0.802176
0.803016
0.803855
0.804693
0.805530
0.806367
0.807202
0.808037
0.808870
0.809703
0.810535
0.811366
0.812196
0.813025
0.813853
0.814680
0.815506
0.816331
0.817156
0.817979
0.818801
0.819622
0.820442
0.821261
0.822079
0.822896
0.823712
0.824527
0.825341
0.826154
0.826966
0.827777
0.828586
0.829395
0.830202
0.831008
0.831813
0.832617
0.833420
0.834222
0.835022
0.835822
0.836620
0.837417
0.838213
0.839007
0.839801
0.840593
0.841384
0.842173
0.842962
0.843749
0.844535
0.845319
0.846103
0.846884
0.847665
0.848444
0.849222
0.849999
0.850774
0.851548
0.852321
0.853092
0.853862
0.854630
0.855397
0.856163
0.856927
0.857689
0.858451
0.859210
0.859969
0.860725
0.861481
0.862234
0.862987
0.863737
0.864486
0.865234
0.865980
0.866725
0.867468
0.868209
0.868949
0.869687
0.870423
0.871158
0.871891
0.872623
0.873353
0.874081
0.874807
0.875532
0.876255
0.876977
0.877696
0.878414
0.879130
0.879845
0.880557
0.881268
0.881977
0.882684
0.883390
0.884093
0.884795
0.885495
0.886193
0.886889
0.887583
0.888276
0.888966
0.889655
0.890342
0.891026
0.891709
0.892390
0.893069
0.893746
0.894421
0.895094
0.895765
0.896434
0.897101
0.897766
0.898428
0.899089
0.899748
0.900405
0.901059
0.901712
0.902362
0.903011
0.903657
0.904301
0.904943
0.905583
0.906221
0.906856
0.907489
0.908121
0.908750
