0.010155
0.023320
0.031823
0.036930
0.042315
0.048066
0.054258
0.060974
0.068325
0.076444
0.085488
0.095637
0.107124
0.120268
0.135495
0.153367
0.174652
0.200572
0.233120
0.275578
0.333275
0.410667
0.474402
0.441048
0.389911
0.384415
0.387881
0.391702
0.395610
0.399593
0.403646
0.407763
0.411940
0.416175
0.420465
0.424807
0.429201
0.433644
0.438135
0.442794
0.447194
0.451659
0.456172
0.460733
0.465339
0.469989
0.474681
0.479414
0.484186
0.488995
0.493842
0.498722
0.503637
0.508582
0.513558
0.518563
0.523594
0.528650
0.533730
0.538831
0.543953
0.549093
0.554249
0.559420
0.564604
0.569800
0.575004
0.580217
0.585434
0.590656
0.595880
0.601104
0.606327
0.611547
0.616761
0.621968
0.627167
0.632356
0.637532
0.642695
0.647842
0.652973
0.658084
0.663175
0.668245
0.673291
0.678312
0.683307
0.688273
0.693211
0.698118
0.702994
0.707836
0.712643
0.717415
0.722151
0.726848
0.731507
0.736125
0.740703
0.745239
0.749732
0.754181
0.758586
0.762945
0.767259
0.771526
0.775746
0.779918
0.784041
0.788116
0.792141
0.796117
0.800042
0.803917
0.807742
0.811515
0.815237
0.818907
0.822526
0.826094
0.829609
0.833073
0.836485
0.839845
0.843154
0.846411
0.849616
0.852770
0.855873
0.858926
0.861927
0.864878
0.867778
0.870629
0.873430
0.876182
0.878885
0.881540
0.884147
0.886706
0.889217
0.891682
0.894101
0.896473
0.898801
0.901083
0.903321
0.905516
0.907666
0.909775
0.911841
0.913865
0.915848
0.917790
0.919693
0.921556
0.923380
0.925166
0.926914
0.928625
0.930300
0.931939
0.933542
0.935110
0.936644
0.938144
0.939612
0.941046
0.942449
0.943821
0.945161
0.946472
0.947752
0.949004
0.950227
0.951422
0.952589
0.953729
0.954843
0.955931
0.956994
0.958031
0.959044
0.960034
0.960999
0.961942
0.962863
0.963761
0.964638
0.965494
0.966329
0.967144
0.967939
0.968715
0.969472
0.970211
0.970932
0.971635
0.972320
0.972989
0.973641
0.974278
0.974898
0.975503
0.976093
0.976669
0.977230
0.977777
0.978310
0.978830
0.979337
0.979832
0.980313
0.980783
0.981241
0.981687
0.982123
0.982547
0.982960
0.983363
0.983755
0.984138
0.984511
0.984875
0.985229
0.985574
0.985910
0.986238
0.986558
0.986869
0.987172
0.987468
0.987756
0.988037
0.988310
0.988577
0.988836
0.989089
0.989336
0.989576
0.989810
0.990038
0.990260
0.990477
0.990688
0.990893
0.991093
0.991288
0.991478
0.991664
0.991844
0.992020
0.992191
0.992358
0.992520
0.992679
0.992833
0.992984
0.993130
0.993273
0.993412
0.993547
0.993679
0.993808
0.993933
0.994056
0.994175
0.994290
0.994403
0.994514
0.994621
0.994725
0.994827
0.994926
0.995023
0.995117
0.995209
0.995299
0.995386
0.995471
0.995554
0.995634
0.995713
0.995790
0.995864
0.995937
0.996008
0.996077
0.996145
0.996210
0.996274
0.996337
0.996398
0.996457
0.996515
0.996571
0.996626
0.996679
0.996732
0.996782
0.996832
0.996880
0.996927
0.996973
0.997018
0.997062
0.997104
0.997146
0.997186
0.997225
0.997264
0.997301
0.997338
0.997373
0.997408
0.997442
0.997475
0.997507
0.997539
0.997569
0.997599
0.997628
0.997657
0.997684
0.997711
0.997738
0.997763
0.997788
0.997813
0.997837
0.997860
0.997883
0.997905
0.997926
0.997947
0.997968
0.997988
0.998007
0.998026
0.998045
0.998063
0.998081
0.998098
0.998115
0.998131
0.998147
0.998163
0.998178
0.998193
0.998207
0.998222
0.998235
0.998249
0.998262
0.998275
0.998287
0.998300
0.998312
0.998323
0.998335
0.998346
0.998356
0.998367
0.998377
0.998387
0.998397
0.998407
0.998416
0.998425
0.998434
0.998443
0.998451
0.998460
0.998468
0.998476
0.998483
0.998491
0.998498
0.998505
0.998512
0.998519
0.998526
0.998532
0.998539
0.998545
0.998551
0.998557
0.998563
0.998568
0.998574
0.998579
0.998584
0.998590
0.998595
0.998599
0.998604
0.998609
0.998613
0.998618
0.998622
0.998626
0.998631
0.998635
0.998639
0.998642
0.998646
0.998650
0.998653
0.998657
0.998660
0.998664
0.998667
0.998670
0.998673
0.998676
0.998679
0.998682
0.998685
0.998688
0.998691
0.998693
0.998696
0.998698
0.998701
0.998703
0.998706
0.998708
0.998710
0.998712
0.998714
0.998717
0.998719
0.998721
0.998723
0.998725
0.998726
0.998728
0.998730
0.998732
0.998733
0.998735
0.998737
0.998738
0.998740
0.998741
0.998743
0.998744
0.998746
0.998747
0.998748
0.998750
0.998751
0.998752
0.998754
0.998755
0.998756
0.998757
0.998758
0.998759
0.998760
0.998761
0.998763
0.998764
0.998765
0.998765
0.998766
0.998767
0.998768
0.998769
0.998770
0.998771
0.998772
0.998772
0.998773
0.998774
0.998775
0.998775
0.998776
0.998777
0.998778
0.998778
0.998779
0.998779
0.998780
0.998781
0.998781
0.998782
0.998782
0.998783
0.998784
0.998784
0.998785
0.998785
0.998786
0.998786
0.998787
0.998787
0.998788
0.998788
0.998788
0.998789
0.998789
0.998790
0.998790
0.998790
0.998791
0.998791
0.998792
0.998792
0.998792
0.998793
0.998793
0.998793
0.998794
0.998794
0.998794
0.998794
0.998795
0.998795
0.998795
0.998796
0.998796
0.998796
0.998796
0.998797
0.998797
0.998797
0.998797
0.998798
0.998798
0.998798
0.998798
0.998798
0.998799
0.998799
0.998799
0.998799
0.998799
0.998800
0.998800
0.998800
0.998800
0.998800
0.998800
0.998801
0.998801
0.998801
0.998801
0.998801
0.998801
0.998802
0.998802
0.998802
0.998802
0.998802
0.998802
0.998802
0.998802
0.998803
0.998803
0.998803
0.998803
0.998803
0.998803
0.998803
0.998803
0.998803
0.998803
0.998804
0.998804
0.998804
0.998804
0.998804
0.998804
0.998804
0.998804
0.998804
0.998804
0.998804
0.998804
0.998805
0.998805
0.998805
0.998805
0.998805
0.998805
0.998805
0.998805
0.998805
0.998805
0.998805
0.998805
0.998805
0.998805
0.998805
0.998805
0.998805
0.998806
0.998806
