0.010145
0.023263
0.031797
0.036869
0.042209
0.047907
0.054037
0.060683
0.067958
0.075992
0.084943
0.094989
0.106364
0.119386
0.134479
0.152200
0.173318
0.199055
0.231405
0.273686
0.331600
0.413242
0.497007
0.483713
0.430862
0.423867
0.427685
0.431966
0.436354
0.440833
0.445396
0.450034
0.454743
0.459517
0.464354
0.469250
0.474203
0.479210
0.484268
0.489525
0.494513
0.499565
0.504667
0.509817
0.515012
0.520249
0.525527
0.530843
0.536195
0.541580
0.546997
0.552443
0.557916
0.563414
0.568934
0.574475
0.580033
0.585606
0.591193
0.596791
0.602397
0.608009
0.613625
0.619242
0.624858
0.630472
0.636079
0.641679
0.647283
0.652874
0.658450
0.664008
0.669547
0.675065
0.680559
0.686027
0.691468
0.696879
0.702258
0.707604
0.712914
0.718188
0.723423
0.728617
0.733770
0.738878
0.743942
0.748959
0.753929
0.758849
0.763718
0.768536
0.773302
0.778013
0.782669
0.787270
0.791814
0.796300
0.800728
0.805097
0.809407
0.813656
0.817844
0.821972
0.826037
0.830041
0.833982
0.837861
0.841678
0.845431
0.849122
0.852750
0.856314
0.859816
0.863256
0.866632
0.869947
0.873199
0.876389
0.879518
0.882586
0.885593
0.888539
0.891426
0.894253
0.897021
0.899731
0.902383
0.904978
0.907516
0.909999
0.912426
0.914798
0.917117
0.919382
0.921595
0.923756
0.925865
0.927925
0.929935
0.931897
0.933810
0.935677
0.937497
0.939271
0.941001
0.942687
0.944329
0.945930
0.947488
0.949006
0.950485
0.951924
0.953324
0.954687
0.956014
0.957304
0.958559
0.959780
0.960967
0.962121
0.963243
0.964333
0.965393
0.966423
0.967423
0.968395
0.969339
0.970256
0.971146
0.972010
0.972849
0.973663
0.974454
0.975221
0.975965
0.976687
0.977387
0.978067
0.978726
0.979365
0.979985
0.980586
0.981168
0.981733
0.982280
0.982811
0.983325
0.983824
0.984306
0.984774
0.985227
0.985667
0.986092
0.986504
0.986903
0.987289
0.987663
0.988026
0.988377
0.988716
0.989045
0.989364
0.989672
0.989970
0.990259
0.990538
0.990809
0.991071
0.991324
0.991569
0.991806
0.992036
0.992258
0.992473
0.992680
0.992882
0.993076
0.993264
0.993446
0.993622
0.993793
0.993957
0.994117
0.994271
0.994420
0.994564
0.994704
0.994838
0.994969
0.995095
0.995217
0.995335
0.995449
0.995559
0.995666
0.995769
0.995868
0.995965
0.996058
0.996148
0.996235
0.996320
0.996401
0.996480
0.996556
0.996630
0.996701
0.996770
0.996836
0.996901
0.996963
0.997023
0.997081
0.997138
0.997192
0.997245
0.997296
0.997345
0.997392
0.997438
0.997483
0.997526
0.997567
0.997608
0.997646
0.997684
0.997720
0.997756
0.997790
0.997822
0.997854
0.997885
0.997915
0.997943
0.997971
0.997998
0.998024
0.998049
0.998074
0.998097
0.998120
0.998142
0.998163
0.998184
0.998204
0.998223
0.998242
0.998260
0.998277
0.998294
0.998310
0.998326
0.998341
0.998356
0.998370
0.998384
0.998398
0.998411
0.998423
0.998435
0.998447
0.998458
0.998469
0.998480
0.998490
0.998500
0.998510
0.998519
0.998528
0.998537
0.998545
0.998554
0.998562
0.998569
0.998577
0.998584
0.998591
0.998598
0.998604
0.998611
0.998617
0.998623
0.998628
0.998634
0.998639
0.998644
0.998650
0.998654
0.998659
0.998664
0.998668
0.998672
0.998677
0.998681
0.998685
0.998688
0.998692
0.998696
0.998699
0.998702
0.998706
0.998709
0.998712
0.998715
0.998718
0.998720
0.998723
0.998726
0.998728
0.998731
0.998733
0.998735
0.998737
0.998740
0.998742
0.998744
0.998746
0.998747
0.998749
0.998751
0.998753
0.998754
0.998756
0.998758
0.998759
0.998761
0.998762
0.998763
0.998765
0.998766
0.998767
0.998769
0.998770
0.998771
0.998772
0.998773
0.998774
0.998775
0.998776
0.998777
0.998778
0.998779
0.998780
0.998781
0.998782
0.998782
0.998783
0.998784
0.998785
0.998785
0.998786
0.998787
0.998787
0.998788
0.998789
0.998789
0.998790
0.998790
0.998791
0.998791
0.998792
0.998792
0.998793
0.998793
0.998794
0.998794
0.998795
0.998795
0.998795
0.998796
0.998796
0.998797
0.998797
0.998797
0.998798
0.998798
0.998798
0.998799
0.998799
0.998799
0.998799
0.998800
0.998800
0.998800
0.998800
0.998801
0.998801
0.998801
0.998801
0.998802
0.998802
0.998802
0.998802
0.998802
0.998803
0.998803
0.998803
0.998803
0.998803
0.998803
0.998804
0.998804
0.998804
0.998804
0.998804
0.998804
0.998804
0.998805
0.998805
0.998805
0.998805
0.998805
0.998805
0.998805
0.998805
0.998805
0.998806
0.998806
0.998806
0.998806
0.998806
0.998806
0.998806
0.998806
0.998806
0.998806
0.998806
0.998806
0.998806
0.998807
0.998807
0.998807
0.998807
0.998807
0.998807
0.998807
0.998807
0.998807
0.998807
0.998807
0.998807
0.998807
0.998807
0.998807
0.998807
0.998807
0.998807
0.998807
0.998808
0.998808
0.998808
0.998808
0.998808
0.998808
0.998808
0.998808
0.998808
0.998808
0.998808
0.998808
0.998808
0.998808
0.998808
0.998808
0.998808
0.998808
0.998808
0.998808
0.998808
0.998808
0.998808
0.998808
0.998808
0.998808
0.998808
0.998808
0.998808
0.998808
0.998808
0.998808
0.998808
0.998808
0.998808
0.998808
0.998808
0.998808
0.998808
0.998808
0.998808
0.998808
0.998808
0.998809
0.998809
0.998809
0.998809
0.998809
0.998809
0.998809
0.998809
0.998809
0.998809
0.998809
0.998809
0.998809
0.998809
0.998809
0.998809
0.998809
0.998809
0.998809
0.998809
0.998809
0.998809
0.998809
0.998809
0.998809
0.998809
0.998809
0.998809
0.998809
0.998809
0.998809
0.998809
0.998809
0.998809
0.998809
0.998809
0.998809
0.998809
0.998809
0.998809
0.998809
0.998809
0.998809
0.998809
0.998809
0.998809
0.998809
0.998809
0.998809
0.998809
0.998809
0.998809
0.998809
0.998809
0.998809
0.998809
0.998809
0.998809
0.998809
0.998809
0.998809
0.998809
0.998809
0.998809
0.998809
0.998809
0.998809
0.998809
