0.010167
0.023437
0.031888
0.037082
0.042576
0.048457
0.054800
0.061685
0.069221
0.077541
0.086804
0.097195
0.108951
0.122405
0.138006
0.156359
0.178266
0.204873
0.237707
0.278131
0.324958
0.366169
0.369127
0.329321
0.306904
0.306430
0.308856
0.311376
0.313920
0.316488
0.319076
0.321685
0.324312
0.326959
0.329624
0.332307
0.335009
0.337728
0.340466
0.343269
0.345845
0.348459
0.351094
0.353749
0.356424
0.359120
0.361834
0.364569
0.367323
0.370097
0.372890
0.375703
0.378535
0.381386
0.384256
0.387145
0.390053
0.392979
0.395924
0.398887
0.401867
0.404866
0.407882
0.410916
0.413966
0.417034
0.420118
0.423217
0.426333
0.429465
0.432611
0.435773
0.438949
0.442139
0.445343
0.448560
0.451790
0.455033
0.458287
0.461554
0.464832
0.468120
0.471419
0.474728
0.478046
0.481373
0.484709
0.488053
0.491404
0.494762
0.498127
0.501498
0.504874
0.508256
0.511641
0.515031
0.518425
0.521821
0.525220
0.528621
0.532023
0.535427
0.538830
0.542234
0.545637
0.549039
0.552440
0.555839
0.559235
0.562627
0.566017
0.569402
0.572783
0.576160
0.579530
0.582895
0.586254
0.589605
0.592950
0.596287
0.599616
0.602937
0.606248
0.609550
0.612843
0.616126
0.619398
0.622659
0.625909
0.629148
0.632374
0.635588
0.638790
0.641979
0.645154
0.648316
0.651465
0.654599
0.657718
0.660823
0.663913
0.666988
0.670047
0.673090
0.676117
0.679129
0.682123
0.685102
0.688063
0.691007
0.693934
0.696844
0.699736
0.702611
0.705467
0.708306
0.711126
0.713928
0.716712
0.719477
0.722224
0.724952
0.727660
0.730350
0.733021
0.735673
0.738306
0.740920
0.743514
0.746089
0.748644
0.751181
0.753697
0.756195
0.758672
0.761131
0.763569
0.765989
0.768388
0.770769
0.773129
0.775470
0.777792
0.780095
0.782377
0.784641
0.786885
0.789110
0.791316
0.793502
0.795669
0.797817
0.799946
0.802056
0.804147
0.806220
0.808273
0.810308
0.812324
0.814321
0.816300
0.818261
0.820203
0.822128
0.824033
0.825921
0.827791
0.829644
0.831478
0.833295
0.835094
0.836876
0.838640
0.840387
0.842117
0.843830
0.845526
0.847206
0.848868
0.850514
0.852144
0.853757
0.855354
0.856935
0.858500
0.860049
0.861583
0.863100
0.864602
0.866089
0.867560
0.869017
0.870458
0.871884
0.873296
0.874692
0.876075
0.877442
0.878796
0.880135
0.881460
0.882772
0.884069
0.885353
0.886623
0.887879
0.889123
0.890353
0.891570
0.892774
0.893965
0.895143
0.896308
0.897461
0.898602
0.899730
0.900847
0.901951
0.903043
0.904123
0.905192
0.906249
0.907294
0.908328
0.909351
0.910363
0.911363
0.912353
0.913332
0.914300
0.915257
0.916204
0.917140
0.918067
0.918982
0.919888
0.920784
0.921670
0.922546
0.923413
0.924270
0.925117
0.925955
0.926783
0.927603
0.928413
0.929214
0.930007
0.930790
0.931565
0.932331
0.933089
0.933838
0.934579
0.935311
0.936036
0.936752
0.937460
0.938160
0.938852
0.939537
0.940214
0.940883
0.941545
0.942199
0.942846
0.943486
0.944119
0.944744
0.945362
0.945974
0.946578
0.947176
0.947767
0.948351
0.948928
0.949500
0.950064
0.950623
0.951175
0.951720
0.952260
0.952793
0.953321
0.953842
0.954358
0.954867
0.955371
0.955869
0.956362
0.956849
0.957330
0.957806
0.958277
0.958742
0.959202
0.959657
0.960107
0.960551
0.960991
0.961425
0.961855
0.962279
0.962699
0.963114
0.963524
0.963930
0.964331
0.964727
0.965119
0.965507
0.965890
0.966269
0.966643
0.967013
0.967379
0.967741
0.968099
0.968452
0.968802
0.969147
0.969489
0.969827
0.970161
0.970491
0.970817
0.971140
0.971459
0.971774
0.972086
0.972394
0.972698
0.972999
0.973297
0.973592
0.973882
0.974170
0.974455
0.974736
0.975014
0.975288
0.975560
0.975828
0.976094
0.976356
0.976616
0.976872
0.977126
0.977376
0.977624
0.977869
0.978111
0.978350
0.978587
0.978821
0.979052
0.979281
0.979507
0.979730
0.979951
0.980170
0.980385
0.980599
0.980810
0.981018
0.981224
0.981428
0.981630
0.981829
0.982026
0.982220
0.982413
0.982603
0.982791
0.982977
0.983161
0.983342
0.983522
0.983699
0.983875
0.984048
0.984220
0.984389
0.984557
0.984722
0.984886
0.985048
0.985208
0.985366
0.985523
0.985677
0.985830
0.985981
0.986131
0.986278
0.986424
0.986569
0.986711
0.986852
0.986992
0.987129
0.987266
0.987400
0.987533
0.987665
0.987795
0.987923
0.988051
0.988176
0.988300
0.988423
0.988545
0.988665
0.988783
0.988900
0.989016
0.989131
0.989244
0.989356
0.989467
0.989576
0.989684
0.989791
0.989897
0.990001
0.990104
0.990206
0.990307
0.990407
0.990506
0.990603
0.990699
0.990795
0.990889
0.990982
0.991074
0.991165
0.991254
0.991343
0.991431
0.991518
0.991604
0.991688
0.991772
0.991855
0.991937
0.992018
0.992098
0.992177
0.992255
0.992333
0.992409
0.992485
0.992559
0.992633
0.992706
0.992778
0.992849
0.992920
0.992989
0.993058
0.993126
0.993193
0.993260
0.993326
0.993391
0.993455
0.993518
0.993581
0.993643
0.993704
0.993765
0.993825
0.993884
0.993942
0.994000
0.994057
0.994114
0.994169
0.994225
0.994279
0.994333
0.994386
0.994439
0.994491
0.994542
0.994593
0.994644
0.994693
0.994742
0.994791
0.994839
0.994886
0.994933
0.994979
0.995025
0.995070
0.995115
0.995159
0.995203
0.995246
0.995289
0.995331
0.995373
0.995414
0.995454
0.995495
0.995534
0.995574
0.995613
0.995651
0.995689
0.995726
0.995763
0.995800
0.995836
0.995872
0.995907
0.995942
0.995977
0.996011
0.996045
0.996078
0.996111
0.996144
0.996176
0.996208
0.996239
0.996270
0.996301
0.996331
0.996361
0.996391
0.996420
0.996449
0.996477
0.996506
0.996534
0.996561
0.996588
0.996615
0.996642
0.996668
0.996694
0.996720
0.996745
0.996771
0.996795
0.996820
0.996844
0.996868
0.996892
0.996915
0.996938
0.996961
0.996984
0.997006
0.997028
0.997050
0.997071
