0.026966
0.057846
0.091789
0.134505
0.181331
0.214309
0.228818
0.234666
0.240180
0.247359
0.255320
0.263383
0.271753
0.281562
0.288034
0.290153
0.292105
0.294052
0.295992
0.297927
0.299856
0.301779
0.303696
0.305607
0.307512
0.309412
0.311306
0.313194
0.315077
0.316955
0.318826
0.320693
0.322555
0.324411
0.326262
0.328108
0.329949
0.331786
0.333617
0.335482
0.337147
0.338811
0.340472
0.342129
0.343782
0.345431
0.347077
0.348719
0.350357
0.351992
0.353623
0.355250
0.356874
0.358494
0.360111
0.361724
0.363334
0.364940
0.366543
0.368142
0.369738
0.371331
0.372920
0.374506
0.376089
0.377668
0.379245
0.380818
0.382387
0.383954
0.385518
0.387078
0.388635
0.390190
0.391741
0.393289
0.394834
0.396377
0.397916
0.399452
0.400986
0.402517
0.404045
0.405570
0.407092
0.408612
0.410128
0.411642
0.413154
0.414663
0.416169
0.417673
0.419174
0.420672
0.422168
0.423662
0.425153
0.426642
0.428128
0.429612
0.431093
0.432573
0.434050
0.435524
0.436997
0.438467
0.439935
0.441401
0.442865
0.444327
0.445786
0.447244
0.448700
0.450153
0.451605
0.453055
0.454503
0.455949
0.457393
0.458835
0.460276
0.461715
0.463152
0.464588
0.466021
0.467454
0.468884
0.470313
0.471741
0.473167
0.474591
0.476014
0.477436
0.478856
0.480275
0.481692
0.483108
0.484523
0.485937
0.487349
0.488760
0.490170
0.491579
0.492987
0.494393
0.495799
0.497204
0.498607
0.500010
0.501411
0.502812
0.504212
0.505611
0.507009
0.508406
0.509802
0.511198
0.512593
0.513987
0.515381
0.516774
0.518166
0.519558
0.520949
0.522340
0.523730
0.525120
0.526509
0.527897
0.529286
0.530674
0.532061
0.533448
0.534835
0.536222
0.537608
0.538994
0.540380
0.541765
0.543151
0.544536
0.545921
0.547306
0.548691
0.550076
0.551461
0.552846
0.554231
0.555616
0.557000
0.558385
0.559770
0.561156
0.562541
0.563926
0.565312
0.566698
0.568084
0.569470
0.570856
0.572243
0.573630
0.575017
0.576405
0.577793
0.579181
0.580570
0.581959
0.583348
0.584738
0.586128
0.587518
0.588909
0.590301
0.591693
0.593085
0.594478
0.595872
0.597266
0.598660
0.600055
0.601451
0.602847
0.604244
0.605641
0.607039
0.608437
0.609836
0.611236
0.612637
0.614037
0.615439
0.616841
0.618244
0.619648
0.621052
0.622457
0.623862
0.625268
0.626675
0.628083
0.629491
0.630899
0.632309
0.633719
0.635130
0.636541
0.637954
0.639366
0.640780
0.642194
0.643609
0.645025
0.646441
0.647857
0.649275
0.650693
0.652112
0.653531
0.654951
0.656372
0.657793
0.659215
0.660637
0.662060
0.663483
0.664908
0.666332
0.667757
0.669183
0.670609
0.672036
0.673463
0.674891
0.676319
0.677747
0.679176
0.680606
0.682035
0.683466
0.684896
0.686327
0.687758
0.689190
0.690621
0.692054
0.693486
0.694918
0.696351
0.697784
0.699217
0.700650
0.702084
0.703517
0.704950
0.706384
0.707817
0.709251
0.710684
0.712118
0.713551
0.714984
0.716417
0.717850
0.719283
0.720715
0.722148
0.723580
0.725011
0.726442
0.727873
0.729304
0.730734
0.732163
0.733592
0.735020
0.736448
0.737876
0.739302
0.740728
0.742153
0.743578
0.745001
0.746424
0.747846
0.749267
0.750687
0.752106
0.753524
0.754941
0.756357
0.757772
0.759186
0.760598
0.762009
0.763419
0.764828
0.766235
0.767641
0.769045
0.770448
0.771849
0.773249
0.774647
0.776043
0.777438
0.778831
0.780222
0.781611
0.782999
0.784384
0.785767
0.787149
0.788528
0.789906
0.791281
0.792654
0.794024
0.795393
0.796759
0.798123
0.799484
0.800843
0.802199
0.803553
0.804904
0.806252
0.807598
0.808941
0.810282
0.811619
0.812954
0.814285
0.815614
0.816940
0.818262
0.819582
0.820898
0.822211
0.823521
0.824828
0.826131
0.827431
0.828727
0.830020
0.831310
0.832596
0.833878
0.835157
0.836432
0.837703
0.838971
0.840234
0.841494
0.842750
0.844002
0.845250
0.846493
0.847733
0.848969
0.850200
0.851428
0.852651
0.853869
0.855084
0.856294
0.857499
0.858701
0.859897
0.861089
0.862277
0.863460
0.864638
0.865812
0.866980
0.868145
0.869304
0.870458
0.871608
0.872753
0.873892
0.875027
0.876157
0.877281
0.878401
0.879515
0.880625
0.881729
0.882828
0.883921
0.885010
0.886093
0.887171
0.888243
0.889310
0.890372
0.891428
0.892478
0.893523
0.894563
0.895597
0.896625
0.897648
0.898665
0.899677
0.900683
0.901683
0.902677
0.903666
0.904649
0.905626
0.906597
0.907563
0.908522
0.909476
0.910424
0.911366
0.912302
0.913232
0.914156
0.915075
0.915987
0.916893
0.917793
0.918687
0.919576
0.920458
0.921334
0.922204
0.923068
0.923926
0.924778
0.925623
0.926463
0.927296
0.928124
0.928945
0.929760
0.930569
0.931372
0.932169
0.932960
0.933744
0.934523
0.935295
0.936061
0.936821
0.937575
0.938323
0.939065
0.939800
0.940530
0.941253
0.941970
0.942681
0.943386
0.944085
0.944778
0.945465
0.946146
0.946820
0.947489
0.948152
0.948808
0.949459
0.950104
0.950742
0.951375
0.952002
0.952623
0.953237
0.953846
0.954450
0.955047
0.955638
0.956224
0.956803
0.957377
0.957946
0.958508
0.959065
0.959615
0.960161
0.960700
0.961234
0.961762
0.962285
0.962802
0.963314
0.963819
0.964320
0.964815
0.965304
0.965788
0.966267
0.966740
0.967208
0.967671
0.968128
0.968580
0.969027
0.969468
0.969905
0.970336
0.970762
0.971183
0.971599
0.972009
0.972415
0.972816
0.973212
0.973603
0.973989
0.974370
0.974747
0.975118
0.975485
0.975848
0.976205
0.976558
0.976906
0.977250
0.977589
0.977923
0.978254
0.978579
0.978900
0.979217
0.979530
0.979838
0.980142
0.980442
0.980737
0.981029
0.981316
0.981599
0.981878
0.982153
0.982424
0.982691
0.982955
0.983214
0.983469
0.983721
0.983969
0.984213
0.984454
0.984691
0.984924
0.985153
0.985380
0.985602
0.985821
0.986037
0.986249
0.986458
0.986664
0.986866
0.987065
0.987261
