0.010165
0.023400
0.031867
0.037033
0.042493
0.048332
0.054627
0.061458
0.068936
0.077193
0.086387
0.096700
0.108366
0.121702
0.137140
0.155251
0.176819
0.203063
0.235893
0.277982
0.331601
0.389810
0.411075
0.364166
0.329355
0.327205
0.329962
0.332889
0.335862
0.338875
0.341926
0.345012
0.348132
0.351285
0.354471
0.357688
0.360936
0.364214
0.367523
0.370929
0.374098
0.377318
0.380571
0.383857
0.387174
0.390522
0.393901
0.397311
0.400750
0.404219
0.407718
0.411245
0.414801
0.418384
0.421995
0.425633
0.429298
0.432988
0.436704
0.440444
0.444209
0.447997
0.451808
0.455641
0.459496
0.463371
0.467267
0.471182
0.475116
0.479067
0.483036
0.487020
0.491021
0.495036
0.499064
0.503106
0.507160
0.511225
0.515300
0.519385
0.523478
0.527579
0.531687
0.535801
0.539920
0.544043
0.548169
0.552298
0.556428
0.560558
0.564689
0.568818
0.572945
0.577069
0.581189
0.585304
0.589414
0.593517
0.597614
0.601702
0.605781
0.609851
0.613910
0.617957
0.621993
0.626016
0.630026
0.634021
0.638002
0.641967
0.645915
0.649847
0.653761
0.657656
0.661533
0.665390
0.669227
0.673044
0.676839
0.680613
0.684365
0.688093
0.691799
0.695481
0.699139
0.702772
0.706381
0.709964
0.713521
0.717053
0.720558
0.724036
0.727487
0.730911
0.734308
0.737676
0.741017
0.744329
0.747612
0.750867
0.754093
0.757290
0.760458
0.763597
0.766706
0.769785
0.772835
0.775855
0.778846
0.781806
0.784737
0.787638
0.790509
0.793350
0.796161
0.798942
0.801693
0.804414
0.807106
0.809768
0.812400
0.815003
0.817576
0.820120
0.822635
0.825120
0.827576
0.830004
0.832402
0.834772
0.837113
0.839427
0.841711
0.843968
0.846197
0.848398
0.850572
0.852719
0.854838
0.856930
0.858996
0.861035
0.863048
0.865035
0.866995
0.868930
0.870840
0.872724
0.874584
0.876418
0.878228
0.880013
0.881775
0.883512
0.885226
0.886917
0.888584
0.890228
0.891850
0.893449
0.895026
0.896581
0.898114
0.899626
0.901116
0.902585
0.904034
0.905462
0.906869
0.908257
0.909624
0.910972
0.912301
0.913610
0.914900
0.916172
0.917426
0.918661
0.919878
0.921077
0.922259
0.923423
0.924570
0.925700
0.926814
0.927911
0.928992
0.930057
0.931106
0.932140
0.933158
0.934161
0.935149
0.936122
0.937080
0.938025
0.938955
0.939871
0.940773
0.941661
0.942537
0.943399
0.944248
0.945084
0.945907
0.946718
0.947517
0.948303
0.949078
0.949840
0.950592
0.951331
0.952060
0.952777
0.953483
0.954179
0.954863
0.955538
0.956202
0.956856
0.957499
0.958133
0.958758
0.959372
0.959977
0.960573
0.961160
0.961738
0.962306
0.962866
0.963418
0.963961
0.964495
0.965021
0.965540
0.966050
0.966552
0.967047
0.967534
0.968013
0.968485
0.968950
0.969407
0.969857
0.970301
0.970738
0.971167
0.971591
0.972007
0.972418
0.972821
0.973219
0.973611
0.973996
0.974375
0.974749
0.975117
0.975479
0.975836
0.976187
0.976532
0.976872
0.977207
0.977537
0.977862
0.978182
0.978496
0.978806
0.979111
0.979412
0.979707
0.979999
0.980285
0.980568
0.980845
0.981119
0.981388
0.981654
0.981915
0.982172
0.982425
0.982674
0.982919
0.983161
0.983399
0.983633
0.983864
0.984091
0.984314
0.984534
0.984751
0.984964
0.985174
0.985381
0.985585
0.985785
0.985983
0.986177
0.986369
0.986557
0.986743
0.986925
0.987105
0.987283
0.987457
0.987629
0.987798
0.987964
0.988128
0.988290
0.988449
0.988605
0.988760
0.988911
0.989061
0.989208
0.989353
0.989496
0.989636
0.989775
0.989911
0.990045
0.990177
0.990307
0.990436
0.990562
0.990686
0.990808
0.990929
0.991048
0.991164
0.991280
0.991393
0.991504
0.991614
0.991723
0.991829
0.991934
0.992038
0.992139
0.992240
0.992338
0.992435
0.992531
0.992626
0.992718
0.992810
0.992900
0.992989
0.993076
0.993162
0.993247
0.993330
0.993412
0.993493
0.993573
0.993651
0.993729
0.993805
0.993880
0.993954
0.994027
0.994098
0.994169
0.994238
0.994307
0.994374
0.994441
0.994506
0.994570
0.994634
0.994696
0.994758
0.994818
0.994878
0.994937
0.994995
0.995052
0.995108
0.995163
0.995218
0.995272
0.995324
0.995377
0.995428
0.995478
0.995528
0.995577
0.995625
0.995673
0.995720
0.995766
0.995812
0.995856
0.995900
0.995944
0.995987
0.996029
0.996070
0.996111
0.996151
0.996191
0.996230
0.996269
0.996307
0.996344
0.996381
0.996417
0.996453
0.996488
0.996523
0.996557
0.996590
0.996623
0.996656
0.996688
0.996720
0.996751
0.996782
0.996812
0.996842
0.996871
0.996900
0.996928
0.996956
0.996984
0.997011
0.997038
0.997065
0.997091
0.997116
0.997142
0.997166
0.997191
0.997215
0.997239
0.997262
0.997285
0.997308
0.997330
0.997353
0.997374
0.997396
0.997417
0.997438
0.997458
0.997478
0.997498
0.997518
0.997537
0.997556
0.997575
0.997593
0.997611
0.997629
0.997647
0.997664
0.997681
0.997698
0.997715
0.997731
0.997747
0.997763
0.997778
0.997794
0.997809
0.997824
0.997839
0.997853
0.997867
0.997882
0.997895
0.997909
0.997923
0.997936
0.997949
0.997962
0.997974
0.997987
0.997999
0.998011
0.998023
0.998035
0.998047
0.998058
0.998069
0.998080
0.998091
0.998102
0.998112
0.998123
0.998133
0.998143
0.998153
0.998163
0.998173
0.998182
0.998192
0.998201
0.998210
0.998219
0.998228
0.998237
0.998245
0.998254
0.998262
0.998270
0.998278
0.998286
0.998294
0.998302
0.998309
0.998317
0.998324
0.998331
0.998339
0.998346
0.998353
0.998360
0.998366
0.998373
0.998379
0.998386
0.998392
0.998399
0.998405
0.998411
0.998417
0.998423
0.998429
0.998434
0.998440
0.998445
0.998451
0.998456
0.998462
0.998467
0.998472
0.998477
0.998482
0.998487
0.998492
0.998497
0.998501
0.998506
0.998511
0.998515
0.998519
0.998524
0.998528
0.998532
0.998537
0.998541
0.998545
0.998549
0.998553
0.998556
0.998560
0.998564
0.998568
