0.040522
0.088067
0.141976
0.188315
0.204338
0.203320
0.205942
0.214677
0.224513
0.233802
0.242580
0.250963
0.259086
0.267114
0.275276
0.284295
0.293299
0.296525
0.298483
0.300423
0.302359
0.304290
0.306216
0.308138
0.310055
0.311968
0.313876
0.315780
0.317679
0.319574
0.321465
0.323352
0.325236
0.327115
0.328991
0.330863
0.332732
0.334598
0.336460
0.338349
0.340034
0.341729
0.343423
0.345115
0.346805
0.348494
0.350180
0.351865
0.353548
0.355229
0.356909
0.358587
0.360263
0.361939
0.363613
0.365285
0.366957
0.368627
0.370296
0.371964
0.373631
0.375298
0.376963
0.378628
0.380292
0.381955
0.383617
0.385279
0.386941
0.388602
0.390263
0.391924
0.393584
0.395244
0.396904
0.398564
0.400224
0.401884
0.403544
0.405205
0.406865
0.408526
0.410188
0.411849
0.413512
0.415175
0.416838
0.418503
0.420168
0.421833
0.423500
0.425168
0.426837
0.428506
0.430177
0.431849
0.433522
0.435197
0.436873
0.438550
0.440229
0.441910
0.443592
0.445275
0.446961
0.448648
0.450337
0.452028
0.453721
0.455415
0.457112
0.458811
0.460512
0.462216
0.463921
0.465629
0.467339
0.469052
0.470767
0.472484
0.474204
0.475927
0.477653
0.479381
0.481111
0.482845
0.484581
0.486321
0.488063
0.489808
0.491556
0.493307
0.495061
0.496818
0.498579
0.500342
0.502109
0.503879
0.505653
0.507429
0.509209
0.510992
0.512779
0.514569
0.516363
0.518160
0.519960
0.521764
0.523572
0.525383
0.527197
0.529016
0.530837
0.532663
0.534492
0.536325
0.538161
0.540001
0.541845
0.543692
0.545543
0.547398
0.549257
0.551119
0.552985
0.554854
0.556727
0.558604
0.560485
0.562369
0.564257
0.566149
0.568044
0.569943
0.571845
0.573752
0.575661
0.577575
0.579491
0.581412
0.583336
0.585263
0.587194
0.589128
0.591066
0.593007
0.594951
0.596899
0.598850
0.600804
0.602761
0.604722
0.606685
0.608652
0.610622
0.612594
0.614570
0.616549
0.618530
0.620514
0.622501
0.624491
0.626483
0.628478
0.630475
0.632475
0.634477
0.636481
0.638488
0.640497
0.642508
0.644521
0.646536
0.648553
0.650572
0.652593
0.654615
0.656639
0.658665
0.660692
0.662720
0.664750
0.666781
0.668813
0.670846
0.672880
0.674915
0.676950
0.678987
0.681024
0.683061
0.685099
0.687137
0.689176
0.691215
0.693253
0.695292
0.697330
0.699368
0.701406
0.703444
0.705480
0.707516
0.709552
0.711586
0.713619
0.715652
0.717683
0.719713
0.721741
0.723768
0.725793
0.727816
0.729838
0.731858
0.733875
0.735890
0.737903
0.739914
0.741922
0.743927
0.745929
0.747929
0.749926
0.751919
0.753909
0.755896
0.757879
0.759859
0.761835
0.763808
0.765776
0.767740
0.769700
0.771656
0.773607
0.775554
0.777496
0.779433
0.781366
0.783293
0.785216
0.787133
0.789044
0.790951
0.792851
0.794746
0.796636
0.798519
0.800396
0.802268
0.804132
0.805991
0.807843
0.809688
0.811527
0.813359
0.815184
0.817002
0.818813
0.820617
0.822414
0.824203
0.825984
0.827758
0.829524
0.831282
0.833032
0.834775
0.836509
0.838235
0.839953
0.841662
0.843363
0.845055
0.846738
0.848413
0.850079
0.851736
0.853384
0.855023
0.856652
0.858273
0.859884
0.861486
0.863078
0.864660
0.866233
0.867797
0.869350
0.870894
0.872428
0.873952
0.875466
0.876969
0.878463
0.879946
0.881420
0.882882
0.884335
0.885777
0.887209
0.888630
0.890040
0.891440
0.892829
0.894208
0.895576
0.896933
0.898279
0.899615
0.900939
0.902253
0.903556
0.904848
0.906129
0.907399
0.908658
0.909906
0.911142
0.912368
0.913583
0.914787
0.915979
0.917160
0.918331
0.919490
0.920638
0.921775
0.922901
0.924016
0.925119
0.926212
0.927293
0.928363
0.929423
0.930471
0.931508
0.932534
0.933549
0.934553
0.935546
0.936528
0.937500
0.938460
0.939409
0.940348
0.941276
0.942193
0.943099
0.943994
0.944879
0.945753
0.946617
0.947470
0.948312
0.949144
0.949966
0.950777
0.951578
0.952368
0.953149
0.953919
0.954679
0.955429
0.956168
0.956898
0.957618
0.958328
0.959029
0.959719
0.960400
0.961071
0.961733
0.962385
0.963028
0.963662
0.964286
0.964901
0.965507
0.966103
0.966691
0.967270
0.967840
0.968401
0.968953
0.969497
0.970032
0.970558
0.971077
0.971586
0.972088
0.972581
0.973067
0.973544
0.974013
0.974474
0.974928
0.975374
0.975812
0.976243
0.976666
0.977081
0.977490
0.977891
0.978285
0.978672
0.979052
0.979425
0.979791
0.980150
0.980503
0.980849
0.981189
0.981522
0.981848
0.982169
0.982483
0.982791
0.983094
0.983390
0.983680
0.983965
0.984244
0.984517
0.984785
0.985047
0.985304
0.985555
0.985801
0.986042
0.986278
0.986509
0.986736
0.986957
0.987173
0.987385
0.987592
0.987795
0.987993
0.988186
0.988376
0.988561
0.988742
0.988919
0.989091
0.989260
0.989425
0.989586
0.989743
0.989896
0.990046
0.990193
0.990335
0.990475
0.990611
0.990743
0.990873
0.990999
0.991122
0.991242
0.991359
0.991473
0.991584
0.991692
0.991798
0.991900
0.992000
0.992098
0.992193
0.992285
0.992375
0.992463
0.992548
0.992631
0.992712
0.992790
0.992866
0.992941
0.993013
0.993083
0.993151
0.993217
0.993282
0.993344
0.993405
0.993464
0.993521
0.993577
0.993631
0.993684
0.993735
0.993784
0.993832
0.993878
0.993923
0.993967
0.994010
0.994051
0.994090
0.994129
0.994166
0.994203
0.994238
0.994272
0.994305
0.994337
0.994367
0.994397
0.994426
0.994454
0.994481
0.994507
0.994533
0.994557
0.994581
0.994604
0.994626
0.994647
0.994668
0.994688
0.994707
0.994725
0.994743
0.994761
0.994777
0.994794
0.994809
0.994824
0.994839
0.994852
0.994866
0.994879
0.994891
0.994903
0.994915
0.994926
0.994937
0.994947
0.994957
0.994967
0.994976
0.994985
0.994994
0.995002
0.995010
0.995017
0.995025
0.995032
0.995038
0.995045
0.995051
0.995057
0.995063
0.995068
0.995074
0.995079
0.995084
0.995088
0.995093
