0.017164
0.067809
0.141388
0.193900
0.222613
0.238502
0.249163
0.258122
0.267233
0.277212
0.280017
0.282017
0.284011
0.285998
0.287980
0.289955
0.291924
0.293887
0.295844
0.297794
0.299738
0.301677
0.303609
0.305535
0.307455
0.309370
0.311278
0.313181
0.315078
0.316970
0.318855
0.320736
0.322611
0.324480
0.326344
0.328203
0.330056
0.331904
0.333747
0.335642
0.337343
0.339025
0.340700
0.342370
0.344036
0.345697
0.347354
0.349007
0.350656
0.352300
0.353941
0.355577
0.357209
0.358836
0.360460
0.362079
0.363695
0.365306
0.366913
0.368516
0.370115
0.371709
0.373300
0.374887
0.376469
0.378048
0.379623
0.381193
0.382760
0.384322
0.385881
0.387435
0.388986
0.390533
0.392076
0.393614
0.395149
0.396680
0.398207
0.399730
0.401250
0.402765
0.404277
0.405785
0.407288
0.408788
0.410285
0.411777
0.413266
0.414751
0.416232
0.417709
0.419182
0.420652
0.422118
0.423580
0.425039
0.426494
0.427945
0.429392
0.430836
0.432276
0.433712
0.435145
0.436574
0.438000
0.439421
0.440840
0.442254
0.443665
0.445072
0.446476
0.447876
0.449273
0.450666
0.452056
0.453442
0.454824
0.456203
0.457579
0.458950
0.460319
0.461684
0.463045
0.464403
0.465758
0.467109
0.468457
0.469801
0.471142
0.472479
0.473813
0.475143
0.476471
0.477794
0.479115
0.480432
0.481746
0.483056
0.484363
0.485667
0.486967
0.488264
0.489558
0.490848
0.492136
0.493419
0.494700
0.495977
0.497252
0.498522
0.499790
0.501054
0.502316
0.503574
0.504828
0.506080
0.507328
0.508573
0.509816
0.511054
0.512290
0.513523
0.514752
0.515978
0.517202
0.518422
0.519639
0.520852
0.522063
0.523271
0.524475
0.525677
0.526875
0.528071
0.529263
0.530453
0.531639
0.532822
0.534002
0.535180
0.536354
0.537525
0.538693
0.539859
0.541021
0.542181
0.543337
0.544490
0.545641
0.546789
0.547933
0.549075
0.550214
0.551350
0.552483
0.553613
0.554741
0.555865
0.556987
0.558105
0.559221
0.560334
0.561445
0.562552
0.563657
0.564758
0.565857
0.566953
0.568047
0.569137
0.570225
0.571310
0.572392
0.573472
0.574549
0.575623
0.576694
0.577763
0.578828
0.579892
0.580952
0.582010
0.583065
0.584117
0.585167
0.586214
0.587258
0.588300
0.589339
0.590375
0.591409
0.592440
0.593468
0.594494
0.595518
0.596538
0.597556
0.598572
0.599585
0.600595
0.601603
0.602608
0.603610
0.604610
0.605608
0.606603
0.607595
0.608585
0.609573
0.610557
0.611540
0.612520
0.613497
0.614472
0.615444
0.616414
0.617382
0.618347
0.619309
0.620269
0.621227
0.622182
0.623135
0.624085
0.625033
0.625979
0.626922
0.627863
0.628801
0.629737
0.630671
0.631602
0.632531
0.633457
0.634381
0.635303
0.636222
0.637139
0.638054
0.638966
0.639877
0.640784
0.641690
0.642593
0.643494
0.644392
0.645289
0.646183
0.647074
0.647964
0.648851
0.649736
0.650619
0.651499
0.652377
0.653253
0.654127
0.654999
0.655868
0.656735
0.657600
0.658463
0.659323
0.660182
0.661038
0.661892
0.662744
0.663593
0.664441
0.665286
0.666129
0.666970
0.667809
0.668646
0.669481
0.670313
0.671144
0.671972
0.672798
0.673622
0.674444
0.675264
0.676082
0.676898
0.677712
0.678523
0.679333
0.680140
0.680946
0.681749
0.682551
0.683350
0.684147
0.684943
0.685736
0.686527
0.687316
0.688104
0.688889
0.689672
0.690454
0.691233
0.692010
0.692786
0.693559
0.694330
0.695100
0.695868
0.696633
0.697397
0.698158
0.698918
0.699676
0.700432
0.701186
0.701938
0.702688
0.703437
0.704183
0.704928
0.705670
0.706411
0.707150
0.707887
0.708622
0.709356
0.710087
0.710817
0.711544
0.712270
0.712994
0.713717
0.714437
0.715156
0.715873
0.716588
0.717301
0.718012
0.718722
0.719430
0.720136
0.720840
0.721542
0.722243
0.722942
0.723639
0.724334
0.725028
0.725720
0.726410
0.727098
0.727785
0.728470
0.729153
0.729835
0.730515
0.731193
0.731869
0.732544
0.733217
0.733888
0.734558
0.735225
0.735892
0.736556
0.737219
0.737880
0.738540
0.739198
0.739854
0.740509
0.741162
0.741813
0.742463
0.743111
0.743757
0.744402
0.745045
0.745687
0.746327
0.746965
0.747602
0.748237
0.748871
0.749503
0.750133
0.750762
0.751390
0.752015
0.752640
0.753262
0.753883
0.754503
0.755121
0.755737
0.756352
0.756965
0.757577
0.758188
0.758796
0.759404
0.760010
0.760614
0.761217
0.761818
0.762418
0.763016
0.763613
0.764208
0.764802
0.765395
0.765986
0.766575
0.767163
0.767750
0.768335
0.768918
0.769501
0.770081
0.770661
0.771239
0.771815
0.772390
0.772964
0.773536
0.774107
0.774677
0.775245
0.775811
0.776377
0.776941
0.777503
0.778064
0.778624
0.779182
0.779739
0.780295
0.780849
0.781402
0.781954
0.782504
0.783053
0.783601
0.784147
0.784692
0.785236
0.785778
0.786319
0.786859
0.787397
0.787934
0.788470
0.789004
0.789538
0.790069
0.790600
0.791129
0.791657
0.792184
0.792710
0.793234
0.793757
0.794279
0.794799
0.795319
0.795837
0.796353
0.796869
0.797383
0.797896
0.798408
0.798919
0.799428
0.799937
0.800444
0.800949
0.801454
0.801958
0.802460
0.802961
0.803461
0.803959
0.804457
0.804953
0.805449
0.805943
0.806436
0.806927
0.807418
0.807907
0.808396
0.808883
0.809369
0.809854
0.810338
0.810820
0.811302
0.811782
0.812262
0.812740
0.813217
0.813693
0.814168
0.814642
0.815114
0.815586
0.816057
0.816526
0.816995
0.817462
0.817928
0.818394
0.818858
0.819321
0.819783
0.820244
0.820705
0.821164
0.821622
0.822079
0.822535
0.822989
0.823443
0.823896
0.824348
0.824799
0.825249
0.825698
0.826146
0.826593
0.827039
0.827484
0.827928
0.828371
0.828813
0.829254
0.829694
0.830134
0.830572
0.831009
0.831446
0.831881
0.832316
0.832749
0.833182
0.833614
0.834044
0.834474
0.834903
0.835331
0.835759
0.836185
0.836610
0.837035
0.837458
0.837881
0.838303
0.838724
0.839144
