0.177109
0.263714
0.165957
0.199509
0.227919
0.252404
0.273967
0.293286
0.310857
0.327042
0.342104
0.356247
0.369646
0.382446
0.394760
0.406668
0.418284
0.429747
0.441234
0.453018
0.465842
0.477736
0.484692
0.490494
0.496320
0.502197
0.508122
0.514093
0.520110
0.526168
0.532267
0.538403
0.544575
0.550780
0.557016
0.563281
0.569571
0.575884
0.582218
0.588786
0.595029
0.601299
0.607586
0.613886
0.620197
0.626515
0.632836
0.639157
0.645476
0.651788
0.658091
0.664381
0.670656
0.676912
0.683146
0.689356
0.695538
0.701688
0.707806
0.713886
0.719927
0.725926
0.731880
0.737786
0.743641
0.749444
0.755192
0.760881
0.766511
0.772078
0.777580
0.783016
0.788383
0.793679
0.798903
0.804053
0.809127
0.814124
0.819042
0.823879
0.828635
0.833309
0.837899
0.842405
0.846825
0.851160
0.855407
0.859568
0.863640
0.867625
0.871521
0.875330
0.879049
0.882680
0.886223
0.889678
0.893046
0.896326
0.899519
0.902626
0.905647
0.908584
0.911436
0.914205
0.916891
0.919496
0.922021
0.924467
0.926834
0.929124
0.931339
0.933479
0.935546
0.937541
0.939465
0.941321
0.943109
0.944831
0.946488
0.948083
0.949615
0.951087
0.952501
0.953858
0.955159
0.956406
0.957601
0.958744
0.959838
0.960885
0.961885
0.962840
0.963751
0.964620
0.965449
0.966239
0.966991
0.967707
0.968387
0.969034
0.969648
0.970231
0.970785
0.971309
0.971806
0.972277
0.972722
0.973143
0.973541
0.973917
0.974272
0.974607
0.974923
0.975220
0.975501
0.975764
0.976012
0.976245
0.976464
0.976669
0.976862
0.977043
0.977212
0.977370
0.977519
0.977657
0.977787
0.977908
0.978021
0.978126
0.978224
0.978315
0.978401
0.978480
0.978553
0.978622
0.978685
0.978744
0.978799
0.978849
0.978896
0.978939
0.978980
0.979017
0.979051
0.979082
0.979112
0.979138
0.979163
0.979186
0.979207
0.979226
0.979244
0.979260
0.979275
0.979289
0.979301
0.979313
0.979323
0.979333
0.979342
0.979350
0.979357
0.979364
0.979370
0.979375
0.979380
0.979385
0.979389
0.979393
0.979396
0.979399
0.979402
0.979405
0.979407
0.979409
0.979411
0.979413
0.979414
0.979416
0.979417
0.979418
0.979419
0.979420
0.979421
0.979421
0.979422
0.979423
0.979423
0.979424
0.979424
0.979425
0.979425
0.979425
0.979426
0.979426
0.979426
0.979426
0.979426
0.979427
0.979427
0.979427
0.979427
0.979427
0.979427
0.979427
0.979427
0.979427
0.979427
0.979427
0.979427
0.979427
0.979427
0.979428
0.979428
0.979428
0.979428
0.979428
0.979428
0.979428
0.979428
0.979428
0.979428
0.979428
0.979428
0.979428
0.979428
0.979428
0.979428
0.979428
0.979428
0.979428
0.979428
0.979428
0.979428
0.979428
0.979428
0.979428
0.979428
0.979428
0.979428
0.979428
0.979428
0.979428
0.979428
0.979428
0.979428
0.979428
0.979428
0.979428
0.979428
0.979428
0.979428
0.979428
0.979428
0.979428
0.979428
0.979428
0.979428
0.979428
0.979428
0.979428
0.979428
0.979428
0.979428
0.979428
0.979428
0.979428
0.979428
0.979428
0.979428
0.979428
0.979428
0.979428
0.979428
0.979428
0.979428
0.979428
0.979428
0.979428
0.979428
0.979428
0.979428
0.979428
0.979428
0.979428
0.979428
0.979428
0.979428
0.979428
0.979428
0.979428
0.979428
0.979428
0.979428
0.979428
0.979428
0.979428
0.979428
0.979428
0.979428
0.979428
0.979428
0.979428
0.979428
0.979428
0.979428
0.979428
0.979428
0.979428
0.979428
0.979428
0.979428
0.979428
0.979428
0.979428
0.979428
0.979428
0.979428
0.979428
0.979428
0.979428
0.979428
0.979428
0.979428
0.979428
0.979428
0.979428
0.979428
0.979428
0.979428
0.979428
0.979428
0.979428
0.979428
0.979428
0.979428
0.979428
0.979428
0.979428
0.979428
0.979428
0.979428
0.979428
0.979428
0.979428
0.979428
0.979428
0.979428
0.979428
0.979428
0.979428
0.979428
0.979428
0.979428
0.979428
0.979428
0.979428
0.979428
0.979428
0.979428
0.979428
0.979428
0.979428
0.979428
0.979428
0.979428
0.979428
0.979428
0.979428
0.979428
0.979428
0.979428
0.979428
0.979428
0.979428
0.979428
0.979428
0.979428
0.979428
0.979428
0.979428
0.979428
0.979428
0.979428
0.979428
0.979428
0.979428
0.979428
0.979428
0.979428
0.979428
0.979428
0.979428
0.979428
0.979428
0.979428
0.979428
0.979428
0.979428
0.979428
0.979428
0.979428
0.979428
0.979428
0.979428
0.979428
0.979428
0.979428
0.979428
0.979428
0.979428
0.979428
0.979428
0.979428
0.979428
0.979428
0.979428
0.979428
0.979428
0.979428
0.979428
0.979428
0.979428
0.979428
0.979428
0.979428
0.979428
0.979428
0.979428
0.979428
0.979428
0.979428
0.979428
0.979428
0.979428
0.979428
0.979428
0.979428
0.979428
0.979428
0.979428
0.979428
0.979428
0.979428
0.979428
0.979428
0.979428
0.979428
0.979428
0.979428
0.979428
0.979428
0.979428
0.979428
0.979428
0.979428
0.979428
0.979428
0.979428
0.979428
0.979428
0.979428
0.979428
0.979428
0.979428
0.979428
0.979428
0.979428
0.979428
0.979428
0.979428
0.979428
0.979428
0.979428
0.979428
0.979428
0.979428
0.979428
0.979428
0.979428
0.979428
0.979428
0.979428
0.979428
0.979428
0.979428
0.979428
0.979428
0.979428
0.979428
0.979428
0.979428
0.979428
0.979428
0.979428
0.979428
0.979428
0.979428
0.979428
0.979428
0.979428
0.979428
0.979428
0.979428
0.979428
0.979428
0.979428
0.979428
0.979428
0.979428
0.979428
0.979428
0.979428
0.979428
0.979428
0.979428
0.979428
0.979428
0.979428
0.979428
0.979428
0.979428
0.979428
0.979428
0.979428
0.979428
0.979428
0.979428
0.979428
0.979428
0.979428
0.979428
0.979428
0.979428
0.979428
0.979428
0.979428
0.979428
0.979428
0.979428
0.979428
0.979428
0.979428
0.979428
0.979428
0.979428
0.979428
0.979428
0.979428
0.979428
0.979428
0.979428
0.979428
0.979428
0.979428
0.979428
0.979428
0.979428
0.979428
