0.010163
0.023388
0.031860
0.037016
0.042464
0.048288
0.054566
0.061378
0.068835
0.077070
0.086239
0.096526
0.108163
0.121468
0.136870
0.154937
0.176448
0.202622
0.235411
0.277712
0.332665
0.395511
0.424027
0.376974
0.338352
0.335597
0.338473
0.341550
0.344680
0.347856
0.351075
0.354336
0.357635
0.360973
0.364346
0.367756
0.371201
0.374680
0.378194
0.381817
0.385199
0.388635
0.392109
0.395619
0.399163
0.402742
0.406355
0.410002
0.413681
0.417393
0.421136
0.424911
0.428716
0.432552
0.436416
0.440310
0.444231
0.448180
0.452156
0.456157
0.460183
0.464234
0.468308
0.472405
0.476523
0.480662
0.484822
0.489000
0.493197
0.497410
0.501640
0.505886
0.510145
0.514418
0.518703
0.522999
0.527306
0.531621
0.535945
0.540276
0.544613
0.548956
0.553302
0.557651
0.562002
0.566353
0.570705
0.575055
0.579404
0.583748
0.588089
0.592424
0.596753
0.601075
0.605389
0.609693
0.613988
0.618271
0.622542
0.626800
0.631045
0.635275
0.639489
0.643687
0.647868
0.652030
0.656174
0.660299
0.664403
0.668486
0.672547
0.676586
0.680602
0.684594
0.688562
0.692505
0.696422
0.700313
0.704178
0.708015
0.711825
0.715607
0.719359
0.723083
0.726778
0.730442
0.734077
0.737681
0.741254
0.744796
0.748306
0.751784
0.755231
0.758645
0.762027
0.765376
0.768692
0.771976
0.775226
0.778443
0.781627
0.784777
0.787894
0.790977
0.794026
0.797042
0.800024
0.802973
0.805888
0.808769
0.811617
0.814431
0.817212
0.819960
0.822674
0.825355
0.828003
0.830619
0.833201
0.835751
0.838268
0.840753
0.843206
0.845627
0.848016
0.850373
0.852699
0.854994
0.857258
0.859491
0.861694
0.863867
0.866009
0.868122
0.870205
0.872258
0.874283
0.876279
0.878246
0.880185
0.882097
0.883980
0.885836
0.887665
0.889467
0.891242
0.892991
0.894714
0.896411
0.898083
0.899730
0.901351
0.902948
0.904521
0.906070
0.907594
0.909096
0.910574
0.912029
0.913462
0.914873
0.916261
0.917628
0.918973
0.920297
0.921600
0.922882
0.924144
0.925386
0.926609
0.927811
0.928994
0.930159
0.931304
0.932432
0.933540
0.934631
0.935705
0.936761
0.937799
0.938821
0.939826
0.940814
0.941787
0.942743
0.943684
0.944609
0.945519
0.946414
0.947294
0.948160
0.949011
0.949848
0.950671
0.951481
0.952277
0.953060
0.953829
0.954586
0.955330
0.956062
0.956782
0.957489
0.958185
0.958868
0.959541
0.960202
0.960852
0.961491
0.962119
0.962737
0.963344
0.963941
0.964528
0.965105
0.965673
0.966230
0.966779
0.967318
0.967847
0.968368
0.968880
0.969384
0.969879
0.970365
0.970843
0.971313
0.971775
0.972230
0.972676
0.973115
0.973547
0.973971
0.974388
0.974798
0.975201
0.975597
0.975986
0.976369
0.976745
0.977115
0.977479
0.977836
0.978187
0.978532
0.978872
0.979206
0.979534
0.979856
0.980173
0.980484
0.980791
0.981092
0.981388
0.981679
0.981965
0.982246
0.982522
0.982794
0.983061
0.983323
0.983581
0.983835
0.984084
0.984330
0.984571
0.984807
0.985040
0.985269
0.985494
0.985716
0.985933
0.986147
0.986357
0.986564
0.986767
0.986967
0.987163
0.987356
0.987546
0.987732
0.987916
0.988096
0.988273
0.988448
0.988619
0.988787
0.988953
0.989116
0.989276
0.989433
0.989588
0.989740
0.989890
0.990037
0.990181
0.990324
0.990463
0.990601
0.990736
0.990869
0.990999
0.991128
0.991254
0.991378
0.991500
0.991621
0.991739
0.991855
0.991969
0.992081
0.992191
0.992300
0.992406
0.992511
0.992615
0.992716
0.992816
0.992914
0.993010
0.993105
0.993198
0.993290
0.993380
0.993469
0.993556
0.993642
0.993726
0.993809
0.993891
0.993971
0.994050
0.994127
0.994204
0.994279
0.994353
0.994425
0.994497
0.994567
0.994636
0.994704
0.994770
0.994836
0.994901
0.994964
0.995027
0.995088
0.995148
0.995208
0.995266
0.995324
0.995380
0.995436
0.995491
0.995544
0.995597
0.995649
0.995701
0.995751
0.995800
0.995849
0.995897
0.995944
0.995990
0.996036
0.996081
0.996125
0.996168
0.996211
0.996253
0.996294
0.996335
0.996375
0.996414
0.996453
0.996491
0.996528
0.996565
0.996601
0.996637
0.996672
0.996706
0.996740
0.996774
0.996806
0.996839
0.996870
0.996902
0.996932
0.996963
0.996992
0.997021
0.997050
0.997079
0.997106
0.997134
0.997161
0.997187
0.997213
0.997239
0.997264
0.997289
0.997313
0.997337
0.997361
0.997384
0.997407
0.997430
0.997452
0.997474
0.997495
0.997516
0.997537
0.997557
0.997577
0.997597
0.997617
0.997636
0.997655
0.997673
0.997691
0.997709
0.997727
0.997744
0.997761
0.997778
0.997795
0.997811
0.997827
0.997843
0.997858
0.997873
0.997888
0.997903
0.997918
0.997932
0.997946
0.997960
0.997973
0.997987
0.998000
0.998013
0.998026
0.998038
0.998050
0.998063
0.998075
0.998086
0.998098
0.998109
0.998120
0.998132
0.998142
0.998153
0.998164
0.998174
0.998184
0.998194
0.998204
0.998214
0.998223
0.998232
0.998242
0.998251
0.998260
0.998268
0.998277
0.998286
0.998294
0.998302
0.998310
0.998318
0.998326
0.998334
0.998341
0.998349
0.998356
0.998364
0.998371
0.998378
0.998385
0.998391
0.998398
0.998405
0.998411
0.998417
0.998424
0.998430
0.998436
0.998442
0.998448
0.998454
0.998459
0.998465
0.998470
0.998476
0.998481
0.998486
0.998491
0.998497
0.998502
0.998506
0.998511
0.998516
0.998521
0.998525
0.998530
0.998534
0.998539
0.998543
0.998547
0.998552
0.998556
0.998560
0.998564
0.998568
0.998571
0.998575
0.998579
0.998583
0.998586
0.998590
0.998593
0.998597
0.998600
0.998604
0.998607
0.998610
0.998613
0.998616
0.998619
0.998623
0.998626
0.998628
0.998631
0.998634
0.998637
0.998640
0.998642
0.998645
0.998648
0.998650
0.998653
0.998655
0.998658
0.998660
0.998663
0.998665
0.998667
0.998670
0.998672
0.998674
0.998676
0.998678
0.998680
0.998682
0.998684
0.998686
0.998688
0.998690
