0.032577
0.070112
0.110878
0.157754
0.210495
0.247134
0.246189
0.232620
0.232840
0.240952
0.249288
0.257403
0.265473
0.273761
0.283210
0.291196
0.293725
0.295726
0.297722
0.299716
0.301707
0.303695
0.305680
0.307663
0.309644
0.311622
0.313598
0.315572
0.317544
0.319515
0.321483
0.323451
0.325417
0.327381
0.329345
0.331308
0.333270
0.335232
0.337193
0.339181
0.340961
0.342758
0.344557
0.346357
0.348159
0.349961
0.351765
0.353571
0.355377
0.357186
0.358996
0.360808
0.362622
0.364437
0.366255
0.368075
0.369897
0.371722
0.373549
0.375379
0.377211
0.379046
0.380884
0.382725
0.384569
0.386416
0.388266
0.390119
0.391976
0.393836
0.395700
0.397568
0.399439
0.401314
0.403193
0.405076
0.406962
0.408853
0.410749
0.412648
0.414552
0.416460
0.418373
0.420291
0.422213
0.424139
0.426071
0.428007
0.429948
0.431894
0.433846
0.435802
0.437763
0.439730
0.441702
0.443679
0.445661
0.447649
0.449643
0.451642
0.453646
0.455656
0.457671
0.459692
0.461719
0.463752
0.465790
0.467834
0.469884
0.471939
0.474001
0.476068
0.478141
0.480220
0.482305
0.484395
0.486492
0.488595
0.490703
0.492817
0.494938
0.497064
0.499196
0.501333
0.503477
0.505627
0.507782
0.509943
0.512110
0.514283
0.516462
0.518646
0.520836
0.523031
0.525232
0.527439
0.529651
0.531869
0.534092
0.536320
0.538554
0.540793
0.543037
0.545286
0.547541
0.549800
0.552065
0.554334
0.556608
0.558887
0.561170
0.563458
0.565751
0.568048
0.570349
0.572655
0.574965
0.577278
0.579596
0.581918
0.584243
0.586572
0.588905
0.591241
0.593580
0.595923
0.598269
0.600618
0.602970
0.605324
0.607681
0.610041
0.612403
0.614768
0.617135
0.619503
0.621874
0.624247
0.626621
0.628996
0.631373
0.633752
0.636131
0.638512
0.640893
0.643275
0.645658
0.648041
0.650424
0.652807
0.655191
0.657574
0.659957
0.662339
0.664721
0.667102
0.669482
0.671861
0.674239
0.676615
0.678990
0.681364
0.683735
0.686104
0.688471
0.690836
0.693199
0.695559
0.697916
0.700270
0.702621
0.704968
0.707313
0.709653
0.711990
0.714323
0.716652
0.718977
0.721298
0.723614
0.725925
0.728231
0.730533
0.732829
0.735120
0.737406
0.739686
0.741960
0.744228
0.746491
0.748747
0.750996
0.753240
0.755476
0.757706
0.759929
0.762144
0.764353
0.766554
0.768748
0.770934
0.773112
0.775282
0.777444
0.779598
0.781744
0.783881
0.786010
0.788130
0.790241
0.792343
0.794436
0.796519
0.798594
0.800659
0.802714
0.804760
0.806796
0.808822
0.810837
0.812843
0.814839
0.816824
0.818799
0.820763
0.822716
0.824659
0.826591
0.828512
0.830422
0.832321
0.834208
0.836084
0.837949
0.839803
0.841645
0.843475
0.845294
0.847101
0.848896
0.850679
0.852450
0.854209
0.855956
0.857691
0.859414
0.861124
0.862822
0.864508
0.866181
0.867842
0.869491
0.871126
0.872750
0.874360
0.875958
0.877543
0.879116
0.880676
0.882223
0.883757
0.885278
0.886787
0.888283
0.889765
0.891235
0.892692
0.894137
0.895568
0.896986
0.898391
0.899784
0.901163
0.902530
0.903883
0.905224
0.906552
0.907867
0.909169
0.910458
0.911734
0.912998
0.914248
0.915486
0.916711
0.917924
0.919124
0.920311
0.921485
0.922647
0.923796
0.924932
0.926057
0.927168
0.928267
0.929354
0.930429
0.931491
0.932541
0.933579
0.934604
0.935618
0.936619
0.937609
0.938586
0.939552
0.940506
0.941448
0.942379
0.943298
0.944205
0.945101
0.945985
0.946858
0.947719
0.948570
0.949409
0.950237
0.951054
0.951861
0.952656
0.953441
0.954214
0.954978
0.955730
0.956472
0.957204
0.957925
0.958636
0.959337
0.960028
0.960709
0.961380
0.962041
0.962692
0.963334
0.963966
0.964589
0.965202
0.965806
0.966400
0.966985
0.967562
0.968129
0.968688
0.969237
0.969778
0.970310
0.970834
0.971349
0.971856
0.972355
0.972845
0.973327
0.973801
0.974268
0.974726
0.975177
0.975620
0.976055
0.976483
0.976904
0.977317
0.977723
0.978122
0.978514
0.978899
0.979277
0.979648
0.980012
0.980370
0.980721
0.981066
0.981405
0.981737
0.982063
0.982383
0.982697
0.983005
0.983307
0.983603
0.983894
0.984179
0.984458
0.984732
0.985001
0.985264
0.985522
0.985775
0.986023
0.986265
0.986503
0.986736
0.986965
0.987188
0.987407
0.987622
0.987832
0.988037
0.988239
0.988436
0.988628
0.988817
0.989002
0.989182
0.989359
0.989532
0.989701
0.989867
0.990028
0.990186
0.990341
0.990492
0.990640
0.990785
0.990926
0.991064
0.991198
0.991330
0.991459
0.991584
0.991707
0.991827
0.991944
0.992058
0.992170
0.992279
0.992385
0.992488
0.992590
0.992688
0.992785
0.992879
0.992970
0.993060
0.993147
0.993232
0.993315
0.993396
0.993474
0.993551
0.993626
0.993699
0.993770
0.993839
0.993906
0.993972
0.994036
0.994098
0.994159
0.994217
0.994275
0.994331
0.994385
0.994438
0.994490
0.994540
0.994588
0.994636
0.994682
0.994727
0.994770
0.994813
0.994854
0.994894
0.994933
0.994971
0.995007
0.995043
0.995078
0.995111
0.995144
0.995176
0.995206
0.995236
0.995265
0.995294
0.995321
0.995348
0.995373
0.995398
0.995423
0.995446
0.995469
0.995491
0.995512
0.995533
0.995553
0.995573
0.995592
0.995610
0.995628
0.995645
0.995662
0.995678
0.995693
0.995708
0.995723
0.995737
0.995751
0.995764
0.995777
0.995790
0.995802
0.995813
0.995824
0.995835
0.995846
0.995856
0.995866
0.995875
0.995884
0.995893
0.995902
0.995910
0.995918
0.995926
0.995933
0.995941
0.995947
0.995954
0.995961
0.995967
0.995973
0.995979
0.995984
0.995990
0.995995
0.996000
0.996005
0.996009
0.996014
0.996018
0.996023
0.996027
0.996030
0.996034
0.996038
0.996041
0.996045
0.996048
0.996051
0.996054
0.996057
0.996060
0.996062
0.996065
0.996067
0.996070
0.996072
0.996074
0.996076
0.996078
0.996080
0.996082
0.996084
0.996085
0.996087
0.996089
0.996090
