0.107197
0.247131
0.296028
0.182180
0.200608
0.220809
0.238828
0.255137
0.270083
0.283919
0.296843
0.309027
0.320615
0.331713
0.342402
0.352802
0.363059
0.373355
0.383993
0.395779
0.405802
0.411057
0.415599
0.420182
0.424813
0.429494
0.434223
0.438999
0.443822
0.448691
0.453605
0.458564
0.463566
0.468612
0.473699
0.478827
0.483994
0.489201
0.494445
0.499882
0.505034
0.510239
0.515482
0.520762
0.526078
0.531427
0.536808
0.542218
0.547656
0.553120
0.558609
0.564120
0.569652
0.575202
0.580770
0.586352
0.591947
0.597554
0.603169
0.608792
0.614420
0.620051
0.625682
0.631313
0.636941
0.642564
0.648180
0.653787
0.659382
0.664964
0.670531
0.676081
0.681612
0.687122
0.692608
0.698070
0.703504
0.708910
0.714285
0.719628
0.724936
0.730208
0.735443
0.740638
0.745792
0.750903
0.755970
0.760992
0.765966
0.770892
0.775767
0.780591
0.785363
0.790081
0.794744
0.799351
0.803901
0.808393
0.812826
0.817199
0.821511
0.825761
0.829950
0.834075
0.838137
0.842135
0.846068
0.849936
0.853739
0.857476
0.861148
0.864753
0.868291
0.871764
0.875169
0.878508
0.881781
0.884988
0.888128
0.891202
0.894210
0.897153
0.900030
0.902843
0.905591
0.908276
0.910896
0.913454
0.915949
0.918383
0.920755
0.923067
0.925318
0.927511
0.929645
0.931721
0.933741
0.935704
0.937612
0.939465
0.941265
0.943012
0.944708
0.946352
0.947947
0.949492
0.950989
0.952439
0.953842
0.955200
0.956514
0.957785
0.959013
0.960199
0.961345
0.962451
0.963519
0.964549
0.965542
0.966499
0.967422
0.968310
0.969166
0.969989
0.970781
0.971543
0.972275
0.972979
0.973655
0.974304
0.974927
0.975525
0.976098
0.976647
0.977174
0.977678
0.978161
0.978623
0.979066
0.979489
0.979893
0.980280
0.980649
0.981001
0.981338
0.981659
0.981965
0.982257
0.982535
0.982800
0.983053
0.983293
0.983522
0.983739
0.983946
0.984142
0.984329
0.984506
0.984674
0.984834
0.984985
0.985129
0.985265
0.985393
0.985515
0.985631
0.985740
0.985843
0.985941
0.986034
0.986121
0.986203
0.986281
0.986354
0.986423
0.986489
0.986550
0.986608
0.986662
0.986714
0.986762
0.986807
0.986850
0.986890
0.986928
0.986963
0.986996
0.987027
0.987057
0.987084
0.987110
0.987134
0.987156
0.987177
0.987197
0.987215
0.987232
0.987248
0.987263
0.987277
0.987291
0.987303
0.987314
0.987325
0.987335
0.987344
0.987352
0.987360
0.987368
0.987375
0.987381
0.987387
0.987392
0.987398
0.987402
0.987407
0.987411
0.987415
0.987418
0.987421
0.987424
0.987427
0.987430
0.987432
0.987434
0.987436
0.987438
0.987440
0.987441
0.987443
0.987444
0.987445
0.987447
0.987448
0.987449
0.987450
0.987450
0.987451
0.987452
0.987452
0.987453
0.987454
0.987454
0.987455
0.987455
0.987455
0.987456
0.987456
0.987456
0.987457
0.987457
0.987457
0.987457
0.987457
0.987458
0.987458
0.987458
0.987458
0.987458
0.987458
0.987458
0.987458
0.987458
0.987458
0.987459
0.987459
0.987459
0.987459
0.987459
0.987459
0.987459
0.987459
0.987459
0.987459
0.987459
0.987459
0.987459
0.987459
0.987459
0.987459
0.987459
0.987459
0.987459
0.987459
0.987459
0.987459
0.987459
0.987459
0.987459
0.987459
0.987459
0.987459
0.987459
0.987459
0.987459
0.987459
0.987459
0.987459
0.987459
0.987459
0.987459
0.987459
0.987459
0.987459
0.987459
0.987459
0.987459
0.987459
0.987459
0.987459
0.987459
0.987459
0.987459
0.987459
0.987459
0.987459
0.987459
0.987459
0.987459
0.987459
0.987459
0.987459
0.987459
0.987459
0.987459
0.987459
0.987459
0.987459
0.987459
0.987459
0.987459
0.987459
0.987459
0.987459
0.987459
0.987459
0.987459
0.987459
0.987459
0.987459
0.987459
0.987459
0.987459
0.987459
0.987459
0.987459
0.987459
0.987459
0.987459
0.987459
0.987459
0.987459
0.987459
0.987459
0.987459
0.987459
0.987459
0.987459
0.987459
0.987459
0.987459
0.987459
0.987459
0.987459
0.987459
0.987459
0.987459
0.987459
0.987459
0.987459
0.987459
0.987459
0.987459
0.987459
0.987459
0.987459
0.987459
0.987459
0.987459
0.987459
0.987459
0.987459
0.987459
0.987459
0.987459
0.987459
0.987459
0.987459
0.987459
0.987459
0.987459
0.987459
0.987459
0.987459
0.987459
0.987459
0.987459
0.987459
0.987459
0.987459
0.987459
0.987459
0.987459
0.987459
0.987459
0.987459
0.987459
0.987459
0.987459
0.987459
0.987459
0.987459
0.987459
0.987459
0.987459
0.987459
0.987459
0.987459
0.987459
0.987459
0.987459
0.987459
0.987459
0.987459
0.987459
0.987459
0.987459
0.987459
0.987459
0.987459
0.987459
0.987459
0.987459
0.987459
0.987459
0.987459
0.987459
0.987459
0.987459
0.987459
0.987459
0.987459
0.987459
0.987459
0.987459
0.987459
0.987459
0.987459
0.987459
0.987459
0.987459
0.987459
0.987459
0.987459
0.987459
0.987459
0.987459
0.987459
0.987459
0.987459
0.987459
0.987459
0.987459
0.987459
0.987459
0.987459
0.987459
0.987459
0.987459
0.987459
0.987459
0.987459
0.987459
0.987459
0.987459
0.987459
0.987459
0.987459
0.987459
0.987459
0.987459
0.987459
0.987459
0.987459
0.987459
0.987459
0.987459
0.987459
0.987459
0.987459
0.987459
0.987459
0.987459
0.987459
0.987459
0.987459
0.987459
0.987459
0.987459
0.987459
0.987459
0.987459
0.987459
0.987459
0.987459
0.987459
0.987459
0.987459
0.987459
0.987459
0.987459
0.987459
0.987459
0.987459
0.987459
0.987459
0.987459
0.987459
0.987459
0.987459
0.987459
0.987459
0.987459
0.987459
0.987459
0.987459
0.987459
0.987459
0.987459
0.987459
0.987459
0.987459
0.987459
0.987459
0.987459
0.987459
0.987459
0.987459
0.987459
0.987459
0.987459
0.987459
0.987459
0.987459
0.987459
0.987459
0.987459
0.987459
0.987459
0.987459
0.987459
0.987459
0.987459
0.987459
0.987459
0.987459
0.987459
0.987459
0.987459
0.987459
