0.052523
0.115384
0.181391
0.210922
0.194056
0.184599
0.194045
0.205741
0.216553
0.226627
0.236093
0.245033
0.253550
0.261778
0.269872
0.278038
0.286797
0.296451
0.301062
0.303167
0.305198
0.307229
0.309259
0.311289
0.313318
0.315346
0.317375
0.319403
0.321432
0.323461
0.325490
0.327520
0.329551
0.331583
0.333616
0.335651
0.337687
0.339725
0.341765
0.343833
0.345691
0.347571
0.349457
0.351346
0.353239
0.355136
0.357037
0.358943
0.360853
0.362767
0.364686
0.366610
0.368539
0.370473
0.372412
0.374357
0.376306
0.378262
0.380223
0.382190
0.384163
0.386142
0.388127
0.390118
0.392116
0.394121
0.396132
0.398149
0.400174
0.402206
0.404244
0.406290
0.408343
0.410404
0.412472
0.414548
0.416631
0.418722
0.420821
0.422928
0.425043
0.427166
0.429297
0.431437
0.433584
0.435741
0.437905
0.440079
0.442260
0.444451
0.446650
0.448858
0.451075
0.453301
0.455535
0.457779
0.460032
0.462293
0.464564
0.466844
0.469133
0.471431
0.473738
0.476054
0.478380
0.480714
0.483058
0.485411
0.487774
0.490145
0.492525
0.494915
0.497314
0.499722
0.502139
0.504565
0.507000
0.509443
0.511896
0.514358
0.516828
0.519308
0.521795
0.524292
0.526797
0.529310
0.531832
0.534363
0.536901
0.539448
0.542002
0.544565
0.547135
0.549713
0.552299
0.554892
0.557493
0.560101
0.562716
0.565339
0.567968
0.570603
0.573246
0.575895
0.578550
0.581211
0.583879
0.586552
0.589231
0.591915
0.594605
0.597300
0.600000
0.602705
0.605414
0.608128
0.610846
0.613569
0.616295
0.619024
0.621758
0.624494
0.627234
0.629976
0.632721
0.635468
0.638218
0.640970
0.643723
0.646478
0.649234
0.651991
0.654750
0.657508
0.660267
0.663027
0.665786
0.668544
0.671303
0.674060
0.676816
0.679571
0.682324
0.685076
0.687825
0.690573
0.693317
0.696059
0.698798
0.701533
0.704265
0.706993
0.709716
0.712436
0.715151
0.717861
0.720565
0.723265
0.725959
0.728647
0.731329
0.734004
0.736673
0.739335
0.741990
0.744637
0.747277
0.749909
0.752532
0.755148
0.757755
0.760353
0.762941
0.765521
0.768091
0.770651
0.773201
0.775741
0.778270
0.780789
0.783296
0.785793
0.788278
0.790751
0.793213
0.795662
0.798100
0.800524
0.802937
0.805336
0.807722
0.810096
0.812455
0.814801
0.817134
0.819452
0.821756
0.824046
0.826321
0.828581
0.830827
0.833058
0.835274
0.837474
0.839659
0.841828
0.843981
0.846119
0.848241
0.850346
0.852435
0.854508
0.856565
0.858604
0.860627
0.862634
0.864623
0.866595
0.868550
0.870488
0.872409
0.874312
0.876198
0.878067
0.879918
0.881751
0.883566
0.885364
0.887144
0.888906
0.890651
0.892377
0.894086
0.895776
0.897449
0.899103
0.900740
0.902358
0.903959
0.905541
0.907105
0.908652
0.910180
0.911690
0.913183
0.914657
0.916113
0.917552
0.918972
0.920375
0.921760
0.923127
0.924477
0.925808
0.927123
0.928419
0.929698
0.930960
0.932205
0.933432
0.934642
0.935834
0.937010
0.938169
0.939311
0.940436
0.941544
0.942636
0.943712
0.944770
0.945813
0.946840
0.947850
0.948844
0.949823
0.950786
0.951733
0.952665
0.953581
0.954482
0.955368
0.956239
0.957095
0.957936
0.958763
0.959575
0.960373
0.961157
0.961927
0.962683
0.963425
0.964153
0.964868
0.965569
0.966258
0.966933
0.967595
0.968245
0.968882
0.969507
0.970119
0.970719
0.971307
0.971883
0.972448
0.973001
0.973542
0.974073
0.974592
0.975100
0.975598
0.976084
0.976561
0.977027
0.977483
0.977929
0.978365
0.978791
0.979207
0.979615
0.980013
0.980401
0.980781
0.981152
0.981514
0.981868
0.982214
0.982551
0.982880
0.983201
0.983514
0.983819
0.984117
0.984408
0.984691
0.984967
0.985236
0.985498
0.985754
0.986003
0.986245
0.986481
0.986711
0.986934
0.987152
0.987364
0.987570
0.987771
0.987966
0.988155
0.988340
0.988519
0.988693
0.988862
0.989027
0.989186
0.989342
0.989492
0.989638
0.989780
0.989918
0.990052
0.990182
0.990307
0.990429
0.990548
0.990662
0.990774
0.990881
0.990986
0.991087
0.991185
0.991280
0.991371
0.991460
0.991546
0.991629
0.991710
0.991788
0.991863
0.991936
0.992006
0.992074
0.992140
0.992204
0.992265
0.992324
0.992381
0.992437
0.992490
0.992541
0.992591
0.992639
0.992685
0.992730
0.992773
0.992814
0.992854
0.992892
0.992929
0.992965
0.992999
0.993032
0.993064
0.993094
0.993124
0.993152
0.993179
0.993205
0.993231
0.993255
0.993278
0.993300
0.993322
0.993342
0.993362
0.993381
0.993399
0.993417
0.993433
0.993449
0.993465
0.993480
0.993494
0.993507
0.993520
0.993533
0.993545
0.993556
0.993567
0.993577
0.993587
0.993597
0.993606
0.993615
0.993623
0.993631
0.993639
0.993646
0.993653
0.993660
0.993666
0.993672
0.993678
0.993683
0.993689
0.993694
0.993698
0.993703
0.993707
0.993711
0.993715
0.993719
0.993723
0.993726
0.993729
0.993732
0.993735
0.993738
0.993741
0.993743
0.993746
0.993748
0.993750
0.993752
0.993754
0.993756
0.993758
0.993759
0.993761
0.993762
0.993764
0.993765
0.993766
0.993768
0.993769
0.993770
0.993771
0.993772
0.993773
0.993774
0.993774
0.993775
0.993776
0.993777
0.993777
0.993778
0.993778
0.993779
0.993779
0.993780
0.993780
0.993781
0.993781
0.993782
0.993782
0.993782
0.993783
0.993783
0.993783
0.993783
0.993784
0.993784
0.993784
0.993784
0.993785
0.993785
0.993785
0.993785
0.993785
0.993785
0.993786
0.993786
0.993786
0.993786
0.993786
0.993786
0.993786
0.993786
0.993786
0.993786
0.993787
0.993787
0.993787
0.993787
0.993787
0.993787
0.993787
0.993787
0.993787
0.993787
0.993787
0.993787
0.993787
0.993787
0.993787
0.993787
0.993787
0.993787
0.993787
0.993787
0.993787
0.993787
0.993787
0.993787
0.993787
0.993787
0.993787
0.993787
0.993787
0.993787
0.993787
0.993787
0.993787
0.993787
0.993787
0.993787
0.993787
0.993787
0.993787
