0.011049
0.042589
0.107182
0.173935
0.224486
0.249022
0.261778
0.268581
0.272589
0.275386
0.277690
0.279803
0.281843
0.283855
0.285853
0.287843
0.289826
0.291803
0.293773
0.295738
0.297696
0.299649
0.301595
0.303536
0.305470
0.307399
0.309323
0.311240
0.313152
0.315059
0.316960
0.318855
0.320745
0.322629
0.324508
0.326382
0.328250
0.330113
0.331971
0.333886
0.335608
0.337306
0.338996
0.340681
0.342362
0.344039
0.345711
0.347379
0.349042
0.350701
0.352356
0.354007
0.355653
0.357295
0.358933
0.360567
0.362196
0.363822
0.365443
0.367060
0.368672
0.370281
0.371885
0.373486
0.375082
0.376674
0.378262
0.379846
0.381425
0.383001
0.384573
0.386140
0.387704
0.389264
0.390819
0.392371
0.393918
0.395462
0.397001
0.398537
0.400069
0.401596
0.403120
0.404640
0.406156
0.407668
0.409176
0.410680
0.412181
0.413677
0.415170
0.416659
0.418144
0.419625
0.421103
0.422576
0.424046
0.425512
0.426974
0.428433
0.429888
0.431339
0.432786
0.434230
0.435669
0.437106
0.438538
0.439967
0.441392
0.442813
0.444231
0.445645
0.447056
0.448463
0.449866
0.451266
0.452662
0.454054
0.455443
0.456829
0.458210
0.459589
0.460963
0.462335
0.463702
0.465066
0.466427
0.467784
0.469138
0.470488
0.471835
0.473178
0.474518
0.475854
0.477187
0.478517
0.479843
0.481165
0.482485
0.483801
0.485113
0.486422
0.487728
0.489031
0.490330
0.491626
0.492918
0.494207
0.495493
0.496775
0.498055
0.499331
0.500603
0.501873
0.503139
0.504402
0.505662
0.506918
0.508171
0.509421
0.510668
0.511912
0.513152
0.514389
0.515624
0.516854
0.518082
0.519307
0.520528
0.521747
0.522962
0.524174
0.525383
0.526589
0.527792
0.528991
0.530188
0.531382
0.532572
0.533760
0.534944
0.536125
0.537304
0.538479
0.539651
0.540821
0.541987
0.543150
0.544311
0.545468
0.546623
0.547774
0.548923
0.550068
0.551211
0.552351
0.553487
0.554621
0.555752
0.556880
0.558005
0.559128
0.560247
0.561364
0.562478
0.563588
0.564696
0.565802
0.566904
0.568003
0.569100
0.570194
0.571285
0.572374
0.573459
0.574542
0.575622
0.576699
0.577773
0.578845
0.579914
0.580980
0.582044
0.583105
0.584163
0.585218
0.586271
0.587321
0.588368
0.589413
0.590454
0.591494
0.592530
0.593564
0.594596
0.595624
0.596650
0.597674
0.598694
0.599713
0.600728
0.601741
0.602752
0.603759
0.604765
0.605767
0.606767
0.607765
0.608760
0.609752
0.610742
0.611729
0.612714
0.613697
0.614676
0.615654
0.616629
0.617601
0.618571
0.619538
0.620503
0.621465
0.622425
0.623383
0.624338
0.625290
0.626241
0.627188
0.628134
0.629077
0.630017
0.630955
0.631891
0.632824
0.633755
0.634684
0.635610
0.636533
0.637455
0.638374
0.639291
0.640205
0.641117
0.642027
0.642934
0.643839
0.644742
0.645643
0.646541
0.647437
0.648330
0.649221
0.650110
0.650997
0.651882
0.652764
0.653644
0.654522
0.655397
0.656270
0.657141
0.658010
0.658877
0.659741
0.660603
0.661463
0.662321
0.663176
0.664030
0.664881
0.665730
0.666577
0.667421
0.668264
0.669104
0.669943
0.670779
0.671613
0.672444
0.673274
0.674102
0.674927
0.675751
0.676572
0.677391
0.678208
0.679023
0.679836
0.680647
0.681455
0.682262
0.683067
0.683869
0.684670
0.685468
0.686265
0.687059
0.687852
0.688642
0.689430
0.690217
0.691001
0.691783
0.692564
0.693342
0.694118
0.694893
0.695665
0.696436
0.697204
0.697971
0.698735
0.699498
0.700258
0.701017
0.701774
0.702529
0.703282
0.704033
0.704782
0.705529
0.706274
0.707017
0.707759
0.708498
0.709236
0.709972
0.710706
0.711438
0.712168
0.712896
0.713623
0.714347
0.715070
0.715791
0.716510
0.717227
0.717943
0.718656
0.719368
0.720078
0.720786
0.721493
0.722197
0.722900
0.723601
0.724300
0.724997
0.725693
0.726387
0.727079
0.727769
0.728458
0.729144
0.729829
0.730513
0.731194
0.731874
0.732552
0.733228
0.733903
0.734576
0.735247
0.735917
0.736584
0.737250
0.737915
0.738577
0.739238
0.739898
0.740555
0.741211
0.741865
0.742518
0.743169
0.743818
0.744466
0.745112
0.745756
0.746399
0.747040
0.747679
0.748317
0.748953
0.749588
0.750220
0.750852
0.751481
0.752109
0.752736
0.753361
0.753984
0.754606
0.755226
0.755844
0.756461
0.757077
0.757691
0.758303
0.758914
0.759523
0.760130
0.760736
0.761341
0.761944
0.762545
0.763145
0.763743
0.764340
0.764936
0.765529
0.766122
0.766712
0.767302
0.767889
0.768476
0.769060
0.769644
0.770225
0.770806
0.771385
0.771962
0.772538
0.773112
0.773685
0.774257
0.774827
0.775395
0.775963
0.776528
0.777092
0.777655
0.778217
0.778777
0.779335
0.779892
0.780448
0.781002
0.781555
0.782107
0.782657
0.783205
0.783753
0.784298
0.784843
0.785386
0.785928
0.786468
0.787007
0.787544
0.788081
0.788616
0.789149
0.789681
0.790212
0.790741
0.791269
0.791796
0.792321
0.792846
0.793368
0.793890
0.794410
0.794928
0.795446
0.795962
0.796477
0.796990
0.797502
0.798013
0.798523
0.799031
0.799538
0.800044
0.800548
0.801051
0.801553
0.802053
0.802553
0.803051
0.803547
0.804043
0.804537
0.805030
0.805522
0.806012
0.806501
0.806989
0.807476
0.807962
0.808446
0.808929
0.809411
0.809891
0.810371
0.810849
0.811326
0.811801
0.812276
0.812749
0.813221
0.813692
0.814162
0.814630
0.815097
0.815563
0.816028
0.816492
0.816955
0.817416
0.817876
0.818335
0.818793
0.819250
0.819705
0.820160
0.820613
0.821065
0.821516
0.821966
0.822414
0.822862
0.823308
0.823753
0.824197
0.824640
0.825082
0.825523
0.825963
0.826401
0.826838
0.827275
0.827710
0.828144
0.828577
0.829009
0.829439
0.829869
0.830298
0.830725
0.831151
0.831577
0.832001
0.832424
0.832846
0.833267
0.833687
0.834106
0.834524
0.834940
0.835356
0.835771
0.836184
0.836597
0.837008
0.837419
0.837828
0.838236
0.838644
0.839050
