0.009981
0.021371
0.033589
0.048720
0.056094
0.063158
0.070898
0.079451
0.088978
0.099666
0.111760
0.125614
0.141761
0.161044
0.184662
0.213781
0.247858
0.281691
0.304288
0.305798
0.292556
0.283678
0.283456
0.285362
0.287370
0.289377
0.291383
0.293386
0.295387
0.297386
0.299384
0.301379
0.303372
0.305363
0.307353
0.309341
0.311327
0.313312
0.315295
0.317309
0.319112
0.320926
0.322741
0.324555
0.326370
0.328184
0.329998
0.331813
0.333628
0.335442
0.337258
0.339073
0.340889
0.342706
0.344523
0.346341
0.348160
0.349980
0.351800
0.353622
0.355445
0.357268
0.359093
0.360920
0.362747
0.364576
0.366407
0.368239
0.370073
0.371908
0.373745
0.375584
0.377425
0.379268
0.381113
0.382960
0.384809
0.386660
0.388514
0.390369
0.392227
0.394088
0.395951
0.397816
0.399684
0.401554
0.403428
0.405303
0.407182
0.409063
0.410947
0.412833
0.414723
0.416615
0.418511
0.420409
0.422310
0.424214
0.426121
0.428031
0.429945
0.431861
0.433780
0.435702
0.437628
0.439556
0.441488
0.443423
0.445361
0.447302
0.449246
0.451193
0.453144
0.455097
0.457054
0.459013
0.460976
0.462942
0.464911
0.466883
0.468858
0.470836
0.472817
0.474801
0.476788
0.478778
0.480771
0.482766
0.484765
0.486766
0.488770
0.490777
0.492786
0.494798
0.496813
0.498830
0.500850
0.502873
0.504897
0.506925
0.508954
0.510986
0.513020
0.515056
0.517095
0.519135
0.521178
0.523222
0.525268
0.527317
0.529367
0.531418
0.533472
0.535527
0.537583
0.539641
0.541700
0.543761
0.545823
0.547886
0.549950
0.552015
0.554082
0.556149
0.558217
0.560285
0.562354
0.564424
0.566495
0.568565
0.570636
0.572708
0.574779
0.576851
0.578923
0.580994
0.583066
0.585137
0.587208
0.589279
0.591349
0.593418
0.595487
0.597555
0.599623
0.601689
0.603755
0.605819
0.607882
0.609944
0.612005
0.614064
0.616122
0.618178
0.620233
0.622286
0.624337
0.626386
0.628433
0.630478
0.632520
0.634561
0.636599
0.638635
0.640668
0.642699
0.644727
0.646752
0.648774
0.650794
0.652810
0.654823
0.656834
0.658840
0.660844
0.662844
0.664841
0.666834
0.668824
0.670809
0.672791
0.674769
0.676743
0.678714
0.680680
0.682641
0.684599
0.686552
0.688501
0.690445
0.692385
0.694321
0.696251
0.698177
0.700098
0.702014
0.703925
0.705831
0.707732
0.709628
0.711519
0.713405
0.715285
0.717159
0.719029
0.720892
0.722751
0.724603
0.726450
0.728291
0.730126
0.731956
0.733779
0.735597
0.737409
0.739214
0.741013
0.742807
0.744594
0.746374
0.748149
0.749917
0.751678
0.753433
0.755182
0.756924
0.758660
0.760388
0.762111
0.763826
0.765535
0.767237
0.768932
0.770620
0.772302
0.773976
0.775644
0.777304
0.778958
0.780604
0.782243
0.783875
0.785500
0.787118
0.788729
0.790332
0.791928
0.793517
0.795099
0.796673
0.798240
0.799799
0.801351
0.802896
0.804433
0.805963
0.807485
0.809000
0.810507
0.812007
0.813499
0.814983
0.816460
0.817930
0.819392
0.820846
0.822292
0.823731
0.825163
0.826587
0.828003
0.829411
0.830812
0.832205
0.833590
0.834968
0.836338
0.837700
0.839055
0.840402
0.841741
0.843073
0.844397
0.845713
0.847021
0.848322
0.849615
0.850901
0.852179
0.853449
0.854711
0.855966
0.857213
0.858453
0.859684
0.860909
0.862125
0.863334
0.864536
0.865729
0.866916
0.868094
0.869265
0.870429
0.871585
0.872733
0.873874
0.875007
0.876133
0.877252
0.878363
0.879466
0.880563
0.881651
0.882733
0.883807
0.884873
0.885933
0.886985
0.888029
0.889067
0.890097
0.891120
0.892135
0.893144
0.894145
0.895139
0.896127
0.897106
0.898079
0.899045
0.900004
0.900956
0.901900
0.902838
0.903769
0.904693
0.905610
0.906520
0.907423
0.908320
0.909209
0.910092
0.910968
0.911838
0.912701
0.913557
0.914406
0.915249
0.916085
0.916915
0.917738
0.918555
0.919365
0.920169
0.920966
0.921757
0.922542
0.923320
0.924092
0.924858
0.925618
0.926371
0.927118
0.927859
0.928594
0.929323
0.930046
0.930762
0.931473
0.932178
0.932877
0.933570
0.934257
0.934938
0.935614
0.936284
0.936948
0.937606
0.938258
0.938905
0.939547
0.940182
0.940813
0.941437
0.942057
0.942670
0.943279
0.943882
0.944479
0.945071
0.945658
0.946240
0.946816
0.947388
0.947954
0.948515
0.949070
0.949621
0.950167
0.950708
0.951243
0.951774
0.952300
0.952821
0.953337
0.953849
0.954355
0.954857
0.955354
0.955847
0.956334
0.956817
0.957296
0.957770
0.958239
0.958704
0.959165
0.959621
0.960073
0.960520
0.960963
0.961401
0.961836
0.962266
0.962692
0.963113
0.963531
0.963944
0.964353
0.964759
0.965160
0.965557
0.965950
0.966339
0.966725
0.967106
0.967484
0.967858
0.968228
0.968594
0.968956
0.969315
0.969670
0.970021
0.970369
0.970714
0.971054
0.971391
0.971725
0.972055
0.972382
0.972705
0.973025
0.973341
0.973654
0.973964
0.974271
0.974574
0.974874
0.975171
0.975465
0.975755
0.976043
0.976327
0.976608
0.976886
0.977162
0.977434
0.977703
0.977969
0.978233
0.978493
0.978751
0.979006
0.979258
0.979507
0.979753
0.979997
0.980238
0.980476
0.980712
0.980945
0.981175
0.981403
0.981628
0.981851
0.982071
0.982289
0.982504
0.982717
0.982927
0.983135
0.983340
0.983544
0.983744
0.983943
0.984139
0.984333
0.984525
0.984714
0.984901
0.985086
0.985269
0.985450
0.985629
0.985805
0.985979
0.986152
0.986322
0.986490
0.986657
0.986821
0.986983
0.987144
0.987302
0.987459
0.987614
0.987766
0.987917
0.988066
0.988214
0.988359
0.988503
0.988645
0.988785
0.988924
0.989061
0.989196
0.989330
0.989461
0.989592
0.989720
0.989847
0.989973
0.990097
0.990219
0.990340
0.990459
0.990577
0.990693
0.990808
0.990921
0.991033
0.991144
0.991253
0.991361
0.991467
0.991572
0.991676
0.991778
0.991879
0.991979
0.992077
0.992175
0.992271
0.992365
0.992459
0.992551
0.992642
