0.434339
0.557338
0.627298
0.673887
0.707912
0.734332
0.755691
0.773453
0.788568
0.801648
0.813105
0.823258
0.832352
0.840571
0.848060
0.854946
0.861343
0.867343
0.873028
0.878501
0.883896
0.889395
0.895354
0.902095
0.906976
0.908241
0.908344
0.908347
0.908347
0.908347
0.908347
0.908347
0.908347
0.908347
0.908347
0.908347
0.908347
0.908347
0.908347
0.908347
0.908347
0.908347
0.908347
0.908347
0.908347
0.908347
0.908347
0.908347
0.908347
0.908347
0.908347
0.908347
0.908347
0.908347
0.908347
0.908347
0.908347
0.908347
0.908347
0.908347
0.908347
0.908347
0.908347
0.908347
0.908347
0.908347
0.908347
0.908347
0.908347
0.908347
0.908347
0.908347
0.908347
0.908347
0.908347
0.908347
0.908347
0.908347
0.908347
0.908347
0.908347
0.908347
0.908347
0.908347
0.908347
0.908347
0.908347
0.908347
0.908347
0.908347
0.908347
0.908347
0.908347
0.908347
0.908347
0.908347
0.908347
0.908347
0.908347
0.908347
0.908347
0.908347
0.908347
0.908347
0.908347
0.908347
0.908347
0.908347
0.908347
0.908347
0.908347
0.908347
0.908347
0.908347
0.908347
0.908347
0.908347
0.908347
0.908347
0.908347
0.908347
0.908347
0.908347
0.908347
0.908347
0.908347
0.908347
0.908347
0.908347
0.908347
0.908347
0.908347
0.908347
0.908347
0.908347
0.908347
0.908347
0.908347
0.908347
0.908347
0.908347
0.908347
0.908347
0.908347
0.908347
0.908347
0.908347
0.908347
0.908347
0.908347
0.908347
0.908347
0.908347
0.908347
0.908347
0.908347
0.908347
0.908347
0.908347
0.908347
0.908347
0.908347
0.908347
0.908347
0.908347
0.908347
0.908347
0.908347
0.908347
0.908347
0.908347
0.908347
0.908347
0.908347
0.908347
0.908347
0.908347
0.908347
0.908347
0.908347
0.908347
0.908347
0.908347
0.908347
0.908347
0.908347
0.908347
0.908347
0.908347
0.908347
0.908347
0.908347
0.908347
0.908347
0.908347
0.908347
0.908347
0.908347
0.908347
0.908347
0.908347
0.908347
0.908347
0.908347
0.908347
0.908347
0.908347
0.908347
0.908347
0.908347
0.908347
0.908347
0.908347
0.908347
0.908347
0.908347
0.908347
0.908347
0.908347
0.908347
0.908347
0.908347
0.908347
0.908347
0.908347
0.908347
0.908347
0.908347
0.908347
0.908347
0.908347
0.908347
0.908347
0.908347
0.908347
0.908347
0.908347
0.908347
0.908347
0.908347
0.908347
0.908347
0.908347
0.908347
0.908347
0.908347
0.908347
0.908347
0.908347
0.908347
0.908347
0.908347
0.908347
0.908347
0.908347
0.908347
0.908347
0.908347
0.908347
0.908347
0.908347
0.908347
0.908347
0.908347
0.908347
0.908347
0.908347
0.908347
0.908347
0.908347
0.908347
0.908347
0.908347
0.908347
0.908347
0.908347
0.908347
0.908347
0.908347
0.908347
0.908347
0.908347
0.908347
0.908347
0.908347
0.908347
0.908347
0.908347
0.908347
0.908347
0.908347
0.908347
0.908347
0.908347
0.908347
0.908347
0.908347
0.908347
0.908347
0.908347
0.908347
0.908347
0.908347
0.908347
0.908347
0.908347
0.908347
0.908347
0.908347
0.908347
0.908347
0.908347
0.908347
0.908347
0.908347
0.908347
0.908347
0.908347
0.908347
0.908347
0.908347
0.908347
0.908347
0.908347
0.908347
0.908347
0.908347
0.908347
0.908347
0.908347
0.908347
0.908347
0.908347
0.908347
0.908347
0.908347
0.908347
0.908347
0.908347
0.908347
0.908347
0.908347
0.908347
0.908347
0.908347
0.908347
0.908347
0.908347
0.908347
0.908347
0.908347
0.908347
0.908347
0.908347
0.908347
0.908347
0.908347
0.908347
0.908347
0.908347
0.908347
0.908347
0.908347
0.908347
0.908347
0.908347
0.908347
0.908347
0.908347
0.908347
0.908347
0.908347
0.908347
0.908347
0.908347
0.908347
0.908347
0.908347
0.908347
0.908347
0.908347
0.908347
0.908347
0.908347
0.908347
0.908347
0.908347
0.908347
0.908347
0.908347
0.908347
0.908347
0.908347
0.908347
0.908347
0.908347
0.908347
0.908347
0.908347
0.908347
0.908347
0.908347
0.908347
0.908347
0.908347
0.908347
0.908347
0.908347
0.908347
0.908347
0.908347
0.908347
0.908347
0.908347
0.908347
0.908347
0.908347
0.908347
0.908347
0.908347
0.908347
0.908347
0.908347
0.908347
0.908347
0.908347
0.908347
0.908347
0.908347
0.908347
0.908347
0.908347
0.908347
0.908347
0.908347
0.908347
0.908347
0.908347
0.908347
0.908347
0.908347
0.908347
0.908347
0.908347
0.908347
0.908347
0.908347
0.908347
0.908347
0.908347
0.908347
0.908347
0.908347
0.908347
0.908347
0.908347
0.908347
0.908347
0.908347
0.908347
0.908347
0.908347
0.908347
0.908347
0.908347
0.908347
0.908347
0.908347
0.908347
0.908347
0.908347
0.908347
0.908347
0.908347
0.908347
0.908347
0.908347
0.908347
0.908347
0.908347
0.908347
0.908347
0.908347
0.908347
0.908347
0.908347
0.908347
0.908347
0.908347
0.908347
0.908347
0.908347
0.908347
0.908347
0.908347
0.908347
0.908347
0.908347
0.908347
0.908347
0.908347
0.908347
0.908347
0.908347
0.908347
0.908347
0.908347
0.908347
0.908347
0.908347
0.908347
0.908347
0.908347
0.908347
0.908347
0.908347
0.908347
0.908347
0.908347
0.908347
0.908347
0.908347
0.908347
0.908347
0.908347
0.908347
0.908347
0.908347
0.908347
0.908347
0.908347
0.908347
0.908347
0.908347
0.908347
0.908347
0.908347
0.908347
0.908347
0.908347
0.908347
0.908347
0.908347
0.908347
0.908347
0.908347
0.908347
0.908347
0.908347
0.908347
0.908347
0.908347
0.908347
0.908347
0.908347
0.908347
0.908347
0.908347
0.908347
0.908347
0.908347
0.908347
0.908347
0.908347
0.908347
0.908347
0.908347
0.908347
0.908347
0.908347
0.908347
0.908347
0.908347
0.908347
0.908347
0.908347
0.908347
0.908347
0.908347
0.908347
0.908347
0.908347
0.908347
0.908347
0.908347
0.908347
0.908347
0.908347
0.908347
0.908347
0.908347
0.908347
0.908347
0.908347
0.908347
0.908347
0.908347
0.908347
0.908347
0.908347
