0.015506
0.040190
0.092722
0.155308
0.201647
0.229065
0.245047
0.255990
0.265721
0.275866
0.278708
0.280713
0.282706
0.284695
0.286679
0.288656
0.290628
0.292593
0.294552
0.296505
0.298452
0.300392
0.302327
0.304255
0.306178
0.308095
0.310006
0.311911
0.313810
0.315704
0.317592
0.319475
0.321352
0.323224
0.325090
0.326951
0.328807
0.330657
0.332502
0.334398
0.336100
0.337783
0.339460
0.341132
0.342799
0.344463
0.346122
0.347777
0.349427
0.351074
0.352716
0.354354
0.355987
0.357617
0.359242
0.360864
0.362481
0.364094
0.365703
0.367308
0.368908
0.370505
0.372098
0.373686
0.375270
0.376851
0.378427
0.380000
0.381568
0.383132
0.384693
0.386249
0.387802
0.389350
0.390895
0.392435
0.393972
0.395505
0.397034
0.398559
0.400080
0.401597
0.403110
0.404620
0.406126
0.407627
0.409125
0.410620
0.412110
0.413597
0.415079
0.416558
0.418034
0.419505
0.420973
0.422437
0.423897
0.425354
0.426807
0.428256
0.429701
0.431143
0.432581
0.434016
0.435447
0.436874
0.438297
0.439717
0.441133
0.442546
0.443955
0.445361
0.446763
0.448161
0.449556
0.450947
0.452335
0.453719
0.455099
0.456477
0.457850
0.459220
0.460587
0.461950
0.463310
0.464666
0.466019
0.467368
0.468714
0.470056
0.471395
0.472731
0.474063
0.475392
0.476718
0.478040
0.479358
0.480674
0.481986
0.483294
0.484600
0.485902
0.487200
0.488496
0.489788
0.491077
0.492362
0.493644
0.494923
0.496199
0.497472
0.498741
0.500007
0.501270
0.502529
0.503786
0.505039
0.506289
0.507536
0.508779
0.510020
0.511257
0.512491
0.513722
0.514950
0.516175
0.517396
0.518615
0.519830
0.521043
0.522252
0.523458
0.524661
0.525861
0.527058
0.528252
0.529443
0.530631
0.531816
0.532998
0.534176
0.535352
0.536525
0.537695
0.538862
0.540026
0.541187
0.542345
0.543500
0.544652
0.545801
0.546947
0.548091
0.549231
0.550368
0.551503
0.552635
0.553764
0.554890
0.556013
0.557133
0.558251
0.559365
0.560477
0.561586
0.562692
0.563795
0.564896
0.565993
0.567088
0.568180
0.569270
0.570356
0.571440
0.572521
0.573599
0.574675
0.575748
0.576818
0.577885
0.578950
0.580012
0.581071
0.582128
0.583182
0.584233
0.585281
0.586327
0.587370
0.588411
0.589449
0.590484
0.591517
0.592547
0.593574
0.594599
0.595621
0.596641
0.597658
0.598672
0.599684
0.600694
0.601700
0.602705
0.603706
0.604705
0.605702
0.606696
0.607687
0.608676
0.609663
0.610647
0.611628
0.612607
0.613584
0.614558
0.615529
0.616498
0.617465
0.618429
0.619391
0.620350
0.621307
0.622262
0.623214
0.624163
0.625110
0.626055
0.626998
0.627938
0.628875
0.629811
0.630744
0.631674
0.632602
0.633528
0.634452
0.635373
0.636292
0.637208
0.638122
0.639034
0.639944
0.640851
0.641756
0.642659
0.643559
0.644457
0.645353
0.646247
0.647138
0.648027
0.648914
0.649798
0.650681
0.651561
0.652439
0.653315
0.654188
0.655059
0.655928
0.656795
0.657660
0.658523
0.659383
0.660241
0.661097
0.661951
0.662803
0.663652
0.664500
0.665345
0.666188
0.667029
0.667868
0.668705
0.669540
0.670372
0.671203
0.672031
0.672858
0.673682
0.674504
0.675324
0.676142
0.676958
0.677772
0.678584
0.679394
0.680202
0.681008
0.681812
0.682613
0.683413
0.684211
0.685007
0.685801
0.686593
0.687382
0.688170
0.688956
0.689740
0.690522
0.691302
0.692080
0.692856
0.693630
0.694403
0.695173
0.695942
0.696708
0.697473
0.698235
0.698996
0.699755
0.700512
0.701267
0.702020
0.702772
0.703521
0.704269
0.705015
0.705759
0.706501
0.707241
0.707980
0.708716
0.709451
0.710184
0.710915
0.711644
0.712372
0.713098
0.713822
0.714544
0.715264
0.715983
0.716700
0.717415
0.718128
0.718840
0.719549
0.720258
0.720964
0.721668
0.722371
0.723072
0.723772
0.724470
0.725166
0.725860
0.726552
0.727243
0.727933
0.728620
0.729306
0.729990
0.730673
0.731354
0.732033
0.732710
0.733386
0.734061
0.734733
0.735404
0.736074
0.736741
0.737407
0.738072
0.738735
0.739396
0.740056
0.740714
0.741371
0.742026
0.742679
0.743331
0.743981
0.744630
0.745277
0.745922
0.746567
0.747209
0.747850
0.748489
0.749127
0.749764
0.750399
0.751032
0.751664
0.752294
0.752923
0.753551
0.754176
0.754801
0.755424
0.756045
0.756665
0.757284
0.757901
0.758517
0.759131
0.759744
0.760355
0.760965
0.761573
0.762180
0.762786
0.763390
0.763993
0.764595
0.765195
0.765793
0.766391
0.766986
0.767581
0.768174
0.768766
0.769356
0.769945
0.770533
0.771119
0.771704
0.772288
0.772870
0.773451
0.774031
0.774609
0.775186
0.775762
0.776337
0.776910
0.777482
0.778052
0.778622
0.779190
0.779756
0.780322
0.780886
0.781449
0.782011
0.782571
0.783130
0.783688
0.784245
0.784801
0.785355
0.785908
0.786460
0.787011
0.787560
0.788108
0.788655
0.789201
0.789746
0.790289
0.790832
0.791373
0.791913
0.792452
0.792989
0.793526
0.794061
0.794596
0.795129
0.795661
0.796191
0.796721
0.797250
0.797777
0.798304
0.798829
0.799353
0.799876
0.800398
0.800919
0.801439
0.801958
0.802475
0.802992
0.803508
0.804022
0.804536
0.805048
0.805559
0.806070
0.806579
0.807087
0.807595
0.808101
0.808606
0.809110
0.809613
0.810116
0.810617
0.811117
0.811616
0.812115
0.812612
0.813108
0.813604
0.814098
0.814592
0.815084
0.815576
0.816066
0.816556
0.817045
0.817533
0.818020
0.818506
0.818991
0.819475
0.819958
0.820440
0.820922
0.821403
0.821882
0.822361
0.822839
0.823316
0.823792
0.824268
0.824742
0.825216
0.825689
0.826160
0.826632
0.827102
0.827571
0.828040
0.828508
0.828975
0.829441
0.829906
0.830371
0.830834
0.831297
0.831760
0.832221
0.832682
0.833141
0.833601
0.834059
0.834516
0.834973
0.835429
0.835884
0.836339
0.836793
0.837246
0.837698
0.838150
0.838601
0.839051
0.839500
0.839949
0.840397
0.840844
0.841291
