0.034155
0.092678
0.148223
0.178349
0.194094
0.205273
0.215299
0.224868
0.234016
0.242714
0.251048
0.259152
0.267201
0.275456
0.284891
0.292727
0.295163
0.297106
0.299041
0.300971
0.302894
0.304811
0.306723
0.308628
0.310527
0.312420
0.314307
0.316188
0.318063
0.319932
0.321796
0.323654
0.325506
0.327352
0.329194
0.331029
0.332860
0.334685
0.336504
0.338364
0.340028
0.341682
0.343333
0.344979
0.346621
0.348259
0.349892
0.351522
0.353147
0.354767
0.356384
0.357997
0.359605
0.361210
0.362810
0.364406
0.365998
0.367587
0.369171
0.370751
0.372327
0.373899
0.375467
0.377032
0.378592
0.380148
0.381701
0.383249
0.384794
0.386334
0.387871
0.389404
0.390933
0.392458
0.393980
0.395498
0.397011
0.398521
0.400028
0.401530
0.403029
0.404524
0.406015
0.407503
0.408986
0.410467
0.411943
0.413416
0.414885
0.416350
0.417812
0.419270
0.420725
0.422176
0.423623
0.425067
0.426507
0.427943
0.429377
0.430806
0.432232
0.433655
0.435074
0.436489
0.437901
0.439310
0.440715
0.442117
0.443515
0.444910
0.446301
0.447689
0.449074
0.450455
0.451833
0.453208
0.454579
0.455947
0.457312
0.458673
0.460031
0.461386
0.462737
0.464086
0.465431
0.466773
0.468111
0.469447
0.470779
0.472108
0.473434
0.474757
0.476076
0.477393
0.478706
0.480017
0.481324
0.482628
0.483929
0.485227
0.486522
0.487814
0.489103
0.490389
0.491672
0.492953
0.494230
0.495504
0.496775
0.498044
0.499309
0.500572
0.501831
0.503088
0.504342
0.505593
0.506842
0.508087
0.509330
0.510570
0.511807
0.513042
0.514273
0.515502
0.516729
0.517952
0.519173
0.520391
0.521607
0.522820
0.524030
0.525238
0.526443
0.527646
0.528845
0.530043
0.531238
0.532430
0.533620
0.534807
0.535992
0.537174
0.538354
0.539532
0.540707
0.541879
0.543050
0.544218
0.545383
0.546546
0.547707
0.548866
0.550022
0.551176
0.552327
0.553477
0.554624
0.555769
0.556911
0.558052
0.559190
0.560326
0.561460
0.562592
0.563722
0.564850
0.565975
0.567099
0.568220
0.569339
0.570457
0.571572
0.572686
0.573797
0.574906
0.576014
0.577119
0.578223
0.579325
0.580425
0.581523
0.582619
0.583713
0.584806
0.585897
0.586986
0.588073
0.589158
0.590242
0.591324
0.592404
0.593483
0.594560
0.595636
0.596709
0.597781
0.598852
0.599921
0.600988
0.602054
0.603119
0.604182
0.605243
0.606303
0.607361
0.608418
0.609474
0.610528
0.611581
0.612633
0.613683
0.614731
0.615779
0.616825
0.617870
0.618914
0.619956
0.620998
0.622038
0.623076
0.624114
0.625151
0.626186
0.627220
0.628254
0.629286
0.630317
0.631347
0.632376
0.633404
0.634431
0.635457
0.636482
0.637506
0.638530
0.639552
0.640574
0.641594
0.642614
0.643633
0.644651
0.645669
0.646685
0.647701
0.648716
0.649731
0.650744
0.651758
0.652770
0.653782
0.654793
0.655803
0.656813
0.657823
0.658832
0.659840
0.660848
0.661855
0.662862
0.663868
0.664874
0.665879
0.666884
0.667889
0.668893
0.669897
0.670901
0.671904
0.672907
0.673910
0.674912
0.675914
0.676916
0.677918
0.678919
0.679920
0.680921
0.681922
0.682923
0.683924
0.684924
0.685924
0.686925
0.687925
0.688925
0.689925
0.690925
0.691926
0.692926
0.693926
0.694926
0.695926
0.696927
0.697927
0.698928
0.699928
0.700929
0.701930
0.702931
0.703932
0.704933
0.705935
0.706937
0.707938
0.708941
0.709943
0.710946
0.711949
0.712952
0.713955
0.714959
0.715963
0.716968
0.717972
0.718977
0.719983
0.720988
0.721995
0.723001
0.724008
0.725015
0.726023
0.727031
0.728040
0.729049
0.730058
0.731068
0.732078
0.733089
0.734100
0.735112
0.736124
0.737136
0.738150
0.739163
0.740177
0.741192
0.742207
0.743223
0.744239
0.745255
0.746273
0.747290
0.748309
0.749327
0.750347
0.751366
0.752387
0.753408
0.754429
0.755451
0.756473
0.757496
0.758520
0.759544
0.760569
0.761594
0.762620
0.763646
0.764672
0.765700
0.766727
0.767756
0.768784
0.769814
0.770843
0.771873
0.772904
0.773935
0.774967
0.775999
0.777032
0.778065
0.779098
0.780132
0.781166
0.782201
0.783236
0.784271
0.785307
0.786343
0.787380
0.788417
0.789454
0.790492
0.791530
0.792568
0.793606
0.794645
0.795684
0.796723
0.797762
0.798802
0.799842
0.800881
0.801922
0.802962
0.804002
0.805042
0.806083
0.807123
0.808164
0.809204
0.810245
0.811286
0.812326
0.813366
0.814407
0.815447
0.816487
0.817527
0.818566
0.819606
0.820645
0.821684
0.822723
0.823761
0.824799
0.825837
0.826874
0.827911
0.828947
0.829983
0.831018
0.832053
0.833087
0.834121
0.835154
0.836186
0.837218
0.838249
0.839279
0.840308
0.841337
0.842365
0.843392
0.844417
0.845442
0.846466
0.847489
0.848511
0.849532
0.850552
0.851570
0.852587
0.853603
0.854618
0.855632
0.856644
0.857654
0.858664
0.859671
0.860678
0.861683
0.862686
0.863687
0.864687
0.865686
0.866682
0.867677
0.868670
0.869661
0.870650
0.871638
0.872623
0.873606
0.874587
0.875567
0.876544
0.877518
0.878491
0.879461
0.880429
0.881395
0.882359
0.883320
0.884278
0.885234
0.886187
0.887138
0.888086
0.889032
0.889975
0.890915
0.891852
0.892787
0.893718
0.894647
0.895572
0.896495
0.897415
0.898331
0.899245
0.900155
0.901062
0.901966
0.902866
0.903764
0.904657
0.905548
0.906435
0.907318
0.908198
0.909075
0.909947
0.910817
0.911682
0.912544
0.913402
0.914256
0.915106
0.915953
0.916796
0.917634
0.918469
0.919300
0.920126
0.920949
0.921767
0.922582
0.923392
0.924198
0.924999
0.925797
0.926590
0.927379
0.928163
0.928943
0.929718
0.930490
0.931256
0.932018
0.932776
0.933529
0.934277
0.935021
0.935760
0.936494
0.937224
0.937948
0.938669
0.939384
0.940095
0.940800
0.941501
0.942197
0.942888
0.943575
0.944256
0.944932
0.945604
0.946270
0.946932
0.947588
0.948239
0.948886
0.949527
0.950163
0.950794
0.951421
