0.032418
0.069800
0.110434
0.156943
0.213294
0.285041
0.350153
0.312280
0.255049
0.257436
0.266137
0.274674
0.283203
0.291986
0.301926
0.310640
0.313821
0.316429
0.319053
0.321696
0.324358
0.327038
0.329737
0.332455
0.335192
0.337949
0.340725
0.343522
0.346339
0.349176
0.352034
0.354913
0.357813
0.360735
0.363678
0.366643
0.369631
0.372640
0.375672
0.378782
0.381659
0.384582
0.387532
0.390507
0.393508
0.396535
0.399586
0.402663
0.405766
0.408893
0.412046
0.415224
0.418427
0.421655
0.424907
0.428184
0.431486
0.434812
0.438163
0.441537
0.444936
0.448357
0.451803
0.455271
0.458762
0.462276
0.465812
0.469370
0.472949
0.476550
0.480172
0.483814
0.487476
0.491158
0.494859
0.498579
0.502317
0.506073
0.509846
0.513637
0.517443
0.521266
0.525103
0.528956
0.532822
0.536702
0.540595
0.544501
0.548418
0.552346
0.556285
0.560234
0.564192
0.568159
0.572133
0.576115
0.580103
0.584097
0.588097
0.592101
0.596109
0.600119
0.604133
0.608148
0.612163
0.616180
0.620195
0.624210
0.628223
0.632233
0.636240
0.640242
0.644241
0.648233
0.652220
0.656199
0.660171
0.664135
0.668089
0.672035
0.675969
0.679893
0.683805
0.687705
0.691591
0.695464
0.699322
0.703166
0.706994
0.710806
0.714600
0.718378
0.722137
0.725878
0.729599
0.733301
0.736983
0.740643
0.744282
0.747900
0.751495
0.755066
0.758615
0.762140
0.765640
0.769116
0.772566
0.775991
0.779389
0.782762
0.786107
0.789425
0.792716
0.795979
0.799214
0.802420
0.805598
0.808746
0.811865
0.814954
0.818014
0.821043
0.824042
0.827011
0.829949
0.832856
0.835732
0.838577
0.841390
0.844172
0.846923
0.849642
0.852329
0.854984
0.857607
0.860199
0.862758
0.865286
0.867782
0.870245
0.872677
0.875076
0.877444
0.879780
0.882084
0.884356
0.886597
0.888805
0.890983
0.893129
0.895244
0.897327
0.899380
0.901401
0.903392
0.905352
0.907282
0.909182
0.911051
0.912891
0.914701
0.916481
0.918233
0.919955
0.921648
0.923312
0.924949
0.926557
0.928137
0.929689
0.931214
0.932712
0.934183
0.935627
0.937045
0.938437
0.939803
0.941143
0.942458
0.943749
0.945014
0.946255
0.947472
0.948665
0.949834
0.950981
0.952104
0.953205
0.954283
0.955339
0.956373
0.957386
0.958378
0.959349
0.960299
0.961229
0.962139
0.963030
0.963901
0.964753
0.965586
0.966401
0.967197
0.967976
0.968737
0.969481
0.970208
0.970918
0.971611
0.972289
0.972950
0.973596
0.974227
0.974842
0.975443
0.976030
0.976602
0.977160
0.977704
0.978235
0.978753
0.979258
0.979750
0.980230
0.980698
0.981154
0.981598
0.982030
0.982452
0.982862
0.983262
0.983651
0.984030
0.984399
0.984758
0.985107
0.985447
0.985778
0.986100
0.986413
0.986717
0.987013
0.987301
0.987580
0.987852
0.988116
0.988373
0.988622
0.988865
0.989100
0.989329
0.989551
0.989766
0.989975
0.990178
0.990375
0.990567
0.990752
0.990932
0.991107
0.991276
0.991440
0.991600
0.991754
0.991904
0.992049
0.992189
0.992325
0.992457
0.992585
0.992709
0.992829
0.992945
0.993057
0.993166
0.993272
0.993374
0.993472
0.993568
0.993660
0.993749
0.993836
0.993919
0.994000
0.994078
0.994154
0.994227
0.994297
0.994365
0.994431
0.994495
0.994556
0.994615
0.994673
0.994728
0.994781
0.994833
0.994883
0.994931
0.994977
0.995022
0.995065
0.995106
0.995147
0.995185
0.995223
0.995258
0.995293
0.995327
0.995359
0.995390
0.995420
0.995448
0.995476
0.995503
0.995528
0.995553
0.995577
0.995600
0.995622
0.995643
0.995664
0.995683
0.995702
0.995720
0.995738
0.995755
0.995771
0.995786
0.995801
0.995815
0.995829
0.995842
0.995855
0.995867
0.995879
0.995890
0.995901
0.995912
0.995922
0.995931
0.995940
0.995949
0.995958
0.995966
0.995973
0.995981
0.995988
0.995995
0.996001
0.996008
0.996014
0.996020
0.996025
0.996030
0.996035
0.996040
0.996045
0.996049
0.996054
0.996058
0.996062
0.996065
0.996069
0.996072
0.996076
0.996079
0.996082
0.996085
0.996088
0.996090
0.996093
0.996095
0.996097
0.996100
0.996102
0.996104
0.996106
0.996107
0.996109
0.996111
0.996112
0.996114
0.996115
0.996117
0.996118
0.996119
0.996120
0.996122
0.996123
0.996124
0.996125
0.996126
0.996127
0.996127
0.996128
0.996129
0.996130
0.996130
0.996131
0.996132
0.996132
0.996133
0.996133
0.996134
0.996134
0.996135
0.996135
0.996136
0.996136
0.996137
0.996137
0.996137
0.996138
0.996138
0.996138
0.996139
0.996139
0.996139
0.996139
0.996140
0.996140
0.996140
0.996140
0.996140
0.996141
0.996141
0.996141
0.996141
0.996141
0.996141
0.996142
0.996142
0.996142
0.996142
0.996142
0.996142
0.996142
0.996142
0.996142
0.996142
0.996142
0.996143
0.996143
0.996143
0.996143
0.996143
0.996143
0.996143
0.996143
0.996143
0.996143
0.996143
0.996143
0.996143
0.996143
0.996143
0.996143
0.996143
0.996143
0.996143
0.996143
0.996143
0.996143
0.996143
0.996143
0.996143
0.996144
0.996144
0.996144
0.996144
0.996144
0.996144
0.996144
0.996144
0.996144
0.996144
0.996144
0.996144
0.996144
0.996144
0.996144
0.996144
0.996144
0.996144
0.996144
0.996144
0.996144
0.996144
0.996144
0.996144
0.996144
0.996144
0.996144
0.996144
0.996144
0.996144
0.996144
0.996144
0.996144
0.996144
0.996144
0.996144
0.996144
0.996144
0.996144
0.996144
0.996144
0.996144
0.996144
0.996144
0.996144
0.996144
0.996144
0.996144
0.996144
0.996144
0.996144
0.996144
0.996144
0.996144
0.996144
0.996144
0.996144
0.996144
0.996144
0.996144
0.996144
0.996144
0.996144
0.996144
0.996144
0.996144
0.996144
0.996144
0.996144
0.996144
0.996144
0.996144
0.996144
0.996144
0.996144
0.996144
0.996144
0.996144
0.996144
0.996144
0.996144
0.996144
0.996144
0.996144
0.996144
0.996144
0.996144
0.996144
0.996144
0.996144
0.996144
0.996144
0.996144
