0.022828
0.048798
0.076145
0.105857
0.140255
0.182267
0.224955
0.251645
0.258244
0.257676
0.260925
0.268559
0.278610
0.283772
0.285790
0.287760
0.289725
0.291685
0.293639
0.295588
0.297531
0.299469
0.301402
0.303330
0.305252
0.307169
0.309082
0.310989
0.312892
0.314790
0.316684
0.318573
0.320458
0.322338
0.324214
0.326086
0.327953
0.329817
0.331677
0.333567
0.335254
0.336945
0.338634
0.340321
0.342005
0.343686
0.345364
0.347040
0.348713
0.350384
0.352051
0.353717
0.355379
0.357040
0.358698
0.360354
0.362007
0.363658
0.365307
0.366954
0.368598
0.370241
0.371881
0.373519
0.375156
0.376790
0.378423
0.380054
0.381683
0.383310
0.384936
0.386560
0.388182
0.389803
0.391423
0.393040
0.394657
0.396272
0.397886
0.399498
0.401109
0.402719
0.404328
0.405935
0.407542
0.409147
0.410752
0.412356
0.413958
0.415560
0.417161
0.418761
0.420361
0.421960
0.423558
0.425156
0.426753
0.428349
0.429945
0.431541
0.433136
0.434731
0.436326
0.437920
0.439514
0.441108
0.442702
0.444296
0.445889
0.447483
0.449077
0.450671
0.452264
0.453858
0.455453
0.457047
0.458642
0.460237
0.461832
0.463428
0.465024
0.466620
0.468217
0.469815
0.471413
0.473011
0.474610
0.476210
0.477811
0.479412
0.481014
0.482617
0.484220
0.485825
0.487430
0.489036
0.490643
0.492251
0.493860
0.495470
0.497081
0.498693
0.500306
0.501921
0.503536
0.505153
0.506771
0.508389
0.510010
0.511631
0.513254
0.514878
0.516503
0.518130
0.519757
0.521387
0.523017
0.524649
0.526283
0.527918
0.529554
0.531192
0.532831
0.534472
0.536114
0.537757
0.539403
0.541049
0.542697
0.544347
0.545998
0.547651
0.549305
0.550961
0.552618
0.554277
0.555938
0.557600
0.559263
0.560928
0.562595
0.564263
0.565933
0.567604
0.569277
0.570952
0.572627
0.574305
0.575984
0.577664
0.579346
0.581029
0.582714
0.584400
0.586088
0.587777
0.589468
0.591160
0.592853
0.594548
0.596244
0.597942
0.599640
0.601340
0.603042
0.604744
0.606448
0.608153
0.609859
0.611567
0.613275
0.614985
0.616696
0.618407
0.620120
0.621834
0.623549
0.625264
0.626981
0.628699
0.630417
0.632136
0.633856
0.635577
0.637298
0.639020
0.640743
0.642466
0.644190
0.645915
0.647640
0.649365
0.651091
0.652817
0.654543
0.656270
0.657997
0.659724
0.661452
0.663179
0.664907
0.666634
0.668362
0.670089
0.671816
0.673543
0.675270
0.676997
0.678723
0.680449
0.682175
0.683900
0.685624
0.687348
0.689071
0.690794
0.692516
0.694237
0.695957
0.697676
0.699395
0.701112
0.702828
0.704543
0.706257
0.707970
0.709681
0.711392
0.713100
0.714807
0.716513
0.718217
0.719920
0.721621
0.723320
0.725017
0.726712
0.728405
0.730097
0.731786
0.733473
0.735158
0.736841
0.738521
0.740200
0.741875
0.743548
0.745219
0.746887
0.748552
0.750215
0.751875
0.753532
0.755186
0.756837
0.758485
0.760130
0.761772
0.763410
0.765046
0.766678
0.768306
0.769931
0.771553
0.773171
0.774785
0.776395
0.778002
0.779605
0.781204
0.782800
0.784391
0.785978
0.787561
0.789140
0.790714
0.792284
0.793850
0.795412
0.796969
0.798521
0.800069
0.801612
0.803151
0.804685
0.806214
0.807738
0.809257
0.810771
0.812281
0.813785
0.815284
0.816778
0.818266
0.819749
0.821227
0.822700
0.824167
0.825629
0.827085
0.828536
0.829980
0.831420
0.832853
0.834281
0.835703
0.837119
0.838529
0.839933
0.841332
0.842724
0.844110
0.845490
0.846864
0.848232
0.849593
0.850948
0.852297
0.853639
0.854975
0.856305
0.857628
0.858945
0.860255
0.861559
0.862856
0.864146
0.865430
0.866707
0.867977
0.869241
0.870497
0.871747
0.872990
0.874226
0.875456
0.876678
0.877894
0.879102
0.880304
0.881498
0.882686
0.883866
0.885039
0.886206
0.887365
0.888517
0.889662
0.890799
0.891930
0.893053
0.894169
0.895278
0.896380
0.897474
0.898562
0.899641
0.900714
0.901779
0.902837
0.903888
0.904932
0.905968
0.906997
0.908018
0.909032
0.910039
0.911039
0.912031
0.913015
0.913993
0.914963
0.915926
0.916881
0.917830
0.918770
0.919704
0.920630
0.921549
0.922461
0.923365
0.924262
0.925151
0.926034
0.926909
0.927777
0.928638
0.929491
0.930337
0.931176
0.932008
0.932833
0.933650
0.934461
0.935264
0.936060
0.936849
0.937631
0.938406
0.939173
0.939934
0.940688
0.941435
0.942174
0.942907
0.943633
0.944352
0.945064
0.945770
0.946468
0.947160
0.947845
0.948523
0.949194
0.949859
0.950517
0.951169
0.951814
0.952452
0.953084
0.953709
0.954327
0.954940
0.955545
0.956145
0.956738
0.957324
0.957905
0.958479
0.959047
0.959608
0.960164
0.960713
0.961256
0.961793
0.962324
0.962849
0.963368
0.963882
0.964389
0.964890
0.965386
0.965876
0.966360
0.966838
0.967311
0.967778
0.968239
0.968695
0.969145
0.969590
0.970030
0.970464
0.970892
0.971316
0.971734
0.972146
0.972554
0.972956
0.973354
0.973746
0.974133
0.974515
0.974892
0.975265
0.975632
0.975994
0.976352
0.976705
0.977053
0.977397
0.977736
0.978070
0.978400
0.978725
0.979045
0.979362
0.979674
0.979981
0.980284
0.980583
0.980878
0.981168
0.981455
0.981737
0.982015
0.982289
0.982559
0.982825
0.983087
0.983346
0.983600
0.983851
0.984098
0.984341
0.984581
0.984817
0.985049
0.985278
0.985503
0.985725
0.985943
0.986158
0.986370
0.986578
0.986783
0.986984
0.987183
0.987378
0.987570
0.987759
0.987945
0.988128
0.988308
0.988485
0.988660
0.988831
0.988999
0.989165
0.989327
0.989488
0.989645
0.989800
0.989952
0.990101
0.990248
0.990392
0.990534
0.990673
0.990810
0.990945
0.991077
0.991207
0.991334
0.991459
0.991582
0.991703
0.991822
0.991938
0.992053
0.992165
0.992275
0.992383
0.992489
0.992593
0.992696
0.992796
0.992894
0.992991
0.993086
0.993179
0.993270
0.993359
0.993447
0.993533
0.993617
0.993700
0.993781
0.993861
0.993939
