0.032559
0.070078
0.110819
0.157459
0.212328
0.260257
0.264486
0.240429
0.234245
0.241896
0.250262
0.258411
0.266519
0.274851
0.284340
0.292402
0.294994
0.297050
0.299104
0.301158
0.303211
0.305264
0.307316
0.309369
0.311421
0.313474
0.315527
0.317580
0.319634
0.321689
0.323745
0.325803
0.327861
0.329922
0.331984
0.334048
0.336114
0.338183
0.340253
0.342354
0.344244
0.346156
0.348074
0.349996
0.351922
0.353853
0.355788
0.357728
0.359674
0.361624
0.363579
0.365539
0.367505
0.369477
0.371454
0.373436
0.375425
0.377419
0.379420
0.381426
0.383439
0.385459
0.387485
0.389517
0.391556
0.393602
0.395655
0.397715
0.399783
0.401857
0.403938
0.406027
0.408124
0.410228
0.412339
0.414458
0.416585
0.418720
0.420863
0.423014
0.425172
0.427339
0.429514
0.431697
0.433889
0.436088
0.438296
0.440513
0.442737
0.444971
0.447212
0.449462
0.451721
0.453988
0.456264
0.458548
0.460841
0.463142
0.465452
0.467770
0.470097
0.472433
0.474777
0.477129
0.479490
0.481860
0.484238
0.486624
0.489018
0.491421
0.493832
0.496252
0.498679
0.501115
0.503558
0.506010
0.508469
0.510936
0.513411
0.515894
0.518384
0.520882
0.523387
0.525899
0.528419
0.530946
0.533479
0.536020
0.538567
0.541121
0.543681
0.546248
0.548821
0.551401
0.553986
0.556577
0.559174
0.561776
0.564384
0.566997
0.569616
0.572239
0.574867
0.577500
0.580137
0.582778
0.585424
0.588074
0.590727
0.593384
0.596044
0.598708
0.601375
0.604045
0.606717
0.609392
0.612069
0.614748
0.617429
0.620112
0.622796
0.625482
0.628169
0.630856
0.633544
0.636233
0.638922
0.641611
0.644300
0.646989
0.649677
0.652364
0.655050
0.657735
0.660418
0.663100
0.665779
0.668457
0.671132
0.673805
0.676475
0.679142
0.681806
0.684466
0.687122
0.689775
0.692424
0.695068
0.697708
0.700343
0.702973
0.705598
0.708217
0.710831
0.713439
0.716041
0.718636
0.721225
0.723808
0.726383
0.728952
0.731513
0.734066
0.736612
0.739150
0.741680
0.744201
0.746714
0.749218
0.751713
0.754200
0.756676
0.759144
0.761602
0.764049
0.766487
0.768915
0.771332
0.773739
0.776135
0.778520
0.780894
0.783257
0.785608
0.787948
0.790276
0.792593
0.794897
0.797189
0.799469
0.801736
0.803991
0.806233
0.808462
0.810679
0.812882
0.815072
0.817248
0.819411
0.821561
0.823697
0.825819
0.827927
0.830021
0.832101
0.834167
0.836218
0.838255
0.840278
0.842286
0.844279
0.846257
0.848221
0.850170
0.852104
0.854023
0.855927
0.857816
0.859689
0.861548
0.863391
0.865218
0.867031
0.868828
0.870609
0.872375
0.874126
0.875861
0.877580
0.879284
0.880972
0.882645
0.884302
0.885943
0.887569
0.889179
0.890773
0.892352
0.893915
0.895463
0.896994
0.898511
0.900011
0.901496
0.902966
0.904420
0.905859
0.907282
0.908689
0.910081
0.911458
0.912820
0.914166
0.915497
0.916813
0.918113
0.919399
0.920669
0.921925
0.923166
0.924391
0.925602
0.926799
0.927980
0.929147
0.930299
0.931437
0.932561
0.933670
0.934765
0.935846
0.936912
0.937965
0.939004
0.940029
0.941040
0.942037
0.943021
0.943992
0.944949
0.945893
0.946823
0.947741
0.948645
0.949537
0.950416
0.951282
0.952135
0.952976
0.953804
0.954620
0.955424
0.956216
0.956996
0.957764
0.958520
0.959265
0.959998
0.960719
0.961429
0.962128
0.962816
0.963493
0.964158
0.964813
0.965458
0.966091
0.966715
0.967328
0.967930
0.968523
0.969105
0.969678
0.970241
0.970794
0.971338
0.971872
0.972396
0.972912
0.973418
0.973916
0.974404
0.974884
0.975355
0.975817
0.976271
0.976717
0.977154
0.977583
0.978005
0.978418
0.978823
0.979221
0.979611
0.979994
0.980369
0.980737
0.981098
0.981452
0.981799
0.982139
0.982472
0.982798
0.983118
0.983432
0.983739
0.984040
0.984334
0.984623
0.984906
0.985182
0.985453
0.985719
0.985978
0.986232
0.986481
0.986724
0.986962
0.987195
0.987423
0.987646
0.987864
0.988077
0.988286
0.988490
0.988689
0.988884
0.989074
0.989260
0.989442
0.989620
0.989793
0.989963
0.990129
0.990290
0.990448
0.990603
0.990753
0.990900
0.991044
0.991184
0.991321
0.991454
0.991584
0.991711
0.991835
0.991956
0.992074
0.992189
0.992301
0.992410
0.992517
0.992621
0.992722
0.992820
0.992917
0.993010
0.993101
0.993190
0.993277
0.993361
0.993443
0.993523
0.993601
0.993677
0.993751
0.993822
0.993892
0.993960
0.994026
0.994091
0.994153
0.994214
0.994273
0.994331
0.994387
0.994441
0.994494
0.994545
0.994595
0.994644
0.994691
0.994737
0.994781
0.994824
0.994866
0.994907
0.994946
0.994985
0.995022
0.995058
0.995093
0.995127
0.995160
0.995193
0.995224
0.995254
0.995283
0.995311
0.995339
0.995366
0.995391
0.995416
0.995441
0.995464
0.995487
0.995509
0.995530
0.995551
0.995571
0.995591
0.995609
0.995628
0.995645
0.995662
0.995679
0.995695
0.995710
0.995725
0.995739
0.995753
0.995767
0.995780
0.995793
0.995805
0.995817
0.995828
0.995839
0.995850
0.995860
0.995870
0.995879
0.995889
0.995898
0.995906
0.995914
0.995923
0.995930
0.995938
0.995945
0.995952
0.995959
0.995965
0.995971
0.995977
0.995983
0.995989
0.995994
0.995999
0.996004
0.996009
0.996014
0.996018
0.996023
0.996027
0.996031
0.996035
0.996038
0.996042
0.996045
0.996049
0.996052
0.996055
0.996058
0.996061
0.996063
0.996066
0.996069
0.996071
0.996073
0.996076
0.996078
0.996080
0.996082
0.996084
0.996085
0.996087
0.996089
0.996090
0.996092
0.996094
0.996095
0.996096
0.996098
0.996099
0.996100
0.996101
0.996102
0.996103
0.996104
0.996105
0.996106
0.996107
0.996108
0.996109
0.996110
0.996110
0.996111
0.996112
0.996113
0.996113
0.996114
0.996114
0.996115
0.996115
0.996116
0.996116
0.996117
0.996117
0.996118
0.996118
0.996119
0.996119
0.996119
0.996120
0.996120
0.996120
0.996121
0.996121
0.996121
