0.030932
0.096555
0.155243
0.186423
0.202927
0.214274
0.223985
0.233020
0.241616
0.249897
0.257989
0.266065
0.274443
0.284275
0.290687
0.292800
0.294754
0.296703
0.298645
0.300581
0.302511
0.304435
0.306353
0.308264
0.310170
0.312069
0.313963
0.315850
0.317732
0.319608
0.321478
0.323343
0.325202
0.327055
0.328903
0.330746
0.332583
0.334415
0.336241
0.338112
0.339788
0.341451
0.343109
0.344762
0.346412
0.348057
0.349697
0.351334
0.352966
0.354594
0.356218
0.357837
0.359453
0.361064
0.362671
0.364274
0.365873
0.367468
0.369059
0.370646
0.372229
0.373807
0.375382
0.376953
0.378519
0.380082
0.381641
0.383196
0.384746
0.386293
0.387836
0.389375
0.390910
0.392441
0.393968
0.395492
0.397011
0.398527
0.400038
0.401546
0.403050
0.404550
0.406047
0.407539
0.409028
0.410513
0.411994
0.413472
0.414945
0.416415
0.417882
0.419344
0.420803
0.422258
0.423709
0.425157
0.426601
0.428041
0.429478
0.430911
0.432340
0.433766
0.435188
0.436606
0.438021
0.439433
0.440840
0.442244
0.443645
0.445042
0.446435
0.447825
0.449212
0.450595
0.451974
0.453350
0.454722
0.456091
0.457457
0.458819
0.460177
0.461532
0.462884
0.464232
0.465577
0.466919
0.468257
0.469591
0.470923
0.472251
0.473575
0.474896
0.476214
0.477529
0.478840
0.480148
0.481453
0.482754
0.484052
0.485347
0.486638
0.487926
0.489211
0.490493
0.491772
0.493047
0.494319
0.495588
0.496854
0.498116
0.499376
0.500632
0.501885
0.503135
0.504382
0.505625
0.506866
0.508103
0.509337
0.510569
0.511797
0.513022
0.514244
0.515463
0.516679
0.517891
0.519101
0.520308
0.521512
0.522713
0.523910
0.525105
0.526297
0.527486
0.528672
0.529855
0.531035
0.532212
0.533386
0.534557
0.535726
0.536891
0.538054
0.539214
0.540371
0.541524
0.542676
0.543824
0.544969
0.546112
0.547252
0.548389
0.549523
0.550655
0.551783
0.552909
0.554032
0.555153
0.556271
0.557385
0.558498
0.559607
0.560714
0.561818
0.562919
0.564018
0.565114
0.566208
0.567298
0.568387
0.569472
0.570555
0.571635
0.572713
0.573788
0.574860
0.575930
0.576998
0.578062
0.579125
0.580184
0.581241
0.582296
0.583348
0.584398
0.585445
0.586490
0.587532
0.588571
0.589609
0.590643
0.591676
0.592706
0.593733
0.594758
0.595781
0.596801
0.597819
0.598835
0.599848
0.600859
0.601867
0.602874
0.603877
0.604879
0.605878
0.606875
0.607870
0.608862
0.609852
0.610840
0.611826
0.612809
0.613790
0.614769
0.615746
0.616720
0.617692
0.618662
0.619630
0.620596
0.621560
0.622521
0.623481
0.624438
0.625393
0.626346
0.627297
0.628246
0.629193
0.630137
0.631080
0.632021
0.632959
0.633896
0.634830
0.635763
0.636693
0.637622
0.638549
0.639473
0.640396
0.641317
0.642236
0.643152
0.644067
0.644981
0.645892
0.646801
0.647709
0.648614
0.649518
0.650420
0.651320
0.652218
0.653115
0.654009
0.654902
0.655793
0.656683
0.657570
0.658456
0.659340
0.660223
0.661104
0.661983
0.662860
0.663736
0.664610
0.665482
0.666353
0.667222
0.668089
0.668955
0.669819
0.670682
0.671543
0.672402
0.673260
0.674117
0.674971
0.675825
0.676677
0.677527
0.678376
0.679223
0.680069
0.680913
0.681756
0.682598
0.683438
0.684277
0.685114
0.685950
0.686785
0.687618
0.688450
0.689280
0.690110
0.690937
0.691764
0.692589
0.693413
0.694236
0.695057
0.695878
0.696697
0.697514
0.698331
0.699146
0.699960
0.700773
0.701585
0.702396
0.703205
0.704014
0.704821
0.705627
0.706432
0.707236
0.708039
0.708841
0.709642
0.710441
0.711240
0.712038
0.712834
0.713630
0.714425
0.715219
0.716011
0.716803
0.717594
0.718384
0.719173
0.719962
0.720749
0.721535
0.722321
0.723106
0.723890
0.724673
0.725455
0.726237
0.727017
0.727797
0.728576
0.729355
0.730132
0.730909
0.731685
0.732461
0.733236
0.734010
0.734783
0.735556
0.736328
0.737100
0.737871
0.738641
0.739411
0.740180
0.740948
0.741716
0.742483
0.743250
0.744016
0.744782
0.745547
0.746312
0.747076
0.747840
0.748603
0.749366
0.750129
0.750891
0.751652
0.752413
0.753174
0.753934
0.754694
0.755454
0.756213
0.756972
0.757730
0.758489
0.759246
0.760004
0.760761
0.761518
0.762275
0.763031
0.763787
0.764543
0.765299
0.766054
0.766810
0.767565
0.768319
0.769074
0.769828
0.770583
0.771337
0.772090
0.772844
0.773598
0.774351
0.775105
0.775858
0.776611
0.777364
0.778117
0.778870
0.779623
0.780375
0.781128
0.781881
0.782633
0.783386
0.784138
0.784891
0.785643
0.786396
0.787148
0.787901
0.788653
0.789405
0.790158
0.790910
0.791663
0.792416
0.793168
0.793921
0.794674
0.795426
0.796179
0.796932
0.797685
0.798438
0.799191
0.799945
0.800698
0.801451
0.802205
0.802959
0.803712
0.804466
0.805220
0.805974
0.806728
0.807483
0.808237
0.808992
0.809746
0.810501
0.811256
0.812011
0.812766
0.813521
0.814277
0.815032
0.815788
0.816544
0.817300
0.818056
0.818812
0.819568
0.820325
0.821081
0.821838
0.822595
0.823352
0.824109
0.824866
0.825623
0.826381
0.827138
0.827896
0.828654
0.829411
0.830169
0.830927
0.831685
0.832444
0.833202
0.833960
0.834718
0.835477
0.836235
0.836994
0.837752
0.838511
0.839270
0.840028
0.840787
0.841546
0.842304
0.843063
0.843821
0.844580
0.845339
0.846097
0.846856
0.847614
0.848372
0.849130
0.849889
0.850647
0.851405
0.852162
0.852920
0.853677
0.854435
0.855192
0.855949
0.856706
0.857462
0.858219
0.858975
0.859731
0.860486
0.861241
0.861996
0.862751
0.863506
0.864260
0.865013
0.865767
0.866520
0.867272
0.868024
0.868776
0.869527
0.870278
0.871028
0.871778
0.872528
0.873276
0.874024
0.874772
0.875519
0.876266
0.877011
0.877757
0.878501
0.879245
0.879988
0.880730
0.881472
0.882213
0.882953
0.883692
0.884431
0.885169
0.885905
0.886641
0.887376
0.888110
0.888843
0.889575
