0.026942
0.057786
0.090642
0.127091
0.170103
0.217649
0.250337
0.254432
0.247060
0.247466
0.254588
0.262649
0.271031
0.280844
0.287399
0.289549
0.291527
0.293500
0.295469
0.297434
0.299395
0.301352
0.303304
0.305252
0.307197
0.309137
0.311074
0.313007
0.314937
0.316863
0.318786
0.320706
0.322623
0.324536
0.326447
0.328356
0.330261
0.332164
0.334065
0.335993
0.337716
0.339450
0.341183
0.342916
0.344648
0.346379
0.348108
0.349837
0.351566
0.353293
0.355020
0.356746
0.358472
0.360197
0.361922
0.363646
0.365371
0.367095
0.368819
0.370543
0.372267
0.373992
0.375716
0.377441
0.379166
0.380891
0.382617
0.384344
0.386071
0.387799
0.389527
0.391257
0.392987
0.394718
0.396450
0.398184
0.399918
0.401654
0.403391
0.405129
0.406869
0.408610
0.410352
0.412097
0.413843
0.415590
0.417340
0.419091
0.420844
0.422600
0.424357
0.426116
0.427877
0.429641
0.431407
0.433175
0.434946
0.436718
0.438494
0.440272
0.442052
0.443835
0.445621
0.447409
0.449201
0.450995
0.452792
0.454591
0.456394
0.458200
0.460008
0.461820
0.463635
0.465453
0.467274
0.469098
0.470926
0.472756
0.474590
0.476428
0.478269
0.480113
0.481960
0.483811
0.485666
0.487524
0.489385
0.491250
0.493118
0.494990
0.496866
0.498745
0.500628
0.502514
0.504404
0.506298
0.508195
0.510096
0.512000
0.513908
0.515820
0.517735
0.519654
0.521577
0.523503
0.525433
0.527366
0.529303
0.531244
0.533188
0.535136
0.537087
0.539042
0.541000
0.542962
0.544927
0.546896
0.548868
0.550844
0.552823
0.554805
0.556790
0.558779
0.560771
0.562766
0.564764
0.566766
0.568770
0.570778
0.572788
0.574802
0.576818
0.578837
0.580859
0.582884
0.584912
0.586942
0.588974
0.591010
0.593047
0.595087
0.597130
0.599175
0.601222
0.603271
0.605322
0.607375
0.609431
0.611488
0.613547
0.615608
0.617670
0.619734
0.621800
0.623867
0.625935
0.628005
0.630076
0.632148
0.634221
0.636295
0.638370
0.640446
0.642522
0.644599
0.646677
0.648755
0.650833
0.652912
0.654991
0.657070
0.659149
0.661228
0.663307
0.665385
0.667464
0.669541
0.671618
0.673695
0.675770
0.677845
0.679919
0.681992
0.684063
0.686133
0.688202
0.690270
0.692336
0.694400
0.696462
0.698523
0.700581
0.702638
0.704692
0.706744
0.708794
0.710841
0.712885
0.714927
0.716966
0.719002
0.721035
0.723065
0.725092
0.727115
0.729135
0.731151
0.733164
0.735173
0.737178
0.739179
0.741176
0.743168
0.745157
0.747141
0.749121
0.751096
0.753066
0.755032
0.756992
0.758948
0.760899
0.762844
0.764784
0.766719
0.768648
0.770572
0.772490
0.774402
0.776309
0.778209
0.780103
0.781991
0.783873
0.785749
0.787618
0.789480
0.791336
0.793186
0.795028
0.796864
0.798692
0.800514
0.802328
0.804136
0.805936
0.807728
0.809513
0.811291
0.813061
0.814823
0.816577
0.818324
0.820063
0.821793
0.823516
0.825230
0.826937
0.828635
0.830324
0.832006
0.833678
0.835343
0.836998
0.838645
0.840283
0.841913
0.843534
0.845145
0.846748
0.848342
0.849927
0.851502
0.853069
0.854626
0.856174
0.857712
0.859242
0.860762
0.862272
0.863773
0.865265
0.866747
0.868219
0.869682
0.871135
0.872579
0.874012
0.875436
0.876851
0.878255
0.879650
0.881034
0.882409
0.883774
0.885129
0.886474
0.887809
0.889134
0.890450
0.891755
0.893050
0.894335
0.895610
0.896875
0.898130
0.899375
0.900610
0.901835
0.903050
0.904255
0.905449
0.906634
0.907808
0.908973
0.910127
0.911272
0.912406
0.913530
0.914645
0.915749
0.916843
0.917927
0.919002
0.920066
0.921121
0.922165
0.923200
0.924225
0.925240
0.926245
0.927240
0.928226
0.929202
0.930168
0.931124
0.932071
0.933008
0.933936
0.934854
0.935762
0.936661
0.937551
0.938431
0.939301
0.940163
0.941015
0.941857
0.942691
0.943515
0.944330
0.945136
0.945933
0.946721
0.947500
0.948270
0.949031
0.949783
0.950527
0.951261
0.951987
0.952705
0.953413
0.954114
0.954805
0.955489
0.956164
0.956830
0.957488
0.958138
0.958780
0.959414
0.960040
0.960657
0.961267
0.961869
0.962463
0.963049
0.963627
0.964198
0.964761
0.965317
0.965865
0.966406
0.966939
0.967465
0.967984
0.968496
0.969000
0.969498
0.969988
0.970472
0.970948
0.971418
0.971881
0.972337
0.972787
0.973230
0.973666
0.974096
0.974520
0.974938
0.975349
0.975754
0.976152
0.976545
0.976932
0.977312
0.977687
0.978056
0.978419
0.978777
0.979129
0.979475
0.979816
0.980151
0.980481
0.980805
0.981125
0.981439
0.981747
0.982051
0.982350
0.982644
0.982932
0.983216
0.983495
0.983770
0.984040
0.984305
0.984565
0.984821
0.985073
0.985320
0.985563
0.985801
0.986035
0.986266
0.986492
0.986713
0.986931
0.987145
0.987355
0.987562
0.987764
0.987963
0.988158
0.988349
0.988537
0.988721
0.988902
0.989079
0.989253
0.989424
0.989591
0.989755
0.989916
0.990074
0.990229
0.990380
0.990529
0.990675
0.990818
0.990958
0.991095
0.991229
0.991361
0.991490
0.991616
0.991740
0.991861
0.991980
0.992096
0.992210
0.992321
0.992431
0.992537
0.992642
0.992744
0.992844
0.992942
0.993038
0.993132
0.993224
0.993313
0.993401
0.993487
0.993571
0.993653
0.993733
0.993812
0.993888
0.993963
0.994037
0.994108
0.994178
0.994247
0.994314
0.994379
0.994443
0.994505
0.994566
0.994625
0.994683
0.994740
0.994795
0.994849
0.994902
0.994953
0.995003
0.995052
0.995100
0.995147
0.995192
0.995236
0.995280
0.995322
0.995363
0.995403
0.995442
0.995480
0.995518
0.995554
0.995589
0.995624
0.995657
0.995690
0.995722
0.995753
0.995783
0.995812
0.995841
0.995869
0.995896
0.995922
0.995948
0.995973
0.995998
0.996021
0.996044
0.996067
0.996089
0.996110
0.996131
0.996151
0.996170
0.996189
0.996208
0.996226
0.996243
0.996260
0.996277
0.996293
0.996309
0.996324
0.996339
0.996353
0.996367
0.996380
0.996393
