0.010040
0.021860
0.039829
0.076101
0.119890
0.167007
0.206963
0.235394
0.253372
0.264001
0.270239
0.274152
0.276950
0.279257
0.281364
0.283393
0.285394
0.287381
0.289360
0.291334
0.293301
0.295262
0.297218
0.299168
0.301111
0.303050
0.304982
0.306909
0.308830
0.310746
0.312656
0.314560
0.316459
0.318353
0.320241
0.322124
0.324002
0.325874
0.327741
0.329665
0.331394
0.333099
0.334798
0.336491
0.338180
0.339865
0.341545
0.343221
0.344892
0.346560
0.348223
0.349881
0.351536
0.353186
0.354832
0.356474
0.358111
0.359745
0.361374
0.362999
0.364619
0.366236
0.367848
0.369457
0.371061
0.372661
0.374257
0.375849
0.377436
0.379020
0.380600
0.382175
0.383747
0.385314
0.386878
0.388437
0.389993
0.391544
0.393091
0.394635
0.396175
0.397710
0.399242
0.400770
0.402293
0.403813
0.405329
0.406841
0.408350
0.409854
0.411355
0.412851
0.414344
0.415833
0.417318
0.418800
0.420277
0.421751
0.423221
0.424687
0.426150
0.427608
0.429063
0.430515
0.431962
0.433406
0.434846
0.436283
0.437715
0.439144
0.440570
0.441992
0.443410
0.444824
0.446235
0.447642
0.449046
0.450446
0.451843
0.453236
0.454625
0.456011
0.457393
0.458772
0.460147
0.461518
0.462886
0.464251
0.465612
0.466970
0.468324
0.469675
0.471022
0.472366
0.473706
0.475043
0.476376
0.477706
0.479033
0.480356
0.481676
0.482993
0.484306
0.485615
0.486922
0.488225
0.489525
0.490821
0.492114
0.493404
0.494690
0.495974
0.497253
0.498530
0.499803
0.501074
0.502340
0.503604
0.504864
0.506121
0.507375
0.508626
0.509874
0.511118
0.512359
0.513597
0.514832
0.516064
0.517292
0.518517
0.519740
0.520959
0.522175
0.523387
0.524597
0.525804
0.527007
0.528208
0.529405
0.530600
0.531791
0.532979
0.534165
0.535347
0.536526
0.537702
0.538875
0.540045
0.541213
0.542377
0.543538
0.544696
0.545851
0.547004
0.548153
0.549299
0.550443
0.551584
0.552721
0.553856
0.554988
0.556117
0.557243
0.558366
0.559486
0.560604
0.561718
0.562830
0.563939
0.565045
0.566148
0.567249
0.568346
0.569441
0.570533
0.571623
0.572709
0.573793
0.574874
0.575952
0.577027
0.578100
0.579170
0.580237
0.581301
0.582363
0.583422
0.584478
0.585532
0.586583
0.587631
0.588677
0.589719
0.590760
0.591797
0.592832
0.593864
0.594894
0.595921
0.596945
0.597967
0.598986
0.600003
0.601017
0.602028
0.603037
0.604043
0.605047
0.606048
0.607046
0.608042
0.609036
0.610027
0.611015
0.612001
0.612984
0.613965
0.614943
0.615919
0.616892
0.617863
0.618831
0.619797
0.620761
0.621722
0.622680
0.623636
0.624590
0.625541
0.626490
0.627436
0.628380
0.629322
0.630261
0.631197
0.632132
0.633064
0.633993
0.634920
0.635845
0.636768
0.637688
0.638606
0.639521
0.640434
0.641345
0.642253
0.643159
0.644063
0.644965
0.645864
0.646761
0.647655
0.648548
0.649438
0.650325
0.651211
0.652094
0.652975
0.653854
0.654730
0.655605
0.656477
0.657347
0.658214
0.659080
0.659943
0.660804
0.661663
0.662519
0.663374
0.664226
0.665076
0.665924
0.666769
0.667613
0.668454
0.669294
0.670131
0.670966
0.671799
0.672629
0.673458
0.674285
0.675109
0.675931
0.676752
0.677570
0.678386
0.679200
0.680012
0.680821
0.681629
0.682435
0.683238
0.684040
0.684840
0.685637
0.686433
0.687226
0.688017
0.688807
0.689594
0.690380
0.691163
0.691944
0.692724
0.693501
0.694277
0.695050
0.695822
0.696591
0.697359
0.698124
0.698888
0.699650
0.700409
0.701167
0.701923
0.702677
0.703429
0.704179
0.704928
0.705674
0.706418
0.707161
0.707902
0.708640
0.709377
0.710112
0.710845
0.711577
0.712306
0.713033
0.713759
0.714483
0.715205
0.715925
0.716643
0.717360
0.718075
0.718787
0.719498
0.720208
0.720915
0.721621
0.722324
0.723027
0.723727
0.724425
0.725122
0.725817
0.726510
0.727201
0.727891
0.728579
0.729265
0.729949
0.730632
0.731313
0.731992
0.732669
0.733345
0.734019
0.734691
0.735362
0.736031
0.736698
0.737363
0.738027
0.738689
0.739350
0.740008
0.740665
0.741321
0.741974
0.742626
0.743277
0.743925
0.744573
0.745218
0.745862
0.746504
0.747144
0.747783
0.748421
0.749056
0.749690
0.750323
0.750953
0.751583
0.752210
0.752836
0.753461
0.754083
0.754705
0.755324
0.755943
0.756559
0.757174
0.757787
0.758399
0.759010
0.759618
0.760225
0.760831
0.761435
0.762038
0.762639
0.763238
0.763836
0.764433
0.765028
0.765621
0.766213
0.766804
0.767393
0.767980
0.768566
0.769150
0.769733
0.770315
0.770895
0.771474
0.772051
0.772626
0.773200
0.773773
0.774344
0.774914
0.775483
0.776050
0.776615
0.777179
0.777742
0.778303
0.778863
0.779421
0.779978
0.780534
0.781088
0.781640
0.782192
0.782742
0.783290
0.783837
0.784383
0.784927
0.785470
0.786012
0.786552
0.787091
0.787629
0.788165
0.788700
0.789233
0.789765
0.790296
0.790825
0.791353
0.791880
0.792405
0.792929
0.793452
0.793974
0.794494
0.795012
0.795530
0.796046
0.796561
0.797075
0.797587
0.798098
0.798607
0.799116
0.799623
0.800129
0.800633
0.801136
0.801638
0.802139
0.802639
0.803137
0.803634
0.804129
0.804624
0.805117
0.805609
0.806100
0.806589
0.807077
0.807564
0.808050
0.808535
0.809018
0.809500
0.809981
0.810461
0.810939
0.811416
0.811892
0.812367
0.812841
0.813313
0.813785
0.814255
0.814724
0.815191
0.815658
0.816123
0.816588
0.817051
0.817513
0.817973
0.818433
0.818891
0.819348
0.819805
0.820259
0.820713
0.821166
0.821617
0.822068
0.822517
0.822965
0.823412
0.823858
0.824303
0.824747
0.825189
0.825631
0.826071
0.826510
0.826948
0.827385
0.827821
0.828256
0.828690
0.829123
0.829554
0.829985
0.830414
0.830842
0.831270
0.831696
0.832121
0.832545
0.832968
0.833390
0.833811
0.834231
0.834650
0.835067
0.835484
0.835900
0.836314
0.836728
0.837141
0.837552
0.837963
