0.019739
0.042073
0.065375
0.090597
0.120879
0.160145
0.203174
0.236692
0.254648
0.262480
0.268382
0.276981
0.280679
0.282654
0.284630
0.286601
0.288565
0.290524
0.292476
0.294422
0.296363
0.298297
0.300225
0.302148
0.304064
0.305975
0.307880
0.309780
0.311674
0.313562
0.315446
0.317323
0.319196
0.321063
0.322926
0.324783
0.326635
0.328482
0.330324
0.332202
0.333880
0.335555
0.337225
0.338892
0.340556
0.342215
0.343870
0.345521
0.347169
0.348812
0.350452
0.352088
0.353721
0.355349
0.356974
0.358595
0.360213
0.361827
0.363437
0.365044
0.366647
0.368246
0.369842
0.371434
0.373023
0.374609
0.376191
0.377769
0.379344
0.380916
0.382484
0.384049
0.385611
0.387169
0.388724
0.390276
0.391824
0.393369
0.394911
0.396450
0.397986
0.399518
0.401048
0.402574
0.404097
0.405617
0.407135
0.408649
0.410160
0.411668
0.413173
0.414676
0.416175
0.417672
0.419165
0.420656
0.422144
0.423630
0.425112
0.426592
0.428069
0.429543
0.431015
0.432484
0.433950
0.435414
0.436875
0.438334
0.439790
0.441244
0.442695
0.444144
0.445590
0.447034
0.448475
0.449914
0.451351
0.452786
0.454218
0.455648
0.457075
0.458501
0.459924
0.461345
0.462763
0.464180
0.465595
0.467007
0.468418
0.469826
0.471232
0.472637
0.474039
0.475440
0.476838
0.478235
0.479630
0.481023
0.482414
0.483803
0.485190
0.486576
0.487960
0.489342
0.490723
0.492102
0.493479
0.494855
0.496229
0.497601
0.498972
0.500342
0.501710
0.503076
0.504441
0.505804
0.507167
0.508527
0.509886
0.511244
0.512601
0.513956
0.515310
0.516663
0.518015
0.519365
0.520714
0.522062
0.523408
0.524754
0.526099
0.527442
0.528784
0.530125
0.531466
0.532805
0.534143
0.535480
0.536816
0.538152
0.539486
0.540820
0.542152
0.543484
0.544815
0.546145
0.547474
0.548803
0.550131
0.551458
0.552784
0.554109
0.555434
0.556758
0.558082
0.559405
0.560727
0.562049
0.563370
0.564690
0.566010
0.567329
0.568648
0.569966
0.571284
0.572602
0.573918
0.575235
0.576551
0.577866
0.579181
0.580496
0.581810
0.583124
0.584438
0.585751
0.587064
0.588377
0.589689
0.591001
0.592313
0.593624
0.594935
0.596246
0.597557
0.598867
0.600177
0.601487
0.602797
0.604107
0.605416
0.606725
0.608034
0.609343
0.610652
0.611961
0.613269
0.614577
0.615886
0.617194
0.618502
0.619810
0.621117
0.622425
0.623733
0.625040
0.626347
0.627655
0.628962
0.630269
0.631576
0.632884
0.634191
0.635497
0.636804
0.638111
0.639418
0.640725
0.642031
0.643338
0.644645
0.645951
0.647258
0.648564
0.649870
0.651177
0.652483
0.653789
0.655095
0.656401
0.657707
0.659013
0.660319
0.661625
0.662931
0.664236
0.665542
0.666847
0.668152
0.669458
0.670763
0.672068
0.673372
0.674677
0.675982
0.677286
0.678590
0.679894
0.681198
0.682502
0.683805
0.685108
0.686412
0.687714
0.689017
0.690319
0.691621
0.692923
0.694225
0.695526
0.696827
0.698127
0.699427
0.700727
0.702027
0.703326
0.704625
0.705923
0.707221
0.708518
0.709815
0.711112
0.712408
0.713704
0.714999
0.716293
0.717587
0.718880
0.720173
0.721465
0.722757
0.724048
0.725338
0.726627
0.727916
0.729204
0.730492
0.731778
0.733064
0.734349
0.735633
0.736917
0.738199
0.739481
0.740762
0.742041
0.743320
0.744598
0.745875
0.747150
0.748425
0.749699
0.750971
0.752243
0.753513
0.754782
0.756050
0.757317
0.758582
0.759846
0.761109
0.762371
0.763631
0.764890
0.766147
0.767403
0.768658
0.769911
0.771163
0.772413
0.773661
0.774908
0.776153
0.777397
0.778639
0.779879
0.781118
0.782355
0.783590
0.784823
0.786055
0.787284
0.788512
0.789738
0.790962
0.792183
0.793403
0.794621
0.795837
0.797050
0.798262
0.799471
0.800679
0.801884
0.803086
0.804287
0.805485
0.806681
0.807875
0.809066
0.810255
0.811441
0.812625
0.813806
0.814985
0.816161
0.817335
0.818506
0.819675
0.820840
0.822003
0.823164
0.824321
0.825476
0.826628
0.827777
0.828924
0.830067
0.831208
0.832345
0.833480
0.834611
0.835740
0.836865
0.837987
0.839106
0.840222
0.841335
0.842445
0.843551
0.844654
0.845754
0.846851
0.847944
0.849034
0.850120
0.851203
0.852283
0.853359
0.854432
0.855501
0.856566
0.857628
0.858687
0.859741
0.860792
0.861840
0.862883
0.863923
0.864960
0.865992
0.867021
0.868046
0.869067
0.870084
0.871097
0.872106
0.873112
0.874113
0.875111
0.876104
0.877094
0.878079
0.879061
0.880038
0.881012
0.881981
0.882946
0.883907
0.884863
0.885816
0.886764
0.887708
0.888648
0.889583
0.890515
0.891442
0.892364
0.893283
0.894197
0.895106
0.896012
0.896913
0.897809
0.898701
0.899589
0.900472
0.901351
0.902225
0.903095
0.903960
0.904821
0.905677
0.906529
0.907376
0.908219
0.909057
0.909890
0.910719
0.911543
0.912363
0.913178
0.913989
0.914794
0.915596
0.916392
0.917184
0.917971
0.918754
0.919532
0.920305
0.921074
0.921838
0.922597
0.923352
0.924101
0.924846
0.925587
0.926323
0.927054
0.927780
0.928502
0.929219
0.929931
0.930638
0.931341
0.932039
0.932732
0.933421
0.934105
0.934784
0.935459
0.936128
0.936794
0.937454
0.938110
0.938761
0.939407
0.940049
0.940685
0.941318
0.941945
0.942568
0.943187
0.943800
0.944409
0.945014
0.945613
0.946208
0.946799
0.947385
0.947966
0.948542
0.949115
0.949682
0.950245
0.950803
0.951357
0.951906
0.952451
0.952992
0.953527
0.954059
0.954585
0.955108
0.955626
0.956139
0.956648
0.957153
0.957653
0.958149
0.958640
0.959127
0.959610
0.960088
0.960562
0.961032
0.961498
0.961959
0.962416
0.962868
0.963317
0.963761
0.964201
0.964637
0.965069
0.965497
0.965921
0.966340
0.966755
0.967167
0.967574
0.967977
0.968377
0.968772
0.969163
0.969551
0.969934
0.970314
0.970689
0.971061
0.971429
0.971793
0.972153
0.972510
0.972863
0.973212
0.973557
0.973899
0.974236
