0.136630
0.069867
0.062383
0.094906
0.121800
0.144664
0.164506
0.182022
0.197715
0.211952
0.225001
0.237071
0.248341
0.258962
0.269043
0.278669
0.287958
0.297052
0.306126
0.315462
0.325837
0.334921
0.339092
0.342279
0.345478
0.348707
0.351966
0.355257
0.358580
0.361933
0.365319
0.368737
0.372188
0.375671
0.379188
0.382737
0.386320
0.389937
0.393588
0.397351
0.400872
0.404449
0.408065
0.411719
0.415411
0.419142
0.422910
0.426716
0.430559
0.434440
0.438358
0.442312
0.446304
0.450332
0.454397
0.458498
0.462634
0.466806
0.471013
0.475254
0.479530
0.483839
0.488182
0.492558
0.496965
0.501404
0.505875
0.510375
0.514906
0.519465
0.524052
0.528667
0.533309
0.537977
0.542670
0.547386
0.552126
0.556889
0.561673
0.566477
0.571300
0.576142
0.581001
0.585876
0.590766
0.595670
0.600586
0.605514
0.610453
0.615400
0.620356
0.625317
0.630285
0.635256
0.640229
0.645204
0.650179
0.655153
0.660124
0.665090
0.670052
0.675006
0.679952
0.684888
0.689813
0.694725
0.699623
0.704506
0.709373
0.714220
0.719049
0.723856
0.728641
0.733402
0.738137
0.742846
0.747528
0.752179
0.756801
0.761390
0.765946
0.770468
0.774954
0.779402
0.783813
0.788185
0.792515
0.796804
0.801051
0.805253
0.809411
0.813523
0.817587
0.821604
0.825573
0.829491
0.833359
0.837176
0.840941
0.844653
0.848311
0.851916
0.855466
0.858960
0.862399
0.865781
0.869107
0.872375
0.875586
0.878740
0.881835
0.884872
0.887850
0.890770
0.893631
0.896433
0.899177
0.901862
0.904488
0.907056
0.909565
0.912016
0.914409
0.916745
0.919023
0.921244
0.923408
0.925516
0.927569
0.929566
0.931509
0.933397
0.935232
0.937013
0.938743
0.940421
0.942048
0.943624
0.945152
0.946630
0.948061
0.949444
0.950781
0.952073
0.953320
0.954524
0.955685
0.956803
0.957881
0.958919
0.959917
0.960877
0.961800
0.962686
0.963537
0.964354
0.965137
0.965887
0.966605
0.967293
0.967950
0.968579
0.969180
0.969753
0.970300
0.970822
0.971319
0.971793
0.972243
0.972672
0.973079
0.973466
0.973833
0.974181
0.974512
0.974825
0.975121
0.975401
0.975666
0.975916
0.976152
0.976375
0.976585
0.976783
0.976970
0.977145
0.977310
0.977465
0.977611
0.977747
0.977875
0.977995
0.978107
0.978212
0.978310
0.978402
0.978487
0.978567
0.978642
0.978711
0.978775
0.978835
0.978891
0.978943
0.978991
0.979036
0.979077
0.979115
0.979150
0.979183
0.979213
0.979241
0.979267
0.979290
0.979312
0.979332
0.979351
0.979368
0.979383
0.979398
0.979411
0.979423
0.979434
0.979444
0.979453
0.979461
0.979469
0.979476
0.979482
0.979488
0.979493
0.979498
0.979503
0.979507
0.979510
0.979513
0.979516
0.979519
0.979521
0.979524
0.979525
0.979527
0.979529
0.979530
0.979532
0.979533
0.979534
0.979535
0.979536
0.979536
0.979537
0.979538
0.979538
0.979539
0.979539
0.979539
0.979540
0.979540
0.979540
0.979541
0.979541
0.979541
0.979541
0.979541
0.979541
0.979542
0.979542
0.979542
0.979542
0.979542
0.979542
0.979542
0.979542
0.979542
0.979542
0.979542
0.979542
0.979542
0.979542
0.979542
0.979542
0.979542
0.979542
0.979542
0.979542
0.979542
0.979542
0.979542
0.979542
0.979542
0.979542
0.979542
0.979542
0.979542
0.979542
0.979542
0.979542
0.979542
0.979542
0.979542
0.979542
0.979542
0.979542
0.979542
0.979542
0.979542
0.979542
0.979542
0.979542
0.979542
0.979542
0.979542
0.979542
0.979542
0.979542
0.979542
0.979542
0.979542
0.979542
0.979542
0.979542
0.979542
0.979542
0.979542
0.979542
0.979542
0.979542
0.979542
0.979542
0.979542
0.979542
0.979542
0.979542
0.979542
0.979542
0.979542
0.979542
0.979542
0.979542
0.979542
0.979542
0.979542
0.979542
0.979542
0.979542
0.979542
0.979542
0.979542
0.979542
0.979542
0.979542
0.979542
0.979542
0.979542
0.979542
0.979542
0.979542
0.979542
0.979542
0.979542
0.979542
0.979542
0.979542
0.979542
0.979542
0.979542
0.979542
0.979542
0.979542
0.979542
0.979542
0.979542
0.979542
0.979542
0.979542
0.979542
0.979542
0.979542
0.979542
0.979542
0.979542
0.979542
0.979542
0.979542
0.979542
0.979542
0.979542
0.979542
0.979542
0.979542
0.979542
0.979542
0.979542
0.979542
0.979542
0.979542
0.979542
0.979542
0.979542
0.979542
0.979542
0.979542
0.979542
0.979542
0.979542
0.979542
0.979542
0.979542
0.979542
0.979542
0.979542
0.979542
0.979542
0.979542
0.979542
0.979542
0.979542
0.979542
0.979542
0.979542
0.979542
0.979542
0.979542
0.979542
0.979542
0.979542
0.979542
0.979542
0.979542
0.979542
0.979542
0.979542
0.979542
0.979542
0.979542
0.979542
0.979542
0.979542
0.979542
0.979542
0.979542
0.979542
0.979542
0.979542
0.979542
0.979542
0.979542
0.979542
0.979542
0.979542
0.979542
0.979542
0.979542
0.979542
0.979542
0.979542
0.979542
0.979542
0.979542
0.979542
0.979542
0.979542
0.979542
0.979542
0.979542
0.979542
0.979542
0.979542
0.979542
0.979542
0.979542
0.979542
0.979542
0.979542
0.979542
0.979542
0.979542
0.979542
0.979542
0.979542
0.979542
0.979542
0.979542
0.979542
0.979542
0.979542
0.979542
0.979542
0.979542
0.979542
0.979542
0.979542
0.979542
0.979542
0.979542
0.979542
0.979542
0.979542
0.979542
0.979542
0.979542
0.979542
0.979542
0.979542
0.979542
0.979542
0.979542
0.979542
0.979542
0.979542
0.979542
0.979542
0.979542
0.979542
0.979542
0.979542
0.979542
0.979542
0.979542
0.979542
0.979542
0.979542
0.979542
0.979542
0.979542
0.979542
0.979542
0.979542
0.979542
0.979542
0.979542
0.979542
0.979542
0.979542
0.979542
0.979542
0.979542
0.979542
0.979542
0.979542
0.979542
0.979542
0.979542
0.979542
0.979542
0.979542
0.979542
0.979542
0.979542
0.979542
0.979542
0.979542
0.979542
0.979542
0.979542
0.979542
0.979542
0.979542
0.979542
0.979542
