0.010905
0.023193
0.035885
0.049272
0.064030
0.081207
0.091437
0.102460
0.114967
0.129409
0.146730
0.168679
0.196904
0.230012
0.261184
0.281335
0.287027
0.284068
0.281172
0.281506
0.283315
0.285283
0.287249
0.289209
0.291165
0.293116
0.295062
0.297003
0.298939
0.300870
0.302797
0.304718
0.306635
0.308548
0.310456
0.312359
0.314258
0.316152
0.318042
0.319967
0.321686
0.323404
0.325121
0.326833
0.328543
0.330249
0.331952
0.333652
0.335348
0.337041
0.338732
0.340418
0.342102
0.343783
0.345461
0.347135
0.348807
0.350476
0.352142
0.353805
0.355465
0.357122
0.358777
0.360429
0.362078
0.363725
0.365368
0.367010
0.368648
0.370285
0.371918
0.373550
0.375178
0.376805
0.378429
0.380051
0.381670
0.383287
0.384902
0.386515
0.388126
0.389735
0.391341
0.392946
0.394548
0.396148
0.397747
0.399344
0.400938
0.402531
0.404122
0.405712
0.407299
0.408885
0.410469
0.412052
0.413633
0.415212
0.416790
0.418367
0.419941
0.421515
0.423087
0.424658
0.426227
0.427795
0.429362
0.430927
0.432492
0.434055
0.435617
0.437177
0.438737
0.440296
0.441853
0.443410
0.444966
0.446520
0.448074
0.449627
0.451179
0.452730
0.454281
0.455830
0.457379
0.458927
0.460475
0.462021
0.463567
0.465113
0.466658
0.468202
0.469746
0.471289
0.472832
0.474374
0.475916
0.477457
0.478998
0.480539
0.482079
0.483619
0.485158
0.486697
0.488236
0.489775
0.491313
0.492851
0.494389
0.495927
0.497465
0.499002
0.500539
0.502077
0.503614
0.505151
0.506687
0.508224
0.509761
0.511298
0.512834
0.514371
0.515907
0.517444
0.518981
0.520517
0.522054
0.523591
0.525127
0.526664
0.528201
0.529738
0.531275
0.532812
0.534350
0.535887
0.537425
0.538962
0.540500
0.542038
0.543576
0.545114
0.546652
0.548190
0.549729
0.551267
0.552806
0.554345
0.555884
0.557423
0.558962
0.560501
0.562041
0.563580
0.565120
0.566660
0.568200
0.569740
0.571280
0.572820
0.574361
0.575901
0.577441
0.578982
0.580523
0.582063
0.583604
0.585145
0.586685
0.588226
0.589767
0.591308
0.592848
0.594389
0.595930
0.597470
0.599011
0.600551
0.602092
0.603632
0.605172
0.606712
0.608252
0.609791
0.611331
0.612870
0.614409
0.615947
0.617486
0.619024
0.620562
0.622100
0.623637
0.625174
0.626710
0.628246
0.629782
0.631317
0.632852
0.634386
0.635920
0.637453
0.638986
0.640518
0.642050
0.643581
0.645111
0.646641
0.648170
0.649698
0.651226
0.652752
0.654278
0.655803
0.657328
0.658851
0.660374
0.661895
0.663416
0.664936
0.666454
0.667972
0.669488
0.671004
0.672518
0.674031
0.675544
0.677054
0.678564
0.680072
0.681579
0.683085
0.684590
0.686093
0.687594
0.689094
0.690593
0.692090
0.693586
0.695080
0.696573
0.698064
0.699553
0.701040
0.702526
0.704010
0.705493
0.706973
0.708452
0.709929
0.711404
0.712877
0.714348
0.715817
0.717284
0.718749
0.720211
0.721672
0.723131
0.724587
0.726041
0.727493
0.728943
0.730390
0.731835
0.733277
0.734717
0.736155
0.737590
0.739023
0.740453
0.741881
0.743306
0.744728
0.746148
0.747565
0.748979
0.750391
0.751799
0.753205
0.754608
0.756008
0.757405
0.758800
0.760191
0.761579
0.762965
0.764347
0.765726
0.767102
0.768475
0.769844
0.771211
0.772574
0.773934
0.775290
0.776643
0.777993
0.779340
0.780683
0.782022
0.783359
0.784691
0.786020
0.787346
0.788668
0.789986
0.791301
0.792612
0.793919
0.795223
0.796523
0.797819
0.799111
0.800400
0.801684
0.802965
0.804242
0.805515
0.806784
0.808049
0.809310
0.810567
0.811820
0.813069
0.814313
0.815554
0.816791
0.818023
0.819251
0.820475
0.821695
0.822911
0.824122
0.825329
0.826532
0.827730
0.828924
0.830114
0.831299
0.832480
0.833657
0.834829
0.835996
0.837159
0.838318
0.839472
0.840622
0.841767
0.842908
0.844043
0.845175
0.846302
0.847424
0.848541
0.849654
0.850762
0.851866
0.852965
0.854059
0.855148
0.856233
0.857313
0.858388
0.859459
0.860525
0.861586
0.862642
0.863693
0.864740
0.865781
0.866818
0.867850
0.868877
0.869900
0.870917
0.871930
0.872937
0.873940
0.874938
0.875931
0.876919
0.877902
0.878881
0.879854
0.880822
0.881786
0.882744
0.883698
0.884647
0.885590
0.886529
0.887463
0.888392
0.889315
0.890234
0.891148
0.892057
0.892961
0.893860
0.894754
0.895643
0.896528
0.897407
0.898281
0.899150
0.900014
0.900874
0.901728
0.902577
0.903422
0.904261
0.905096
0.905925
0.906750
0.907569
0.908384
0.909194
0.909999
0.910799
0.911594
0.912384
0.913169
0.913949
0.914725
0.915495
0.916261
0.917022
0.917778
0.918529
0.919275
0.920016
0.920753
0.921484
0.922211
0.922933
0.923650
0.924363
0.925070
0.925773
0.926471
0.927165
0.927853
0.928537
0.929216
0.929891
0.930561
0.931226
0.931886
0.932542
0.933193
0.933839
0.934481
0.935118
0.935751
0.936379
0.937002
0.937621
0.938235
0.938845
0.939451
0.940051
0.940648
0.941239
0.941827
0.942410
0.942988
0.943562
0.944132
0.944697
0.945258
0.945815
0.946367
0.946915
0.947458
0.947998
0.948533
0.949063
0.949590
0.950112
0.950630
0.951144
0.951654
0.952160
0.952661
0.953158
0.953652
0.954141
0.954626
0.955107
0.955584
0.956057
0.956526
0.956991
0.957452
0.957909
0.958363
0.958812
0.959258
0.959699
0.960137
0.960571
0.961001
0.961428
0.961850
0.962269
0.962684
0.963096
0.963503
0.963908
0.964308
0.964705
0.965098
0.965488
0.965874
0.966256
0.966635
0.967011
0.967383
0.967752
0.968117
0.968478
0.968837
0.969192
0.969543
0.969891
0.970236
0.970578
0.970916
0.971251
0.971583
0.971912
0.972237
0.972559
0.972878
0.973194
0.973507
0.973817
0.974123
0.974427
0.974727
0.975025
0.975319
0.975611
0.975900
0.976185
0.976468
0.976748
0.977025
0.977299
0.977570
0.977839
0.978104
0.978367
0.978628
0.978885
0.979140
0.979392
0.979641
0.979888
