0.032530
0.070021
0.110742
0.157316
0.213269
0.272690
0.290486
0.254703
0.237446
0.244206
0.252630
0.260849
0.269032
0.277446
0.287016
0.295208
0.297913
0.300073
0.302234
0.304398
0.306566
0.308738
0.310914
0.313093
0.315277
0.317465
0.319657
0.321855
0.324057
0.326264
0.328477
0.330696
0.332921
0.335151
0.337388
0.339632
0.341883
0.344140
0.346405
0.348707
0.350793
0.352909
0.355035
0.357171
0.359317
0.361472
0.363637
0.365812
0.367997
0.370193
0.372399
0.374615
0.376842
0.379080
0.381328
0.383588
0.385859
0.388141
0.390435
0.392740
0.395056
0.397384
0.399724
0.402076
0.404440
0.406816
0.409204
0.411604
0.414016
0.416441
0.418878
0.421327
0.423789
0.426263
0.428749
0.431248
0.433760
0.436284
0.438820
0.441369
0.443931
0.446505
0.449092
0.451690
0.454302
0.456926
0.459562
0.462210
0.464871
0.467543
0.470228
0.472925
0.475633
0.478354
0.481086
0.483830
0.486585
0.489352
0.492130
0.494919
0.497719
0.500530
0.503352
0.506185
0.509027
0.511881
0.514744
0.517617
0.520500
0.523392
0.526294
0.529204
0.532124
0.535053
0.537990
0.540935
0.543889
0.546850
0.549819
0.552795
0.555779
0.558769
0.561766
0.564769
0.567779
0.570794
0.573815
0.576841
0.579873
0.582909
0.585949
0.588994
0.592042
0.595095
0.598150
0.601209
0.604270
0.607334
0.610400
0.613467
0.616536
0.619606
0.622677
0.625749
0.628821
0.631893
0.634964
0.638035
0.641104
0.644173
0.647239
0.650304
0.653366
0.656425
0.659482
0.662535
0.665585
0.668630
0.671671
0.674708
0.677740
0.680766
0.683787
0.686802
0.689811
0.692814
0.695809
0.698797
0.701778
0.704752
0.707717
0.710673
0.713621
0.716560
0.719490
0.722411
0.725321
0.728221
0.731111
0.733990
0.736858
0.739715
0.742561
0.745394
0.748216
0.751025
0.753821
0.756605
0.759376
0.762133
0.764877
0.767607
0.770323
0.773024
0.775712
0.778384
0.781042
0.783684
0.786311
0.788922
0.791518
0.794098
0.796662
0.799209
0.801740
0.804254
0.806752
0.809232
0.811695
0.814141
0.816570
0.818981
0.821374
0.823749
0.826106
0.828446
0.830767
0.833069
0.835353
0.837619
0.839866
0.842094
0.844304
0.846494
0.848666
0.850818
0.852951
0.855065
0.857160
0.859236
0.861292
0.863328
0.865346
0.867343
0.869322
0.871280
0.873220
0.875139
0.877039
0.878920
0.880781
0.882622
0.884444
0.886246
0.888028
0.889791
0.891535
0.893259
0.894963
0.896648
0.898314
0.899960
0.901588
0.903195
0.904784
0.906354
0.907904
0.909436
0.910948
0.912442
0.913917
0.915373
0.916810
0.918229
0.919630
0.921012
0.922376
0.923721
0.925049
0.926358
0.927650
0.928924
0.930180
0.931419
0.932640
0.933844
0.935031
0.936200
0.937353
0.938489
0.939608
0.940710
0.941796
0.942866
0.943919
0.944956
0.945978
0.946983
0.947973
0.948947
0.949906
0.950850
0.951779
0.952692
0.953591
0.954475
0.955345
0.956200
0.957041
0.957868
0.958681
0.959480
0.960265
0.961037
0.961796
0.962541
0.963273
0.963993
0.964700
0.965394
0.966075
0.966745
0.967402
0.968047
0.968681
0.969302
0.969912
0.970511
0.971098
0.971675
0.972240
0.972795
0.973339
0.973872
0.974395
0.974908
0.975411
0.975904
0.976387
0.976860
0.977324
0.977779
0.978224
0.978660
0.979087
0.979506
0.979916
0.980317
0.980710
0.981094
0.981471
0.981839
0.982200
0.982553
0.982898
0.983236
0.983566
0.983889
0.984205
0.984514
0.984817
0.985112
0.985401
0.985683
0.985959
0.986229
0.986492
0.986750
0.987001
0.987247
0.987486
0.987721
0.987949
0.988173
0.988391
0.988604
0.988811
0.989014
0.989212
0.989405
0.989593
0.989777
0.989956
0.990131
0.990301
0.990468
0.990630
0.990788
0.990942
0.991092
0.991238
0.991380
0.991519
0.991654
0.991786
0.991914
0.992039
0.992161
0.992279
0.992395
0.992507
0.992616
0.992722
0.992826
0.992926
0.993024
0.993119
0.993212
0.993302
0.993390
0.993475
0.993558
0.993638
0.993717
0.993793
0.993866
0.993938
0.994008
0.994076
0.994141
0.994205
0.994267
0.994328
0.994386
0.994443
0.994498
0.994552
0.994603
0.994654
0.994703
0.994750
0.994796
0.994841
0.994884
0.994926
0.994966
0.995006
0.995044
0.995081
0.995117
0.995152
0.995185
0.995218
0.995249
0.995280
0.995310
0.995338
0.995366
0.995393
0.995419
0.995444
0.995468
0.995492
0.995515
0.995537
0.995558
0.995579
0.995599
0.995618
0.995636
0.995654
0.995672
0.995689
0.995705
0.995721
0.995736
0.995750
0.995765
0.995778
0.995791
0.995804
0.995817
0.995828
0.995840
0.995851
0.995862
0.995872
0.995882
0.995891
0.995901
0.995909
0.995918
0.995926
0.995934
0.995942
0.995949
0.995956
0.995963
0.995970
0.995976
0.995982
0.995988
0.995994
0.995999
0.996005
0.996010
0.996015
0.996019
0.996024
0.996028
0.996032
0.996036
0.996040
0.996044
0.996048
0.996051
0.996054
0.996058
0.996061
0.996064
0.996066
0.996069
0.996072
0.996074
0.996076
0.996079
0.996081
0.996083
0.996085
0.996087
0.996089
0.996091
0.996092
0.996094
0.996096
0.996097
0.996099
0.996100
0.996101
0.996103
0.996104
0.996105
0.996106
0.996107
0.996108
0.996109
0.996110
0.996111
0.996112
0.996113
0.996114
0.996114
0.996115
0.996116
0.996116
0.996117
0.996118
0.996118
0.996119
0.996119
0.996120
0.996120
0.996121
0.996121
0.996122
0.996122
0.996122
0.996123
0.996123
0.996123
0.996124
0.996124
0.996124
0.996125
0.996125
0.996125
0.996125
0.996126
0.996126
0.996126
0.996126
0.996126
0.996127
0.996127
0.996127
0.996127
0.996127
0.996127
0.996128
0.996128
0.996128
0.996128
0.996128
0.996128
0.996128
0.996128
0.996128
0.996128
0.996129
0.996129
0.996129
0.996129
0.996129
0.996129
0.996129
0.996129
0.996129
0.996129
0.996129
0.996129
0.996129
0.996129
0.996129
0.996129
0.996129
0.996129
0.996129
0.996130
0.996130
0.996130
