0.015417
0.032794
0.050727
0.069520
0.089798
0.113539
0.144725
0.184522
0.226393
0.260448
0.274452
0.278344
0.278857
0.279519
0.281045
0.282974
0.284949
0.286919
0.288882
0.290840
0.292791
0.294737
0.296676
0.298610
0.300537
0.302459
0.304375
0.306286
0.308191
0.310090
0.311984
0.313873
0.315756
0.317634
0.319507
0.321375
0.323237
0.325094
0.326947
0.328838
0.330529
0.332214
0.333894
0.335570
0.337243
0.338911
0.340575
0.342235
0.343891
0.345543
0.347191
0.348835
0.350475
0.352111
0.353743
0.355371
0.356996
0.358616
0.360233
0.361845
0.363454
0.365060
0.366661
0.368259
0.369852
0.371442
0.373029
0.374611
0.376190
0.377766
0.379337
0.380905
0.382470
0.384031
0.385588
0.387141
0.388691
0.390238
0.391781
0.393320
0.394856
0.396389
0.397918
0.399444
0.400966
0.402485
0.404000
0.405512
0.407021
0.408527
0.410029
0.411528
0.413023
0.414515
0.416004
0.417490
0.418973
0.420452
0.421929
0.423402
0.424872
0.426339
0.427802
0.429263
0.430721
0.432175
0.433627
0.435075
0.436521
0.437963
0.439403
0.440840
0.442274
0.443704
0.445132
0.446558
0.447980
0.449399
0.450816
0.452230
0.453641
0.455049
0.456455
0.457858
0.459258
0.460656
0.462051
0.463443
0.464832
0.466219
0.467604
0.468986
0.470365
0.471742
0.473116
0.474488
0.475857
0.477224
0.478588
0.479950
0.481310
0.482667
0.484022
0.485374
0.486724
0.488072
0.489418
0.490761
0.492102
0.493441
0.494777
0.496112
0.497444
0.498774
0.500101
0.501427
0.502751
0.504072
0.505392
0.506709
0.508024
0.509338
0.510649
0.511958
0.513266
0.514571
0.515875
0.517176
0.518476
0.519773
0.521069
0.522363
0.523656
0.524946
0.526235
0.527522
0.528807
0.530090
0.531372
0.532652
0.533930
0.535206
0.536481
0.537754
0.539026
0.540296
0.541564
0.542831
0.544096
0.545360
0.546622
0.547883
0.549142
0.550400
0.551656
0.552911
0.554164
0.555416
0.556667
0.557916
0.559164
0.560410
0.561655
0.562899
0.564141
0.565383
0.566622
0.567861
0.569098
0.570335
0.571569
0.572803
0.574035
0.575267
0.576497
0.577726
0.578954
0.580180
0.581406
0.582630
0.583854
0.585076
0.586297
0.587517
0.588736
0.589954
0.591172
0.592388
0.593603
0.594817
0.596030
0.597242
0.598453
0.599664
0.600873
0.602081
0.603289
0.604496
0.605701
0.606906
0.608110
0.609313
0.610516
0.611717
0.612918
0.614118
0.615317
0.616515
0.617713
0.618909
0.620105
0.621300
0.622495
0.623689
0.624881
0.626074
0.627265
0.628456
0.629646
0.630835
0.632024
0.633212
0.634399
0.635586
0.636772
0.637957
0.639142
0.640326
0.641509
0.642692
0.643874
0.645055
0.646236
0.647416
0.648596
0.649775
0.650953
0.652131
0.653308
0.654484
0.655660
0.656835
0.658010
0.659184
0.660358
0.661531
0.662703
0.663875
0.665046
0.666216
0.667386
0.668556
0.669725
0.670893
0.672061
0.673228
0.674394
0.675560
0.676726
0.677891
0.679055
0.680219
0.681382
0.682544
0.683706
0.684867
0.686028
0.687188
0.688348
0.689507
0.690665
0.691823
0.692980
0.694136
0.695292
0.696448
0.697602
0.698756
0.699910
0.701063
0.702215
0.703366
0.704517
0.705667
0.706817
0.707966
0.709114
0.710261
0.711408
0.712554
0.713700
0.714844
0.715988
0.717132
0.718274
0.719416
0.720557
0.721697
0.722837
0.723976
0.725114
0.726251
0.727387
0.728523
0.729658
0.730792
0.731925
0.733057
0.734189
0.735319
0.736449
0.737578
0.738706
0.739833
0.740959
0.742084
0.743208
0.744332
0.745454
0.746575
0.747696
0.748815
0.749933
0.751051
0.752167
0.753282
0.754396
0.755509
0.756621
0.757732
0.758842
0.759951
0.761058
0.762165
0.763270
0.764374
0.765477
0.766578
0.767679
0.768778
0.769876
0.770972
0.772068
0.773162
0.774254
0.775346
0.776436
0.777524
0.778612
0.779697
0.780782
0.781865
0.782947
0.784027
0.785105
0.786183
0.787258
0.788332
0.789405
0.790476
0.791546
0.792613
0.793680
0.794744
0.795807
0.796869
0.797928
0.798986
0.800043
0.801097
0.802150
0.803201
0.804250
0.805298
0.806344
0.807387
0.808429
0.809470
0.810508
0.811544
0.812579
0.813611
0.814642
0.815670
0.816697
0.817721
0.818744
0.819764
0.820783
0.821799
0.822813
0.823826
0.824836
0.825843
0.826849
0.827853
0.828854
0.829853
0.830850
0.831845
0.832837
0.833827
0.834815
0.835800
0.836783
0.837764
0.838742
0.839718
0.840692
0.841663
0.842631
0.843598
0.844561
0.845522
0.846481
0.847437
0.848391
0.849342
0.850290
0.851236
0.852179
0.853120
0.854058
0.854993
0.855926
0.856856
0.857783
0.858707
0.859629
0.860548
0.861464
0.862377
0.863288
0.864196
0.865101
0.866003
0.866902
0.867798
0.868691
0.869582
0.870469
0.871354
0.872235
0.873114
0.873990
0.874862
0.875732
0.876598
0.877462
0.878322
0.879180
0.880034
0.880885
0.881734
0.882579
0.883420
0.884259
0.885095
0.885927
0.886756
0.887582
0.888405
0.889224
0.890041
0.890854
0.891664
0.892470
0.893273
0.894073
0.894870
0.895663
0.896454
0.897240
0.898024
0.898804
0.899580
0.900354
0.901124
0.901890
0.902653
0.903413
0.904169
0.904922
0.905672
0.906418
0.907161
0.907900
0.908635
0.909368
0.910096
0.910822
0.911544
0.912262
0.912977
0.913688
0.914396
0.915100
0.915801
0.916498
0.917192
0.917882
0.918569
0.919252
0.919932
0.920608
0.921280
0.921949
0.922614
0.923276
0.923934
0.924589
0.925240
0.925888
0.926532
0.927172
0.927809
0.928442
0.929072
0.929698
0.930320
0.930939
0.931554
0.932166
0.932774
0.933379
0.933980
0.934577
0.935171
0.935761
0.936347
0.936931
0.937510
0.938086
0.938658
0.939227
0.939792
0.940354
0.940912
0.941466
0.942017
0.942564
0.943108
0.943648
0.944185
0.944718
0.945248
0.945774
0.946296
0.946816
0.947331
0.947843
0.948352
0.948857
0.949358
0.949856
0.950351
0.950842
0.951329
0.951813
0.952294
