0.179158
0.433605
0.468928
0.501841
0.530566
0.555478
0.577569
0.597471
0.615652
0.632456
0.648135
0.662876
0.676839
0.690159
0.702948
0.715279
0.727248
0.738988
0.750662
0.762519
0.775211
0.787798
0.795473
0.801153
0.806686
0.812154
0.817552
0.822877
0.828125
0.833291
0.838374
0.843369
0.848273
0.853085
0.857800
0.862418
0.866936
0.871352
0.875664
0.880038
0.884113
0.888085
0.891954
0.895717
0.899374
0.902925
0.906369
0.909707
0.912939
0.916066
0.919087
0.922005
0.924820
0.927534
0.930147
0.932661
0.935079
0.937400
0.939629
0.941765
0.943812
0.945770
0.947644
0.949434
0.951143
0.952773
0.954326
0.955806
0.957213
0.958551
0.959822
0.961028
0.962171
0.963254
0.964280
0.965250
0.966166
0.967032
0.967848
0.968618
0.969343
0.970025
0.970666
0.971269
0.971835
0.972365
0.972863
0.973328
0.973764
0.974172
0.974552
0.974908
0.975239
0.975548
0.975836
0.976103
0.976352
0.976583
0.976797
0.976996
0.977181
0.977352
0.977510
0.977656
0.977791
0.977915
0.978030
0.978136
0.978233
0.978323
0.978406
0.978482
0.978551
0.978615
0.978674
0.978727
0.978776
0.978821
0.978862
0.978900
0.978934
0.978965
0.978994
0.979019
0.979043
0.979064
0.979084
0.979102
0.979118
0.979132
0.979145
0.979157
0.979168
0.979178
0.979186
0.979194
0.979201
0.979208
0.979214
0.979219
0.979224
0.979228
0.979232
0.979235
0.979238
0.979241
0.979243
0.979245
0.979247
0.979249
0.979251
0.979252
0.979253
0.979254
0.979255
0.979256
0.979257
0.979258
0.979258
0.979259
0.979259
0.979260
0.979260
0.979261
0.979261
0.979261
0.979261
0.979262
0.979262
0.979262
0.979262
0.979262
0.979262
0.979262
0.979262
0.979263
0.979263
0.979263
0.979263
0.979263
0.979263
0.979263
0.979263
0.979263
0.979263
0.979263
0.979263
0.979263
0.979263
0.979263
0.979263
0.979263
0.979263
0.979263
0.979263
0.979263
0.979263
0.979263
0.979263
0.979263
0.979263
0.979263
0.979263
0.979263
0.979263
0.979263
0.979263
0.979263
0.979263
0.979263
0.979263
0.979263
0.979263
0.979263
0.979263
0.979263
0.979263
0.979263
0.979263
0.979263
0.979263
0.979263
0.979263
0.979263
0.979263
0.979263
0.979263
0.979263
0.979263
0.979263
0.979263
0.979263
0.979263
0.979263
0.979263
0.979263
0.979263
0.979263
0.979263
0.979263
0.979263
0.979263
0.979263
0.979263
0.979263
0.979263
0.979263
0.979263
0.979263
0.979263
0.979263
0.979263
0.979263
0.979263
0.979263
0.979263
0.979263
0.979263
0.979263
0.979263
0.979263
0.979263
0.979263
0.979263
0.979263
0.979263
0.979263
0.979263
0.979263
0.979263
0.979263
0.979263
0.979263
0.979263
0.979263
0.979263
0.979263
0.979263
0.979263
0.979263
0.979263
0.979263
0.979263
0.979263
0.979263
0.979263
0.979263
0.979263
0.979263
0.979263
0.979263
0.979263
0.979263
0.979263
0.979263
0.979263
0.979263
0.979263
0.979263
0.979263
0.979263
0.979263
0.979263
0.979263
0.979263
0.979263
0.979263
0.979263
0.979263
0.979263
0.979263
0.979263
0.979263
0.979263
0.979263
0.979263
0.979263
0.979263
0.979263
0.979263
0.979263
0.979263
0.979263
0.979263
0.979263
0.979263
0.979263
0.979263
0.979263
0.979263
0.979263
0.979263
0.979263
0.979263
0.979263
0.979263
0.979263
0.979263
0.979263
0.979263
0.979263
0.979263
0.979263
0.979263
0.979263
0.979263
0.979263
0.979263
0.979263
0.979263
0.979263
0.979263
0.979263
0.979263
0.979263
0.979263
0.979263
0.979263
0.979263
0.979263
0.979263
0.979263
0.979263
0.979263
0.979263
0.979263
0.979263
0.979263
0.979263
0.979263
0.979263
0.979263
0.979263
0.979263
0.979263
0.979263
0.979263
0.979263
0.979263
0.979263
0.979263
0.979263
0.979263
0.979263
0.979263
0.979263
0.979263
0.979263
0.979263
0.979263
0.979263
0.979263
0.979263
0.979263
0.979263
0.979263
0.979263
0.979263
0.979263
0.979263
0.979263
0.979263
0.979263
0.979263
0.979263
0.979263
0.979263
0.979263
0.979263
0.979263
0.979263
0.979263
0.979263
0.979263
0.979263
0.979263
0.979263
0.979263
0.979263
0.979263
0.979263
0.979263
0.979263
0.979263
0.979263
0.979263
0.979263
0.979263
0.979263
0.979263
0.979263
0.979263
0.979263
0.979263
0.979263
0.979263
0.979263
0.979263
0.979263
0.979263
0.979263
0.979263
0.979263
0.979263
0.979263
0.979263
0.979263
0.979263
0.979263
0.979263
0.979263
0.979263
0.979263
0.979263
0.979263
0.979263
0.979263
0.979263
0.979263
0.979263
0.979263
0.979263
0.979263
0.979263
0.979263
0.979263
0.979263
0.979263
0.979263
0.979263
0.979263
0.979263
0.979263
0.979263
0.979263
0.979263
0.979263
0.979263
0.979263
0.979263
0.979263
0.979263
0.979263
0.979263
0.979263
0.979263
0.979263
0.979263
0.979263
0.979263
0.979263
0.979263
0.979263
0.979263
0.979263
0.979263
0.979263
0.979263
0.979263
0.979263
0.979263
0.979263
0.979263
0.979263
0.979263
0.979263
0.979263
0.979263
0.979263
0.979263
0.979263
0.979263
0.979263
0.979263
0.979263
0.979263
0.979263
0.979263
0.979263
0.979263
0.979263
0.979263
0.979263
0.979263
0.979263
0.979263
0.979263
0.979263
0.979263
0.979263
0.979263
0.979263
0.979263
0.979263
0.979263
0.979263
0.979263
0.979263
0.979263
0.979263
0.979263
0.979263
0.979263
0.979263
0.979263
0.979263
0.979263
0.979263
0.979263
0.979263
0.979263
0.979263
0.979263
0.979263
0.979263
0.979263
0.979263
0.979263
0.979263
0.979263
0.979263
0.979263
0.979263
0.979263
0.979263
0.979263
0.979263
0.979263
0.979263
0.979263
0.979263
0.979263
0.979263
0.979263
0.979263
0.979263
0.979263
0.979263
0.979263
0.979263
0.979263
0.979263
0.979263
0.979263
0.979263
0.979263
0.979263
0.979263
0.979263
0.979263
0.979263
0.979263
0.979263
0.979263
0.979263
0.979263
0.979263
0.979263
0.979263
0.979263
