-0.001403
0.017148
0.052038
0.083243
0.108822
0.130454
0.149127
0.165520
0.180120
0.193284
0.205269
0.216279
0.226487
0.236039
0.245039
0.253569
0.261744
0.269700
0.277605
0.285733
0.294848
0.302573
0.305543
0.307596
0.309634
0.311672
0.313711
0.315752
0.317793
0.319837
0.321881
0.323928
0.325977
0.328028
0.330081
0.332138
0.334198
0.336260
0.338327
0.340415
0.342290
0.344194
0.346105
0.348022
0.349945
0.351874
0.353810
0.355752
0.357701
0.359658
0.361622
0.363593
0.365573
0.367560
0.369556
0.371561
0.373575
0.375598
0.377630
0.379672
0.381724
0.383787
0.385859
0.387943
0.390037
0.392143
0.394261
0.396390
0.398531
0.400685
0.402851
0.405030
0.407222
0.409428
0.411648
0.413881
0.416129
0.418392
0.420669
0.422961
0.425269
0.427592
0.429931
0.432287
0.434659
0.437047
0.439453
0.441876
0.444316
0.446774
0.449250
0.451745
0.454258
0.456790
0.459341
0.461912
0.464502
0.467111
0.469741
0.472391
0.475062
0.477753
0.480466
0.483199
0.485954
0.488730
0.491529
0.494349
0.497191
0.500056
0.502943
0.505853
0.508786
0.511741
0.514720
0.517722
0.520747
0.523796
0.526869
0.529965
0.533085
0.536228
0.539396
0.542588
0.545803
0.549043
0.552306
0.555594
0.558905
0.562241
0.565600
0.568983
0.572390
0.575821
0.579275
0.582753
0.586254
0.589778
0.593326
0.596896
0.600489
0.604104
0.607742
0.611401
0.615082
0.618784
0.622507
0.626251
0.630016
0.633800
0.637604
0.641427
0.645268
0.649128
0.653006
0.656900
0.660812
0.664739
0.668682
0.672640
0.676612
0.680598
0.684597
0.688608
0.692631
0.696664
0.700708
0.704761
0.708822
0.712891
0.716966
0.721048
0.725134
0.729224
0.733318
0.737413
0.741510
0.745606
0.749702
0.753795
0.757886
0.761972
0.766053
0.770127
0.774194
0.778251
0.782299
0.786336
0.790360
0.794370
0.798365
0.802345
0.806306
0.810249
0.814172
0.818074
0.821953
0.825808
0.829637
0.833441
0.837216
0.840962
0.844678
0.848362
0.852014
0.855631
0.859212
0.862757
0.866264
0.869731
0.873158
0.876544
0.879887
0.883186
0.886441
0.889649
0.892811
0.895925
0.898990
0.902005
0.904970
0.907883
0.910744
0.913552
0.916307
0.919007
0.921653
0.924243
0.926778
0.929257
0.931679
0.934044
0.936352
0.938604
0.940798
0.942934
0.945014
0.947036
0.949001
0.950910
0.952761
0.954557
0.956297
0.957981
0.959611
0.961186
0.962707
0.964175
0.965591
0.966956
0.968269
0.969533
0.970747
0.971913
0.973033
0.974106
0.975133
0.976117
0.977058
0.977956
0.978814
0.979632
0.980412
0.981154
0.981860
0.982530
0.983167
0.983771
0.984344
0.984886
0.985399
0.985883
0.986341
0.986772
0.987179
0.987562
0.987922
0.988261
0.988579
0.988877
0.989157
0.989418
0.989663
0.989891
0.990105
0.990304
0.990490
0.990662
0.990823
0.990972
0.991111
0.991239
0.991358
0.991468
0.991570
0.991664
0.991751
0.991831
0.991905
0.991973
0.992035
0.992092
0.992145
0.992193
0.992237
0.992278
0.992315
0.992349
0.992379
0.992407
0.992433
0.992456
0.992477
0.992497
0.992514
0.992530
0.992544
0.992557
0.992569
0.992579
0.992589
0.992598
0.992605
0.992612
0.992619
0.992624
0.992629
0.992634
0.992638
0.992642
0.992645
0.992648
0.992650
0.992653
0.992655
0.992656
0.992658
0.992660
0.992661
0.992662
0.992663
0.992664
0.992665
0.992665
0.992666
0.992667
0.992667
0.992667
0.992668
0.992668
0.992668
0.992669
0.992669
0.992669
0.992669
0.992669
0.992670
0.992670
0.992670
0.992670
0.992670
0.992670
0.992670
0.992670
0.992670
0.992670
0.992670
0.992670
0.992670
0.992670
0.992670
0.992670
0.992670
0.992670
0.992670
0.992670
0.992670
0.992670
0.992670
0.992670
0.992670
0.992670
0.992670
0.992670
0.992670
0.992670
0.992670
0.992670
0.992670
0.992670
0.992670
0.992670
0.992670
0.992670
0.992670
0.992671
0.992671
0.992671
0.992671
0.992671
0.992671
0.992671
0.992671
0.992671
0.992671
0.992671
0.992671
0.992671
0.992671
0.992671
0.992671
0.992671
0.992671
0.992671
0.992671
0.992671
0.992671
0.992671
0.992671
0.992671
0.992671
0.992671
0.992671
0.992671
0.992671
0.992671
0.992671
0.992671
0.992671
0.992671
0.992671
0.992671
0.992671
0.992671
0.992671
0.992671
0.992671
0.992671
0.992671
0.992671
0.992671
0.992671
0.992671
0.992671
0.992671
0.992671
0.992671
0.992671
0.992671
0.992671
0.992671
0.992671
0.992671
0.992671
0.992671
0.992671
0.992671
0.992671
0.992671
0.992671
0.992671
0.992671
0.992671
0.992671
0.992671
0.992671
0.992671
0.992671
0.992671
0.992671
0.992671
0.992671
0.992671
0.992671
0.992671
0.992671
0.992671
0.992671
0.992671
0.992671
0.992671
0.992671
0.992671
0.992671
0.992671
0.992671
0.992671
0.992671
0.992671
0.992671
0.992671
0.992671
0.992671
0.992671
0.992671
0.992671
0.992671
0.992671
0.992671
0.992671
0.992671
0.992671
0.992671
0.992671
0.992671
0.992671
0.992671
0.992671
0.992671
0.992671
0.992671
0.992671
0.992671
0.992671
0.992671
0.992671
0.992671
0.992671
0.992671
0.992671
0.992671
0.992671
0.992671
0.992671
0.992671
0.992671
0.992671
0.992671
0.992671
0.992671
0.992671
0.992671
0.992671
0.992671
0.992671
0.992671
0.992671
0.992671
0.992671
0.992671
0.992671
0.992671
0.992671
0.992671
0.992671
0.992671
0.992671
0.992671
0.992671
0.992671
0.992671
0.992671
0.992671
0.992671
0.992671
0.992671
0.992671
0.992671
0.992671
0.992671
0.992671
0.992671
0.992671
0.992671
0.992671
0.992671
0.992671
0.992671
0.992671
0.992671
0.992671
0.992671
0.992671
0.992671
0.992671
0.992671
0.992671
0.992671
0.992671
0.992671
0.992671
0.992671
0.992671
0.992671
0.992671
0.992671
0.992671
0.992671
0.992671
0.992671
0.992671
0.992671
0.992671
0.992671
0.992671
0.992671
0.992671
0.992671
0.992671
0.992671
