0.026968
0.057913
0.093526
0.139860
0.185453
0.213825
0.226498
0.233299
0.239989
0.247617
0.255629
0.263694
0.272065
0.281877
0.288339
0.290456
0.292408
0.294354
0.296295
0.298229
0.300157
0.302079
0.303995
0.305905
0.307809
0.309708
0.311600
0.313487
0.315368
0.317244
0.319114
0.320978
0.322837
0.324691
0.326540
0.328383
0.330221
0.332055
0.333883
0.335746
0.337411
0.339072
0.340729
0.342383
0.344033
0.345678
0.347320
0.348958
0.350592
0.352222
0.353848
0.355470
0.357089
0.358703
0.360314
0.361921
0.363525
0.365125
0.366721
0.368313
0.369902
0.371487
0.373068
0.374646
0.376220
0.377791
0.379358
0.380922
0.382482
0.384039
0.385593
0.387142
0.388689
0.390232
0.391772
0.393308
0.394841
0.396371
0.397897
0.399421
0.400941
0.402457
0.403971
0.405481
0.406988
0.408492
0.409993
0.411491
0.412986
0.414477
0.415966
0.417451
0.418934
0.420414
0.421890
0.423364
0.424835
0.426303
0.427768
0.429230
0.430690
0.432146
0.433600
0.435051
0.436500
0.437945
0.439388
0.440829
0.442266
0.443701
0.445134
0.446564
0.447991
0.449416
0.450838
0.452258
0.453676
0.455091
0.456503
0.457913
0.459321
0.460727
0.462130
0.463531
0.464929
0.466326
0.467720
0.469112
0.470502
0.471889
0.473275
0.474658
0.476039
0.477419
0.478796
0.480171
0.481545
0.482916
0.484285
0.485653
0.487018
0.488382
0.489744
0.491104
0.492462
0.493819
0.495174
0.496527
0.497878
0.499228
0.500576
0.501923
0.503267
0.504611
0.505953
0.507293
0.508632
0.509969
0.511305
0.512639
0.513972
0.515304
0.516634
0.517963
0.519291
0.520617
0.521943
0.523267
0.524589
0.525911
0.527231
0.528551
0.529869
0.531186
0.532502
0.533817
0.535131
0.536444
0.537756
0.539067
0.540377
0.541686
0.542994
0.544302
0.545609
0.546914
0.548220
0.549524
0.550827
0.552130
0.553432
0.554734
0.556035
0.557335
0.558635
0.559934
0.561232
0.562530
0.563827
0.565124
0.566421
0.567716
0.569012
0.570307
0.571602
0.572896
0.574190
0.575483
0.576777
0.578070
0.579362
0.580655
0.581947
0.583239
0.584531
0.585822
0.587114
0.588405
0.589696
0.590987
0.592278
0.593569
0.594859
0.596150
0.597441
0.598731
0.600022
0.601312
0.602603
0.603894
0.605185
0.606475
0.607766
0.609057
0.610349
0.611640
0.612931
0.614223
0.615514
0.616806
0.618098
0.619391
0.620683
0.621976
0.623269
0.624562
0.625856
0.627150
0.628444
0.629738
0.631033
0.632327
0.633623
0.634918
0.636214
0.637510
0.638807
0.640104
0.641401
0.642699
0.643997
0.645295
0.646594
0.647893
0.649193
0.650492
0.651793
0.653094
0.654395
0.655696
0.656998
0.658300
0.659603
0.660906
0.662210
0.663514
0.664818
0.666123
0.667428
0.668734
0.670040
0.671346
0.672653
0.673960
0.675268
0.676576
0.677884
0.679193
0.680502
0.681812
0.683121
0.684432
0.685742
0.687053
0.688364
0.689676
0.690988
0.692300
0.693613
0.694925
0.696238
0.697552
0.698865
0.700179
0.701493
0.702808
0.704122
0.705437
0.706752
0.708067
0.709382
0.710698
0.712013
0.713329
0.714645
0.715960
0.717276
0.718592
0.719908
0.721224
0.722540
0.723856
0.725172
0.726488
0.727804
0.729119
0.730435
0.731750
0.733065
0.734380
0.735695
0.737010
0.738324
0.739638
0.740952
0.742265
0.743578
0.744891
0.746203
0.747515
0.748826
0.750137
0.751447
0.752757
0.754066
0.755375
0.756683
0.757990
0.759297
0.760603
0.761908
0.763213
0.764516
0.765819
0.767121
0.768422
0.769722
0.771021
0.772320
0.773617
0.774913
0.776208
0.777502
0.778794
0.780086
0.781376
0.782665
0.783953
0.785240
0.786525
0.787808
0.789091
0.790371
0.791651
0.792928
0.794204
0.795479
0.796752
0.798023
0.799292
0.800560
0.801826
0.803090
0.804352
0.805612
0.806870
0.808127
0.809381
0.810633
0.811883
0.813131
0.814376
0.815620
0.816861
0.818100
0.819336
0.820571
0.821802
0.823032
0.824258
0.825482
0.826704
0.827923
0.829139
0.830353
0.831564
0.832772
0.833977
0.835179
0.836379
0.837575
0.838769
0.839960
0.841147
0.842331
0.843513
0.844691
0.845865
0.847037
0.848205
0.849370
0.850532
0.851690
0.852844
0.853995
0.855143
0.856287
0.857428
0.858564
0.859698
0.860827
0.861953
0.863074
0.864192
0.865307
0.866417
0.867523
0.868625
0.869724
0.870818
0.871908
0.872994
0.874076
0.875154
0.876227
0.877296
0.878361
0.879422
0.880478
0.881530
0.882577
0.883620
0.884659
0.885693
0.886722
0.887747
0.888768
0.889783
0.890794
0.891800
0.892802
0.893799
0.894791
0.895778
0.896760
0.897738
0.898710
0.899678
0.900641
0.901599
0.902551
0.903499
0.904442
0.905380
0.906312
0.907240
0.908162
0.909079
0.909991
0.910898
0.911800
0.912696
0.913588
0.914474
0.915354
0.916230
0.917100
0.917964
0.918824
0.919678
0.920526
0.921370
0.922207
0.923040
0.923867
0.924688
0.925504
0.926315
0.927120
0.927920
0.928714
0.929503
0.930286
0.931064
0.931836
0.932602
0.933363
0.934119
0.934869
0.935613
0.936352
0.937085
0.937813
0.938535
0.939252
0.939963
0.940668
0.941368
0.942063
0.942751
0.943435
0.944112
0.944784
0.945451
0.946112
0.946767
0.947417
0.948062
0.948700
0.949334
0.949961
0.950584
0.951200
0.951812
0.952417
0.953018
0.953613
0.954202
0.954786
0.955364
0.955937
0.956505
0.957067
0.957624
0.958176
0.958722
0.959263
0.959798
0.960329
0.960853
0.961373
0.961888
0.962397
0.962901
0.963399
0.963893
0.964381
0.964865
0.965343
0.965816
0.966284
0.966747
0.967204
0.967657
0.968105
0.968548
0.968986
0.969419
0.969847
0.970270
0.970688
0.971102
0.971511
0.971915
0.972314
0.972709
0.973098
0.973483
0.973864
0.974240
0.974611
0.974978
0.975340
0.975698
0.976051
0.976400
0.976744
0.977084
0.977420
0.977751
0.978078
0.978401
0.978720
0.979034
0.979344
0.979650
0.979952
0.980250
0.980544
0.980834
