0.349676
0.663997
0.714563
0.751049
0.779177
0.801787
0.820532
0.836450
0.850190
0.862203
0.872836
0.882350
0.890937
0.898754
0.905937
0.912606
0.918852
0.924760
0.930447
0.936059
0.941800
0.948101
0.955249
0.959521
0.960179
0.960221
0.960240
0.960257
0.960272
0.960286
0.960299
0.960310
0.960321
0.960330
0.960338
0.960345
0.960352
0.960358
0.960363
0.960367
0.960371
0.960375
0.960378
0.960381
0.960383
0.960386
0.960387
0.960389
0.960391
0.960392
0.960393
0.960394
0.960395
0.960395
0.960396
0.960397
0.960397
0.960397
0.960398
0.960398
0.960398
0.960399
0.960399
0.960399
0.960399
0.960399
0.960399
0.960399
0.960399
0.960400
0.960400
0.960400
0.960400
0.960400
0.960400
0.960400
0.960400
0.960400
0.960400
0.960400
0.960400
0.960400
0.960400
0.960400
0.960400
0.960400
0.960400
0.960400
0.960400
0.960400
0.960400
0.960400
0.960400
0.960400
0.960400
0.960400
0.960400
0.960400
0.960400
0.960400
0.960400
0.960400
0.960400
0.960400
0.960400
0.960400
0.960400
0.960400
0.960400
0.960400
0.960400
0.960400
0.960400
0.960400
0.960400
0.960400
0.960400
0.960400
0.960400
0.960400
0.960400
0.960400
0.960400
0.960400
0.960400
0.960400
0.960400
0.960400
0.960400
0.960400
0.960400
0.960400
0.960400
0.960400
0.960400
0.960400
0.960400
0.960400
0.960400
0.960400
0.960400
0.960400
0.960400
0.960400
0.960400
0.960400
0.960400
0.960400
0.960400
0.960400
0.960400
0.960400
0.960400
0.960400
0.960400
0.960400
0.960400
0.960400
0.960400
0.960400
0.960400
0.960400
0.960400
0.960400
0.960400
0.960400
0.960400
0.960400
0.960400
0.960400
0.960400
0.960400
0.960400
0.960400
0.960400
0.960400
0.960400
0.960400
0.960400
0.960400
0.960400
0.960400
0.960400
0.960400
0.960400
0.960400
0.960400
0.960400
0.960400
0.960400
0.960400
0.960400
0.960400
0.960400
0.960400
0.960400
0.960400
0.960400
0.960400
0.960400
0.960400
0.960400
0.960400
0.960400
0.960400
0.960400
0.960400
0.960400
0.960400
0.960400
0.960400
0.960400
0.960400
0.960400
0.960400
0.960400
0.960400
0.960400
0.960400
0.960400
0.960400
0.960400
0.960400
0.960400
0.960400
0.960400
0.960400
0.960400
0.960400
0.960400
0.960400
0.960400
0.960400
0.960400
0.960400
0.960400
0.960400
0.960400
0.960400
0.960400
0.960400
0.960400
0.960400
0.960400
0.960400
0.960400
0.960400
0.960400
0.960400
0.960400
0.960400
0.960400
0.960400
0.960400
0.960400
0.960400
0.960400
0.960400
0.960400
0.960400
0.960400
0.960400
0.960400
0.960400
0.960400
0.960400
0.960400
0.960400
0.960400
0.960400
0.960400
0.960400
0.960400
0.960400
0.960400
0.960400
0.960400
0.960400
0.960400
0.960400
0.960400
0.960400
0.960400
0.960400
0.960400
0.960400
0.960400
0.960400
0.960400
0.960400
0.960400
0.960400
0.960400
0.960400
0.960400
0.960400
0.960400
0.960400
0.960400
0.960400
0.960400
0.960400
0.960400
0.960400
0.960400
0.960400
0.960400
0.960400
0.960400
0.960400
0.960400
0.960400
0.960400
0.960400
0.960400
0.960400
0.960400
0.960400
0.960400
0.960400
0.960400
0.960400
0.960400
0.960400
0.960400
0.960400
0.960400
0.960400
0.960400
0.960400
0.960400
0.960400
0.960400
0.960400
0.960400
0.960400
0.960400
0.960400
0.960400
0.960400
0.960400
0.960400
0.960400
0.960400
0.960400
0.960400
0.960400
0.960400
0.960400
0.960400
0.960400
0.960400
0.960400
0.960400
0.960400
0.960400
0.960400
0.960400
0.960400
0.960400
0.960400
0.960400
0.960400
0.960400
0.960400
0.960400
0.960400
0.960400
0.960400
0.960400
0.960400
0.960400
0.960400
0.960400
0.960400
0.960400
0.960400
0.960400
0.960400
0.960400
0.960400
0.960400
0.960400
0.960400
0.960400
0.960400
0.960400
0.960400
0.960400
0.960400
0.960400
0.960400
0.960400
0.960400
0.960400
0.960400
0.960400
0.960400
0.960400
0.960400
0.960400
0.960400
0.960400
0.960400
0.960400
0.960400
0.960400
0.960400
0.960400
0.960400
0.960400
0.960400
0.960400
0.960400
0.960400
0.960400
0.960400
0.960400
0.960400
0.960400
0.960400
0.960400
0.960400
0.960400
0.960400
0.960400
0.960400
0.960400
0.960400
0.960400
0.960400
0.960400
0.960400
0.960400
0.960400
0.960400
0.960400
0.960400
0.960400
0.960400
0.960400
0.960400
0.960400
0.960400
0.960400
0.960400
0.960400
0.960400
0.960400
0.960400
0.960400
0.960400
0.960400
0.960400
0.960400
0.960400
0.960400
0.960400
0.960400
0.960400
0.960400
0.960400
0.960400
0.960400
0.960400
0.960400
0.960400
0.960400
0.960400
0.960400
0.960400
0.960400
0.960400
0.960400
0.960400
0.960400
0.960400
0.960400
0.960400
0.960400
0.960400
0.960400
0.960400
0.960400
0.960400
0.960400
0.960400
0.960400
0.960400
0.960400
0.960400
0.960400
0.960400
0.960400
0.960400
0.960400
0.960400
0.960400
0.960400
0.960400
0.960400
0.960400
0.960400
0.960400
0.960400
0.960400
0.960400
0.960400
0.960400
0.960400
0.960400
0.960400
0.960400
0.960400
0.960400
0.960400
0.960400
0.960400
0.960400
0.960400
0.960400
0.960400
0.960400
0.960400
0.960400
0.960400
0.960400
0.960400
0.960400
0.960400
0.960400
0.960400
0.960400
0.960400
0.960400
0.960400
0.960400
0.960400
0.960400
0.960400
0.960400
0.960400
0.960400
0.960400
0.960400
0.960400
0.960400
0.960400
0.960400
0.960400
0.960400
0.960400
0.960400
0.960400
0.960400
0.960400
0.960400
0.960400
0.960400
0.960400
0.960400
0.960400
0.960400
0.960400
0.960400
0.960400
0.960400
0.960400
0.960400
0.960400
0.960400
0.960400
0.960400
0.960400
0.960400
0.960400
0.960400
0.960400
0.960400
0.960400
0.960400
0.960400
0.960400
0.960400
0.960400
0.960400
0.960400
0.960400
0.960400
0.960400
0.960400
0.960400
0.960400
0.960400
0.960400
0.960400
0.960400
0.960400
0.960400
0.960400
