0.011665
0.024748
0.038184
0.052260
0.067330
0.084170
0.103466
0.116595
0.131202
0.148208
0.168397
0.193201
0.224522
0.261104
0.292615
0.304016
0.294896
0.283801
0.281482
0.283120
0.285108
0.287096
0.289082
0.291064
0.293042
0.295018
0.296990
0.298958
0.300924
0.302886
0.304846
0.306802
0.308756
0.310706
0.312655
0.314600
0.316543
0.318483
0.320421
0.322389
0.324147
0.325915
0.327683
0.329450
0.331216
0.332981
0.334745
0.336508
0.338270
0.340032
0.341793
0.343553
0.345312
0.347071
0.348830
0.350588
0.352346
0.354103
0.355861
0.357618
0.359375
0.361133
0.362890
0.364648
0.366406
0.368164
0.369923
0.371682
0.373442
0.375202
0.376963
0.378725
0.380487
0.382250
0.384014
0.385780
0.387546
0.389313
0.391081
0.392851
0.394622
0.396394
0.398168
0.399943
0.401720
0.403498
0.405278
0.407059
0.408843
0.410628
0.412415
0.414203
0.415994
0.417787
0.419581
0.421378
0.423177
0.424978
0.426782
0.428587
0.430395
0.432205
0.434018
0.435833
0.437650
0.439470
0.441293
0.443118
0.444945
0.446776
0.448609
0.450444
0.452282
0.454123
0.455967
0.457814
0.459663
0.461515
0.463370
0.465228
0.467088
0.468952
0.470818
0.472687
0.474560
0.476435
0.478313
0.480194
0.482078
0.483965
0.485854
0.487747
0.489643
0.491541
0.493443
0.495348
0.497255
0.499165
0.501078
0.502995
0.504914
0.506835
0.508760
0.510688
0.512618
0.514551
0.516487
0.518425
0.520367
0.522311
0.524257
0.526207
0.528159
0.530113
0.532070
0.534030
0.535992
0.537956
0.539923
0.541892
0.543864
0.545837
0.547814
0.549792
0.551772
0.553755
0.555739
0.557726
0.559714
0.561704
0.563697
0.565691
0.567686
0.569684
0.571683
0.573683
0.575685
0.577689
0.579694
0.581700
0.583708
0.585717
0.587726
0.589737
0.591749
0.593762
0.595776
0.597790
0.599806
0.601822
0.603838
0.605855
0.607873
0.609890
0.611908
0.613927
0.615945
0.617964
0.619982
0.622001
0.624019
0.626037
0.628055
0.630072
0.632089
0.634105
0.636121
0.638136
0.640150
0.642163
0.644176
0.646187
0.648197
0.650206
0.652214
0.654220
0.656225
0.658228
0.660230
0.662230
0.664228
0.666224
0.668218
0.670211
0.672201
0.674189
0.676175
0.678158
0.680139
0.682117
0.684093
0.686065
0.688036
0.690003
0.691967
0.693928
0.695887
0.697842
0.699793
0.701741
0.703686
0.705628
0.707565
0.709499
0.711429
0.713356
0.715278
0.717197
0.719111
0.721021
0.722927
0.724828
0.726726
0.728618
0.730506
0.732390
0.734269
0.736143
0.738012
0.739876
0.741735
0.743589
0.745438
0.747282
0.749121
0.750954
0.752781
0.754604
0.756420
0.758231
0.760037
0.761836
0.763630
0.765418
0.767200
0.768976
0.770745
0.772509
0.774267
0.776018
0.777763
0.779501
0.781233
0.782959
0.784678
0.786391
0.788097
0.789796
0.791488
0.793174
0.794852
0.796524
0.798189
0.799847
0.801498
0.803141
0.804778
0.806407
0.808030
0.809644
0.811252
0.812852
0.814445
0.816030
0.817608
0.819179
0.820742
0.822297
0.823845
0.825385
0.826917
0.828441
0.829958
0.831467
0.832969
0.834462
0.835948
0.837425
0.838895
0.840357
0.841811
0.843257
0.844695
0.846124
0.847546
0.848960
0.850366
0.851763
0.853153
0.854534
0.855907
0.857272
0.858629
0.859978
0.861318
0.862650
0.863974
0.865290
0.866597
0.867897
0.869188
0.870470
0.871745
0.873011
0.874269
0.875519
0.876760
0.877993
0.879218
0.880435
0.881643
0.882843
0.884035
0.885218
0.886393
0.887560
0.888719
0.889869
0.891012
0.892146
0.893271
0.894389
0.895498
0.896600
0.897693
0.898777
0.899854
0.900923
0.901983
0.903036
0.904080
0.905116
0.906144
0.907164
0.908176
0.909180
0.910176
0.911164
0.912144
0.913117
0.914081
0.915037
0.915986
0.916927
0.917860
0.918785
0.919702
0.920612
0.921514
0.922408
0.923294
0.924173
0.925045
0.925908
0.926765
0.927613
0.928454
0.929288
0.930114
0.930933
0.931745
0.932549
0.933346
0.934135
0.934918
0.935693
0.936461
0.937222
0.937975
0.938722
0.939462
0.940194
0.940920
0.941638
0.942350
0.943055
0.943753
0.944444
0.945129
0.945807
0.946478
0.947142
0.947800
0.948451
0.949096
0.949734
0.950366
0.950991
0.951610
0.952223
0.952829
0.953429
0.954023
0.954611
0.955192
0.955767
0.956337
0.956900
0.957457
0.958009
0.958554
0.959094
0.959627
0.960155
0.960678
0.961194
0.961705
0.962210
0.962710
0.963204
0.963692
0.964175
0.964653
0.965125
0.965592
0.966054
0.966510
0.966961
0.967407
0.967848
0.968284
0.968715
0.969140
0.969561
0.969977
0.970388
0.970794
0.971195
0.971591
0.971983
0.972370
0.972752
0.973130
0.973503
0.973872
0.974236
0.974595
0.974951
0.975301
0.975648
0.975990
0.976328
0.976662
0.976991
0.977317
0.977638
0.977955
0.978268
0.978578
0.978883
0.979184
0.979482
0.979775
0.980065
0.980351
0.980633
0.980912
0.981187
0.981458
0.981726
0.981990
0.982251
0.982508
0.982762
0.983012
0.983259
0.983503
0.983743
0.983980
0.984214
0.984445
0.984672
0.984897
0.985118
0.985336
0.985551
0.985764
0.985973
0.986179
0.986383
0.986583
0.986781
0.986976
0.987168
0.987357
0.987544
0.987728
0.987909
0.988088
0.988264
0.988438
0.988609
0.988777
0.988944
0.989107
0.989268
0.989427
0.989584
0.989738
0.989890
0.990040
0.990187
0.990332
0.990475
0.990616
0.990755
0.990891
0.991026
0.991158
0.991289
0.991417
0.991544
0.991668
0.991791
0.991911
0.992030
0.992147
0.992262
0.992376
0.992487
0.992597
0.992705
0.992811
0.992916
0.993019
0.993120
0.993220
0.993318
0.993414
0.993509
0.993603
0.993695
0.993785
0.993874
0.993961
0.994047
0.994132
0.994215
0.994297
0.994378
0.994457
0.994534
0.994611
0.994686
0.994760
0.994833
0.994904
0.994975
0.995044
0.995112
0.995179
0.995244
0.995309
0.995372
0.995434
0.995496
0.995556
0.995615
0.995673
0.995730
