0.014207
0.060001
0.134624
0.193389
0.227822
0.247296
0.260554
0.271903
0.274804
0.276966
0.279017
0.281032
0.283033
0.285026
0.287012
0.288992
0.290966
0.292933
0.294895
0.296850
0.298799
0.300742
0.302679
0.304610
0.306536
0.308455
0.310369
0.312277
0.314179
0.316076
0.317968
0.319853
0.321734
0.323608
0.325478
0.327342
0.329201
0.331055
0.332903
0.334806
0.336515
0.338203
0.339883
0.341559
0.343231
0.344898
0.346560
0.348219
0.349873
0.351523
0.353169
0.354810
0.356447
0.358081
0.359709
0.361334
0.362955
0.364571
0.366184
0.367792
0.369396
0.370996
0.372592
0.374184
0.375771
0.377355
0.378935
0.380510
0.382082
0.383650
0.385213
0.386773
0.388328
0.389880
0.391428
0.392971
0.394511
0.396047
0.397579
0.399107
0.400631
0.402151
0.403668
0.405180
0.406689
0.408194
0.409694
0.411191
0.412685
0.414174
0.415660
0.417142
0.418620
0.420094
0.421565
0.423031
0.424494
0.425954
0.427409
0.428861
0.430309
0.431754
0.433195
0.434632
0.436065
0.437495
0.438921
0.440343
0.441762
0.443177
0.444589
0.445997
0.447402
0.448802
0.450200
0.451593
0.452983
0.454370
0.455753
0.457133
0.458509
0.459881
0.461250
0.462616
0.463978
0.465336
0.466691
0.468043
0.469391
0.470736
0.472077
0.473415
0.474749
0.476080
0.477408
0.478732
0.480053
0.481371
0.482685
0.483996
0.485303
0.486607
0.487908
0.489206
0.490500
0.491791
0.493078
0.494363
0.495644
0.496921
0.498196
0.499467
0.500735
0.502000
0.503261
0.504520
0.505775
0.507027
0.508275
0.509521
0.510763
0.512003
0.513239
0.514471
0.515701
0.516928
0.518151
0.519372
0.520589
0.521803
0.523014
0.524222
0.525427
0.526629
0.527827
0.529023
0.530216
0.531405
0.532592
0.533775
0.534956
0.536133
0.537308
0.538480
0.539648
0.540814
0.541976
0.543136
0.544292
0.545446
0.546597
0.547745
0.548890
0.550032
0.551171
0.552307
0.553440
0.554571
0.555698
0.556823
0.557944
0.559063
0.560179
0.561293
0.562403
0.563510
0.564615
0.565717
0.566816
0.567912
0.569006
0.570097
0.571185
0.572270
0.573352
0.574432
0.575509
0.576583
0.577654
0.578723
0.579789
0.580852
0.581913
0.582970
0.584026
0.585078
0.586128
0.587175
0.588219
0.589261
0.590300
0.591336
0.592370
0.593401
0.594430
0.595456
0.596479
0.597500
0.598518
0.599533
0.600546
0.601557
0.602564
0.603570
0.604572
0.605572
0.606570
0.607565
0.608557
0.609547
0.610535
0.611520
0.612502
0.613482
0.614459
0.615434
0.616406
0.617376
0.618344
0.619309
0.620271
0.621231
0.622189
0.623144
0.624097
0.625047
0.625995
0.626941
0.627884
0.628825
0.629763
0.630699
0.631632
0.632563
0.633492
0.634419
0.635343
0.636264
0.637184
0.638101
0.639015
0.639928
0.640838
0.641745
0.642651
0.643554
0.644455
0.645353
0.646249
0.647143
0.648035
0.648924
0.649811
0.650696
0.651579
0.652459
0.653337
0.654213
0.655087
0.655958
0.656827
0.657694
0.658559
0.659421
0.660282
0.661140
0.661996
0.662850
0.663701
0.664551
0.665398
0.666243
0.667086
0.667927
0.668766
0.669602
0.670437
0.671269
0.672099
0.672927
0.673753
0.674577
0.675399
0.676219
0.677036
0.677852
0.678665
0.679477
0.680286
0.681093
0.681898
0.682702
0.683503
0.684302
0.685099
0.685894
0.686687
0.687478
0.688267
0.689053
0.689838
0.690621
0.691402
0.692181
0.692958
0.693733
0.694506
0.695277
0.696046
0.696813
0.697578
0.698342
0.699103
0.699862
0.700620
0.701375
0.702129
0.702880
0.703630
0.704378
0.705124
0.705868
0.706610
0.707350
0.708089
0.708825
0.709560
0.710292
0.711023
0.711752
0.712479
0.713205
0.713928
0.714650
0.715370
0.716087
0.716804
0.717518
0.718230
0.718941
0.719650
0.720357
0.721062
0.721766
0.722467
0.723167
0.723865
0.724562
0.725256
0.725949
0.726640
0.727329
0.728017
0.728703
0.729387
0.730069
0.730749
0.731428
0.732105
0.732781
0.733454
0.734126
0.734797
0.735465
0.736132
0.736797
0.737461
0.738122
0.738782
0.739441
0.740098
0.740753
0.741406
0.742058
0.742708
0.743356
0.744003
0.744648
0.745292
0.745933
0.746574
0.747212
0.747849
0.748485
0.749118
0.749750
0.750381
0.751010
0.751637
0.752263
0.752887
0.753510
0.754131
0.754750
0.755368
0.755984
0.756599
0.757212
0.757824
0.758434
0.759042
0.759649
0.760254
0.760858
0.761460
0.762061
0.762661
0.763258
0.763854
0.764449
0.765042
0.765634
0.766224
0.766813
0.767400
0.767986
0.768570
0.769153
0.769734
0.770314
0.770892
0.771469
0.772044
0.772618
0.773191
0.773762
0.774331
0.774900
0.775466
0.776032
0.776595
0.777158
0.777719
0.778278
0.778836
0.779393
0.779948
0.780502
0.781055
0.781606
0.782156
0.782704
0.783251
0.783796
0.784341
0.784883
0.785425
0.785965
0.786503
0.787041
0.787577
0.788111
0.788644
0.789176
0.789707
0.790236
0.790764
0.791290
0.791816
0.792340
0.792862
0.793383
0.793903
0.794422
0.794939
0.795455
0.795970
0.796483
0.796995
0.797506
0.798015
0.798524
0.799031
0.799536
0.800041
0.800544
0.801045
0.801546
0.802045
0.802543
0.803040
0.803536
0.804030
0.804523
0.805015
0.805505
0.805995
0.806483
0.806970
0.807455
0.807940
0.808423
0.808905
0.809386
0.809865
0.810343
0.810821
0.811297
0.811771
0.812245
0.812717
0.813188
0.813658
0.814127
0.814595
0.815061
0.815527
0.815991
0.816454
0.816916
0.817376
0.817836
0.818294
0.818751
0.819207
0.819662
0.820116
0.820569
0.821020
0.821470
0.821920
0.822368
0.822815
0.823261
0.823705
0.824149
0.824592
0.825033
0.825473
0.825913
0.826351
0.826788
0.827224
0.827659
0.828092
0.828525
0.828957
0.829387
0.829817
0.830245
0.830673
0.831099
0.831524
0.831948
0.832371
0.832793
0.833215
0.833634
0.834053
0.834471
0.834888
0.835304
0.835719
0.836133
0.836545
0.836957
0.837368
0.837778
0.838186
0.838594
