0.015362
0.032681
0.050561
0.069302
0.089344
0.111252
0.135783
0.164074
0.198594
0.241455
0.279214
0.301893
0.299893
0.286747
0.280726
0.281584
0.283556
0.285548
0.287537
0.289522
0.291502
0.293479
0.295452
0.297422
0.299387
0.301349
0.303308
0.305263
0.307215
0.309163
0.311109
0.313052
0.314991
0.316928
0.318863
0.320794
0.322724
0.324650
0.326575
0.328528
0.330274
0.332029
0.333785
0.335540
0.337294
0.339047
0.340799
0.342550
0.344301
0.346051
0.347800
0.349548
0.351296
0.353044
0.354791
0.356538
0.358284
0.360031
0.361777
0.363523
0.365270
0.367016
0.368763
0.370510
0.372257
0.374004
0.375752
0.377501
0.379250
0.381000
0.382750
0.384502
0.386254
0.388007
0.389761
0.391516
0.393272
0.395029
0.396787
0.398547
0.400308
0.402070
0.403834
0.405600
0.407367
0.409135
0.410905
0.412677
0.414451
0.416227
0.418004
0.419784
0.421565
0.423349
0.425134
0.426922
0.428712
0.430504
0.432298
0.434095
0.435894
0.437695
0.439499
0.441306
0.443115
0.444926
0.446740
0.448557
0.450376
0.452198
0.454023
0.455850
0.457681
0.459514
0.461349
0.463188
0.465030
0.466874
0.468722
0.470572
0.472425
0.474282
0.476141
0.478003
0.479869
0.481737
0.483608
0.485483
0.487360
0.489241
0.491124
0.493011
0.494900
0.496793
0.498689
0.500588
0.502490
0.504394
0.506302
0.508213
0.510127
0.512044
0.513964
0.515887
0.517813
0.519742
0.521674
0.523608
0.525546
0.527486
0.529429
0.531375
0.533324
0.535276
0.537230
0.539187
0.541146
0.543108
0.545073
0.547040
0.549010
0.550983
0.552957
0.554934
0.556914
0.558895
0.560879
0.562866
0.564854
0.566844
0.568837
0.570831
0.572827
0.574826
0.576826
0.578828
0.580831
0.582837
0.584844
0.586852
0.588862
0.590873
0.592886
0.594900
0.596915
0.598931
0.600949
0.602967
0.604987
0.607007
0.609028
0.611050
0.613072
0.615095
0.617119
0.619143
0.621167
0.623192
0.625217
0.627242
0.629267
0.631292
0.633317
0.635341
0.637366
0.639390
0.641414
0.643437
0.645460
0.647481
0.649503
0.651523
0.653542
0.655561
0.657578
0.659594
0.661609
0.663622
0.665635
0.667645
0.669654
0.671661
0.673667
0.675670
0.677672
0.679671
0.681669
0.683664
0.685657
0.687647
0.689635
0.691621
0.693603
0.695583
0.697561
0.699535
0.701506
0.703474
0.705439
0.707401
0.709360
0.711315
0.713266
0.715214
0.717158
0.719098
0.721035
0.722967
0.724896
0.726820
0.728740
0.730656
0.732568
0.734475
0.736378
0.738276
0.740169
0.742058
0.743941
0.745820
0.747694
0.749562
0.751426
0.753284
0.755137
0.756985
0.758827
0.760664
0.762495
0.764320
0.766140
0.767954
0.769762
0.771563
0.773359
0.775149
0.776933
0.778710
0.780481
0.782246
0.784004
0.785756
0.787502
0.789240
0.790972
0.792698
0.794416
0.796128
0.797832
0.799530
0.801221
0.802904
0.804581
0.806250
0.807912
0.809567
0.811215
0.812855
0.814487
0.816112
0.817730
0.819340
0.820942
0.822537
0.824124
0.825703
0.827275
0.828839
0.830394
0.831942
0.833482
0.835014
0.836538
0.838054
0.839562
0.841061
0.842553
0.844036
0.845511
0.846978
0.848437
0.849887
0.851329
0.852763
0.854188
0.855605
0.857014
0.858414
0.859806
0.861189
0.862564
0.863930
0.865288
0.866637
0.867978
0.869310
0.870633
0.871948
0.873254
0.874552
0.875841
0.877122
0.878394
0.879657
0.880912
0.882158
0.883395
0.884624
0.885844
0.887056
0.888259
0.889453
0.890639
0.891816
0.892984
0.894144
0.895295
0.896437
0.897571
0.898697
0.899813
0.900921
0.902021
0.903112
0.904195
0.905269
0.906334
0.907391
0.908440
0.909480
0.910511
0.911534
0.912549
0.913556
0.914554
0.915543
0.916524
0.917497
0.918462
0.919419
0.920367
0.921307
0.922238
0.923162
0.924077
0.924985
0.925884
0.926775
0.927658
0.928533
0.929401
0.930260
0.931111
0.931955
0.932790
0.933618
0.934438
0.935250
0.936054
0.936851
0.937640
0.938422
0.939196
0.939962
0.940721
0.941472
0.942216
0.942952
0.943681
0.944403
0.945118
0.945825
0.946525
0.947218
0.947903
0.948582
0.949254
0.949918
0.950576
0.951226
0.951870
0.952507
0.953137
0.953760
0.954377
0.954986
0.955590
0.956186
0.956776
0.957360
0.957937
0.958507
0.959071
0.959629
0.960181
0.960726
0.961265
0.961798
0.962325
0.962846
0.963360
0.963869
0.964372
0.964869
0.965359
0.965845
0.966324
0.966798
0.967266
0.967728
0.968185
0.968636
0.969082
0.969522
0.969957
0.970386
0.970810
0.971229
0.971643
0.972051
0.972455
0.972853
0.973246
0.973634
0.974018
0.974396
0.974769
0.975138
0.975502
0.975861
0.976215
0.976565
0.976910
0.977251
0.977587
0.977918
0.978245
0.978568
0.978886
0.979200
0.979510
0.979816
0.980117
0.980414
0.980707
0.980996
0.981281
0.981563
0.981840
0.982113
0.982382
0.982648
0.982910
0.983168
0.983422
0.983673
0.983920
0.984164
0.984404
0.984641
0.984874
0.985104
0.985330
0.985553
0.985773
0.985989
0.986202
0.986412
0.986619
0.986823
0.987024
0.987222
0.987416
0.987608
0.987797
0.987983
0.988166
0.988346
0.988523
0.988698
0.988870
0.989039
0.989206
0.989370
0.989531
0.989690
0.989846
0.990000
0.990151
0.990300
0.990447
0.990591
0.990732
0.990872
0.991009
0.991144
0.991277
0.991407
0.991536
0.991662
0.991786
0.991908
0.992029
0.992147
0.992263
0.992377
0.992489
0.992599
0.992708
0.992814
0.992919
0.993022
0.993123
0.993222
0.993320
0.993416
0.993510
0.993603
0.993694
0.993784
0.993871
0.993958
0.994043
0.994126
0.994208
0.994288
0.994367
0.994444
0.994520
0.994595
0.994668
0.994740
0.994811
0.994880
0.994948
0.995015
0.995081
0.995145
0.995208
0.995270
0.995331
0.995391
0.995450
0.995507
0.995564
0.995619
0.995673
0.995726
0.995779
0.995830
0.995880
0.995929
0.995978
0.996025
0.996072
0.996117
0.996162
0.996206
0.996249
0.996291
