0.052652
0.114810
0.154664
0.165154
0.170771
0.180871
0.193174
0.204849
0.215620
0.225648
0.235062
0.243944
0.252398
0.260557
0.268576
0.276659
0.285333
0.294878
0.299326
0.301318
0.303237
0.305150
0.307058
0.308962
0.310860
0.312752
0.314640
0.316523
0.318401
0.320274
0.322143
0.324007
0.325866
0.327721
0.329571
0.331418
0.333260
0.335098
0.336932
0.338792
0.340451
0.342117
0.343782
0.345444
0.347103
0.348760
0.350414
0.352065
0.353714
0.355360
0.357004
0.358646
0.360285
0.361922
0.363557
0.365190
0.366820
0.368449
0.370075
0.371699
0.373322
0.374943
0.376561
0.378179
0.379794
0.381408
0.383020
0.384631
0.386240
0.387847
0.389454
0.391059
0.392662
0.394265
0.395866
0.397466
0.399065
0.400663
0.402260
0.403856
0.405452
0.407046
0.408640
0.410233
0.411826
0.413417
0.415009
0.416600
0.418190
0.419780
0.421370
0.422960
0.424549
0.426139
0.427728
0.429317
0.430907
0.432496
0.434086
0.435676
0.437266
0.438856
0.440447
0.442039
0.443631
0.445223
0.446816
0.448410
0.450005
0.451600
0.453196
0.454793
0.456392
0.457991
0.459591
0.461193
0.462795
0.464399
0.466005
0.467611
0.469219
0.470829
0.472440
0.474053
0.475668
0.477284
0.478902
0.480522
0.482143
0.483767
0.485393
0.487020
0.488650
0.490282
0.491916
0.493553
0.495192
0.496833
0.498476
0.500123
0.501771
0.503422
0.505076
0.506732
0.508392
0.510054
0.511718
0.513386
0.515056
0.516730
0.518406
0.520086
0.521768
0.523454
0.525142
0.526834
0.528530
0.530228
0.531930
0.533635
0.535344
0.537055
0.538771
0.540490
0.542212
0.543938
0.545668
0.547401
0.549137
0.550878
0.552622
0.554370
0.556121
0.557877
0.559636
0.561399
0.563165
0.564936
0.566710
0.568489
0.570271
0.572057
0.573847
0.575641
0.577439
0.579240
0.581046
0.582856
0.584669
0.586487
0.588309
0.590134
0.591964
0.593797
0.595635
0.597476
0.599321
0.601170
0.603024
0.604881
0.606742
0.608607
0.610475
0.612348
0.614224
0.616105
0.617989
0.619876
0.621768
0.623663
0.625562
0.627464
0.629371
0.631280
0.633194
0.635110
0.637031
0.638954
0.640882
0.642812
0.644746
0.646683
0.648623
0.650566
0.652513
0.654462
0.656415
0.658370
0.660329
0.662290
0.664254
0.666221
0.668190
0.670162
0.672136
0.674113
0.676092
0.678073
0.680057
0.682042
0.684030
0.686020
0.688011
0.690004
0.691999
0.693996
0.695994
0.697994
0.699995
0.701997
0.704001
0.706005
0.708011
0.710017
0.712024
0.714032
0.716040
0.718049
0.720058
0.722068
0.724077
0.726087
0.728096
0.730106
0.732115
0.734123
0.736131
0.738139
0.740145
0.742151
0.744156
0.746159
0.748161
0.750162
0.752162
0.754159
0.756155
0.758149
0.760142
0.762131
0.764119
0.766104
0.768087
0.770067
0.772044
0.774019
0.775990
0.777958
0.779922
0.781884
0.783841
0.785795
0.787745
0.789691
0.791632
0.793570
0.795503
0.797431
0.799355
0.801273
0.803187
0.805096
0.806999
0.808897
0.810790
0.812677
0.814557
0.816432
0.818301
0.820164
0.822020
0.823870
0.825713
0.827550
0.829379
0.831202
0.833017
0.834825
0.836626
0.838419
0.840204
0.841981
0.843751
0.845512
0.847266
0.849011
0.850747
0.852475
0.854194
0.855905
0.857606
0.859299
0.860982
0.862656
0.864321
0.865976
0.867622
0.869258
0.870884
0.872500
0.874106
0.875702
0.877288
0.878863
0.880428
0.881983
0.883527
0.885060
0.886583
0.888094
0.889595
0.891084
0.892563
0.894030
0.895486
0.896931
0.898364
0.899786
0.901197
0.902595
0.903982
0.905358
0.906721
0.908073
0.909412
0.910740
0.912056
0.913360
0.914652
0.915931
0.917199
0.918454
0.919697
0.920928
0.922146
0.923352
0.924546
0.925727
0.926896
0.928053
0.929197
0.930329
0.931449
0.932556
0.933650
0.934733
0.935802
0.936860
0.937905
0.938937
0.939957
0.940965
0.941960
0.942943
0.943914
0.944872
0.945819
0.946752
0.947674
0.948584
0.949481
0.950366
0.951240
0.952101
0.952950
0.953787
0.954613
0.955426
0.956228
0.957018
0.957797
0.958563
0.959319
0.960062
0.960795
0.961516
0.962226
0.962924
0.963612
0.964288
0.964954
0.965608
0.966252
0.966885
0.967507
0.968119
0.968720
0.969311
0.969891
0.970461
0.971022
0.971572
0.972112
0.972642
0.973162
0.973673
0.974174
0.974666
0.975149
0.975622
0.976086
0.976540
0.976986
0.977423
0.977851
0.978271
0.978682
0.979085
0.979479
0.979865
0.980242
0.980612
0.980974
0.981328
0.981674
0.982013
0.982344
0.982668
0.982985
0.983294
0.983596
0.983892
0.984180
0.984462
0.984737
0.985005
0.985267
0.985523
0.985773
0.986016
0.986254
0.986485
0.986711
0.986931
0.987145
0.987354
0.987558
0.987756
0.987949
0.988137
0.988320
0.988498
0.988671
0.988840
0.989003
0.989163
0.989318
0.989468
0.989615
0.989757
0.989895
0.990029
0.990159
0.990286
0.990409
0.990528
0.990643
0.990755
0.990864
0.990969
0.991071
0.991170
0.991266
0.991359
0.991449
0.991536
0.991621
0.991702
0.991781
0.991858
0.991932
0.992003
0.992072
0.992139
0.992203
0.992266
0.992326
0.992384
0.992440
0.992494
0.992547
0.992597
0.992646
0.992693
0.992738
0.992781
0.992823
0.992864
0.992903
0.992940
0.992976
0.993011
0.993045
0.993077
0.993108
0.993137
0.993166
0.993194
0.993220
0.993245
0.993270
0.993293
0.993315
0.993337
0.993358
0.993377
0.993396
0.993415
0.993432
0.993449
0.993465
0.993480
0.993495
0.993509
0.993522
0.993535
0.993548
0.993559
0.993571
0.993581
0.993592
0.993601
0.993611
0.993620
0.993628
0.993636
0.993644
0.993652
0.993659
0.993665
0.993672
0.993678
0.993684
0.993689
0.993694
0.993700
0.993704
0.993709
0.993713
0.993717
0.993721
0.993725
0.993728
0.993732
0.993735
0.993738
0.993741
0.993743
0.993746
0.993748
0.993751
0.993753
0.993755
0.993757
0.993759
0.993760
0.993762
0.993764
0.993765
0.993767
