0.015374
0.032707
0.050599
0.069352
0.089404
0.111321
0.135901
0.164552
0.200134
0.243483
0.278077
0.295418
0.292678
0.283587
0.280264
0.281532
0.283503
0.285485
0.287462
0.289434
0.291401
0.293364
0.295322
0.297276
0.299225
0.301169
0.303110
0.305046
0.306978
0.308907
0.310831
0.312751
0.314668
0.316581
0.318490
0.320396
0.322299
0.324198
0.326094
0.328020
0.329740
0.331466
0.333191
0.334915
0.336636
0.338355
0.340072
0.341788
0.343501
0.345212
0.346922
0.348630
0.350336
0.352041
0.353744
0.355445
0.357145
0.358844
0.360541
0.362237
0.363932
0.365625
0.367318
0.369009
0.370699
0.372388
0.374076
0.375764
0.377450
0.379136
0.380821
0.382505
0.384189
0.385872
0.387555
0.389237
0.390919
0.392600
0.394281
0.395962
0.397643
0.399323
0.401004
0.402684
0.404365
0.406045
0.407726
0.409406
0.411087
0.412768
0.414450
0.416132
0.417814
0.419496
0.421180
0.422863
0.424547
0.426232
0.427918
0.429604
0.431291
0.432979
0.434667
0.436357
0.438047
0.439739
0.441431
0.443124
0.444819
0.446514
0.448211
0.449909
0.451608
0.453308
0.455010
0.456713
0.458417
0.460123
0.461830
0.463538
0.465248
0.466960
0.468673
0.470387
0.472103
0.473821
0.475540
0.477261
0.478984
0.480708
0.482434
0.484162
0.485892
0.487623
0.489356
0.491091
0.492827
0.494566
0.496306
0.498048
0.499792
0.501538
0.503286
0.505036
0.506787
0.508541
0.510296
0.512053
0.513812
0.515573
0.517336
0.519101
0.520868
0.522637
0.524407
0.526180
0.527954
0.529731
0.531509
0.533289
0.535071
0.536854
0.538640
0.540427
0.542217
0.544008
0.545801
0.547595
0.549392
0.551190
0.552990
0.554791
0.556594
0.558399
0.560206
0.562014
0.563824
0.565635
0.567448
0.569262
0.571078
0.572895
0.574714
0.576534
0.578356
0.580178
0.582002
0.583828
0.585654
0.587482
0.589311
0.591141
0.592972
0.594804
0.596637
0.598471
0.600306
0.602142
0.603979
0.605816
0.607654
0.609493
0.611333
0.613173
0.615013
0.616855
0.618696
0.620538
0.622381
0.624223
0.626066
0.627909
0.629753
0.631596
0.633440
0.635283
0.637126
0.638970
0.640813
0.642656
0.644498
0.646340
0.648182
0.650023
0.651864
0.653705
0.655544
0.657383
0.659221
0.661059
0.662895
0.664731
0.666565
0.668398
0.670231
0.672062
0.673892
0.675720
0.677548
0.679373
0.681198
0.683020
0.684841
0.686661
0.688478
0.690294
0.692108
0.693920
0.695730
0.697538
0.699343
0.701147
0.702948
0.704747
0.706543
0.708337
0.710129
0.711917
0.713704
0.715487
0.717268
0.719045
0.720820
0.722592
0.724361
0.726126
0.727889
0.729648
0.731404
0.733157
0.734906
0.736651
0.738393
0.740132
0.741866
0.743597
0.745324
0.747048
0.748767
0.750482
0.752193
0.753901
0.755603
0.757302
0.758997
0.760687
0.762372
0.764053
0.765730
0.767402
0.769069
0.770732
0.772389
0.774042
0.775690
0.777334
0.778972
0.780605
0.782233
0.783856
0.785473
0.787086
0.788693
0.790295
0.791891
0.793482
0.795067
0.796647
0.798221
0.799790
0.801352
0.802909
0.804461
0.806006
0.807546
0.809079
0.810607
0.812128
0.813644
0.815153
0.816656
0.818154
0.819644
0.821129
0.822607
0.824079
0.825545
0.827004
0.828457
0.829903
0.831342
0.832775
0.834202
0.835622
0.837035
0.838442
0.839841
0.841235
0.842621
0.844000
0.845373
0.846739
0.848098
0.849450
0.850795
0.852133
0.853464
0.854788
0.856105
0.857415
0.858718
0.860014
0.861303
0.862584
0.863859
0.865126
0.866386
0.867639
0.868885
0.870123
0.871354
0.872578
0.873795
0.875004
0.876207
0.877401
0.878589
0.879769
0.880942
0.882108
0.883266
0.884417
0.885560
0.886696
0.887825
0.888946
0.890061
0.891167
0.892267
0.893358
0.894443
0.895520
0.896590
0.897653
0.898708
0.899755
0.900796
0.901829
0.902854
0.903873
0.904884
0.905887
0.906884
0.907873
0.908855
0.909829
0.910796
0.911756
0.912709
0.913654
0.914592
0.915523
0.916447
0.917363
0.918272
0.919175
0.920069
0.920957
0.921838
0.922712
0.923578
0.924437
0.925290
0.926135
0.926973
0.927805
0.928629
0.929446
0.930257
0.931060
0.931857
0.932647
0.933430
0.934206
0.934975
0.935738
0.936493
0.937242
0.937985
0.938720
0.939449
0.940172
0.940888
0.941597
0.942300
0.942996
0.943685
0.944369
0.945045
0.945716
0.946380
0.947038
0.947689
0.948334
0.948973
0.949606
0.950232
0.950852
0.951467
0.952075
0.952677
0.953273
0.953863
0.954447
0.955025
0.955597
0.956164
0.956724
0.957279
0.957828
0.958371
0.958909
0.959441
0.959967
0.960488
0.961003
0.961513
0.962017
0.962516
0.963009
0.963497
0.963979
0.964457
0.964929
0.965396
0.965857
0.966314
0.966765
0.967211
0.967652
0.968088
0.968520
0.968946
0.969367
0.969784
0.970195
0.970602
0.971004
0.971402
0.971794
0.972182
0.972566
0.972945
0.973319
0.973689
0.974054
0.974415
0.974771
0.975124
0.975471
0.975815
0.976154
0.976489
0.976820
0.977147
0.977470
0.977788
0.978103
0.978413
0.978720
0.979023
0.979322
0.979617
0.979908
0.980195
0.980479
0.980759
0.981035
0.981308
0.981577
0.981842
0.982104
0.982362
0.982617
0.982869
0.983117
0.983362
0.983603
0.983841
0.984076
0.984308
0.984536
0.984761
0.984983
0.985202
0.985418
0.985631
0.985841
0.986048
0.986252
0.986453
0.986652
0.986847
0.987040
0.987229
0.987416
0.987601
0.987782
0.987961
0.988138
0.988312
0.988483
0.988652
0.988818
0.988981
0.989143
0.989301
0.989458
0.989612
0.989764
0.989913
0.990060
0.990205
0.990348
0.990488
0.990626
0.990763
0.990897
0.991028
0.991158
0.991286
0.991412
0.991536
0.991658
0.991777
0.991895
0.992012
0.992126
0.992238
0.992349
0.992458
0.992565
0.992670
0.992773
0.992875
0.992975
0.993074
0.993171
0.993266
0.993360
0.993452
0.993542
0.993631
0.993719
0.993805
0.993890
0.993973
0.994055
0.994135
0.994214
