0.019737
0.042069
0.065366
0.090455
0.119861
0.157661
0.200651
0.235933
0.255386
0.263341
0.268701
0.276927
0.280539
0.282509
0.284485
0.286456
0.288420
0.290379
0.292332
0.294278
0.296219
0.298153
0.300082
0.302005
0.303922
0.305834
0.307739
0.309640
0.311534
0.313424
0.315308
0.317187
0.319060
0.320929
0.322792
0.324651
0.326504
0.328353
0.330196
0.332075
0.333754
0.335429
0.337101
0.338770
0.340435
0.342096
0.343753
0.345406
0.347055
0.348701
0.350343
0.351982
0.353616
0.355247
0.356875
0.358499
0.360119
0.361736
0.363349
0.364959
0.366565
0.368168
0.369767
0.371363
0.372956
0.374545
0.376131
0.377714
0.379293
0.380869
0.382442
0.384012
0.385578
0.387142
0.388702
0.390259
0.391813
0.393363
0.394911
0.396456
0.397998
0.399536
0.401072
0.402605
0.404135
0.405662
0.407186
0.408708
0.410226
0.411742
0.413255
0.414765
0.416273
0.417778
0.419280
0.420780
0.422277
0.423771
0.425263
0.426752
0.428239
0.429723
0.431205
0.432685
0.434162
0.435636
0.437109
0.438579
0.440046
0.441512
0.442975
0.444436
0.445894
0.447351
0.448805
0.450257
0.451707
0.453155
0.454601
0.456045
0.457487
0.458927
0.460365
0.461801
0.463235
0.464668
0.466098
0.467527
0.468953
0.470378
0.471802
0.473223
0.474643
0.476061
0.477478
0.478893
0.480306
0.481718
0.483128
0.484537
0.485944
0.487349
0.488754
0.490156
0.491558
0.492958
0.494356
0.495754
0.497150
0.498544
0.499938
0.501330
0.502721
0.504111
0.505500
0.506887
0.508274
0.509659
0.511043
0.512426
0.513808
0.515189
0.516570
0.517949
0.519327
0.520704
0.522081
0.523456
0.524831
0.526205
0.527578
0.528950
0.530322
0.531692
0.533062
0.534432
0.535800
0.537168
0.538535
0.539902
0.541268
0.542634
0.543998
0.545363
0.546726
0.548090
0.549452
0.550815
0.552176
0.553538
0.554899
0.556259
0.557619
0.558979
0.560338
0.561697
0.563056
0.564414
0.565772
0.567130
0.568487
0.569844
0.571201
0.572558
0.573914
0.575271
0.576627
0.577983
0.579338
0.580694
0.582049
0.583404
0.584760
0.586115
0.587469
0.588824
0.590179
0.591534
0.592888
0.594243
0.595597
0.596952
0.598306
0.599660
0.601015
0.602369
0.603724
0.605078
0.606432
0.607787
0.609141
0.610496
0.611850
0.613205
0.614559
0.615914
0.617268
0.618623
0.619978
0.621333
0.622688
0.624043
0.625398
0.626753
0.628108
0.629463
0.630818
0.632174
0.633529
0.634885
0.636240
0.637596
0.638951
0.640307
0.641663
0.643019
0.644375
0.645731
0.647086
0.648442
0.649799
0.651155
0.652511
0.653867
0.655223
0.656579
0.657935
0.659291
0.660647
0.662003
0.663359
0.664715
0.666071
0.667427
0.668783
0.670138
0.671494
0.672849
0.674205
0.675560
0.676915
0.678270
0.679625
0.680979
0.682333
0.683688
0.685042
0.686395
0.687749
0.689102
0.690455
0.691808
0.693160
0.694512
0.695864
0.697215
0.698566
0.699916
0.701266
0.702616
0.703965
0.705314
0.706662
0.708010
0.709357
0.710704
0.712050
0.713396
0.714740
0.716085
0.717428
0.718771
0.720114
0.721455
0.722796
0.724136
0.725475
0.726814
0.728151
0.729488
0.730824
0.732159
0.733493
0.734826
0.736158
0.737489
0.738819
0.740148
0.741476
0.742803
0.744128
0.745453
0.746776
0.748098
0.749419
0.750738
0.752057
0.753374
0.754689
0.756003
0.757316
0.758627
0.759937
0.761245
0.762552
0.763857
0.765161
0.766463
0.767763
0.769062
0.770359
0.771654
0.772948
0.774239
0.775529
0.776817
0.778103
0.779387
0.780670
0.781950
0.783228
0.784504
0.785778
0.787050
0.788320
0.789588
0.790853
0.792116
0.793377
0.794636
0.795892
0.797146
0.798398
0.799647
0.800893
0.802138
0.803379
0.804618
0.805855
0.807089
0.808320
0.809549
0.810775
0.811998
0.813218
0.814436
0.815650
0.816862
0.818071
0.819277
0.820480
0.821680
0.822878
0.824072
0.825262
0.826450
0.827635
0.828816
0.829995
0.831170
0.832342
0.833510
0.834675
0.835837
0.836995
0.838150
0.839302
0.840450
0.841595
0.842736
0.843873
0.845007
0.846138
0.847264
0.848387
0.849506
0.850622
0.851734
0.852842
0.853946
0.855047
0.856143
0.857236
0.858325
0.859409
0.860490
0.861567
0.862640
0.863709
0.864773
0.865834
0.866891
0.867943
0.868991
0.870035
0.871075
0.872111
0.873142
0.874170
0.875192
0.876211
0.877225
0.878235
0.879240
0.880242
0.881238
0.882230
0.883218
0.884202
0.885180
0.886155
0.887125
0.888090
0.889050
0.890007
0.890958
0.891905
0.892847
0.893785
0.894718
0.895646
0.896570
0.897489
0.898403
0.899312
0.900217
0.901117
0.902012
0.902903
0.903789
0.904669
0.905545
0.906417
0.907283
0.908145
0.909001
0.909853
0.910700
0.911542
0.912379
0.913212
0.914039
0.914862
0.915679
0.916492
0.917300
0.918103
0.918900
0.919693
0.920481
0.921264
0.922043
0.922816
0.923584
0.924347
0.925105
0.925859
0.926607
0.927350
0.928089
0.928822
0.929551
0.930274
0.930993
0.931707
0.932415
0.933119
0.933818
0.934511
0.935200
0.935884
0.936563
0.937237
0.937906
0.938570
0.939230
0.939884
0.940534
0.941178
0.941818
0.942452
0.943082
0.943707
0.944327
0.944943
0.945553
0.946159
0.946759
0.947355
0.947946
0.948533
0.949114
0.949691
0.950263
0.950830
0.951393
0.951951
0.952504
0.953052
0.953596
0.954135
0.954669
0.955199
0.955724
0.956244
0.956760
0.957271
0.957778
0.958280
0.958778
0.959271
0.959759
0.960243
0.960723
0.961198
0.961669
0.962135
0.962597
0.963054
0.963507
0.963956
0.964400
0.964840
0.965276
0.965708
0.966135
0.966558
0.966977
0.967392
0.967802
0.968208
0.968611
0.969009
0.969403
0.969793
0.970178
0.970560
0.970938
0.971312
0.971682
0.972048
0.972410
0.972768
0.973122
0.973473
0.973820
0.974162
0.974502
0.974837
0.975168
0.975496
0.975821
0.976141
0.976458
0.976771
0.977081
0.977387
0.977690
0.977989
0.978285
