0.160177
0.217649
0.236803
0.247667
0.257065
0.267307
0.269775
0.271845
0.273894
0.275933
0.277964
0.279989
0.282007
0.284019
0.286024
0.288024
0.290016
0.292003
0.293983
0.295958
0.297926
0.299888
0.301844
0.303794
0.305739
0.307677
0.309610
0.311537
0.313458
0.315374
0.317284
0.319188
0.321087
0.322981
0.324869
0.326751
0.328629
0.330500
0.332367
0.334292
0.336024
0.337731
0.339430
0.341125
0.342814
0.344500
0.346180
0.347857
0.349529
0.351197
0.352860
0.354519
0.356174
0.357824
0.359470
0.361112
0.362749
0.364383
0.366012
0.367636
0.369257
0.370873
0.372486
0.374093
0.375697
0.377297
0.378892
0.380484
0.382071
0.383654
0.385233
0.386808
0.388378
0.389945
0.391508
0.393066
0.394621
0.396171
0.397718
0.399260
0.400798
0.402333
0.403863
0.405390
0.406912
0.408431
0.409945
0.411456
0.412963
0.414465
0.415964
0.417459
0.418951
0.420438
0.421921
0.423401
0.424877
0.426349
0.427817
0.429281
0.430741
0.432198
0.433651
0.435100
0.436546
0.437987
0.439425
0.440859
0.442290
0.443717
0.445140
0.446559
0.447975
0.449387
0.450795
0.452200
0.453601
0.454999
0.456392
0.457783
0.459169
0.460552
0.461932
0.463308
0.464680
0.466049
0.467414
0.468776
0.470134
0.471489
0.472840
0.474188
0.475532
0.476872
0.478210
0.479543
0.480874
0.482201
0.483524
0.484844
0.486161
0.487474
0.488784
0.490090
0.491393
0.492693
0.493989
0.495282
0.496572
0.497858
0.499141
0.500421
0.501697
0.502971
0.504240
0.505507
0.506770
0.508030
0.509287
0.510540
0.511790
0.513037
0.514281
0.515522
0.516759
0.517993
0.519224
0.520452
0.521677
0.522898
0.524117
0.525332
0.526544
0.527753
0.528959
0.530161
0.531361
0.532558
0.533751
0.534941
0.536129
0.537313
0.538494
0.539672
0.540847
0.542019
0.543188
0.544354
0.545517
0.546677
0.547834
0.548988
0.550139
0.551287
0.552433
0.553575
0.554714
0.555850
0.556984
0.558114
0.559242
0.560366
0.561488
0.562607
0.563723
0.564836
0.565946
0.567054
0.568158
0.569260
0.570359
0.571455
0.572548
0.573638
0.574726
0.575811
0.576893
0.577972
0.579048
0.580122
0.581193
0.582261
0.583326
0.584389
0.585449
0.586506
0.587561
0.588612
0.589661
0.590708
0.591751
0.592792
0.593831
0.594866
0.595899
0.596930
0.597957
0.598982
0.600005
0.601024
0.602041
0.603056
0.604068
0.605077
0.606084
0.607088
0.608090
0.609089
0.610085
0.611079
0.612070
0.613059
0.614045
0.615029
0.616010
0.616988
0.617965
0.618938
0.619909
0.620878
0.621844
0.622808
0.623769
0.624727
0.625684
0.626637
0.627589
0.628538
0.629484
0.630428
0.631370
0.632309
0.633246
0.634180
0.635112
0.636041
0.636969
0.637893
0.638816
0.639736
0.640654
0.641569
0.642482
0.643393
0.644301
0.645207
0.646111
0.647012
0.647911
0.648808
0.649702
0.650594
0.651484
0.652372
0.653257
0.654140
0.655021
0.655899
0.656775
0.657649
0.658521
0.659391
0.660258
0.661123
0.661986
0.662846
0.663705
0.664561
0.665415
0.666267
0.667116
0.667964
0.668809
0.669652
0.670493
0.671332
0.672169
0.673003
0.673836
0.674666
0.675494
0.676320
0.677144
0.677966
0.678785
0.679603
0.680418
0.681232
0.682043
0.682852
0.683659
0.684464
0.685267
0.686068
0.686867
0.687664
0.688459
0.689252
0.690042
0.690831
0.691618
0.692403
0.693185
0.693966
0.694745
0.695521
0.696296
0.697069
0.697839
0.698608
0.699375
0.700140
0.700903
0.701664
0.702423
0.703180
0.703935
0.704688
0.705439
0.706188
0.706936
0.707681
0.708425
0.709166
0.709906
0.710644
0.711380
0.712114
0.712846
0.713577
0.714305
0.715032
0.715756
0.716479
0.717200
0.717920
0.718637
0.719353
0.720066
0.720778
0.721488
0.722196
0.722903
0.723607
0.724310
0.725011
0.725710
0.726408
0.727104
0.727797
0.728490
0.729180
0.729868
0.730555
0.731240
0.731924
0.732605
0.733285
0.733963
0.734639
0.735314
0.735987
0.736658
0.737327
0.737995
0.738661
0.739325
0.739988
0.740649
0.741308
0.741966
0.742622
0.743276
0.743928
0.744579
0.745228
0.745876
0.746522
0.747166
0.747809
0.748450
0.749089
0.749726
0.750362
0.750997
0.751630
0.752261
0.752890
0.753518
0.754145
0.754769
0.755393
0.756014
0.756634
0.757253
0.757869
0.758485
0.759098
0.759710
0.760321
0.760930
0.761537
0.762143
0.762747
0.763350
0.763951
0.764551
0.765149
0.765746
0.766341
0.766935
0.767527
0.768117
0.768706
0.769294
0.769880
0.770464
0.771047
0.771629
0.772209
0.772788
0.773365
0.773940
0.774515
0.775087
0.775659
0.776228
0.776797
0.777364
0.777929
0.778493
0.779056
0.779617
0.780176
0.780735
0.781291
0.781847
0.782401
0.782953
0.783505
0.784054
0.784603
0.785150
0.785695
0.786239
0.786782
0.787324
0.787864
0.788402
0.788939
0.789475
0.790010
0.790543
0.791075
0.791605
0.792134
0.792662
0.793188
0.793714
0.794237
0.794760
0.795281
0.795800
0.796319
0.796836
0.797351
0.797866
0.798379
0.798891
0.799401
0.799910
0.800418
0.800925
0.801430
0.801934
0.802437
0.802938
0.803439
0.803938
0.804435
0.804931
0.805427
0.805920
0.806413
0.806904
0.807394
0.807883
0.808371
0.808857
0.809342
0.809826
0.810308
0.810790
0.811270
0.811749
0.812227
0.812703
0.813178
0.813652
0.814125
0.814597
0.815067
0.815536
0.816004
0.816471
0.816937
0.817401
0.817865
0.818327
0.818788
0.819247
0.819706
0.820163
0.820620
0.821075
0.821529
0.821981
0.822433
0.822883
0.823333
0.823781
0.824228
0.824674
0.825118
0.825562
0.826004
0.826446
0.826886
0.827325
0.827763
0.828200
0.828636
0.829070
0.829504
0.829936
0.830368
0.830798
0.831227
0.831655
0.832082
0.832508
0.832932
0.833356
0.833779
0.834200
0.834621
0.835040
0.835458
0.835876
0.836292
0.836707
0.837121
0.837534
0.837946
0.838357
0.838767
0.839175
0.839583
0.839990
0.840396
