0.444593
0.563054
0.630628
0.675705
0.708730
0.734414
0.755228
0.772561
0.787314
0.800094
0.811300
0.821233
0.830131
0.838175
0.845505
0.852242
0.858493
0.864355
0.869905
0.875236
0.880460
0.885730
0.891307
0.897592
0.903281
0.905646
0.906003
0.906024
0.906024
0.906024
0.906024
0.906024
0.906024
0.906024
0.906024
0.906024
0.906024
0.906024
0.906024
0.906024
0.906024
0.906024
0.906024
0.906024
0.906024
0.906024
0.906024
0.906024
0.906024
0.906024
0.906024
0.906024
0.906024
0.906024
0.906024
0.906024
0.906024
0.906024
0.906024
0.906024
0.906024
0.906024
0.906024
0.906024
0.906024
0.906024
0.906024
0.906024
0.906024
0.906024
0.906024
0.906024
0.906024
0.906024
0.906024
0.906024
0.906024
0.906024
0.906024
0.906024
0.906024
0.906024
0.906024
0.906024
0.906024
0.906024
0.906024
0.906024
0.906024
0.906024
0.906024
0.906024
0.906024
0.906024
0.906024
0.906024
0.906024
0.906024
0.906024
0.906024
0.906024
0.906024
0.906024
0.906024
0.906024
0.906024
0.906024
0.906024
0.906024
0.906024
0.906024
0.906024
0.906024
0.906024
0.906024
0.906024
0.906024
0.906024
0.906024
0.906024
0.906024
0.906024
0.906024
0.906024
0.906024
0.906024
0.906024
0.906024
0.906024
0.906024
0.906024
0.906024
0.906024
0.906024
0.906024
0.906024
0.906024
0.906024
0.906024
0.906024
0.906024
0.906024
0.906024
0.906024
0.906024
0.906024
0.906024
0.906024
0.906024
0.906024
0.906024
0.906024
0.906024
0.906024
0.906024
0.906024
0.906024
0.906024
0.906024
0.906024
0.906024
0.906024
0.906024
0.906024
0.906024
0.906024
0.906024
0.906024
0.906024
0.906024
0.906024
0.906024
0.906024
0.906024
0.906024
0.906024
0.906024
0.906024
0.906024
0.906024
0.906024
0.906024
0.906024
0.906024
0.906024
0.906024
0.906024
0.906024
0.906024
0.906024
0.906024
0.906024
0.906024
0.906024
0.906024
0.906024
0.906024
0.906024
0.906024
0.906024
0.906024
0.906024
0.906024
0.906024
0.906024
0.906024
0.906024
0.906024
0.906024
0.906024
0.906024
0.906024
0.906024
0.906024
0.906024
0.906024
0.906024
0.906024
0.906024
0.906024
0.906024
0.906024
0.906024
0.906024
0.906024
0.906024
0.906024
0.906024
0.906024
0.906024
0.906024
0.906024
0.906024
0.906024
0.906024
0.906024
0.906024
0.906024
0.906024
0.906024
0.906024
0.906024
0.906024
0.906024
0.906024
0.906024
0.906024
0.906024
0.906024
0.906024
0.906024
0.906024
0.906024
0.906024
0.906024
0.906024
0.906024
0.906024
0.906024
0.906024
0.906024
0.906024
0.906024
0.906024
0.906024
0.906024
0.906024
0.906024
0.906024
0.906024
0.906024
0.906024
0.906024
0.906024
0.906024
0.906024
0.906024
0.906024
0.906024
0.906024
0.906024
0.906024
0.906024
0.906024
0.906024
0.906024
0.906024
0.906024
0.906024
0.906024
0.906024
0.906024
0.906024
0.906024
0.906024
0.906024
0.906024
0.906024
0.906024
0.906024
0.906024
0.906024
0.906024
0.906024
0.906024
0.906024
0.906024
0.906024
0.906024
0.906024
0.906024
0.906024
0.906024
0.906024
0.906024
0.906024
0.906024
0.906024
0.906024
0.906024
0.906024
0.906024
0.906024
0.906024
0.906024
0.906024
0.906024
0.906024
0.906024
0.906024
0.906024
0.906024
0.906024
0.906024
0.906024
0.906024
0.906024
0.906024
0.906024
0.906024
0.906024
0.906024
0.906024
0.906024
0.906024
0.906024
0.906024
0.906024
0.906024
0.906024
0.906024
0.906024
0.906024
0.906024
0.906024
0.906024
0.906024
0.906024
0.906024
0.906024
0.906024
0.906024
0.906024
0.906024
0.906024
0.906024
0.906024
0.906024
0.906024
0.906024
0.906024
0.906024
0.906024
0.906024
0.906024
0.906024
0.906024
0.906024
0.906024
0.906024
0.906024
0.906024
0.906024
0.906024
0.906024
0.906024
0.906024
0.906024
0.906024
0.906024
0.906024
0.906024
0.906024
0.906024
0.906024
0.906024
0.906024
0.906024
0.906024
0.906024
0.906024
0.906024
0.906024
0.906024
0.906024
0.906024
0.906024
0.906024
0.906024
0.906024
0.906024
0.906024
0.906024
0.906024
0.906024
0.906024
0.906024
0.906024
0.906024
0.906024
0.906024
0.906024
0.906024
0.906024
0.906024
0.906024
0.906024
0.906024
0.906024
0.906024
0.906024
0.906024
0.906024
0.906024
0.906024
0.906024
0.906024
0.906024
0.906024
0.906024
0.906024
0.906024
0.906024
0.906024
0.906024
0.906024
0.906024
0.906024
0.906024
0.906024
0.906024
0.906024
0.906024
0.906024
0.906024
0.906024
0.906024
0.906024
0.906024
0.906024
0.906024
0.906024
0.906024
0.906024
0.906024
0.906024
0.906024
0.906024
0.906024
0.906024
0.906024
0.906024
0.906024
0.906024
0.906024
0.906024
0.906024
0.906024
0.906024
0.906024
0.906024
0.906024
0.906024
0.906024
0.906024
0.906024
0.906024
0.906024
0.906024
0.906024
0.906024
0.906024
0.906024
0.906024
0.906024
0.906024
0.906024
0.906024
0.906024
0.906024
0.906024
0.906024
0.906024
0.906024
0.906024
0.906024
0.906024
0.906024
0.906024
0.906024
0.906024
0.906024
0.906024
0.906024
0.906024
0.906024
0.906024
0.906024
0.906024
0.906024
0.906024
0.906024
0.906024
0.906024
0.906024
0.906024
0.906024
0.906024
0.906024
0.906024
0.906024
0.906024
0.906024
0.906024
0.906024
0.906024
0.906024
0.906024
0.906024
0.906024
0.906024
0.906024
0.906024
0.906024
0.906024
0.906024
0.906024
0.906024
0.906024
0.906024
0.906024
0.906024
0.906024
0.906024
0.906024
0.906024
0.906024
0.906024
0.906024
0.906024
0.906024
0.906024
0.906024
0.906024
0.906024
0.906024
0.906024
0.906024
0.906024
0.906024
0.906024
0.906024
0.906024
0.906024
0.906024
0.906024
0.906024
0.906024
0.906024
0.906024
0.906024
0.906024
0.906024
0.906024
0.906024
0.906024
0.906024
0.906024
0.906024
0.906024
0.906024
0.906024
0.906024
0.906024
0.906024
0.906024
0.906024
0.906024
0.906024
0.906024
