0.011424
0.021745
0.026627
0.031629
0.036879
0.042498
0.048601
0.055291
0.062669
0.070863
0.080013
0.090280
0.101830
0.114859
0.129611
0.146381
0.165512
0.187386
0.212505
0.241502
0.274882
0.312075
0.347776
0.362598
0.339461
0.317586
0.315915
0.318338
0.320934
0.323559
0.326208
0.328880
0.331573
0.334286
0.337018
0.339768
0.342536
0.345321
0.348123
0.351002
0.353654
0.356337
0.359038
0.361758
0.364494
0.367249
0.370020
0.372807
0.375611
0.378431
0.381267
0.384118
0.386984
0.389864
0.392759
0.395668
0.398590
0.401526
0.404474
0.407435
0.410407
0.413392
0.416387
0.419393
0.422409
0.425434
0.428469
0.431513
0.434565
0.437624
0.440691
0.443765
0.446845
0.449931
0.453022
0.456118
0.459218
0.462322
0.465428
0.468538
0.471650
0.474763
0.477877
0.480992
0.484107
0.487221
0.490335
0.493447
0.496557
0.499665
0.502769
0.505871
0.508968
0.512061
0.515149
0.518232
0.521309
0.524380
0.527445
0.530502
0.533552
0.536594
0.539628
0.542653
0.545669
0.548675
0.551672
0.554659
0.557635
0.560601
0.563555
0.566498
0.569429
0.572348
0.575255
0.578149
0.581030
0.583898
0.586753
0.589595
0.592422
0.595236
0.598035
0.600820
0.603590
0.606345
0.609086
0.611811
0.614521
0.617216
0.619895
0.622558
0.625206
0.627838
0.630453
0.633053
0.635637
0.638204
0.640755
0.643290
0.645808
0.648310
0.650795
0.653264
0.655716
0.658151
0.660570
0.662973
0.665358
0.667727
0.670080
0.672415
0.674735
0.677037
0.679323
0.681593
0.683846
0.686082
0.688302
0.690506
0.692693
0.694864
0.697019
0.699158
0.701280
0.703387
0.705478
0.707552
0.709611
0.711654
0.713681
0.715693
0.717689
0.719670
0.721636
0.723586
0.725521
0.727441
0.729345
0.731235
0.733110
0.734971
0.736816
0.738648
0.740464
0.742267
0.744055
0.745829
0.747589
0.749335
0.751067
0.752785
0.754490
0.756181
0.757859
0.759523
0.761174
0.762812
0.764437
0.766049
0.767648
0.769235
0.770809
0.772370
0.773919
0.775456
0.776980
0.778492
0.779993
0.781481
0.782957
0.784422
0.785875
0.787317
0.788747
0.790166
0.791574
0.792970
0.794356
0.795731
0.797094
0.798447
0.799790
0.801122
0.802443
0.803754
0.805055
0.806345
0.807626
0.808896
0.810157
0.811407
0.812648
0.813879
0.815101
0.816313
0.817516
0.818710
0.819894
0.821069
0.822235
0.823393
0.824541
0.825680
0.826811
0.827933
0.829046
0.830151
0.831248
0.832336
0.833416
0.834487
0.835551
0.836606
0.837654
0.838693
0.839725
0.840749
0.841765
0.842774
0.843775
0.844768
0.845755
0.846733
0.847705
0.848669
0.849626
0.850576
0.851519
0.852455
0.853384
0.854306
0.855222
0.856131
0.857033
0.857928
0.858817
0.859699
0.860575
0.861445
0.862308
0.863165
0.864016
0.864861
0.865699
0.866531
0.867358
0.868178
0.868993
0.869802
0.870605
0.871402
0.872194
0.872980
0.873760
0.874535
0.875304
0.876068
0.876826
0.877579
0.878327
0.879070
0.879807
0.880539
0.881266
0.881988
0.882705
0.883416
0.884123
0.884825
0.885522
0.886215
0.886902
0.887585
0.888263
0.888936
0.889605
0.890269
0.890928
0.891583
0.892234
0.892880
0.893521
0.894159
0.894792
0.895420
0.896044
0.896665
0.897281
0.897892
0.898500
0.899103
0.899703
0.900298
0.900890
0.901477
0.902061
0.902640
0.903216
0.903788
0.904356
0.904920
0.905481
0.906038
0.906591
0.907141
0.907686
0.908229
0.908767
0.909303
0.909834
0.910362
0.910887
0.911408
0.911926
0.912441
0.912952
0.913459
0.913964
0.914465
0.914963
0.915458
0.915949
0.916437
0.916922
0.917404
0.917883
0.918359
0.918832
0.919302
0.919768
0.920232
0.920693
0.921151
0.921606
0.922057
0.922507
0.922953
0.923396
0.923837
0.924275
0.924710
0.925142
0.925571
0.925998
0.926422
0.926844
0.927262
0.927679
0.928092
0.928503
0.928911
0.929317
0.929720
0.930121
0.930519
0.930915
0.931308
0.931699
0.932088
0.932474
0.932857
0.933238
0.933617
0.933994
0.934368
0.934740
0.935109
0.935476
0.935841
0.936204
0.936565
0.936923
0.937279
0.937633
0.937985
0.938335
0.938682
0.939027
0.939371
0.939712
0.940051
0.940388
0.940723
0.941056
0.941387
0.941715
0.942042
0.942367
0.942690
0.943011
0.943330
0.943647
0.943962
0.944276
0.944587
0.944897
0.945204
0.945510
0.945814
0.946116
0.946417
0.946715
0.947012
0.947307
0.947600
0.947892
0.948181
0.948469
0.948756
0.949040
0.949323
0.949604
0.949884
0.950162
0.950438
0.950713
0.950986
0.951257
0.951527
0.951795
0.952061
0.952326
0.952590
0.952852
0.953112
0.953371
0.953628
0.953884
0.954138
0.954391
0.954642
0.954892
0.955140
0.955387
0.955632
0.955876
0.956119
0.956360
0.956600
0.956838
0.957075
0.957311
0.957545
0.957778
0.958009
0.958239
0.958468
0.958696
0.958922
0.959147
0.959370
0.959592
0.959813
0.960033
0.960251
0.960468
0.960684
0.960899
0.961112
0.961324
0.961535
0.961745
0.961954
0.962161
0.962367
0.962572
0.962776
0.962978
0.963180
0.963380
0.963579
0.963777
0.963974
0.964169
0.964364
0.964557
0.964750
0.964941
0.965131
0.965320
0.965508
0.965695
0.965881
0.966066
0.966249
0.966432
0.966614
0.966794
0.966974
0.967152
0.967330
0.967506
0.967682
0.967856
0.968030
0.968202
0.968374
0.968545
0.968714
0.968883
0.969051
0.969217
0.969383
0.969548
0.969712
0.969875
0.970037
0.970198
0.970358
0.970518
0.970676
0.970834
0.970991
0.971146
0.971301
0.971455
0.971608
0.971761
0.971912
0.972063
0.972212
0.972361
0.972509
0.972657
0.972803
0.972949
0.973093
0.973237
0.973380
0.973523
0.973664
0.973805
0.973945
0.974084
0.974223
0.974360
0.974497
0.974633
0.974768
0.974903
0.975037
0.975170
0.975302
0.975434
0.975565
0.975695
0.975824
0.975953
0.976081
0.976208
0.976334
0.976460
0.976585
0.976710
0.976833
0.976956
0.977079
0.977200
0.977321
