0.017345
0.036927
0.058287
0.088620
0.133280
0.181414
0.218750
0.241983
0.255791
0.265904
0.275996
0.279108
0.281016
0.282984
0.284966
0.286943
0.288915
0.290880
0.292838
0.294791
0.296737
0.298677
0.300611
0.302539
0.304461
0.306377
0.308287
0.310192
0.312090
0.313983
0.315871
0.317753
0.319629
0.321500
0.323365
0.325225
0.327080
0.328930
0.330774
0.332663
0.334356
0.336035
0.337709
0.339379
0.341045
0.342706
0.344363
0.346016
0.347665
0.349309
0.350949
0.352585
0.354217
0.355845
0.357468
0.359087
0.360703
0.362314
0.363921
0.365524
0.367123
0.368718
0.370308
0.371895
0.373478
0.375057
0.376631
0.378202
0.379769
0.381332
0.382890
0.384445
0.385996
0.387543
0.389086
0.390625
0.392161
0.393692
0.395219
0.396743
0.398263
0.399779
0.401291
0.402799
0.404304
0.405805
0.407301
0.408795
0.410284
0.411770
0.413251
0.414729
0.416204
0.417675
0.419142
0.420605
0.422064
0.423520
0.424973
0.426421
0.427866
0.429307
0.430745
0.432179
0.433610
0.435037
0.436460
0.437880
0.439296
0.440709
0.442118
0.443523
0.444925
0.446324
0.447719
0.449110
0.450498
0.451883
0.453264
0.454642
0.456016
0.457387
0.458754
0.460118
0.461479
0.462836
0.464190
0.465541
0.466888
0.468232
0.469572
0.470909
0.472243
0.473574
0.474901
0.476225
0.477545
0.478863
0.480177
0.481488
0.482795
0.484100
0.485401
0.486699
0.487994
0.489286
0.490574
0.491859
0.493142
0.494421
0.495696
0.496969
0.498239
0.499505
0.500769
0.502029
0.503286
0.504541
0.505792
0.507040
0.508285
0.509527
0.510766
0.512002
0.513235
0.514465
0.515693
0.516917
0.518138
0.519356
0.520571
0.521784
0.522993
0.524200
0.525404
0.526604
0.527802
0.528997
0.530190
0.531379
0.532566
0.533749
0.534930
0.536108
0.537284
0.538456
0.539626
0.540793
0.541957
0.543119
0.544277
0.545434
0.546587
0.547737
0.548885
0.550031
0.551173
0.552313
0.553451
0.554585
0.555717
0.556847
0.557973
0.559098
0.560219
0.561338
0.562455
0.563568
0.564680
0.565789
0.566895
0.567998
0.569100
0.570198
0.571295
0.572388
0.573480
0.574569
0.575655
0.576739
0.577820
0.578899
0.579976
0.581050
0.582122
0.583192
0.584259
0.585324
0.586386
0.587446
0.588504
0.589559
0.590612
0.591663
0.592712
0.593758
0.594802
0.595844
0.596883
0.597921
0.598956
0.599988
0.601019
0.602047
0.603074
0.604098
0.605120
0.606139
0.607157
0.608172
0.609186
0.610197
0.611206
0.612213
0.613218
0.614221
0.615221
0.616220
0.617217
0.618211
0.619204
0.620195
0.621183
0.622170
0.623154
0.624137
0.625118
0.626096
0.627073
0.628048
0.629021
0.629992
0.630961
0.631928
0.632894
0.633857
0.634819
0.635778
0.636736
0.637692
0.638647
0.639599
0.640550
0.641499
0.642446
0.643391
0.644334
0.645276
0.646216
0.647154
0.648091
0.649026
0.649959
0.650890
0.651820
0.652748
0.653675
0.654600
0.655523
0.656444
0.657364
0.658282
0.659199
0.660114
0.661027
0.661939
0.662850
0.663759
0.664666
0.665571
0.666476
0.667378
0.668279
0.669179
0.670077
0.670974
0.671869
0.672763
0.673655
0.674546
0.675436
0.676324
0.677210
0.678096
0.678979
0.679862
0.680743
0.681623
0.682501
0.683378
0.684254
0.685128
0.686001
0.686873
0.687743
0.688612
0.689480
0.690347
0.691212
0.692076
0.692939
0.693800
0.694661
0.695520
0.696378
0.697235
0.698090
0.698944
0.699798
0.700650
0.701500
0.702350
0.703199
0.704046
0.704893
0.705738
0.706582
0.707425
0.708267
0.709108
0.709947
0.710786
0.711624
0.712460
0.713296
0.714130
0.714964
0.715796
0.716628
0.717458
0.718288
0.719116
0.719944
0.720770
0.721596
0.722421
0.723244
0.724067
0.724889
0.725710
0.726530
0.727349
0.728167
0.728984
0.729801
0.730616
0.731431
0.732245
0.733058
0.733870
0.734681
0.735491
0.736301
0.737109
0.737917
0.738724
0.739531
0.740336
0.741141
0.741945
0.742748
0.743550
0.744352
0.745152
0.745952
0.746752
0.747550
0.748348
0.749145
0.749941
0.750737
0.751532
0.752326
0.753119
0.753912
0.754704
0.755495
0.756286
0.757076
0.757865
0.758654
0.759442
0.760229
0.761015
0.761801
0.762587
0.763371
0.764155
0.764939
0.765721
0.766503
0.767285
0.768065
0.768846
0.769625
0.770404
0.771182
0.771960
0.772737
0.773513
0.774289
0.775065
0.775839
0.776613
0.777387
0.778160
0.778932
0.779704
0.780475
0.781245
0.782015
0.782785
0.783553
0.784322
0.785089
0.785856
0.786623
0.787389
0.788154
0.788919
0.789683
0.790447
0.791210
0.791972
0.792734
0.793496
0.794257
0.795017
0.795777
0.796536
0.797294
0.798052
0.798810
0.799567
0.800323
0.801079
0.801834
0.802588
0.803343
0.804096
0.804849
0.805601
0.806353
0.807104
0.807855
0.808605
0.809354
0.810103
0.810851
0.811599
0.812346
0.813093
0.813839
0.814584
0.815329
0.816073
0.816817
0.817559
0.818302
0.819043
0.819785
0.820525
0.821265
0.822004
0.822743
0.823481
0.824218
0.824955
0.825691
0.826426
0.827161
0.827895
0.828628
0.829361
0.830093
0.830825
0.831555
0.832285
0.833015
0.833744
0.834471
0.835199
0.835925
0.836651
0.837376
0.838101
0.838824
0.839547
0.840269
0.840991
0.841711
0.842431
0.843150
0.843868
0.844586
0.845303
0.846019
0.846734
0.847448
0.848162
0.848874
0.849586
0.850297
0.851007
0.851717
0.852425
0.853132
0.853839
0.854545
0.855250
0.855954
0.856657
0.857359
0.858060
0.858761
0.859460
0.860158
0.860856
0.861552
0.862248
0.862942
0.863636
0.864328
0.865020
0.865710
0.866400
0.867088
0.867775
0.868462
0.869147
0.869831
0.870514
0.871196
0.871877
0.872556
0.873235
0.873912
0.874589
0.875264
0.875938
0.876611
0.877282
0.877953
0.878622
0.879290
0.879957
0.880622
0.881287
0.881950
0.882611
0.883272
0.883931
0.884589
0.885246
0.885901
0.886555
0.887208
0.887859
0.888509
0.889157
