0.032573
0.070104
0.110861
0.157646
0.211072
0.250600
0.250435
0.234283
0.233107
0.241122
0.249464
0.257586
0.265664
0.273961
0.283418
0.291421
0.293964
0.295976
0.297985
0.299991
0.301995
0.303997
0.305997
0.307995
0.309991
0.311985
0.313977
0.315968
0.317958
0.319947
0.321934
0.323921
0.325907
0.327892
0.329877
0.331862
0.333847
0.335831
0.337816
0.339828
0.341632
0.343454
0.345279
0.347105
0.348934
0.350764
0.352597
0.354432
0.356269
0.358108
0.359950
0.361794
0.363641
0.365491
0.367344
0.369199
0.371058
0.372920
0.374785
0.376654
0.378526
0.380402
0.382281
0.384165
0.386052
0.387943
0.389838
0.391737
0.393641
0.395549
0.397461
0.399378
0.401299
0.403226
0.405157
0.407092
0.409033
0.410979
0.412930
0.414886
0.416847
0.418814
0.420786
0.422763
0.424746
0.426734
0.428729
0.430729
0.432734
0.434746
0.436763
0.438786
0.440816
0.442851
0.444893
0.446940
0.448994
0.451054
0.453120
0.455192
0.457271
0.459356
0.461448
0.463546
0.465650
0.467761
0.469878
0.472002
0.474132
0.476269
0.478412
0.480562
0.482718
0.484881
0.487050
0.489226
0.491409
0.493597
0.495793
0.497994
0.500203
0.502417
0.504638
0.506866
0.509099
0.511339
0.513585
0.515838
0.518097
0.520361
0.522632
0.524909
0.527192
0.529481
0.531776
0.534076
0.536383
0.538695
0.541012
0.543335
0.545664
0.547998
0.550337
0.552682
0.555031
0.557386
0.559746
0.562111
0.564480
0.566854
0.569233
0.571616
0.574003
0.576395
0.578791
0.581191
0.583595
0.586002
0.588414
0.590829
0.593247
0.595669
0.598094
0.600522
0.602953
0.605386
0.607823
0.610262
0.612703
0.615147
0.617592
0.620040
0.622489
0.624941
0.627393
0.629847
0.632303
0.634759
0.637216
0.639674
0.642133
0.644592
0.647051
0.649510
0.651970
0.654429
0.656888
0.659346
0.661804
0.664260
0.666716
0.669171
0.671624
0.674075
0.676525
0.678973
0.681419
0.683863
0.686304
0.688743
0.691179
0.693612
0.696042
0.698469
0.700892
0.703312
0.705728
0.708140
0.710548
0.712952
0.715351
0.717746
0.720136
0.722521
0.724901
0.727275
0.729644
0.732008
0.734365
0.736717
0.739063
0.741402
0.743735
0.746061
0.748380
0.750693
0.752998
0.755296
0.757587
0.759870
0.762146
0.764413
0.766673
0.768924
0.771167
0.773402
0.775628
0.777845
0.780053
0.782253
0.784443
0.786624
0.788795
0.790957
0.793109
0.795251
0.797384
0.799506
0.801618
0.803720
0.805811
0.807891
0.809961
0.812020
0.814069
0.816106
0.818132
0.820147
0.822150
0.824142
0.826123
0.828091
0.830049
0.831994
0.833927
0.835848
0.837758
0.839655
0.841540
0.843412
0.845272
0.847120
0.848955
0.850777
0.852587
0.854384
0.856168
0.857939
0.859698
0.861443
0.863175
0.864895
0.866601
0.868294
0.869973
0.871640
0.873293
0.874933
0.876559
0.878173
0.879772
0.881358
0.882931
0.884491
0.886036
0.887569
0.889087
0.890592
0.892084
0.893562
0.895027
0.896478
0.897915
0.899339
0.900749
0.902146
0.903529
0.904898
0.906254
0.907597
0.908926
0.910241
0.911544
0.912832
0.914107
0.915369
0.916618
0.917853
0.919075
0.920284
0.921479
0.922662
0.923831
0.924987
0.926130
0.927260
0.928377
0.929481
0.930573
0.931651
0.932717
0.933770
0.934811
0.935839
0.936854
0.937857
0.938847
0.939826
0.940792
0.941745
0.942687
0.943616
0.944534
0.945440
0.946333
0.947215
0.948086
0.948944
0.949792
0.950627
0.951451
0.952264
0.953066
0.953857
0.954636
0.955405
0.956162
0.956909
0.957645
0.958371
0.959086
0.959790
0.960484
0.961168
0.961841
0.962505
0.963158
0.963802
0.964435
0.965059
0.965673
0.966278
0.966873
0.967459
0.968036
0.968603
0.969161
0.969710
0.970250
0.970782
0.971305
0.971819
0.972324
0.972821
0.973310
0.973790
0.974263
0.974727
0.975183
0.975631
0.976072
0.976505
0.976930
0.977348
0.977758
0.978161
0.978557
0.978945
0.979327
0.979701
0.980069
0.980430
0.980784
0.981131
0.981472
0.981807
0.982135
0.982457
0.982773
0.983083
0.983387
0.983685
0.983977
0.984263
0.984544
0.984819
0.985088
0.985353
0.985611
0.985865
0.986114
0.986357
0.986595
0.986829
0.987057
0.987281
0.987500
0.987715
0.987925
0.988131
0.988332
0.988529
0.988721
0.988910
0.989094
0.989274
0.989451
0.989623
0.989792
0.989956
0.990118
0.990275
0.990429
0.990580
0.990727
0.990870
0.991011
0.991148
0.991282
0.991413
0.991540
0.991665
0.991787
0.991906
0.992022
0.992135
0.992246
0.992354
0.992459
0.992561
0.992662
0.992759
0.992855
0.992948
0.993038
0.993127
0.993213
0.993297
0.993378
0.993458
0.993536
0.993612
0.993685
0.993757
0.993827
0.993895
0.993962
0.994026
0.994089
0.994150
0.994210
0.994268
0.994324
0.994379
0.994433
0.994485
0.994535
0.994584
0.994632
0.994679
0.994724
0.994768
0.994810
0.994852
0.994892
0.994931
0.994969
0.995006
0.995042
0.995077
0.995111
0.995144
0.995176
0.995207
0.995237
0.995266
0.995294
0.995322
0.995349
0.995374
0.995399
0.995424
0.995447
0.995470
0.995492
0.995514
0.995535
0.995555
0.995574
0.995593
0.995612
0.995630
0.995647
0.995663
0.995680
0.995695
0.995710
0.995725
0.995739
0.995753
0.995766
0.995779
0.995791
0.995804
0.995815
0.995826
0.995837
0.995848
0.995858
0.995868
0.995877
0.995886
0.995895
0.995904
0.995912
0.995920
0.995928
0.995935
0.995942
0.995949
0.995956
0.995962
0.995969
0.995975
0.995980
0.995986
0.995991
0.995996
0.996001
0.996006
0.996011
0.996015
0.996020
0.996024
0.996028
0.996032
0.996035
0.996039
0.996043
0.996046
0.996049
0.996052
0.996055
0.996058
0.996061
0.996063
0.996066
0.996068
0.996071
0.996073
0.996075
0.996077
0.996079
0.996081
0.996083
0.996085
0.996086
0.996088
0.996090
0.996091
0.996093
0.996094
0.996095
0.996097
0.996098
0.996099
0.996100
0.996101
0.996102
0.996103
