0.012741
0.027008
0.041954
0.061340
0.093236
0.138853
0.188300
0.230427
0.253004
0.265277
0.271614
0.275116
0.277516
0.279574
0.281557
0.283534
0.285513
0.287490
0.289462
0.291427
0.293386
0.295339
0.297287
0.299228
0.301163
0.303093
0.305016
0.306934
0.308847
0.310754
0.312655
0.314551
0.316441
0.318326
0.320205
0.322079
0.323948
0.325812
0.327670
0.329579
0.331291
0.332986
0.334674
0.336358
0.338038
0.339713
0.341384
0.343050
0.344713
0.346371
0.348025
0.349674
0.351320
0.352961
0.354598
0.356231
0.357859
0.359484
0.361104
0.362721
0.364333
0.365941
0.367545
0.369145
0.370741
0.372332
0.373920
0.375504
0.377083
0.378659
0.380230
0.381798
0.383362
0.384921
0.386477
0.388028
0.389576
0.391120
0.392660
0.394196
0.395728
0.397256
0.398780
0.400300
0.401817
0.403330
0.404838
0.406343
0.407844
0.409342
0.410835
0.412325
0.413811
0.415293
0.416771
0.418246
0.419716
0.421183
0.422647
0.424106
0.425562
0.427014
0.428463
0.429908
0.431349
0.432786
0.434220
0.435650
0.437077
0.438500
0.439919
0.441335
0.442747
0.444155
0.445560
0.446961
0.448359
0.449753
0.451144
0.452531
0.453915
0.455295
0.456671
0.458044
0.459414
0.460780
0.462142
0.463502
0.464857
0.466210
0.467558
0.468904
0.470246
0.471584
0.472919
0.474251
0.475580
0.476905
0.478226
0.479544
0.480859
0.482171
0.483479
0.484784
0.486086
0.487384
0.488679
0.489971
0.491259
0.492544
0.493826
0.495105
0.496380
0.497653
0.498922
0.500187
0.501450
0.502709
0.503965
0.505218
0.506468
0.507714
0.508958
0.510198
0.511435
0.512669
0.513900
0.515128
0.516353
0.517574
0.518792
0.520008
0.521220
0.522429
0.523635
0.524838
0.526038
0.527235
0.528429
0.529620
0.530808
0.531993
0.533175
0.534354
0.535530
0.536703
0.537873
0.539040
0.540204
0.541365
0.542523
0.543679
0.544831
0.545980
0.547127
0.548271
0.549411
0.550549
0.551684
0.552816
0.553946
0.555072
0.556196
0.557316
0.558434
0.559549
0.560662
0.561771
0.562878
0.563982
0.565083
0.566181
0.567277
0.568370
0.569460
0.570547
0.571632
0.572714
0.573793
0.574869
0.575943
0.577014
0.578082
0.579148
0.580211
0.581271
0.582329
0.583384
0.584436
0.585486
0.586533
0.587577
0.588619
0.589658
0.590695
0.591728
0.592760
0.593789
0.594815
0.595839
0.596860
0.597878
0.598894
0.599908
0.600919
0.601927
0.602933
0.603936
0.604937
0.605935
0.606931
0.607925
0.608916
0.609904
0.610890
0.611873
0.612855
0.613833
0.614809
0.615783
0.616754
0.617723
0.618690
0.619654
0.620616
0.621575
0.622532
0.623487
0.624439
0.625389
0.626336
0.627281
0.628224
0.629165
0.630103
0.631039
0.631972
0.632903
0.633832
0.634759
0.635683
0.636605
0.637525
0.638443
0.639358
0.640271
0.641182
0.642090
0.642996
0.643900
0.644802
0.645702
0.646599
0.647495
0.648388
0.649279
0.650167
0.651054
0.651938
0.652820
0.653700
0.654578
0.655454
0.656328
0.657199
0.658068
0.658936
0.659801
0.660664
0.661525
0.662384
0.663240
0.664095
0.664948
0.665798
0.666647
0.667493
0.668338
0.669180
0.670020
0.670859
0.671695
0.672529
0.673361
0.674192
0.675020
0.675846
0.676671
0.677493
0.678313
0.679132
0.679948
0.680763
0.681575
0.682386
0.683195
0.684002
0.684806
0.685609
0.686410
0.687210
0.688007
0.688802
0.689596
0.690387
0.691177
0.691965
0.692751
0.693535
0.694318
0.695098
0.695877
0.696654
0.697429
0.698202
0.698973
0.699743
0.700511
0.701277
0.702041
0.702804
0.703564
0.704323
0.705080
0.705836
0.706590
0.707342
0.708092
0.708840
0.709587
0.710332
0.711075
0.711817
0.712557
0.713295
0.714032
0.714767
0.715500
0.716231
0.716961
0.717690
0.718416
0.719141
0.719864
0.720586
0.721306
0.722025
0.722741
0.723457
0.724170
0.724882
0.725593
0.726301
0.727009
0.727714
0.728418
0.729121
0.729822
0.730521
0.731219
0.731916
0.732610
0.733304
0.733995
0.734686
0.735374
0.736062
0.736747
0.737432
0.738114
0.738796
0.739476
0.740154
0.740831
0.741506
0.742180
0.742853
0.743524
0.744193
0.744862
0.745528
0.746194
0.746858
0.747520
0.748181
0.748841
0.749500
0.750157
0.750812
0.751466
0.752119
0.752771
0.753421
0.754070
0.754717
0.755363
0.756008
0.756651
0.757293
0.757934
0.758574
0.759212
0.759849
0.760484
0.761119
0.761752
0.762383
0.763014
0.763643
0.764271
0.764898
0.765523
0.766147
0.766770
0.767392
0.768012
0.768631
0.769249
0.769866
0.770482
0.771096
0.771709
0.772321
0.772932
0.773541
0.774150
0.774757
0.775363
0.775968
0.776572
0.777174
0.777776
0.778376
0.778975
0.779573
0.780170
0.780766
0.781360
0.781954
0.782546
0.783137
0.783728
0.784317
0.784905
0.785492
0.786078
0.786662
0.787246
0.787829
0.788410
0.788991
0.789570
0.790149
0.790726
0.791303
0.791878
0.792452
0.793025
0.793598
0.794169
0.794739
0.795308
0.795877
0.796444
0.797010
0.797576
0.798140
0.798703
0.799266
0.799827
0.800387
0.800947
0.801505
0.802063
0.802620
0.803175
0.803730
0.804284
0.804837
0.805389
0.805940
0.806490
0.807039
0.807588
0.808135
0.808682
0.809227
0.809772
0.810316
0.810859
0.811401
0.811942
0.812483
0.813022
0.813561
0.814099
0.814636
0.815172
0.815707
0.816241
0.816775
0.817308
0.817840
0.818371
0.818901
0.819431
0.819959
0.820487
0.821014
0.821541
0.822066
0.822591
0.823115
0.823638
0.824160
0.824682
0.825202
0.825722
0.826242
0.826760
0.827278
0.827795
0.828311
0.828826
0.829341
0.829855
0.830368
0.830881
0.831392
0.831903
0.832413
0.832923
0.833432
0.833940
0.834447
0.834954
0.835460
0.835965
0.836470
0.836974
0.837477
0.837979
0.838481
0.838982
0.839482
0.839982
0.840481
0.840979
0.841477
0.841974
0.842470
0.842966
0.843461
0.843955
0.844449
0.844942
0.845434
0.845926
0.846417
0.846907
