0.011425
0.021774
0.026601
0.031494
0.036560
0.041892
0.047580
0.053696
0.060327
0.067582
0.075591
0.084511
0.094519
0.105846
0.118807
0.133821
0.151440
0.172421
0.197953
0.229951
0.271509
0.327497
0.403166
0.478550
0.474611
0.429286
0.421597
0.425127
0.429234
0.433442
0.437734
0.442103
0.446541
0.451043
0.455604
0.460220
0.464890
0.469609
0.474376
0.479326
0.484013
0.488761
0.493554
0.498390
0.503266
0.508181
0.513132
0.518118
0.523135
0.528183
0.533258
0.538359
0.543485
0.548632
0.553799
0.558984
0.564184
0.569398
0.574623
0.579858
0.585100
0.590347
0.595597
0.600848
0.606099
0.611346
0.616588
0.621823
0.627050
0.632265
0.637467
0.642654
0.647825
0.652977
0.658109
0.663218
0.668304
0.673364
0.678397
0.683401
0.688374
0.693316
0.698224
0.703097
0.707934
0.712734
0.717495
0.722215
0.726895
0.731532
0.736126
0.740675
0.745179
0.749637
0.754047
0.758410
0.762724
0.766989
0.771203
0.775367
0.779480
0.783541
0.787550
0.791507
0.795411
0.799261
0.803059
0.806802
0.810492
0.814129
0.817711
0.821239
0.824713
0.828134
0.831500
0.834813
0.838072
0.841278
0.844431
0.847530
0.850578
0.853572
0.856515
0.859406
0.862246
0.865035
0.867773
0.870461
0.873100
0.875690
0.878231
0.880724
0.883170
0.885569
0.887921
0.890228
0.892489
0.894706
0.896878
0.899007
0.901093
0.903137
0.905140
0.907101
0.909022
0.910904
0.912746
0.914550
0.916316
0.918045
0.919737
0.921393
0.923014
0.924601
0.926153
0.927672
0.929158
0.930613
0.932035
0.933427
0.934788
0.936119
0.937422
0.938695
0.939941
0.941159
0.942350
0.943515
0.944654
0.945768
0.946858
0.947923
0.948964
0.949982
0.950977
0.951951
0.952902
0.953832
0.954742
0.955631
0.956501
0.957351
0.958182
0.958994
0.959788
0.960565
0.961324
0.962067
0.962792
0.963502
0.964196
0.964874
0.965538
0.966187
0.966821
0.967441
0.968048
0.968641
0.969221
0.969788
0.970343
0.970885
0.971416
0.971935
0.972443
0.972940
0.973426
0.973901
0.974366
0.974821
0.975266
0.975701
0.976127
0.976544
0.976952
0.977351
0.977742
0.978125
0.978499
0.978865
0.979224
0.979575
0.979919
0.980255
0.980584
0.980907
0.981223
0.981532
0.981835
0.982131
0.982422
0.982706
0.982985
0.983258
0.983525
0.983787
0.984043
0.984295
0.984541
0.984783
0.985019
0.985251
0.985478
0.985701
0.985919
0.986133
0.986343
0.986548
0.986750
0.986947
0.987141
0.987331
0.987518
0.987700
0.987880
0.988055
0.988228
0.988397
0.988563
0.988726
0.988885
0.989042
0.989196
0.989346
0.989495
0.989640
0.989782
0.989922
0.990060
0.990195
0.990327
0.990457
0.990584
0.990710
0.990833
0.990953
0.991072
0.991188
0.991303
0.991415
0.991526
0.991634
0.991740
0.991845
0.991948
0.992049
0.992148
0.992245
0.992341
0.992435
0.992528
0.992619
0.992708
0.992796
0.992882
0.992967
0.993050
0.993132
0.993213
0.993292
0.993370
0.993447
0.993522
0.993596
0.993669
0.993740
0.993811
0.993880
0.993948
0.994015
0.994081
0.994146
0.994210
0.994273
0.994335
0.994395
0.994455
0.994514
0.994572
0.994629
0.994685
0.994740
0.994795
0.994848
0.994901
0.994953
0.995004
0.995054
0.995103
0.995152
0.995200
0.995247
0.995294
0.995339
0.995384
0.995429
0.995472
0.995515
0.995558
0.995599
0.995640
0.995681
0.995721
0.995760
0.995799
0.995837
0.995874
0.995911
0.995948
0.995984
0.996019
0.996054
0.996088
0.996122
0.996155
0.996188
0.996221
0.996253
0.996284
0.996315
0.996345
0.996376
0.996405
0.996435
0.996463
0.996492
0.996520
0.996547
0.996575
0.996601
0.996628
0.996654
0.996680
0.996705
0.996730
0.996755
0.996779
0.996803
0.996827
0.996850
0.996873
0.996896
0.996918
0.996940
0.996962
0.996983
0.997005
0.997026
0.997046
0.997066
0.997086
0.997106
0.997126
0.997145
0.997164
0.997183
0.997201
0.997219
0.997237
0.997255
0.997273
0.997290
0.997307
0.997324
0.997340
0.997357
0.997373
0.997389
0.997405
0.997420
0.997436
0.997451
0.997466
0.997480
0.997495
0.997509
0.997524
0.997538
0.997551
0.997565
0.997579
0.997592
0.997605
0.997618
0.997631
0.997643
0.997656
0.997668
0.997680
0.997692
0.997704
0.997716
0.997727
0.997739
0.997750
0.997761
0.997772
0.997783
0.997794
0.997804
0.997815
0.997825
0.997835
0.997845
0.997855
0.997865
0.997875
0.997884
0.997894
0.997903
0.997912
0.997921
0.997930
0.997939
0.997948
0.997957
0.997965
0.997974
0.997982
0.997990
0.997998
0.998007
0.998014
0.998022
0.998030
0.998038
0.998045
0.998053
0.998060
0.998068
0.998075
0.998082
0.998089
0.998096
0.998103
0.998110
0.998116
0.998123
0.998130
0.998136
0.998142
0.998149
0.998155
0.998161
0.998167
0.998173
0.998179
0.998185
0.998191
0.998197
0.998203
0.998208
0.998214
0.998219
0.998225
0.998230
0.998235
0.998241
0.998246
0.998251
0.998256
0.998261
0.998266
0.998271
0.998276
0.998280
0.998285
0.998290
0.998294
0.998299
0.998303
0.998308
0.998312
0.998317
0.998321
0.998325
0.998329
0.998334
0.998338
0.998342
0.998346
0.998350
0.998354
0.998358
0.998361
0.998365
0.998369
0.998373
0.998376
0.998380
0.998384
0.998387
0.998391
0.998394
0.998398
0.998401
0.998404
0.998408
0.998411
0.998414
0.998417
0.998420
0.998424
0.998427
0.998430
0.998433
0.998436
0.998439
0.998442
0.998445
0.998447
0.998450
0.998453
0.998456
0.998459
0.998461
0.998464
0.998467
0.998469
0.998472
0.998474
0.998477
0.998479
0.998482
0.998484
0.998487
0.998489
0.998492
0.998494
0.998496
0.998499
0.998501
0.998503
0.998505
0.998507
0.998510
0.998512
0.998514
0.998516
0.998518
0.998520
0.998522
0.998524
0.998526
0.998528
0.998530
0.998532
0.998534
0.998536
0.998538
0.998540
0.998541
0.998543
0.998545
0.998547
0.998548
0.998550
0.998552
0.998554
0.998555
