0.013895
0.029524
0.045567
0.062324
0.080147
0.099523
0.121308
0.147860
0.182077
0.215842
0.249152
0.272551
0.281848
0.281858
0.280159
0.280404
0.282096
0.284061
0.286031
0.287995
0.289953
0.291905
0.293851
0.295792
0.297727
0.299657
0.301582
0.303501
0.305415
0.307323
0.309227
0.311125
0.313018
0.314907
0.316790
0.318669
0.320543
0.322411
0.324276
0.326176
0.327873
0.329567
0.331259
0.332947
0.334631
0.336311
0.337988
0.339661
0.341330
0.342996
0.344658
0.346317
0.347972
0.349623
0.351271
0.352916
0.354557
0.356194
0.357828
0.359459
0.361087
0.362711
0.364332
0.365949
0.367564
0.369175
0.370783
0.372388
0.373989
0.375588
0.377183
0.378775
0.380365
0.381951
0.383534
0.385114
0.386692
0.388266
0.389838
0.391407
0.392973
0.394536
0.396096
0.397653
0.399208
0.400760
0.402310
0.403857
0.405401
0.406942
0.408482
0.410018
0.411552
0.413083
0.414613
0.416139
0.417663
0.419185
0.420705
0.422222
0.423737
0.425249
0.426759
0.428268
0.429773
0.431277
0.432779
0.434278
0.435776
0.437271
0.438764
0.440256
0.441745
0.443232
0.444718
0.446201
0.447683
0.449163
0.450641
0.452117
0.453591
0.455064
0.456535
0.458004
0.459472
0.460938
0.462402
0.463865
0.465326
0.466785
0.468243
0.469700
0.471155
0.472609
0.474061
0.475512
0.476961
0.478409
0.479856
0.481301
0.482746
0.484189
0.485630
0.487071
0.488510
0.489948
0.491385
0.492821
0.494256
0.495689
0.497122
0.498553
0.499984
0.501413
0.502842
0.504270
0.505696
0.507122
0.508547
0.509971
0.511394
0.512816
0.514238
0.515658
0.517078
0.518497
0.519916
0.521333
0.522750
0.524166
0.525582
0.526997
0.528411
0.529825
0.531238
0.532650
0.534062
0.535473
0.536884
0.538294
0.539704
0.541113
0.542522
0.543930
0.545337
0.546745
0.548151
0.549558
0.550964
0.552369
0.553774
0.555179
0.556584
0.557988
0.559391
0.560795
0.562198
0.563600
0.565003
0.566405
0.567807
0.569208
0.570609
0.572010
0.573411
0.574811
0.576211
0.577611
0.579011
0.580410
0.581809
0.583208
0.584607
0.586005
0.587404
0.588802
0.590199
0.591597
0.592994
0.594392
0.595789
0.597186
0.598582
0.599979
0.601375
0.602771
0.604167
0.605562
0.606958
0.608353
0.609748
0.611143
0.612537
0.613932
0.615326
0.616720
0.618114
0.619507
0.620901
0.622294
0.623687
0.625079
0.626472
0.627864
0.629256
0.630647
0.632039
0.633430
0.634820
0.636211
0.637601
0.638991
0.640380
0.641770
0.643159
0.644547
0.645935
0.647323
0.648710
0.650097
0.651484
0.652870
0.654256
0.655642
0.657027
0.658411
0.659795
0.661178
0.662562
0.663944
0.665326
0.666707
0.668088
0.669469
0.670848
0.672227
0.673606
0.674984
0.676361
0.677738
0.679113
0.680489
0.681863
0.683237
0.684610
0.685982
0.687353
0.688724
0.690094
0.691463
0.692831
0.694198
0.695564
0.696930
0.698294
0.699658
0.701020
0.702382
0.703742
0.705101
0.706460
0.707817
0.709173
0.710528
0.711882
0.713235
0.714586
0.715936
0.717286
0.718633
0.719980
0.721325
0.722669
0.724011
0.725352
0.726692
0.728030
0.729367
0.730702
0.732036
0.733368
0.734699
0.736028
0.737356
0.738682
0.740006
0.741329
0.742649
0.743969
0.745286
0.746602
0.747915
0.749227
0.750538
0.751846
0.753152
0.754457
0.755759
0.757060
0.758358
0.759655
0.760949
0.762241
0.763531
0.764819
0.766105
0.767389
0.768671
0.769950
0.771227
0.772501
0.773774
0.775044
0.776311
0.777576
0.778839
0.780100
0.781357
0.782613
0.783866
0.785116
0.786363
0.787608
0.788851
0.790091
0.791328
0.792562
0.793794
0.795022
0.796248
0.797472
0.798692
0.799910
0.801124
0.802336
0.803545
0.804750
0.805953
0.807153
0.808350
0.809543
0.810734
0.811921
0.813106
0.814287
0.815465
0.816640
0.817811
0.818979
0.820144
0.821306
0.822464
0.823619
0.824771
0.825919
0.827064
0.828205
0.829343
0.830478
0.831609
0.832736
0.833860
0.834980
0.836097
0.837210
0.838319
0.839425
0.840527
0.841625
0.842720
0.843811
0.844898
0.845981
0.847061
0.848137
0.849209
0.850277
0.851341
0.852401
0.853458
0.854510
0.855559
0.856604
0.857644
0.858681
0.859714
0.860742
0.861767
0.862787
0.863804
0.864816
0.865825
0.866829
0.867829
0.868825
0.869816
0.870804
0.871787
0.872767
0.873742
0.874712
0.875679
0.876641
0.877599
0.878553
0.879503
0.880448
0.881389
0.882325
0.883257
0.884185
0.885109
0.886028
0.886943
0.887854
0.888760
0.889661
0.890559
0.891452
0.892340
0.893224
0.894104
0.894979
0.895850
0.896716
0.897578
0.898436
0.899289
0.900137
0.900981
0.901821
0.902656
0.903486
0.904312
0.905134
0.905951
0.906764
0.907572
0.908376
0.909175
0.909969
0.910759
0.911545
0.912326
0.913103
0.913875
0.914642
0.915405
0.916164
0.916918
0.917667
0.918412
0.919153
0.919889
0.920620
0.921347
0.922070
0.922788
0.923501
0.924211
0.924915
0.925615
0.926311
0.927002
0.927689
0.928371
0.929049
0.929722
0.930391
0.931055
0.931715
0.932371
0.933022
0.933668
0.934311
0.934949
0.935582
0.936211
0.936836
0.937457
0.938073
0.938684
0.939292
0.939895
0.940493
0.941088
0.941678
0.942264
0.942845
0.943422
0.943995
0.944564
0.945128
0.945689
0.946245
0.946796
0.947344
0.947888
0.948427
0.948962
0.949493
0.950020
0.950542
0.951061
0.951575
0.952086
0.952592
0.953095
0.953593
0.954087
0.954577
0.955064
0.955546
0.956024
0.956499
0.956969
0.957435
0.957898
0.958357
0.958811
0.959262
0.959710
0.960153
0.960592
0.961028
0.961460
0.961888
0.962312
0.962733
0.963150
0.963563
0.963973
0.964379
0.964781
0.965180
0.965575
0.965966
0.966354
0.966738
0.967119
0.967497
0.967870
0.968241
0.968607
0.968971
0.969331
0.969687
0.970041
0.970390
0.970737
0.971080
0.971420
0.971756
0.972089
0.972419
0.972746
0.973070
0.973390
0.973707
0.974021
