0.010933
0.023251
0.035971
0.049379
0.064155
0.081337
0.091628
0.103216
0.118263
0.139583
0.168571
0.202224
0.233798
0.257235
0.270749
0.276668
0.278803
0.280022
0.281519
0.283365
0.285327
0.287295
0.289257
0.291213
0.293163
0.295108
0.297047
0.298980
0.300908
0.302830
0.304747
0.306659
0.308565
0.310466
0.312361
0.314251
0.316136
0.318016
0.319890
0.321808
0.323525
0.325231
0.326932
0.328630
0.330322
0.332011
0.333695
0.335376
0.337051
0.338723
0.340391
0.342054
0.343713
0.345369
0.347020
0.348667
0.350309
0.351948
0.353583
0.355213
0.356840
0.358463
0.360081
0.361696
0.363306
0.364913
0.366516
0.368115
0.369709
0.371300
0.372887
0.374470
0.376050
0.377625
0.379197
0.380764
0.382328
0.383888
0.385444
0.386997
0.388546
0.390091
0.391632
0.393169
0.394703
0.396233
0.397760
0.399282
0.400801
0.402317
0.403829
0.405337
0.406842
0.408343
0.409840
0.411334
0.412824
0.414311
0.415794
0.417274
0.418750
0.420223
0.421692
0.423158
0.424620
0.426079
0.427535
0.428987
0.430436
0.431881
0.433323
0.434762
0.436197
0.437629
0.439058
0.440484
0.441906
0.443325
0.444740
0.446153
0.447562
0.448968
0.450371
0.451771
0.453167
0.454560
0.455950
0.457338
0.458721
0.460102
0.461480
0.462855
0.464226
0.465595
0.466961
0.468323
0.469683
0.471039
0.472393
0.473743
0.475091
0.476436
0.477778
0.479117
0.480453
0.481786
0.483116
0.484444
0.485768
0.487090
0.488409
0.489725
0.491038
0.492349
0.493657
0.494962
0.496264
0.497564
0.498861
0.500155
0.501447
0.502736
0.504022
0.505306
0.506587
0.507866
0.509141
0.510415
0.511685
0.512954
0.514219
0.515482
0.516743
0.518001
0.519257
0.520510
0.521760
0.523009
0.524254
0.525498
0.526739
0.527977
0.529213
0.530447
0.531679
0.532908
0.534135
0.535359
0.536581
0.537801
0.539019
0.540234
0.541447
0.542658
0.543867
0.545073
0.546277
0.547479
0.548679
0.549877
0.551072
0.552266
0.553457
0.554646
0.555833
0.557018
0.558201
0.559382
0.560560
0.561737
0.562912
0.564085
0.565255
0.566424
0.567591
0.568755
0.569918
0.571079
0.572238
0.573395
0.574550
0.575703
0.576854
0.578004
0.579151
0.580297
0.581441
0.582583
0.583723
0.584861
0.585998
0.587133
0.588266
0.589397
0.590527
0.591655
0.592781
0.593905
0.595028
0.596148
0.597268
0.598385
0.599501
0.600615
0.601728
0.602839
0.603948
0.605056
0.606162
0.607267
0.608370
0.609471
0.610571
0.611669
0.612766
0.613861
0.614954
0.616046
0.617137
0.618226
0.619314
0.620400
0.621484
0.622568
0.623649
0.624730
0.625808
0.626886
0.627962
0.629036
0.630110
0.631181
0.632252
0.633321
0.634388
0.635455
0.636519
0.637583
0.638645
0.639706
0.640766
0.641824
0.642881
0.643937
0.644991
0.646044
0.647096
0.648146
0.649195
0.650243
0.651290
0.652336
0.653380
0.654423
0.655465
0.656505
0.657545
0.658583
0.659620
0.660655
0.661690
0.662723
0.663755
0.664786
0.665816
0.666845
0.667873
0.668899
0.669924
0.670948
0.671971
0.672993
0.674014
0.675033
0.676052
0.677069
0.678085
0.679100
0.680114
0.681127
0.682139
0.683150
0.684159
0.685168
0.686175
0.687182
0.688187
0.689191
0.690194
0.691197
0.692198
0.693198
0.694197
0.695194
0.696191
0.697187
0.698182
0.699176
0.700168
0.701160
0.702151
0.703140
0.704129
0.705116
0.706103
0.707088
0.708073
0.709056
0.710038
0.711020
0.712000
0.712979
0.713958
0.714935
0.715911
0.716886
0.717861
0.718834
0.719806
0.720777
0.721747
0.722716
0.723684
0.724652
0.725618
0.726583
0.727547
0.728510
0.729472
0.730433
0.731393
0.732352
0.733309
0.734266
0.735222
0.736177
0.737131
0.738084
0.739035
0.739986
0.740936
0.741884
0.742832
0.743778
0.744724
0.745668
0.746612
0.747554
0.748495
0.749435
0.750375
0.751313
0.752250
0.753186
0.754120
0.755054
0.755987
0.756919
0.757849
0.758779
0.759707
0.760634
0.761560
0.762485
0.763409
0.764332
0.765254
0.766174
0.767094
0.768012
0.768929
0.769845
0.770760
0.771674
0.772587
0.773498
0.774409
0.775318
0.776226
0.777132
0.778038
0.778942
0.779846
0.780748
0.781648
0.782548
0.783446
0.784343
0.785239
0.786134
0.787027
0.787920
0.788811
0.789700
0.790589
0.791476
0.792362
0.793246
0.794130
0.795012
0.795893
0.796772
0.797650
0.798527
0.799402
0.800276
0.801149
0.802021
0.802891
0.803760
0.804627
0.805493
0.806357
0.807221
0.808083
0.808943
0.809802
0.810660
0.811516
0.812371
0.813224
0.814076
0.814926
0.815775
0.816623
0.817469
0.818313
0.819156
0.819998
0.820838
0.821676
0.822513
0.823349
0.824183
0.825015
0.825846
0.826675
0.827503
0.828329
0.829154
0.829977
0.830798
0.831618
0.832436
0.833252
0.834067
0.834881
0.835692
0.836502
0.837311
0.838117
0.838922
0.839725
0.840527
0.841327
0.842125
0.842922
0.843716
0.844509
0.845301
0.846090
0.846878
0.847664
0.848448
0.849231
0.850012
0.850790
0.851568
0.852343
0.853116
0.853888
0.854658
0.855426
0.856192
0.856956
0.857718
0.858479
0.859238
0.859994
0.860749
0.861502
0.862253
0.863002
0.863750
0.864495
0.865238
0.865980
0.866719
0.867457
0.868192
0.868926
0.869657
0.870387
0.871114
0.871840
0.872564
0.873285
0.874005
0.874722
0.875437
0.876151
0.876862
0.877571
0.878279
0.878984
0.879687
0.880388
0.881087
0.881783
0.882478
0.883171
0.883861
0.884549
0.885236
0.885920
0.886602
0.887281
0.887959
0.888634
0.889307
0.889979
0.890647
0.891314
0.891979
0.892641
0.893301
0.893959
0.894615
0.895268
0.895919
0.896568
0.897215
0.897860
0.898502
0.899142
0.899780
0.900415
0.901049
0.901680
0.902308
0.902935
0.903559
0.904181
0.904801
0.905418
0.906033
0.906646
0.907256
0.907864
0.908470
0.909073
0.909674
0.910273
0.910870
0.911464
0.912055
0.912645
0.913232
0.913817
0.914399
