0.010953
0.023292
0.036032
0.049507
0.065074
0.086582
0.109147
0.141739
0.179705
0.214905
0.241632
0.258805
0.268541
0.273788
0.276859
0.279087
0.281076
0.283033
0.284999
0.286972
0.288942
0.290907
0.292866
0.294818
0.296765
0.298706
0.300642
0.302572
0.304496
0.306414
0.308327
0.310235
0.312137
0.314034
0.315925
0.317811
0.319692
0.321567
0.323438
0.325358
0.327081
0.328786
0.330486
0.332180
0.333870
0.335556
0.337238
0.338915
0.340588
0.342257
0.343921
0.345582
0.347238
0.348889
0.350537
0.352180
0.353819
0.355454
0.357085
0.358712
0.360334
0.361953
0.363567
0.365177
0.366783
0.368385
0.369983
0.371577
0.373167
0.374753
0.376334
0.377912
0.379486
0.381055
0.382621
0.384183
0.385740
0.387294
0.388844
0.390390
0.391932
0.393470
0.395004
0.396534
0.398060
0.399582
0.401101
0.402616
0.404126
0.405633
0.407137
0.408636
0.410131
0.411623
0.413111
0.414595
0.416076
0.417552
0.419025
0.420494
0.421959
0.423421
0.424879
0.426333
0.427784
0.429231
0.430674
0.432113
0.433549
0.434981
0.436410
0.437835
0.439256
0.440674
0.442088
0.443498
0.444905
0.446309
0.447708
0.449105
0.450497
0.451887
0.453272
0.454654
0.456033
0.457408
0.458780
0.460148
0.461513
0.462874
0.464232
0.465586
0.466937
0.468284
0.469628
0.470969
0.472306
0.473640
0.474971
0.476298
0.477621
0.478942
0.480259
0.481573
0.482883
0.484190
0.485494
0.486794
0.488092
0.489385
0.490676
0.491963
0.493248
0.494528
0.495806
0.497081
0.498352
0.499620
0.500884
0.502146
0.503404
0.504660
0.505912
0.507161
0.508406
0.509649
0.510888
0.512125
0.513358
0.514588
0.515815
0.517039
0.518260
0.519477
0.520692
0.521904
0.523112
0.524318
0.525520
0.526720
0.527916
0.529109
0.530300
0.531487
0.532672
0.533853
0.535032
0.536207
0.537380
0.538550
0.539716
0.540880
0.542041
0.543199
0.544354
0.545506
0.546655
0.547802
0.548945
0.550086
0.551224
0.552359
0.553491
0.554620
0.555746
0.556870
0.557991
0.559109
0.560224
0.561336
0.562446
0.563553
0.564657
0.565758
0.566857
0.567953
0.569046
0.570137
0.571224
0.572309
0.573392
0.574471
0.575548
0.576623
0.577694
0.578763
0.579829
0.580893
0.581954
0.583012
0.584068
0.585121
0.586172
0.587220
0.588265
0.589308
0.590348
0.591385
0.592421
0.593453
0.594483
0.595510
0.596535
0.597558
0.598577
0.599595
0.600609
0.601622
0.602632
0.603639
0.604644
0.605646
0.606646
0.607643
0.608639
0.609631
0.610621
0.611609
0.612594
0.613577
0.614558
0.615536
0.616512
0.617485
0.618456
0.619425
0.620391
0.621355
0.622316
0.623276
0.624232
0.625187
0.626139
0.627089
0.628037
0.628982
0.629925
0.630866
0.631805
0.632741
0.633675
0.634607
0.635536
0.636463
0.637388
0.638311
0.639232
0.640150
0.641066
0.641980
0.642892
0.643802
0.644709
0.645615
0.646518
0.647419
0.648317
0.649214
0.650109
0.651001
0.651891
0.652779
0.653666
0.654549
0.655431
0.656311
0.657189
0.658065
0.658938
0.659810
0.660679
0.661546
0.662412
0.663275
0.664137
0.664996
0.665853
0.666708
0.667562
0.668413
0.669262
0.670110
0.670955
0.671798
0.672640
0.673479
0.674317
0.675152
0.675986
0.676818
0.677648
0.678475
0.679301
0.680126
0.680948
0.681768
0.682587
0.683403
0.684218
0.685031
0.685842
0.686651
0.687458
0.688264
0.689067
0.689869
0.690669
0.691467
0.692263
0.693058
0.693851
0.694642
0.695431
0.696219
0.697004
0.697788
0.698570
0.699351
0.700129
0.700906
0.701682
0.702455
0.703227
0.703997
0.704765
0.705532
0.706297
0.707060
0.707822
0.708582
0.709340
0.710097
0.710852
0.711605
0.712357
0.713107
0.713855
0.714602
0.715347
0.716091
0.716833
0.717573
0.718312
0.719049
0.719785
0.720519
0.721252
0.721982
0.722712
0.723440
0.724166
0.724891
0.725614
0.726335
0.727056
0.727774
0.728491
0.729207
0.729921
0.730634
0.731345
0.732054
0.732762
0.733469
0.734174
0.734878
0.735580
0.736281
0.736981
0.737679
0.738375
0.739070
0.739764
0.740457
0.741147
0.741837
0.742525
0.743212
0.743897
0.744581
0.745264
0.745945
0.746625
0.747303
0.747980
0.748656
0.749331
0.750004
0.750675
0.751346
0.752015
0.752683
0.753349
0.754014
0.754678
0.755341
0.756002
0.756662
0.757321
0.757979
0.758635
0.759290
0.759943
0.760596
0.761247
0.761897
0.762546
0.763193
0.763840
0.764485
0.765128
0.765771
0.766412
0.767053
0.767692
0.768330
0.768966
0.769602
0.770236
0.770869
0.771501
0.772132
0.772761
0.773390
0.774017
0.774643
0.775268
0.775892
0.776515
0.777137
0.777757
0.778377
0.778995
0.779612
0.780228
0.780843
0.781457
0.782070
0.782682
0.783292
0.783902
0.784510
0.785118
0.785724
0.786329
0.786934
0.787537
0.788139
0.788740
0.789340
0.789939
0.790537
0.791134
0.791730
0.792325
0.792919
0.793512
0.794104
0.794695
0.795285
0.795874
0.796462
0.797049
0.797635
0.798220
0.798804
0.799387
0.799969
0.800551
0.801131
0.801710
0.802288
0.802866
0.803442
0.804018
0.804592
0.805166
0.805739
0.806311
0.806881
0.807451
0.808020
0.808589
0.809156
0.809722
0.810287
0.810852
0.811416
0.811978
0.812540
0.813101
0.813661
0.814221
0.814779
0.815336
0.815893
0.816449
0.817004
0.817558
0.818111
0.818663
0.819215
0.819765
0.820315
0.820864
0.821412
0.821959
0.822506
0.823051
0.823596
0.824140
0.824683
0.825225
0.825767
0.826308
0.826847
0.827387
0.827925
0.828462
0.828999
0.829535
0.830070
0.830604
0.831137
0.831670
0.832202
0.832733
0.833263
0.833793
0.834322
0.834850
0.835377
0.835903
0.836429
0.836954
0.837478
0.838001
0.838524
0.839046
0.839567
0.840087
0.840607
0.841125
0.841643
0.842161
0.842677
0.843193
0.843708
0.844222
0.844736
0.845249
0.845761
0.846272
0.846783
0.847293
0.847802
0.848310
0.848818
0.849325
0.849831
