0.006745
0.011970
0.016555
0.020856
0.025038
0.029203
0.033429
0.037785
0.042355
0.047225
0.052478
0.058206
0.064511
0.071503
0.079320
0.088145
0.098215
0.109816
0.123332
0.139358
0.158719
0.182613
0.213134
0.254090
0.312922
0.406061
0.570028
0.809637
0.964324
0.993969
0.995409
0.995521
0.995619
0.995715
0.995810
0.995904
0.995995
0.996084
0.996171
0.996255
0.996337
0.996415
0.996491
0.996565
0.996635
0.996703
0.996768
0.996830
0.996889
0.996946
0.997001
0.997052
0.997102
0.997149
0.997193
0.997236
0.997276
0.997314
0.997350
0.997384
0.997416
0.997447
0.997475
0.997502
0.997528
0.997551
0.997574
0.997595
0.997615
0.997633
0.997651
0.997667
0.997682
0.997696
0.997710
0.997722
0.997733
0.997744
0.997754
0.997764
0.997772
0.997780
0.997788
0.997795
0.997801
0.997807
0.997813
0.997818
0.997822
0.997827
0.997831
0.997835
0.997838
0.997841
0.997844
0.997847
0.997849
0.997852
0.997854
0.997856
0.997858
0.997859
0.997861
0.997862
0.997863
0.997864
0.997866
0.997867
0.997867
0.997868
0.997869
0.997870
0.997870
0.997871
0.997871
0.997872
0.997872
0.997873
0.997873
0.997873
0.997874
0.997874
0.997874
0.997874
0.997875
0.997875
0.997875
0.997875
0.997875
0.997875
0.997876
0.997876
0.997876
0.997876
0.997876
0.997876
0.997876
0.997876
0.997876
0.997876
0.997876
0.997876
0.997876
0.997876
0.997876
0.997876
0.997876
0.997876
0.997876
0.997876
0.997876
0.997876
0.997876
0.997877
0.997877
0.997877
0.997877
0.997877
0.997877
0.997877
0.997877
0.997877
0.997877
0.997877
0.997877
0.997877
0.997877
0.997877
0.997877
0.997877
0.997877
0.997877
0.997877
0.997877
0.997877
0.997877
0.997877
0.997877
0.997877
0.997877
0.997877
0.997877
0.997877
0.997877
0.997877
0.997877
0.997877
0.997877
0.997877
0.997877
0.997877
0.997877
0.997877
0.997877
0.997877
0.997877
0.997877
0.997877
0.997877
0.997877
0.997877
0.997877
0.997877
0.997877
0.997877
0.997877
0.997877
0.997877
0.997877
0.997877
0.997877
0.997877
0.997877
0.997877
0.997877
0.997877
0.997877
0.997877
0.997877
0.997877
0.997877
0.997877
0.997877
0.997877
0.997877
0.997877
0.997877
0.997877
0.997877
0.997877
0.997877
0.997877
0.997877
0.997877
0.997877
0.997877
0.997877
0.997877
0.997877
0.997877
0.997877
0.997877
0.997877
0.997877
0.997877
0.997877
0.997877
0.997877
0.997877
0.997877
0.997877
0.997877
0.997877
0.997877
0.997877
0.997877
0.997877
0.997877
0.997877
0.997877
0.997877
0.997877
0.997877
0.997877
0.997877
0.997877
0.997877
0.997877
0.997877
0.997877
0.997877
0.997877
0.997877
0.997877
0.997877
0.997877
0.997877
0.997877
0.997877
0.997877
0.997877
0.997877
0.997877
0.997877
0.997877
0.997877
0.997877
0.997877
0.997877
0.997877
0.997877
0.997877
0.997877
0.997877
0.997877
0.997877
0.997877
0.997877
0.997877
0.997877
0.997877
0.997877
0.997877
0.997877
0.997877
0.997877
0.997877
0.997877
0.997877
0.997877
0.997877
0.997877
0.997877
0.997877
0.997877
0.997877
0.997877
0.997877
0.997877
0.997877
0.997877
0.997877
0.997877
0.997877
0.997877
0.997877
0.997877
0.997877
0.997877
0.997877
0.997877
0.997877
0.997877
0.997877
0.997877
0.997877
0.997877
0.997877
0.997877
0.997877
0.997877
0.997877
0.997877
0.997877
0.997877
0.997877
0.997877
0.997877
0.997877
0.997877
0.997877
0.997877
0.997877
0.997877
0.997877
0.997877
0.997877
0.997877
0.997877
0.997877
0.997877
0.997877
0.997877
0.997877
0.997877
0.997877
0.997877
0.997877
0.997877
0.997877
0.997877
0.997877
0.997877
0.997877
0.997877
0.997877
0.997877
0.997877
0.997877
0.997877
0.997877
0.997877
0.997877
0.997877
0.997877
0.997877
0.997877
0.997877
0.997877
0.997877
0.997877
0.997877
0.997877
0.997877
0.997877
0.997877
0.997877
0.997877
0.997877
0.997877
0.997877
0.997877
0.997877
0.997877
0.997877
0.997877
0.997877
0.997877
0.997877
0.997877
0.997877
0.997877
0.997877
0.997877
0.997877
0.997877
0.997877
0.997877
0.997877
0.997877
0.997877
0.997877
0.997877
0.997877
0.997877
0.997877
0.997877
0.997877
0.997877
0.997877
0.997877
0.997877
0.997877
0.997877
0.997877
0.997877
0.997877
0.997877
0.997877
0.997877
0.997877
0.997877
0.997877
0.997877
0.997877
0.997877
0.997877
0.997877
0.997877
0.997877
0.997877
0.997877
0.997877
0.997877
0.997877
0.997877
0.997877
0.997877
0.997877
0.997877
0.997877
0.997877
0.997877
0.997877
0.997877
0.997877
0.997877
0.997877
0.997877
0.997877
0.997877
0.997877
0.997877
0.997877
0.997877
0.997877
0.997877
0.997877
0.997877
0.997877
0.997877
0.997877
0.997877
0.997877
0.997877
0.997877
0.997877
0.997877
0.997877
0.997877
0.997877
0.997877
0.997877
0.997877
0.997877
0.997877
0.997877
0.997877
0.997877
0.997877
0.997877
0.997877
0.997877
0.997877
0.997877
0.997877
0.997877
0.997877
0.997877
0.997877
0.997877
0.997877
0.997877
0.997877
0.997877
0.997877
0.997877
0.997877
0.997877
0.997877
0.997877
0.997877
0.997877
0.997877
0.997877
0.997877
0.997877
0.997877
0.997877
0.997877
0.997877
0.997877
0.997877
0.997877
0.997877
0.997877
0.997877
0.997877
0.997877
0.997877
0.997877
0.997877
0.997877
0.997877
0.997877
0.997877
0.997877
0.997877
0.997877
0.997877
0.997877
0.997877
0.997877
0.997877
0.997877
0.997877
0.997877
0.997877
0.997877
0.997877
0.997877
0.997877
0.997877
0.997877
0.997877
0.997877
0.997877
0.997877
0.997877
0.997877
0.997877
0.997877
0.997877
0.997877
0.997877
0.997877
0.997877
0.997877
0.997877
0.997877
0.997877
0.997877
0.997877
0.997877
0.997877
0.997877
0.997877
0.997877
0.997877
0.997877
0.997877
0.997877
0.997877
0.997877
0.997877
0.997877
0.997877
0.997877
0.997877
0.997877
