0.011658
0.016727
0.021492
0.026142
0.030803
0.035573
0.040546
0.045813
0.051445
0.057536
0.064192
0.071535
0.079708
0.088875
0.099256
0.111149
0.124940
0.141122
0.160426
0.184007
0.213677
0.252444
0.305689
0.383777
0.504508
0.655563
0.747318
0.769547
0.774437
0.778338
0.782315
0.786360
0.790457
0.794590
0.798749
0.802924
0.807107
0.811293
0.815474
0.819799
0.823905
0.827998
0.832074
0.836126
0.840153
0.844148
0.848111
0.852037
0.855923
0.859767
0.863566
0.867318
0.871021
0.874672
0.878270
0.881813
0.885300
0.888728
0.892098
0.895406
0.898653
0.901838
0.904959
0.908017
0.911010
0.913938
0.916800
0.919598
0.922329
0.924995
0.927595
0.930130
0.932600
0.935005
0.937345
0.939622
0.941835
0.943985
0.946073
0.948100
0.950066
0.951973
0.953820
0.955610
0.957342
0.959019
0.960640
0.962208
0.963722
0.965185
0.966597
0.967960
0.969274
0.970541
0.971762
0.972937
0.974069
0.975158
0.976206
0.977213
0.978182
0.979112
0.980005
0.980862
0.981684
0.982473
0.983229
0.983954
0.984648
0.985313
0.985949
0.986558
0.987140
0.987697
0.988229
0.988737
0.989223
0.989686
0.990129
0.990550
0.990953
0.991336
0.991702
0.992050
0.992382
0.992698
0.992998
0.993284
0.993556
0.993814
0.994060
0.994293
0.994515
0.994726
0.994925
0.995115
0.995295
0.995466
0.995628
0.995781
0.995926
0.996064
0.996194
0.996318
0.996435
0.996545
0.996650
0.996749
0.996843
0.996931
0.997015
0.997094
0.997168
0.997239
0.997305
0.997368
0.997427
0.997483
0.997536
0.997586
0.997633
0.997677
0.997719
0.997758
0.997795
0.997830
0.997863
0.997894
0.997923
0.997951
0.997976
0.998001
0.998024
0.998045
0.998065
0.998084
0.998102
0.998119
0.998135
0.998150
0.998164
0.998177
0.998189
0.998201
0.998212
0.998222
0.998232
0.998241
0.998249
0.998257
0.998265
0.998272
0.998279
0.998285
0.998291
0.998296
0.998301
0.998306
0.998311
0.998315
0.998319
0.998323
0.998326
0.998329
0.998333
0.998336
0.998338
0.998341
0.998343
0.998346
0.998348
0.998350
0.998352
0.998353
0.998355
0.998357
0.998358
0.998359
0.998361
0.998362
0.998363
0.998364
0.998365
0.998366
0.998367
0.998368
0.998369
0.998369
0.998370
0.998371
0.998371
0.998372
0.998372
0.998373
0.998373
0.998374
0.998374
0.998375
0.998375
0.998376
0.998376
0.998376
0.998377
0.998377
0.998377
0.998377
0.998378
0.998378
0.998378
0.998378
0.998378
0.998379
0.998379
0.998379
0.998379
0.998379
0.998379
0.998379
0.998380
0.998380
0.998380
0.998380
0.998380
0.998380
0.998380
0.998380
0.998380
0.998380
0.998381
0.998381
0.998381
0.998381
0.998381
0.998381
0.998381
0.998381
0.998381
0.998381
0.998381
0.998381
0.998381
0.998381
0.998381
0.998381
0.998381
0.998381
0.998381
0.998381
0.998381
0.998381
0.998382
0.998382
0.998382
0.998382
0.998382
0.998382
0.998382
0.998382
0.998382
0.998382
0.998382
0.998382
0.998382
0.998382
0.998382
0.998382
0.998382
0.998382
0.998382
0.998382
0.998382
0.998382
0.998382
0.998382
0.998382
0.998382
0.998382
0.998382
0.998382
0.998382
0.998382
0.998382
0.998382
0.998382
0.998382
0.998382
0.998382
0.998382
0.998382
0.998382
0.998382
0.998382
0.998382
0.998382
0.998382
0.998382
0.998382
0.998382
0.998382
0.998382
0.998382
0.998382
0.998382
0.998382
0.998382
0.998382
0.998382
0.998382
0.998382
0.998382
0.998382
0.998382
0.998382
0.998382
0.998382
0.998382
0.998382
0.998382
0.998382
0.998382
0.998382
0.998382
0.998382
0.998382
0.998382
0.998382
0.998382
0.998382
0.998382
0.998382
0.998382
0.998382
0.998382
0.998382
0.998382
0.998382
0.998382
0.998382
0.998382
0.998382
0.998382
0.998382
0.998382
0.998382
0.998382
0.998382
0.998382
0.998382
0.998382
0.998382
0.998382
0.998382
0.998382
0.998382
0.998382
0.998382
0.998382
0.998382
0.998382
0.998382
0.998382
0.998382
0.998382
0.998382
0.998382
0.998382
0.998382
0.998382
0.998382
0.998382
0.998382
0.998382
0.998382
0.998382
0.998382
0.998382
0.998382
0.998382
0.998382
0.998382
0.998382
0.998382
0.998382
0.998382
0.998382
0.998382
0.998382
0.998382
0.998382
0.998382
0.998382
0.998382
0.998382
0.998382
0.998382
0.998382
0.998382
0.998382
0.998382
0.998382
0.998382
0.998382
0.998382
0.998382
0.998382
0.998382
0.998382
0.998382
0.998382
0.998382
0.998382
0.998382
0.998382
0.998382
0.998382
0.998382
0.998382
0.998382
0.998382
0.998382
0.998382
0.998382
0.998382
0.998382
0.998382
0.998382
0.998382
0.998382
0.998382
0.998382
0.998382
0.998382
0.998382
0.998382
0.998382
0.998382
0.998382
0.998382
0.998382
0.998382
0.998382
0.998382
0.998382
0.998382
0.998382
0.998382
0.998382
0.998382
0.998382
0.998382
0.998382
0.998382
0.998382
0.998382
0.998382
0.998382
0.998382
0.998382
0.998382
0.998382
0.998382
0.998382
0.998382
0.998382
0.998382
0.998382
0.998382
0.998382
0.998382
0.998382
0.998382
0.998382
0.998382
0.998382
0.998382
0.998382
0.998382
0.998382
0.998382
0.998382
0.998382
0.998382
0.998382
0.998382
0.998382
0.998382
0.998382
0.998382
0.998382
0.998382
0.998382
0.998382
0.998382
0.998382
0.998382
0.998382
0.998382
0.998382
0.998382
0.998382
0.998382
0.998382
0.998382
0.998382
0.998382
0.998382
0.998382
0.998382
0.998382
0.998382
0.998382
0.998382
0.998382
0.998382
0.998382
0.998382
0.998382
0.998382
0.998382
0.998382
0.998382
0.998382
0.998382
0.998382
0.998382
0.998382
0.998382
0.998382
0.998382
0.998382
0.998382
0.998382
0.998382
0.998382
0.998382
0.998382
0.998382
0.998382
0.998382
0.998382
0.998382
0.998382
0.998382
0.998382
0.998382
0.998382
0.998382
0.998382
0.998382
0.998382
0.998382
0.998382
0.998382
0.998382
0.998382
0.998382
0.998382
0.998382
0.998382
0.998382
