0.341374
0.509143
0.565393
0.607371
0.640713
0.668401
0.692126
0.712904
0.731385
0.748047
0.763241
0.777226
0.790194
0.802308
0.813706
0.824502
0.834776
0.844624
0.854180
0.863611
0.873169
0.883493
0.893643
0.898997
0.902221
0.905234
0.908148
0.910961
0.913674
0.916286
0.918798
0.921211
0.923525
0.925742
0.927862
0.929888
0.931820
0.933661
0.935412
0.937143
0.938714
0.940204
0.941615
0.942949
0.944208
0.945395
0.946513
0.947563
0.948550
0.949475
0.950341
0.951151
0.951907
0.952612
0.953269
0.953880
0.954447
0.954973
0.955461
0.955912
0.956329
0.956713
0.957067
0.957393
0.957693
0.957968
0.958220
0.958451
0.958662
0.958854
0.959030
0.959190
0.959335
0.959467
0.959587
0.959695
0.959793
0.959882
0.959962
0.960034
0.960099
0.960157
0.960210
0.960257
0.960299
0.960336
0.960370
0.960400
0.960426
0.960450
0.960471
0.960490
0.960507
0.960521
0.960534
0.960546
0.960556
0.960565
0.960573
0.960580
0.960586
0.960591
0.960596
0.960600
0.960603
0.960606
0.960609
0.960611
0.960613
0.960615
0.960617
0.960618
0.960619
0.960620
0.960621
0.960622
0.960622
0.960623
0.960623
0.960624
0.960624
0.960624
0.960625
0.960625
0.960625
0.960625
0.960625
0.960626
0.960626
0.960626
0.960626
0.960626
0.960626
0.960626
0.960626
0.960626
0.960626
0.960626
0.960626
0.960626
0.960626
0.960626
0.960626
0.960626
0.960626
0.960626
0.960626
0.960626
0.960626
0.960626
0.960626
0.960626
0.960626
0.960626
0.960626
0.960626
0.960626
0.960626
0.960626
0.960626
0.960626
0.960626
0.960626
0.960626
0.960626
0.960626
0.960626
0.960626
0.960626
0.960626
0.960626
0.960626
0.960626
0.960626
0.960626
0.960626
0.960626
0.960626
0.960626
0.960626
0.960626
0.960626
0.960626
0.960626
0.960626
0.960626
0.960626
0.960626
0.960626
0.960626
0.960626
0.960626
0.960626
0.960626
0.960626
0.960626
0.960626
0.960626
0.960626
0.960626
0.960626
0.960626
0.960626
0.960626
0.960626
0.960626
0.960626
0.960626
0.960626
0.960626
0.960626
0.960626
0.960626
0.960626
0.960626
0.960626
0.960626
0.960626
0.960626
0.960626
0.960626
0.960626
0.960626
0.960626
0.960626
0.960626
0.960626
0.960626
0.960626
0.960626
0.960626
0.960626
0.960626
0.960626
0.960626
0.960626
0.960626
0.960626
0.960626
0.960626
0.960626
0.960626
0.960626
0.960626
0.960626
0.960626
0.960626
0.960626
0.960626
0.960626
0.960626
0.960626
0.960626
0.960626
0.960626
0.960626
0.960626
0.960626
0.960626
0.960626
0.960626
0.960626
0.960626
0.960626
0.960626
0.960626
0.960626
0.960626
0.960626
0.960626
0.960626
0.960626
0.960626
0.960626
0.960626
0.960626
0.960626
0.960626
0.960626
0.960626
0.960626
0.960626
0.960626
0.960626
0.960626
0.960626
0.960626
0.960626
0.960626
0.960626
0.960626
0.960626
0.960626
0.960626
0.960626
0.960626
0.960626
0.960626
0.960626
0.960626
0.960626
0.960626
0.960626
0.960626
0.960626
0.960626
0.960626
0.960626
0.960626
0.960626
0.960626
0.960626
0.960626
0.960626
0.960626
0.960626
0.960626
0.960626
0.960626
0.960626
0.960626
0.960626
0.960626
0.960626
0.960626
0.960626
0.960626
0.960626
0.960626
0.960626
0.960626
0.960626
0.960626
0.960626
0.960626
0.960626
0.960626
0.960626
0.960626
0.960626
0.960626
0.960626
0.960626
0.960626
0.960626
0.960626
0.960626
0.960626
0.960626
0.960626
0.960626
0.960626
0.960626
0.960626
0.960626
0.960626
0.960626
0.960626
0.960626
0.960626
0.960626
0.960626
0.960626
0.960626
0.960626
0.960626
0.960626
0.960626
0.960626
0.960626
0.960626
0.960626
0.960626
0.960626
0.960626
0.960626
0.960626
0.960626
0.960626
0.960626
0.960626
0.960626
0.960626
0.960626
0.960626
0.960626
0.960626
0.960626
0.960626
0.960626
0.960626
0.960626
0.960626
0.960626
0.960626
0.960626
0.960626
0.960626
0.960626
0.960626
0.960626
0.960626
0.960626
0.960626
0.960626
0.960626
0.960626
0.960626
0.960626
0.960626
0.960626
0.960626
0.960626
0.960626
0.960626
0.960626
0.960626
0.960626
0.960626
0.960626
0.960626
0.960626
0.960626
0.960626
0.960626
0.960626
0.960626
0.960626
0.960626
0.960626
0.960626
0.960626
0.960626
0.960626
0.960626
0.960626
0.960626
0.960626
0.960626
0.960626
0.960626
0.960626
0.960626
0.960626
0.960626
0.960626
0.960626
0.960626
0.960626
0.960626
0.960626
0.960626
0.960626
0.960626
0.960626
0.960626
0.960626
0.960626
0.960626
0.960626
0.960626
0.960626
0.960626
0.960626
0.960626
0.960626
0.960626
0.960626
0.960626
0.960626
0.960626
0.960626
0.960626
0.960626
0.960626
0.960626
0.960626
0.960626
0.960626
0.960626
0.960626
0.960626
0.960626
0.960626
0.960626
0.960626
0.960626
0.960626
0.960626
0.960626
0.960626
0.960626
0.960626
0.960626
0.960626
0.960626
0.960626
0.960626
0.960626
0.960626
0.960626
0.960626
0.960626
0.960626
0.960626
0.960626
0.960626
0.960626
0.960626
0.960626
0.960626
0.960626
0.960626
0.960626
0.960626
0.960626
0.960626
0.960626
0.960626
0.960626
0.960626
0.960626
0.960626
0.960626
0.960626
0.960626
0.960626
0.960626
0.960626
0.960626
0.960626
0.960626
0.960626
0.960626
0.960626
0.960626
0.960626
0.960626
0.960626
0.960626
0.960626
0.960626
0.960626
0.960626
0.960626
0.960626
0.960626
0.960626
0.960626
0.960626
0.960626
0.960626
0.960626
0.960626
0.960626
0.960626
0.960626
0.960626
0.960626
0.960626
0.960626
0.960626
0.960626
0.960626
0.960626
0.960626
0.960626
0.960626
0.960626
0.960626
0.960626
0.960626
0.960626
0.960626
0.960626
0.960626
0.960626
0.960626
0.960626
0.960626
0.960626
0.960626
0.960626
0.960626
0.960626
0.960626
0.960626
0.960626
0.960626
0.960626
0.960626
0.960626
0.960626
0.960626
0.960626
0.960626
0.960626
0.960626
0.960626
0.960626
