0.052522
0.115250
0.170378
0.184954
0.178889
0.181804
0.193150
0.204828
0.215608
0.225646
0.235073
0.243970
0.252441
0.260619
0.268660
0.276768
0.285468
0.295049
0.299558
0.301588
0.303543
0.305495
0.307443
0.309388
0.311329
0.313267
0.315202
0.317134
0.319062
0.320988
0.322911
0.324831
0.326749
0.328664
0.330577
0.332488
0.334397
0.336304
0.338210
0.340140
0.341865
0.343604
0.345345
0.347086
0.348826
0.350566
0.352306
0.354047
0.355787
0.357528
0.359268
0.361010
0.362752
0.364494
0.366237
0.367981
0.369726
0.371471
0.373218
0.374966
0.376715
0.378465
0.380217
0.381971
0.383726
0.385482
0.387240
0.389001
0.390763
0.392527
0.394293
0.396062
0.397833
0.399606
0.401381
0.403160
0.404940
0.406724
0.408510
0.410300
0.412092
0.413887
0.415686
0.417488
0.419293
0.421101
0.422913
0.424729
0.426548
0.428371
0.430197
0.432028
0.433862
0.435701
0.437544
0.439390
0.441242
0.443097
0.444957
0.446821
0.448690
0.450564
0.452442
0.454325
0.456212
0.458105
0.460002
0.461905
0.463813
0.465725
0.467643
0.469566
0.471495
0.473428
0.475368
0.477312
0.479262
0.481218
0.483179
0.485146
0.487118
0.489096
0.491080
0.493070
0.495065
0.497067
0.499074
0.501087
0.503106
0.505131
0.507162
0.509199
0.511242
0.513291
0.515346
0.517407
0.519474
0.521547
0.523626
0.525712
0.527803
0.529901
0.532004
0.534114
0.536230
0.538351
0.540479
0.542613
0.544753
0.546899
0.549051
0.551208
0.553372
0.555542
0.557717
0.559898
0.562085
0.564278
0.566477
0.568681
0.570891
0.573106
0.575327
0.577553
0.579785
0.582022
0.584264
0.586511
0.588764
0.591022
0.593285
0.595552
0.597825
0.600102
0.602384
0.604671
0.606962
0.609257
0.611557
0.613861
0.616169
0.618482
0.620798
0.623118
0.625442
0.627769
0.630100
0.632435
0.634772
0.637113
0.639457
0.641804
0.644153
0.646506
0.648860
0.651218
0.653577
0.655939
0.658303
0.660668
0.663035
0.665404
0.667775
0.670146
0.672519
0.674893
0.677267
0.679643
0.682018
0.684395
0.686771
0.689148
0.691524
0.693900
0.696276
0.698651
0.701025
0.703399
0.705771
0.708142
0.710512
0.712880
0.715246
0.717610
0.719973
0.722332
0.724690
0.727044
0.729396
0.731745
0.734091
0.736433
0.738772
0.741107
0.743438
0.745764
0.748087
0.750405
0.752719
0.755027
0.757331
0.759629
0.761922
0.764210
0.766492
0.768767
0.771037
0.773300
0.775557
0.777808
0.780051
0.782287
0.784517
0.786739
0.788953
0.791160
0.793358
0.795549
0.797731
0.799906
0.802071
0.804228
0.806376
0.808514
0.810644
0.812764
0.814874
0.816975
0.819066
0.821147
0.823218
0.825278
0.827328
0.829367
0.831396
0.833413
0.835420
0.837415
0.839399
0.841371
0.843331
0.845280
0.847217
0.849142
0.851055
0.852956
0.854844
0.856720
0.858583
0.860433
0.862270
0.864095
0.865906
0.867704
0.869489
0.871261
0.873019
0.874764
0.876495
0.878212
0.879916
0.881605
0.883281
0.884943
0.886590
0.888224
0.889843
0.891448
0.893038
0.894615
0.896176
0.897724
0.899256
0.900774
0.902278
0.903767
0.905241
0.906700
0.908145
0.909575
0.910990
0.912390
0.913775
0.915146
0.916502
0.917843
0.919169
0.920480
0.921776
0.923058
0.924325
0.925577
0.926814
0.928036
0.929244
0.930436
0.931614
0.932778
0.933927
0.935061
0.936181
0.937286
0.938376
0.939453
0.940514
0.941562
0.942595
0.943614
0.944619
0.945610
0.946586
0.947549
0.948498
0.949433
0.950354
0.951262
0.952156
0.953036
0.953904
0.954757
0.955598
0.956425
0.957239
0.958040
0.958829
0.959604
0.960367
0.961117
0.961855
0.962581
0.963294
0.963994
0.964683
0.965360
0.966025
0.966678
0.967320
0.967950
0.968568
0.969175
0.969772
0.970357
0.970931
0.971494
0.972046
0.972588
0.973120
0.973641
0.974152
0.974652
0.975143
0.975624
0.976095
0.976557
0.977009
0.977451
0.977885
0.978309
0.978724
0.979131
0.979528
0.979917
0.980298
0.980670
0.981034
0.981390
0.981737
0.982077
0.982409
0.982734
0.983051
0.983360
0.983663
0.983958
0.984246
0.984527
0.984801
0.985069
0.985330
0.985585
0.985833
0.986075
0.986311
0.986541
0.986765
0.986984
0.987197
0.987404
0.987605
0.987802
0.987993
0.988179
0.988360
0.988536
0.988708
0.988874
0.989036
0.989194
0.989347
0.989495
0.989640
0.989780
0.989916
0.990049
0.990177
0.990302
0.990423
0.990540
0.990654
0.990765
0.990872
0.990976
0.991077
0.991174
0.991269
0.991360
0.991449
0.991535
0.991618
0.991698
0.991776
0.991852
0.991925
0.991995
0.992063
0.992129
0.992193
0.992255
0.992314
0.992372
0.992427
0.992481
0.992532
0.992582
0.992630
0.992677
0.992722
0.992765
0.992807
0.992847
0.992886
0.992923
0.992959
0.992993
0.993027
0.993059
0.993090
0.993119
0.993148
0.993175
0.993202
0.993227
0.993252
0.993275
0.993298
0.993319
0.993340
0.993360
0.993379
0.993398
0.993415
0.993432
0.993449
0.993464
0.993479
0.993493
0.993507
0.993520
0.993533
0.993545
0.993556
0.993567
0.993578
0.993588
0.993598
0.993607
0.993616
0.993624
0.993632
0.993640
0.993647
0.993654
0.993661
0.993667
0.993673
0.993679
0.993684
0.993690
0.993695
0.993700
0.993704
0.993708
0.993713
0.993717
0.993720
0.993724
0.993727
0.993730
0.993734
0.993736
0.993739
0.993742
0.993744
0.993747
0.993749
0.993751
0.993753
0.993755
0.993757
0.993759
0.993760
0.993762
0.993763
0.993765
0.993766
0.993767
0.993768
0.993769
0.993771
0.993772
0.993772
0.993773
0.993774
0.993775
0.993776
0.993776
0.993777
0.993778
0.993778
0.993779
0.993779
0.993780
0.993780
0.993781
0.993781
0.993782
0.993782
0.993782
0.993783
0.993783
0.993783
0.993784
0.993784
0.993784
0.993784
0.993785
0.993785
0.993785
0.993785
0.993785
0.993785
0.993786
0.993786
0.993786
0.993786
0.993786
0.993786
0.993786
0.993786
0.993786
