0.013885
0.029503
0.045536
0.062284
0.080099
0.099454
0.121017
0.146430
0.178005
0.209424
0.244119
0.272444
0.285512
0.285247
0.281344
0.280292
0.281748
0.283707
0.285678
0.287645
0.289605
0.291560
0.293510
0.295455
0.297394
0.299328
0.301257
0.303181
0.305100
0.307014
0.308923
0.310827
0.312727
0.314622
0.316513
0.318399
0.320280
0.322157
0.324030
0.325936
0.327638
0.329341
0.331041
0.332738
0.334432
0.336122
0.337809
0.339493
0.341174
0.342851
0.344526
0.346197
0.347865
0.349530
0.351192
0.352852
0.354508
0.356161
0.357812
0.359459
0.361104
0.362746
0.364385
0.366022
0.367656
0.369287
0.370916
0.372542
0.374166
0.375787
0.377406
0.379022
0.380636
0.382247
0.383856
0.385463
0.387068
0.388670
0.390270
0.391868
0.393464
0.395058
0.396650
0.398240
0.399828
0.401414
0.402998
0.404580
0.406160
0.407739
0.409315
0.410890
0.412464
0.414035
0.415605
0.417174
0.418740
0.420306
0.421870
0.423432
0.424993
0.426552
0.428110
0.429667
0.431223
0.432777
0.434330
0.435882
0.437433
0.438982
0.440530
0.442078
0.443624
0.445169
0.446714
0.448257
0.449800
0.451341
0.452882
0.454422
0.455961
0.457499
0.459037
0.460574
0.462110
0.463646
0.465181
0.466715
0.468249
0.469782
0.471315
0.472847
0.474379
0.475910
0.477441
0.478972
0.480502
0.482032
0.483561
0.485091
0.486620
0.488148
0.489677
0.491205
0.492733
0.494261
0.495789
0.497317
0.498845
0.500373
0.501900
0.503428
0.504955
0.506483
0.508011
0.509538
0.511066
0.512594
0.514122
0.515650
0.517178
0.518706
0.520234
0.521763
0.523292
0.524821
0.526350
0.527879
0.529409
0.530939
0.532469
0.533999
0.535530
0.537061
0.538592
0.540123
0.541655
0.543187
0.544720
0.546252
0.547786
0.549319
0.550853
0.552387
0.553921
0.555456
0.556992
0.558527
0.560063
0.561599
0.563136
0.564673
0.566210
0.567748
0.569286
0.570825
0.572363
0.573903
0.575442
0.576982
0.578522
0.580063
0.581604
0.583145
0.584686
0.586228
0.587770
0.589313
0.590856
0.592399
0.593942
0.595486
0.597030
0.598574
0.600118
0.601663
0.603207
0.604752
0.606298
0.607843
0.609388
0.610934
0.612480
0.614026
0.615572
0.617118
0.618664
0.620210
0.621756
0.623303
0.624849
0.626395
0.627941
0.629487
0.631033
0.632579
0.634125
0.635671
0.637216
0.638762
0.640307
0.641852
0.643396
0.644941
0.646485
0.648029
0.649572
0.651115
0.652658
0.654200
0.655742
0.657283
0.658824
0.660364
0.661904
0.663443
0.664981
0.666519
0.668056
0.669593
0.671129
0.672664
0.674198
0.675731
0.677264
0.678795
0.680326
0.681856
0.683385
0.684913
0.686440
0.687965
0.689490
0.691014
0.692536
0.694057
0.695577
0.697096
0.698613
0.700129
0.701644
0.703157
0.704669
0.706179
0.707688
0.709195
0.710701
0.712205
0.713708
0.715209
0.716708
0.718205
0.719701
0.721195
0.722687
0.724177
0.725665
0.727151
0.728635
0.730117
0.731597
0.733075
0.734551
0.736024
0.737496
0.738965
0.740432
0.741896
0.743358
0.744818
0.746275
0.747730
0.749183
0.750632
0.752080
0.753524
0.754966
0.756405
0.757842
0.759276
0.760707
0.762135
0.763560
0.764982
0.766402
0.767818
0.769232
0.770642
0.772049
0.773453
0.774854
0.776252
0.777647
0.779038
0.780426
0.781811
0.783192
0.784570
0.785945
0.787316
0.788683
0.790047
0.791408
0.792765
0.794118
0.795467
0.796813
0.798155
0.799494
0.800828
0.802159
0.803486
0.804809
0.806128
0.807443
0.808754
0.810061
0.811364
0.812663
0.813958
0.815249
0.816536
0.817818
0.819096
0.820370
0.821640
0.822906
0.824167
0.825423
0.826676
0.827924
0.829167
0.830406
0.831641
0.832871
0.834097
0.835318
0.836534
0.837746
0.838953
0.840155
0.841353
0.842546
0.843735
0.844918
0.846097
0.847272
0.848441
0.849605
0.850765
0.851920
0.853070
0.854215
0.855355
0.856490
0.857620
0.858745
0.859865
0.860981
0.862091
0.863196
0.864296
0.865391
0.866481
0.867566
0.868645
0.869720
0.870789
0.871853
0.872913
0.873966
0.875015
0.876059
0.877097
0.878130
0.879158
0.880180
0.881197
0.882209
0.883216
0.884218
0.885214
0.886205
0.887190
0.888170
0.889145
0.890115
0.891079
0.892038
0.892991
0.893940
0.894882
0.895820
0.896752
0.897679
0.898600
0.899516
0.900427
0.901332
0.902232
0.903126
0.904015
0.904899
0.905777
0.906650
0.907518
0.908380
0.909237
0.910088
0.910934
0.911775
0.912610
0.913440
0.914265
0.915084
0.915898
0.916707
0.917510
0.918308
0.919100
0.919888
0.920670
0.921446
0.922218
0.922984
0.923744
0.924500
0.925250
0.925995
0.926734
0.927469
0.928198
0.928922
0.929641
0.930354
0.931063
0.931766
0.932464
0.933156
0.933844
0.934527
0.935204
0.935876
0.936543
0.937205
0.937862
0.938514
0.939161
0.939803
0.940440
0.941072
0.941699
0.942321
0.942938
0.943550
0.944157
0.944759
0.945356
0.945949
0.946536
0.947119
0.947697
0.948270
0.948838
0.949402
0.949960
0.950514
0.951064
0.951608
0.952148
0.952684
0.953214
0.953740
0.954262
0.954779
0.955291
0.955799
0.956302
0.956801
0.957295
0.957785
0.958270
0.958751
0.959227
0.959700
0.960167
0.960631
0.961090
0.961545
0.961996
0.962442
0.962884
0.963322
0.963756
0.964186
0.964611
0.965033
0.965450
0.965863
0.966273
0.966678
0.967079
0.967476
0.967870
0.968259
0.968644
0.969026
0.969404
0.969778
0.970148
0.970514
0.970877
0.971236
0.971591
0.971942
0.972290
0.972634
0.972975
0.973312
0.973645
0.973975
0.974302
0.974625
0.974944
0.975260
0.975572
0.975882
0.976187
0.976490
0.976789
0.977085
0.977377
0.977667
0.977953
0.978236
0.978515
0.978792
0.979065
0.979336
0.979603
0.979867
0.980128
0.980386
0.980641
0.980894
0.981143
0.981389
0.981633
0.981873
0.982111
0.982346
0.982578
0.982807
0.983034
0.983258
0.983479
0.983698
0.983914
0.984127
0.984337
