0.052525
0.115177
0.166713
0.179200
0.176245
0.181425
0.193086
0.204761
0.215537
0.225571
0.234992
0.243883
0.252348
0.260519
0.268552
0.276650
0.285341
0.294910
0.299400
0.301418
0.303361
0.305299
0.307234
0.309165
0.311092
0.313015
0.314934
0.316849
0.318761
0.320669
0.322574
0.324476
0.326375
0.328270
0.330163
0.332052
0.333940
0.335824
0.337706
0.339613
0.341316
0.343031
0.344747
0.346462
0.348176
0.349889
0.351602
0.353313
0.355024
0.356734
0.358443
0.360153
0.361861
0.363570
0.365278
0.366987
0.368695
0.370403
0.372111
0.373820
0.375529
0.377238
0.378948
0.380658
0.382369
0.384080
0.385793
0.387506
0.389220
0.390935
0.392651
0.394368
0.396087
0.397807
0.399528
0.401251
0.402975
0.404701
0.406428
0.408158
0.409889
0.411623
0.413358
0.415095
0.416835
0.418577
0.420321
0.422068
0.423817
0.425569
0.427323
0.429080
0.430840
0.432603
0.434369
0.436137
0.437909
0.439684
0.441463
0.443244
0.445029
0.446818
0.448610
0.450405
0.452204
0.454007
0.455814
0.457625
0.459439
0.461258
0.463080
0.464907
0.466738
0.468573
0.470412
0.472256
0.474104
0.475957
0.477814
0.479676
0.481542
0.483413
0.485288
0.487169
0.489054
0.490944
0.492839
0.494739
0.496644
0.498554
0.500468
0.502389
0.504314
0.506244
0.508179
0.510120
0.512066
0.514017
0.515974
0.517936
0.519903
0.521876
0.523853
0.525837
0.527826
0.529820
0.531819
0.533824
0.535835
0.537851
0.539872
0.541899
0.543931
0.545969
0.548012
0.550061
0.552115
0.554175
0.556240
0.558310
0.560385
0.562466
0.564553
0.566644
0.568741
0.570844
0.572951
0.575064
0.577181
0.579304
0.581432
0.583565
0.585703
0.587846
0.589994
0.592146
0.594304
0.596466
0.598633
0.600804
0.602980
0.605161
0.607345
0.609535
0.611728
0.613926
0.616128
0.618334
0.620544
0.622758
0.624975
0.627197
0.629422
0.631650
0.633882
0.636117
0.638356
0.640598
0.642843
0.645090
0.647341
0.649594
0.651850
0.654109
0.656370
0.658633
0.660898
0.663166
0.665435
0.667706
0.669979
0.672254
0.674529
0.676807
0.679085
0.681364
0.683644
0.685925
0.688207
0.690489
0.692771
0.695054
0.697337
0.699619
0.701902
0.704183
0.706465
0.708745
0.711025
0.713304
0.715582
0.717858
0.720133
0.722406
0.724678
0.726947
0.729214
0.731479
0.733742
0.736002
0.738259
0.740514
0.742765
0.745013
0.747258
0.749498
0.751736
0.753969
0.756198
0.758423
0.760643
0.762859
0.765070
0.767277
0.769478
0.771673
0.773864
0.776048
0.778227
0.780400
0.782567
0.784727
0.786881
0.789029
0.791170
0.793303
0.795430
0.797549
0.799661
0.801765
0.803862
0.805950
0.808031
0.810103
0.812167
0.814222
0.816269
0.818307
0.820335
0.822355
0.824365
0.826366
0.828357
0.830338
0.832310
0.834271
0.836223
0.838164
0.840094
0.842014
0.843923
0.845822
0.847709
0.849585
0.851450
0.853304
0.855146
0.856977
0.858796
0.860603
0.862398
0.864181
0.865953
0.867711
0.869458
0.871192
0.872913
0.874622
0.876318
0.878002
0.879672
0.881329
0.882974
0.884605
0.886223
0.887828
0.889419
0.890997
0.892561
0.894112
0.895649
0.897173
0.898683
0.900179
0.901661
0.903130
0.904584
0.906025
0.907452
0.908864
0.910263
0.911647
0.913018
0.914374
0.915716
0.917044
0.918358
0.919658
0.920944
0.922215
0.923472
0.924715
0.925944
0.927159
0.928360
0.929546
0.930719
0.931877
0.933021
0.934151
0.935267
0.936370
0.937458
0.938532
0.939593
0.940639
0.941672
0.942691
0.943696
0.944688
0.945666
0.946631
0.947582
0.948519
0.949444
0.950354
0.951252
0.952137
0.953008
0.953867
0.954712
0.955545
0.956365
0.957172
0.957966
0.958748
0.959518
0.960275
0.961020
0.961753
0.962473
0.963182
0.963879
0.964564
0.965237
0.965899
0.966549
0.967188
0.967815
0.968431
0.969037
0.969631
0.970214
0.970787
0.971349
0.971901
0.972442
0.972972
0.973493
0.974004
0.974504
0.974995
0.975476
0.975947
0.976409
0.976862
0.977305
0.977739
0.978165
0.978581
0.978988
0.979387
0.979778
0.980159
0.980533
0.980898
0.981256
0.981605
0.981947
0.982280
0.982607
0.982925
0.983237
0.983541
0.983838
0.984128
0.984411
0.984688
0.984957
0.985221
0.985477
0.985728
0.985972
0.986210
0.986442
0.986669
0.986889
0.987104
0.987313
0.987517
0.987715
0.987909
0.988097
0.988280
0.988458
0.988631
0.988800
0.988964
0.989123
0.989278
0.989429
0.989575
0.989717
0.989855
0.989989
0.990120
0.990246
0.990369
0.990488
0.990604
0.990716
0.990824
0.990930
0.991032
0.991131
0.991227
0.991320
0.991410
0.991497
0.991582
0.991664
0.991743
0.991819
0.991893
0.991965
0.992034
0.992101
0.992166
0.992229
0.992289
0.992348
0.992404
0.992459
0.992511
0.992562
0.992611
0.992659
0.992704
0.992748
0.992791
0.992832
0.992871
0.992909
0.992945
0.992981
0.993015
0.993047
0.993079
0.993109
0.993138
0.993166
0.993193
0.993219
0.993244
0.993268
0.993290
0.993313
0.993334
0.993354
0.993374
0.993392
0.993410
0.993427
0.993444
0.993460
0.993475
0.993490
0.993503
0.993517
0.993530
0.993542
0.993553
0.993565
0.993575
0.993586
0.993595
0.993605
0.993614
0.993622
0.993630
0.993638
0.993646
0.993653
0.993660
0.993666
0.993672
0.993678
0.993684
0.993689
0.993694
0.993699
0.993704
0.993708
0.993712
0.993716
0.993720
0.993724
0.993727
0.993730
0.993733
0.993736
0.993739
0.993742
0.993744
0.993747
0.993749
0.993751
0.993753
0.993755
0.993757
0.993759
0.993760
0.993762
0.993763
0.993765
0.993766
0.993767
0.993769
0.993770
0.993771
0.993772
0.993773
0.993774
0.993774
0.993775
0.993776
0.993777
0.993777
0.993778
0.993779
0.993779
0.993780
0.993780
0.993781
0.993781
0.993782
0.993782
0.993782
0.993783
0.993783
0.993783
0.993784
0.993784
0.993784
0.993784
0.993785
0.993785
0.993785
0.993785
0.993785
