0.010389
0.022319
0.038252
0.068337
0.117113
0.164190
0.205129
0.234670
0.253287
0.264117
0.270329
0.274150
0.276867
0.279122
0.281200
0.283216
0.285209
0.287192
0.289169
0.291140
0.293105
0.295064
0.297017
0.298964
0.300906
0.302842
0.304772
0.306696
0.308615
0.310528
0.312436
0.314338
0.316235
0.318126
0.320012
0.321893
0.323768
0.325638
0.327503
0.329423
0.331148
0.332851
0.334547
0.336237
0.337924
0.339606
0.341284
0.342957
0.344626
0.346291
0.347952
0.349608
0.351260
0.352908
0.354552
0.356191
0.357827
0.359458
0.361085
0.362707
0.364326
0.365940
0.367551
0.369157
0.370759
0.372357
0.373951
0.375541
0.377127
0.378708
0.380286
0.381860
0.383429
0.384995
0.386556
0.388114
0.389668
0.391217
0.392763
0.394305
0.395842
0.397376
0.398906
0.400432
0.401954
0.403473
0.404987
0.406497
0.408004
0.409507
0.411006
0.412501
0.413992
0.415480
0.416963
0.418443
0.419919
0.421392
0.422860
0.424325
0.425786
0.427243
0.428697
0.430147
0.431593
0.433035
0.434474
0.435909
0.437341
0.438769
0.440193
0.441613
0.443030
0.444443
0.445853
0.447259
0.448662
0.450061
0.451456
0.452848
0.454236
0.455620
0.457002
0.458379
0.459753
0.461124
0.462491
0.463854
0.465214
0.466571
0.467924
0.469274
0.470620
0.471963
0.473302
0.474638
0.475971
0.477300
0.478626
0.479948
0.481267
0.482583
0.483895
0.485204
0.486509
0.487812
0.489110
0.490406
0.491698
0.492987
0.494273
0.495555
0.496835
0.498110
0.499383
0.500652
0.501919
0.503181
0.504441
0.505698
0.506951
0.508201
0.509448
0.510691
0.511932
0.513169
0.514403
0.515634
0.516862
0.518087
0.519309
0.520527
0.521743
0.522955
0.524164
0.525370
0.526573
0.527773
0.528970
0.530164
0.531355
0.532543
0.533727
0.534909
0.536088
0.537264
0.538436
0.539606
0.540773
0.541936
0.543097
0.544255
0.545410
0.546562
0.547711
0.548857
0.550000
0.551140
0.552278
0.553412
0.554543
0.555672
0.556798
0.557921
0.559041
0.560158
0.561272
0.562384
0.563492
0.564598
0.565701
0.566801
0.567899
0.568993
0.570085
0.571174
0.572260
0.573344
0.574424
0.575502
0.576577
0.577650
0.578720
0.579786
0.580851
0.581912
0.582971
0.584027
0.585081
0.586131
0.587180
0.588225
0.589268
0.590308
0.591345
0.592380
0.593412
0.594442
0.595469
0.596493
0.597514
0.598534
0.599550
0.600564
0.601575
0.602584
0.603590
0.604594
0.605595
0.606593
0.607589
0.608582
0.609573
0.610562
0.611547
0.612531
0.613512
0.614490
0.615466
0.616439
0.617410
0.618378
0.619344
0.620307
0.621268
0.622227
0.623183
0.624137
0.625088
0.626037
0.626983
0.627927
0.628869
0.629808
0.630745
0.631679
0.632611
0.633541
0.634468
0.635393
0.636315
0.637236
0.638153
0.639069
0.639982
0.640893
0.641802
0.642708
0.643612
0.644513
0.645413
0.646310
0.647204
0.648097
0.648987
0.649875
0.650761
0.651644
0.652525
0.653404
0.654281
0.655155
0.656028
0.656898
0.657765
0.658631
0.659494
0.660356
0.661215
0.662071
0.662926
0.663779
0.664629
0.665477
0.666323
0.667167
0.668008
0.668848
0.669685
0.670521
0.671354
0.672185
0.673014
0.673840
0.674665
0.675488
0.676308
0.677127
0.677943
0.678757
0.679569
0.680379
0.681187
0.681993
0.682797
0.683599
0.684399
0.685197
0.685993
0.686787
0.687578
0.688368
0.689156
0.689942
0.690725
0.691507
0.692287
0.693065
0.693840
0.694614
0.695386
0.696156
0.696924
0.697690
0.698454
0.699216
0.699976
0.700734
0.701491
0.702245
0.702998
0.703748
0.704497
0.705244
0.705988
0.706731
0.707472
0.708212
0.708949
0.709684
0.710418
0.711150
0.711880
0.712608
0.713334
0.714058
0.714780
0.715501
0.716220
0.716937
0.717652
0.718365
0.719077
0.719787
0.720495
0.721201
0.721905
0.722608
0.723308
0.724007
0.724705
0.725400
0.726094
0.726786
0.727476
0.728164
0.728851
0.729536
0.730219
0.730901
0.731580
0.732258
0.732935
0.733609
0.734282
0.734953
0.735623
0.736291
0.736957
0.737621
0.738284
0.738945
0.739604
0.740262
0.740918
0.741572
0.742225
0.742876
0.743526
0.744173
0.744819
0.745464
0.746107
0.746748
0.747388
0.748026
0.748662
0.749297
0.749930
0.750562
0.751192
0.751820
0.752447
0.753072
0.753696
0.754318
0.754938
0.755557
0.756174
0.756790
0.757404
0.758017
0.758628
0.759238
0.759846
0.760452
0.761057
0.761661
0.762263
0.762863
0.763462
0.764059
0.764655
0.765250
0.765843
0.766434
0.767024
0.767612
0.768199
0.768785
0.769369
0.769951
0.770532
0.771112
0.771690
0.772267
0.772842
0.773416
0.773988
0.774559
0.775128
0.775696
0.776263
0.776828
0.777392
0.777954
0.778515
0.779074
0.779633
0.780189
0.780745
0.781298
0.781851
0.782402
0.782952
0.783500
0.784047
0.784593
0.785137
0.785680
0.786221
0.786762
0.787300
0.787838
0.788374
0.788909
0.789442
0.789974
0.790505
0.791034
0.791563
0.792089
0.792615
0.793139
0.793662
0.794183
0.794704
0.795223
0.795740
0.796257
0.796772
0.797285
0.797798
0.798309
0.798819
0.799328
0.799835
0.800341
0.800846
0.801350
0.801852
0.802353
0.802853
0.803352
0.803849
0.804345
0.804840
0.805334
0.805826
0.806317
0.806808
0.807296
0.807784
0.808270
0.808755
0.809239
0.809722
0.810204
0.810684
0.811163
0.811641
0.812118
0.812594
0.813068
0.813542
0.814014
0.814485
0.814954
0.815423
0.815890
0.816357
0.816822
0.817286
0.817749
0.818211
0.818671
0.819131
0.819589
0.820046
0.820502
0.820957
0.821411
0.821864
0.822315
0.822766
0.823215
0.823664
0.824111
0.824557
0.825002
0.825446
0.825889
0.826331
0.826771
0.827211
0.827649
0.828087
0.828523
0.828959
0.829393
0.829826
0.830258
0.830689
0.831119
0.831548
0.831976
0.832403
0.832829
0.833254
0.833678
0.834100
0.834522
0.834943
0.835363
0.835781
0.836199
0.836616
0.837031
0.837446
0.837860
