0.062168
0.113784
0.136971
0.152930
0.167529
0.181283
0.194027
0.205709
0.216486
0.226518
0.235937
0.244822
0.253278
0.261438
0.269457
0.277534
0.286205
0.295734
0.300136
0.302117
0.304026
0.305928
0.307825
0.309715
0.311600
0.313479
0.315351
0.317218
0.319079
0.320934
0.322783
0.324627
0.326464
0.328297
0.330124
0.331945
0.333761
0.335572
0.337377
0.339217
0.340858
0.342497
0.344133
0.345764
0.347392
0.349015
0.350634
0.352249
0.353860
0.355467
0.357070
0.358669
0.360264
0.361855
0.363442
0.365026
0.366605
0.368180
0.369752
0.371320
0.372884
0.374444
0.376000
0.377553
0.379102
0.380647
0.382188
0.383726
0.385260
0.386791
0.388317
0.389841
0.391360
0.392876
0.394389
0.395897
0.397403
0.398904
0.400403
0.401897
0.403389
0.404877
0.406361
0.407842
0.409320
0.410794
0.412265
0.413732
0.415196
0.416657
0.418115
0.419569
0.421020
0.422468
0.423913
0.425354
0.426792
0.428227
0.429659
0.431088
0.432514
0.433936
0.435356
0.436773
0.438186
0.439597
0.441004
0.442409
0.443810
0.445209
0.446605
0.447998
0.449388
0.450775
0.452160
0.453542
0.454921
0.456297
0.457670
0.459041
0.460409
0.461775
0.463138
0.464498
0.465856
0.467211
0.468563
0.469913
0.471261
0.472606
0.473949
0.475289
0.476627
0.477962
0.479295
0.480626
0.481955
0.483281
0.484605
0.485927
0.487247
0.488564
0.489880
0.491193
0.492504
0.493813
0.495120
0.496425
0.497729
0.499030
0.500329
0.501626
0.502922
0.504216
0.505508
0.506798
0.508086
0.509373
0.510658
0.511941
0.513223
0.514503
0.515781
0.517058
0.518334
0.519608
0.520880
0.522151
0.523421
0.524690
0.525957
0.527222
0.528487
0.529750
0.531012
0.532273
0.533533
0.534792
0.536049
0.537306
0.538562
0.539816
0.541070
0.542323
0.543575
0.544826
0.546076
0.547326
0.548575
0.549823
0.551070
0.552317
0.553563
0.554809
0.556054
0.557299
0.558543
0.559787
0.561030
0.562274
0.563516
0.564759
0.566001
0.567243
0.568485
0.569727
0.570969
0.572210
0.573452
0.574694
0.575935
0.577177
0.578419
0.579661
0.580904
0.582146
0.583389
0.584632
0.585876
0.587120
0.588364
0.589609
0.590854
0.592100
0.593346
0.594593
0.595841
0.597089
0.598338
0.599588
0.600839
0.602090
0.603343
0.604596
0.605850
0.607105
0.608362
0.609619
0.610877
0.612137
0.613398
0.614659
0.615923
0.617187
0.618453
0.619720
0.620988
0.622258
0.623529
0.624802
0.626076
0.627352
0.628630
0.629909
0.631189
0.632472
0.633756
0.635042
0.636330
0.637619
0.638910
0.640204
0.641499
0.642796
0.644095
0.645396
0.646699
0.648004
0.649311
0.650621
0.651932
0.653246
0.654562
0.655880
0.657200
0.658523
0.659847
0.661175
0.662504
0.663836
0.665171
0.666507
0.667847
0.669188
0.670532
0.671879
0.673228
0.674580
0.675934
0.677291
0.678650
0.680012
0.681377
0.682744
0.684114
0.685486
0.686861
0.688239
0.689620
0.691003
0.692389
0.693778
0.695169
0.696563
0.697960
0.699359
0.700762
0.702167
0.703574
0.704985
0.706398
0.707814
0.709232
0.710654
0.712078
0.713504
0.714934
0.716366
0.717801
0.719238
0.720678
0.722121
0.723567
0.725015
0.726465
0.727918
0.729374
0.730832
0.732293
0.733757
0.735222
0.736691
0.738161
0.739634
0.741110
0.742587
0.744067
0.745550
0.747034
0.748521
0.750010
0.751501
0.752994
0.754489
0.755986
0.757485
0.758986
0.760489
0.761994
0.763500
0.765008
0.766518
0.768029
0.769542
0.771057
0.772573
0.774090
0.775609
0.777128
0.778649
0.780172
0.781695
0.783219
0.784744
0.786271
0.787797
0.789325
0.790853
0.792382
0.793911
0.795441
0.796971
0.798501
0.800032
0.801563
0.803093
0.804624
0.806154
0.807684
0.809214
0.810743
0.812272
0.813800
0.815328
0.816854
0.818380
0.819905
0.821429
0.822951
0.824473
0.825992
0.827511
0.829027
0.830542
0.832056
0.833567
0.835076
0.836583
0.838088
0.839591
0.841091
0.842588
0.844083
0.845575
0.847064
0.848550
0.850033
0.851513
0.852989
0.854462
0.855932
0.857397
0.858859
0.860317
0.861771
0.863220
0.864665
0.866106
0.867543
0.868974
0.870401
0.871823
0.873240
0.874652
0.876059
0.877460
0.878856
0.880246
0.881631
0.883010
0.884382
0.885749
0.887110
0.888464
0.889812
0.891153
0.892488
0.893816
0.895137
0.896451
0.897759
0.899059
0.900351
0.901637
0.902915
0.904185
0.905447
0.906702
0.907949
0.909188
0.910419
0.911641
0.912855
0.914061
0.915259
0.916448
0.917628
0.918799
0.919962
0.921116
0.922261
0.923396
0.924523
0.925640
0.926748
0.927847
0.928936
0.930016
0.931086
0.932146
0.933197
0.934238
0.935269
0.936291
0.937302
0.938304
0.939295
0.940276
0.941248
0.942209
0.943160
0.944100
0.945031
0.945951
0.946861
0.947760
0.948649
0.949528
0.950396
0.951254
0.952101
0.952938
0.953765
0.954581
0.955386
0.956181
0.956966
0.957740
0.958504
0.959257
0.960000
0.960732
0.961454
0.962166
0.962867
0.963558
0.964238
0.964909
0.965569
0.966219
0.966859
0.967488
0.968108
0.968717
0.969317
0.969906
0.970486
0.971056
0.971616
0.972166
0.972707
0.973238
0.973760
0.974272
0.974775
0.975268
0.975752
0.976227
0.976693
0.977150
0.977598
0.978037
0.978467
0.978889
0.979302
0.979706
0.980102
0.980490
0.980869
0.981241
0.981604
0.981959
0.982307
0.982646
0.982978
0.983302
0.983619
0.983929
0.984231
0.984526
0.984814
0.985095
0.985369
0.985636
0.985897
0.986151
0.986399
0.986640
0.986875
0.987104
0.987327
0.987544
0.987755
0.987960
0.988160
0.988354
0.988543
0.988727
0.988905
0.989078
0.989247
0.989410
0.989568
0.989722
0.989871
0.990016
0.990156
0.990292
0.990424
0.990552
0.990676
0.990795
0.990911
0.991023
0.991132
0.991237
0.991338
0.991436
0.991531
0.991623
0.991711
0.991796
0.991879
0.991958
0.992035
0.992109
0.992180
0.992249
0.992315
0.992379
