0.007513
0.012489
0.016915
0.021084
0.025143
0.029185
0.033281
0.037497
0.041914
0.046619
0.051693
0.057222
0.063304
0.070042
0.077565
0.086048
0.095712
0.106817
0.119722
0.134976
0.153313
0.175797
0.204285
0.242089
0.295631
0.379091
0.526381
0.763357
0.949568
0.994817
0.997714
0.997776
0.997797
0.997817
0.997838
0.997857
0.997877
0.997895
0.997913
0.997931
0.997948
0.997964
0.997979
0.997994
0.998008
0.998022
0.998034
0.998047
0.998058
0.998069
0.998080
0.998089
0.998099
0.998108
0.998116
0.998124
0.998131
0.998138
0.998144
0.998150
0.998156
0.998161
0.998166
0.998171
0.998175
0.998179
0.998183
0.998186
0.998189
0.998192
0.998195
0.998197
0.998200
0.998202
0.998204
0.998206
0.998208
0.998209
0.998211
0.998212
0.998213
0.998214
0.998215
0.998216
0.998217
0.998218
0.998219
0.998220
0.998220
0.998221
0.998221
0.998222
0.998222
0.998223
0.998223
0.998223
0.998224
0.998224
0.998224
0.998224
0.998225
0.998225
0.998225
0.998225
0.998225
0.998225
0.998225
0.998226
0.998226
0.998226
0.998226
0.998226
0.998226
0.998226
0.998226
0.998226
0.998226
0.998226
0.998226
0.998226
0.998226
0.998226
0.998226
0.998226
0.998226
0.998226
0.998226
0.998226
0.998226
0.998226
0.998226
0.998226
0.998226
0.998226
0.998226
0.998226
0.998226
0.998226
0.998226
0.998226
0.998226
0.998227
0.998227
0.998227
0.998227
0.998227
0.998227
0.998227
0.998227
0.998227
0.998227
0.998227
0.998227
0.998227
0.998227
0.998227
0.998227
0.998227
0.998227
0.998227
0.998227
0.998227
0.998227
0.998227
0.998227
0.998227
0.998227
0.998227
0.998227
0.998227
0.998227
0.998227
0.998227
0.998227
0.998227
0.998227
0.998227
0.998227
0.998227
0.998227
0.998227
0.998227
0.998227
0.998227
0.998227
0.998227
0.998227
0.998227
0.998227
0.998227
0.998227
0.998227
0.998227
0.998227
0.998227
0.998227
0.998227
0.998227
0.998227
0.998227
0.998227
0.998227
0.998227
0.998227
0.998227
0.998227
0.998227
0.998227
0.998227
0.998227
0.998227
0.998227
0.998227
0.998227
0.998227
0.998227
0.998227
0.998227
0.998227
0.998227
0.998227
0.998227
0.998227
0.998227
0.998227
0.998227
0.998227
0.998227
0.998227
0.998227
0.998227
0.998227
0.998227
0.998227
0.998227
0.998227
0.998227
0.998227
0.998227
0.998227
0.998227
0.998227
0.998227
0.998227
0.998227
0.998227
0.998227
0.998227
0.998227
0.998227
0.998227
0.998227
0.998227
0.998227
0.998227
0.998227
0.998227
0.998227
0.998227
0.998227
0.998227
0.998227
0.998227
0.998227
0.998227
0.998227
0.998227
0.998227
0.998227
0.998227
0.998227
0.998227
0.998227
0.998227
0.998227
0.998227
0.998227
0.998227
0.998227
0.998227
0.998227
0.998227
0.998227
0.998227
0.998227
0.998227
0.998227
0.998227
0.998227
0.998227
0.998227
0.998227
0.998227
0.998227
0.998227
0.998227
0.998227
0.998227
0.998227
0.998227
0.998227
0.998227
0.998227
0.998227
0.998227
0.998227
0.998227
0.998227
0.998227
0.998227
0.998227
0.998227
0.998227
0.998227
0.998227
0.998227
0.998227
0.998227
0.998227
0.998227
0.998227
0.998227
0.998227
0.998227
0.998227
0.998227
0.998227
0.998227
0.998227
0.998227
0.998227
0.998227
0.998227
0.998227
0.998227
0.998227
0.998227
0.998227
0.998227
0.998227
0.998227
0.998227
0.998227
0.998227
0.998227
0.998227
0.998227
0.998227
0.998227
0.998227
0.998227
0.998227
0.998227
0.998227
0.998227
0.998227
0.998227
0.998227
0.998227
0.998227
0.998227
0.998227
0.998227
0.998227
0.998227
0.998227
0.998227
0.998227
0.998227
0.998227
0.998227
0.998227
0.998227
0.998227
0.998227
0.998227
0.998227
0.998227
0.998227
0.998227
0.998227
0.998227
0.998227
0.998227
0.998227
0.998227
0.998227
0.998227
0.998227
0.998227
0.998227
0.998227
0.998227
0.998227
0.998227
0.998227
0.998227
0.998227
0.998227
0.998227
0.998227
0.998227
0.998227
0.998227
0.998227
0.998227
0.998227
0.998227
0.998227
0.998227
0.998227
0.998227
0.998227
0.998227
0.998227
0.998227
0.998227
0.998227
0.998227
0.998227
0.998227
0.998227
0.998227
0.998227
0.998227
0.998227
0.998227
0.998227
0.998227
0.998227
0.998227
0.998227
0.998227
0.998227
0.998227
0.998227
0.998227
0.998227
0.998227
0.998227
0.998227
0.998227
0.998227
0.998227
0.998227
0.998227
0.998227
0.998227
0.998227
0.998227
0.998227
0.998227
0.998227
0.998227
0.998227
0.998227
0.998227
0.998227
0.998227
0.998227
0.998227
0.998227
0.998227
0.998227
0.998227
0.998227
0.998227
0.998227
0.998227
0.998227
0.998227
0.998227
0.998227
0.998227
0.998227
0.998227
0.998227
0.998227
0.998227
0.998227
0.998227
0.998227
0.998227
0.998227
0.998227
0.998227
0.998227
0.998227
0.998227
0.998227
0.998227
0.998227
0.998227
0.998227
0.998227
0.998227
0.998227
0.998227
0.998227
0.998227
0.998227
0.998227
0.998227
0.998227
0.998227
0.998227
0.998227
0.998227
0.998227
0.998227
0.998227
0.998227
0.998227
0.998227
0.998227
0.998227
0.998227
0.998227
0.998227
0.998227
0.998227
0.998227
0.998227
0.998227
0.998227
0.998227
0.998227
0.998227
0.998227
0.998227
0.998227
0.998227
0.998227
0.998227
0.998227
0.998227
0.998227
0.998227
0.998227
0.998227
0.998227
0.998227
0.998227
0.998227
0.998227
0.998227
0.998227
0.998227
0.998227
0.998227
0.998227
0.998227
0.998227
0.998227
0.998227
0.998227
0.998227
0.998227
0.998227
0.998227
0.998227
0.998227
0.998227
0.998227
0.998227
0.998227
0.998227
0.998227
0.998227
0.998227
0.998227
0.998227
0.998227
0.998227
0.998227
0.998227
0.998227
0.998227
0.998227
0.998227
0.998227
0.998227
0.998227
0.998227
0.998227
0.998227
0.998227
0.998227
0.998227
0.998227
0.998227
0.998227
0.998227
0.998227
0.998227
0.998227
0.998227
0.998227
0.998227
0.998227
