0.015424
0.032808
0.050748
0.069594
0.090613
0.117682
0.154606
0.197512
0.236427
0.264521
0.274382
0.277310
0.278477
0.279811
0.281583
0.283541
0.285517
0.287487
0.289451
0.291409
0.293360
0.295306
0.297245
0.299179
0.301106
0.303028
0.304944
0.306854
0.308759
0.310657
0.312551
0.314439
0.316322
0.318199
0.320071
0.321937
0.323799
0.325655
0.327506
0.329398
0.331091
0.332775
0.334455
0.336130
0.337801
0.339468
0.341131
0.342789
0.344444
0.346094
0.347740
0.349382
0.351020
0.352654
0.354284
0.355910
0.357531
0.359149
0.360763
0.362373
0.363978
0.365580
0.367178
0.368772
0.370362
0.371948
0.373531
0.375109
0.376683
0.378254
0.379821
0.381384
0.382943
0.384499
0.386050
0.387598
0.389142
0.390683
0.392219
0.393752
0.395282
0.396807
0.398329
0.399847
0.401362
0.402873
0.404380
0.405884
0.407384
0.408881
0.410374
0.411863
0.413349
0.414832
0.416311
0.417786
0.419258
0.420727
0.422192
0.423654
0.425112
0.426567
0.428018
0.429466
0.430911
0.432352
0.433790
0.435225
0.436657
0.438085
0.439510
0.440931
0.442350
0.443765
0.445177
0.446585
0.447991
0.449393
0.450792
0.452188
0.453581
0.454971
0.456358
0.457741
0.459122
0.460499
0.461874
0.463245
0.464614
0.465979
0.467342
0.468701
0.470058
0.471411
0.472762
0.474109
0.475454
0.476796
0.478135
0.479471
0.480805
0.482135
0.483463
0.484788
0.486110
0.487430
0.488746
0.490060
0.491371
0.492680
0.493986
0.495289
0.496589
0.497887
0.499182
0.500475
0.501765
0.503052
0.504337
0.505619
0.506899
0.508176
0.509451
0.510723
0.511993
0.513260
0.514525
0.515787
0.517047
0.518305
0.519560
0.520812
0.522063
0.523311
0.524556
0.525800
0.527041
0.528280
0.529516
0.530750
0.531982
0.533212
0.534439
0.535665
0.536888
0.538109
0.539328
0.540544
0.541759
0.542971
0.544181
0.545389
0.546596
0.547800
0.549002
0.550202
0.551400
0.552596
0.553789
0.554981
0.556171
0.557360
0.558546
0.559730
0.560912
0.562093
0.563271
0.564448
0.565623
0.566796
0.567967
0.569136
0.570304
0.571470
0.572634
0.573796
0.574957
0.576116
0.577273
0.578428
0.579582
0.580734
0.581884
0.583033
0.584180
0.585326
0.586470
0.587612
0.588753
0.589892
0.591029
0.592166
0.593300
0.594433
0.595565
0.596695
0.597823
0.598950
0.600076
0.601200
0.602323
0.603444
0.604564
0.605683
0.606800
0.607916
0.609030
0.610144
0.611255
0.612366
0.613475
0.614583
0.615690
0.616795
0.617899
0.619002
0.620103
0.621204
0.622303
0.623401
0.624497
0.625593
0.626687
0.627780
0.628872
0.629963
0.631053
0.632141
0.633229
0.634315
0.635401
0.636485
0.637568
0.638650
0.639731
0.640811
0.641890
0.642968
0.644045
0.645120
0.646195
0.647269
0.648342
0.649414
0.650485
0.651555
0.652624
0.653692
0.654759
0.655825
0.656890
0.657955
0.659018
0.660081
0.661142
0.662203
0.663263
0.664322
0.665380
0.666438
0.667494
0.668550
0.669604
0.670658
0.671711
0.672764
0.673815
0.674866
0.675916
0.676965
0.678013
0.679061
0.680107
0.681153
0.682198
0.683243
0.684286
0.685329
0.686371
0.687413
0.688453
0.689493
0.690532
0.691570
0.692608
0.693645
0.694681
0.695717
0.696751
0.697785
0.698819
0.699851
0.700883
0.701914
0.702945
0.703974
0.705003
0.706032
0.707059
0.708086
0.709112
0.710138
0.711163
0.712187
0.713210
0.714233
0.715255
0.716276
0.717297
0.718317
0.719336
0.720355
0.721373
0.722390
0.723406
0.724422
0.725437
0.726451
0.727465
0.728478
0.729490
0.730501
0.731512
0.732522
0.733532
0.734540
0.735548
0.736555
0.737562
0.738567
0.739572
0.740577
0.741580
0.742583
0.743585
0.744586
0.745587
0.746586
0.747585
0.748583
0.749581
0.750577
0.751573
0.752568
0.753563
0.754556
0.755549
0.756540
0.757531
0.758522
0.759511
0.760499
0.761487
0.762474
0.763460
0.764445
0.765429
0.766412
0.767395
0.768376
0.769357
0.770337
0.771315
0.772293
0.773270
0.774246
0.775221
0.776196
0.777169
0.778141
0.779112
0.780082
0.781051
0.782020
0.782987
0.783953
0.784918
0.785882
0.786845
0.787807
0.788768
0.789728
0.790686
0.791644
0.792600
0.793556
0.794510
0.795463
0.796415
0.797366
0.798315
0.799264
0.800211
0.801157
0.802101
0.803045
0.803987
0.804928
0.805868
0.806806
0.807743
0.808679
0.809614
0.810547
0.811479
0.812409
0.813339
0.814266
0.815193
0.816118
0.817041
0.817963
0.818884
0.819803
0.820721
0.821638
0.822552
0.823466
0.824378
0.825288
0.826197
0.827104
0.828009
0.828913
0.829816
0.830717
0.831616
0.832514
0.833410
0.834304
0.835196
0.836087
0.836977
0.837864
0.838750
0.839634
0.840516
0.841397
0.842276
0.843153
0.844028
0.844901
0.845773
0.846642
0.847510
0.848376
0.849240
0.850102
0.850962
0.851821
0.852677
0.853531
0.854384
0.855234
0.856083
0.856929
0.857774
0.858616
0.859456
0.860294
0.861131
0.861965
0.862797
0.863627
0.864454
0.865280
0.866103
0.866925
0.867744
0.868560
0.869375
0.870188
0.870998
0.871806
0.872611
0.873415
0.874216
0.875015
0.875811
0.876605
0.877397
0.878187
0.878974
0.879759
0.880541
0.881321
0.882099
0.882874
0.883647
0.884417
0.885185
0.885950
0.886713
0.887473
0.888231
0.888986
0.889739
0.890489
0.891237
0.891982
0.892725
0.893465
0.894202
0.894937
0.895669
0.896399
0.897126
0.897850
0.898572
0.899290
0.900007
0.900720
0.901431
0.902139
0.902845
0.903548
0.904248
0.904945
0.905640
0.906331
0.907020
0.907707
0.908390
0.909071
0.909749
0.910424
0.911096
0.911765
0.912432
0.913096
0.913756
0.914414
0.915070
0.915722
0.916371
0.917018
0.917662
0.918302
0.918940
0.919575
0.920207
0.920836
0.921463
0.922086
0.922706
0.923324
0.923938
0.924549
0.925158
0.925764
0.926366
0.926966
0.927563
0.928156
0.928747
0.929335
0.929920
0.930501
0.931080
0.931656
