0.052246
0.114986
0.188902
0.285018
0.386434
0.298996
0.253634
0.265891
0.277838
0.289129
0.299891
0.310202
0.320157
0.329887
0.339548
0.349350
0.359776
0.371273
0.378093
0.382112
0.386073
0.390081
0.394133
0.398230
0.402373
0.406559
0.410790
0.415065
0.419383
0.423744
0.428148
0.432594
0.437082
0.441611
0.446181
0.450791
0.455440
0.460128
0.464854
0.469748
0.474371
0.479049
0.483768
0.488526
0.493321
0.498153
0.503019
0.507919
0.512851
0.517814
0.522807
0.527828
0.532875
0.537949
0.543046
0.548166
0.553308
0.558469
0.563648
0.568844
0.574055
0.579280
0.584516
0.589763
0.595019
0.600281
0.605550
0.610822
0.616096
0.621371
0.626644
0.631915
0.637181
0.642441
0.647693
0.652936
0.658168
0.663387
0.668592
0.673780
0.678951
0.684103
0.689235
0.694344
0.699429
0.704489
0.709522
0.714527
0.719503
0.724447
0.729359
0.734238
0.739081
0.743888
0.748658
0.753389
0.758080
0.762730
0.767338
0.771903
0.776424
0.780900
0.785329
0.789712
0.794047
0.798333
0.802570
0.806757
0.810893
0.814978
0.819010
0.822991
0.826918
0.830791
0.834610
0.838375
0.842085
0.845740
0.849340
0.852884
0.856373
0.859805
0.863181
0.866502
0.869766
0.872974
0.876125
0.879221
0.882260
0.885244
0.888172
0.891045
0.893862
0.896624
0.899331
0.901984
0.904583
0.907128
0.909620
0.912059
0.914445
0.916779
0.919062
0.921294
0.923475
0.925606
0.927688
0.929720
0.931705
0.933642
0.935531
0.937375
0.939172
0.940924
0.942632
0.944296
0.945917
0.947495
0.949031
0.950527
0.951982
0.953397
0.954773
0.956111
0.957412
0.958675
0.959902
0.961094
0.962252
0.963375
0.964465
0.965522
0.966547
0.967542
0.968505
0.969439
0.970344
0.971220
0.972069
0.972890
0.973685
0.974454
0.975198
0.975917
0.976612
0.977284
0.977934
0.978561
0.979167
0.979752
0.980317
0.980862
0.981387
0.981894
0.982383
0.982854
0.983309
0.983746
0.984168
0.984574
0.984965
0.985341
0.985704
0.986052
0.986387
0.986709
0.987019
0.987317
0.987603
0.987878
0.988142
0.988395
0.988638
0.988872
0.989096
0.989311
0.989517
0.989714
0.989904
0.990085
0.990259
0.990426
0.990585
0.990738
0.990884
0.991024
0.991157
0.991285
0.991408
0.991525
0.991636
0.991743
0.991845
0.991943
0.992036
0.992124
0.992209
0.992290
0.992367
0.992441
0.992511
0.992578
0.992641
0.992702
0.992760
0.992815
0.992868
0.992917
0.992965
0.993010
0.993053
0.993094
0.993133
0.993170
0.993205
0.993238
0.993270
0.993300
0.993329
0.993356
0.993382
0.993406
0.993429
0.993451
0.993472
0.993492
0.993510
0.993528
0.993545
0.993561
0.993576
0.993590
0.993604
0.993617
0.993629
0.993640
0.993651
0.993661
0.993671
0.993680
0.993688
0.993697
0.993704
0.993711
0.993718
0.993725
0.993731
0.993737
0.993742
0.993747
0.993752
0.993757
0.993761
0.993765
0.993769
0.993772
0.993776
0.993779
0.993782
0.993784
0.993787
0.993790
0.993792
0.993794
0.993796
0.993798
0.993800
0.993802
0.993803
0.993805
0.993806
0.993807
0.993809
0.993810
0.993811
0.993812
0.993813
0.993814
0.993815
0.993815
0.993816
0.993817
0.993817
0.993818
0.993819
0.993819
0.993820
0.993820
0.993821
0.993821
0.993821
0.993822
0.993822
0.993822
0.993823
0.993823
0.993823
0.993823
0.993824
0.993824
0.993824
0.993824
0.993824
0.993824
0.993825
0.993825
0.993825
0.993825
0.993825
0.993825
0.993825
0.993825
0.993825
0.993825
0.993826
0.993826
0.993826
0.993826
0.993826
0.993826
0.993826
0.993826
0.993826
0.993826
0.993826
0.993826
0.993826
0.993826
0.993826
0.993826
0.993826
0.993826
0.993826
0.993826
0.993826
0.993826
0.993826
0.993826
0.993826
0.993826
0.993826
0.993826
0.993826
0.993826
0.993826
0.993826
0.993826
0.993826
0.993826
0.993826
0.993826
0.993826
0.993826
0.993826
0.993826
0.993826
0.993826
0.993826
0.993826
0.993826
0.993826
0.993826
0.993826
0.993826
0.993826
0.993826
0.993826
0.993826
0.993826
0.993826
0.993826
0.993826
0.993826
0.993826
0.993826
0.993826
0.993826
0.993826
0.993826
0.993826
0.993826
0.993826
0.993826
0.993826
0.993826
0.993826
0.993826
0.993826
0.993826
0.993826
0.993826
0.993826
0.993826
0.993826
0.993826
0.993826
0.993826
0.993826
0.993826
0.993826
0.993826
0.993826
0.993826
0.993826
0.993826
0.993826
0.993826
0.993826
0.993826
0.993826
0.993826
0.993826
0.993826
0.993826
0.993826
0.993826
0.993826
0.993826
0.993826
0.993826
0.993826
0.993826
0.993826
0.993826
0.993826
0.993826
0.993826
0.993826
0.993826
0.993826
0.993826
0.993826
0.993826
0.993826
0.993826
0.993826
0.993826
0.993826
0.993826
0.993826
0.993826
0.993826
0.993826
0.993826
0.993826
0.993826
0.993826
0.993826
0.993826
0.993826
0.993826
0.993826
0.993826
0.993826
0.993826
0.993826
0.993826
0.993826
0.993826
0.993826
0.993826
0.993826
0.993826
0.993826
0.993826
0.993826
0.993826
0.993826
0.993826
0.993826
0.993826
0.993826
0.993826
0.993826
0.993826
0.993826
0.993826
0.993826
0.993826
0.993826
0.993826
0.993826
0.993826
0.993826
0.993826
0.993826
0.993826
0.993826
0.993826
0.993826
0.993826
0.993826
0.993826
0.993826
0.993826
0.993826
0.993826
0.993826
0.993826
0.993826
0.993826
0.993826
0.993826
0.993826
0.993826
0.993826
0.993826
0.993826
0.993826
0.993826
0.993826
0.993826
0.993826
0.993826
0.993826
0.993826
0.993826
0.993826
0.993826
0.993826
0.993826
0.993826
0.993826
0.993826
0.993826
0.993826
0.993826
0.993826
0.993826
0.993826
0.993826
0.993826
0.993826
0.993826
0.993826
0.993826
0.993826
0.993826
0.993826
0.993826
0.993826
0.993826
0.993826
0.993826
0.993826
0.993826
0.993826
0.993826
0.993826
0.993826
0.993826
0.993826
0.993826
0.993826
0.993826
0.993826
0.993826
0.993826
0.993826
0.993826
