0.064571
0.095619
0.113862
0.131832
0.149358
0.165462
0.179887
0.192926
0.204817
0.215760
0.225924
0.235447
0.244421
0.252938
0.261128
0.269136
0.277151
0.285564
0.295133
0.301004
0.303152
0.305049
0.306938
0.308822
0.310700
0.312573
0.314440
0.316301
0.318157
0.320007
0.321851
0.323690
0.325524
0.327353
0.329176
0.330994
0.332807
0.334616
0.336419
0.338250
0.339880
0.341516
0.343148
0.344778
0.346403
0.348025
0.349643
0.351257
0.352868
0.354475
0.356079
0.357679
0.359275
0.360869
0.362458
0.364045
0.365628
0.367208
0.368785
0.370358
0.371928
0.373495
0.375059
0.376620
0.378178
0.379733
0.381284
0.382833
0.384379
0.385922
0.387462
0.388999
0.390533
0.392065
0.393594
0.395120
0.396644
0.398164
0.399683
0.401198
0.402712
0.404222
0.405730
0.407236
0.408740
0.410241
0.411739
0.413236
0.414730
0.416222
0.417712
0.419200
0.420686
0.422169
0.423651
0.425131
0.426608
0.428084
0.429559
0.431031
0.432501
0.433970
0.435438
0.436903
0.438367
0.439830
0.441291
0.442750
0.444209
0.445666
0.447121
0.448576
0.450029
0.451481
0.452932
0.454382
0.455830
0.457278
0.458725
0.460171
0.461617
0.463061
0.464505
0.465949
0.467391
0.468833
0.470275
0.471716
0.473157
0.474597
0.476038
0.477478
0.478917
0.480357
0.481797
0.483236
0.484676
0.486116
0.487556
0.488996
0.490437
0.491878
0.493319
0.494761
0.496203
0.497646
0.499089
0.500533
0.501978
0.503424
0.504871
0.506318
0.507767
0.509217
0.510667
0.512119
0.513573
0.515027
0.516483
0.517940
0.519399
0.520860
0.522322
0.523785
0.525251
0.526718
0.528187
0.529658
0.531132
0.532607
0.534084
0.535564
0.537045
0.538529
0.540016
0.541505
0.542996
0.544490
0.545987
0.547486
0.548988
0.550493
0.552001
0.553512
0.555026
0.556543
0.558063
0.559586
0.561112
0.562642
0.564175
0.565712
0.567252
0.568796
0.570343
0.571894
0.573448
0.575007
0.576569
0.578136
0.579706
0.581280
0.582858
0.584441
0.586028
0.587618
0.589214
0.590813
0.592417
0.594025
0.595638
0.597255
0.598877
0.600504
0.602135
0.603771
0.605412
0.607057
0.608708
0.610363
0.612023
0.613689
0.615359
0.617034
0.618714
0.620400
0.622090
0.623786
0.625487
0.627193
0.628904
0.630621
0.632343
0.634070
0.635803
0.637541
0.639284
0.641033
0.642787
0.644546
0.646311
0.648082
0.649858
0.651639
0.653426
0.655218
0.657016
0.658819
0.660627
0.662441
0.664260
0.666085
0.667915
0.669751
0.671592
0.673438
0.675289
0.677146
0.679008
0.680876
0.682748
0.684626
0.686509
0.688396
0.690289
0.692187
0.694090
0.695998
0.697910
0.699828
0.701750
0.703677
0.705608
0.707544
0.709484
0.711429
0.713378
0.715331
0.717289
0.719250
0.721216
0.723185
0.725159
0.727136
0.729116
0.731100
0.733088
0.735079
0.737073
0.739070
0.741070
0.743073
0.745079
0.747087
0.749098
0.751111
0.753126
0.755143
0.757163
0.759184
0.761207
0.763231
0.765257
0.767284
0.769311
0.771340
0.773370
0.775400
0.777430
0.779461
0.781492
0.783523
0.785553
0.787583
0.789612
0.791641
0.793668
0.795694
0.797719
0.799742
0.801764
0.803783
0.805801
0.807816
0.809828
0.811837
0.813844
0.815847
0.817847
0.819843
0.821836
0.823824
0.825808
0.827788
0.829763
0.831733
0.833698
0.835657
0.837611
0.839559
0.841501
0.843437
0.845366
0.847289
0.849204
0.851113
0.853014
0.854907
0.856793
0.858671
0.860540
0.862401
0.864253
0.866096
0.867930
0.869755
0.871570
0.873375
0.875170
0.876955
0.878730
0.880494
0.882246
0.883988
0.885719
0.887438
0.889145
0.890840
0.892524
0.894195
0.895853
0.897499
0.899132
0.900752
0.902359
0.903952
0.905532
0.907098
0.908650
0.910188
0.911712
0.913222
0.914717
0.916197
0.917663
0.919114
0.920549
0.921970
0.923375
0.924765
0.926139
0.927498
0.928841
0.930168
0.931479
0.932774
0.934053
0.935316
0.936563
0.937793
0.939007
0.940205
0.941386
0.942551
0.943699
0.944831
0.945946
0.947045
0.948127
0.949192
0.950241
0.951273
0.952289
0.953288
0.954271
0.955237
0.956186
0.957120
0.958036
0.958937
0.959821
0.960689
0.961541
0.962377
0.963197
0.964001
0.964789
0.965562
0.966319
0.967060
0.967786
0.968497
0.969192
0.969873
0.970539
0.971190
0.971826
0.972448
0.973056
0.973649
0.974229
0.974794
0.975346
0.975884
0.976409
0.976921
0.977420
0.977906
0.978379
0.978840
0.979288
0.979725
0.980149
0.980562
0.980963
0.981353
0.981731
0.982099
0.982456
0.982802
0.983138
0.983464
0.983780
0.984086
0.984382
0.984669
0.984947
0.985216
0.985476
0.985728
0.985971
0.986206
0.986433
0.986652
0.986863
0.987067
0.987264
0.987454
0.987637
0.987813
0.987982
0.988146
0.988303
0.988454
0.988599
0.988739
0.988873
0.989002
0.989125
0.989244
0.989358
0.989467
0.989572
0.989672
0.989768
0.989860
0.989948
0.990032
0.990113
0.990189
0.990263
0.990333
0.990400
0.990464
0.990525
0.990583
0.990638
0.990691
0.990741
0.990789
0.990835
0.990878
0.990919
0.990958
0.990995
0.991030
0.991064
0.991095
0.991126
0.991154
0.991181
0.991207
0.991231
0.991254
0.991275
0.991296
0.991315
0.991333
0.991350
0.991367
0.991382
0.991397
0.991410
0.991423
0.991435
0.991446
0.991457
0.991467
0.991477
0.991485
0.991494
0.991502
0.991509
0.991516
0.991522
0.991528
0.991534
0.991539
0.991544
0.991549
0.991553
0.991557
0.991561
0.991565
0.991568
0.991571
0.991574
0.991576
0.991579
0.991581
0.991583
0.991585
0.991587
0.991589
0.991591
0.991592
0.991594
0.991595
0.991596
0.991597
0.991598
0.991599
0.991600
0.991601
0.991602
0.991602
0.991603
0.991603
0.991604
0.991605
0.991605
0.991605
0.991606
0.991606
0.991606
0.991607
0.991607
0.991607
0.991608
0.991608
0.991608
0.991608
0.991608
0.991609
0.991609
0.991609
0.991609
0.991609
0.991609
0.991609
