0.349078
0.658040
0.709272
0.746314
0.774894
0.797893
0.816991
0.833230
0.847260
0.859539
0.870419
0.880162
0.888963
0.896980
0.904351
0.911198
0.917610
0.923674
0.929513
0.935279
0.941188
0.947715
0.954988
0.958866
0.959408
0.959500
0.959575
0.959643
0.959706
0.959764
0.959816
0.959864
0.959907
0.959947
0.959983
0.960015
0.960044
0.960071
0.960095
0.960116
0.960135
0.960152
0.960168
0.960181
0.960194
0.960204
0.960214
0.960223
0.960230
0.960237
0.960243
0.960248
0.960253
0.960257
0.960260
0.960264
0.960266
0.960269
0.960271
0.960273
0.960274
0.960276
0.960277
0.960278
0.960279
0.960279
0.960280
0.960281
0.960281
0.960282
0.960282
0.960282
0.960283
0.960283
0.960283
0.960283
0.960283
0.960283
0.960284
0.960284
0.960284
0.960284
0.960284
0.960284
0.960284
0.960284
0.960284
0.960284
0.960284
0.960284
0.960284
0.960284
0.960284
0.960284
0.960284
0.960284
0.960284
0.960284
0.960284
0.960284
0.960284
0.960284
0.960284
0.960284
0.960284
0.960284
0.960284
0.960284
0.960284
0.960284
0.960284
0.960284
0.960284
0.960284
0.960284
0.960284
0.960284
0.960284
0.960284
0.960284
0.960284
0.960284
0.960284
0.960284
0.960284
0.960284
0.960284
0.960284
0.960284
0.960284
0.960284
0.960284
0.960284
0.960284
0.960284
0.960284
0.960284
0.960284
0.960284
0.960284
0.960284
0.960284
0.960284
0.960284
0.960284
0.960284
0.960284
0.960284
0.960284
0.960284
0.960284
0.960284
0.960284
0.960284
0.960284
0.960284
0.960284
0.960284
0.960284
0.960284
0.960284
0.960284
0.960284
0.960284
0.960284
0.960284
0.960284
0.960284
0.960284
0.960284
0.960284
0.960284
0.960284
0.960284
0.960284
0.960284
0.960284
0.960284
0.960284
0.960284
0.960284
0.960284
0.960284
0.960284
0.960284
0.960284
0.960284
0.960284
0.960284
0.960284
0.960284
0.960284
0.960284
0.960284
0.960284
0.960284
0.960284
0.960284
0.960284
0.960284
0.960284
0.960284
0.960284
0.960284
0.960284
0.960284
0.960284
0.960284
0.960284
0.960284
0.960284
0.960284
0.960284
0.960284
0.960284
0.960284
0.960284
0.960284
0.960284
0.960284
0.960284
0.960284
0.960284
0.960284
0.960284
0.960284
0.960284
0.960284
0.960284
0.960284
0.960284
0.960284
0.960284
0.960284
0.960284
0.960284
0.960284
0.960284
0.960284
0.960284
0.960284
0.960284
0.960284
0.960284
0.960284
0.960284
0.960284
0.960284
0.960284
0.960284
0.960284
0.960284
0.960284
0.960284
0.960284
0.960284
0.960284
0.960284
0.960284
0.960284
0.960284
0.960284
0.960284
0.960284
0.960284
0.960284
0.960284
0.960284
0.960284
0.960284
0.960284
0.960284
0.960284
0.960284
0.960284
0.960284
0.960284
0.960284
0.960284
0.960284
0.960284
0.960284
0.960284
0.960284
0.960284
0.960284
0.960284
0.960284
0.960284
0.960284
0.960284
0.960284
0.960284
0.960284
0.960284
0.960284
0.960284
0.960284
0.960284
0.960284
0.960284
0.960284
0.960284
0.960284
0.960284
0.960284
0.960284
0.960284
0.960284
0.960284
0.960284
0.960284
0.960284
0.960284
0.960284
0.960284
0.960284
0.960284
0.960284
0.960284
0.960284
0.960284
0.960284
0.960284
0.960284
0.960284
0.960284
0.960284
0.960284
0.960284
0.960284
0.960284
0.960284
0.960284
0.960284
0.960284
0.960284
0.960284
0.960284
0.960284
0.960284
0.960284
0.960284
0.960284
0.960284
0.960284
0.960284
0.960284
0.960284
0.960284
0.960284
0.960284
0.960284
0.960284
0.960284
0.960284
0.960284
0.960284
0.960284
0.960284
0.960284
0.960284
0.960284
0.960284
0.960284
0.960284
0.960284
0.960284
0.960284
0.960284
0.960284
0.960284
0.960284
0.960284
0.960284
0.960284
0.960284
0.960284
0.960284
0.960284
0.960284
0.960284
0.960284
0.960284
0.960284
0.960284
0.960284
0.960284
0.960284
0.960284
0.960284
0.960284
0.960284
0.960284
0.960284
0.960284
0.960284
0.960284
0.960284
0.960284
0.960284
0.960284
0.960284
0.960284
0.960284
0.960284
0.960284
0.960284
0.960284
0.960284
0.960284
0.960284
0.960284
0.960284
0.960284
0.960284
0.960284
0.960284
0.960284
0.960284
0.960284
0.960284
0.960284
0.960284
0.960284
0.960284
0.960284
0.960284
0.960284
0.960284
0.960284
0.960284
0.960284
0.960284
0.960284
0.960284
0.960284
0.960284
0.960284
0.960284
0.960284
0.960284
0.960284
0.960284
0.960284
0.960284
0.960284
0.960284
0.960284
0.960284
0.960284
0.960284
0.960284
0.960284
0.960284
0.960284
0.960284
0.960284
0.960284
0.960284
0.960284
0.960284
0.960284
0.960284
0.960284
0.960284
0.960284
0.960284
0.960284
0.960284
0.960284
0.960284
0.960284
0.960284
0.960284
0.960284
0.960284
0.960284
0.960284
0.960284
0.960284
0.960284
0.960284
0.960284
0.960284
0.960284
0.960284
0.960284
0.960284
0.960284
0.960284
0.960284
0.960284
0.960284
0.960284
0.960284
0.960284
0.960284
0.960284
0.960284
0.960284
0.960284
0.960284
0.960284
0.960284
0.960284
0.960284
0.960284
0.960284
0.960284
0.960284
0.960284
0.960284
0.960284
0.960284
0.960284
0.960284
0.960284
0.960284
0.960284
0.960284
0.960284
0.960284
0.960284
0.960284
0.960284
0.960284
0.960284
0.960284
0.960284
0.960284
0.960284
0.960284
0.960284
0.960284
0.960284
0.960284
0.960284
0.960284
0.960284
0.960284
0.960284
0.960284
0.960284
0.960284
0.960284
0.960284
0.960284
0.960284
0.960284
0.960284
0.960284
0.960284
0.960284
0.960284
0.960284
0.960284
0.960284
0.960284
0.960284
0.960284
0.960284
0.960284
0.960284
0.960284
0.960284
0.960284
0.960284
0.960284
0.960284
0.960284
0.960284
0.960284
0.960284
0.960284
0.960284
0.960284
0.960284
0.960284
0.960284
0.960284
0.960284
0.960284
0.960284
0.960284
0.960284
0.960284
0.960284
0.960284
0.960284
0.960284
0.960284
0.960284
0.960284
0.960284
0.960284
0.960284
0.960284
0.960284
0.960284
