0.011404
0.021904
0.026576
0.031264
0.036067
0.041080
0.046392
0.052078
0.058228
0.064950
0.072369
0.080628
0.089894
0.100391
0.112417
0.126368
0.142745
0.162286
0.186165
0.216236
0.255578
0.309654
0.389023
0.511734
0.657230
0.727227
0.739323
0.743664
0.747948
0.752334
0.756799
0.761324
0.765893
0.770496
0.775121
0.779761
0.784408
0.789056
0.793699
0.798503
0.803063
0.807611
0.812140
0.816646
0.821124
0.825571
0.829983
0.834356
0.838688
0.842976
0.847216
0.851405
0.855543
0.859625
0.863650
0.867617
0.871522
0.875365
0.879144
0.882857
0.886503
0.890081
0.893590
0.897029
0.900398
0.903695
0.906921
0.910074
0.913155
0.916163
0.919099
0.921962
0.924753
0.927472
0.930119
0.932694
0.935199
0.937633
0.939998
0.942294
0.944522
0.946682
0.948777
0.950805
0.952770
0.954671
0.956510
0.958288
0.960006
0.961665
0.963267
0.964812
0.966302
0.967739
0.969122
0.970455
0.971738
0.972972
0.974158
0.975299
0.976394
0.977446
0.978456
0.979425
0.980354
0.981244
0.982097
0.982914
0.983697
0.984445
0.985161
0.985845
0.986499
0.987124
0.987720
0.988289
0.988832
0.989350
0.989844
0.990314
0.990762
0.991189
0.991595
0.991981
0.992349
0.992698
0.993030
0.993345
0.993644
0.993928
0.994198
0.994453
0.994696
0.994926
0.995143
0.995350
0.995545
0.995729
0.995904
0.996070
0.996226
0.996374
0.996513
0.996645
0.996770
0.996887
0.996998
0.997102
0.997201
0.997294
0.997382
0.997464
0.997542
0.997615
0.997684
0.997749
0.997810
0.997867
0.997921
0.997971
0.998019
0.998064
0.998106
0.998145
0.998182
0.998217
0.998249
0.998280
0.998308
0.998335
0.998360
0.998384
0.998406
0.998426
0.998446
0.998464
0.998481
0.998497
0.998511
0.998525
0.998538
0.998550
0.998561
0.998572
0.998582
0.998591
0.998600
0.998608
0.998615
0.998622
0.998629
0.998635
0.998640
0.998646
0.998651
0.998655
0.998659
0.998663
0.998667
0.998671
0.998674
0.998677
0.998679
0.998682
0.998685
0.998687
0.998689
0.998691
0.998693
0.998694
0.998696
0.998697
0.998699
0.998700
0.998701
0.998702
0.998703
0.998704
0.998705
0.998706
0.998707
0.998707
0.998708
0.998708
0.998709
0.998710
0.998710
0.998710
0.998711
0.998711
0.998712
0.998712
0.998712
0.998713
0.998713
0.998713
0.998713
0.998714
0.998714
0.998714
0.998714
0.998714
0.998714
0.998714
0.998715
0.998715
0.998715
0.998715
0.998715
0.998715
0.998715
0.998715
0.998715
0.998715
0.998715
0.998716
0.998716
0.998716
0.998716
0.998716
0.998716
0.998716
0.998716
0.998716
0.998716
0.998716
0.998716
0.998716
0.998716
0.998716
0.998716
0.998716
0.998716
0.998716
0.998716
0.998716
0.998716
0.998716
0.998716
0.998716
0.998716
0.998716
0.998716
0.998716
0.998716
0.998716
0.998716
0.998716
0.998716
0.998716
0.998716
0.998716
0.998716
0.998716
0.998716
0.998716
0.998716
0.998716
0.998716
0.998716
0.998716
0.998716
0.998716
0.998716
0.998716
0.998716
0.998716
0.998716
0.998716
0.998716
0.998716
0.998716
0.998716
0.998716
0.998716
0.998716
0.998716
0.998716
0.998716
0.998716
0.998716
0.998716
0.998716
0.998716
0.998716
0.998716
0.998716
0.998716
0.998716
0.998716
0.998716
0.998716
0.998716
0.998716
0.998716
0.998716
0.998716
0.998716
0.998716
0.998716
0.998716
0.998716
0.998716
0.998716
0.998716
0.998716
0.998716
0.998716
0.998716
0.998716
0.998716
0.998716
0.998716
0.998716
0.998716
0.998716
0.998716
0.998716
0.998716
0.998716
0.998716
0.998716
0.998716
0.998716
0.998716
0.998716
0.998716
0.998716
0.998716
0.998716
0.998716
0.998716
0.998716
0.998716
0.998716
0.998716
0.998716
0.998716
0.998716
0.998716
0.998716
0.998716
0.998716
0.998716
0.998716
0.998716
0.998716
0.998716
0.998716
0.998716
0.998716
0.998716
0.998716
0.998716
0.998716
0.998716
0.998716
0.998716
0.998716
0.998716
0.998716
0.998716
0.998716
0.998716
0.998716
0.998716
0.998716
0.998716
0.998716
0.998716
0.998716
0.998716
0.998716
0.998716
0.998716
0.998716
0.998716
0.998716
0.998716
0.998716
0.998716
0.998716
0.998716
0.998716
0.998716
0.998716
0.998716
0.998716
0.998716
0.998716
0.998716
0.998716
0.998716
0.998716
0.998716
0.998716
0.998716
0.998716
0.998716
0.998716
0.998716
0.998716
0.998716
0.998716
0.998716
0.998716
0.998716
0.998716
0.998716
0.998716
0.998716
0.998716
0.998716
0.998716
0.998716
0.998716
0.998716
0.998716
0.998716
0.998716
0.998716
0.998716
0.998716
0.998716
0.998716
0.998716
0.998716
0.998716
0.998716
0.998716
0.998716
0.998716
0.998716
0.998716
0.998716
0.998716
0.998716
0.998716
0.998716
0.998716
0.998716
0.998716
0.998716
0.998716
0.998716
0.998716
0.998716
0.998716
0.998716
0.998716
0.998716
0.998716
0.998716
0.998716
0.998716
0.998716
0.998716
0.998716
0.998716
0.998716
0.998716
0.998716
0.998716
0.998716
0.998716
0.998716
0.998716
0.998716
0.998716
0.998716
0.998716
0.998716
0.998716
0.998716
0.998716
0.998716
0.998716
0.998716
0.998716
0.998716
0.998716
0.998716
0.998716
0.998716
0.998716
0.998716
0.998716
0.998716
0.998716
0.998716
0.998716
0.998716
0.998716
0.998716
0.998716
0.998716
0.998716
0.998716
0.998716
0.998716
0.998716
0.998716
0.998716
0.998716
0.998716
0.998716
0.998716
0.998716
0.998716
0.998716
0.998716
0.998716
0.998716
0.998716
0.998716
0.998716
0.998716
0.998716
0.998716
0.998716
0.998716
0.998716
0.998716
0.998716
0.998716
0.998716
0.998716
0.998716
0.998716
0.998716
0.998716
0.998716
0.998716
0.998716
0.998716
0.998716
0.998716
0.998716
0.998716
0.998716
0.998716
0.998716
0.998716
0.998716
0.998716
0.998716
0.998716
0.998716
0.998716
0.998716
0.998716
0.998716
0.998716
0.998716
0.998716
0.998716
0.998716
0.998716
0.998716
0.998716
