0.009931
0.021269
0.033438
0.048506
0.055872
0.062866
0.070533
0.079008
0.088455
0.099059
0.111066
0.124807
0.140730
0.159429
0.181726
0.208937
0.243208
0.287338
0.340385
0.378889
0.357849
0.310409
0.297394
0.298844
0.301214
0.303612
0.306030
0.308464
0.310915
0.313382
0.315865
0.318363
0.320876
0.323405
0.325949
0.328509
0.331084
0.333675
0.336282
0.338944
0.341380
0.343855
0.346349
0.348862
0.351394
0.353944
0.356513
0.359101
0.361708
0.364335
0.366980
0.369644
0.372328
0.375031
0.377753
0.380495
0.383256
0.386037
0.388837
0.391657
0.394497
0.397355
0.400234
0.403131
0.406048
0.408984
0.411939
0.414914
0.417907
0.420919
0.423950
0.426999
0.430067
0.433152
0.436256
0.439378
0.442517
0.445673
0.448847
0.452037
0.455244
0.458467
0.461707
0.464962
0.468232
0.471517
0.474818
0.478132
0.481461
0.484803
0.488159
0.491528
0.494909
0.498302
0.501708
0.505124
0.508551
0.511989
0.515437
0.518895
0.522362
0.525837
0.529321
0.532812
0.536311
0.539817
0.543329
0.546846
0.550370
0.553898
0.557430
0.560966
0.564506
0.568049
0.571594
0.575140
0.578689
0.582238
0.585787
0.589336
0.592885
0.596432
0.599978
0.603521
0.607062
0.610599
0.614133
0.617663
0.621188
0.624708
0.628222
0.631730
0.635231
0.638725
0.642212
0.645691
0.649161
0.652622
0.656074
0.659516
0.662948
0.666369
0.669779
0.673177
0.676563
0.679937
0.683298
0.686646
0.689980
0.693301
0.696607
0.699898
0.703174
0.706435
0.709680
0.712909
0.716122
0.719318
0.722497
0.725658
0.728802
0.731928
0.735036
0.738125
0.741196
0.744248
0.747280
0.750293
0.753286
0.756260
0.759213
0.762146
0.765058
0.767950
0.770821
0.773670
0.776499
0.779306
0.782091
0.784855
0.787597
0.790318
0.793016
0.795692
0.798345
0.800977
0.803586
0.806172
0.808736
0.811277
0.813796
0.816292
0.818765
0.821215
0.823642
0.826047
0.828428
0.830787
0.833123
0.835435
0.837725
0.839992
0.842236
0.844457
0.846656
0.848831
0.850984
0.853114
0.855222
0.857307
0.859369
0.861409
0.863426
0.865422
0.867394
0.869345
0.871274
0.873180
0.875065
0.876928
0.878769
0.880588
0.882386
0.884163
0.885918
0.887652
0.889366
0.891058
0.892729
0.894380
0.896010
0.897620
0.899210
0.900779
0.902329
0.903858
0.905368
0.906859
0.908330
0.909781
0.911214
0.912628
0.914022
0.915399
0.916756
0.918096
0.919417
0.920720
0.922005
0.923273
0.924523
0.925755
0.926971
0.928169
0.929351
0.930515
0.931664
0.932795
0.933911
0.935010
0.936094
0.937162
0.938214
0.939251
0.940272
0.941279
0.942270
0.943247
0.944209
0.945157
0.946090
0.947010
0.947915
0.948807
0.949685
0.950549
0.951400
0.952238
0.953063
0.953876
0.954675
0.955462
0.956237
0.956999
0.957750
0.958488
0.959215
0.959930
0.960634
0.961326
0.962007
0.962677
0.963337
0.963985
0.964623
0.965251
0.965868
0.966475
0.967072
0.967659
0.968237
0.968805
0.969363
0.969912
0.970451
0.970982
0.971504
0.972017
0.972521
0.973016
0.973503
0.973982
0.974453
0.974915
0.975370
0.975816
0.976255
0.976686
0.977110
0.977527
0.977936
0.978338
0.978732
0.979120
0.979501
0.979876
0.980243
0.980604
0.980959
0.981307
0.981649
0.981985
0.982315
0.982639
0.982957
0.983270
0.983576
0.983877
0.984173
0.984463
0.984748
0.985028
0.985302
0.985572
0.985837
0.986096
0.986351
0.986601
0.986847
0.987087
0.987324
0.987556
0.987783
0.988007
0.988226
0.988441
0.988652
0.988859
0.989062
0.989261
0.989456
0.989648
0.989836
0.990020
0.990201
0.990379
0.990553
0.990723
0.990891
0.991055
0.991216
0.991374
0.991528
0.991680
0.991829
0.991975
0.992118
0.992258
0.992396
0.992530
0.992662
0.992792
0.992919
0.993043
0.993165
0.993285
0.993402
0.993517
0.993629
0.993740
0.993848
0.993954
0.994057
0.994159
0.994259
0.994357
0.994452
0.994546
0.994638
0.994728
0.994816
0.994902
0.994987
0.995070
0.995151
0.995231
0.995308
0.995385
0.995459
0.995533
0.995604
0.995675
0.995743
0.995811
0.995877
0.995941
0.996004
0.996066
0.996127
0.996186
0.996244
0.996301
0.996357
0.996411
0.996465
0.996517
0.996568
0.996618
0.996667
0.996715
0.996762
0.996808
0.996853
0.996897
0.996940
0.996982
0.997024
0.997064
0.997104
0.997142
0.997180
0.997217
0.997253
0.997289
0.997324
0.997358
0.997391
0.997423
0.997455
0.997486
0.997517
0.997546
0.997575
0.997604
0.997632
0.997659
0.997686
0.997712
0.997737
0.997762
0.997787
0.997810
0.997834
0.997856
0.997879
0.997901
0.997922
0.997943
0.997963
0.997983
0.998003
0.998022
0.998040
0.998058
0.998076
0.998094
0.998111
0.998127
0.998144
0.998159
0.998175
0.998190
0.998205
0.998219
0.998234
0.998247
0.998261
0.998274
0.998287
0.998300
0.998312
0.998324
0.998336
0.998348
0.998359
0.998370
0.998381
0.998391
0.998401
0.998411
0.998421
0.998431
0.998440
0.998449
0.998458
0.998467
0.998475
0.998484
0.998492
0.998500
0.998507
0.998515
0.998522
0.998530
0.998537
0.998543
0.998550
0.998557
0.998563
0.998569
0.998576
0.998581
0.998587
0.998593
0.998599
0.998604
0.998609
0.998614
0.998619
0.998624
0.998629
0.998634
0.998638
0.998643
0.998647
0.998652
0.998656
0.998660
0.998664
0.998668
0.998671
0.998675
0.998679
0.998682
0.998686
0.998689
0.998692
0.998695
0.998698
0.998701
0.998704
0.998707
0.998710
0.998713
0.998715
0.998718
0.998721
0.998723
0.998726
0.998728
0.998730
0.998732
0.998735
0.998737
0.998739
0.998741
0.998743
0.998745
0.998747
0.998749
0.998750
0.998752
0.998754
0.998755
0.998757
0.998759
0.998760
0.998762
0.998763
0.998765
0.998766
0.998767
0.998769
0.998770
0.998771
0.998772
0.998774
0.998775
0.998776
0.998777
0.998778
0.998779
0.998780
0.998781
0.998782
0.998783
0.998784
0.998785
0.998786
0.998787
