0.018177
0.081943
0.158019
0.205894
0.231062
0.245426
0.255730
0.265353
0.275368
0.277957
0.279976
0.281980
0.283975
0.285964
0.287947
0.289924
0.291894
0.293858
0.295816
0.297768
0.299714
0.301653
0.303587
0.305515
0.307436
0.309352
0.311262
0.313167
0.315066
0.316959
0.318846
0.320728
0.322605
0.324476
0.326342
0.328202
0.330057
0.331907
0.333752
0.335650
0.337355
0.339039
0.340716
0.342388
0.344056
0.345719
0.347379
0.349033
0.350684
0.352331
0.353973
0.355611
0.357245
0.358874
0.360500
0.362121
0.363738
0.365351
0.366960
0.368565
0.370165
0.371762
0.373355
0.374943
0.376527
0.378108
0.379684
0.381257
0.382825
0.384389
0.385949
0.387506
0.389058
0.390607
0.392151
0.393692
0.395228
0.396761
0.398290
0.399814
0.401335
0.402853
0.404366
0.405875
0.407381
0.408882
0.410380
0.411874
0.413364
0.414851
0.416334
0.417812
0.419287
0.420759
0.422226
0.423690
0.425150
0.426607
0.428059
0.429508
0.430953
0.432395
0.433833
0.435267
0.436698
0.438125
0.439548
0.440968
0.442384
0.443796
0.445205
0.446610
0.448012
0.449410
0.450804
0.452195
0.453583
0.454967
0.456347
0.457724
0.459097
0.460467
0.461833
0.463196
0.464556
0.465911
0.467264
0.468613
0.469958
0.471301
0.472639
0.473975
0.475306
0.476635
0.477960
0.479282
0.480600
0.481915
0.483227
0.484535
0.485840
0.487142
0.488440
0.489735
0.491027
0.492315
0.493600
0.494882
0.496161
0.497436
0.498708
0.499977
0.501243
0.502505
0.503764
0.505020
0.506273
0.507523
0.508769
0.510012
0.511252
0.512489
0.513723
0.514954
0.516181
0.517406
0.518627
0.519845
0.521060
0.522272
0.523481
0.524686
0.525889
0.527089
0.528285
0.529479
0.530669
0.531856
0.533041
0.534222
0.535401
0.536576
0.537748
0.538918
0.540084
0.541248
0.542408
0.543566
0.544720
0.545872
0.547020
0.548166
0.549309
0.550449
0.551586
0.552720
0.553851
0.554980
0.556105
0.557228
0.558348
0.559464
0.560579
0.561690
0.562798
0.563904
0.565006
0.566106
0.567204
0.568298
0.569389
0.570478
0.571564
0.572647
0.573728
0.574806
0.575881
0.576953
0.578022
0.579089
0.580153
0.581215
0.582273
0.583329
0.584383
0.585433
0.586481
0.587526
0.588569
0.589609
0.590646
0.591681
0.592713
0.593742
0.594769
0.595793
0.596815
0.597834
0.598850
0.599864
0.600875
0.601883
0.602889
0.603893
0.604894
0.605892
0.606888
0.607881
0.608872
0.609860
0.610846
0.611829
0.612810
0.613788
0.614764
0.615737
0.616708
0.617676
0.618642
0.619605
0.620566
0.621524
0.622480
0.623434
0.624385
0.625334
0.626280
0.627224
0.628166
0.629105
0.630041
0.630976
0.631908
0.632837
0.633764
0.634689
0.635612
0.636532
0.637450
0.638365
0.639278
0.640189
0.641097
0.642004
0.642907
0.643809
0.644708
0.645605
0.646500
0.647392
0.648283
0.649170
0.650056
0.650939
0.651821
0.652699
0.653576
0.654450
0.655323
0.656193
0.657060
0.657926
0.658789
0.659650
0.660509
0.661366
0.662221
0.663073
0.663923
0.664771
0.665617
0.666461
0.667303
0.668142
0.668979
0.669814
0.670648
0.671479
0.672307
0.673134
0.673959
0.674781
0.675602
0.676420
0.677236
0.678050
0.678863
0.679673
0.680481
0.681286
0.682090
0.682892
0.683692
0.684490
0.685285
0.686079
0.686871
0.687660
0.688448
0.689234
0.690017
0.690799
0.691579
0.692356
0.693132
0.693906
0.694678
0.695447
0.696215
0.696981
0.697745
0.698507
0.699267
0.700025
0.700781
0.701536
0.702288
0.703039
0.703787
0.704534
0.705278
0.706021
0.706762
0.707501
0.708238
0.708974
0.709707
0.710439
0.711168
0.711896
0.712622
0.713346
0.714069
0.714789
0.715508
0.716225
0.716940
0.717653
0.718364
0.719074
0.719782
0.720488
0.721192
0.721894
0.722595
0.723293
0.723990
0.724686
0.725379
0.726071
0.726761
0.727449
0.728136
0.728820
0.729503
0.730185
0.730864
0.731542
0.732218
0.732892
0.733565
0.734236
0.734905
0.735573
0.736238
0.736903
0.737565
0.738226
0.738885
0.739542
0.740198
0.740852
0.741504
0.742155
0.742804
0.743452
0.744098
0.744742
0.745384
0.746025
0.746665
0.747302
0.747938
0.748573
0.749206
0.749837
0.750466
0.751094
0.751721
0.752346
0.752969
0.753591
0.754211
0.754829
0.755446
0.756062
0.756675
0.757288
0.757898
0.758508
0.759115
0.759721
0.760326
0.760929
0.761530
0.762130
0.762729
0.763326
0.763921
0.764515
0.765107
0.765698
0.766288
0.766876
0.767462
0.768047
0.768631
0.769213
0.769793
0.770372
0.770950
0.771526
0.772100
0.772674
0.773245
0.773816
0.774385
0.774952
0.775518
0.776083
0.776646
0.777208
0.777768
0.778327
0.778884
0.779440
0.779995
0.780548
0.781100
0.781651
0.782200
0.782747
0.783294
0.783839
0.784382
0.784924
0.785465
0.786005
0.786543
0.787080
0.787615
0.788149
0.788682
0.789213
0.789743
0.790272
0.790799
0.791325
0.791850
0.792373
0.792895
0.793416
0.793936
0.794454
0.794971
0.795486
0.796000
0.796513
0.797025
0.797535
0.798045
0.798552
0.799059
0.799564
0.800068
0.800571
0.801072
0.801573
0.802072
0.802569
0.803066
0.803561
0.804055
0.804548
0.805040
0.805530
0.806019
0.806507
0.806993
0.807479
0.807963
0.808446
0.808928
0.809408
0.809888
0.810366
0.810843
0.811319
0.811794
0.812267
0.812739
0.813210
0.813680
0.814149
0.814617
0.815083
0.815548
0.816013
0.816476
0.816937
0.817398
0.817858
0.818316
0.818773
0.819229
0.819684
0.820138
0.820591
0.821043
0.821493
0.821943
0.822391
0.822838
0.823284
0.823729
0.824173
0.824616
0.825058
0.825498
0.825938
0.826376
0.826814
0.827250
0.827685
0.828119
0.828552
0.828984
0.829415
0.829845
0.830274
0.830702
0.831129
0.831555
0.831979
0.832403
0.832826
0.833247
0.833668
0.834087
0.834506
0.834923
0.835340
0.835755
0.836170
0.836583
0.836996
0.837407
0.837818
0.838227
0.838636
