0.011747
0.024920
0.038495
0.053866
0.076157
0.111740
0.159011
0.199496
0.231642
0.252878
0.265057
0.271570
0.275228
0.277705
0.279787
0.281773
0.283747
0.285724
0.287699
0.289669
0.291633
0.293591
0.295543
0.297489
0.299430
0.301364
0.303293
0.305216
0.307133
0.309045
0.310952
0.312852
0.314748
0.316638
0.318522
0.320402
0.322276
0.324144
0.326008
0.327922
0.329640
0.331339
0.333033
0.334721
0.336405
0.338085
0.339761
0.341432
0.343099
0.344762
0.346421
0.348075
0.349725
0.351371
0.353013
0.354650
0.356283
0.357913
0.359538
0.361158
0.362775
0.364388
0.365996
0.367601
0.369201
0.370797
0.372390
0.373978
0.375562
0.377142
0.378718
0.380290
0.381858
0.383422
0.384982
0.386538
0.388090
0.389638
0.391183
0.392723
0.394259
0.395792
0.397320
0.398845
0.400366
0.401883
0.403396
0.404905
0.406410
0.407912
0.409409
0.410903
0.412393
0.413880
0.415362
0.416841
0.418316
0.419787
0.421255
0.422718
0.424178
0.425635
0.427087
0.428536
0.429981
0.431423
0.432861
0.434295
0.435726
0.437152
0.438576
0.439995
0.441412
0.442824
0.444233
0.445638
0.447040
0.448438
0.449833
0.451224
0.452611
0.453995
0.455376
0.456753
0.458126
0.459496
0.460862
0.462225
0.463585
0.464941
0.466294
0.467643
0.468989
0.470331
0.471670
0.473006
0.474338
0.475666
0.476992
0.478314
0.479632
0.480948
0.482260
0.483568
0.484874
0.486176
0.487474
0.488770
0.490062
0.491351
0.492636
0.493919
0.495198
0.496473
0.497746
0.499015
0.500281
0.501544
0.502804
0.504060
0.505314
0.506564
0.507811
0.509055
0.510295
0.511533
0.512767
0.513998
0.515226
0.516451
0.517673
0.518892
0.520108
0.521320
0.522530
0.523736
0.524940
0.526140
0.527338
0.528532
0.529723
0.530911
0.532097
0.533279
0.534458
0.535634
0.536808
0.537978
0.539146
0.540310
0.541471
0.542630
0.543786
0.544938
0.546088
0.547235
0.548379
0.549520
0.550658
0.551794
0.552926
0.554056
0.555182
0.556306
0.557427
0.558546
0.559661
0.560774
0.561883
0.562990
0.564095
0.565196
0.566295
0.567391
0.568484
0.569574
0.570662
0.571747
0.572829
0.573908
0.574985
0.576059
0.577130
0.578199
0.579265
0.580328
0.581388
0.582446
0.583502
0.584554
0.585604
0.586651
0.587696
0.588738
0.589778
0.590814
0.591849
0.592880
0.593909
0.594936
0.595960
0.596981
0.598000
0.599016
0.600030
0.601041
0.602050
0.603056
0.604059
0.605060
0.606059
0.607055
0.608049
0.609040
0.610029
0.611015
0.611998
0.612980
0.613958
0.614935
0.615909
0.616880
0.617849
0.618816
0.619780
0.620742
0.621702
0.622659
0.623614
0.624566
0.625516
0.626464
0.627409
0.628352
0.629293
0.630231
0.631167
0.632101
0.633032
0.633961
0.634888
0.635812
0.636734
0.637654
0.638572
0.639487
0.640400
0.641311
0.642220
0.643126
0.644030
0.644932
0.645832
0.646729
0.647625
0.648518
0.649409
0.650297
0.651184
0.652068
0.652950
0.653830
0.654708
0.655584
0.656458
0.657329
0.658198
0.659065
0.659931
0.660794
0.661654
0.662513
0.663370
0.664225
0.665077
0.665928
0.666776
0.667622
0.668467
0.669309
0.670149
0.670987
0.671823
0.672657
0.673490
0.674320
0.675148
0.675974
0.676798
0.677620
0.678440
0.679259
0.680075
0.680889
0.681701
0.682512
0.683320
0.684127
0.684931
0.685734
0.686535
0.687333
0.688130
0.688925
0.689718
0.690510
0.691299
0.692087
0.692872
0.693656
0.694438
0.695218
0.695996
0.696773
0.697547
0.698320
0.699091
0.699860
0.700627
0.701393
0.702156
0.702918
0.703678
0.704437
0.705193
0.705948
0.706701
0.707452
0.708202
0.708950
0.709696
0.710440
0.711183
0.711924
0.712663
0.713400
0.714136
0.714870
0.715602
0.716333
0.717062
0.717790
0.718515
0.719239
0.719962
0.720682
0.721401
0.722119
0.722835
0.723549
0.724261
0.724972
0.725682
0.726389
0.727095
0.727800
0.728503
0.729204
0.729904
0.730602
0.731299
0.731994
0.732688
0.733380
0.734070
0.734759
0.735446
0.736132
0.736817
0.737499
0.738181
0.738860
0.739539
0.740216
0.740891
0.741565
0.742237
0.742908
0.743578
0.744245
0.744912
0.745577
0.746241
0.746903
0.747564
0.748223
0.748881
0.749537
0.750193
0.750846
0.751498
0.752149
0.752799
0.753447
0.754094
0.754739
0.755383
0.756026
0.756667
0.757307
0.757945
0.758583
0.759218
0.759853
0.760486
0.761118
0.761749
0.762378
0.763006
0.763633
0.764258
0.764882
0.765505
0.766126
0.766747
0.767366
0.767983
0.768600
0.769215
0.769829
0.770442
0.771053
0.771663
0.772272
0.772880
0.773487
0.774092
0.774696
0.775299
0.775901
0.776501
0.777100
0.777699
0.778296
0.778891
0.779486
0.780079
0.780672
0.781263
0.781853
0.782442
0.783029
0.783616
0.784201
0.784786
0.785369
0.785951
0.786532
0.787112
0.787690
0.788268
0.788844
0.789420
0.789994
0.790567
0.791140
0.791711
0.792281
0.792850
0.793418
0.793985
0.794550
0.795115
0.795679
0.796242
0.796803
0.797364
0.797923
0.798482
0.799040
0.799596
0.800152
0.800706
0.801260
0.801812
0.802364
0.802915
0.803464
0.804013
0.804560
0.805107
0.805653
0.806198
0.806741
0.807284
0.807826
0.808367
0.808907
0.809446
0.809984
0.810522
0.811058
0.811593
0.812128
0.812661
0.813194
0.813726
0.814257
0.814787
0.815316
0.815844
0.816371
0.816898
0.817423
0.817948
0.818472
0.818995
0.819517
0.820038
0.820558
0.821078
0.821596
0.822114
0.822631
0.823147
0.823662
0.824177
0.824691
0.825203
0.825715
0.826227
0.826737
0.827246
0.827755
0.828263
0.828770
0.829277
0.829782
0.830287
0.830791
0.831294
0.831796
0.832298
0.832799
0.833299
0.833798
0.834297
0.834795
0.835292
0.835788
0.836283
0.836778
0.837272
0.837765
0.838258
0.838750
0.839241
0.839731
0.840221
0.840709
0.841198
0.841685
0.842172
0.842658
0.843143
0.843627
0.844111
0.844594
0.845077
0.845558
