0.011443
0.021919
0.027761
0.034932
0.043543
0.053463
0.064494
0.076437
0.089133
0.102481
0.116421
0.130910
0.145904
0.161366
0.177270
0.193590
0.210285
0.227276
0.244456
0.261654
0.278439
0.293695
0.304677
0.306333
0.298763
0.294309
0.295401
0.297454
0.299539
0.301627
0.303717
0.305807
0.307898
0.309989
0.312081
0.314174
0.316266
0.318359
0.320452
0.322597
0.324534
0.326469
0.328405
0.330342
0.332281
0.334221
0.336162
0.338104
0.340048
0.341993
0.343939
0.345886
0.347835
0.349785
0.351736
0.353688
0.355641
0.357596
0.359551
0.361508
0.363465
0.365424
0.367383
0.369343
0.371304
0.373266
0.375228
0.377192
0.379155
0.381119
0.383084
0.385049
0.387015
0.388980
0.390946
0.392912
0.394878
0.396844
0.398810
0.400775
0.402741
0.404706
0.406670
0.408634
0.410597
0.412560
0.414522
0.416483
0.418443
0.420402
0.422359
0.424316
0.426271
0.428225
0.430177
0.432127
0.434076
0.436023
0.437968
0.439912
0.441853
0.443792
0.445728
0.447663
0.449594
0.451524
0.453451
0.455375
0.457296
0.459215
0.461130
0.463043
0.464952
0.466858
0.468761
0.470661
0.472557
0.474450
0.476339
0.478224
0.480106
0.481984
0.483858
0.485729
0.487595
0.489457
0.491315
0.493169
0.495019
0.496864
0.498705
0.500542
0.502374
0.504201
0.506024
0.507843
0.509656
0.511465
0.513270
0.515069
0.516864
0.518653
0.520438
0.522218
0.523992
0.525762
0.527526
0.529286
0.531040
0.532789
0.534533
0.536272
0.538005
0.539733
0.541455
0.543173
0.544885
0.546591
0.548292
0.549988
0.551678
0.553363
0.555042
0.556716
0.558384
0.560046
0.561703
0.563355
0.565001
0.566641
0.568276
0.569905
0.571528
0.573146
0.574758
0.576365
0.577966
0.579561
0.581151
0.582735
0.584313
0.585886
0.587453
0.589014
0.590570
0.592120
0.593665
0.595204
0.596737
0.598265
0.599787
0.601303
0.602814
0.604319
0.605819
0.607313
0.608801
0.610284
0.611761
0.613233
0.614699
0.616160
0.617615
0.619065
0.620509
0.621948
0.623381
0.624809
0.626231
0.627648
0.629059
0.630465
0.631866
0.633261
0.634651
0.636036
0.637415
0.638789
0.640157
0.641520
0.642878
0.644231
0.645579
0.646921
0.648258
0.649590
0.650916
0.652238
0.653554
0.654865
0.656171
0.657472
0.658768
0.660059
0.661345
0.662626
0.663901
0.665172
0.666438
0.667699
0.668955
0.670205
0.671452
0.672693
0.673929
0.675160
0.676387
0.677609
0.678826
0.680038
0.681246
0.682448
0.683646
0.684840
0.686028
0.687212
0.688392
0.689566
0.690736
0.691902
0.693063
0.694219
0.695371
0.696518
0.697661
0.698799
0.699933
0.701062
0.702187
0.703308
0.704424
0.705536
0.706643
0.707746
0.708845
0.709939
0.711029
0.712115
0.713197
0.714274
0.715347
0.716416
0.717481
0.718542
0.719598
0.720651
0.721699
0.722743
0.723783
0.724819
0.725851
0.726879
0.727903
0.728923
0.729939
0.730951
0.731959
0.732963
0.733963
0.734960
0.735952
0.736941
0.737925
0.738906
0.739884
0.740857
0.741826
0.742792
0.743754
0.744713
0.745667
0.746618
0.747565
0.748509
0.749449
0.750385
0.751318
0.752247
0.753172
0.754094
0.755013
0.755927
0.756839
0.757747
0.758651
0.759552
0.760449
0.761343
0.762233
0.763120
0.764004
0.764884
0.765761
0.766634
0.767504
0.768371
0.769235
0.770095
0.770951
0.771805
0.772655
0.773502
0.774346
0.775187
0.776024
0.776858
0.777689
0.778517
0.779342
0.780163
0.780981
0.781797
0.782609
0.783418
0.784224
0.785027
0.785827
0.786623
0.787417
0.788208
0.788996
0.789780
0.790562
0.791341
0.792117
0.792890
0.793660
0.794427
0.795191
0.795952
0.796711
0.797466
0.798219
0.798969
0.799716
0.800460
0.801201
0.801940
0.802676
0.803409
0.804139
0.804867
0.805591
0.806313
0.807033
0.807749
0.808463
0.809175
0.809883
0.810589
0.811292
0.811993
0.812691
0.813386
0.814079
0.814769
0.815457
0.816142
0.816824
0.817504
0.818181
0.818856
0.819528
0.820198
0.820865
0.821530
0.822192
0.822852
0.823510
0.824164
0.824817
0.825467
0.826115
0.826760
0.827402
0.828043
0.828681
0.829316
0.829950
0.830581
0.831209
0.831835
0.832459
0.833081
0.833700
0.834317
0.834932
0.835544
0.836154
0.836762
0.837367
0.837971
0.838572
0.839171
0.839767
0.840362
0.840954
0.841544
0.842132
0.842718
0.843301
0.843883
0.844462
0.845039
0.845614
0.846187
0.846757
0.847326
0.847892
0.848457
0.849019
0.849579
0.850138
0.850694
0.851248
0.851800
0.852350
0.852898
0.853444
0.853988
0.854530
0.855069
0.855607
0.856143
0.856677
0.857209
0.857739
0.858268
0.858794
0.859318
0.859840
0.860361
0.860879
0.861396
0.861911
0.862423
0.862934
0.863443
0.863950
0.864456
0.864959
0.865461
0.865961
0.866459
0.866955
0.867449
0.867941
0.868432
0.868921
0.869408
0.869893
0.870377
0.870859
0.871339
0.871817
0.872293
0.872768
0.873241
0.873713
0.874182
0.874650
0.875116
0.875581
0.876043
0.876504
0.876964
0.877421
0.877877
0.878332
0.878784
0.879235
0.879685
0.880133
0.880579
0.881023
0.881466
0.881907
0.882347
0.882785
0.883221
0.883656
0.884090
0.884521
0.884951
0.885380
0.885807
0.886232
0.886656
0.887078
0.887499
0.887918
0.888336
0.888752
0.889167
0.889580
0.889992
0.890402
0.890811
0.891218
0.891624
0.892028
0.892431
0.892832
0.893232
0.893630
0.894027
0.894423
0.894817
0.895209
0.895601
0.895990
0.896379
0.896766
0.897151
0.897535
0.897918
0.898300
0.898680
0.899058
0.899435
0.899811
0.900186
0.900559
0.900931
0.901301
0.901670
0.902038
0.902404
0.902769
0.903133
0.903495
0.903856
0.904216
0.904575
0.904932
0.905288
0.905642
0.905996
0.906348
0.906698
0.907048
0.907396
0.907743
0.908089
0.908433
0.908776
0.909118
0.909459
0.909798
0.910137
0.910474
0.910809
0.911144
0.911477
0.911809
0.912140
0.912470
0.912798
0.913126
0.913452
