0.011756
0.025786
0.050664
0.097668
0.155304
0.205744
0.242395
0.258882
0.267388
0.272054
0.275038
0.277365
0.279461
0.281482
0.283479
0.285467
0.287449
0.289424
0.291394
0.293357
0.295314
0.297265
0.299211
0.301150
0.303083
0.305011
0.306933
0.308849
0.310760
0.312665
0.314565
0.316459
0.318348
0.320231
0.322109
0.323981
0.325848
0.327710
0.329567
0.331478
0.333194
0.334888
0.336577
0.338260
0.339938
0.341613
0.343283
0.344949
0.346610
0.348268
0.349921
0.351570
0.353214
0.354855
0.356491
0.358123
0.359751
0.361375
0.362994
0.364610
0.366221
0.367828
0.369432
0.371031
0.372626
0.374216
0.375803
0.377386
0.378965
0.380539
0.382110
0.383677
0.385239
0.386798
0.388353
0.389904
0.391450
0.392993
0.394532
0.396067
0.397598
0.399125
0.400649
0.402168
0.403684
0.405195
0.406703
0.408207
0.409707
0.411203
0.412696
0.414185
0.415669
0.417151
0.418628
0.420101
0.421571
0.423037
0.424499
0.425958
0.427413
0.428864
0.430311
0.431755
0.433195
0.434632
0.436064
0.437493
0.438919
0.440341
0.441759
0.443173
0.444584
0.445992
0.447395
0.448796
0.450192
0.451585
0.452975
0.454361
0.455743
0.457122
0.458497
0.459869
0.461238
0.462602
0.463964
0.465322
0.466676
0.468027
0.469375
0.470719
0.472060
0.473397
0.474731
0.476061
0.477389
0.478712
0.480033
0.481350
0.482663
0.483973
0.485280
0.486584
0.487884
0.489181
0.490475
0.491765
0.493052
0.494336
0.495617
0.496894
0.498168
0.499439
0.500706
0.501970
0.503231
0.504489
0.505744
0.506995
0.508244
0.509489
0.510731
0.511969
0.513205
0.514437
0.515667
0.516893
0.518116
0.519336
0.520553
0.521766
0.522977
0.524184
0.525389
0.526590
0.527789
0.528984
0.530176
0.531365
0.532551
0.533735
0.534915
0.536092
0.537266
0.538437
0.539605
0.540770
0.541933
0.543092
0.544248
0.545401
0.546552
0.547699
0.548844
0.549986
0.551124
0.552260
0.553393
0.554523
0.555650
0.556774
0.557896
0.559014
0.560130
0.561243
0.562353
0.563460
0.564565
0.565666
0.566765
0.567861
0.568954
0.570045
0.571132
0.572217
0.573299
0.574379
0.575455
0.576529
0.577600
0.578669
0.579734
0.580797
0.581858
0.582915
0.583970
0.585022
0.586072
0.587118
0.588163
0.589204
0.590243
0.591279
0.592313
0.593344
0.594372
0.595398
0.596421
0.597441
0.598459
0.599474
0.600487
0.601497
0.602505
0.603510
0.604512
0.605512
0.606509
0.607504
0.608496
0.609486
0.610473
0.611458
0.612440
0.613420
0.614397
0.615372
0.616344
0.617314
0.618281
0.619246
0.620208
0.621168
0.622126
0.623081
0.624033
0.624984
0.625931
0.626877
0.627820
0.628760
0.629698
0.630634
0.631568
0.632499
0.633427
0.634353
0.635277
0.636199
0.637118
0.638035
0.638950
0.639862
0.640772
0.641680
0.642585
0.643488
0.644389
0.645287
0.646183
0.647077
0.647969
0.648858
0.649745
0.650630
0.651512
0.652393
0.653271
0.654146
0.655020
0.655891
0.656761
0.657628
0.658492
0.659355
0.660215
0.661073
0.661929
0.662783
0.663635
0.664484
0.665332
0.666177
0.667020
0.667861
0.668700
0.669536
0.670371
0.671203
0.672033
0.672861
0.673687
0.674511
0.675333
0.676153
0.676971
0.677786
0.678600
0.679411
0.680221
0.681028
0.681833
0.682637
0.683438
0.684237
0.685034
0.685829
0.686623
0.687414
0.688203
0.688990
0.689775
0.690558
0.691339
0.692118
0.692896
0.693671
0.694444
0.695215
0.695985
0.696752
0.697517
0.698281
0.699042
0.699802
0.700560
0.701315
0.702069
0.702821
0.703571
0.704319
0.705066
0.705810
0.706552
0.707293
0.708032
0.708768
0.709503
0.710237
0.710968
0.711697
0.712425
0.713150
0.713874
0.714596
0.715317
0.716035
0.716751
0.717466
0.718179
0.718890
0.719600
0.720307
0.721013
0.721717
0.722419
0.723120
0.723818
0.724515
0.725210
0.725904
0.726595
0.727285
0.727973
0.728660
0.729344
0.730027
0.730708
0.731388
0.732066
0.732742
0.733416
0.734089
0.734760
0.735429
0.736097
0.736762
0.737427
0.738089
0.738750
0.739409
0.740067
0.740723
0.741377
0.742029
0.742680
0.743330
0.743977
0.744623
0.745268
0.745911
0.746552
0.747191
0.747829
0.748466
0.749100
0.749734
0.750365
0.750995
0.751623
0.752250
0.752876
0.753499
0.754121
0.754742
0.755361
0.755978
0.756594
0.757208
0.757821
0.758432
0.759042
0.759650
0.760257
0.760862
0.761466
0.762068
0.762669
0.763268
0.763865
0.764462
0.765056
0.765649
0.766241
0.766831
0.767420
0.768007
0.768593
0.769177
0.769760
0.770341
0.770921
0.771500
0.772077
0.772653
0.773227
0.773800
0.774371
0.774941
0.775509
0.776076
0.776642
0.777206
0.777769
0.778331
0.778891
0.779449
0.780007
0.780563
0.781117
0.781670
0.782222
0.782773
0.783322
0.783869
0.784416
0.784961
0.785504
0.786047
0.786587
0.787127
0.787665
0.788202
0.788738
0.789272
0.789805
0.790337
0.790867
0.791396
0.791924
0.792451
0.792976
0.793500
0.794022
0.794544
0.795064
0.795582
0.796100
0.796616
0.797131
0.797645
0.798157
0.798668
0.799178
0.799687
0.800194
0.800700
0.801205
0.801709
0.802212
0.802713
0.803213
0.803712
0.804209
0.804706
0.805201
0.805695
0.806188
0.806679
0.807170
0.807659
0.808147
0.808634
0.809119
0.809604
0.810087
0.810569
0.811050
0.811530
0.812009
0.812486
0.812963
0.813438
0.813912
0.814385
0.814857
0.815328
0.815797
0.816265
0.816733
0.817199
0.817664
0.818128
0.818591
0.819053
0.819513
0.819973
0.820431
0.820889
0.821345
0.821800
0.822254
0.822707
0.823159
0.823610
0.824060
0.824508
0.824956
0.825403
0.825848
0.826293
0.826736
0.827179
0.827620
0.828061
0.828500
0.828938
0.829375
0.829812
0.830247
0.830681
0.831114
0.831547
0.831978
0.832408
0.832837
0.833265
0.833692
0.834119
0.834544
0.834968
0.835391
0.835814
0.836235
0.836655
0.837074
0.837493
0.837910
0.838327
