0.012159
0.017031
0.021586
0.026011
0.030427
0.034922
0.039578
0.044483
0.049715
0.055367
0.061535
0.068335
0.075892
0.084358
0.093935
0.104894
0.117574
0.132412
0.150085
0.171615
0.198503
0.233322
0.280867
0.350426
0.462076
0.649380
0.862280
0.950773
0.961427
0.962699
0.963761
0.964830
0.965900
0.966967
0.968027
0.969077
0.970114
0.971136
0.972142
0.973130
0.974099
0.975048
0.975976
0.976882
0.977766
0.978628
0.979466
0.980281
0.981072
0.981840
0.982584
0.983304
0.984000
0.984673
0.985323
0.985950
0.986554
0.987136
0.987695
0.988233
0.988749
0.989245
0.989720
0.990176
0.990612
0.991029
0.991427
0.991808
0.992172
0.992518
0.992849
0.993164
0.993463
0.993748
0.994019
0.994276
0.994521
0.994752
0.994972
0.995180
0.995378
0.995564
0.995741
0.995907
0.996065
0.996214
0.996354
0.996486
0.996611
0.996729
0.996839
0.996943
0.997041
0.997133
0.997220
0.997301
0.997377
0.997449
0.997516
0.997578
0.997637
0.997692
0.997744
0.997792
0.997837
0.997879
0.997919
0.997955
0.997990
0.998022
0.998051
0.998079
0.998105
0.998129
0.998152
0.998173
0.998192
0.998210
0.998227
0.998242
0.998257
0.998270
0.998283
0.998294
0.998305
0.998315
0.998324
0.998333
0.998341
0.998348
0.998355
0.998361
0.998367
0.998372
0.998377
0.998381
0.998386
0.998389
0.998393
0.998396
0.998399
0.998402
0.998405
0.998407
0.998409
0.998411
0.998413
0.998415
0.998416
0.998418
0.998419
0.998420
0.998422
0.998423
0.998424
0.998424
0.998425
0.998426
0.998427
0.998427
0.998428
0.998428
0.998429
0.998429
0.998430
0.998430
0.998430
0.998431
0.998431
0.998431
0.998431
0.998431
0.998432
0.998432
0.998432
0.998432
0.998432
0.998432
0.998433
0.998433
0.998433
0.998433
0.998433
0.998433
0.998433
0.998433
0.998433
0.998433
0.998433
0.998433
0.998433
0.998433
0.998433
0.998433
0.998433
0.998433
0.998433
0.998433
0.998433
0.998433
0.998433
0.998434
0.998434
0.998434
0.998434
0.998434
0.998434
0.998434
0.998434
0.998434
0.998434
0.998434
0.998434
0.998434
0.998434
0.998434
0.998434
0.998434
0.998434
0.998434
0.998434
0.998434
0.998434
0.998434
0.998434
0.998434
0.998434
0.998434
0.998434
0.998434
0.998434
0.998434
0.998434
0.998434
0.998434
0.998434
0.998434
0.998434
0.998434
0.998434
0.998434
0.998434
0.998434
0.998434
0.998434
0.998434
0.998434
0.998434
0.998434
0.998434
0.998434
0.998434
0.998434
0.998434
0.998434
0.998434
0.998434
0.998434
0.998434
0.998434
0.998434
0.998434
0.998434
0.998434
0.998434
0.998434
0.998434
0.998434
0.998434
0.998434
0.998434
0.998434
0.998434
0.998434
0.998434
0.998434
0.998434
0.998434
0.998434
0.998434
0.998434
0.998434
0.998434
0.998434
0.998434
0.998434
0.998434
0.998434
0.998434
0.998434
0.998434
0.998434
0.998434
0.998434
0.998434
0.998434
0.998434
0.998434
0.998434
0.998434
0.998434
0.998434
0.998434
0.998434
0.998434
0.998434
0.998434
0.998434
0.998434
0.998434
0.998434
0.998434
0.998434
0.998434
0.998434
0.998434
0.998434
0.998434
0.998434
0.998434
0.998434
0.998434
0.998434
0.998434
0.998434
0.998434
0.998434
0.998434
0.998434
0.998434
0.998434
0.998434
0.998434
0.998434
0.998434
0.998434
0.998434
0.998434
0.998434
0.998434
0.998434
0.998434
0.998434
0.998434
0.998434
0.998434
0.998434
0.998434
0.998434
0.998434
0.998434
0.998434
0.998434
0.998434
0.998434
0.998434
0.998434
0.998434
0.998434
0.998434
0.998434
0.998434
0.998434
0.998434
0.998434
0.998434
0.998434
0.998434
0.998434
0.998434
0.998434
0.998434
0.998434
0.998434
0.998434
0.998434
0.998434
0.998434
0.998434
0.998434
0.998434
0.998434
0.998434
0.998434
0.998434
0.998434
0.998434
0.998434
0.998434
0.998434
0.998434
0.998434
0.998434
0.998434
0.998434
0.998434
0.998434
0.998434
0.998434
0.998434
0.998434
0.998434
0.998434
0.998434
0.998434
0.998434
0.998434
0.998434
0.998434
0.998434
0.998434
0.998434
0.998434
0.998434
0.998434
0.998434
0.998434
0.998434
0.998434
0.998434
0.998434
0.998434
0.998434
0.998434
0.998434
0.998434
0.998434
0.998434
0.998434
0.998434
0.998434
0.998434
0.998434
0.998434
0.998434
0.998434
0.998434
0.998434
0.998434
0.998434
0.998434
0.998434
0.998434
0.998434
0.998434
0.998434
0.998434
0.998434
0.998434
0.998434
0.998434
0.998434
0.998434
0.998434
0.998434
0.998434
0.998434
0.998434
0.998434
0.998434
0.998434
0.998434
0.998434
0.998434
0.998434
0.998434
0.998434
0.998434
0.998434
0.998434
0.998434
0.998434
0.998434
0.998434
0.998434
0.998434
0.998434
0.998434
0.998434
0.998434
0.998434
0.998434
0.998434
0.998434
0.998434
0.998434
0.998434
0.998434
0.998434
0.998434
0.998434
0.998434
0.998434
0.998434
0.998434
0.998434
0.998434
0.998434
0.998434
0.998434
0.998434
0.998434
0.998434
0.998434
0.998434
0.998434
0.998434
0.998434
0.998434
0.998434
0.998434
0.998434
0.998434
0.998434
0.998434
0.998434
0.998434
0.998434
0.998434
0.998434
0.998434
0.998434
0.998434
0.998434
0.998434
0.998434
0.998434
0.998434
0.998434
0.998434
0.998434
0.998434
0.998434
0.998434
0.998434
0.998434
0.998434
0.998434
0.998434
0.998434
0.998434
0.998434
0.998434
0.998434
0.998434
0.998434
0.998434
0.998434
0.998434
0.998434
0.998434
0.998434
0.998434
0.998434
0.998434
0.998434
0.998434
0.998434
0.998434
0.998434
0.998434
0.998434
0.998434
0.998434
0.998434
0.998434
0.998434
0.998434
0.998434
0.998434
0.998434
0.998434
0.998434
0.998434
0.998434
0.998434
0.998434
0.998434
0.998434
0.998434
0.998434
0.998434
0.998434
0.998434
0.998434
0.998434
0.998434
0.998434
0.998434
0.998434
0.998434
0.998434
0.998434
0.998434
0.998434
0.998434
0.998434
0.998434
0.998434
0.998434
