0.052487
0.115372
0.189058
0.267661
0.266655
0.206473
0.203815
0.215658
0.226713
0.237048
0.246795
0.256034
0.264868
0.273430
0.281875
0.290413
0.299552
0.309636
0.314778
0.317333
0.319819
0.322319
0.324832
0.327359
0.329900
0.332455
0.335024
0.337608
0.340207
0.342821
0.345451
0.348097
0.350759
0.353437
0.356131
0.358843
0.361572
0.364318
0.367081
0.369908
0.372508
0.375150
0.377813
0.380497
0.383202
0.385928
0.388674
0.391442
0.394230
0.397040
0.399870
0.402722
0.405595
0.408490
0.411405
0.414343
0.417301
0.420281
0.423282
0.426304
0.429348
0.432413
0.435499
0.438606
0.441734
0.444883
0.448052
0.451243
0.454453
0.457685
0.460936
0.464207
0.467498
0.470809
0.474139
0.477488
0.480856
0.484243
0.487648
0.491071
0.494512
0.497970
0.501446
0.504938
0.508447
0.511972
0.515513
0.519069
0.522640
0.526225
0.529825
0.533439
0.537065
0.540705
0.544357
0.548021
0.551696
0.555383
0.559080
0.562787
0.566503
0.570228
0.573962
0.577704
0.581453
0.585209
0.588971
0.592739
0.596512
0.600290
0.604072
0.607857
0.611645
0.615435
0.619227
0.623020
0.626813
0.630606
0.634399
0.638190
0.641980
0.645766
0.649550
0.653330
0.657106
0.660876
0.664641
0.668400
0.672153
0.675897
0.679634
0.683362
0.687082
0.690791
0.694490
0.698178
0.701855
0.705519
0.709171
0.712810
0.716435
0.720046
0.723642
0.727222
0.730787
0.734335
0.737866
0.741380
0.744876
0.748353
0.751811
0.755250
0.758670
0.762068
0.765446
0.768803
0.772138
0.775451
0.778742
0.782009
0.785253
0.788474
0.791671
0.794843
0.797990
0.801113
0.804210
0.807281
0.810326
0.813345
0.816338
0.819303
0.822241
0.825152
0.828036
0.830891
0.833719
0.836518
0.839289
0.842031
0.844744
0.847429
0.850084
0.852710
0.855307
0.857874
0.860412
0.862920
0.865399
0.867848
0.870267
0.872656
0.875015
0.877344
0.879643
0.881912
0.884152
0.886361
0.888541
0.890690
0.892810
0.894900
0.896961
0.898992
0.900993
0.902965
0.904908
0.906821
0.908705
0.910560
0.912387
0.914184
0.915954
0.917694
0.919407
0.921091
0.922748
0.924377
0.925978
0.927552
0.929099
0.930619
0.932112
0.933579
0.935019
0.936434
0.937822
0.939185
0.940523
0.941836
0.943124
0.944387
0.945626
0.946841
0.948032
0.949199
0.950343
0.951465
0.952563
0.953639
0.954693
0.955725
0.956735
0.957724
0.958692
0.959640
0.960566
0.961473
0.962360
0.963227
0.964074
0.964903
0.965713
0.966504
0.967277
0.968032
0.968770
0.969490
0.970194
0.970880
0.971550
0.972204
0.972842
0.973464
0.974071
0.974663
0.975240
0.975802
0.976351
0.976885
0.977405
0.977912
0.978406
0.978887
0.979355
0.979810
0.980254
0.980685
0.981105
0.981513
0.981911
0.982297
0.982672
0.983037
0.983392
0.983736
0.984071
0.984397
0.984712
0.985019
0.985317
0.985606
0.985886
0.986158
0.986422
0.986678
0.986927
0.987167
0.987401
0.987627
0.987846
0.988058
0.988264
0.988463
0.988656
0.988843
0.989024
0.989199
0.989368
0.989532
0.989691
0.989844
0.989992
0.990135
0.990274
0.990408
0.990537
0.990662
0.990782
0.990899
0.991011
0.991120
0.991225
0.991326
0.991423
0.991518
0.991608
0.991696
0.991780
0.991861
0.991940
0.992015
0.992088
0.992158
0.992226
0.992290
0.992353
0.992413
0.992471
0.992527
0.992580
0.992632
0.992681
0.992729
0.992775
0.992819
0.992861
0.992901
0.992940
0.992978
0.993014
0.993048
0.993081
0.993113
0.993143
0.993173
0.993201
0.993227
0.993253
0.993278
0.993301
0.993324
0.993346
0.993367
0.993386
0.993405
0.993424
0.993441
0.993458
0.993474
0.993489
0.993503
0.993517
0.993531
0.993543
0.993555
0.993567
0.993578
0.993589
0.993599
0.993608
0.993618
0.993626
0.993635
0.993643
0.993650
0.993657
0.993664
0.993671
0.993677
0.993683
0.993689
0.993694
0.993699
0.993704
0.993709
0.993713
0.993718
0.993722
0.993725
0.993729
0.993732
0.993736
0.993739
0.993742
0.993745
0.993747
0.993750
0.993752
0.993754
0.993756
0.993759
0.993760
0.993762
0.993764
0.993766
0.993767
0.993769
0.993770
0.993771
0.993773
0.993774
0.993775
0.993776
0.993777
0.993778
0.993779
0.993780
0.993780
0.993781
0.993782
0.993783
0.993783
0.993784
0.993784
0.993785
0.993785
0.993786
0.993786
0.993787
0.993787
0.993788
0.993788
0.993788
0.993789
0.993789
0.993789
0.993789
0.993790
0.993790
0.993790
0.993790
0.993790
0.993791
0.993791
0.993791
0.993791
0.993791
0.993791
0.993791
0.993792
0.993792
0.993792
0.993792
0.993792
0.993792
0.993792
0.993792
0.993792
0.993792
0.993792
0.993792
0.993793
0.993793
0.993793
0.993793
0.993793
0.993793
0.993793
0.993793
0.993793
0.993793
0.993793
0.993793
0.993793
0.993793
0.993793
0.993793
0.993793
0.993793
0.993793
0.993793
0.993793
0.993793
0.993793
0.993793
0.993793
0.993793
0.993793
0.993793
0.993793
0.993793
0.993793
0.993793
0.993793
0.993793
0.993793
0.993793
0.993793
0.993793
0.993793
0.993793
0.993793
0.993793
0.993793
0.993793
0.993793
0.993793
0.993793
0.993793
0.993793
0.993793
0.993793
0.993793
0.993793
0.993793
0.993793
0.993793
0.993793
0.993793
0.993793
0.993793
0.993793
0.993793
0.993793
0.993793
0.993793
0.993793
0.993793
0.993793
0.993793
0.993793
0.993793
0.993793
0.993793
0.993793
0.993793
0.993793
0.993793
0.993793
0.993793
0.993793
0.993793
0.993793
0.993793
0.993793
0.993793
0.993793
0.993793
0.993793
0.993793
0.993793
0.993793
0.993793
0.993793
0.993793
0.993793
0.993793
0.993793
0.993793
0.993793
0.993793
0.993793
0.993793
0.993793
0.993793
0.993793
0.993793
0.993793
0.993793
0.993793
0.993793
0.993793
0.993793
0.993793
0.993793
0.993793
0.993793
0.993793
0.993793
0.993793
0.993793
0.993793
0.993793
0.993793
0.993793
0.993793
0.993793
0.993793
0.993793
