0.022850
0.048868
0.077809
0.117099
0.164989
0.204791
0.227965
0.239496
0.246858
0.253916
0.261608
0.270055
0.280135
0.285236
0.287247
0.289212
0.291171
0.293124
0.295071
0.297012
0.298946
0.300874
0.302797
0.304713
0.306623
0.308527
0.310425
0.312318
0.314205
0.316086
0.317961
0.319831
0.321696
0.323555
0.325408
0.327257
0.329100
0.330938
0.332770
0.334642
0.336315
0.337982
0.339644
0.341302
0.342956
0.344606
0.346252
0.347893
0.349531
0.351164
0.352793
0.354419
0.356040
0.357657
0.359270
0.360880
0.362485
0.364086
0.365684
0.367277
0.368867
0.370453
0.372035
0.373613
0.375187
0.376758
0.378324
0.379887
0.381446
0.383001
0.384553
0.386101
0.387645
0.389185
0.390722
0.392255
0.393784
0.395310
0.396832
0.398351
0.399865
0.401377
0.402885
0.404389
0.405889
0.407386
0.408880
0.410370
0.411857
0.413340
0.414820
0.416296
0.417769
0.419239
0.420705
0.422167
0.423627
0.425083
0.426536
0.427985
0.429431
0.430874
0.432314
0.433750
0.435183
0.436613
0.438040
0.439463
0.440884
0.442301
0.443715
0.445126
0.446534
0.447939
0.449340
0.450739
0.452135
0.453527
0.454917
0.456303
0.457687
0.459068
0.460446
0.461821
0.463192
0.464562
0.465928
0.467291
0.468652
0.470009
0.471364
0.472716
0.474066
0.475412
0.476756
0.478097
0.479436
0.480772
0.482105
0.483435
0.484763
0.486088
0.487411
0.488731
0.490048
0.491363
0.492676
0.493986
0.495293
0.496598
0.497900
0.499200
0.500498
0.501793
0.503086
0.504376
0.505665
0.506950
0.508234
0.509515
0.510794
0.512070
0.513345
0.514617
0.515887
0.517154
0.518420
0.519683
0.520945
0.522204
0.523461
0.524716
0.525969
0.527219
0.528468
0.529715
0.530960
0.532203
0.533443
0.534682
0.535919
0.537154
0.538387
0.539619
0.540848
0.542076
0.543302
0.544526
0.545748
0.546968
0.548187
0.549404
0.550619
0.551833
0.553045
0.554255
0.555464
0.556671
0.557876
0.559080
0.560282
0.561483
0.562682
0.563879
0.565075
0.566270
0.567463
0.568655
0.569845
0.571034
0.572222
0.573408
0.574593
0.575776
0.576958
0.578139
0.579318
0.580497
0.581673
0.582849
0.584024
0.585197
0.586369
0.587540
0.588710
0.589878
0.591046
0.592212
0.593378
0.594542
0.595705
0.596867
0.598028
0.599188
0.600348
0.601506
0.602663
0.603819
0.604974
0.606129
0.607282
0.608435
0.609587
0.610737
0.611887
0.613037
0.614185
0.615333
0.616479
0.617625
0.618771
0.619915
0.621059
0.622202
0.623345
0.624486
0.625627
0.626768
0.627908
0.629047
0.630185
0.631323
0.632461
0.633597
0.634734
0.635869
0.637004
0.638139
0.639273
0.640406
0.641540
0.642672
0.643804
0.644936
0.646067
0.647198
0.648328
0.649458
0.650588
0.651717
0.652846
0.653974
0.655102
0.656230
0.657357
0.658484
0.659611
0.660737
0.661863
0.662989
0.664114
0.665239
0.666364
0.667489
0.668613
0.669737
0.670861
0.671984
0.673108
0.674231
0.675354
0.676477
0.677599
0.678721
0.679843
0.680965
0.682087
0.683208
0.684330
0.685451
0.686572
0.687693
0.688813
0.689934
0.691054
0.692174
0.693294
0.694414
0.695534
0.696654
0.697773
0.698892
0.700012
0.701131
0.702249
0.703368
0.704487
0.705605
0.706724
0.707842
0.708960
0.710078
0.711196
0.712313
0.713431
0.714548
0.715665
0.716782
0.717899
0.719016
0.720133
0.721249
0.722365
0.723481
0.724597
0.725713
0.726828
0.727944
0.729059
0.730174
0.731289
0.732403
0.733517
0.734632
0.735745
0.736859
0.737972
0.739086
0.740198
0.741311
0.742423
0.743535
0.744647
0.745758
0.746869
0.747980
0.749091
0.750201
0.751310
0.752420
0.753529
0.754637
0.755746
0.756853
0.757961
0.759068
0.760174
0.761280
0.762386
0.763491
0.764595
0.765699
0.766803
0.767906
0.769008
0.770110
0.771211
0.772312
0.773412
0.774511
0.775610
0.776708
0.777805
0.778902
0.779998
0.781093
0.782187
0.783281
0.784374
0.785466
0.786557
0.787647
0.788737
0.789826
0.790913
0.792000
0.793086
0.794171
0.795255
0.796338
0.797420
0.798501
0.799580
0.800659
0.801737
0.802813
0.803889
0.804963
0.806036
0.807107
0.808178
0.809247
0.810315
0.811382
0.812447
0.813511
0.814574
0.815635
0.816695
0.817754
0.818811
0.819866
0.820920
0.821973
0.823023
0.824073
0.825120
0.826166
0.827211
0.828253
0.829294
0.830334
0.831371
0.832407
0.833441
0.834473
0.835503
0.836531
0.837558
0.838582
0.839605
0.840626
0.841644
0.842661
0.843675
0.844687
0.845698
0.846706
0.847712
0.848716
0.849717
0.850716
0.851713
0.852708
0.853701
0.854691
0.855678
0.856664
0.857647
0.858627
0.859605
0.860580
0.861553
0.862524
0.863492
0.864457
0.865419
0.866379
0.867336
0.868291
0.869243
0.870192
0.871138
0.872082
0.873022
0.873960
0.874895
0.875827
0.876756
0.877682
0.878605
0.879525
0.880442
0.881357
0.882268
0.883175
0.884080
0.884982
0.885880
0.886776
0.887668
0.888556
0.889442
0.890324
0.891203
0.892079
0.892951
0.893820
0.894686
0.895548
0.896407
0.897262
0.898114
0.898962
0.899807
0.900648
0.901486
0.902320
0.903150
0.903977
0.904800
0.905620
0.906436
0.907248
0.908057
0.908862
0.909663
0.910460
0.911254
0.912043
0.912829
0.913612
0.914390
0.915164
0.915935
0.916702
0.917465
0.918223
0.918978
0.919729
0.920477
0.921220
0.921959
0.922694
0.923425
0.924152
0.924875
0.925594
0.926309
0.927020
0.927727
0.928430
0.929129
0.929823
0.930514
0.931200
0.931883
0.932561
0.933235
0.933905
0.934570
0.935232
0.935889
0.936542
0.937191
0.937836
0.938477
0.939113
0.939745
0.940373
0.940997
0.941617
0.942232
0.942843
0.943450
0.944053
0.944652
0.945246
0.945836
0.946422
0.947003
0.947581
0.948154
0.948723
0.949288
0.949848
0.950404
0.950956
0.951504
0.952048
0.952587
0.953122
0.953654
0.954180
0.954703
0.955221
0.955736
0.956246
0.956752
0.957253
