0.011893
0.016879
0.021547
0.026087
0.030625
0.035254
0.040063
0.045142
0.050566
0.056427
0.062828
0.069887
0.077740
0.086543
0.096510
0.107922
0.121147
0.136647
0.155130
0.177696
0.206011
0.242867
0.293412
0.367589
0.485935
0.668144
0.834829
0.889201
0.895792
0.898224
0.900623
0.903053
0.905501
0.907957
0.910413
0.912862
0.915299
0.917719
0.920119
0.922585
0.924912
0.927211
0.929481
0.931718
0.933920
0.936085
0.938212
0.940300
0.942346
0.944350
0.946311
0.948228
0.950101
0.951929
0.953711
0.955447
0.957138
0.958782
0.960381
0.961933
0.963440
0.964902
0.966318
0.967689
0.969016
0.970300
0.971540
0.972738
0.973894
0.975009
0.976084
0.977119
0.978116
0.979074
0.979996
0.980881
0.981731
0.982547
0.983330
0.984080
0.984799
0.985487
0.986146
0.986776
0.987378
0.987953
0.988502
0.989026
0.989526
0.990003
0.990457
0.990889
0.991301
0.991693
0.992066
0.992420
0.992756
0.993076
0.993379
0.993667
0.993940
0.994198
0.994444
0.994676
0.994895
0.995103
0.995300
0.995486
0.995661
0.995827
0.995984
0.996132
0.996271
0.996403
0.996527
0.996644
0.996754
0.996857
0.996955
0.997047
0.997133
0.997214
0.997290
0.997362
0.997429
0.997492
0.997551
0.997607
0.997659
0.997708
0.997753
0.997796
0.997836
0.997874
0.997909
0.997942
0.997972
0.998001
0.998028
0.998053
0.998076
0.998098
0.998119
0.998138
0.998155
0.998172
0.998187
0.998202
0.998215
0.998227
0.998239
0.998250
0.998260
0.998269
0.998278
0.998286
0.998293
0.998300
0.998307
0.998313
0.998318
0.998323
0.998328
0.998332
0.998337
0.998340
0.998344
0.998347
0.998350
0.998353
0.998356
0.998358
0.998360
0.998362
0.998364
0.998366
0.998367
0.998369
0.998370
0.998372
0.998373
0.998374
0.998375
0.998376
0.998377
0.998377
0.998378
0.998379
0.998379
0.998380
0.998380
0.998381
0.998381
0.998382
0.998382
0.998382
0.998383
0.998383
0.998383
0.998384
0.998384
0.998384
0.998384
0.998384
0.998385
0.998385
0.998385
0.998385
0.998385
0.998385
0.998385
0.998385
0.998385
0.998385
0.998386
0.998386
0.998386
0.998386
0.998386
0.998386
0.998386
0.998386
0.998386
0.998386
0.998386
0.998386
0.998386
0.998386
0.998386
0.998386
0.998386
0.998386
0.998386
0.998386
0.998386
0.998386
0.998386
0.998386
0.998386
0.998386
0.998386
0.998386
0.998386
0.998386
0.998386
0.998386
0.998386
0.998386
0.998386
0.998386
0.998386
0.998386
0.998386
0.998386
0.998386
0.998386
0.998386
0.998386
0.998386
0.998386
0.998386
0.998386
0.998386
0.998386
0.998386
0.998386
0.998386
0.998386
0.998386
0.998386
0.998386
0.998386
0.998386
0.998386
0.998386
0.998386
0.998386
0.998386
0.998386
0.998386
0.998386
0.998386
0.998386
0.998386
0.998386
0.998386
0.998386
0.998386
0.998386
0.998386
0.998386
0.998386
0.998386
0.998386
0.998386
0.998386
0.998386
0.998386
0.998386
0.998386
0.998386
0.998386
0.998386
0.998386
0.998386
0.998386
0.998386
0.998386
0.998386
0.998386
0.998386
0.998386
0.998386
0.998386
0.998386
0.998386
0.998386
0.998386
0.998386
0.998386
0.998386
0.998386
0.998386
0.998386
0.998386
0.998386
0.998386
0.998386
0.998386
0.998386
0.998386
0.998386
0.998386
0.998386
0.998386
0.998386
0.998386
0.998386
0.998386
0.998386
0.998386
0.998386
0.998386
0.998386
0.998386
0.998386
0.998386
0.998386
0.998386
0.998386
0.998386
0.998386
0.998386
0.998386
0.998386
0.998386
0.998386
0.998386
0.998386
0.998386
0.998386
0.998386
0.998386
0.998386
0.998386
0.998386
0.998386
0.998386
0.998386
0.998386
0.998386
0.998386
0.998386
0.998386
0.998386
0.998386
0.998386
0.998386
0.998386
0.998386
0.998386
0.998386
0.998386
0.998386
0.998386
0.998386
0.998386
0.998386
0.998386
0.998386
0.998386
0.998386
0.998386
0.998386
0.998386
0.998386
0.998386
0.998386
0.998386
0.998386
0.998386
0.998386
0.998386
0.998386
0.998386
0.998386
0.998386
0.998386
0.998386
0.998386
0.998386
0.998386
0.998386
0.998386
0.998386
0.998386
0.998386
0.998386
0.998386
0.998386
0.998386
0.998386
0.998386
0.998386
0.998386
0.998386
0.998386
0.998386
0.998386
0.998386
0.998386
0.998386
0.998386
0.998386
0.998386
0.998386
0.998386
0.998386
0.998386
0.998386
0.998386
0.998386
0.998386
0.998386
0.998386
0.998386
0.998386
0.998386
0.998386
0.998386
0.998386
0.998386
0.998386
0.998386
0.998386
0.998386
0.998386
0.998386
0.998386
0.998386
0.998386
0.998386
0.998386
0.998386
0.998386
0.998386
0.998386
0.998386
0.998386
0.998386
0.998386
0.998386
0.998386
0.998386
0.998386
0.998386
0.998386
0.998386
0.998386
0.998386
0.998386
0.998386
0.998386
0.998386
0.998386
0.998386
0.998386
0.998386
0.998386
0.998386
0.998386
0.998386
0.998386
0.998386
0.998386
0.998386
0.998386
0.998386
0.998386
0.998386
0.998386
0.998386
0.998386
0.998386
0.998386
0.998386
0.998386
0.998386
0.998386
0.998386
0.998386
0.998386
0.998386
0.998386
0.998386
0.998386
0.998386
0.998386
0.998386
0.998386
0.998386
0.998386
0.998386
0.998386
0.998386
0.998386
0.998386
0.998386
0.998386
0.998386
0.998386
0.998386
0.998386
0.998386
0.998386
0.998386
0.998386
0.998386
0.998386
0.998386
0.998386
0.998386
0.998386
0.998386
0.998386
0.998386
0.998386
0.998386
0.998386
0.998386
0.998386
0.998386
0.998386
0.998386
0.998386
0.998386
0.998386
0.998386
0.998386
0.998386
0.998386
0.998386
0.998386
0.998386
0.998386
0.998386
0.998386
0.998386
0.998386
0.998386
0.998386
0.998386
0.998386
0.998386
0.998386
0.998386
0.998386
0.998386
0.998386
0.998386
0.998386
0.998386
0.998386
0.998386
0.998386
0.998386
0.998386
0.998386
0.998386
0.998386
0.998386
0.998386
0.998386
0.998386
0.998386
0.998386
0.998386
0.998386
0.998386
0.998386
