0.012152
0.042349
0.106509
0.172232
0.217913
0.245941
0.264388
0.270096
0.273336
0.275768
0.277913
0.279959
0.281971
0.283970
0.285960
0.287944
0.289921
0.291892
0.293857
0.295816
0.297769
0.299716
0.301657
0.303591
0.305521
0.307444
0.309361
0.311273
0.313179
0.315080
0.316975
0.318865
0.320749
0.322628
0.324501
0.326369
0.328232
0.330089
0.331942
0.333849
0.335563
0.337254
0.338939
0.340618
0.342293
0.343964
0.345631
0.347293
0.348950
0.350604
0.352253
0.353899
0.355539
0.357176
0.358809
0.360437
0.362061
0.363681
0.365297
0.366909
0.368516
0.370120
0.371719
0.373314
0.374906
0.376493
0.378076
0.379655
0.381230
0.382801
0.384368
0.385931
0.387490
0.389045
0.390596
0.392143
0.393686
0.395225
0.396760
0.398291
0.399819
0.401342
0.402862
0.404377
0.405889
0.407397
0.408901
0.410401
0.411898
0.413390
0.414879
0.416364
0.417845
0.419323
0.420796
0.422266
0.423732
0.425194
0.426653
0.428108
0.429559
0.431007
0.432450
0.433890
0.435327
0.436759
0.438188
0.439614
0.441036
0.442454
0.443868
0.445279
0.446686
0.448090
0.449490
0.450887
0.452280
0.453669
0.455055
0.456437
0.457816
0.459191
0.460563
0.461931
0.463296
0.464657
0.466015
0.467369
0.468720
0.470068
0.471412
0.472752
0.474089
0.475423
0.476753
0.478080
0.479404
0.480724
0.482041
0.483354
0.484664
0.485971
0.487274
0.488574
0.489871
0.491164
0.492454
0.493741
0.495025
0.496305
0.497582
0.498856
0.500126
0.501393
0.502657
0.503918
0.505176
0.506430
0.507681
0.508929
0.510174
0.511416
0.512654
0.513889
0.515121
0.516350
0.517576
0.518799
0.520018
0.521235
0.522448
0.523658
0.524866
0.526070
0.527271
0.528469
0.529664
0.530855
0.532044
0.533230
0.534413
0.535593
0.536769
0.537943
0.539114
0.540282
0.541446
0.542608
0.543767
0.544923
0.546076
0.547226
0.548373
0.549517
0.550658
0.551796
0.552932
0.554064
0.555194
0.556321
0.557444
0.558565
0.559684
0.560799
0.561911
0.563021
0.564128
0.565232
0.566333
0.567431
0.568527
0.569619
0.570709
0.571796
0.572881
0.573962
0.575041
0.576117
0.577191
0.578261
0.579329
0.580394
0.581457
0.582517
0.583574
0.584628
0.585680
0.586729
0.587775
0.588819
0.589860
0.590898
0.591934
0.592967
0.593997
0.595025
0.596050
0.597073
0.598092
0.599110
0.600125
0.601137
0.602146
0.603153
0.604158
0.605160
0.606159
0.607156
0.608150
0.609142
0.610131
0.611117
0.612102
0.613083
0.614062
0.615039
0.616013
0.616985
0.617954
0.618921
0.619885
0.620847
0.621806
0.622763
0.623717
0.624669
0.625619
0.626566
0.627511
0.628453
0.629393
0.630331
0.631266
0.632199
0.633129
0.634057
0.634983
0.635906
0.636827
0.637746
0.638662
0.639576
0.640488
0.641397
0.642304
0.643209
0.644111
0.645011
0.645909
0.646804
0.647697
0.648588
0.649477
0.650363
0.651247
0.652129
0.653009
0.653886
0.654761
0.655634
0.656505
0.657374
0.658240
0.659104
0.659966
0.660825
0.661683
0.662538
0.663391
0.664242
0.665091
0.665938
0.666782
0.667624
0.668464
0.669303
0.670138
0.670972
0.671804
0.672633
0.673461
0.674286
0.675109
0.675930
0.676749
0.677566
0.678381
0.679194
0.680004
0.680813
0.681620
0.682424
0.683227
0.684027
0.684825
0.685622
0.686416
0.687208
0.687999
0.688787
0.689573
0.690357
0.691140
0.691920
0.692698
0.693474
0.694249
0.695021
0.695792
0.696560
0.697326
0.698091
0.698853
0.699614
0.700373
0.701130
0.701884
0.702637
0.703388
0.704137
0.704885
0.705630
0.706373
0.707115
0.707854
0.708592
0.709328
0.710062
0.710794
0.711524
0.712252
0.712979
0.713704
0.714426
0.715147
0.715867
0.716584
0.717299
0.718013
0.718725
0.719435
0.720143
0.720850
0.721554
0.722257
0.722958
0.723657
0.724355
0.725051
0.725745
0.726437
0.727127
0.727816
0.728503
0.729188
0.729871
0.730553
0.731233
0.731911
0.732588
0.733262
0.733936
0.734607
0.735277
0.735944
0.736611
0.737275
0.737938
0.738599
0.739259
0.739916
0.740573
0.741227
0.741880
0.742531
0.743180
0.743828
0.744474
0.745119
0.745762
0.746403
0.747043
0.747681
0.748317
0.748952
0.749585
0.750217
0.750847
0.751475
0.752102
0.752727
0.753350
0.753972
0.754593
0.755212
0.755829
0.756444
0.757059
0.757671
0.758282
0.758892
0.759499
0.760106
0.760711
0.761314
0.761916
0.762516
0.763114
0.763712
0.764307
0.764901
0.765494
0.766085
0.766675
0.767263
0.767849
0.768435
0.769018
0.769600
0.770181
0.770760
0.771338
0.771914
0.772489
0.773062
0.773634
0.774205
0.774774
0.775341
0.775907
0.776472
0.777035
0.777597
0.778158
0.778716
0.779274
0.779830
0.780385
0.780938
0.781490
0.782041
0.782590
0.783137
0.783684
0.784229
0.784772
0.785314
0.785855
0.786395
0.786933
0.787469
0.788005
0.788539
0.789071
0.789603
0.790133
0.790661
0.791189
0.791714
0.792239
0.792762
0.793284
0.793805
0.794324
0.794842
0.795359
0.795874
0.796388
0.796901
0.797412
0.797923
0.798431
0.798939
0.799445
0.799950
0.800454
0.800957
0.801458
0.801958
0.802456
0.802954
0.803450
0.803945
0.804438
0.804931
0.805422
0.805912
0.806401
0.806888
0.807374
0.807859
0.808343
0.808825
0.809307
0.809787
0.810266
0.810743
0.811220
0.811695
0.812169
0.812642
0.813114
0.813584
0.814053
0.814522
0.814989
0.815454
0.815919
0.816382
0.816845
0.817306
0.817766
0.818224
0.818682
0.819138
0.819594
0.820048
0.820501
0.820953
0.821404
0.821853
0.822302
0.822749
0.823195
0.823640
0.824084
0.824527
0.824969
0.825410
0.825849
0.826288
0.826725
0.827161
0.827596
0.828030
0.828463
0.828895
0.829326
0.829756
0.830184
0.830612
0.831038
0.831464
0.831888
0.832311
0.832734
0.833155
0.833575
0.833994
0.834412
0.834829
0.835245
0.835660
0.836074
0.836487
0.836898
0.837309
0.837719
0.838128
0.838535
