0.009824
0.021258
0.035436
0.042760
0.048562
0.054814
0.061600
0.069032
0.077246
0.086399
0.096676
0.108314
0.121640
0.137087
0.155230
0.176860
0.203236
0.236421
0.279838
0.339250
0.418837
0.472757
0.418953
0.370262
0.367491
0.370939
0.374595
0.378329
0.382133
0.386002
0.389930
0.393916
0.397957
0.402052
0.406198
0.410394
0.414640
0.418934
0.423275
0.427774
0.432017
0.436326
0.440684
0.445090
0.449543
0.454041
0.458583
0.463169
0.467796
0.472463
0.477171
0.481916
0.486698
0.491516
0.496369
0.501254
0.506171
0.511118
0.516094
0.521097
0.526126
0.531179
0.536255
0.541352
0.546469
0.551603
0.556754
0.561920
0.567098
0.572287
0.577486
0.582693
0.587906
0.593124
0.598344
0.603565
0.608786
0.614004
0.619218
0.624427
0.629627
0.634819
0.640000
0.645169
0.650323
0.655462
0.660584
0.665687
0.670769
0.675830
0.680867
0.685880
0.690867
0.695826
0.700756
0.705656
0.710525
0.715361
0.720163
0.724930
0.729660
0.734353
0.739008
0.743623
0.748198
0.752732
0.757223
0.761671
0.766075
0.770434
0.774748
0.779016
0.783237
0.787411
0.791537
0.795614
0.799642
0.803620
0.807549
0.811428
0.815256
0.819033
0.822759
0.826433
0.830057
0.833628
0.837148
0.840615
0.844031
0.847395
0.850707
0.853967
0.857175
0.860332
0.863437
0.866491
0.869493
0.872444
0.875345
0.878195
0.880995
0.883745
0.886446
0.889097
0.891699
0.894253
0.896759
0.899217
0.901628
0.903992
0.906310
0.908582
0.910808
0.912990
0.915128
0.917221
0.919272
0.921279
0.923245
0.925169
0.927051
0.928893
0.930696
0.932458
0.934182
0.935868
0.937516
0.939127
0.940702
0.942241
0.943744
0.945213
0.946648
0.948049
0.949417
0.950752
0.952056
0.953329
0.954571
0.955783
0.956966
0.958119
0.959244
0.960342
0.961412
0.962455
0.963472
0.964464
0.965430
0.966372
0.967290
0.968184
0.969055
0.969903
0.970729
0.971534
0.972318
0.973081
0.973824
0.974547
0.975250
0.975935
0.976602
0.977250
0.977881
0.978495
0.979092
0.979673
0.980238
0.980787
0.981321
0.981840
0.982345
0.982836
0.983313
0.983777
0.984227
0.984665
0.985091
0.985504
0.985906
0.986296
0.986675
0.987043
0.987401
0.987748
0.988086
0.988413
0.988731
0.989040
0.989339
0.989630
0.989913
0.990187
0.990453
0.990711
0.990962
0.991205
0.991441
0.991670
0.991892
0.992108
0.992317
0.992519
0.992716
0.992907
0.993092
0.993271
0.993445
0.993614
0.993778
0.993936
0.994090
0.994239
0.994384
0.994524
0.994660
0.994792
0.994920
0.995043
0.995163
0.995280
0.995392
0.995501
0.995607
0.995710
0.995809
0.995905
0.995999
0.996089
0.996176
0.996261
0.996343
0.996423
0.996500
0.996575
0.996647
0.996717
0.996785
0.996851
0.996915
0.996976
0.997036
0.997094
0.997150
0.997204
0.997256
0.997307
0.997357
0.997404
0.997450
0.997495
0.997538
0.997580
0.997621
0.997660
0.997698
0.997735
0.997770
0.997805
0.997838
0.997871
0.997902
0.997932
0.997961
0.997990
0.998017
0.998044
0.998069
0.998094
0.998118
0.998142
0.998164
0.998186
0.998207
0.998227
0.998247
0.998266
0.998285
0.998303
0.998320
0.998337
0.998353
0.998369
0.998384
0.998399
0.998413
0.998427
0.998440
0.998453
0.998465
0.998477
0.998489
0.998500
0.998511
0.998522
0.998532
0.998542
0.998552
0.998561
0.998570
0.998578
0.998587
0.998595
0.998603
0.998610
0.998618
0.998625
0.998632
0.998638
0.998645
0.998651
0.998657
0.998663
0.998668
0.998674
0.998679
0.998684
0.998689
0.998694
0.998698
0.998703
0.998707
0.998711
0.998715
0.998719
0.998723
0.998726
0.998730
0.998733
0.998737
0.998740
0.998743
0.998746
0.998749
0.998752
0.998754
0.998757
0.998759
0.998762
0.998764
0.998766
0.998769
0.998771
0.998773
0.998775
0.998777
0.998779
0.998780
0.998782
0.998784
0.998785
0.998787
0.998789
0.998790
0.998791
0.998793
0.998794
0.998795
0.998797
0.998798
0.998799
0.998800
0.998801
0.998802
0.998803
0.998804
0.998805
0.998806
0.998807
0.998808
0.998809
0.998810
0.998810
0.998811
0.998812
0.998813
0.998813
0.998814
0.998815
0.998815
0.998816
0.998816
0.998817
0.998817
0.998818
0.998818
0.998819
0.998819
0.998820
0.998820
0.998821
0.998821
0.998822
0.998822
0.998822
0.998823
0.998823
0.998823
0.998824
0.998824
0.998824
0.998825
0.998825
0.998825
0.998825
0.998826
0.998826
0.998826
0.998826
0.998827
0.998827
0.998827
0.998827
0.998827
0.998828
0.998828
0.998828
0.998828
0.998828
0.998828
0.998829
0.998829
0.998829
0.998829
0.998829
0.998829
0.998829
0.998830
0.998830
0.998830
0.998830
0.998830
0.998830
0.998830
0.998830
0.998830
0.998830
0.998831
0.998831
0.998831
0.998831
0.998831
0.998831
0.998831
0.998831
0.998831
0.998831
0.998831
0.998831
0.998831
0.998831
0.998831
0.998832
0.998832
0.998832
0.998832
0.998832
0.998832
0.998832
0.998832
0.998832
0.998832
0.998832
0.998832
0.998832
0.998832
0.998832
0.998832
0.998832
0.998832
0.998832
0.998832
0.998832
0.998832
0.998832
0.998832
0.998832
0.998832
0.998832
0.998832
0.998832
0.998832
0.998833
0.998833
0.998833
0.998833
0.998833
0.998833
0.998833
0.998833
0.998833
0.998833
0.998833
0.998833
0.998833
0.998833
0.998833
0.998833
0.998833
0.998833
0.998833
0.998833
0.998833
0.998833
0.998833
0.998833
0.998833
0.998833
0.998833
0.998833
0.998833
0.998833
0.998833
0.998833
0.998833
0.998833
0.998833
0.998833
0.998833
0.998833
0.998833
0.998833
0.998833
0.998833
0.998833
0.998833
0.998833
0.998833
0.998833
0.998833
0.998833
0.998833
0.998833
0.998833
0.998833
0.998833
0.998833
0.998833
0.998833
0.998833
0.998833
0.998833
0.998833
0.998833
0.998833
0.998833
0.998833
0.998833
0.998833
0.998833
0.998833
0.998833
0.998833
0.998833
0.998833
0.998833
0.998833
0.998833
0.998833
