0.079820
0.128178
0.149233
0.163517
0.175762
0.186999
0.197490
0.207364
0.216709
0.225600
0.234098
0.242269
0.250181
0.257913
0.265537
0.273160
0.281028
0.289786
0.299153
0.303481
0.305495
0.307416
0.309330
0.311237
0.313138
0.315033
0.316921
0.318803
0.320679
0.322550
0.324414
0.326273
0.328126
0.329974
0.331816
0.333653
0.335485
0.337311
0.339133
0.340998
0.342669
0.344328
0.345982
0.347632
0.349277
0.350918
0.352555
0.354188
0.355817
0.357441
0.359062
0.360678
0.362290
0.363898
0.365502
0.367102
0.368698
0.370290
0.371878
0.373462
0.375042
0.376617
0.378189
0.379757
0.381321
0.382881
0.384437
0.385989
0.387537
0.389081
0.390622
0.392158
0.393690
0.395219
0.396744
0.398264
0.399781
0.401294
0.402804
0.404309
0.405811
0.407309
0.408803
0.410293
0.411779
0.413262
0.414741
0.416216
0.417688
0.419155
0.420619
0.422080
0.423536
0.424989
0.426438
0.427884
0.429325
0.430764
0.432198
0.433629
0.435056
0.436480
0.437900
0.439316
0.440729
0.442138
0.443544
0.444946
0.446344
0.447739
0.449131
0.450519
0.451903
0.453284
0.454661
0.456035
0.457405
0.458772
0.460135
0.461495
0.462852
0.464205
0.465555
0.466901
0.468243
0.469583
0.470919
0.472251
0.473580
0.474906
0.476229
0.477548
0.478863
0.480176
0.481485
0.482791
0.484093
0.485392
0.486688
0.487980
0.489270
0.490556
0.491838
0.493118
0.494394
0.495667
0.496937
0.498203
0.499466
0.500726
0.501983
0.503237
0.504487
0.505735
0.506979
0.508220
0.509458
0.510692
0.511924
0.513152
0.514378
0.515600
0.516819
0.518035
0.519248
0.520458
0.521664
0.522868
0.524069
0.525266
0.526461
0.527652
0.528841
0.530026
0.531209
0.532388
0.533565
0.534738
0.535909
0.537076
0.538241
0.539402
0.540561
0.541717
0.542869
0.544019
0.545166
0.546310
0.547451
0.548590
0.549725
0.550857
0.551987
0.553114
0.554237
0.555358
0.556477
0.557592
0.558704
0.559814
0.560921
0.562025
0.563126
0.564224
0.565320
0.566413
0.567503
0.568590
0.569675
0.570757
0.571836
0.572912
0.573986
0.575056
0.576125
0.577190
0.578253
0.579313
0.580370
0.581425
0.582477
0.583526
0.584573
0.585617
0.586658
0.587697
0.588733
0.589766
0.590797
0.591825
0.592851
0.593874
0.594894
0.595912
0.596927
0.597940
0.598950
0.599958
0.600963
0.601965
0.602965
0.603962
0.604957
0.605949
0.606939
0.607926
0.608911
0.609893
0.610873
0.611851
0.612825
0.613798
0.614768
0.615735
0.616700
0.617663
0.618623
0.619580
0.620536
0.621489
0.622439
0.623387
0.624333
0.625276
0.626217
0.627155
0.628091
0.629025
0.629956
0.630885
0.631812
0.632736
0.633658
0.634578
0.635495
0.636410
0.637323
0.638233
0.639141
0.640047
0.640950
0.641852
0.642751
0.643647
0.644542
0.645434
0.646324
0.647211
0.648097
0.648980
0.649861
0.650739
0.651616
0.652490
0.653362
0.654232
0.655100
0.655965
0.656829
0.657690
0.658549
0.659406
0.660260
0.661113
0.661963
0.662812
0.663658
0.664502
0.665344
0.666183
0.667021
0.667856
0.668690
0.669521
0.670350
0.671178
0.672003
0.672826
0.673647
0.674466
0.675282
0.676097
0.676910
0.677721
0.678530
0.679336
0.680141
0.680944
0.681744
0.682543
0.683339
0.684134
0.684927
0.685718
0.686506
0.687293
0.688078
0.688861
0.689642
0.690421
0.691198
0.691973
0.692746
0.693517
0.694286
0.695054
0.695819
0.696583
0.697345
0.698105
0.698863
0.699619
0.700373
0.701125
0.701876
0.702624
0.703371
0.704116
0.704859
0.705601
0.706340
0.707078
0.707814
0.708548
0.709280
0.710010
0.710739
0.711466
0.712191
0.712914
0.713636
0.714355
0.715073
0.715790
0.716504
0.717217
0.717928
0.718637
0.719345
0.720051
0.720755
0.721457
0.722158
0.722857
0.723555
0.724250
0.724944
0.725637
0.726327
0.727016
0.727704
0.728389
0.729073
0.729756
0.730437
0.731116
0.731793
0.732469
0.733144
0.733816
0.734487
0.735157
0.735825
0.736491
0.737156
0.737819
0.738481
0.739141
0.739799
0.740456
0.741112
0.741766
0.742418
0.743069
0.743718
0.744366
0.745012
0.745657
0.746301
0.746942
0.747583
0.748222
0.748859
0.749495
0.750130
0.750763
0.751394
0.752024
0.752653
0.753280
0.753906
0.754531
0.755154
0.755775
0.756396
0.757014
0.757632
0.758248
0.758863
0.759476
0.760088
0.760699
0.761308
0.761916
0.762522
0.763128
0.763732
0.764334
0.764936
0.765536
0.766134
0.766732
0.767328
0.767923
0.768516
0.769108
0.769699
0.770289
0.770878
0.771465
0.772051
0.772636
0.773219
0.773802
0.774383
0.774963
0.775542
0.776119
0.776696
0.777271
0.777845
0.778418
0.778989
0.779560
0.780129
0.780698
0.781265
0.781831
0.782396
0.782959
0.783522
0.784084
0.784644
0.785204
0.785762
0.786319
0.786875
0.787430
0.787984
0.788537
0.789089
0.789640
0.790190
0.790739
0.791287
0.791834
0.792380
0.792925
0.793469
0.794012
0.794554
0.795095
0.795635
0.796174
0.796712
0.797249
0.797786
0.798321
0.798856
0.799389
0.799922
0.800454
0.800985
0.801515
0.802044
0.802572
0.803100
0.803627
0.804152
0.804677
0.805202
0.805725
0.806247
0.806769
0.807290
0.807810
0.808330
0.808848
0.809366
0.809883
0.810400
0.810915
0.811430
0.811944
0.812458
0.812970
0.813482
0.813994
0.814504
0.815014
0.815524
0.816032
0.816540
0.817048
0.817554
0.818060
0.818566
0.819071
0.819575
0.820078
0.820581
0.821084
0.821586
0.822087
0.822588
0.823088
0.823587
0.824087
0.824585
0.825083
0.825581
0.826078
0.826574
0.827070
0.827566
0.828061
0.828555
0.829049
0.829543
0.830036
0.830529
0.831021
0.831513
0.832005
0.832496
0.832987
0.833477
0.833967
0.834457
0.834946
0.835435
0.835923
0.836411
0.836899
0.837387
0.837874
0.838361
0.838847
0.839333
0.839819
0.840305
0.840790
0.841275
0.841760
0.842245
0.842729
0.843213
0.843697
0.844181
0.844665
