-0.014995
-0.030595
-0.001708
0.032279
0.060637
0.084923
0.106174
0.125080
0.142104
0.157559
0.171707
0.184761
0.196888
0.208205
0.218808
0.228795
0.238255
0.247263
0.255883
0.264180
0.272224
0.280092
0.287863
0.295652
0.303721
0.312678
0.321779
0.326838
0.329279
0.331440
0.333598
0.335759
0.337924
0.340091
0.342263
0.344439
0.346619
0.348805
0.350995
0.353168
0.355147
0.357181
0.359225
0.361277
0.363336
0.365404
0.367480
0.369564
0.371656
0.373758
0.375868
0.377987
0.380115
0.382252
0.384400
0.386557
0.388724
0.390902
0.393090
0.395288
0.397498
0.399718
0.401950
0.404194
0.406449
0.408716
0.410996
0.413287
0.415592
0.417909
0.420239
0.422582
0.424939
0.427309
0.429693
0.432091
0.434503
0.436930
0.439371
0.441827
0.444298
0.446784
0.449285
0.451802
0.454335
0.456883
0.459447
0.462028
0.464625
0.467238
0.469868
0.472515
0.475179
0.477859
0.480557
0.483273
0.486006
0.488756
0.491524
0.494310
0.497114
0.499935
0.502775
0.505633
0.508509
0.511404
0.514317
0.517248
0.520198
0.523166
0.526152
0.529158
0.532181
0.535224
0.538284
0.541364
0.544462
0.547578
0.550712
0.553865
0.557037
0.560226
0.563434
0.566659
0.569903
0.573164
0.576443
0.579739
0.583053
0.586383
0.589731
0.593096
0.596477
0.599874
0.603288
0.606717
0.610162
0.613623
0.617098
0.620588
0.624093
0.627612
0.631144
0.634690
0.638249
0.641820
0.645404
0.648999
0.652606
0.656224
0.659852
0.663490
0.667138
0.670794
0.674459
0.678132
0.681813
0.685500
0.689193
0.692893
0.696597
0.700305
0.704017
0.707733
0.711451
0.715170
0.718891
0.722612
0.726333
0.730053
0.733770
0.737486
0.741198
0.744906
0.748609
0.752306
0.755997
0.759680
0.763356
0.767022
0.770679
0.774325
0.777959
0.781581
0.785190
0.788785
0.792365
0.795928
0.799475
0.803005
0.806516
0.810007
0.813478
0.816928
0.820356
0.823761
0.827142
0.830498
0.833829
0.837133
0.840410
0.843659
0.846878
0.850068
0.853227
0.856355
0.859451
0.862513
0.865542
0.868536
0.871495
0.874418
0.877304
0.880153
0.882964
0.885737
0.888470
0.891163
0.893816
0.896429
0.899000
0.901529
0.904015
0.906460
0.908861
0.911218
0.913532
0.915802
0.918028
0.920209
0.922345
0.924437
0.926484
0.928485
0.930442
0.932354
0.934220
0.936042
0.937819
0.939551
0.941238
0.942881
0.944480
0.946035
0.947547
0.949015
0.950440
0.951823
0.953164
0.954464
0.955722
0.956940
0.958118
0.959257
0.960356
0.961418
0.962442
0.963429
0.964380
0.965296
0.966176
0.967023
0.967836
0.968617
0.969366
0.970085
0.970773
0.971431
0.972061
0.972663
0.973239
0.973788
0.974311
0.974810
0.975285
0.975738
0.976168
0.976576
0.976964
0.977332
0.977681
0.978012
0.978325
0.978621
0.978900
0.979164
0.979413
0.979648
0.979870
0.980078
0.980274
0.980458
0.980631
0.980793
0.980945
0.981088
0.981221
0.981346
0.981463
0.981571
0.981673
0.981768
0.981856
0.981938
0.982014
0.982085
0.982151
0.982212
0.982269
0.982321
0.982370
0.982415
0.982456
0.982495
0.982530
0.982563
0.982593
0.982620
0.982646
0.982669
0.982690
0.982710
0.982728
0.982744
0.982759
0.982773
0.982786
0.982797
0.982808
0.982817
0.982826
0.982834
0.982841
0.982848
0.982854
0.982859
0.982864
0.982868
0.982872
0.982876
0.982879
0.982882
0.982885
0.982887
0.982889
0.982891
0.982893
0.982895
0.982896
0.982897
0.982898
0.982899
0.982900
0.982901
0.982902
0.982903
0.982903
0.982904
0.982904
0.982905
0.982905
0.982905
0.982906
0.982906
0.982906
0.982906
0.982906
0.982907
0.982907
0.982907
0.982907
0.982907
0.982907
0.982907
0.982907
0.982907
0.982907
0.982907
0.982907
0.982907
0.982907
0.982908
0.982908
0.982908
0.982908
0.982908
0.982908
0.982908
0.982908
0.982908
0.982908
0.982908
0.982908
0.982908
0.982908
0.982908
0.982908
0.982908
0.982908
0.982908
0.982908
0.982908
0.982908
0.982908
0.982908
0.982908
0.982908
0.982908
0.982908
0.982908
0.982908
0.982908
0.982908
0.982908
0.982908
0.982908
0.982908
0.982908
0.982908
0.982908
0.982908
0.982908
0.982908
0.982908
0.982908
0.982908
0.982908
0.982908
0.982908
0.982908
0.982908
0.982908
0.982908
0.982908
0.982908
0.982908
0.982908
0.982908
0.982908
0.982908
0.982908
0.982908
0.982908
0.982908
0.982908
0.982908
0.982908
0.982908
0.982908
0.982908
0.982908
0.982908
0.982908
0.982908
0.982908
0.982908
0.982908
0.982908
0.982908
0.982908
0.982908
0.982908
0.982908
0.982908
0.982908
0.982908
0.982908
0.982908
0.982908
0.982908
0.982908
0.982908
0.982908
0.982908
0.982908
0.982908
0.982908
0.982908
0.982908
0.982908
0.982908
0.982908
0.982908
0.982908
0.982908
0.982908
0.982908
0.982908
0.982908
0.982908
0.982908
0.982908
0.982908
0.982908
0.982908
0.982908
0.982908
0.982908
0.982908
0.982908
0.982908
0.982908
0.982908
0.982908
0.982908
0.982908
0.982908
0.982908
0.982908
0.982908
0.982908
0.982908
0.982908
0.982908
0.982908
0.982908
0.982908
0.982908
0.982908
0.982908
0.982908
0.982908
0.982908
0.982908
0.982908
0.982908
0.982908
0.982908
0.982908
0.982908
0.982908
0.982908
0.982908
0.982908
0.982908
0.982908
0.982908
0.982908
0.982908
0.982908
0.982908
0.982908
0.982908
0.982908
0.982908
0.982908
0.982908
0.982908
0.982908
0.982908
0.982908
0.982908
0.982908
0.982908
0.982908
0.982908
0.982908
0.982908
0.982908
0.982908
0.982908
0.982908
0.982908
0.982908
0.982908
0.982908
0.982908
0.982908
0.982908
0.982908
0.982908
0.982908
0.982908
0.982908
0.982908
0.982908
0.982908
0.982908
0.982908
0.982908
0.982908
0.982908
0.982908
0.982908
0.982908
0.982908
0.982908
0.982908
0.982908
0.982908
0.982908
0.982908
0.982908
0.982908
0.982908
0.982908
0.982908
0.982908
0.982908
0.982908
