0.053254
0.079883
0.100010
0.118096
0.134623
0.149719
0.163557
0.176313
0.188145
0.199173
0.209488
0.219188
0.228359
0.237078
0.245405
0.253403
0.261141
0.268692
0.276128
0.283549
0.291173
0.299557
0.308606
0.313736
0.315915
0.317814
0.319704
0.321587
0.323463
0.325333
0.327198
0.329056
0.330908
0.332754
0.334595
0.336430
0.338260
0.340084
0.341903
0.343756
0.345411
0.347064
0.348713
0.350358
0.352000
0.353637
0.355270
0.356898
0.358523
0.360143
0.361760
0.363372
0.364980
0.366584
0.368184
0.369780
0.371372
0.372960
0.374543
0.376123
0.377699
0.379271
0.380839
0.382403
0.383963
0.385519
0.387071
0.388620
0.390164
0.391704
0.393241
0.394773
0.396302
0.397827
0.399348
0.400866
0.402379
0.403889
0.405394
0.406896
0.408395
0.409889
0.411380
0.412867
0.414350
0.415829
0.417305
0.418777
0.420245
0.421710
0.423171
0.424628
0.426081
0.427531
0.428977
0.430420
0.431859
0.433294
0.434726
0.436154
0.437579
0.439000
0.440417
0.441831
0.443242
0.444649
0.446052
0.447452
0.448848
0.450241
0.451630
0.453016
0.454399
0.455778
0.457153
0.458525
0.459894
0.461260
0.462621
0.463980
0.465335
0.466687
0.468036
0.469381
0.470723
0.472061
0.473396
0.474728
0.476057
0.477383
0.478705
0.480024
0.481339
0.482652
0.483961
0.485267
0.486570
0.487869
0.489166
0.490459
0.491749
0.493036
0.494320
0.495601
0.496879
0.498154
0.499425
0.500694
0.501959
0.503221
0.504481
0.505737
0.506990
0.508241
0.509488
0.510733
0.511974
0.513213
0.514448
0.515681
0.516910
0.518137
0.519361
0.520582
0.521801
0.523016
0.524228
0.525438
0.526645
0.527849
0.529050
0.530249
0.531445
0.532638
0.533828
0.535016
0.536200
0.537383
0.538562
0.539739
0.540913
0.542085
0.543254
0.544420
0.545584
0.546745
0.547903
0.549059
0.550213
0.551364
0.552512
0.553658
0.554801
0.555942
0.557081
0.558217
0.559350
0.560481
0.561610
0.562736
0.563860
0.564982
0.566101
0.567218
0.568333
0.569445
0.570556
0.571663
0.572769
0.573872
0.574974
0.576072
0.577169
0.578264
0.579356
0.580447
0.581535
0.582621
0.583705
0.584787
0.585867
0.586945
0.588020
0.589094
0.590166
0.591236
0.592304
0.593370
0.594434
0.595496
0.596557
0.597615
0.598672
0.599727
0.600780
0.601831
0.602881
0.603928
0.604975
0.606019
0.607062
0.608103
0.609142
0.610180
0.611216
0.612250
0.613283
0.614315
0.615345
0.616373
0.617400
0.618425
0.619450
0.620472
0.621493
0.622513
0.623532
0.624549
0.625565
0.626579
0.627593
0.628605
0.629616
0.630625
0.631634
0.632641
0.633647
0.634652
0.635656
0.636659
0.637661
0.638662
0.639662
0.640661
0.641659
0.642656
0.643653
0.644648
0.645642
0.646636
0.647629
0.648621
0.649613
0.650604
0.651594
0.652583
0.653572
0.654560
0.655547
0.656534
0.657521
0.658507
0.659492
0.660477
0.661462
0.662446
0.663430
0.664414
0.665397
0.666380
0.667363
0.668345
0.669327
0.670309
0.671291
0.672273
0.673255
0.674236
0.675218
0.676200
0.677181
0.678163
0.679145
0.680127
0.681109
0.682091
0.683073
0.684056
0.685039
0.686022
0.687006
0.687989
0.688974
0.689958
0.690943
0.691929
0.692915
0.693901
0.694888
0.695876
0.696864
0.697853
0.698843
0.699833
0.700824
0.701815
0.702808
0.703801
0.704795
0.705790
0.706786
0.707783
0.708781
0.709780
0.710780
0.711781
0.712783
0.713786
0.714790
0.715795
0.716802
0.717809
0.718818
0.719829
0.720840
0.721853
0.722867
0.723883
0.724900
0.725918
0.726938
0.727960
0.728983
0.730007
0.731033
0.732061
0.733090
0.734121
0.735153
0.736187
0.737223
0.738261
0.739300
0.740342
0.741384
0.742429
0.743476
0.744524
0.745575
0.746627
0.747681
0.748737
0.749795
0.750856
0.751918
0.752982
0.754048
0.755116
0.756186
0.757259
0.758333
0.759410
0.760488
0.761569
0.762652
0.763737
0.764824
0.765914
0.767005
0.768099
0.769195
0.770294
0.771394
0.772497
0.773602
0.774709
0.775819
0.776930
0.778044
0.779160
0.780279
0.781400
0.782523
0.783648
0.784775
0.785905
0.787037
0.788171
0.789308
0.790447
0.791588
0.792731
0.793876
0.795023
0.796173
0.797325
0.798479
0.799635
0.800793
0.801954
0.803116
0.804281
0.805447
0.806616
0.807787
0.808959
0.810134
0.811310
0.812489
0.813669
0.814851
0.816035
0.817220
0.818408
0.819597
0.820788
0.821980
0.823174
0.824370
0.825567
0.826766
0.827966
0.829168
0.830371
0.831575
0.832780
0.833987
0.835195
0.836404
0.837614
0.838825
0.840037
0.841250
0.842463
0.843678
0.844893
0.846109
0.847326
0.848543
0.849760
0.850978
0.852196
0.853415
0.854633
0.855852
0.857071
0.858290
0.859509
0.860727
0.861945
0.863163
0.864381
0.865598
0.866815
0.868031
0.869246
0.870460
0.871673
0.872886
0.874097
0.875307
0.876516
0.877724
0.878930
0.880134
0.881337
0.882539
0.883738
0.884935
0.886131
0.887324
0.888515
0.889704
0.890891
0.892074
0.893256
0.894434
0.895610
0.896783
0.897953
0.899119
0.900283
0.901443
0.902600
0.903753
0.904902
0.906048
0.907190
0.908328
0.909462
0.910591
0.911717
0.912838
0.913954
0.915066
0.916173
0.917276
0.918373
0.919465
0.920553
0.921635
0.922712
0.923783
0.924849
0.925909
0.926963
0.928011
0.929054
0.930090
0.931121
0.932145
0.933163
0.934174
0.935179
0.936177
0.937169
0.938153
0.939131
0.940102
0.941066
0.942022
0.942971
0.943913
0.944848
0.945775
0.946695
0.947607
0.948511
0.949407
0.950296
0.951176
0.952049
0.952914
0.953770
0.954618
0.955458
0.956290
0.957113
0.957928
0.958735
0.959533
0.960322
0.961103
0.961875
0.962639
0.963394
0.964140
0.964877
0.965606
0.966325
0.967036
0.967738
0.968431
0.969115
0.969791
0.970457
0.971114
0.971762
0.972402
0.973032
0.973654
0.974266
0.974870
0.975465
0.976050
0.976627
0.977195
0.977754
0.978304
0.978846
