0.121492
0.201905
0.229845
0.243089
0.252581
0.261723
0.272600
0.275919
0.277955
0.279975
0.281987
0.283991
0.285988
0.287979
0.289963
0.291941
0.293912
0.295877
0.297836
0.299789
0.301735
0.303676
0.305611
0.307540
0.309464
0.311381
0.313294
0.315200
0.317101
0.318997
0.320887
0.322772
0.324652
0.326526
0.328395
0.330258
0.332117
0.333970
0.335818
0.337723
0.339437
0.341126
0.342808
0.344485
0.346157
0.347825
0.349489
0.351148
0.352803
0.354454
0.356101
0.357743
0.359381
0.361015
0.362645
0.364270
0.365892
0.367509
0.369122
0.370731
0.372335
0.373936
0.375532
0.377125
0.378713
0.380297
0.381877
0.383453
0.385025
0.386593
0.388156
0.389716
0.391272
0.392824
0.394371
0.395915
0.397455
0.398991
0.400523
0.402051
0.403575
0.405095
0.406611
0.408123
0.409631
0.411136
0.412637
0.414133
0.415626
0.417115
0.418600
0.420082
0.421559
0.423033
0.424503
0.425969
0.427432
0.428890
0.430345
0.431796
0.433244
0.434687
0.436127
0.437564
0.438996
0.440425
0.441850
0.443272
0.444690
0.446104
0.447515
0.448922
0.450325
0.451725
0.453121
0.454513
0.455902
0.457288
0.458669
0.460048
0.461423
0.462794
0.464161
0.465526
0.466886
0.468243
0.469597
0.470947
0.472294
0.473637
0.474977
0.476313
0.477646
0.478976
0.480302
0.481625
0.482944
0.484260
0.485572
0.486881
0.488187
0.489490
0.490789
0.492084
0.493377
0.494666
0.495952
0.497234
0.498513
0.499789
0.501062
0.502331
0.503597
0.504860
0.506120
0.507376
0.508629
0.509879
0.511126
0.512369
0.513610
0.514847
0.516081
0.517311
0.518539
0.519763
0.520985
0.522203
0.523418
0.524630
0.525839
0.527045
0.528247
0.529447
0.530643
0.531837
0.533027
0.534214
0.535399
0.536580
0.537758
0.538933
0.540105
0.541274
0.542441
0.543604
0.544764
0.545921
0.547075
0.548227
0.549375
0.550520
0.551663
0.552802
0.553939
0.555072
0.556203
0.557331
0.558456
0.559578
0.560697
0.561814
0.562927
0.564038
0.565146
0.566250
0.567353
0.568452
0.569548
0.570642
0.571733
0.572821
0.573906
0.574989
0.576068
0.577145
0.578219
0.579291
0.580360
0.581425
0.582489
0.583549
0.584607
0.585662
0.586714
0.587764
0.588811
0.589855
0.590897
0.591936
0.592972
0.594006
0.595037
0.596065
0.597091
0.598114
0.599134
0.600152
0.601168
0.602180
0.603190
0.604198
0.605203
0.606205
0.607205
0.608202
0.609197
0.610189
0.611178
0.612165
0.613150
0.614132
0.615111
0.616088
0.617063
0.618035
0.619004
0.619971
0.620936
0.621898
0.622857
0.623814
0.624769
0.625721
0.626671
0.627619
0.628564
0.629506
0.630446
0.631384
0.632319
0.633252
0.634183
0.635111
0.636037
0.636960
0.637881
0.638800
0.639716
0.640630
0.641542
0.642451
0.643358
0.644263
0.645165
0.646065
0.646963
0.647859
0.648752
0.649643
0.650531
0.651418
0.652302
0.653184
0.654063
0.654941
0.655816
0.656688
0.657559
0.658427
0.659294
0.660158
0.661019
0.661879
0.662736
0.663591
0.664444
0.665295
0.666144
0.666990
0.667835
0.668677
0.669517
0.670354
0.671190
0.672024
0.672855
0.673684
0.674512
0.675337
0.676160
0.676980
0.677799
0.678616
0.679431
0.680243
0.681053
0.681862
0.682668
0.683472
0.684274
0.685075
0.685873
0.686669
0.687463
0.688255
0.689045
0.689833
0.690619
0.691403
0.692184
0.692964
0.693742
0.694518
0.695292
0.696064
0.696834
0.697602
0.698368
0.699133
0.699895
0.700655
0.701413
0.702170
0.702924
0.703677
0.704427
0.705176
0.705923
0.706667
0.707410
0.708151
0.708891
0.709628
0.710363
0.711097
0.711828
0.712558
0.713286
0.714012
0.714736
0.715459
0.716179
0.716898
0.717615
0.718330
0.719043
0.719754
0.720464
0.721172
0.721878
0.722582
0.723284
0.723985
0.724683
0.725380
0.726076
0.726769
0.727461
0.728151
0.728839
0.729525
0.730210
0.730893
0.731574
0.732253
0.732931
0.733607
0.734281
0.734953
0.735624
0.736293
0.736961
0.737626
0.738290
0.738953
0.739613
0.740272
0.740929
0.741585
0.742239
0.742891
0.743541
0.744190
0.744838
0.745483
0.746127
0.746769
0.747410
0.748049
0.748686
0.749322
0.749956
0.750589
0.751220
0.751849
0.752477
0.753103
0.753727
0.754350
0.754972
0.755591
0.756209
0.756826
0.757441
0.758055
0.758666
0.759277
0.759885
0.760493
0.761098
0.761703
0.762305
0.762906
0.763506
0.764104
0.764700
0.765295
0.765889
0.766480
0.767071
0.767660
0.768247
0.768833
0.769417
0.770000
0.770582
0.771162
0.771740
0.772317
0.772893
0.773467
0.774040
0.774611
0.775180
0.775749
0.776315
0.776881
0.777445
0.778007
0.778568
0.779128
0.779686
0.780243
0.780798
0.781352
0.781905
0.782456
0.783005
0.783554
0.784101
0.784646
0.785190
0.785733
0.786274
0.786814
0.787353
0.787890
0.788426
0.788961
0.789494
0.790026
0.790556
0.791085
0.791613
0.792139
0.792664
0.793188
0.793710
0.794231
0.794751
0.795270
0.795787
0.796302
0.796817
0.797330
0.797842
0.798352
0.798862
0.799370
0.799876
0.800382
0.800886
0.801388
0.801890
0.802390
0.802889
0.803387
0.803883
0.804378
0.804872
0.805365
0.805856
0.806346
0.806835
0.807323
0.807809
0.808294
0.808778
0.809261
0.809743
0.810223
0.810702
0.811180
0.811656
0.812132
0.812606
0.813079
0.813550
0.814021
0.814490
0.814958
0.815425
0.815891
0.816356
0.816819
0.817281
0.817742
0.818202
0.818661
0.819119
0.819575
0.820030
0.820484
0.820937
0.821389
0.821840
0.822289
0.822737
0.823185
0.823631
0.824075
0.824519
0.824962
0.825403
0.825844
0.826283
0.826721
0.827158
0.827594
0.828029
0.828463
0.828895
0.829327
0.829757
0.830187
0.830615
0.831042
0.831468
0.831893
0.832317
0.832740
0.833161
0.833582
0.834002
0.834420
0.834838
0.835254
0.835669
0.836084
0.836497
0.836909
0.837320
0.837730
0.838139
0.838547
0.838954
0.839360
0.839765
0.840169
