0.061189
0.077169
0.080167
0.092056
0.109024
0.126593
0.142777
0.157513
0.171042
0.183553
0.195190
0.206051
0.216237
0.225843
0.234951
0.243631
0.251945
0.259962
0.267756
0.275405
0.282996
0.290697
0.298925
0.308256
0.315424
0.318271
0.320181
0.322054
0.323922
0.325784
0.327641
0.329492
0.331338
0.333179
0.335016
0.336847
0.338674
0.340497
0.342315
0.344150
0.345787
0.347438
0.349088
0.350735
0.352379
0.354019
0.355657
0.357292
0.358924
0.360552
0.362178
0.363801
0.365421
0.367039
0.368653
0.370265
0.371875
0.373481
0.375085
0.376687
0.378286
0.379883
0.381477
0.383068
0.384658
0.386245
0.387830
0.389412
0.390993
0.392571
0.394147
0.395721
0.397293
0.398863
0.400431
0.401997
0.403562
0.405124
0.406685
0.408244
0.409801
0.411357
0.412911
0.414463
0.416014
0.417564
0.419112
0.420659
0.422205
0.423749
0.425292
0.426834
0.428374
0.429914
0.431453
0.432990
0.434527
0.436063
0.437598
0.439132
0.440666
0.442199
0.443731
0.445262
0.446794
0.448324
0.449854
0.451384
0.452914
0.454443
0.455972
0.457501
0.459030
0.460559
0.462088
0.463617
0.465146
0.466675
0.468204
0.469734
0.471264
0.472794
0.474325
0.475857
0.477389
0.478921
0.480454
0.481988
0.483523
0.485059
0.486595
0.488132
0.489671
0.491210
0.492751
0.494293
0.495836
0.497380
0.498926
0.500473
0.502021
0.503571
0.505123
0.506676
0.508231
0.509788
0.511346
0.512907
0.514469
0.516033
0.517599
0.519168
0.520738
0.522311
0.523885
0.525463
0.527042
0.528624
0.530208
0.531795
0.533385
0.534977
0.536571
0.538169
0.539769
0.541372
0.542978
0.544587
0.546199
0.547814
0.549431
0.551052
0.552677
0.554304
0.555935
0.557569
0.559206
0.560847
0.562491
0.564139
0.565790
0.567445
0.569103
0.570765
0.572431
0.574100
0.575773
0.577450
0.579131
0.580816
0.582505
0.584197
0.585894
0.587594
0.589299
0.591008
0.592721
0.594438
0.596159
0.597884
0.599613
0.601347
0.603085
0.604827
0.606573
0.608324
0.610079
0.611839
0.613602
0.615371
0.617143
0.618920
0.620701
0.622487
0.624277
0.626071
0.627870
0.629673
0.631481
0.633293
0.635109
0.636930
0.638756
0.640585
0.642419
0.644257
0.646100
0.647947
0.649798
0.651654
0.653514
0.655378
0.657246
0.659118
0.660995
0.662875
0.664760
0.666649
0.668542
0.670439
0.672339
0.674244
0.676153
0.678065
0.679981
0.681901
0.683824
0.685751
0.687681
0.689615
0.691553
0.693493
0.695437
0.697385
0.699335
0.701288
0.703245
0.705204
0.707166
0.709131
0.711099
0.713069
0.715042
0.717017
0.718994
0.720974
0.722956
0.724939
0.726925
0.728913
0.730902
0.732893
0.734885
0.736879
0.738874
0.740870
0.742867
0.744865
0.746864
0.748864
0.750864
0.752865
0.754865
0.756866
0.758867
0.760868
0.762869
0.764869
0.766869
0.768868
0.770867
0.772864
0.774860
0.776855
0.778849
0.780841
0.782831
0.784820
0.786806
0.788790
0.790772
0.792751
0.794728
0.796702
0.798673
0.800641
0.802605
0.804566
0.806523
0.808476
0.810426
0.812371
0.814312
0.816248
0.818180
0.820106
0.822028
0.823944
0.825856
0.827761
0.829661
0.831554
0.833442
0.835324
0.837199
0.839067
0.840928
0.842783
0.844630
0.846470
0.848303
0.850127
0.851944
0.853753
0.855554
0.857346
0.859130
0.860905
0.862671
0.864428
0.866176
0.867915
0.869644
0.871363
0.873072
0.874772
0.876461
0.878140
0.879808
0.881466
0.883112
0.884748
0.886373
0.887987
0.889589
0.891179
0.892758
0.894326
0.895881
0.897424
0.898955
0.900474
0.901980
0.903474
0.904955
0.906423
0.907879
0.909321
0.910751
0.912167
0.913570
0.914959
0.916335
0.917698
0.919047
0.920382
0.921703
0.923011
0.924304
0.925584
0.926849
0.928101
0.929338
0.930561
0.931770
0.932964
0.934144
0.935310
0.936461
0.937598
0.938720
0.939828
0.940922
0.942001
0.943065
0.944115
0.945151
0.946172
0.947178
0.948170
0.949148
0.950111
0.951060
0.951994
0.952914
0.953820
0.954712
0.955589
0.956452
0.957301
0.958136
0.958957
0.959764
0.960558
0.961337
0.962103
0.962855
0.963594
0.964319
0.965031
0.965729
0.966414
0.967086
0.967746
0.968392
0.969025
0.969646
0.970255
0.970850
0.971434
0.972005
0.972565
0.973112
0.973647
0.974171
0.974683
0.975184
0.975674
0.976152
0.976619
0.977075
0.977521
0.977956
0.978380
0.978795
0.979199
0.979593
0.979977
0.980351
0.980716
0.981072
0.981418
0.981755
0.982083
0.982402
0.982712
0.983014
0.983308
0.983594
0.983871
0.984140
0.984402
0.984656
0.984903
0.985142
0.985374
0.985600
0.985818
0.986029
0.986234
0.986433
0.986625
0.986812
0.986992
0.987166
0.987335
0.987498
0.987656
0.987808
0.987955
0.988097
0.988234
0.988367
0.988494
0.988618
0.988736
0.988851
0.988961
0.989068
0.989170
0.989269
0.989363
0.989455
0.989542
0.989627
0.989708
0.989786
0.989861
0.989932
0.990001
0.990068
0.990131
0.990192
0.990250
0.990306
0.990360
0.990411
0.990460
0.990507
0.990552
0.990595
0.990636
0.990675
0.990713
0.990749
0.990783
0.990815
0.990846
0.990876
0.990904
0.990931
0.990957
0.990981
0.991005
0.991027
0.991048
0.991068
0.991087
0.991105
0.991122
0.991138
0.991154
0.991169
0.991182
0.991196
0.991208
0.991220
0.991231
0.991242
0.991252
0.991261
0.991270
0.991279
0.991287
0.991295
0.991302
0.991308
0.991315
0.991321
0.991327
0.991332
0.991337
0.991342
0.991346
0.991350
0.991354
0.991358
0.991361
0.991365
0.991368
0.991371
0.991373
0.991376
0.991378
0.991381
0.991383
0.991385
0.991387
0.991388
0.991390
0.991391
0.991393
0.991394
0.991395
0.991396
0.991398
0.991399
0.991399
0.991400
0.991401
0.991402
0.991403
0.991403
0.991404
0.991404
0.991405
0.991405
0.991406
0.991406
0.991407
0.991407
0.991407
0.991408
0.991408
0.991408
0.991409
0.991409
0.991409
0.991409
0.991409
