0.082796
0.178442
0.217746
0.235031
0.245590
0.254367
0.263274
0.274086
0.277962
0.279983
0.281991
0.283992
0.285986
0.287972
0.289953
0.291926
0.293894
0.295855
0.297809
0.299758
0.301700
0.303637
0.305568
0.307493
0.309412
0.311325
0.313233
0.315135
0.317032
0.318923
0.320809
0.322690
0.324565
0.326435
0.328299
0.330159
0.332013
0.333862
0.335705
0.337605
0.339313
0.340998
0.342675
0.344347
0.346015
0.347679
0.349338
0.350994
0.352644
0.354291
0.355933
0.357572
0.359206
0.360835
0.362461
0.364082
0.365700
0.367313
0.368922
0.370527
0.372127
0.373724
0.375317
0.376905
0.378490
0.380070
0.381646
0.383218
0.384787
0.386351
0.387911
0.389467
0.391019
0.392568
0.394112
0.395652
0.397188
0.398721
0.400249
0.401774
0.403294
0.404811
0.406324
0.407833
0.409338
0.410839
0.412337
0.413830
0.415320
0.416806
0.418288
0.419766
0.421241
0.422712
0.424179
0.425642
0.427101
0.428557
0.430009
0.431457
0.432902
0.434343
0.435780
0.437214
0.438643
0.440070
0.441492
0.442911
0.444326
0.445738
0.447146
0.448550
0.449951
0.451348
0.452742
0.454132
0.455518
0.456901
0.458281
0.459657
0.461029
0.462398
0.463763
0.465125
0.466483
0.467838
0.469190
0.470538
0.471882
0.473223
0.474561
0.475895
0.477226
0.478553
0.479877
0.481198
0.482515
0.483829
0.485139
0.486446
0.487750
0.489051
0.490348
0.491642
0.492932
0.494219
0.495503
0.496784
0.498061
0.499335
0.500606
0.501874
0.503138
0.504399
0.505657
0.506912
0.508163
0.509411
0.510656
0.511898
0.513137
0.514372
0.515605
0.516834
0.518060
0.519283
0.520503
0.521719
0.522933
0.524143
0.525351
0.526555
0.527756
0.528954
0.530150
0.531342
0.532531
0.533716
0.534899
0.536079
0.537256
0.538430
0.539601
0.540769
0.541934
0.543095
0.544254
0.545410
0.546563
0.547713
0.548861
0.550005
0.551146
0.552284
0.553420
0.554552
0.555682
0.556809
0.557933
0.559054
0.560172
0.561287
0.562400
0.563509
0.564616
0.565720
0.566821
0.567919
0.569015
0.570108
0.571198
0.572285
0.573369
0.574451
0.575530
0.576606
0.577679
0.578749
0.579817
0.580882
0.581945
0.583005
0.584062
0.585116
0.586167
0.587216
0.588263
0.589306
0.590347
0.591385
0.592421
0.593454
0.594484
0.595512
0.596537
0.597559
0.598579
0.599596
0.600611
0.601623
0.602632
0.603639
0.604644
0.605645
0.606645
0.607641
0.608635
0.609627
0.610616
0.611602
0.612586
0.613568
0.614547
0.615523
0.616497
0.617469
0.618438
0.619404
0.620368
0.621330
0.622289
0.623246
0.624200
0.625152
0.626101
0.627048
0.627993
0.628935
0.629875
0.630812
0.631747
0.632680
0.633610
0.634538
0.635463
0.636386
0.637307
0.638226
0.639142
0.640055
0.640967
0.641876
0.642783
0.643687
0.644589
0.645489
0.646387
0.647282
0.648175
0.649065
0.649954
0.650840
0.651724
0.652606
0.653485
0.654362
0.655237
0.656110
0.656980
0.657848
0.658714
0.659578
0.660440
0.661299
0.662157
0.663012
0.663864
0.664715
0.665564
0.666410
0.667254
0.668096
0.668936
0.669774
0.670610
0.671443
0.672274
0.673104
0.673931
0.674756
0.675579
0.676400
0.677218
0.678035
0.678850
0.679662
0.680473
0.681281
0.682087
0.682892
0.683694
0.684494
0.685292
0.686088
0.686882
0.687674
0.688464
0.689252
0.690038
0.690822
0.691604
0.692384
0.693162
0.693938
0.694712
0.695484
0.696254
0.697023
0.697789
0.698553
0.699315
0.700076
0.700834
0.701591
0.702345
0.703098
0.703849
0.704597
0.705344
0.706089
0.706832
0.707574
0.708313
0.709050
0.709786
0.710520
0.711251
0.711981
0.712710
0.713436
0.714160
0.714883
0.715603
0.716322
0.717039
0.717755
0.718468
0.719180
0.719889
0.720597
0.721303
0.722008
0.722710
0.723411
0.724110
0.724807
0.725503
0.726197
0.726888
0.727579
0.728267
0.728954
0.729638
0.730322
0.731003
0.731683
0.732361
0.733037
0.733711
0.734384
0.735055
0.735725
0.736392
0.737058
0.737722
0.738385
0.739046
0.739705
0.740363
0.741018
0.741673
0.742325
0.742976
0.743625
0.744273
0.744919
0.745563
0.746205
0.746846
0.747486
0.748124
0.748760
0.749394
0.750027
0.750658
0.751288
0.751916
0.752542
0.753167
0.753790
0.754412
0.755032
0.755651
0.756268
0.756883
0.757497
0.758109
0.758720
0.759329
0.759937
0.760543
0.761147
0.761750
0.762351
0.762951
0.763550
0.764147
0.764742
0.765336
0.765928
0.766519
0.767108
0.767696
0.768282
0.768867
0.769450
0.770032
0.770613
0.771191
0.771769
0.772345
0.772919
0.773492
0.774064
0.774634
0.775203
0.775770
0.776336
0.776900
0.777463
0.778024
0.778584
0.779143
0.779700
0.780256
0.780810
0.781363
0.781915
0.782465
0.783014
0.783561
0.784107
0.784651
0.785195
0.785736
0.786277
0.786816
0.787354
0.787890
0.788425
0.788958
0.789491
0.790021
0.790551
0.791079
0.791606
0.792131
0.792656
0.793178
0.793700
0.794220
0.794739
0.795257
0.795773
0.796288
0.796801
0.797314
0.797825
0.798334
0.798843
0.799350
0.799855
0.800360
0.800863
0.801365
0.801866
0.802365
0.802863
0.803360
0.803856
0.804350
0.804843
0.805335
0.805826
0.806315
0.806803
0.807290
0.807776
0.808260
0.808743
0.809225
0.809706
0.810185
0.810664
0.811141
0.811617
0.812091
0.812565
0.813037
0.813508
0.813978
0.814446
0.814914
0.815380
0.815845
0.816309
0.816772
0.817233
0.817694
0.818153
0.818611
0.819068
0.819523
0.819978
0.820431
0.820883
0.821334
0.821784
0.822233
0.822681
0.823127
0.823573
0.824017
0.824460
0.824902
0.825343
0.825783
0.826221
0.826659
0.827095
0.827531
0.827965
0.828398
0.828830
0.829261
0.829690
0.830119
0.830547
0.830973
0.831399
0.831823
0.832246
0.832669
0.833090
0.833510
0.833929
0.834347
0.834764
0.835179
0.835594
0.836008
0.836421
0.836832
0.837243
0.837652
0.838061
0.838468
0.838874
0.839280
0.839684
