0.003121
0.019506
0.045114
0.070470
0.093312
0.113399
0.131306
0.147447
0.162112
0.175550
0.187956
0.199483
0.210236
0.220308
0.229795
0.238780
0.247333
0.255515
0.263391
0.271030
0.278507
0.285899
0.293337
0.301125
0.309903
0.318023
0.321787
0.323786
0.325663
0.327533
0.329398
0.331258
0.333112
0.334960
0.336804
0.338643
0.340478
0.342307
0.344132
0.345972
0.347611
0.349266
0.350921
0.352572
0.354220
0.355865
0.357507
0.359146
0.360782
0.362415
0.364045
0.365672
0.367297
0.368918
0.370537
0.372153
0.373766
0.375377
0.376985
0.378591
0.380194
0.381795
0.383393
0.384989
0.386583
0.388174
0.389763
0.391350
0.392935
0.394517
0.396098
0.397677
0.399253
0.400828
0.402401
0.403972
0.405541
0.407109
0.408675
0.410239
0.411802
0.413364
0.414924
0.416482
0.418040
0.419596
0.421151
0.422704
0.424257
0.425808
0.427359
0.428909
0.430458
0.432006
0.433553
0.435100
0.436646
0.438192
0.439737
0.441282
0.442826
0.444371
0.445915
0.447458
0.449002
0.450546
0.452090
0.453634
0.455179
0.456724
0.458269
0.459814
0.461360
0.462907
0.464455
0.466003
0.467552
0.469102
0.470653
0.472205
0.473758
0.475312
0.476868
0.478425
0.479984
0.481544
0.483106
0.484670
0.486235
0.487803
0.489372
0.490944
0.492517
0.494093
0.495672
0.497253
0.498836
0.500422
0.502010
0.503602
0.505196
0.506793
0.508394
0.509997
0.511604
0.513214
0.514828
0.516445
0.518066
0.519691
0.521319
0.522952
0.524588
0.526229
0.527873
0.529522
0.531176
0.532834
0.534496
0.536164
0.537836
0.539513
0.541195
0.542882
0.544574
0.546272
0.547975
0.549683
0.551397
0.553116
0.554842
0.556573
0.558310
0.560053
0.561803
0.563558
0.565320
0.567088
0.568863
0.570644
0.572432
0.574227
0.576029
0.577837
0.579653
0.581475
0.583305
0.585142
0.586987
0.588839
0.590698
0.592565
0.594440
0.596322
0.598213
0.600111
0.602017
0.603931
0.605853
0.607783
0.609722
0.611669
0.613624
0.615587
0.617559
0.619539
0.621528
0.623526
0.625532
0.627547
0.629570
0.631603
0.633644
0.635693
0.637752
0.639819
0.641896
0.643981
0.646075
0.648178
0.650290
0.652411
0.654541
0.656680
0.658827
0.660984
0.663149
0.665324
0.667507
0.669699
0.671900
0.674109
0.676327
0.678554
0.680790
0.683034
0.685286
0.687548
0.689817
0.692095
0.694381
0.696675
0.698977
0.701287
0.703605
0.705930
0.708263
0.710604
0.712952
0.715308
0.717671
0.720040
0.722417
0.724800
0.727190
0.729586
0.731988
0.734396
0.736811
0.739231
0.741656
0.744087
0.746522
0.748963
0.751408
0.753858
0.756312
0.758770
0.761232
0.763697
0.766165
0.768637
0.771111
0.773587
0.776066
0.778546
0.781028
0.783511
0.785995
0.788480
0.790966
0.793451
0.795936
0.798420
0.800903
0.803385
0.805865
0.808344
0.810820
0.813293
0.815763
0.818229
0.820692
0.823150
0.825604
0.828053
0.830496
0.832933
0.835365
0.837789
0.840207
0.842617
0.845019
0.847413
0.849798
0.852174
0.854541
0.856898
0.859244
0.861579
0.863903
0.866216
0.868516
0.870804
0.873079
0.875340
0.877588
0.879821
0.882040
0.884244
0.886432
0.888605
0.890761
0.892900
0.895022
0.897127
0.899214
0.901283
0.903333
0.905364
0.907375
0.909367
0.911339
0.913290
0.915220
0.917130
0.919017
0.920884
0.922728
0.924549
0.926348
0.928125
0.929878
0.931607
0.933313
0.934995
0.936653
0.938287
0.939896
0.941481
0.943040
0.944575
0.946085
0.947569
0.949028
0.950462
0.951870
0.953253
0.954610
0.955941
0.957247
0.958527
0.959782
0.961010
0.962214
0.963391
0.964544
0.965670
0.966772
0.967848
0.968900
0.969926
0.970928
0.971905
0.972858
0.973786
0.974691
0.975572
0.976429
0.977263
0.978074
0.978863
0.979629
0.980372
0.981094
0.981794
0.982473
0.983131
0.983769
0.984386
0.984983
0.985561
0.986120
0.986659
0.987181
0.987684
0.988169
0.988638
0.989089
0.989523
0.989942
0.990345
0.990732
0.991105
0.991462
0.991806
0.992136
0.992452
0.992755
0.993046
0.993324
0.993591
0.993846
0.994089
0.994322
0.994544
0.994757
0.994959
0.995152
0.995336
0.995511
0.995678
0.995837
0.995988
0.996131
0.996267
0.996396
0.996519
0.996635
0.996745
0.996849
0.996948
0.997041
0.997129
0.997213
0.997291
0.997366
0.997436
0.997502
0.997564
0.997622
0.997677
0.997729
0.997778
0.997824
0.997867
0.997907
0.997945
0.997980
0.998013
0.998044
0.998073
0.998100
0.998126
0.998149
0.998172
0.998192
0.998211
0.998229
0.998246
0.998261
0.998276
0.998289
0.998302
0.998313
0.998324
0.998334
0.998343
0.998352
0.998360
0.998367
0.998374
0.998380
0.998386
0.998391
0.998396
0.998400
0.998405
0.998408
0.998412
0.998415
0.998418
0.998421
0.998424
0.998426
0.998428
0.998430
0.998432
0.998433
0.998435
0.998436
0.998437
0.998439
0.998440
0.998441
0.998441
0.998442
0.998443
0.998444
0.998444
0.998445
0.998445
0.998446
0.998446
0.998446
0.998447
0.998447
0.998447
0.998448
0.998448
0.998448
0.998448
0.998448
0.998449
0.998449
0.998449
0.998449
0.998449
0.998449
0.998449
0.998449
0.998449
0.998449
0.998449
0.998450
0.998450
0.998450
0.998450
0.998450
0.998450
0.998450
0.998450
0.998450
0.998450
0.998450
0.998450
0.998450
0.998450
0.998450
0.998450
0.998450
0.998450
0.998450
0.998450
0.998450
0.998450
0.998450
0.998450
0.998450
0.998450
0.998450
0.998450
0.998450
0.998450
0.998450
0.998450
0.998450
0.998450
0.998450
0.998450
0.998450
0.998450
0.998450
0.998450
0.998450
0.998450
0.998450
0.998450
0.998450
0.998450
0.998450
0.998450
0.998450
0.998450
0.998450
0.998450
0.998450
0.998450
0.998450
0.998450
0.998450
0.998450
0.998450
0.998450
0.998450
0.998450
0.998450
0.998450
0.998450
0.998450
0.998450
0.998450
0.998450
0.998450
0.998450
0.998450
0.998450
0.998450
0.998450
0.998450
