0.123316
0.209103
0.240342
0.255917
0.268955
0.272385
0.274634
0.276738
0.278790
0.280821
0.282841
0.284853
0.286857
0.288855
0.290847
0.292832
0.294810
0.296783
0.298749
0.300710
0.302664
0.304613
0.306555
0.308492
0.310423
0.312349
0.314269
0.316183
0.318092
0.319995
0.321893
0.323786
0.325672
0.327554
0.329430
0.331301
0.333167
0.335027
0.336882
0.338796
0.340519
0.342217
0.343906
0.345591
0.347271
0.348947
0.350618
0.352285
0.353948
0.355606
0.357260
0.358910
0.360555
0.362196
0.363833
0.365466
0.367094
0.368718
0.370338
0.371953
0.373565
0.375172
0.376775
0.378374
0.379968
0.381559
0.383145
0.384727
0.386305
0.387879
0.389449
0.391015
0.392576
0.394134
0.395688
0.397237
0.398782
0.400324
0.401861
0.403395
0.404924
0.406449
0.407971
0.409488
0.411002
0.412511
0.414017
0.415519
0.417016
0.418510
0.420000
0.421486
0.422969
0.424447
0.425921
0.427392
0.428859
0.430322
0.431781
0.433237
0.434688
0.436136
0.437580
0.439021
0.440457
0.441890
0.443319
0.444744
0.446166
0.447584
0.448998
0.450409
0.451816
0.453219
0.454619
0.456015
0.457407
0.458796
0.460181
0.461562
0.462940
0.464315
0.465685
0.467053
0.468416
0.469776
0.471133
0.472486
0.473836
0.475182
0.476524
0.477863
0.479199
0.480531
0.481860
0.483185
0.484507
0.485825
0.487140
0.488451
0.489759
0.491064
0.492365
0.493663
0.494958
0.496249
0.497537
0.498821
0.500102
0.501380
0.502655
0.503926
0.505194
0.506459
0.507720
0.508978
0.510233
0.511484
0.512733
0.513978
0.515220
0.516458
0.517694
0.518926
0.520155
0.521381
0.522604
0.523823
0.525040
0.526253
0.527463
0.528670
0.529874
0.531074
0.532272
0.533466
0.534658
0.535846
0.537031
0.538213
0.539392
0.540569
0.541742
0.542911
0.544078
0.545242
0.546403
0.547561
0.548716
0.549868
0.551017
0.552163
0.553306
0.554446
0.555583
0.556717
0.557848
0.558977
0.560102
0.561225
0.562344
0.563461
0.564575
0.565686
0.566794
0.567899
0.569001
0.570101
0.571197
0.572291
0.573382
0.574470
0.575555
0.576638
0.577718
0.578795
0.579869
0.580940
0.582009
0.583075
0.584138
0.585198
0.586256
0.587311
0.588363
0.589412
0.590459
0.591503
0.592545
0.593583
0.594619
0.595652
0.596683
0.597711
0.598736
0.599759
0.600779
0.601797
0.602811
0.603824
0.604833
0.605840
0.606845
0.607846
0.608845
0.609842
0.610836
0.611828
0.612817
0.613803
0.614787
0.615768
0.616747
0.617723
0.618697
0.619668
0.620637
0.621603
0.622567
0.623528
0.624487
0.625443
0.626397
0.627348
0.628297
0.629244
0.630188
0.631129
0.632068
0.633005
0.633940
0.634872
0.635801
0.636728
0.637653
0.638575
0.639495
0.640413
0.641328
0.642241
0.643152
0.644060
0.644966
0.645869
0.646771
0.647670
0.648566
0.649461
0.650353
0.651242
0.652130
0.653015
0.653898
0.654778
0.655656
0.656532
0.657406
0.658278
0.659147
0.660014
0.660879
0.661742
0.662602
0.663460
0.664316
0.665170
0.666022
0.666871
0.667718
0.668563
0.669406
0.670247
0.671085
0.671922
0.672756
0.673588
0.674418
0.675246
0.676071
0.676895
0.677716
0.678536
0.679353
0.680168
0.680981
0.681792
0.682601
0.683408
0.684212
0.685015
0.685816
0.686614
0.687411
0.688205
0.688997
0.689788
0.690576
0.691362
0.692147
0.692929
0.693709
0.694487
0.695264
0.696038
0.696810
0.697580
0.698349
0.699115
0.699879
0.700642
0.701402
0.702161
0.702917
0.703672
0.704425
0.705175
0.705924
0.706671
0.707416
0.708159
0.708900
0.709639
0.710377
0.711112
0.711846
0.712577
0.713307
0.714035
0.714761
0.715486
0.716208
0.716928
0.717647
0.718364
0.719079
0.719792
0.720503
0.721213
0.721920
0.722626
0.723330
0.724033
0.724733
0.725432
0.726129
0.726824
0.727517
0.728208
0.728898
0.729586
0.730272
0.730957
0.731639
0.732320
0.733000
0.733677
0.734353
0.735027
0.735699
0.736370
0.737038
0.737705
0.738371
0.739035
0.739696
0.740357
0.741015
0.741672
0.742328
0.742981
0.743633
0.744283
0.744932
0.745579
0.746224
0.746867
0.747509
0.748150
0.748788
0.749425
0.750061
0.750694
0.751326
0.751957
0.752586
0.753213
0.753839
0.754463
0.755085
0.755706
0.756326
0.756943
0.757559
0.758174
0.758787
0.759398
0.760008
0.760616
0.761223
0.761828
0.762432
0.763034
0.763634
0.764233
0.764831
0.765427
0.766021
0.766614
0.767206
0.767795
0.768384
0.768971
0.769556
0.770140
0.770722
0.771303
0.771882
0.772460
0.773037
0.773612
0.774185
0.774757
0.775328
0.775897
0.776464
0.777031
0.777595
0.778159
0.778720
0.779281
0.779840
0.780397
0.780953
0.781508
0.782061
0.782613
0.783164
0.783713
0.784260
0.784807
0.785351
0.785895
0.786437
0.786978
0.787517
0.788055
0.788591
0.789126
0.789660
0.790193
0.790724
0.791254
0.791782
0.792309
0.792835
0.793359
0.793882
0.794403
0.794924
0.795443
0.795960
0.796477
0.796992
0.797505
0.798018
0.798529
0.799039
0.799547
0.800054
0.800560
0.801065
0.801568
0.802070
0.802571
0.803070
0.803568
0.804065
0.804561
0.805055
0.805548
0.806040
0.806531
0.807020
0.807508
0.807995
0.808481
0.808965
0.809448
0.809930
0.810411
0.810890
0.811368
0.811845
0.812321
0.812796
0.813269
0.813741
0.814212
0.814682
0.815150
0.815617
0.816084
0.816548
0.817012
0.817475
0.817936
0.818396
0.818855
0.819313
0.819770
0.820226
0.820680
0.821133
0.821585
0.822036
0.822486
0.822934
0.823382
0.823828
0.824273
0.824717
0.825160
0.825602
0.826043
0.826482
0.826921
0.827358
0.827794
0.828229
0.828663
0.829096
0.829528
0.829958
0.830388
0.830816
0.831243
0.831670
0.832095
0.832519
0.832942
0.833364
0.833785
0.834204
0.834623
0.835041
0.835457
0.835873
0.836287
0.836701
0.837113
0.837524
0.837935
0.838344
0.838752
0.839159
0.839565
0.839970
0.840374
0.840777
0.841179
