0.086944
0.140225
0.161885
0.175562
0.186925
0.197285
0.206994
0.216191
0.224954
0.233345
0.241433
0.249288
0.256989
0.264608
0.272286
0.280347
0.289657
0.297884
0.300753
0.302700
0.304629
0.306552
0.308468
0.310378
0.312281
0.314179
0.316070
0.317955
0.319834
0.321707
0.323575
0.325437
0.327294
0.329145
0.330991
0.332831
0.334666
0.336496
0.338321
0.340192
0.341870
0.343533
0.345191
0.346844
0.348493
0.350138
0.351778
0.353414
0.355047
0.356675
0.358299
0.359919
0.361534
0.363146
0.364754
0.366357
0.367957
0.369552
0.371143
0.372731
0.374314
0.375893
0.377469
0.379040
0.380608
0.382171
0.383730
0.385286
0.386837
0.388385
0.389929
0.391469
0.393005
0.394537
0.396065
0.397589
0.399109
0.400626
0.402139
0.403648
0.405153
0.406654
0.408151
0.409645
0.411135
0.412621
0.414103
0.415582
0.417056
0.418528
0.419995
0.421458
0.422918
0.424375
0.425827
0.427276
0.428721
0.430162
0.431600
0.433034
0.434465
0.435892
0.437315
0.438735
0.440151
0.441563
0.442972
0.444377
0.445779
0.447177
0.448572
0.449963
0.451351
0.452735
0.454115
0.455492
0.456866
0.458236
0.459602
0.460965
0.462325
0.463681
0.465034
0.466383
0.467729
0.469072
0.470411
0.471746
0.473079
0.474408
0.475733
0.477055
0.478374
0.479690
0.481002
0.482311
0.483616
0.484918
0.486217
0.487513
0.488805
0.490094
0.491380
0.492662
0.493941
0.495217
0.496490
0.497759
0.499026
0.500289
0.501549
0.502805
0.504059
0.505309
0.506556
0.507800
0.509041
0.510278
0.511513
0.512744
0.513972
0.515198
0.516420
0.517638
0.518854
0.520067
0.521277
0.522483
0.523687
0.524887
0.526085
0.527279
0.528470
0.529659
0.530844
0.532026
0.533205
0.534382
0.535555
0.536725
0.537893
0.539057
0.540219
0.541377
0.542533
0.543685
0.544835
0.545982
0.547126
0.548267
0.549405
0.550540
0.551672
0.552801
0.553928
0.555052
0.556173
0.557291
0.558406
0.559518
0.560628
0.561734
0.562838
0.563939
0.565037
0.566133
0.567226
0.568316
0.569403
0.570487
0.571569
0.572648
0.573724
0.574797
0.575868
0.576936
0.578001
0.579064
0.580124
0.581181
0.582236
0.583287
0.584337
0.585383
0.586427
0.587468
0.588507
0.589543
0.590576
0.591607
0.592635
0.593660
0.594683
0.595703
0.596721
0.597736
0.598748
0.599758
0.600766
0.601770
0.602773
0.603772
0.604770
0.605764
0.606756
0.607746
0.608733
0.609718
0.610700
0.611679
0.612656
0.613631
0.614603
0.615573
0.616540
0.617505
0.618467
0.619427
0.620384
0.621339
0.622292
0.623242
0.624190
0.625135
0.626078
0.627019
0.627957
0.628893
0.629826
0.630757
0.631686
0.632612
0.633536
0.634458
0.635377
0.636294
0.637208
0.638121
0.639031
0.639938
0.640844
0.641747
0.642648
0.643546
0.644442
0.645336
0.646228
0.647117
0.648005
0.648890
0.649772
0.650653
0.651531
0.652407
0.653281
0.654152
0.655021
0.655888
0.656753
0.657616
0.658477
0.659335
0.660191
0.661045
0.661897
0.662747
0.663594
0.664440
0.665283
0.666124
0.666963
0.667800
0.668634
0.669467
0.670297
0.671126
0.671952
0.672776
0.673598
0.674418
0.675236
0.676052
0.676866
0.677678
0.678487
0.679295
0.680100
0.680904
0.681705
0.682505
0.683302
0.684098
0.684891
0.685683
0.686472
0.687259
0.688045
0.688828
0.689610
0.690389
0.691167
0.691942
0.692716
0.693487
0.694257
0.695024
0.695790
0.696554
0.697316
0.698076
0.698834
0.699590
0.700344
0.701096
0.701847
0.702595
0.703342
0.704087
0.704829
0.705570
0.706309
0.707047
0.707782
0.708516
0.709247
0.709977
0.710705
0.711431
0.712155
0.712878
0.713598
0.714317
0.715034
0.715749
0.716463
0.717174
0.717884
0.718592
0.719298
0.720003
0.720705
0.721406
0.722105
0.722803
0.723498
0.724192
0.724884
0.725575
0.726263
0.726950
0.727635
0.728319
0.729001
0.729681
0.730359
0.731036
0.731710
0.732384
0.733055
0.733725
0.734393
0.735060
0.735724
0.736388
0.737049
0.737709
0.738367
0.739024
0.739678
0.740332
0.740983
0.741633
0.742282
0.742928
0.743573
0.744217
0.744859
0.745499
0.746138
0.746775
0.747410
0.748044
0.748676
0.749307
0.749936
0.750564
0.751190
0.751815
0.752438
0.753059
0.753679
0.754297
0.754914
0.755529
0.756143
0.756755
0.757366
0.757975
0.758582
0.759189
0.759793
0.760396
0.760998
0.761598
0.762197
0.762794
0.763390
0.763984
0.764577
0.765168
0.765758
0.766347
0.766934
0.767519
0.768103
0.768686
0.769267
0.769847
0.770425
0.771002
0.771578
0.772152
0.772725
0.773296
0.773866
0.774435
0.775002
0.775568
0.776132
0.776695
0.777257
0.777817
0.778376
0.778934
0.779490
0.780045
0.780599
0.781151
0.781702
0.782251
0.782800
0.783347
0.783892
0.784437
0.784980
0.785521
0.786062
0.786601
0.787139
0.787675
0.788211
0.788745
0.789277
0.789809
0.790339
0.790868
0.791396
0.791922
0.792447
0.792971
0.793494
0.794015
0.794536
0.795055
0.795573
0.796089
0.796605
0.797119
0.797632
0.798144
0.798654
0.799164
0.799672
0.800179
0.800685
0.801190
0.801693
0.802195
0.802697
0.803197
0.803696
0.804194
0.804690
0.805186
0.805680
0.806174
0.806666
0.807157
0.807647
0.808136
0.808623
0.809110
0.809596
0.810080
0.810564
0.811046
0.811527
0.812007
0.812486
0.812965
0.813442
0.813917
0.814392
0.814866
0.815339
0.815811
0.816282
0.816752
0.817220
0.817688
0.818155
0.818621
0.819085
0.819549
0.820012
0.820474
0.820934
0.821394
0.821853
0.822311
0.822768
0.823224
0.823679
0.824133
0.824586
0.825038
0.825490
0.825940
0.826390
0.826838
0.827286
0.827732
0.828178
0.828623
0.829067
0.829510
0.829953
0.830394
0.830835
0.831274
0.831713
0.832151
0.832588
0.833024
0.833460
0.833894
0.834328
0.834761
0.835193
0.835624
0.836055
0.836485
0.836914
0.837342
0.837769
0.838195
0.838621
0.839046
0.839470
0.839894
