0.117094
0.192608
0.218608
0.231148
0.240135
0.248170
0.256123
0.264647
0.275173
0.279830
0.281844
0.283844
0.285836
0.287822
0.289802
0.291775
0.293741
0.295701
0.297655
0.299602
0.301544
0.303479
0.305409
0.307332
0.309250
0.311162
0.313069
0.314970
0.316865
0.318756
0.320640
0.322519
0.324393
0.326262
0.328125
0.329983
0.331836
0.333684
0.335527
0.337425
0.339131
0.340814
0.342490
0.344161
0.345827
0.347490
0.349148
0.350802
0.352451
0.354097
0.355738
0.357375
0.359008
0.360637
0.362261
0.363881
0.365498
0.367110
0.368718
0.370321
0.371921
0.373517
0.375108
0.376696
0.378279
0.379859
0.381434
0.383005
0.384573
0.386136
0.387695
0.389251
0.390802
0.392349
0.393893
0.395432
0.396968
0.398499
0.400027
0.401551
0.403071
0.404587
0.406099
0.407607
0.409112
0.410612
0.412109
0.413602
0.415091
0.416576
0.418057
0.419535
0.421009
0.422479
0.423946
0.425408
0.426867
0.428322
0.429774
0.431221
0.432665
0.434106
0.435542
0.436975
0.438405
0.439830
0.441252
0.442671
0.444085
0.445497
0.446904
0.448308
0.449708
0.451105
0.452498
0.453888
0.455274
0.456657
0.458036
0.459411
0.460783
0.462152
0.463517
0.464878
0.466236
0.467591
0.468942
0.470289
0.471633
0.472974
0.474312
0.475645
0.476976
0.478303
0.479627
0.480947
0.482264
0.483578
0.484888
0.486195
0.487498
0.488799
0.490095
0.491389
0.492679
0.493966
0.495250
0.496530
0.497808
0.499081
0.500352
0.501619
0.502884
0.504145
0.505402
0.506657
0.507908
0.509156
0.510401
0.511643
0.512881
0.514117
0.515349
0.516578
0.517804
0.519027
0.520247
0.521463
0.522677
0.523887
0.525095
0.526299
0.527500
0.528698
0.529893
0.531085
0.532274
0.533460
0.534643
0.535823
0.537000
0.538173
0.539344
0.540512
0.541677
0.542839
0.543998
0.545154
0.546307
0.547457
0.548604
0.549749
0.550890
0.552028
0.553164
0.554296
0.555426
0.556553
0.557677
0.558798
0.559916
0.561032
0.562144
0.563254
0.564361
0.565465
0.566566
0.567664
0.568760
0.569853
0.570943
0.572030
0.573115
0.574196
0.575275
0.576352
0.577425
0.578496
0.579564
0.580629
0.581692
0.582752
0.583809
0.584863
0.585915
0.586964
0.588010
0.589054
0.590095
0.591134
0.592170
0.593203
0.594233
0.595261
0.596286
0.597309
0.598329
0.599346
0.600361
0.601374
0.602383
0.603390
0.604395
0.605397
0.606396
0.607393
0.608388
0.609379
0.610369
0.611355
0.612340
0.613321
0.614301
0.615277
0.616252
0.617223
0.618193
0.619159
0.620124
0.621086
0.622045
0.623002
0.623957
0.624909
0.625859
0.626806
0.627751
0.628693
0.629633
0.630571
0.631506
0.632439
0.633370
0.634298
0.635224
0.636147
0.637068
0.637987
0.638903
0.639817
0.640729
0.641638
0.642545
0.643450
0.644353
0.645253
0.646151
0.647046
0.647940
0.648831
0.649719
0.650606
0.651490
0.652372
0.653252
0.654129
0.655005
0.655878
0.656749
0.657617
0.658484
0.659348
0.660210
0.661070
0.661927
0.662783
0.663636
0.664487
0.665336
0.666183
0.667027
0.667870
0.668710
0.669548
0.670384
0.671218
0.672050
0.672879
0.673707
0.674532
0.675356
0.676177
0.676996
0.677813
0.678628
0.679441
0.680252
0.681061
0.681867
0.682672
0.683475
0.684275
0.685074
0.685870
0.686665
0.687457
0.688247
0.689036
0.689822
0.690607
0.691389
0.692170
0.692948
0.693724
0.694499
0.695271
0.696042
0.696811
0.697577
0.698342
0.699105
0.699865
0.700624
0.701381
0.702136
0.702889
0.703640
0.704390
0.705137
0.705882
0.706626
0.707368
0.708107
0.708845
0.709581
0.710315
0.711048
0.711778
0.712506
0.713233
0.713958
0.714681
0.715402
0.716121
0.716839
0.717555
0.718268
0.718981
0.719691
0.720399
0.721106
0.721811
0.722514
0.723215
0.723914
0.724612
0.725308
0.726002
0.726694
0.727385
0.728074
0.728761
0.729446
0.730130
0.730812
0.731492
0.732170
0.732847
0.733522
0.734195
0.734867
0.735536
0.736204
0.736871
0.737536
0.738199
0.738860
0.739520
0.740178
0.740834
0.741488
0.742141
0.742793
0.743442
0.744090
0.744737
0.745381
0.746025
0.746666
0.747306
0.747944
0.748581
0.749215
0.749849
0.750481
0.751111
0.751739
0.752366
0.752991
0.753615
0.754237
0.754858
0.755477
0.756094
0.756710
0.757324
0.757937
0.758548
0.759158
0.759766
0.760372
0.760977
0.761581
0.762182
0.762783
0.763382
0.763979
0.764575
0.765169
0.765762
0.766353
0.766943
0.767531
0.768118
0.768703
0.769287
0.769869
0.770450
0.771029
0.771607
0.772184
0.772759
0.773332
0.773904
0.774475
0.775044
0.775611
0.776178
0.776742
0.777306
0.777868
0.778428
0.778987
0.779545
0.780101
0.780656
0.781209
0.781761
0.782312
0.782861
0.783409
0.783955
0.784500
0.785044
0.785586
0.786127
0.786667
0.787205
0.787741
0.788277
0.788811
0.789344
0.789875
0.790405
0.790934
0.791461
0.791987
0.792511
0.793035
0.793557
0.794077
0.794596
0.795114
0.795631
0.796146
0.796661
0.797173
0.797685
0.798195
0.798704
0.799211
0.799717
0.800222
0.800726
0.801229
0.801730
0.802230
0.802728
0.803225
0.803721
0.804216
0.804710
0.805202
0.805693
0.806183
0.806671
0.807159
0.807645
0.808130
0.808613
0.809096
0.809577
0.810057
0.810535
0.811013
0.811489
0.811964
0.812438
0.812911
0.813382
0.813852
0.814322
0.814789
0.815256
0.815722
0.816186
0.816649
0.817111
0.817572
0.818031
0.818490
0.818947
0.819403
0.819858
0.820312
0.820765
0.821216
0.821667
0.822116
0.822564
0.823011
0.823457
0.823901
0.824345
0.824787
0.825228
0.825669
0.826108
0.826546
0.826982
0.827418
0.827853
0.828286
0.828719
0.829150
0.829580
0.830009
0.830437
0.830864
0.831290
0.831715
0.832139
0.832561
0.832983
0.833403
0.833823
0.834241
0.834658
0.835074
0.835490
0.835904
0.836317
0.836729
0.837140
0.837550
0.837959
0.838366
0.838773
0.839179
0.839584
