0.149757
0.201733
0.218911
0.228803
0.236931
0.244609
0.252342
0.260665
0.270939
0.275525
0.277554
0.279569
0.281577
0.283578
0.285573
0.287561
0.289543
0.291518
0.293487
0.295450
0.297407
0.299357
0.301302
0.303241
0.305174
0.307102
0.309023
0.310940
0.312850
0.314756
0.316655
0.318550
0.320439
0.322322
0.324201
0.326074
0.327941
0.329804
0.331661
0.333575
0.335295
0.336992
0.338682
0.340366
0.342046
0.343722
0.345394
0.347061
0.348724
0.350383
0.352038
0.353688
0.355335
0.356977
0.358614
0.360248
0.361877
0.363503
0.365124
0.366741
0.368354
0.369963
0.371567
0.373168
0.374764
0.376357
0.377945
0.379529
0.381110
0.382686
0.384258
0.385826
0.387390
0.388950
0.390506
0.392058
0.393607
0.395151
0.396691
0.398227
0.399760
0.401288
0.402813
0.404333
0.405850
0.407363
0.408872
0.410377
0.411879
0.413376
0.414870
0.416360
0.417846
0.419328
0.420806
0.422281
0.423752
0.425219
0.426682
0.428142
0.429598
0.431050
0.432498
0.433943
0.435384
0.436821
0.438255
0.439685
0.441111
0.442534
0.443953
0.445368
0.446780
0.448188
0.449593
0.450994
0.452391
0.453785
0.455175
0.456562
0.457945
0.459325
0.460701
0.462074
0.463443
0.464808
0.466170
0.467529
0.468884
0.470236
0.471584
0.472929
0.474270
0.475608
0.476943
0.478274
0.479601
0.480926
0.482247
0.483564
0.484878
0.486189
0.487497
0.488801
0.490101
0.491399
0.492693
0.493984
0.495271
0.496556
0.497837
0.499114
0.500389
0.501660
0.502928
0.504192
0.505454
0.506712
0.507967
0.509219
0.510468
0.511713
0.512955
0.514194
0.515430
0.516663
0.517893
0.519119
0.520342
0.521563
0.522780
0.523994
0.525205
0.526412
0.527617
0.528819
0.530017
0.531213
0.532405
0.533595
0.534781
0.535964
0.537145
0.538322
0.539496
0.540667
0.541836
0.543001
0.544163
0.545323
0.546479
0.547633
0.548783
0.549931
0.551076
0.552217
0.553356
0.554492
0.555625
0.556755
0.557882
0.559007
0.560128
0.561247
0.562363
0.563476
0.564586
0.565693
0.566797
0.567899
0.568998
0.570094
0.571187
0.572278
0.573365
0.574450
0.575532
0.576611
0.577688
0.578762
0.579833
0.580901
0.581967
0.583030
0.584090
0.585148
0.586202
0.587255
0.588304
0.589351
0.590395
0.591436
0.592475
0.593511
0.594545
0.595576
0.596604
0.597629
0.598652
0.599673
0.600690
0.601706
0.602718
0.603728
0.604736
0.605740
0.606743
0.607742
0.608740
0.609734
0.610726
0.611716
0.612703
0.613688
0.614670
0.615649
0.616626
0.617601
0.618573
0.619542
0.620510
0.621474
0.622436
0.623396
0.624353
0.625308
0.626261
0.627211
0.628158
0.629103
0.630046
0.630986
0.631924
0.632860
0.633793
0.634724
0.635652
0.636578
0.637502
0.638423
0.639342
0.640259
0.641173
0.642085
0.642995
0.643902
0.644807
0.645710
0.646610
0.647509
0.648404
0.649298
0.650189
0.651078
0.651965
0.652849
0.653732
0.654612
0.655489
0.656365
0.657238
0.658109
0.658978
0.659845
0.660709
0.661571
0.662431
0.663289
0.664145
0.664998
0.665850
0.666699
0.667546
0.668391
0.669233
0.670074
0.670912
0.671748
0.672582
0.673414
0.674244
0.675072
0.675898
0.676721
0.677543
0.678362
0.679179
0.679994
0.680807
0.681618
0.682427
0.683234
0.684039
0.684842
0.685643
0.686441
0.687238
0.688033
0.688825
0.689616
0.690405
0.691191
0.691976
0.692758
0.693539
0.694318
0.695094
0.695869
0.696642
0.697412
0.698181
0.698948
0.699713
0.700476
0.701237
0.701996
0.702753
0.703508
0.704261
0.705012
0.705762
0.706509
0.707255
0.707999
0.708740
0.709480
0.710218
0.710955
0.711689
0.712421
0.713152
0.713881
0.714607
0.715332
0.716056
0.716777
0.717496
0.718214
0.718930
0.719644
0.720356
0.721066
0.721775
0.722482
0.723187
0.723890
0.724591
0.725291
0.725989
0.726685
0.727379
0.728071
0.728762
0.729451
0.730138
0.730824
0.731508
0.732189
0.732870
0.733548
0.734225
0.734900
0.735574
0.736245
0.736915
0.737583
0.738250
0.738915
0.739578
0.740239
0.740899
0.741557
0.742214
0.742868
0.743522
0.744173
0.744823
0.745471
0.746117
0.746762
0.747405
0.748047
0.748687
0.749325
0.749962
0.750597
0.751230
0.751862
0.752492
0.753121
0.753748
0.754373
0.754997
0.755620
0.756240
0.756859
0.757477
0.758093
0.758707
0.759320
0.759931
0.760541
0.761149
0.761756
0.762361
0.762964
0.763566
0.764167
0.764766
0.765363
0.765959
0.766553
0.767146
0.767738
0.768327
0.768916
0.769503
0.770088
0.770672
0.771254
0.771835
0.772415
0.772993
0.773569
0.774144
0.774718
0.775290
0.775860
0.776430
0.776997
0.777564
0.778129
0.778692
0.779254
0.779815
0.780374
0.780932
0.781488
0.782043
0.782596
0.783148
0.783699
0.784248
0.784796
0.785343
0.785888
0.786431
0.786974
0.787515
0.788054
0.788593
0.789129
0.789665
0.790199
0.790732
0.791263
0.791793
0.792322
0.792849
0.793375
0.793900
0.794423
0.794945
0.795466
0.795985
0.796504
0.797020
0.797536
0.798050
0.798563
0.799074
0.799584
0.800093
0.800601
0.801107
0.801612
0.802116
0.802618
0.803120
0.803620
0.804118
0.804616
0.805112
0.805607
0.806100
0.806593
0.807084
0.807574
0.808062
0.808550
0.809036
0.809521
0.810004
0.810487
0.810968
0.811448
0.811927
0.812404
0.812881
0.813356
0.813830
0.814302
0.814774
0.815244
0.815713
0.816181
0.816648
0.817114
0.817578
0.818041
0.818503
0.818964
0.819424
0.819882
0.820339
0.820796
0.821251
0.821705
0.822157
0.822609
0.823059
0.823509
0.823957
0.824404
0.824850
0.825294
0.825738
0.826180
0.826622
0.827062
0.827501
0.827939
0.828376
0.828812
0.829246
0.829680
0.830112
0.830544
0.830974
0.831403
0.831831
0.832258
0.832684
0.833109
0.833533
0.833955
0.834377
0.834797
0.835217
0.835635
0.836053
0.836469
0.836884
0.837298
0.837711
0.838123
0.838534
0.838944
0.839353
0.839761
