0.165431
0.227154
0.248724
0.263208
0.267034
0.269444
0.271621
0.273718
0.275784
0.277835
0.279878
0.281912
0.283940
0.285961
0.287975
0.289983
0.291984
0.293979
0.295968
0.297951
0.299928
0.301899
0.303864
0.305823
0.307776
0.309723
0.311665
0.313600
0.315531
0.317455
0.319374
0.321288
0.323196
0.325098
0.326995
0.328886
0.330772
0.332653
0.334528
0.336463
0.338207
0.339925
0.341635
0.343339
0.345039
0.346734
0.348425
0.350111
0.351793
0.353470
0.355142
0.356811
0.358475
0.360134
0.361789
0.363440
0.365086
0.366728
0.368365
0.369999
0.371628
0.373252
0.374872
0.376488
0.378100
0.379707
0.381310
0.382909
0.384504
0.386094
0.387680
0.389262
0.390840
0.392414
0.393983
0.395548
0.397109
0.398666
0.400219
0.401768
0.403313
0.404853
0.406390
0.407922
0.409450
0.410975
0.412495
0.414011
0.415523
0.417032
0.418536
0.420036
0.421532
0.423025
0.424513
0.425998
0.427478
0.428955
0.430428
0.431896
0.433361
0.434822
0.436280
0.437733
0.439183
0.440628
0.442070
0.443508
0.444943
0.446373
0.447800
0.449223
0.450642
0.452058
0.453470
0.454878
0.456282
0.457683
0.459080
0.460473
0.461863
0.463248
0.464631
0.466009
0.467385
0.468756
0.470124
0.471488
0.472849
0.474206
0.475559
0.476909
0.478256
0.479598
0.480938
0.482273
0.483606
0.484935
0.486260
0.487582
0.488900
0.490215
0.491526
0.492834
0.494139
0.495440
0.496738
0.498032
0.499323
0.500611
0.501895
0.503175
0.504453
0.505727
0.506998
0.508265
0.509529
0.510790
0.512047
0.513302
0.514552
0.515800
0.517044
0.518286
0.519523
0.520758
0.521989
0.523217
0.524442
0.525664
0.526883
0.528098
0.529310
0.530519
0.531725
0.532928
0.534127
0.535324
0.536517
0.537707
0.538894
0.540078
0.541259
0.542436
0.543611
0.544783
0.545951
0.547117
0.548279
0.549439
0.550595
0.551748
0.552899
0.554046
0.555190
0.556332
0.557470
0.558605
0.559738
0.560867
0.561994
0.563118
0.564238
0.565356
0.566471
0.567583
0.568692
0.569798
0.570901
0.572002
0.573099
0.574194
0.575286
0.576375
0.577461
0.578544
0.579624
0.580702
0.581777
0.582849
0.583918
0.584985
0.586048
0.587109
0.588168
0.589223
0.590276
0.591326
0.592373
0.593417
0.594459
0.595498
0.596534
0.597568
0.598599
0.599627
0.600653
0.601676
0.602696
0.603714
0.604729
0.605741
0.606751
0.607758
0.608762
0.609764
0.610763
0.611760
0.612754
0.613745
0.614734
0.615721
0.616704
0.617686
0.618664
0.619640
0.620614
0.621585
0.622554
0.623520
0.624483
0.625444
0.626403
0.627359
0.628312
0.629264
0.630212
0.631158
0.632102
0.633043
0.633982
0.634918
0.635852
0.636784
0.637713
0.638640
0.639564
0.640486
0.641406
0.642323
0.643237
0.644150
0.645060
0.645968
0.646873
0.647776
0.648676
0.649575
0.650471
0.651364
0.652256
0.653145
0.654031
0.654916
0.655798
0.656678
0.657555
0.658431
0.659304
0.660175
0.661043
0.661909
0.662773
0.663635
0.664495
0.665352
0.666207
0.667060
0.667911
0.668759
0.669606
0.670450
0.671292
0.672132
0.672969
0.673805
0.674638
0.675469
0.676298
0.677125
0.677949
0.678772
0.679592
0.680411
0.681227
0.682041
0.682853
0.683663
0.684471
0.685276
0.686080
0.686881
0.687681
0.688478
0.689274
0.690067
0.690858
0.691647
0.692435
0.693220
0.694003
0.694784
0.695563
0.696340
0.697115
0.697888
0.698659
0.699428
0.700195
0.700960
0.701723
0.702485
0.703244
0.704001
0.704756
0.705510
0.706261
0.707010
0.707758
0.708503
0.709247
0.709989
0.710729
0.711467
0.712203
0.712937
0.713669
0.714399
0.715128
0.715854
0.716579
0.717302
0.718023
0.718742
0.719459
0.720175
0.720888
0.721600
0.722310
0.723018
0.723724
0.724429
0.725131
0.725832
0.726531
0.727228
0.727924
0.728617
0.729309
0.729999
0.730687
0.731374
0.732059
0.732741
0.733423
0.734102
0.734780
0.735456
0.736130
0.736802
0.737473
0.738142
0.738809
0.739475
0.740139
0.740801
0.741462
0.742120
0.742777
0.743433
0.744086
0.744738
0.745389
0.746037
0.746684
0.747330
0.747973
0.748615
0.749256
0.749894
0.750531
0.751167
0.751801
0.752433
0.753063
0.753692
0.754319
0.754945
0.755569
0.756192
0.756813
0.757432
0.758049
0.758666
0.759280
0.759893
0.760504
0.761114
0.761722
0.762329
0.762934
0.763538
0.764140
0.764740
0.765339
0.765936
0.766532
0.767126
0.767719
0.768310
0.768900
0.769488
0.770075
0.770660
0.771244
0.771826
0.772407
0.772986
0.773564
0.774140
0.774715
0.775288
0.775860
0.776430
0.776999
0.777566
0.778132
0.778697
0.779260
0.779821
0.780382
0.780940
0.781498
0.782053
0.782608
0.783161
0.783713
0.784263
0.784811
0.785359
0.785905
0.786449
0.786992
0.787534
0.788075
0.788614
0.789151
0.789687
0.790222
0.790756
0.791288
0.791819
0.792348
0.792876
0.793403
0.793928
0.794452
0.794975
0.795496
0.796016
0.796534
0.797052
0.797568
0.798082
0.798596
0.799108
0.799618
0.800128
0.800636
0.801143
0.801648
0.802152
0.802655
0.803157
0.803657
0.804156
0.804654
0.805150
0.805646
0.806139
0.806632
0.807124
0.807614
0.808103
0.808590
0.809077
0.809562
0.810046
0.810528
0.811010
0.811490
0.811969
0.812447
0.812923
0.813398
0.813873
0.814345
0.814817
0.815288
0.815757
0.816225
0.816692
0.817157
0.817622
0.818085
0.818547
0.819008
0.819468
0.819926
0.820384
0.820840
0.821295
0.821749
0.822201
0.822653
0.823103
0.823552
0.824001
0.824447
0.824893
0.825338
0.825781
0.826224
0.826665
0.827105
0.827544
0.827982
0.828419
0.828854
0.829289
0.829722
0.830155
0.830586
0.831016
0.831445
0.831873
0.832299
0.832725
0.833150
0.833573
0.833996
0.834417
0.834837
0.835257
0.835675
0.836092
0.836508
0.836923
0.837337
0.837749
0.838161
0.838572
0.838982
0.839390
0.839798
0.840204
0.840610
0.841014
0.841418
0.841820
