0.040826
0.105192
0.142203
0.161489
0.174820
0.186235
0.196770
0.206692
0.216097
0.225053
0.233614
0.241844
0.249814
0.257601
0.265280
0.272956
0.280880
0.289703
0.299152
0.303520
0.305535
0.307454
0.309367
0.311273
0.313173
0.315066
0.316953
0.318833
0.320708
0.322577
0.324440
0.326297
0.328148
0.329994
0.331835
0.333670
0.335500
0.337325
0.339144
0.341006
0.342674
0.344330
0.345983
0.347630
0.349274
0.350913
0.352548
0.354179
0.355806
0.357429
0.359047
0.360661
0.362272
0.363878
0.365480
0.367078
0.368672
0.370262
0.371848
0.373429
0.375007
0.376581
0.378151
0.379717
0.381279
0.382836
0.384390
0.385940
0.387486
0.389029
0.390567
0.392101
0.393631
0.395158
0.396681
0.398199
0.399714
0.401225
0.402733
0.404236
0.405736
0.407231
0.408723
0.410212
0.411696
0.413177
0.414654
0.416127
0.417596
0.419062
0.420524
0.421982
0.423436
0.424887
0.426334
0.427778
0.429218
0.430654
0.432086
0.433515
0.434941
0.436362
0.437780
0.439195
0.440605
0.442013
0.443416
0.444817
0.446213
0.447606
0.448996
0.450381
0.451764
0.453143
0.454518
0.455890
0.457259
0.458624
0.459985
0.461343
0.462698
0.464049
0.465397
0.466741
0.468082
0.469419
0.470754
0.472084
0.473412
0.474736
0.476056
0.477373
0.478687
0.479998
0.481305
0.482609
0.483910
0.485207
0.486501
0.487792
0.489079
0.490364
0.491645
0.492922
0.494197
0.495468
0.496736
0.498001
0.499262
0.500521
0.501776
0.503028
0.504277
0.505523
0.506765
0.508005
0.509241
0.510474
0.511704
0.512931
0.514154
0.515375
0.516593
0.517807
0.519019
0.520227
0.521432
0.522634
0.523833
0.525030
0.526223
0.527413
0.528600
0.529784
0.530965
0.532143
0.533318
0.534490
0.535659
0.536826
0.537989
0.539149
0.540306
0.541461
0.542612
0.543761
0.544907
0.546049
0.547189
0.548326
0.549460
0.550592
0.551720
0.552846
0.553968
0.555088
0.556205
0.557320
0.558431
0.559540
0.560646
0.561749
0.562849
0.563946
0.565041
0.566133
0.567222
0.568309
0.569392
0.570473
0.571552
0.572627
0.573700
0.574770
0.575837
0.576902
0.577964
0.579024
0.580080
0.581134
0.582186
0.583235
0.584281
0.585324
0.586365
0.587403
0.588439
0.589472
0.590502
0.591530
0.592556
0.593578
0.594599
0.595616
0.596631
0.597644
0.598654
0.599661
0.600666
0.601668
0.602668
0.603666
0.604661
0.605653
0.606643
0.607630
0.608615
0.609598
0.610578
0.611556
0.612531
0.613504
0.614474
0.615442
0.616408
0.617371
0.618331
0.619290
0.620246
0.621199
0.622150
0.623099
0.624046
0.624990
0.625932
0.626871
0.627808
0.628743
0.629676
0.630606
0.631534
0.632460
0.633383
0.634304
0.635223
0.636139
0.637054
0.637966
0.638876
0.639783
0.640688
0.641592
0.642493
0.643391
0.644288
0.645182
0.646074
0.646964
0.647852
0.648737
0.649621
0.650502
0.651381
0.652258
0.653133
0.654006
0.654876
0.655745
0.656611
0.657476
0.658338
0.659198
0.660056
0.660912
0.661766
0.662618
0.663468
0.664315
0.665161
0.666005
0.666847
0.667686
0.668524
0.669360
0.670193
0.671025
0.671855
0.672682
0.673508
0.674332
0.675154
0.675974
0.676792
0.677608
0.678422
0.679234
0.680045
0.680853
0.681659
0.682464
0.683267
0.684068
0.684867
0.685664
0.686459
0.687253
0.688044
0.688834
0.689622
0.690408
0.691193
0.691975
0.692756
0.693535
0.694312
0.695087
0.695861
0.696633
0.697403
0.698171
0.698938
0.699703
0.700466
0.701228
0.701987
0.702745
0.703502
0.704256
0.705009
0.705761
0.706510
0.707258
0.708005
0.708749
0.709493
0.710234
0.710974
0.711712
0.712449
0.713184
0.713917
0.714649
0.715379
0.716108
0.716835
0.717561
0.718285
0.719007
0.719728
0.720448
0.721166
0.721882
0.722597
0.723311
0.724023
0.724733
0.725442
0.726150
0.726856
0.727561
0.728264
0.728966
0.729666
0.730365
0.731063
0.731759
0.732454
0.733147
0.733839
0.734530
0.735219
0.735907
0.736594
0.737279
0.737963
0.738646
0.739327
0.740007
0.740686
0.741363
0.742039
0.742714
0.743388
0.744060
0.744731
0.745401
0.746070
0.746737
0.747404
0.748069
0.748733
0.749395
0.750057
0.750717
0.751376
0.752034
0.752691
0.753347
0.754001
0.754655
0.755307
0.755959
0.756609
0.757258
0.757906
0.758553
0.759198
0.759843
0.760487
0.761130
0.761771
0.762412
0.763052
0.763690
0.764328
0.764965
0.765601
0.766235
0.766869
0.767502
0.768134
0.768765
0.769395
0.770024
0.770652
0.771279
0.771906
0.772531
0.773156
0.773780
0.774403
0.775025
0.775646
0.776267
0.776886
0.777505
0.778123
0.778740
0.779357
0.779972
0.780587
0.781201
0.781814
0.782427
0.783039
0.783650
0.784261
0.784870
0.785479
0.786088
0.786695
0.787302
0.787909
0.788514
0.789119
0.789724
0.790327
0.790930
0.791533
0.792135
0.792736
0.793337
0.793937
0.794537
0.795136
0.795734
0.796332
0.796929
0.797526
0.798123
0.798718
0.799314
0.799908
0.800503
0.801097
0.801690
0.802283
0.802875
0.803468
0.804059
0.804650
0.805241
0.805831
0.806421
0.807011
0.807600
0.808189
0.808777
0.809365
0.809953
0.810540
0.811127
0.811714
0.812300
0.812886
0.813472
0.814057
0.814642
0.815227
0.815812
0.816396
0.816980
0.817564
0.818147
0.818731
0.819314
0.819896
0.820479
0.821061
0.821643
0.822225
0.822807
0.823389
0.823970
0.824551
0.825132
0.825713
0.826294
0.826874
0.827455
0.828035
0.828615
0.829195
0.829775
0.830355
0.830935
0.831514
0.832094
0.832673
0.833253
0.833832
0.834411
0.834990
0.835569
0.836148
0.836727
0.837306
0.837885
0.838463
0.839042
0.839621
0.840199
0.840778
0.841357
0.841935
0.842514
0.843092
0.843671
0.844250
0.844828
0.845407
0.845985
0.846564
0.847143
0.847721
0.848300
0.848878
0.849457
0.850036
0.850615
0.851193
0.851772
0.852351
0.852930
0.853509
0.854088
0.854667
0.855246
0.855825
0.856404
