0.071460
0.114020
0.134477
0.149590
0.162927
0.175231
0.186704
0.197434
0.207513
0.217032
0.226070
0.234692
0.242960
0.250945
0.258719
0.266360
0.273951
0.281675
0.289981
0.299519
0.305964
0.308335
0.310251
0.312155
0.314053
0.315944
0.317829
0.319707
0.321579
0.323446
0.325306
0.327161
0.329010
0.330853
0.332691
0.334523
0.336351
0.338172
0.339989
0.341847
0.343510
0.345164
0.346813
0.348458
0.350099
0.351735
0.353368
0.354996
0.356620
0.358240
0.359856
0.361467
0.363075
0.364678
0.366278
0.367873
0.369465
0.371052
0.372635
0.374215
0.375790
0.377361
0.378929
0.380492
0.382051
0.383607
0.385158
0.386706
0.388249
0.389789
0.391325
0.392857
0.394385
0.395909
0.397429
0.398946
0.400458
0.401967
0.403472
0.404973
0.406470
0.407964
0.409454
0.410939
0.412422
0.413900
0.415375
0.416845
0.418313
0.419776
0.421236
0.422692
0.424144
0.425593
0.427037
0.428479
0.429916
0.431350
0.432781
0.434207
0.435630
0.437050
0.438466
0.439878
0.441286
0.442691
0.444093
0.445491
0.446885
0.448276
0.449663
0.451047
0.452427
0.453804
0.455177
0.456547
0.457913
0.459276
0.460636
0.461992
0.463344
0.464693
0.466039
0.467381
0.468720
0.470055
0.471387
0.472716
0.474041
0.475363
0.476681
0.477996
0.479308
0.480617
0.481922
0.483224
0.484522
0.485817
0.487109
0.488398
0.489684
0.490966
0.492245
0.493520
0.494793
0.496062
0.497328
0.498590
0.499850
0.501106
0.502359
0.503609
0.504856
0.506100
0.507340
0.508578
0.509812
0.511043
0.512271
0.513496
0.514717
0.515936
0.517152
0.518364
0.519573
0.520780
0.521983
0.523183
0.524380
0.525574
0.526765
0.527953
0.529139
0.530321
0.531500
0.532676
0.533849
0.535019
0.536186
0.537350
0.538512
0.539670
0.540825
0.541978
0.543127
0.544274
0.545418
0.546558
0.547696
0.548831
0.549964
0.551093
0.552219
0.553343
0.554464
0.555582
0.556697
0.557809
0.558919
0.560025
0.561129
0.562230
0.563329
0.564424
0.565517
0.566607
0.567694
0.568779
0.569861
0.570940
0.572016
0.573090
0.574161
0.575229
0.576294
0.577357
0.578418
0.579475
0.580530
0.581582
0.582632
0.583679
0.584723
0.585764
0.586803
0.587840
0.588874
0.589905
0.590934
0.591960
0.592983
0.594004
0.595022
0.596038
0.597051
0.598062
0.599070
0.600076
0.601079
0.602080
0.603078
0.604074
0.605067
0.606057
0.607046
0.608031
0.609015
0.609995
0.610974
0.611950
0.612923
0.613894
0.614863
0.615829
0.616793
0.617755
0.618714
0.619670
0.620625
0.621577
0.622526
0.623474
0.624419
0.625361
0.626301
0.627239
0.628175
0.629108
0.630039
0.630968
0.631894
0.632818
0.633740
0.634660
0.635577
0.636492
0.637405
0.638316
0.639224
0.640130
0.641034
0.641936
0.642836
0.643733
0.644628
0.645521
0.646412
0.647301
0.648187
0.649071
0.649954
0.650834
0.651712
0.652588
0.653461
0.654333
0.655202
0.656070
0.656935
0.657798
0.658660
0.659519
0.660376
0.661231
0.662084
0.662935
0.663784
0.664631
0.665475
0.666318
0.667159
0.667998
0.668835
0.669670
0.670503
0.671334
0.672163
0.672990
0.673816
0.674639
0.675460
0.676280
0.677097
0.677913
0.678727
0.679539
0.680349
0.681157
0.681963
0.682767
0.683570
0.684371
0.685170
0.685967
0.686762
0.687556
0.688347
0.689137
0.689926
0.690712
0.691497
0.692279
0.693061
0.693840
0.694618
0.695394
0.696168
0.696940
0.697711
0.698480
0.699248
0.700013
0.700777
0.701540
0.702301
0.703060
0.703817
0.704573
0.705328
0.706080
0.706831
0.707581
0.708329
0.709075
0.709820
0.710563
0.711305
0.712045
0.712784
0.713521
0.714256
0.714990
0.715723
0.716454
0.717184
0.717912
0.718639
0.719364
0.720088
0.720810
0.721531
0.722251
0.722969
0.723686
0.724401
0.725115
0.725828
0.726539
0.727249
0.727957
0.728665
0.729371
0.730075
0.730778
0.731481
0.732181
0.732881
0.733579
0.734276
0.734972
0.735666
0.736360
0.737052
0.737742
0.738432
0.739121
0.739808
0.740494
0.741179
0.741863
0.742546
0.743227
0.743908
0.744587
0.745265
0.745943
0.746619
0.747294
0.747968
0.748641
0.749313
0.749984
0.750654
0.751323
0.751991
0.752658
0.753324
0.753989
0.754653
0.755316
0.755978
0.756639
0.757300
0.757959
0.758618
0.759276
0.759933
0.760589
0.761244
0.761899
0.762552
0.763205
0.763857
0.764508
0.765159
0.765808
0.766457
0.767106
0.767753
0.768400
0.769046
0.769691
0.770336
0.770980
0.771623
0.772266
0.772908
0.773550
0.774191
0.774831
0.775471
0.776110
0.776748
0.777386
0.778024
0.778660
0.779297
0.779933
0.780568
0.781203
0.781837
0.782471
0.783105
0.783738
0.784371
0.785003
0.785635
0.786266
0.786897
0.787528
0.788158
0.788788
0.789418
0.790047
0.790676
0.791305
0.791934
0.792562
0.793190
0.793817
0.794445
0.795072
0.795699
0.796326
0.796952
0.797579
0.798205
0.798831
0.799457
0.800082
0.800708
0.801334
0.801959
0.802584
0.803209
0.803835
0.804460
0.805085
0.805710
0.806335
0.806960
0.807585
0.808210
0.808835
0.809460
0.810085
0.810710
0.811335
0.811960
0.812585
0.813211
0.813836
0.814462
0.815087
0.815713
0.816339
0.816965
0.817591
0.818218
0.818844
0.819471
0.820098
0.820725
0.821352
0.821980
0.822608
0.823236
0.823864
0.824493
0.825121
0.825750
0.826380
0.827009
0.827639
0.828269
0.828900
0.829531
0.830162
0.830793
0.831425
0.832057
0.832690
0.833323
0.833956
0.834590
0.835224
0.835858
0.836493
0.837128
0.837763
0.838399
0.839035
0.839672
0.840309
0.840947
0.841585
0.842223
0.842862
0.843501
0.844141
0.844781
0.845422
0.846063
0.846704
0.847346
0.847988
0.848631
0.849274
0.849918
0.850562
0.851207
0.851852
0.852498
0.853144
0.853790
0.854437
0.855085
0.855732
0.856381
0.857029
0.857679
0.858328
0.858978
0.859629
0.860280
0.860931
0.861583
0.862236
0.862888
0.863542
