0.050055
0.105230
0.132414
0.148854
0.162284
0.174567
0.186065
0.196852
0.207001
0.216589
0.225692
0.234374
0.242700
0.250738
0.258565
0.266256
0.273897
0.281673
0.290036
0.299644
0.306145
0.308523
0.310437
0.312339
0.314234
0.316123
0.318006
0.319882
0.321752
0.323616
0.325474
0.327326
0.329173
0.331014
0.332849
0.334679
0.336504
0.338323
0.340138
0.341991
0.343651
0.345302
0.346948
0.348591
0.350229
0.351863
0.353493
0.355119
0.356740
0.358358
0.359971
0.361580
0.363185
0.364786
0.366383
0.367976
0.369565
0.371150
0.372730
0.374307
0.375880
0.377448
0.379013
0.380574
0.382131
0.383684
0.385233
0.386778
0.388319
0.389856
0.391389
0.392918
0.394444
0.395965
0.397483
0.398997
0.400507
0.402013
0.403515
0.405014
0.406509
0.408000
0.409487
0.410970
0.412450
0.413926
0.415398
0.416866
0.418331
0.419792
0.421249
0.422703
0.424152
0.425599
0.427041
0.428480
0.429915
0.431347
0.432774
0.434199
0.435619
0.437036
0.438450
0.439860
0.441266
0.442669
0.444068
0.445464
0.446856
0.448244
0.449629
0.451011
0.452389
0.453763
0.455134
0.456502
0.457866
0.459227
0.460584
0.461938
0.463288
0.464635
0.465978
0.467318
0.468655
0.469988
0.471318
0.472645
0.473968
0.475288
0.476605
0.477918
0.479228
0.480534
0.481837
0.483137
0.484434
0.485727
0.487017
0.488304
0.489588
0.490868
0.492145
0.493419
0.494690
0.495957
0.497222
0.498483
0.499741
0.500995
0.502247
0.503495
0.504740
0.505982
0.507221
0.508457
0.509690
0.510920
0.512146
0.513370
0.514590
0.515807
0.517021
0.518232
0.519441
0.520646
0.521848
0.523047
0.524243
0.525436
0.526626
0.527813
0.528997
0.530178
0.531356
0.532531
0.533703
0.534872
0.536039
0.537202
0.538363
0.539520
0.540675
0.541827
0.542976
0.544122
0.545265
0.546405
0.547542
0.548677
0.549809
0.550938
0.552064
0.553187
0.554308
0.555426
0.556541
0.557653
0.558762
0.559869
0.560973
0.562074
0.563173
0.564268
0.565361
0.566452
0.567539
0.568624
0.569707
0.570786
0.571863
0.572937
0.574009
0.575078
0.576144
0.577208
0.578269
0.579327
0.580383
0.581437
0.582487
0.583535
0.584581
0.585624
0.586664
0.587702
0.588738
0.589771
0.590801
0.591829
0.592854
0.593877
0.594897
0.595915
0.596931
0.597943
0.598954
0.599962
0.600968
0.601971
0.602972
0.603970
0.604966
0.605959
0.606951
0.607939
0.608926
0.609910
0.610892
0.611871
0.612848
0.613823
0.614795
0.615765
0.616733
0.617699
0.618662
0.619623
0.620581
0.621538
0.622492
0.623444
0.624394
0.625341
0.626286
0.627230
0.628170
0.629109
0.630046
0.630980
0.631912
0.632842
0.633770
0.634696
0.635619
0.636541
0.637460
0.638378
0.639293
0.640206
0.641117
0.642026
0.642933
0.643838
0.644741
0.645641
0.646540
0.647437
0.648332
0.649225
0.650115
0.651004
0.651891
0.652776
0.653659
0.654540
0.655419
0.656296
0.657172
0.658045
0.658917
0.659786
0.660654
0.661520
0.662384
0.663246
0.664107
0.664965
0.665822
0.666677
0.667530
0.668381
0.669231
0.670079
0.670925
0.671769
0.672612
0.673453
0.674292
0.675129
0.675965
0.676799
0.677631
0.678462
0.679291
0.680119
0.680944
0.681769
0.682591
0.683412
0.684231
0.685049
0.685865
0.686680
0.687493
0.688305
0.689115
0.689923
0.690730
0.691536
0.692340
0.693142
0.693943
0.694743
0.695541
0.696338
0.697133
0.697927
0.698719
0.699510
0.700300
0.701088
0.701875
0.702661
0.703445
0.704228
0.705010
0.705790
0.706569
0.707347
0.708123
0.708898
0.709672
0.710445
0.711217
0.711987
0.712756
0.713524
0.714291
0.715056
0.715821
0.716584
0.717346
0.718107
0.718867
0.719626
0.720383
0.721140
0.721895
0.722650
0.723403
0.724156
0.724907
0.725658
0.726407
0.727155
0.727903
0.728649
0.729395
0.730140
0.730883
0.731626
0.732368
0.733109
0.733849
0.734588
0.735327
0.736064
0.736801
0.737537
0.738272
0.739007
0.739740
0.740473
0.741205
0.741937
0.742667
0.743397
0.744126
0.744855
0.745583
0.746310
0.747036
0.747762
0.748487
0.749212
0.749936
0.750659
0.751382
0.752104
0.752826
0.753547
0.754268
0.754988
0.755708
0.756427
0.757145
0.757864
0.758581
0.759298
0.760015
0.760732
0.761448
0.762163
0.762878
0.763593
0.764308
0.765022
0.765736
0.766449
0.767162
0.767875
0.768588
0.769300
0.770012
0.770724
0.771435
0.772146
0.772857
0.773568
0.774279
0.774989
0.775699
0.776410
0.777119
0.777829
0.778539
0.779248
0.779958
0.780667
0.781376
0.782086
0.782795
0.783504
0.784213
0.784922
0.785631
0.786340
0.787049
0.787757
0.788466
0.789175
0.789884
0.790593
0.791303
0.792012
0.792721
0.793430
0.794140
0.794849
0.795559
0.796269
0.796978
0.797688
0.798399
0.799109
0.799819
0.800530
0.801241
0.801952
0.802663
0.803374
0.804086
0.804798
0.805510
0.806222
0.806934
0.807647
0.808360
0.809073
0.809787
0.810500
0.811215
0.811929
0.812643
0.813358
0.814073
0.814789
0.815505
0.816221
0.816937
0.817654
0.818371
0.819088
0.819806
0.820524
0.821242
0.821961
0.822680
0.823399
0.824119
0.824839
0.825559
0.826280
0.827001
0.827722
0.828444
0.829166
0.829889
0.830611
0.831335
0.832058
0.832782
0.833506
0.834231
0.834956
0.835681
0.836407
0.837133
0.837859
0.838585
0.839312
0.840040
0.840767
0.841495
0.842224
0.842952
0.843681
0.844410
0.845140
0.845870
0.846600
0.847330
0.848061
0.848792
0.849523
0.850254
0.850986
0.851718
0.852450
0.853183
0.853915
0.854648
0.855381
0.856114
0.856848
0.857581
0.858315
0.859049
0.859783
0.860517
0.861251
0.861986
0.862720
0.863455
0.864189
0.864924
0.865658
0.866393
0.867128
0.867863
0.868597
0.869332
0.870066
0.870801
0.871535
0.872270
0.873004
0.873738
0.874472
0.875206
0.875939
0.876673
0.877406
0.878139
0.878871
0.879604
0.880336
0.881068
0.881799
