0.048214
0.176588
0.258564
0.318158
0.364996
0.403732
0.436998
0.466391
0.492908
0.517207
0.539736
0.560790
0.580610
0.599395
0.617296
0.634425
0.650862
0.666692
0.681993
0.696828
0.711250
0.725311
0.739069
0.752588
0.765938
0.779218
0.792661
0.806812
0.821157
0.831860
0.839560
0.846670
0.853607
0.860375
0.866965
0.873365
0.879566
0.885560
0.891336
0.896423
0.901404
0.906491
0.911352
0.915976
0.920357
0.924492
0.928381
0.932024
0.935425
0.938587
0.941517
0.944222
0.946708
0.948985
0.951062
0.952950
0.954659
0.956200
0.957584
0.958823
0.959927
0.960907
0.961775
0.962539
0.963210
0.963798
0.964310
0.964754
0.965139
0.965471
0.965756
0.966001
0.966209
0.966387
0.966537
0.966664
0.966771
0.966862
0.966937
0.967000
0.967052
0.967096
0.967132
0.967161
0.967186
0.967206
0.967222
0.967236
0.967247
0.967256
0.967263
0.967269
0.967273
0.967277
0.967280
0.967282
0.967284
0.967286
0.967287
0.967288
0.967289
0.967289
0.967290
0.967290
0.967291
0.967291
0.967291
0.967291
0.967291
0.967291
0.967291
0.967291
0.967291
0.967291
0.967292
0.967292
0.967292
0.967292
0.967292
0.967292
0.967292
0.967292
0.967292
0.967292
0.967292
0.967292
0.967292
0.967292
0.967292
0.967292
0.967292
0.967292
0.967292
0.967292
0.967292
0.967292
0.967292
0.967292
0.967292
0.967292
0.967292
0.967292
0.967292
0.967292
0.967292
0.967292
0.967292
0.967292
0.967292
0.967292
0.967292
0.967292
0.967292
0.967292
0.967292
0.967292
0.967292
0.967292
0.967292
0.967292
0.967292
0.967292
0.967292
0.967292
0.967292
0.967292
0.967292
0.967292
0.967292
0.967292
0.967292
0.967292
0.967292
0.967292
0.967292
0.967292
0.967292
0.967292
0.967292
0.967292
0.967292
0.967292
0.967292
0.967292
0.967292
0.967292
0.967292
0.967292
0.967292
0.967292
0.967292
0.967292
0.967292
0.967292
0.967292
0.967292
0.967292
0.967292
0.967292
0.967292
0.967292
0.967292
0.967292
0.967292
0.967292
0.967292
0.967292
0.967292
0.967292
0.967292
0.967292
0.967292
0.967292
0.967292
0.967292
0.967292
0.967292
0.967292
0.967292
0.967292
0.967292
0.967292
0.967292
0.967292
0.967292
0.967292
0.967292
0.967292
0.967292
0.967292
0.967292
0.967292
0.967292
0.967292
0.967292
0.967292
0.967292
0.967292
0.967292
0.967292
0.967292
0.967292
0.967292
0.967292
0.967292
0.967292
0.967292
0.967292
0.967292
0.967292
0.967292
0.967292
0.967292
0.967292
0.967292
0.967292
0.967292
0.967292
0.967292
0.967292
0.967292
0.967292
0.967292
0.967292
0.967292
0.967292
0.967292
0.967292
0.967292
0.967292
0.967292
0.967292
0.967292
0.967292
0.967292
0.967292
0.967292
0.967292
0.967292
0.967292
0.967292
0.967292
0.967292
0.967292
0.967292
0.967292
0.967292
0.967292
0.967292
0.967292
0.967292
0.967292
0.967292
0.967292
0.967292
0.967292
0.967292
0.967292
0.967292
0.967292
0.967292
0.967292
0.967292
0.967292
0.967292
0.967292
0.967292
0.967292
0.967292
0.967292
0.967292
0.967292
0.967292
0.967292
0.967292
0.967292
0.967292
0.967292
0.967292
0.967292
0.967292
0.967292
0.967292
0.967292
0.967292
0.967292
0.967292
0.967292
0.967292
0.967292
0.967292
0.967292
0.967292
0.967292
0.967292
0.967292
0.967292
0.967292
0.967292
0.967292
0.967292
0.967292
0.967292
0.967292
0.967292
0.967292
0.967292
0.967292
0.967292
0.967292
0.967292
0.967292
0.967292
0.967292
0.967292
0.967292
0.967292
0.967292
0.967292
0.967292
0.967292
0.967292
0.967292
0.967292
0.967292
0.967292
0.967292
0.967292
0.967292
0.967292
0.967292
0.967292
0.967292
0.967292
0.967292
0.967292
0.967292
0.967292
0.967292
0.967292
0.967292
0.967292
0.967292
0.967292
0.967292
0.967292
0.967292
0.967292
0.967292
0.967292
0.967292
0.967292
0.967292
0.967292
0.967292
0.967292
0.967292
0.967292
0.967292
0.967292
0.967292
0.967292
0.967292
0.967292
0.967292
0.967292
0.967292
0.967292
0.967292
0.967292
0.967292
0.967292
0.967292
0.967292
0.967292
0.967292
0.967292
0.967292
0.967292
0.967292
0.967292
0.967292
0.967292
0.967292
0.967292
0.967292
0.967292
0.967292
0.967292
0.967292
0.967292
0.967292
0.967292
0.967292
0.967292
0.967292
0.967292
0.967292
0.967292
0.967292
0.967292
0.967292
0.967292
0.967292
0.967292
0.967292
0.967292
0.967292
0.967292
0.967292
0.967292
0.967292
0.967292
0.967292
0.967292
0.967292
0.967292
0.967292
0.967292
0.967292
0.967292
0.967292
0.967292
0.967292
0.967292
0.967292
0.967292
0.967292
0.967292
0.967292
0.967292
0.967292
0.967292
0.967292
0.967292
0.967292
0.967292
0.967292
0.967292
0.967292
0.967292
0.967292
0.967292
0.967292
0.967292
0.967292
0.967292
0.967292
0.967292
0.967292
0.967292
0.967292
0.967292
0.967292
0.967292
0.967292
0.967292
0.967292
0.967292
0.967292
0.967292
0.967292
0.967292
0.967292
0.967292
0.967292
0.967292
0.967292
0.967292
0.967292
0.967292
0.967292
0.967292
0.967292
0.967292
0.967292
0.967292
0.967292
0.967292
0.967292
0.967292
0.967292
0.967292
0.967292
0.967292
0.967292
0.967292
0.967292
0.967292
0.967292
0.967292
0.967292
0.967292
0.967292
0.967292
0.967292
0.967292
0.967292
0.967292
0.967292
0.967292
0.967292
0.967292
0.967292
0.967292
0.967292
0.967292
0.967292
0.967292
0.967292
0.967292
0.967292
0.967292
0.967292
0.967292
0.967292
0.967292
0.967292
0.967292
0.967292
0.967292
0.967292
0.967292
0.967292
0.967292
0.967292
0.967292
0.967292
0.967292
0.967292
0.967292
0.967292
0.967292
0.967292
0.967292
0.967292
0.967292
0.967292
0.967292
0.967292
0.967292
0.967292
0.967292
0.967292
0.967292
0.967292
0.967292
0.967292
0.967292
0.967292
0.967292
0.967292
0.967292
0.967292
0.967292
0.967292
0.967292
0.967292
0.967292
0.967292
