0.039148
0.109591
0.151389
0.172273
0.185581
0.196408
0.206247
0.215513
0.224337
0.232790
0.240937
0.248851
0.256608
0.264283
0.272018
0.280138
0.289522
0.297826
0.300714
0.302660
0.304589
0.306511
0.308427
0.310336
0.312239
0.314135
0.316026
0.317910
0.319788
0.321661
0.323528
0.325389
0.327245
0.329095
0.330940
0.332779
0.334613
0.336442
0.338266
0.340135
0.341810
0.343472
0.345128
0.346780
0.348428
0.350072
0.351711
0.353346
0.354977
0.356604
0.358227
0.359846
0.361460
0.363071
0.364677
0.366279
0.367877
0.369471
0.371061
0.372648
0.374230
0.375808
0.377381
0.378951
0.380517
0.382080
0.383638
0.385192
0.386742
0.388288
0.389830
0.391369
0.392903
0.394434
0.395961
0.397483
0.399002
0.400518
0.402029
0.403536
0.405040
0.406540
0.408036
0.409528
0.411016
0.412501
0.413982
0.415459
0.416932
0.418402
0.419868
0.421330
0.422788
0.424243
0.425694
0.427141
0.428585
0.430025
0.431462
0.432894
0.434323
0.435749
0.437171
0.438589
0.440004
0.441415
0.442822
0.444226
0.445626
0.447023
0.448416
0.449806
0.451192
0.452575
0.453954
0.455330
0.456702
0.458070
0.459436
0.460797
0.462156
0.463510
0.464862
0.466210
0.467554
0.468895
0.470233
0.471567
0.472898
0.474226
0.475550
0.476871
0.478188
0.479502
0.480813
0.482121
0.483425
0.484726
0.486023
0.487317
0.488608
0.489896
0.491180
0.492462
0.493739
0.495014
0.496285
0.497554
0.498819
0.500080
0.501339
0.502594
0.503846
0.505095
0.506341
0.507584
0.508823
0.510060
0.511293
0.512523
0.513750
0.514974
0.516195
0.517412
0.518627
0.519838
0.521047
0.522252
0.523454
0.524654
0.525850
0.527043
0.528233
0.529420
0.530604
0.531785
0.532963
0.534138
0.535311
0.536480
0.537646
0.538809
0.539969
0.541127
0.542281
0.543432
0.544581
0.545727
0.546869
0.548009
0.549146
0.550280
0.551411
0.552539
0.553665
0.554787
0.555907
0.557024
0.558138
0.559249
0.560358
0.561463
0.562566
0.563666
0.564763
0.565858
0.566949
0.568038
0.569124
0.570208
0.571288
0.572366
0.573441
0.574513
0.575583
0.576650
0.577714
0.578776
0.579835
0.580891
0.581945
0.582995
0.584044
0.585089
0.586132
0.587172
0.588210
0.589245
0.590277
0.591307
0.592334
0.593358
0.594380
0.595400
0.596416
0.597430
0.598442
0.599451
0.600457
0.601461
0.602463
0.603462
0.604458
0.605452
0.606443
0.607432
0.608418
0.609402
0.610383
0.611362
0.612338
0.613312
0.614283
0.615252
0.616219
0.617183
0.618144
0.619103
0.620060
0.621014
0.621966
0.622916
0.623863
0.624807
0.625750
0.626690
0.627627
0.628562
0.629495
0.630426
0.631354
0.632279
0.633203
0.634124
0.635043
0.635959
0.636873
0.637785
0.638694
0.639602
0.640507
0.641409
0.642310
0.643208
0.644103
0.644997
0.645888
0.646777
0.647664
0.648549
0.649431
0.650311
0.651189
0.652065
0.652938
0.653810
0.654679
0.655546
0.656410
0.657273
0.658133
0.658991
0.659847
0.660701
0.661553
0.662403
0.663250
0.664096
0.664939
0.665780
0.666619
0.667456
0.668291
0.669123
0.669954
0.670782
0.671609
0.672433
0.673256
0.674076
0.674894
0.675710
0.676524
0.677336
0.678146
0.678954
0.679760
0.680564
0.681366
0.682166
0.682964
0.683760
0.684554
0.685346
0.686136
0.686924
0.687710
0.688494
0.689277
0.690057
0.690835
0.691611
0.692386
0.693158
0.693929
0.694698
0.695464
0.696229
0.696992
0.697753
0.698512
0.699270
0.700025
0.700779
0.701530
0.702280
0.703028
0.703774
0.704518
0.705261
0.706002
0.706740
0.707477
0.708212
0.708946
0.709677
0.710407
0.711135
0.711861
0.712585
0.713308
0.714029
0.714748
0.715465
0.716181
0.716895
0.717607
0.718317
0.719026
0.719732
0.720437
0.721141
0.721843
0.722543
0.723241
0.723937
0.724632
0.725326
0.726017
0.726707
0.727395
0.728082
0.728767
0.729450
0.730131
0.730811
0.731490
0.732166
0.732841
0.733515
0.734187
0.734857
0.735525
0.736192
0.736858
0.737522
0.738184
0.738844
0.739503
0.740161
0.740817
0.741471
0.742124
0.742776
0.743425
0.744074
0.744720
0.745365
0.746009
0.746651
0.747292
0.747931
0.748569
0.749205
0.749840
0.750473
0.751104
0.751735
0.752364
0.752991
0.753617
0.754241
0.754864
0.755486
0.756106
0.756725
0.757342
0.757958
0.758572
0.759185
0.759797
0.760407
0.761016
0.761624
0.762230
0.762835
0.763438
0.764040
0.764641
0.765240
0.765838
0.766435
0.767030
0.767624
0.768217
0.768809
0.769399
0.769987
0.770575
0.771161
0.771746
0.772330
0.772912
0.773493
0.774073
0.774652
0.775229
0.775805
0.776380
0.776954
0.777526
0.778097
0.778667
0.779236
0.779803
0.780370
0.780935
0.781499
0.782061
0.782623
0.783183
0.783743
0.784301
0.784858
0.785414
0.785968
0.786522
0.787074
0.787625
0.788176
0.788725
0.789273
0.789819
0.790365
0.790910
0.791453
0.791996
0.792537
0.793078
0.793617
0.794155
0.794692
0.795228
0.795763
0.796298
0.796831
0.797363
0.797894
0.798424
0.798953
0.799481
0.800008
0.800534
0.801059
0.801583
0.802106
0.802628
0.803149
0.803670
0.804189
0.804708
0.805225
0.805742
0.806257
0.806772
0.807286
0.807799
0.808311
0.808822
0.809332
0.809842
0.810350
0.810858
0.811365
0.811871
0.812376
0.812880
0.813383
0.813886
0.814388
0.814889
0.815389
0.815888
0.816387
0.816885
0.817382
0.817878
0.818374
0.818868
0.819362
0.819856
0.820348
0.820840
0.821331
0.821821
0.822311
0.822799
0.823288
0.823775
0.824262
0.824748
0.825233
0.825718
0.826202
0.826685
0.827168
0.827650
0.828131
0.828612
0.829092
0.829572
0.830051
0.830529
0.831007
0.831484
0.831960
0.832436
0.832911
0.833386
0.833860
0.834334
0.834807
0.835279
0.835751
0.836222
0.836693
0.837163
0.837633
0.838102
0.838571
0.839039
0.839507
0.839974
0.840441
0.840907
0.841373
0.841838
0.842303
0.842767
0.843231
