0.052461
0.138424
0.180926
0.200422
0.212197
0.221505
0.229929
0.237957
0.245781
0.253499
0.261235
0.269265
0.278351
0.287817
0.291016
0.292990
0.294950
0.296903
0.298850
0.300790
0.302724
0.304652
0.306573
0.308488
0.310396
0.312299
0.314196
0.316088
0.317973
0.319853
0.321728
0.323597
0.325461
0.327319
0.329172
0.331020
0.332862
0.334700
0.336532
0.338415
0.340105
0.341776
0.343441
0.345102
0.346758
0.348410
0.350057
0.351701
0.353340
0.354975
0.356607
0.358233
0.359856
0.361475
0.363089
0.364700
0.366306
0.367908
0.369506
0.371100
0.372690
0.374276
0.375858
0.377436
0.379010
0.380580
0.382146
0.383708
0.385266
0.386820
0.388370
0.389916
0.391458
0.392997
0.394531
0.396062
0.397588
0.399111
0.400630
0.402145
0.403656
0.405164
0.406667
0.408167
0.409663
0.411155
0.412643
0.414127
0.415608
0.417085
0.418558
0.420028
0.421494
0.422956
0.424414
0.425869
0.427320
0.428767
0.430210
0.431650
0.433087
0.434519
0.435948
0.437373
0.438795
0.440213
0.441628
0.443039
0.444446
0.445850
0.447250
0.448647
0.450040
0.451429
0.452815
0.454198
0.455577
0.456952
0.458324
0.459693
0.461058
0.462419
0.463777
0.465132
0.466483
0.467831
0.469175
0.470516
0.471854
0.473188
0.474519
0.475846
0.477170
0.478491
0.479808
0.481122
0.482433
0.483740
0.485044
0.486345
0.487642
0.488936
0.490227
0.491514
0.492799
0.494080
0.495357
0.496632
0.497903
0.499171
0.500436
0.501697
0.502956
0.504211
0.505463
0.506712
0.507957
0.509200
0.510439
0.511675
0.512908
0.514138
0.515365
0.516589
0.517809
0.519027
0.520241
0.521453
0.522661
0.523866
0.525068
0.526267
0.527463
0.528656
0.529846
0.531033
0.532217
0.533398
0.534576
0.535751
0.536923
0.538092
0.539258
0.540421
0.541581
0.542738
0.543892
0.545043
0.546192
0.547337
0.548480
0.549619
0.550756
0.551890
0.553021
0.554149
0.555274
0.556396
0.557516
0.558633
0.559746
0.560857
0.561966
0.563071
0.564174
0.565273
0.566370
0.567465
0.568556
0.569645
0.570731
0.571814
0.572894
0.573972
0.575047
0.576119
0.577188
0.578255
0.579319
0.580381
0.581439
0.582495
0.583548
0.584599
0.585647
0.586692
0.587735
0.588775
0.589812
0.590847
0.591879
0.592908
0.593935
0.594960
0.595981
0.597000
0.598017
0.599031
0.600042
0.601051
0.602057
0.603061
0.604062
0.605060
0.606056
0.607050
0.608041
0.609029
0.610015
0.610998
0.611979
0.612958
0.613934
0.614907
0.615878
0.616847
0.617813
0.618777
0.619738
0.620697
0.621653
0.622607
0.623558
0.624507
0.625454
0.626398
0.627340
0.628280
0.629217
0.630151
0.631084
0.632014
0.632941
0.633867
0.634789
0.635710
0.636628
0.637544
0.638458
0.639369
0.640278
0.641184
0.642089
0.642991
0.643891
0.644788
0.645683
0.646576
0.647467
0.648355
0.649241
0.650125
0.651007
0.651886
0.652763
0.653638
0.654511
0.655382
0.656250
0.657116
0.657980
0.658842
0.659701
0.660559
0.661414
0.662267
0.663118
0.663966
0.664813
0.665657
0.666499
0.667339
0.668177
0.669013
0.669847
0.670678
0.671508
0.672335
0.673161
0.673984
0.674805
0.675624
0.676441
0.677256
0.678069
0.678879
0.679688
0.680495
0.681299
0.682102
0.682902
0.683701
0.684497
0.685291
0.686084
0.686874
0.687663
0.688449
0.689233
0.690016
0.690796
0.691575
0.692351
0.693126
0.693898
0.694669
0.695437
0.696204
0.696969
0.697731
0.698492
0.699251
0.700008
0.700763
0.701516
0.702268
0.703017
0.703764
0.704510
0.705253
0.705995
0.706735
0.707473
0.708209
0.708943
0.709676
0.710406
0.711135
0.711862
0.712587
0.713310
0.714031
0.714751
0.715468
0.716184
0.716898
0.717610
0.718321
0.719029
0.719736
0.720441
0.721144
0.721846
0.722545
0.723243
0.723939
0.724634
0.725326
0.726017
0.726706
0.727393
0.728079
0.728763
0.729445
0.730125
0.730804
0.731481
0.732156
0.732829
0.733501
0.734171
0.734840
0.735506
0.736171
0.736835
0.737496
0.738156
0.738814
0.739471
0.740126
0.740779
0.741431
0.742081
0.742729
0.743376
0.744021
0.744664
0.745306
0.745946
0.746584
0.747221
0.747857
0.748490
0.749122
0.749753
0.750382
0.751009
0.751634
0.752258
0.752881
0.753502
0.754121
0.754739
0.755355
0.755970
0.756583
0.757194
0.757804
0.758413
0.759020
0.759625
0.760229
0.760831
0.761432
0.762031
0.762629
0.763225
0.763819
0.764413
0.765004
0.765594
0.766183
0.766770
0.767356
0.767940
0.768523
0.769104
0.769684
0.770262
0.770839
0.771414
0.771988
0.772560
0.773131
0.773701
0.774269
0.774836
0.775401
0.775965
0.776527
0.777088
0.777648
0.778206
0.778762
0.779318
0.779871
0.780424
0.780975
0.781525
0.782073
0.782620
0.783165
0.783709
0.784252
0.784793
0.785333
0.785872
0.786409
0.786945
0.787480
0.788013
0.788545
0.789075
0.789604
0.790132
0.790658
0.791184
0.791707
0.792230
0.792751
0.793271
0.793789
0.794306
0.794822
0.795337
0.795850
0.796362
0.796873
0.797382
0.797890
0.798397
0.798902
0.799407
0.799910
0.800411
0.800912
0.801411
0.801909
0.802405
0.802901
0.803395
0.803888
0.804379
0.804870
0.805359
0.805847
0.806333
0.806819
0.807303
0.807786
0.808268
0.808748
0.809228
0.809706
0.810183
0.810658
0.811133
0.811606
0.812078
0.812549
0.813019
0.813487
0.813955
0.814421
0.814886
0.815350
0.815812
0.816274
0.816734
0.817193
0.817651
0.818108
0.818564
0.819018
0.819471
0.819924
0.820375
0.820825
0.821273
0.821721
0.822168
0.822613
0.823057
0.823501
0.823943
0.824384
0.824823
0.825262
0.825700
0.826136
0.826572
0.827006
0.827439
0.827871
0.828302
0.828732
0.829161
0.829589
0.830016
0.830441
0.830866
0.831289
0.831712
0.832133
0.832554
0.832973
0.833391
0.833808
0.834224
0.834639
0.835053
0.835466
0.835878
0.836289
0.836699
0.837108
0.837516
0.837922
0.838328
0.838733
