0.122610
0.211706
0.245987
0.265122
0.270440
0.273339
0.275671
0.277810
0.279879
0.281921
0.283948
0.285967
0.287978
0.289982
0.291979
0.293970
0.295955
0.297934
0.299906
0.301872
0.303833
0.305787
0.307736
0.309678
0.311615
0.313546
0.315472
0.317392
0.319306
0.321215
0.323118
0.325016
0.326908
0.328795
0.330676
0.332552
0.334423
0.336288
0.338148
0.340067
0.341796
0.343499
0.345195
0.346885
0.348571
0.350252
0.351928
0.353600
0.355268
0.356931
0.358590
0.360245
0.361895
0.363540
0.365182
0.366819
0.368452
0.370080
0.371704
0.373324
0.374940
0.376551
0.378158
0.379761
0.381360
0.382954
0.384544
0.386130
0.387712
0.389289
0.390863
0.392432
0.393997
0.395558
0.397115
0.398668
0.400217
0.401761
0.403302
0.404838
0.406371
0.407899
0.409424
0.410944
0.412460
0.413973
0.415481
0.416985
0.418486
0.419982
0.421475
0.422963
0.424448
0.425929
0.427406
0.428879
0.430348
0.431813
0.433275
0.434732
0.436186
0.437636
0.439082
0.440524
0.441963
0.443397
0.444828
0.446255
0.447679
0.449099
0.450514
0.451927
0.453335
0.454740
0.456141
0.457539
0.458933
0.460323
0.461709
0.463092
0.464471
0.465847
0.467219
0.468587
0.469952
0.471313
0.472671
0.474025
0.475376
0.476723
0.478066
0.479406
0.480743
0.482076
0.483405
0.484731
0.486054
0.487373
0.488688
0.490001
0.491309
0.492615
0.493916
0.495215
0.496510
0.497802
0.499090
0.500375
0.501657
0.502935
0.504210
0.505481
0.506750
0.508014
0.509276
0.510534
0.511789
0.513041
0.514290
0.515535
0.516777
0.518016
0.519251
0.520483
0.521712
0.522938
0.524161
0.525380
0.526597
0.527810
0.529020
0.530226
0.531430
0.532631
0.533828
0.535022
0.536213
0.537401
0.538586
0.539768
0.540947
0.542122
0.543295
0.544465
0.545631
0.546795
0.547955
0.549112
0.550267
0.551418
0.552567
0.553712
0.554854
0.555994
0.557130
0.558264
0.559394
0.560522
0.561647
0.562769
0.563887
0.565003
0.566116
0.567226
0.568334
0.569438
0.570540
0.571638
0.572734
0.573827
0.574917
0.576004
0.577089
0.578170
0.579249
0.580325
0.581398
0.582469
0.583536
0.584601
0.585663
0.586723
0.587779
0.588833
0.589884
0.590932
0.591978
0.593021
0.594061
0.595099
0.596134
0.597166
0.598195
0.599222
0.600246
0.601268
0.602286
0.603303
0.604316
0.605327
0.606335
0.607341
0.608344
0.609344
0.610342
0.611338
0.612330
0.613320
0.614308
0.615293
0.616275
0.617255
0.618233
0.619207
0.620180
0.621150
0.622117
0.623082
0.624044
0.625004
0.625961
0.626916
0.627868
0.628818
0.629765
0.630710
0.631653
0.632593
0.633530
0.634466
0.635398
0.636329
0.637257
0.638182
0.639106
0.640026
0.640945
0.641861
0.642774
0.643686
0.644595
0.645501
0.646405
0.647307
0.648207
0.649104
0.649999
0.650892
0.651782
0.652670
0.653556
0.654439
0.655320
0.656199
0.657075
0.657950
0.658822
0.659692
0.660559
0.661424
0.662288
0.663148
0.664007
0.664863
0.665718
0.666570
0.667419
0.668267
0.669112
0.669955
0.670796
0.671635
0.672472
0.673307
0.674139
0.674969
0.675797
0.676623
0.677447
0.678269
0.679088
0.679906
0.680721
0.681534
0.682345
0.683155
0.683962
0.684766
0.685569
0.686370
0.687169
0.687965
0.688760
0.689552
0.690343
0.691131
0.691918
0.692702
0.693484
0.694265
0.695043
0.695819
0.696593
0.697366
0.698136
0.698904
0.699671
0.700435
0.701198
0.701958
0.702716
0.703473
0.704228
0.704980
0.705731
0.706480
0.707227
0.707971
0.708714
0.709455
0.710195
0.710932
0.711667
0.712401
0.713132
0.713862
0.714590
0.715316
0.716040
0.716762
0.717482
0.718201
0.718918
0.719632
0.720345
0.721056
0.721766
0.722473
0.723179
0.723883
0.724585
0.725285
0.725983
0.726680
0.727375
0.728068
0.728759
0.729449
0.730136
0.730822
0.731506
0.732189
0.732870
0.733548
0.734226
0.734901
0.735575
0.736247
0.736917
0.737585
0.738252
0.738917
0.739581
0.740242
0.740902
0.741560
0.742217
0.742872
0.743525
0.744177
0.744826
0.745475
0.746121
0.746766
0.747409
0.748051
0.748691
0.749329
0.749965
0.750600
0.751234
0.751865
0.752495
0.753124
0.753751
0.754376
0.755000
0.755622
0.756242
0.756861
0.757478
0.758094
0.758708
0.759321
0.759931
0.760541
0.761149
0.761755
0.762360
0.762963
0.763564
0.764164
0.764763
0.765360
0.765955
0.766549
0.767142
0.767732
0.768322
0.768910
0.769496
0.770081
0.770664
0.771246
0.771826
0.772405
0.772982
0.773558
0.774133
0.774706
0.775277
0.775847
0.776416
0.776983
0.777548
0.778112
0.778675
0.779236
0.779796
0.780355
0.780912
0.781467
0.782021
0.782574
0.783125
0.783675
0.784224
0.784771
0.785316
0.785861
0.786403
0.786945
0.787485
0.788024
0.788561
0.789097
0.789631
0.790165
0.790696
0.791227
0.791756
0.792284
0.792810
0.793335
0.793859
0.794381
0.794902
0.795422
0.795940
0.796457
0.796973
0.797487
0.798000
0.798512
0.799023
0.799532
0.800040
0.800546
0.801051
0.801555
0.802058
0.802559
0.803059
0.803558
0.804056
0.804552
0.805047
0.805541
0.806033
0.806524
0.807014
0.807503
0.807990
0.808476
0.808961
0.809445
0.809927
0.810409
0.810889
0.811367
0.811845
0.812321
0.812796
0.813270
0.813743
0.814214
0.814684
0.815153
0.815621
0.816088
0.816553
0.817018
0.817481
0.817943
0.818403
0.818863
0.819321
0.819778
0.820234
0.820689
0.821143
0.821595
0.822047
0.822497
0.822946
0.823394
0.823841
0.824286
0.824731
0.825174
0.825616
0.826057
0.826497
0.826936
0.827374
0.827810
0.828246
0.828680
0.829113
0.829545
0.829976
0.830406
0.830835
0.831263
0.831690
0.832115
0.832540
0.832963
0.833385
0.833806
0.834227
0.834646
0.835064
0.835481
0.835896
0.836311
0.836725
0.837138
0.837549
0.837960
0.838369
0.838778
0.839185
0.839592
0.839997
0.840401
0.840804
0.841207
0.841608
0.842008
