0.151419
0.227307
0.256789
0.270743
0.278318
0.283031
0.286402
0.289128
0.291538
0.293792
0.295964
0.298092
0.300192
0.302273
0.304341
0.306397
0.308443
0.310480
0.312509
0.314530
0.316542
0.318548
0.320546
0.322537
0.324522
0.326499
0.328470
0.330434
0.332391
0.334342
0.336287
0.338225
0.340157
0.342082
0.344001
0.345914
0.347821
0.349721
0.351615
0.353572
0.355345
0.357090
0.358827
0.360557
0.362282
0.364001
0.365714
0.367423
0.369126
0.370824
0.372517
0.374205
0.375887
0.377565
0.379237
0.380904
0.382567
0.384224
0.385876
0.387524
0.389166
0.390803
0.392436
0.394063
0.395686
0.397304
0.398917
0.400525
0.402129
0.403727
0.405321
0.406910
0.408495
0.410075
0.411650
0.413220
0.414786
0.416347
0.417903
0.419455
0.421003
0.422545
0.424084
0.425617
0.427147
0.428671
0.430192
0.431707
0.433219
0.434726
0.436228
0.437727
0.439220
0.440710
0.442195
0.443676
0.445152
0.446625
0.448093
0.449556
0.451016
0.452471
0.453922
0.455369
0.456812
0.458250
0.459685
0.461115
0.462541
0.463963
0.465381
0.466795
0.468205
0.469611
0.471013
0.472410
0.473804
0.475194
0.476580
0.477962
0.479340
0.480714
0.482084
0.483450
0.484812
0.486171
0.487526
0.488876
0.490223
0.491566
0.492906
0.494241
0.495573
0.496901
0.498225
0.499546
0.500863
0.502176
0.503485
0.504791
0.506093
0.507391
0.508686
0.509977
0.511265
0.512548
0.513829
0.515105
0.516378
0.517648
0.518914
0.520176
0.521435
0.522691
0.523943
0.525191
0.526436
0.527677
0.528915
0.530150
0.531381
0.532609
0.533833
0.535054
0.536271
0.537486
0.538696
0.539904
0.541108
0.542308
0.543506
0.544700
0.545891
0.547078
0.548262
0.549443
0.550621
0.551795
0.552966
0.554134
0.555299
0.556460
0.557619
0.558774
0.559926
0.561075
0.562220
0.563363
0.564502
0.565638
0.566771
0.567901
0.569028
0.570152
0.571273
0.572390
0.573505
0.574616
0.575725
0.576830
0.577933
0.579032
0.580128
0.581222
0.582312
0.583400
0.584484
0.585566
0.586644
0.587720
0.588792
0.589862
0.590929
0.591993
0.593054
0.594112
0.595168
0.596220
0.597270
0.598316
0.599360
0.600401
0.601439
0.602475
0.603507
0.604537
0.605564
0.606588
0.607610
0.608628
0.609644
0.610658
0.611668
0.612676
0.613681
0.614683
0.615682
0.616679
0.617673
0.618665
0.619654
0.620640
0.621623
0.622604
0.623582
0.624558
0.625531
0.626501
0.627469
0.628434
0.629396
0.630356
0.631313
0.632268
0.633220
0.634170
0.635117
0.636061
0.637003
0.637943
0.638880
0.639814
0.640746
0.641675
0.642602
0.643527
0.644449
0.645368
0.646285
0.647200
0.648112
0.649021
0.649928
0.650833
0.651736
0.652636
0.653533
0.654428
0.655321
0.656211
0.657099
0.657985
0.658868
0.659749
0.660628
0.661504
0.662378
0.663249
0.664118
0.664985
0.665850
0.666712
0.667572
0.668430
0.669285
0.670138
0.670989
0.671838
0.672684
0.673528
0.674370
0.675209
0.676047
0.676882
0.677715
0.678545
0.679374
0.680200
0.681024
0.681846
0.682666
0.683483
0.684299
0.685112
0.685923
0.686732
0.687539
0.688343
0.689146
0.689946
0.690744
0.691540
0.692334
0.693126
0.693916
0.694704
0.695489
0.696273
0.697054
0.697834
0.698611
0.699386
0.700159
0.700931
0.701700
0.702467
0.703232
0.703995
0.704756
0.705515
0.706272
0.707027
0.707780
0.708531
0.709280
0.710027
0.710772
0.711515
0.712257
0.712996
0.713733
0.714468
0.715202
0.715933
0.716663
0.717390
0.718116
0.718840
0.719562
0.720282
0.721000
0.721716
0.722430
0.723143
0.723853
0.724562
0.725269
0.725973
0.726677
0.727378
0.728077
0.728775
0.729470
0.730164
0.730856
0.731547
0.732235
0.732922
0.733606
0.734289
0.734971
0.735650
0.736328
0.737004
0.737678
0.738350
0.739021
0.739689
0.740356
0.741022
0.741685
0.742347
0.743007
0.743665
0.744322
0.744977
0.745630
0.746282
0.746931
0.747579
0.748226
0.748870
0.749513
0.750155
0.750794
0.751432
0.752069
0.752703
0.753336
0.753967
0.754597
0.755225
0.755851
0.756476
0.757099
0.757720
0.758340
0.758958
0.759575
0.760190
0.760803
0.761415
0.762025
0.762634
0.763241
0.763846
0.764450
0.765052
0.765653
0.766252
0.766849
0.767445
0.768040
0.768633
0.769224
0.769814
0.770402
0.770988
0.771574
0.772157
0.772739
0.773320
0.773899
0.774476
0.775053
0.775627
0.776200
0.776772
0.777342
0.777910
0.778477
0.779043
0.779607
0.780170
0.780731
0.781291
0.781849
0.782406
0.782961
0.783515
0.784068
0.784619
0.785168
0.785717
0.786263
0.786809
0.787353
0.787895
0.788436
0.788976
0.789514
0.790051
0.790586
0.791121
0.791653
0.792185
0.792714
0.793243
0.793770
0.794296
0.794820
0.795344
0.795865
0.796386
0.796905
0.797422
0.797939
0.798454
0.798967
0.799480
0.799991
0.800500
0.801008
0.801515
0.802021
0.802526
0.803029
0.803530
0.804031
0.804530
0.805028
0.805524
0.806020
0.806514
0.807006
0.807498
0.807988
0.808477
0.808964
0.809451
0.809936
0.810420
0.810902
0.811384
0.811864
0.812343
0.812820
0.813297
0.813772
0.814246
0.814718
0.815190
0.815660
0.816129
0.816597
0.817063
0.817529
0.817993
0.818456
0.818917
0.819378
0.819837
0.820296
0.820753
0.821208
0.821663
0.822116
0.822569
0.823020
0.823470
0.823919
0.824366
0.824813
0.825258
0.825702
0.826145
0.826587
0.827028
0.827467
0.827906
0.828343
0.828779
0.829214
0.829648
0.830081
0.830513
0.830943
0.831373
0.831801
0.832228
0.832654
0.833079
0.833503
0.833926
0.834348
0.834768
0.835188
0.835606
0.836024
0.836440
0.836855
0.837269
0.837683
0.838095
0.838506
0.838915
0.839324
0.839732
0.840139
0.840545
0.840949
0.841353
0.841755
0.842157
0.842557
0.842957
0.843355
0.843753
0.844149
0.844544
0.844939
0.845332
0.845724
0.846115
0.846506
0.846895
0.847283
0.847670
0.848057
0.848442
