0.056542
-0.004712
0.005279
0.039429
0.068144
0.092776
0.114363
0.133596
0.150943
0.166717
0.181182
0.194551
0.206994
0.218629
0.229551
0.239859
0.249644
0.258979
0.267931
0.276564
0.284949
0.293162
0.301285
0.309434
0.317869
0.327200
0.336727
0.342230
0.345054
0.347589
0.350127
0.352676
0.355237
0.357808
0.360391
0.362986
0.365594
0.368214
0.370847
0.373436
0.375845
0.378342
0.380858
0.383391
0.385942
0.388509
0.391093
0.393694
0.396312
0.398947
0.401600
0.404271
0.406959
0.409666
0.412390
0.415133
0.417894
0.420674
0.423473
0.426291
0.429128
0.431985
0.434860
0.437756
0.440671
0.443605
0.446560
0.449535
0.452530
0.455545
0.458580
0.461636
0.464712
0.467808
0.470925
0.474062
0.477220
0.480399
0.483598
0.486818
0.490058
0.493319
0.496600
0.499902
0.503223
0.506566
0.509928
0.513311
0.516713
0.520135
0.523577
0.527039
0.530520
0.534020
0.537539
0.541077
0.544633
0.548208
0.551801
0.555412
0.559041
0.562687
0.566349
0.570029
0.573725
0.577436
0.581164
0.584907
0.588664
0.592437
0.596223
0.600022
0.603835
0.607661
0.611499
0.615349
0.619210
0.623081
0.626963
0.630855
0.634755
0.638664
0.642581
0.646505
0.650436
0.654373
0.658315
0.662262
0.666213
0.670168
0.674125
0.678084
0.682045
0.686006
0.689966
0.693926
0.697884
0.701840
0.705793
0.709741
0.713685
0.717623
0.721554
0.725478
0.729395
0.733302
0.737199
0.741086
0.744962
0.748825
0.752675
0.756511
0.760333
0.764138
0.767928
0.771699
0.775453
0.779187
0.782902
0.786596
0.790268
0.793918
0.797544
0.801146
0.804724
0.808275
0.811801
0.815298
0.818768
0.822209
0.825620
0.829001
0.832350
0.835668
0.838953
0.842205
0.845423
0.848607
0.851755
0.854867
0.857943
0.860982
0.863983
0.866946
0.869870
0.872755
0.875600
0.878406
0.881170
0.883894
0.886576
0.889217
0.891816
0.894372
0.896885
0.899356
0.901783
0.904168
0.906508
0.908805
0.911058
0.913268
0.915433
0.917555
0.919632
0.921666
0.923655
0.925601
0.927503
0.929362
0.931177
0.932949
0.934678
0.936364
0.938008
0.939609
0.941169
0.942687
0.944164
0.945600
0.946996
0.948352
0.949668
0.950946
0.952185
0.953386
0.954549
0.955676
0.956766
0.957821
0.958841
0.959826
0.960777
0.961695
0.962580
0.963434
0.964256
0.965048
0.965810
0.966542
0.967246
0.967923
0.968572
0.969195
0.969792
0.970364
0.970912
0.971436
0.971937
0.972416
0.972874
0.973310
0.973727
0.974124
0.974502
0.974862
0.975205
0.975530
0.975840
0.976133
0.976412
0.976676
0.976926
0.977163
0.977388
0.977600
0.977800
0.977989
0.978167
0.978336
0.978494
0.978643
0.978784
0.978915
0.979039
0.979156
0.979265
0.979367
0.979463
0.979553
0.979637
0.979715
0.979788
0.979857
0.979920
0.979980
0.980035
0.980087
0.980134
0.980179
0.980220
0.980258
0.980294
0.980327
0.980357
0.980385
0.980411
0.980436
0.980458
0.980478
0.980497
0.980514
0.980530
0.980545
0.980559
0.980571
0.980582
0.980593
0.980602
0.980611
0.980619
0.980626
0.980633
0.980639
0.980644
0.980650
0.980654
0.980658
0.980662
0.980666
0.980669
0.980672
0.980674
0.980676
0.980679
0.980680
0.980682
0.980684
0.980685
0.980686
0.980688
0.980689
0.980690
0.980690
0.980691
0.980692
0.980692
0.980693
0.980693
0.980694
0.980694
0.980695
0.980695
0.980695
0.980695
0.980696
0.980696
0.980696
0.980696
0.980696
0.980696
0.980697
0.980697
0.980697
0.980697
0.980697
0.980697
0.980697
0.980697
0.980697
0.980697
0.980697
0.980697
0.980697
0.980697
0.980697
0.980697
0.980697
0.980697
0.980697
0.980697
0.980697
0.980697
0.980697
0.980697
0.980697
0.980697
0.980697
0.980697
0.980697
0.980697
0.980697
0.980697
0.980697
0.980697
0.980697
0.980697
0.980697
0.980697
0.980697
0.980697
0.980697
0.980697
0.980697
0.980697
0.980697
0.980697
0.980697
0.980697
0.980697
0.980697
0.980697
0.980697
0.980697
0.980697
0.980697
0.980697
0.980697
0.980697
0.980697
0.980697
0.980697
0.980697
0.980697
0.980697
0.980697
0.980697
0.980697
0.980697
0.980697
0.980697
0.980697
0.980697
0.980697
0.980697
0.980697
0.980697
0.980697
0.980697
0.980697
0.980697
0.980697
0.980697
0.980697
0.980697
0.980697
0.980697
0.980697
0.980697
0.980697
0.980697
0.980697
0.980697
0.980697
0.980697
0.980697
0.980697
0.980697
0.980697
0.980697
0.980697
0.980697
0.980697
0.980697
0.980697
0.980697
0.980697
0.980697
0.980697
0.980697
0.980697
0.980697
0.980697
0.980697
0.980697
0.980697
0.980697
0.980697
0.980697
0.980697
0.980697
0.980697
0.980697
0.980697
0.980697
0.980697
0.980697
0.980697
0.980697
0.980697
0.980697
0.980697
0.980697
0.980697
0.980697
0.980697
0.980697
0.980697
0.980697
0.980697
0.980697
0.980697
0.980697
0.980697
0.980697
0.980697
0.980697
0.980697
0.980697
0.980697
0.980697
0.980697
0.980697
0.980697
0.980697
0.980697
0.980697
0.980697
0.980697
0.980697
0.980697
0.980697
0.980697
0.980697
0.980697
0.980697
0.980697
0.980697
0.980697
0.980697
0.980697
0.980697
0.980697
0.980697
0.980697
0.980697
0.980697
0.980697
0.980697
0.980697
0.980697
0.980697
0.980697
0.980697
0.980697
0.980697
0.980697
0.980697
0.980697
0.980697
0.980697
0.980697
0.980697
0.980697
0.980697
0.980697
0.980697
0.980697
0.980697
0.980697
0.980697
0.980697
0.980697
0.980697
0.980697
0.980697
0.980697
0.980697
0.980697
0.980697
0.980697
0.980697
0.980697
0.980697
0.980697
0.980697
0.980697
0.980697
0.980697
0.980697
0.980697
0.980697
0.980697
0.980697
0.980697
0.980697
0.980697
0.980697
0.980697
0.980697
0.980697
0.980697
0.980697
0.980697
0.980697
0.980697
0.980697
0.980697
0.980697
0.980697
0.980697
0.980697
0.980697
0.980697
0.980697
0.980697
0.980697
0.980697
0.980697
0.980697
