0.165228
0.238805
0.260443
0.268672
0.273014
0.275969
0.278396
0.280614
0.282745
0.284838
0.286911
0.288972
0.291024
0.293069
0.295106
0.297137
0.299161
0.301178
0.303189
0.305193
0.307190
0.309182
0.311167
0.313145
0.315118
0.317084
0.319044
0.320998
0.322946
0.324888
0.326823
0.328753
0.330677
0.332595
0.334508
0.336414
0.338315
0.340209
0.342098
0.344049
0.345812
0.347548
0.349276
0.350997
0.352714
0.354425
0.356132
0.357833
0.359530
0.361222
0.362909
0.364592
0.366270
0.367943
0.369611
0.371274
0.372933
0.374587
0.376236
0.377881
0.379521
0.381157
0.382788
0.384414
0.386036
0.387653
0.389265
0.390873
0.392477
0.394076
0.395671
0.397261
0.398846
0.400427
0.402004
0.403577
0.405145
0.406708
0.408267
0.409822
0.411373
0.412919
0.414461
0.415998
0.417531
0.419060
0.420585
0.422106
0.423622
0.425134
0.426642
0.428146
0.429645
0.431140
0.432632
0.434119
0.435601
0.437080
0.438555
0.440026
0.441492
0.442955
0.444413
0.445868
0.447318
0.448765
0.450207
0.451645
0.453080
0.454511
0.455937
0.457360
0.458779
0.460193
0.461604
0.463012
0.464415
0.465814
0.467210
0.468601
0.469989
0.471373
0.472754
0.474130
0.475503
0.476872
0.478237
0.479599
0.480956
0.482310
0.483661
0.485007
0.486350
0.487690
0.489025
0.490357
0.491686
0.493011
0.494332
0.495649
0.496963
0.498274
0.499580
0.500884
0.502183
0.503480
0.504772
0.506061
0.507347
0.508629
0.509908
0.511183
0.512455
0.513723
0.514988
0.516249
0.517507
0.518762
0.520013
0.521261
0.522506
0.523747
0.524984
0.526219
0.527450
0.528677
0.529902
0.531123
0.532341
0.533555
0.534766
0.535974
0.537179
0.538381
0.539579
0.540774
0.541966
0.543154
0.544339
0.545522
0.546701
0.547876
0.549049
0.550219
0.551385
0.552548
0.553708
0.554865
0.556019
0.557170
0.558317
0.559462
0.560604
0.561742
0.562877
0.564010
0.565139
0.566265
0.567389
0.568509
0.569626
0.570740
0.571852
0.572960
0.574065
0.575168
0.576267
0.577364
0.578457
0.579548
0.580636
0.581721
0.582803
0.583882
0.584958
0.586031
0.587101
0.588169
0.589234
0.590296
0.591355
0.592411
0.593464
0.594515
0.595563
0.596608
0.597650
0.598689
0.599726
0.600760
0.601791
0.602820
0.603845
0.604868
0.605889
0.606906
0.607921
0.608933
0.609943
0.610949
0.611953
0.612955
0.613954
0.614950
0.615943
0.616934
0.617922
0.618908
0.619891
0.620871
0.621849
0.622824
0.623797
0.624767
0.625734
0.626699
0.627661
0.628621
0.629578
0.630533
0.631485
0.632435
0.633382
0.634327
0.635269
0.636208
0.637146
0.638080
0.639012
0.639942
0.640869
0.641794
0.642717
0.643637
0.644554
0.645469
0.646382
0.647292
0.648200
0.649106
0.650009
0.650909
0.651808
0.652704
0.653597
0.654488
0.655377
0.656264
0.657148
0.658030
0.658910
0.659787
0.660662
0.661534
0.662405
0.663273
0.664139
0.665002
0.665863
0.666722
0.667579
0.668433
0.669285
0.670135
0.670983
0.671829
0.672672
0.673513
0.674352
0.675188
0.676023
0.676855
0.677685
0.678513
0.679338
0.680162
0.680983
0.681803
0.682620
0.683434
0.684247
0.685058
0.685866
0.686673
0.687477
0.688279
0.689079
0.689877
0.690673
0.691467
0.692259
0.693048
0.693836
0.694621
0.695405
0.696186
0.696965
0.697743
0.698518
0.699291
0.700062
0.700832
0.701599
0.702364
0.703127
0.703888
0.704647
0.705405
0.706160
0.706913
0.707664
0.708414
0.709161
0.709906
0.710650
0.711391
0.712131
0.712868
0.713604
0.714338
0.715070
0.715800
0.716528
0.717254
0.717978
0.718700
0.719421
0.720139
0.720856
0.721571
0.722284
0.722995
0.723704
0.724412
0.725117
0.725821
0.726523
0.727223
0.727921
0.728617
0.729312
0.730005
0.730696
0.731385
0.732072
0.732758
0.733442
0.734124
0.734804
0.735482
0.736159
0.736834
0.737507
0.738179
0.738848
0.739516
0.740183
0.740847
0.741510
0.742171
0.742830
0.743488
0.744143
0.744798
0.745450
0.746101
0.746750
0.747397
0.748043
0.748687
0.749329
0.749970
0.750609
0.751246
0.751882
0.752516
0.753148
0.753779
0.754408
0.755036
0.755661
0.756286
0.756908
0.757529
0.758149
0.758766
0.759382
0.759997
0.760610
0.761221
0.761831
0.762439
0.763046
0.763651
0.764254
0.764856
0.765457
0.766055
0.766653
0.767248
0.767842
0.768435
0.769026
0.769615
0.770203
0.770790
0.771375
0.771958
0.772540
0.773121
0.773699
0.774277
0.774853
0.775427
0.776000
0.776572
0.777141
0.777710
0.778277
0.778843
0.779407
0.779969
0.780530
0.781090
0.781648
0.782205
0.782760
0.783314
0.783867
0.784418
0.784968
0.785516
0.786063
0.786608
0.787152
0.787694
0.788236
0.788775
0.789314
0.789851
0.790386
0.790920
0.791453
0.791985
0.792515
0.793043
0.793571
0.794097
0.794621
0.795144
0.795666
0.796187
0.796706
0.797224
0.797740
0.798256
0.798769
0.799282
0.799793
0.800303
0.800812
0.801319
0.801825
0.802329
0.802833
0.803335
0.803835
0.804335
0.804833
0.805330
0.805825
0.806320
0.806813
0.807304
0.807795
0.808284
0.808772
0.809259
0.809744
0.810228
0.810711
0.811193
0.811673
0.812152
0.812630
0.813107
0.813583
0.814057
0.814530
0.815002
0.815472
0.815942
0.816410
0.816877
0.817343
0.817807
0.818270
0.818733
0.819194
0.819653
0.820112
0.820569
0.821026
0.821481
0.821935
0.822387
0.822839
0.823289
0.823739
0.824187
0.824634
0.825079
0.825524
0.825967
0.826410
0.826851
0.827291
0.827730
0.828168
0.828604
0.829040
0.829474
0.829908
0.830340
0.830771
0.831201
0.831630
0.832057
0.832484
0.832910
0.833334
0.833757
0.834180
0.834601
0.835021
0.835440
0.835858
0.836275
0.836691
0.837105
0.837519
0.837932
0.838343
0.838754
0.839163
0.839571
0.839979
0.840385
0.840790
0.841194
0.841597
0.841999
0.842401
0.842801
0.843200
0.843598
0.843994
0.844390
0.844785
0.845179
