0.015976
0.017416
0.037511
0.062126
0.085475
0.106065
0.124416
0.140953
0.155973
0.169731
0.182427
0.194220
0.205217
0.215515
0.225211
0.234391
0.243127
0.251483
0.259523
0.267321
0.274952
0.282497
0.290089
0.298043
0.307014
0.315325
0.319157
0.321162
0.323042
0.324915
0.326784
0.328647
0.330506
0.332360
0.334210
0.336055
0.337897
0.339735
0.341569
0.343414
0.345060
0.346726
0.348391
0.350055
0.351716
0.353375
0.355032
0.356687
0.358339
0.359989
0.361638
0.363284
0.364928
0.366571
0.368212
0.369851
0.371488
0.373124
0.374758
0.376391
0.378022
0.379652
0.381281
0.382908
0.384534
0.386159
0.387783
0.389406
0.391028
0.392650
0.394270
0.395890
0.397509
0.399127
0.400745
0.402362
0.403979
0.405596
0.407213
0.408829
0.410445
0.412061
0.413677
0.415294
0.416910
0.418527
0.420144
0.421762
0.423380
0.424999
0.426618
0.428238
0.429859
0.431481
0.433104
0.434728
0.436353
0.437979
0.439606
0.441236
0.442866
0.444498
0.446132
0.447767
0.449405
0.451044
0.452685
0.454329
0.455975
0.457622
0.459273
0.460926
0.462581
0.464239
0.465900
0.467563
0.469230
0.470899
0.472572
0.474248
0.475927
0.477610
0.479296
0.480986
0.482679
0.484376
0.486077
0.487782
0.489491
0.491204
0.492922
0.494644
0.496370
0.498101
0.499836
0.501577
0.503322
0.505072
0.506827
0.508587
0.510352
0.512123
0.513899
0.515681
0.517468
0.519261
0.521059
0.522864
0.524674
0.526490
0.528313
0.530142
0.531977
0.533819
0.535667
0.537521
0.539382
0.541250
0.543125
0.545007
0.546896
0.548791
0.550694
0.552604
0.554522
0.556446
0.558379
0.560318
0.562266
0.564221
0.566183
0.568154
0.570132
0.572118
0.574112
0.576115
0.578125
0.580143
0.582170
0.584205
0.586248
0.588299
0.590359
0.592427
0.594504
0.596589
0.598682
0.600784
0.602895
0.605014
0.607142
0.609278
0.611423
0.613577
0.615739
0.617910
0.620090
0.622278
0.624475
0.626681
0.628895
0.631118
0.633349
0.635589
0.637837
0.640094
0.642360
0.644634
0.646916
0.649206
0.651505
0.653812
0.656127
0.658450
0.660781
0.663120
0.665467
0.667822
0.670184
0.672554
0.674932
0.677317
0.679709
0.682108
0.684514
0.686927
0.689347
0.691774
0.694207
0.696646
0.699091
0.701543
0.704001
0.706464
0.708932
0.711407
0.713886
0.716370
0.718859
0.721353
0.723851
0.726353
0.728859
0.731369
0.733882
0.736399
0.738918
0.741441
0.743965
0.746493
0.749022
0.751553
0.754085
0.756619
0.759154
0.761689
0.764225
0.766760
0.769296
0.771831
0.774365
0.776898
0.779429
0.781959
0.784486
0.787011
0.789533
0.792052
0.794568
0.797079
0.799587
0.802089
0.804587
0.807080
0.809567
0.812048
0.814523
0.816991
0.819452
0.821905
0.824351
0.826788
0.829216
0.831636
0.834046
0.836447
0.838837
0.841217
0.843585
0.845943
0.848288
0.850622
0.852943
0.855251
0.857547
0.859828
0.862095
0.864348
0.866587
0.868810
0.871018
0.873209
0.875385
0.877544
0.879686
0.881811
0.883918
0.886008
0.888079
0.890131
0.892165
0.894179
0.896174
0.898149
0.900103
0.902038
0.903951
0.905844
0.907715
0.909565
0.911393
0.913199
0.914983
0.916745
0.918483
0.920199
0.921892
0.923562
0.925208
0.926831
0.928430
0.930006
0.931557
0.933084
0.934587
0.936066
0.937521
0.938951
0.940357
0.941738
0.943095
0.944427
0.945735
0.947018
0.948277
0.949512
0.950721
0.951907
0.953068
0.954205
0.955318
0.956407
0.957472
0.958514
0.959531
0.960525
0.961496
0.962444
0.963369
0.964271
0.965150
0.966008
0.966843
0.967656
0.968448
0.969218
0.969967
0.970695
0.971403
0.972090
0.972758
0.973406
0.974034
0.974643
0.975234
0.975806
0.976360
0.976896
0.977414
0.977916
0.978401
0.978869
0.979321
0.979758
0.980179
0.980585
0.980976
0.981353
0.981716
0.982066
0.982402
0.982725
0.983035
0.983333
0.983619
0.983894
0.984158
0.984410
0.984652
0.984884
0.985105
0.985317
0.985520
0.985714
0.985899
0.986075
0.986244
0.986405
0.986558
0.986704
0.986843
0.986975
0.987100
0.987220
0.987333
0.987441
0.987544
0.987641
0.987732
0.987820
0.987902
0.987980
0.988054
0.988124
0.988190
0.988252
0.988311
0.988366
0.988419
0.988468
0.988514
0.988558
0.988599
0.988638
0.988674
0.988708
0.988740
0.988770
0.988798
0.988825
0.988849
0.988872
0.988894
0.988914
0.988933
0.988951
0.988967
0.988982
0.988997
0.989010
0.989023
0.989034
0.989045
0.989055
0.989064
0.989073
0.989081
0.989088
0.989095
0.989101
0.989107
0.989113
0.989118
0.989122
0.989127
0.989131
0.989134
0.989138
0.989141
0.989144
0.989147
0.989149
0.989151
0.989153
0.989155
0.989157
0.989158
0.989160
0.989161
0.989163
0.989164
0.989165
0.989166
0.989167
0.989167
0.989168
0.989169
0.989169
0.989170
0.989170
0.989171
0.989171
0.989172
0.989172
0.989172
0.989172
0.989173
0.989173
0.989173
0.989173
0.989174
0.989174
0.989174
0.989174
0.989174
0.989174
0.989174
0.989174
0.989174
0.989175
0.989175
0.989175
0.989175
0.989175
0.989175
0.989175
0.989175
0.989175
0.989175
0.989175
0.989175
0.989175
0.989175
0.989175
0.989175
0.989175
0.989175
0.989175
0.989175
0.989175
0.989175
0.989175
0.989175
0.989175
0.989175
0.989175
0.989175
0.989175
0.989175
0.989175
0.989175
0.989175
0.989175
0.989175
0.989175
0.989175
0.989175
0.989175
0.989175
0.989175
0.989175
0.989175
0.989175
0.989175
0.989175
0.989175
0.989175
0.989175
0.989175
0.989175
0.989175
0.989175
0.989175
0.989175
0.989175
0.989175
0.989175
0.989175
0.989175
0.989175
0.989175
0.989175
0.989175
0.989175
0.989175
0.989175
0.989175
0.989175
0.989175
0.989175
0.989175
0.989175
0.989175
0.989175
0.989175
0.989175
0.989175
0.989175
0.989175
0.989175
0.989175
0.989175
0.989175
0.989175
0.989175
0.989175
0.989175
0.989175
0.989175
0.989175
