0.107412
0.175063
0.199018
0.211448
0.220786
0.229138
0.237088
0.244844
0.252506
0.260226
0.268324
0.277774
0.286133
0.288583
0.290558
0.292527
0.294489
0.296444
0.298393
0.300335
0.302271
0.304201
0.306124
0.308042
0.309953
0.311859
0.313759
0.315653
0.317542
0.319425
0.321303
0.323175
0.325042
0.326904
0.328760
0.330611
0.332457
0.334298
0.336133
0.338022
0.339717
0.341392
0.343061
0.344725
0.346384
0.348040
0.349691
0.351338
0.352980
0.354619
0.356253
0.357883
0.359510
0.361131
0.362749
0.364363
0.365973
0.367578
0.369180
0.370777
0.372370
0.373959
0.375545
0.377126
0.378703
0.380276
0.381845
0.383411
0.384972
0.386529
0.388082
0.389632
0.391177
0.392718
0.394256
0.395790
0.397319
0.398845
0.400367
0.401885
0.403400
0.404910
0.406416
0.407919
0.409418
0.410913
0.412404
0.413892
0.415376
0.416855
0.418332
0.419804
0.421273
0.422738
0.424199
0.425656
0.427110
0.428560
0.430007
0.431449
0.432888
0.434324
0.435755
0.437184
0.438608
0.440029
0.441446
0.442860
0.444270
0.445676
0.447079
0.448478
0.449874
0.451266
0.452655
0.454040
0.455422
0.456800
0.458174
0.459545
0.460913
0.462277
0.463638
0.464995
0.466349
0.467699
0.469046
0.470389
0.471729
0.473066
0.474399
0.475729
0.477055
0.478379
0.479698
0.481015
0.482328
0.483637
0.484944
0.486247
0.487546
0.488843
0.490136
0.491426
0.492712
0.493996
0.495276
0.496552
0.497826
0.499096
0.500363
0.501627
0.502888
0.504145
0.505399
0.506650
0.507898
0.509143
0.510384
0.511623
0.512858
0.514090
0.515319
0.516545
0.517768
0.518987
0.520204
0.521417
0.522627
0.523835
0.525039
0.526240
0.527438
0.528633
0.529825
0.531014
0.532200
0.533383
0.534563
0.535740
0.536914
0.538085
0.539252
0.540417
0.541580
0.542739
0.543895
0.545048
0.546198
0.547346
0.548490
0.549632
0.550770
0.551906
0.553039
0.554169
0.555296
0.556420
0.557541
0.558660
0.559776
0.560888
0.561999
0.563106
0.564210
0.565312
0.566410
0.567506
0.568600
0.569690
0.570778
0.571863
0.572945
0.574024
0.575101
0.576175
0.577246
0.578314
0.579380
0.580443
0.581504
0.582561
0.583616
0.584668
0.585718
0.586765
0.587809
0.588851
0.589890
0.590926
0.591960
0.592991
0.594020
0.595045
0.596069
0.597089
0.598107
0.599123
0.600136
0.601146
0.602154
0.603159
0.604162
0.605162
0.606159
0.607154
0.608147
0.609137
0.610124
0.611109
0.612092
0.613072
0.614049
0.615024
0.615997
0.616967
0.617934
0.618899
0.619862
0.620822
0.621780
0.622735
0.623688
0.624639
0.625587
0.626533
0.627476
0.628417
0.629355
0.630291
0.631225
0.632157
0.633086
0.634012
0.634937
0.635858
0.636778
0.637695
0.638610
0.639523
0.640433
0.641341
0.642247
0.643150
0.644051
0.644950
0.645847
0.646741
0.647633
0.648523
0.649410
0.650295
0.651178
0.652059
0.652937
0.653814
0.654688
0.655559
0.656429
0.657296
0.658161
0.659024
0.659885
0.660744
0.661600
0.662454
0.663306
0.664156
0.665004
0.665850
0.666693
0.667535
0.668374
0.669211
0.670046
0.670878
0.671709
0.672538
0.673364
0.674189
0.675011
0.675831
0.676649
0.677465
0.678279
0.679091
0.679901
0.680709
0.681514
0.682318
0.683120
0.683919
0.684717
0.685512
0.686306
0.687097
0.687887
0.688674
0.689460
0.690243
0.691025
0.691805
0.692582
0.693358
0.694131
0.694903
0.695673
0.696440
0.697206
0.697970
0.698732
0.699492
0.700250
0.701006
0.701760
0.702513
0.703263
0.704011
0.704758
0.705503
0.706245
0.706986
0.707725
0.708462
0.709198
0.709931
0.710663
0.711392
0.712120
0.712846
0.713570
0.714293
0.715013
0.715732
0.716449
0.717164
0.717877
0.718588
0.719298
0.720006
0.720711
0.721416
0.722118
0.722819
0.723518
0.724215
0.724910
0.725603
0.726295
0.726985
0.727673
0.728360
0.729045
0.729728
0.730409
0.731089
0.731766
0.732443
0.733117
0.733790
0.734461
0.735130
0.735798
0.736463
0.737128
0.737790
0.738451
0.739110
0.739768
0.740423
0.741078
0.741730
0.742381
0.743030
0.743678
0.744323
0.744968
0.745610
0.746251
0.746891
0.747528
0.748165
0.748799
0.749432
0.750063
0.750693
0.751321
0.751947
0.752572
0.753196
0.753817
0.754438
0.755056
0.755673
0.756289
0.756903
0.757515
0.758126
0.758735
0.759343
0.759949
0.760553
0.761156
0.761758
0.762358
0.762956
0.763553
0.764149
0.764743
0.765335
0.765926
0.766515
0.767103
0.767690
0.768275
0.768858
0.769440
0.770021
0.770600
0.771177
0.771753
0.772328
0.772901
0.773473
0.774043
0.774612
0.775179
0.775745
0.776310
0.776873
0.777435
0.777995
0.778554
0.779111
0.779667
0.780221
0.780775
0.781326
0.781877
0.782426
0.782973
0.783519
0.784064
0.784608
0.785150
0.785690
0.786229
0.786767
0.787304
0.787839
0.788373
0.788905
0.789436
0.789966
0.790495
0.791022
0.791547
0.792072
0.792595
0.793117
0.793637
0.794156
0.794674
0.795190
0.795706
0.796219
0.796732
0.797243
0.797753
0.798262
0.798769
0.799275
0.799780
0.800284
0.800786
0.801287
0.801786
0.802285
0.802782
0.803278
0.803773
0.804266
0.804758
0.805249
0.805739
0.806227
0.806714
0.807200
0.807685
0.808168
0.808650
0.809131
0.809611
0.810090
0.810567
0.811043
0.811518
0.811992
0.812464
0.812936
0.813406
0.813875
0.814342
0.814809
0.815274
0.815739
0.816202
0.816663
0.817124
0.817584
0.818042
0.818499
0.818955
0.819410
0.819864
0.820316
0.820768
0.821218
0.821667
0.822115
0.822562
0.823008
0.823452
0.823896
0.824338
0.824779
0.825219
0.825658
0.826096
0.826533
0.826968
0.827403
0.827836
0.828269
0.828700
0.829130
0.829559
0.829987
0.830414
0.830840
0.831264
0.831688
0.832110
0.832532
0.832952
0.833372
0.833790
0.834207
0.834623
0.835038
0.835453
0.835866
0.836277
0.836688
0.837098
0.837507
0.837915
0.838322
0.838727
0.839132
