0.043116
0.000041
0.058963
0.104285
0.140979
0.171841
0.198583
0.222272
0.243617
0.263099
0.281037
0.297693
0.313283
0.327975
0.341893
0.355131
0.367785
0.379944
0.391684
0.403068
0.414161
0.425031
0.435752
0.446406
0.457101
0.468075
0.479889
0.492223
0.501045
0.506778
0.512070
0.517380
0.522722
0.528095
0.533498
0.538930
0.544391
0.549879
0.555393
0.560615
0.565784
0.571231
0.576719
0.582237
0.587783
0.593352
0.598943
0.604553
0.610180
0.615823
0.621479
0.627147
0.632825
0.638511
0.644202
0.649898
0.655595
0.661292
0.666987
0.672677
0.678360
0.684035
0.689700
0.695351
0.700986
0.706604
0.712202
0.717778
0.723330
0.728855
0.734351
0.739816
0.745247
0.750642
0.756000
0.761316
0.766590
0.771820
0.777002
0.782135
0.787216
0.792244
0.797217
0.802131
0.806986
0.811780
0.816510
0.821175
0.825772
0.830301
0.834759
0.839146
0.843458
0.847696
0.851857
0.855941
0.859946
0.863871
0.867714
0.871476
0.875156
0.878751
0.882263
0.885690
0.889032
0.892289
0.895459
0.898544
0.901543
0.904456
0.907284
0.910026
0.912683
0.915256
0.917744
0.920150
0.922472
0.924713
0.926873
0.928953
0.930955
0.932879
0.934727
0.936500
0.938199
0.939826
0.941383
0.942870
0.944290
0.945645
0.946936
0.948164
0.949332
0.950441
0.951493
0.952491
0.953435
0.954328
0.955171
0.955967
0.956717
0.957424
0.958088
0.958712
0.959297
0.959845
0.960359
0.960839
0.961287
0.961705
0.962095
0.962457
0.962794
0.963107
0.963397
0.963666
0.963914
0.964144
0.964355
0.964551
0.964730
0.964895
0.965047
0.965186
0.965313
0.965430
0.965536
0.965633
0.965722
0.965802
0.965875
0.965942
0.966002
0.966057
0.966106
0.966151
0.966191
0.966227
0.966260
0.966289
0.966316
0.966339
0.966360
0.966379
0.966396
0.966411
0.966425
0.966437
0.966447
0.966457
0.966465
0.966473
0.966479
0.966485
0.966490
0.966495
0.966499
0.966502
0.966505
0.966508
0.966510
0.966512
0.966514
0.966516
0.966517
0.966518
0.966519
0.966520
0.966521
0.966522
0.966522
0.966523
0.966523
0.966524
0.966524
0.966524
0.966525
0.966525
0.966525
0.966525
0.966525
0.966525
0.966526
0.966526
0.966526
0.966526
0.966526
0.966526
0.966526
0.966526
0.966526
0.966526
0.966526
0.966526
0.966526
0.966526
0.966526
0.966526
0.966526
0.966526
0.966526
0.966526
0.966526
0.966526
0.966526
0.966526
0.966526
0.966526
0.966526
0.966526
0.966526
0.966526
0.966526
0.966526
0.966526
0.966526
0.966526
0.966526
0.966526
0.966526
0.966526
0.966526
0.966526
0.966526
0.966526
0.966526
0.966526
0.966526
0.966526
0.966526
0.966526
0.966526
0.966526
0.966526
0.966526
0.966526
0.966526
0.966526
0.966526
0.966526
0.966526
0.966526
0.966526
0.966526
0.966526
0.966526
0.966526
0.966526
0.966526
0.966526
0.966526
0.966526
0.966526
0.966526
0.966526
0.966526
0.966526
0.966526
0.966526
0.966526
0.966526
0.966526
0.966526
0.966526
0.966526
0.966526
0.966526
0.966526
0.966526
0.966526
0.966526
0.966526
0.966526
0.966526
0.966526
0.966526
0.966526
0.966526
0.966526
0.966526
0.966526
0.966526
0.966526
0.966526
0.966526
0.966526
0.966526
0.966526
0.966526
0.966526
0.966526
0.966526
0.966526
0.966526
0.966526
0.966526
0.966526
0.966526
0.966526
0.966526
0.966526
0.966526
0.966526
0.966526
0.966526
0.966526
0.966526
0.966526
0.966526
0.966526
0.966526
0.966526
0.966526
0.966526
0.966526
0.966526
0.966526
0.966526
0.966526
0.966526
0.966526
0.966526
0.966526
0.966526
0.966526
0.966526
0.966526
0.966526
0.966526
0.966526
0.966526
0.966526
0.966526
0.966526
0.966526
0.966526
0.966526
0.966526
0.966526
0.966526
0.966526
0.966526
0.966526
0.966526
0.966526
0.966526
0.966526
0.966526
0.966526
0.966526
0.966526
0.966526
0.966526
0.966526
0.966526
0.966526
0.966526
0.966526
0.966526
0.966526
0.966526
0.966526
0.966526
0.966526
0.966526
0.966526
0.966526
0.966526
0.966526
0.966526
0.966526
0.966526
0.966526
0.966526
0.966526
0.966526
0.966526
0.966526
0.966526
0.966526
0.966526
0.966526
0.966526
0.966526
0.966526
0.966526
0.966526
0.966526
0.966526
0.966526
0.966526
0.966526
0.966526
0.966526
0.966526
0.966526
0.966526
0.966526
0.966526
0.966526
0.966526
0.966526
0.966526
0.966526
0.966526
0.966526
0.966526
0.966526
0.966526
0.966526
0.966526
0.966526
0.966526
0.966526
0.966526
0.966526
0.966526
0.966526
0.966526
0.966526
0.966526
0.966526
0.966526
0.966526
0.966526
0.966526
0.966526
0.966526
0.966526
0.966526
0.966526
0.966526
0.966526
0.966526
0.966526
0.966526
0.966526
0.966526
0.966526
0.966526
0.966526
0.966526
0.966526
0.966526
0.966526
0.966526
0.966526
0.966526
0.966526
0.966526
0.966526
0.966526
0.966526
0.966526
0.966526
0.966526
0.966526
0.966526
0.966526
0.966526
0.966526
0.966526
0.966526
0.966526
0.966526
0.966526
0.966526
0.966526
0.966526
0.966526
0.966526
0.966526
0.966526
0.966526
0.966526
0.966526
0.966526
0.966526
0.966526
0.966526
0.966526
0.966526
0.966526
0.966526
0.966526
0.966526
0.966526
0.966526
0.966526
0.966526
0.966526
0.966526
0.966526
0.966526
0.966526
0.966526
0.966526
0.966526
0.966526
0.966526
0.966526
0.966526
0.966526
0.966526
0.966526
0.966526
0.966526
0.966526
0.966526
0.966526
0.966526
0.966526
0.966526
0.966526
0.966526
0.966526
0.966526
0.966526
0.966526
0.966526
0.966526
0.966526
0.966526
0.966526
0.966526
0.966526
0.966526
0.966526
0.966526
0.966526
0.966526
0.966526
0.966526
0.966526
0.966526
0.966526
0.966526
0.966526
0.966526
0.966526
0.966526
0.966526
0.966526
0.966526
0.966526
0.966526
0.966526
0.966526
0.966526
0.966526
0.966526
0.966526
0.966526
0.966526
0.966526
0.966526
0.966526
0.966526
0.966526
0.966526
