0.070577
0.101233
0.120169
0.136228
0.150777
0.164153
0.176534
0.188055
0.198810
0.208890
0.218390
0.227394
0.235970
0.244179
0.252085
0.259758
0.267274
0.274705
0.282181
0.290007
0.298908
0.307081
0.310468
0.312432
0.314340
0.316243
0.318138
0.320027
0.321910
0.323787
0.325658
0.327523
0.329382
0.331235
0.333083
0.334925
0.336762
0.338594
0.340420
0.342284
0.343953
0.345614
0.347271
0.348924
0.350573
0.352218
0.353858
0.355494
0.357126
0.358754
0.360378
0.361997
0.363613
0.365224
0.366832
0.368435
0.370034
0.371629
0.373221
0.374808
0.376391
0.377970
0.379545
0.381116
0.382683
0.384247
0.385806
0.387361
0.388912
0.390460
0.392003
0.393543
0.395078
0.396610
0.398138
0.399662
0.401182
0.402699
0.404211
0.405720
0.407224
0.408725
0.410223
0.411716
0.413205
0.414691
0.416173
0.417651
0.419126
0.420597
0.422064
0.423527
0.424987
0.426442
0.427895
0.429343
0.430788
0.432229
0.433667
0.435100
0.436531
0.437957
0.439380
0.440799
0.442215
0.443627
0.445036
0.446441
0.447842
0.449240
0.450634
0.452025
0.453412
0.454796
0.456176
0.457552
0.458926
0.460295
0.461662
0.463024
0.464384
0.465739
0.467092
0.468441
0.469786
0.471128
0.472467
0.473802
0.475134
0.476463
0.477788
0.479110
0.480429
0.481744
0.483056
0.484364
0.485669
0.486971
0.488270
0.489565
0.490857
0.492146
0.493431
0.494713
0.495992
0.497268
0.498541
0.499810
0.501076
0.502339
0.503599
0.504855
0.506108
0.507359
0.508606
0.509849
0.511090
0.512328
0.513562
0.514794
0.516022
0.517247
0.518469
0.519688
0.520904
0.522117
0.523326
0.524533
0.525737
0.526938
0.528135
0.529330
0.530522
0.531710
0.532896
0.534079
0.535258
0.536435
0.537609
0.538780
0.539948
0.541113
0.542275
0.543434
0.544590
0.545743
0.546894
0.548042
0.549186
0.550328
0.551467
0.552603
0.553737
0.554867
0.555995
0.557120
0.558242
0.559361
0.560478
0.561592
0.562703
0.563811
0.564916
0.566019
0.567119
0.568216
0.569311
0.570403
0.571492
0.572579
0.573662
0.574744
0.575822
0.576898
0.577971
0.579042
0.580110
0.581175
0.582238
0.583298
0.584355
0.585410
0.586462
0.587512
0.588559
0.589604
0.590646
0.591686
0.592723
0.593757
0.594789
0.595819
0.596846
0.597871
0.598893
0.599912
0.600929
0.601944
0.602957
0.603966
0.604974
0.605979
0.606982
0.607982
0.608980
0.609975
0.610968
0.611959
0.612948
0.613934
0.614918
0.615899
0.616878
0.617855
0.618830
0.619802
0.620772
0.621740
0.622706
0.623669
0.624630
0.625589
0.626546
0.627500
0.628452
0.629402
0.630350
0.631296
0.632240
0.633181
0.634120
0.635057
0.635993
0.636926
0.637856
0.638785
0.639712
0.640637
0.641559
0.642480
0.643398
0.644315
0.645229
0.646142
0.647052
0.647961
0.648867
0.649772
0.650675
0.651575
0.652474
0.653371
0.654266
0.655159
0.656050
0.656940
0.657827
0.658713
0.659597
0.660479
0.661359
0.662237
0.663114
0.663988
0.664861
0.665733
0.666602
0.667470
0.668336
0.669200
0.670063
0.670924
0.671783
0.672641
0.673497
0.674351
0.675204
0.676055
0.676904
0.677752
0.678598
0.679443
0.680286
0.681128
0.681968
0.682807
0.683644
0.684479
0.685314
0.686146
0.686977
0.687807
0.688636
0.689463
0.690288
0.691112
0.691935
0.692757
0.693577
0.694396
0.695213
0.696029
0.696844
0.697658
0.698470
0.699281
0.700091
0.700900
0.701708
0.702514
0.703319
0.704123
0.704926
0.705728
0.706528
0.707328
0.708126
0.708924
0.709720
0.710515
0.711309
0.712103
0.712895
0.713686
0.714477
0.715266
0.716054
0.716842
0.717629
0.718414
0.719199
0.719983
0.720767
0.721549
0.722331
0.723111
0.723891
0.724671
0.725449
0.726227
0.727004
0.727781
0.728557
0.729332
0.730106
0.730880
0.731654
0.732426
0.733198
0.733970
0.734741
0.735512
0.736282
0.737051
0.737820
0.738589
0.739357
0.740125
0.740893
0.741660
0.742426
0.743193
0.743959
0.744725
0.745490
0.746255
0.747020
0.747785
0.748549
0.749314
0.750078
0.750842
0.751606
0.752369
0.753133
0.753896
0.754660
0.755423
0.756187
0.756950
0.757713
0.758477
0.759240
0.760003
0.760767
0.761530
0.762294
0.763058
0.763822
0.764586
0.765350
0.766115
0.766880
0.767645
0.768410
0.769175
0.769941
0.770707
0.771473
0.772240
0.773007
0.773775
0.774542
0.775311
0.776079
0.776848
0.777618
0.778388
0.779159
0.779930
0.780701
0.781473
0.782246
0.783019
0.783793
0.784567
0.785342
0.786118
0.786894
0.787671
0.788449
0.789227
0.790007
0.790786
0.791567
0.792348
0.793130
0.793913
0.794697
0.795481
0.796266
0.797053
0.797840
0.798627
0.799416
0.800206
0.800996
0.801788
0.802580
0.803373
0.804167
0.804962
0.805758
0.806556
0.807354
0.808153
0.808953
0.809754
0.810556
0.811359
0.812163
0.812968
0.813775
0.814582
0.815390
0.816200
0.817010
0.817822
0.818635
0.819449
0.820263
0.821079
0.821897
0.822715
0.823534
0.824355
0.825176
0.825999
0.826823
0.827648
0.828474
0.829301
0.830129
0.830959
0.831789
0.832621
0.833453
0.834287
0.835122
0.835958
0.836796
0.837634
0.838473
0.839314
0.840155
0.840998
0.841841
0.842686
0.843532
0.844379
0.845227
0.846075
0.846925
0.847776
0.848628
0.849481
0.850334
0.851189
0.852045
0.852901
0.853759
0.854617
0.855476
0.856336
0.857197
0.858059
0.858921
0.859784
0.860648
0.861513
0.862378
0.863244
0.864111
0.864979
0.865847
0.866715
0.867584
0.868454
0.869324
0.870195
0.871066
0.871937
0.872809
0.873682
0.874554
0.875427
0.876300
0.877174
0.878048
0.878921
0.879795
0.880669
0.881544
0.882418
0.883292
0.884166
0.885040
0.885914
0.886787
0.887661
0.888534
0.889407
0.890280
0.891152
0.892024
0.892895
0.893766
0.894637
0.895506
0.896376
0.897244
0.898112
0.898979
0.899845
0.900710
0.901574
0.902437
0.903300
0.904161
0.905021
