0.051154
0.155324
0.213675
0.240837
0.256280
0.269433
0.273125
0.275397
0.277501
0.279545
0.281565
0.283574
0.285574
0.287567
0.289553
0.291533
0.293507
0.295474
0.297436
0.299391
0.301340
0.303283
0.305221
0.307152
0.309078
0.310999
0.312914
0.314823
0.316727
0.318625
0.320518
0.322405
0.324287
0.326164
0.328035
0.329901
0.331762
0.333618
0.335468
0.337376
0.339093
0.340784
0.342469
0.344148
0.345823
0.347493
0.349159
0.350821
0.352479
0.354132
0.355781
0.357426
0.359066
0.360702
0.362334
0.363962
0.365586
0.367205
0.368820
0.370431
0.372038
0.373641
0.375239
0.376834
0.378424
0.380010
0.381593
0.383171
0.384745
0.386314
0.387880
0.389442
0.391000
0.392554
0.394103
0.395649
0.397191
0.398729
0.400262
0.401792
0.403318
0.404840
0.406358
0.407872
0.409382
0.410889
0.412391
0.413890
0.415384
0.416875
0.418362
0.419845
0.421325
0.422800
0.424272
0.425740
0.427204
0.428664
0.430121
0.431573
0.433022
0.434468
0.435909
0.437347
0.438781
0.440212
0.441639
0.443062
0.444481
0.445897
0.447309
0.448718
0.450123
0.451524
0.452921
0.454315
0.455706
0.457093
0.458476
0.459856
0.461232
0.462605
0.463974
0.465339
0.466701
0.468060
0.469415
0.470766
0.472114
0.473459
0.474800
0.476138
0.477472
0.478803
0.480130
0.481454
0.482775
0.484092
0.485406
0.486716
0.488023
0.489327
0.490627
0.491924
0.493218
0.494508
0.495795
0.497079
0.498359
0.499636
0.500910
0.502180
0.503447
0.504711
0.505972
0.507230
0.508484
0.509735
0.510983
0.512227
0.513469
0.514707
0.515942
0.517174
0.518402
0.519628
0.520850
0.522069
0.523285
0.524498
0.525708
0.526915
0.528119
0.529319
0.530517
0.531711
0.532902
0.534090
0.535276
0.536458
0.537637
0.538813
0.539986
0.541156
0.542323
0.543487
0.544648
0.545806
0.546961
0.548114
0.549263
0.550409
0.551552
0.552693
0.553830
0.554964
0.556096
0.557225
0.558350
0.559473
0.560593
0.561710
0.562825
0.563936
0.565045
0.566150
0.567253
0.568353
0.569450
0.570545
0.571636
0.572725
0.573811
0.574894
0.575975
0.577052
0.578127
0.579199
0.580269
0.581335
0.582399
0.583460
0.584519
0.585575
0.586628
0.587678
0.588726
0.589771
0.590813
0.591852
0.592889
0.593924
0.594955
0.595984
0.597010
0.598034
0.599055
0.600074
0.601089
0.602103
0.603113
0.604121
0.605127
0.606130
0.607130
0.608128
0.609123
0.610116
0.611106
0.612093
0.613078
0.614061
0.615041
0.616018
0.616993
0.617966
0.618936
0.619903
0.620868
0.621831
0.622791
0.623748
0.624704
0.625656
0.626607
0.627554
0.628500
0.629443
0.630383
0.631322
0.632257
0.633191
0.634122
0.635050
0.635977
0.636900
0.637822
0.638741
0.639658
0.640572
0.641484
0.642394
0.643301
0.644207
0.645109
0.646010
0.646908
0.647804
0.648697
0.649589
0.650478
0.651364
0.652249
0.653131
0.654011
0.654889
0.655764
0.656637
0.657508
0.658377
0.659243
0.660108
0.660970
0.661830
0.662687
0.663543
0.664396
0.665247
0.666096
0.666943
0.667788
0.668630
0.669470
0.670308
0.671144
0.671978
0.672810
0.673639
0.674467
0.675292
0.676116
0.676937
0.677756
0.678573
0.679387
0.680200
0.681011
0.681820
0.682626
0.683431
0.684233
0.685033
0.685832
0.686628
0.687422
0.688214
0.689005
0.689793
0.690579
0.691363
0.692145
0.692925
0.693704
0.694480
0.695254
0.696026
0.696796
0.697565
0.698331
0.699095
0.699858
0.700618
0.701376
0.702133
0.702888
0.703640
0.704391
0.705140
0.705887
0.706632
0.707375
0.708116
0.708856
0.709593
0.710329
0.711062
0.711794
0.712524
0.713252
0.713978
0.714703
0.715425
0.716146
0.716865
0.717582
0.718297
0.719010
0.719722
0.720431
0.721139
0.721845
0.722550
0.723252
0.723953
0.724652
0.725349
0.726044
0.726738
0.727429
0.728119
0.728808
0.729494
0.730179
0.730862
0.731543
0.732223
0.732900
0.733576
0.734251
0.734923
0.735594
0.736263
0.736931
0.737597
0.738261
0.738923
0.739584
0.740243
0.740900
0.741556
0.742210
0.742862
0.743512
0.744161
0.744809
0.745454
0.746098
0.746741
0.747381
0.748020
0.748658
0.749294
0.749928
0.750561
0.751192
0.751821
0.752449
0.753075
0.753699
0.754322
0.754944
0.755564
0.756182
0.756798
0.757413
0.758027
0.758639
0.759249
0.759858
0.760465
0.761071
0.761675
0.762278
0.762879
0.763478
0.764076
0.764673
0.765268
0.765861
0.766453
0.767044
0.767633
0.768220
0.768806
0.769390
0.769973
0.770555
0.771135
0.771713
0.772290
0.772866
0.773440
0.774013
0.774584
0.775154
0.775722
0.776289
0.776854
0.777418
0.777980
0.778541
0.779101
0.779659
0.780216
0.780771
0.781325
0.781878
0.782429
0.782979
0.783527
0.784074
0.784619
0.785163
0.785706
0.786248
0.786788
0.787326
0.787863
0.788399
0.788934
0.789467
0.789999
0.790529
0.791058
0.791586
0.792112
0.792637
0.793161
0.793683
0.794204
0.794724
0.795242
0.795759
0.796275
0.796790
0.797303
0.797815
0.798325
0.798834
0.799342
0.799849
0.800354
0.800858
0.801361
0.801862
0.802363
0.802862
0.803359
0.803856
0.804351
0.804845
0.805337
0.805828
0.806319
0.806807
0.807295
0.807781
0.808266
0.808750
0.809233
0.809714
0.810195
0.810674
0.811151
0.811628
0.812103
0.812577
0.813050
0.813522
0.813992
0.814462
0.814930
0.815397
0.815863
0.816327
0.816790
0.817253
0.817714
0.818173
0.818632
0.819090
0.819546
0.820001
0.820455
0.820908
0.821360
0.821810
0.822260
0.822708
0.823155
0.823601
0.824046
0.824489
0.824932
0.825373
0.825814
0.826253
0.826691
0.827128
0.827564
0.827999
0.828432
0.828865
0.829296
0.829727
0.830156
0.830584
0.831011
0.831437
0.831862
0.832286
0.832709
0.833130
0.833551
0.833970
0.834389
0.834806
0.835223
0.835638
0.836052
0.836465
0.836877
0.837288
0.837698
0.838107
0.838515
0.838922
0.839328
0.839733
0.840137
