0.045503
0.148976
0.215511
0.251848
0.264480
0.270267
0.273701
0.276248
0.278464
0.280557
0.282601
0.284623
0.286634
0.288637
0.290632
0.292621
0.294604
0.296580
0.298551
0.300515
0.302473
0.304425
0.306372
0.308313
0.310247
0.312177
0.314100
0.316018
0.317930
0.319837
0.321738
0.323634
0.325524
0.327409
0.329289
0.331163
0.333032
0.334895
0.336753
0.338670
0.340397
0.342097
0.343790
0.345478
0.347161
0.348840
0.350514
0.352184
0.353850
0.355511
0.357168
0.358820
0.360468
0.362112
0.363751
0.365386
0.367017
0.368644
0.370266
0.371884
0.373498
0.375107
0.376713
0.378314
0.379911
0.381503
0.383092
0.384676
0.386256
0.387833
0.389405
0.390972
0.392536
0.394096
0.395651
0.397203
0.398750
0.400294
0.401833
0.403368
0.404899
0.406427
0.407950
0.409469
0.410985
0.412496
0.414003
0.415507
0.417006
0.418502
0.419994
0.421482
0.422965
0.424445
0.425922
0.427394
0.428862
0.430327
0.431788
0.433245
0.434698
0.436147
0.437593
0.439035
0.440473
0.441907
0.443338
0.444765
0.446188
0.447607
0.449023
0.450435
0.451843
0.453248
0.454649
0.456046
0.457440
0.458830
0.460216
0.461599
0.462978
0.464354
0.465726
0.467094
0.468459
0.469821
0.471178
0.472533
0.473883
0.475231
0.476574
0.477915
0.479251
0.480584
0.481914
0.483241
0.484563
0.485883
0.487199
0.488511
0.489820
0.491126
0.492428
0.493727
0.495023
0.496315
0.497604
0.498889
0.500172
0.501450
0.502726
0.503998
0.505267
0.506532
0.507795
0.509054
0.510309
0.511562
0.512811
0.514057
0.515300
0.516539
0.517776
0.519009
0.520239
0.521465
0.522689
0.523909
0.525126
0.526340
0.527551
0.528759
0.529963
0.531165
0.532363
0.533558
0.534750
0.535939
0.537125
0.538308
0.539488
0.540665
0.541838
0.543009
0.544176
0.545341
0.546503
0.547661
0.548817
0.549969
0.551119
0.552265
0.553409
0.554550
0.555687
0.556822
0.557954
0.559083
0.560209
0.561332
0.562452
0.563569
0.564683
0.565795
0.566903
0.568009
0.569112
0.570212
0.571309
0.572403
0.573495
0.574583
0.575669
0.576752
0.577832
0.578910
0.579984
0.581056
0.582125
0.583191
0.584255
0.585316
0.586374
0.587429
0.588482
0.589531
0.590579
0.591623
0.592665
0.593704
0.594740
0.595774
0.596805
0.597833
0.598859
0.599882
0.600902
0.601920
0.602935
0.603948
0.604957
0.605965
0.606969
0.607972
0.608971
0.609968
0.610962
0.611954
0.612943
0.613930
0.614914
0.615895
0.616875
0.617851
0.618825
0.619796
0.620765
0.621732
0.622696
0.623657
0.624616
0.625573
0.626527
0.627478
0.628428
0.629374
0.630318
0.631260
0.632200
0.633137
0.634071
0.635003
0.635933
0.636860
0.637785
0.638708
0.639628
0.640546
0.641461
0.642374
0.643285
0.644193
0.645099
0.646003
0.646904
0.647803
0.648700
0.649595
0.650487
0.651377
0.652264
0.653149
0.654032
0.654913
0.655791
0.656667
0.657541
0.658413
0.659282
0.660149
0.661014
0.661877
0.662738
0.663596
0.664452
0.665306
0.666157
0.667007
0.667854
0.668699
0.669542
0.670383
0.671221
0.672058
0.672892
0.673724
0.674554
0.675382
0.676208
0.677031
0.677853
0.678672
0.679489
0.680304
0.681117
0.681928
0.682737
0.683544
0.684349
0.685151
0.685952
0.686750
0.687547
0.688341
0.689134
0.689924
0.690712
0.691499
0.692283
0.693065
0.693845
0.694623
0.695400
0.696174
0.696946
0.697716
0.698485
0.699251
0.700015
0.700778
0.701538
0.702296
0.703053
0.703808
0.704560
0.705311
0.706060
0.706806
0.707551
0.708294
0.709035
0.709775
0.710512
0.711247
0.711981
0.712712
0.713442
0.714170
0.714896
0.715620
0.716342
0.717063
0.717781
0.718498
0.719213
0.719926
0.720637
0.721347
0.722054
0.722760
0.723464
0.724166
0.724866
0.725565
0.726262
0.726957
0.727650
0.728341
0.729031
0.729719
0.730405
0.731089
0.731772
0.732452
0.733131
0.733809
0.734484
0.735158
0.735830
0.736501
0.737169
0.737836
0.738502
0.739165
0.739827
0.740487
0.741146
0.741802
0.742457
0.743111
0.743763
0.744413
0.745061
0.745708
0.746353
0.746996
0.747638
0.748278
0.748917
0.749554
0.750189
0.750822
0.751454
0.752085
0.752713
0.753340
0.753966
0.754590
0.755212
0.755833
0.756452
0.757070
0.757685
0.758300
0.758913
0.759524
0.760134
0.760742
0.761348
0.761953
0.762557
0.763159
0.763759
0.764358
0.764955
0.765551
0.766145
0.766738
0.767329
0.767918
0.768507
0.769093
0.769678
0.770262
0.770844
0.771425
0.772004
0.772582
0.773158
0.773733
0.774306
0.774878
0.775448
0.776017
0.776584
0.777150
0.777715
0.778278
0.778840
0.779400
0.779959
0.780516
0.781072
0.781626
0.782179
0.782731
0.783281
0.783830
0.784378
0.784924
0.785468
0.786011
0.786553
0.787094
0.787633
0.788171
0.788707
0.789242
0.789775
0.790308
0.790838
0.791368
0.791896
0.792423
0.792948
0.793472
0.793995
0.794517
0.795037
0.795555
0.796073
0.796589
0.797104
0.797617
0.798129
0.798640
0.799150
0.799658
0.800165
0.800671
0.801175
0.801678
0.802180
0.802680
0.803180
0.803677
0.804174
0.804670
0.805164
0.805657
0.806148
0.806638
0.807128
0.807615
0.808102
0.808587
0.809072
0.809554
0.810036
0.810516
0.810996
0.811474
0.811950
0.812426
0.812900
0.813373
0.813845
0.814316
0.814785
0.815254
0.815721
0.816187
0.816651
0.817115
0.817577
0.818038
0.818498
0.818957
0.819415
0.819871
0.820326
0.820780
0.821233
0.821685
0.822136
0.822585
0.823034
0.823481
0.823927
0.824372
0.824816
0.825258
0.825700
0.826140
0.826580
0.827018
0.827455
0.827891
0.828325
0.828759
0.829192
0.829623
0.830054
0.830483
0.830911
0.831338
0.831764
0.832189
0.832613
0.833036
0.833457
0.833878
0.834297
0.834716
0.835133
0.835550
0.835965
0.836379
0.836792
0.837204
0.837615
0.838025
0.838434
0.838842
0.839249
0.839655
0.840059
0.840463
0.840866
0.841268
