0.145485
0.195956
0.212903
0.222842
0.231046
0.238745
0.246297
0.253956
0.262148
0.272170
0.277812
0.279861
0.281867
0.283867
0.285860
0.287847
0.289826
0.291800
0.293767
0.295728
0.297682
0.299631
0.301573
0.303510
0.305441
0.307366
0.309285
0.311199
0.313107
0.315010
0.316907
0.318799
0.320685
0.322567
0.324443
0.326313
0.328178
0.330039
0.331894
0.333804
0.335521
0.337214
0.338901
0.340584
0.342261
0.343935
0.345604
0.347269
0.348929
0.350586
0.352238
0.353886
0.355530
0.357169
0.358805
0.360436
0.362063
0.363686
0.365305
0.366920
0.368530
0.370137
0.371739
0.373338
0.374932
0.376522
0.378109
0.379691
0.381269
0.382843
0.384413
0.385979
0.387541
0.389099
0.390653
0.392203
0.393750
0.395292
0.396830
0.398364
0.399895
0.401422
0.402944
0.404463
0.405978
0.407489
0.408996
0.410499
0.411999
0.413495
0.414986
0.416474
0.417959
0.419439
0.420916
0.422389
0.423858
0.425323
0.426785
0.428243
0.429697
0.431148
0.432595
0.434038
0.435477
0.436913
0.438345
0.439773
0.441198
0.442619
0.444037
0.445451
0.446861
0.448268
0.449671
0.451070
0.452466
0.453859
0.455248
0.456633
0.458015
0.459393
0.460768
0.462139
0.463507
0.464871
0.466232
0.467589
0.468943
0.470293
0.471640
0.472984
0.474324
0.475661
0.476994
0.478324
0.479650
0.480973
0.482293
0.483609
0.484922
0.486232
0.487538
0.488841
0.490141
0.491437
0.492730
0.494020
0.495306
0.496589
0.497869
0.499146
0.500419
0.501689
0.502956
0.504220
0.505480
0.506738
0.507992
0.509242
0.510490
0.511734
0.512976
0.514214
0.515449
0.516681
0.517909
0.519135
0.520357
0.521577
0.522793
0.524006
0.525216
0.526423
0.527627
0.528827
0.530025
0.531220
0.532411
0.533600
0.534786
0.535968
0.537148
0.538324
0.539498
0.540668
0.541836
0.543000
0.544162
0.545320
0.546476
0.547629
0.548779
0.549926
0.551070
0.552211
0.553349
0.554484
0.555616
0.556746
0.557872
0.558996
0.560117
0.561235
0.562350
0.563462
0.564572
0.565679
0.566782
0.567883
0.568982
0.570077
0.571170
0.572259
0.573347
0.574431
0.575512
0.576591
0.577667
0.578741
0.579811
0.580879
0.581944
0.583006
0.584066
0.585123
0.586177
0.587229
0.588278
0.589324
0.590368
0.591409
0.592447
0.593483
0.594516
0.595546
0.596574
0.597599
0.598622
0.599642
0.600659
0.601674
0.602686
0.603696
0.604703
0.605707
0.606709
0.607708
0.608705
0.609699
0.610691
0.611680
0.612667
0.613651
0.614633
0.615612
0.616589
0.617563
0.618535
0.619504
0.620471
0.621435
0.622397
0.623356
0.624313
0.625268
0.626220
0.627170
0.628117
0.629062
0.630004
0.630944
0.631882
0.632817
0.633750
0.634681
0.635609
0.636535
0.637458
0.638379
0.639298
0.640215
0.641129
0.642040
0.642950
0.643857
0.644762
0.645664
0.646564
0.647462
0.648358
0.649251
0.650143
0.651031
0.651918
0.652802
0.653684
0.654564
0.655442
0.656317
0.657190
0.658061
0.658930
0.659796
0.660660
0.661522
0.662382
0.663240
0.664096
0.664949
0.665800
0.666649
0.667496
0.668341
0.669183
0.670023
0.670862
0.671698
0.672532
0.673364
0.674193
0.675021
0.675847
0.676670
0.677491
0.678311
0.679128
0.679943
0.680756
0.681567
0.682376
0.683183
0.683987
0.684790
0.685591
0.686390
0.687186
0.687981
0.688773
0.689564
0.690353
0.691139
0.691924
0.692706
0.693487
0.694265
0.695042
0.695817
0.696589
0.697360
0.698129
0.698895
0.699660
0.700423
0.701184
0.701943
0.702700
0.703455
0.704209
0.704960
0.705709
0.706457
0.707202
0.707946
0.708688
0.709428
0.710166
0.710902
0.711637
0.712369
0.713100
0.713828
0.714555
0.715280
0.716003
0.716725
0.717444
0.718162
0.718878
0.719592
0.720304
0.721014
0.721723
0.722430
0.723135
0.723838
0.724539
0.725239
0.725937
0.726633
0.727327
0.728020
0.728711
0.729400
0.730087
0.730773
0.731456
0.732138
0.732819
0.733497
0.734174
0.734849
0.735523
0.736195
0.736865
0.737533
0.738200
0.738865
0.739528
0.740189
0.740849
0.741507
0.742164
0.742819
0.743472
0.744124
0.744773
0.745422
0.746068
0.746713
0.747356
0.747998
0.748638
0.749277
0.749913
0.750548
0.751182
0.751814
0.752444
0.753073
0.753700
0.754326
0.754950
0.755572
0.756193
0.756812
0.757430
0.758046
0.758660
0.759273
0.759885
0.760494
0.761103
0.761709
0.762315
0.762918
0.763520
0.764121
0.764720
0.765318
0.765914
0.766508
0.767101
0.767693
0.768283
0.768871
0.769458
0.770044
0.770628
0.771210
0.771791
0.772371
0.772949
0.773526
0.774101
0.774675
0.775247
0.775818
0.776387
0.776955
0.777522
0.778087
0.778650
0.779212
0.779773
0.780332
0.780890
0.781447
0.782002
0.782555
0.783108
0.783659
0.784208
0.784756
0.785303
0.785848
0.786392
0.786934
0.787476
0.788015
0.788554
0.789091
0.789626
0.790161
0.790694
0.791225
0.791755
0.792284
0.792812
0.793338
0.793863
0.794386
0.794909
0.795430
0.795949
0.796467
0.796984
0.797500
0.798014
0.798527
0.799039
0.799549
0.800058
0.800566
0.801073
0.801578
0.802082
0.802584
0.803086
0.803586
0.804085
0.804582
0.805079
0.805574
0.806068
0.806560
0.807051
0.807541
0.808030
0.808518
0.809004
0.809489
0.809973
0.810456
0.810937
0.811417
0.811896
0.812374
0.812851
0.813326
0.813800
0.814273
0.814745
0.815215
0.815684
0.816153
0.816619
0.817085
0.817550
0.818013
0.818475
0.818936
0.819396
0.819855
0.820313
0.820769
0.821224
0.821678
0.822131
0.822583
0.823034
0.823483
0.823931
0.824379
0.824825
0.825270
0.825713
0.826156
0.826598
0.827038
0.827477
0.827915
0.828353
0.828788
0.829223
0.829657
0.830090
0.830521
0.830952
0.831381
0.831809
0.832237
0.832663
0.833088
0.833512
0.833935
0.834356
0.834777
0.835197
0.835615
0.836033
0.836449
0.836865
0.837279
0.837692
0.838105
0.838516
0.838926
0.839335
0.839743
