0.037361
0.026547
0.038392
0.061054
0.084446
0.105167
0.123637
0.140282
0.155400
0.169248
0.182028
0.193898
0.204969
0.215336
0.225097
0.234340
0.243136
0.251550
0.259647
0.267499
0.275186
0.282785
0.290433
0.298444
0.307482
0.315871
0.319756
0.321788
0.323693
0.325592
0.327487
0.329378
0.331265
0.333149
0.335029
0.336905
0.338779
0.340650
0.342518
0.344393
0.346069
0.347770
0.349472
0.351173
0.352872
0.354570
0.356268
0.357964
0.359659
0.361353
0.363046
0.364739
0.366431
0.368122
0.369813
0.371503
0.373193
0.374882
0.376572
0.378261
0.379950
0.381639
0.383328
0.385017
0.386707
0.388397
0.390087
0.391778
0.393469
0.395162
0.396854
0.398548
0.400243
0.401938
0.403635
0.405333
0.407032
0.408733
0.410435
0.412139
0.413844
0.415551
0.417260
0.418971
0.420684
0.422399
0.424116
0.425835
0.427557
0.429281
0.431008
0.432738
0.434471
0.436206
0.437944
0.439686
0.441430
0.443178
0.444929
0.446684
0.448442
0.450204
0.451970
0.453740
0.455514
0.457291
0.459073
0.460859
0.462650
0.464445
0.466245
0.468049
0.469858
0.471672
0.473491
0.475315
0.477144
0.478978
0.480818
0.482663
0.484514
0.486371
0.488233
0.490101
0.491975
0.493855
0.495741
0.497634
0.499533
0.501438
0.503349
0.505268
0.507192
0.509124
0.511063
0.513008
0.514960
0.516920
0.518887
0.520861
0.522842
0.524831
0.526827
0.528830
0.530842
0.532861
0.534888
0.536922
0.538965
0.541016
0.543074
0.545141
0.547216
0.549299
0.551390
0.553490
0.555598
0.557714
0.559839
0.561972
0.564114
0.566264
0.568423
0.570591
0.572767
0.574952
0.577146
0.579348
0.581560
0.583779
0.586008
0.588245
0.590492
0.592747
0.595010
0.597283
0.599564
0.601854
0.604153
0.606460
0.608776
0.611101
0.613434
0.615776
0.618127
0.620486
0.622853
0.625229
0.627613
0.630006
0.632406
0.634815
0.637232
0.639656
0.642089
0.644529
0.646978
0.649433
0.651897
0.654367
0.656845
0.659330
0.661823
0.664322
0.666827
0.669340
0.671859
0.674384
0.676916
0.679454
0.681997
0.684546
0.687101
0.689661
0.692226
0.694797
0.697372
0.699952
0.702536
0.705124
0.707716
0.710312
0.712912
0.715514
0.718120
0.720729
0.723340
0.725954
0.728570
0.731187
0.733806
0.736426
0.739048
0.741670
0.744292
0.746915
0.749538
0.752160
0.754781
0.757402
0.760021
0.762638
0.765253
0.767866
0.770477
0.773085
0.775689
0.778290
0.780886
0.783479
0.786067
0.788650
0.791227
0.793799
0.796365
0.798924
0.801477
0.804023
0.806561
0.809092
0.811614
0.814127
0.816632
0.819128
0.821614
0.824089
0.826555
0.829010
0.831453
0.833885
0.836306
0.838714
0.841109
0.843492
0.845861
0.848217
0.850558
0.852885
0.855198
0.857495
0.859778
0.862044
0.864294
0.866528
0.868745
0.870945
0.873127
0.875292
0.877439
0.879567
0.881677
0.883768
0.885840
0.887892
0.889924
0.891937
0.893928
0.895900
0.897850
0.899780
0.901688
0.903575
0.905440
0.907283
0.909103
0.910902
0.912678
0.914431
0.916161
0.917869
0.919553
0.921214
0.922851
0.924465
0.926056
0.927622
0.929165
0.930684
0.932179
0.933649
0.935096
0.936519
0.937918
0.939292
0.940642
0.941969
0.943271
0.944549
0.945803
0.947033
0.948240
0.949422
0.950581
0.951716
0.952828
0.953916
0.954981
0.956023
0.957041
0.958037
0.959011
0.959962
0.960890
0.961797
0.962681
0.963544
0.964385
0.965206
0.966005
0.966783
0.967541
0.968278
0.968996
0.969694
0.970372
0.971031
0.971671
0.972293
0.972896
0.973481
0.974049
0.974599
0.975132
0.975648
0.976148
0.976632
0.977100
0.977552
0.977989
0.978412
0.978819
0.979213
0.979593
0.979959
0.980312
0.980652
0.980979
0.981294
0.981597
0.981889
0.982169
0.982438
0.982697
0.982945
0.983183
0.983412
0.983630
0.983840
0.984041
0.984233
0.984417
0.984593
0.984761
0.984921
0.985074
0.985220
0.985360
0.985493
0.985619
0.985740
0.985855
0.985964
0.986068
0.986166
0.986260
0.986349
0.986434
0.986514
0.986590
0.986662
0.986730
0.986794
0.986855
0.986913
0.986968
0.987019
0.987068
0.987114
0.987157
0.987198
0.987236
0.987272
0.987306
0.987338
0.987368
0.987397
0.987423
0.987448
0.987471
0.987493
0.987514
0.987533
0.987551
0.987568
0.987584
0.987598
0.987612
0.987625
0.987637
0.987648
0.987658
0.987668
0.987677
0.987685
0.987693
0.987700
0.987707
0.987713
0.987719
0.987725
0.987730
0.987734
0.987738
0.987742
0.987746
0.987749
0.987752
0.987755
0.987758
0.987760
0.987763
0.987765
0.987767
0.987769
0.987770
0.987772
0.987773
0.987774
0.987775
0.987776
0.987777
0.987778
0.987779
0.987780
0.987781
0.987781
0.987782
0.987782
0.987783
0.987783
0.987784
0.987784
0.987784
0.987785
0.987785
0.987785
0.987785
0.987786
0.987786
0.987786
0.987786
0.987786
0.987786
0.987786
0.987787
0.987787
0.987787
0.987787
0.987787
0.987787
0.987787
0.987787
0.987787
0.987787
0.987787
0.987787
0.987787
0.987787
0.987787
0.987787
0.987787
0.987787
0.987787
0.987787
0.987787
0.987787
0.987787
0.987787
0.987787
0.987787
0.987787
0.987787
0.987787
0.987787
0.987787
0.987787
0.987787
0.987787
0.987787
0.987787
0.987787
0.987787
0.987787
0.987787
0.987787
0.987787
0.987787
0.987787
0.987787
0.987787
0.987787
0.987787
0.987788
0.987788
0.987788
0.987788
0.987788
0.987788
0.987788
0.987788
0.987788
0.987788
0.987788
0.987788
0.987788
0.987788
0.987788
0.987788
0.987788
0.987788
0.987788
0.987788
0.987788
0.987788
0.987788
0.987788
0.987788
0.987788
0.987788
0.987788
0.987788
0.987788
0.987788
0.987788
0.987788
0.987788
0.987788
0.987788
0.987788
0.987788
0.987788
0.987788
0.987788
0.987788
0.987788
0.987788
0.987788
0.987788
0.987788
0.987788
0.987788
0.987788
0.987788
0.987788
0.987788
0.987788
0.987788
0.987788
0.987788
0.987788
