0.051450
0.082573
0.098829
0.114143
0.129809
0.144976
0.159183
0.172339
0.184537
0.195901
0.206523
0.216505
0.225938
0.234900
0.243455
0.251669
0.259611
0.267358
0.274988
0.282601
0.290426
0.299039
0.308358
0.313626
0.315803
0.317684
0.319554
0.321418
0.323276
0.325128
0.326973
0.328812
0.330646
0.332474
0.334296
0.336113
0.337925
0.339731
0.341532
0.343362
0.344996
0.346631
0.348264
0.349892
0.351517
0.353138
0.354754
0.356367
0.357975
0.359579
0.361180
0.362776
0.364369
0.365957
0.367542
0.369123
0.370699
0.372272
0.373841
0.375406
0.376968
0.378525
0.380079
0.381629
0.383175
0.384718
0.386256
0.387791
0.389322
0.390850
0.392373
0.393893
0.395410
0.396923
0.398432
0.399937
0.401439
0.402937
0.404432
0.405923
0.407411
0.408895
0.410375
0.411852
0.413326
0.414796
0.416262
0.417725
0.419185
0.420641
0.422094
0.423544
0.424990
0.426432
0.427872
0.429308
0.430740
0.432170
0.433596
0.435019
0.436439
0.437855
0.439268
0.440678
0.442085
0.443489
0.444889
0.446286
0.447681
0.449072
0.450460
0.451845
0.453227
0.454605
0.455981
0.457354
0.458724
0.460091
0.461455
0.462816
0.464174
0.465529
0.466881
0.468231
0.469578
0.470921
0.472262
0.473601
0.474936
0.476269
0.477599
0.478926
0.480250
0.481572
0.482891
0.484208
0.485522
0.486833
0.488142
0.489448
0.490752
0.492053
0.493352
0.494648
0.495942
0.497233
0.498522
0.499808
0.501092
0.502374
0.503654
0.504931
0.506205
0.507478
0.508748
0.510016
0.511282
0.512546
0.513807
0.515067
0.516324
0.517579
0.518832
0.520083
0.521332
0.522579
0.523824
0.525067
0.526308
0.527547
0.528785
0.530020
0.531254
0.532485
0.533715
0.534944
0.536170
0.537395
0.538618
0.539839
0.541059
0.542277
0.543494
0.544708
0.545922
0.547134
0.548344
0.549553
0.550761
0.551967
0.553171
0.554375
0.555577
0.556777
0.557977
0.559175
0.560372
0.561567
0.562762
0.563955
0.565147
0.566338
0.567529
0.568718
0.569906
0.571093
0.572279
0.573464
0.574648
0.575832
0.577014
0.578196
0.579377
0.580557
0.581736
0.582915
0.584093
0.585271
0.586448
0.587624
0.588800
0.589975
0.591150
0.592324
0.593498
0.594671
0.595844
0.597017
0.598189
0.599361
0.600533
0.601705
0.602876
0.604047
0.605218
0.606390
0.607560
0.608731
0.609902
0.611073
0.612244
0.613415
0.614586
0.615758
0.616929
0.618101
0.619273
0.620445
0.621617
0.622790
0.623963
0.625137
0.626311
0.627485
0.628660
0.629835
0.631011
0.632187
0.633364
0.634542
0.635720
0.636899
0.638079
0.639259
0.640440
0.641622
0.642805
0.643989
0.645173
0.646358
0.647545
0.648732
0.649920
0.651110
0.652300
0.653492
0.654684
0.655878
0.657073
0.658269
0.659466
0.660664
0.661864
0.663065
0.664267
0.665471
0.666676
0.667882
0.669090
0.670299
0.671510
0.672722
0.673935
0.675150
0.676367
0.677585
0.678805
0.680026
0.681250
0.682474
0.683700
0.684928
0.686158
0.687390
0.688623
0.689858
0.691094
0.692333
0.693573
0.694815
0.696059
0.697305
0.698552
0.699802
0.701053
0.702306
0.703561
0.704818
0.706077
0.707338
0.708601
0.709866
0.711132
0.712401
0.713672
0.714944
0.716219
0.717496
0.718774
0.720055
0.721337
0.722622
0.723908
0.725197
0.726487
0.727780
0.729074
0.730371
0.731669
0.732969
0.734272
0.735576
0.736882
0.738190
0.739500
0.740813
0.742126
0.743442
0.744760
0.746080
0.747401
0.748724
0.750049
0.751376
0.752705
0.754035
0.755367
0.756701
0.758037
0.759374
0.760713
0.762054
0.763396
0.764739
0.766085
0.767431
0.768779
0.770129
0.771480
0.772833
0.774186
0.775542
0.776898
0.778256
0.779614
0.780974
0.782336
0.783698
0.785061
0.786425
0.787790
0.789156
0.790523
0.791891
0.793259
0.794628
0.795998
0.797368
0.798739
0.800111
0.801482
0.802855
0.804227
0.805600
0.806973
0.808346
0.809719
0.811092
0.812465
0.813838
0.815211
0.816583
0.817955
0.819327
0.820699
0.822069
0.823440
0.824809
0.826178
0.827546
0.828913
0.830279
0.831644
0.833008
0.834371
0.835732
0.837092
0.838451
0.839808
0.841163
0.842517
0.843869
0.845219
0.846567
0.847913
0.849257
0.850599
0.851939
0.853276
0.854610
0.855943
0.857272
0.858599
0.859923
0.861243
0.862561
0.863876
0.865188
0.866496
0.867801
0.869103
0.870400
0.871695
0.872985
0.874272
0.875554
0.876833
0.878108
0.879378
0.880644
0.881906
0.883163
0.884415
0.885663
0.886906
0.888144
0.889377
0.890605
0.891828
0.893046
0.894258
0.895465
0.896667
0.897862
0.899052
0.900237
0.901415
0.902588
0.903754
0.904914
0.906068
0.907216
0.908358
0.909492
0.910621
0.911742
0.912857
0.913966
0.915067
0.916161
0.917249
0.918329
0.919402
0.920468
0.921526
0.922577
0.923621
0.924657
0.925685
0.926706
0.927719
0.928724
0.929722
0.930711
0.931693
0.932667
0.933632
0.934589
0.935538
0.936479
0.937412
0.938336
0.939252
0.940159
0.941058
0.941949
0.942831
0.943704
0.944569
0.945425
0.946273
0.947112
0.947942
0.948763
0.949575
0.950379
0.951174
0.951960
0.952737
0.953506
0.954265
0.955016
0.955757
0.956490
0.957214
0.957929
0.958635
0.959332
0.960021
0.960700
0.961371
0.962032
0.962685
0.963329
0.963965
0.964591
0.965209
0.965817
0.966418
0.967009
0.967592
0.968166
0.968731
0.969288
0.969836
0.970376
0.970908
0.971431
0.971945
0.972451
0.972949
0.973439
0.973920
0.974394
0.974859
0.975316
0.975765
0.976207
0.976640
0.977066
0.977483
0.977894
0.978296
0.978691
0.979079
0.979459
0.979831
0.980197
0.980555
0.980906
0.981250
0.981587
0.981917
0.982241
0.982557
0.982867
0.983170
0.983467
0.983757
0.984041
0.984319
0.984590
0.984855
0.985115
0.985368
0.985615
0.985857
0.986093
0.986323
0.986548
0.986767
0.986981
0.987190
0.987393
0.987591
0.987785
0.987973
0.988156
0.988335
0.988509
