0.081979
0.174870
0.212606
0.229263
0.239559
0.248018
0.256132
0.264742
0.275348
0.280033
0.282047
0.284045
0.286037
0.288022
0.290000
0.291972
0.293937
0.295896
0.297848
0.299795
0.301735
0.303669
0.305597
0.307519
0.309436
0.311347
0.313252
0.315152
0.317046
0.318935
0.320818
0.322696
0.324568
0.326436
0.328298
0.330154
0.332006
0.333852
0.335693
0.337590
0.339294
0.340976
0.342650
0.344320
0.345985
0.347646
0.349303
0.350956
0.352604
0.354248
0.355888
0.357523
0.359155
0.360782
0.362405
0.364024
0.365639
0.367250
0.368856
0.370459
0.372057
0.373652
0.375242
0.376828
0.378410
0.379988
0.381562
0.383132
0.384698
0.386260
0.387818
0.389372
0.390922
0.392468
0.394011
0.395549
0.397083
0.398613
0.400140
0.401662
0.403181
0.404696
0.406207
0.407714
0.409217
0.410716
0.412212
0.413703
0.415191
0.416675
0.418155
0.419632
0.421105
0.422573
0.424039
0.425500
0.426958
0.428412
0.429862
0.431309
0.432752
0.434191
0.435626
0.437058
0.438486
0.439911
0.441332
0.442749
0.444163
0.445573
0.446979
0.448382
0.449781
0.451177
0.452569
0.453957
0.455342
0.456724
0.458102
0.459476
0.460847
0.462215
0.463579
0.464939
0.466296
0.467650
0.469000
0.470346
0.471689
0.473029
0.474365
0.475698
0.477028
0.478354
0.479677
0.480996
0.482312
0.483625
0.484934
0.486240
0.487542
0.488842
0.490138
0.491430
0.492720
0.494006
0.495288
0.496568
0.497844
0.499117
0.500387
0.501653
0.502917
0.504177
0.505433
0.506687
0.507937
0.509185
0.510429
0.511670
0.512907
0.514142
0.515373
0.516601
0.517826
0.519048
0.520267
0.521483
0.522696
0.523905
0.525112
0.526315
0.527516
0.528713
0.529907
0.531098
0.532286
0.533471
0.534653
0.535833
0.537009
0.538182
0.539352
0.540519
0.541683
0.542844
0.544002
0.545157
0.546310
0.547459
0.548605
0.549749
0.550889
0.552027
0.553162
0.554294
0.555423
0.556549
0.557672
0.558792
0.559910
0.561025
0.562136
0.563245
0.564352
0.565455
0.566555
0.567653
0.568748
0.569840
0.570930
0.572016
0.573100
0.574181
0.575259
0.576335
0.577408
0.578478
0.579545
0.580610
0.581671
0.582731
0.583787
0.584841
0.585892
0.586940
0.587986
0.589029
0.590070
0.591108
0.592143
0.593175
0.594205
0.595232
0.596257
0.597279
0.598298
0.599315
0.600329
0.601341
0.602350
0.603357
0.604361
0.605362
0.606361
0.607357
0.608351
0.609342
0.610331
0.611317
0.612300
0.613282
0.614260
0.615236
0.616210
0.617181
0.618150
0.619116
0.620080
0.621041
0.622000
0.622957
0.623911
0.624862
0.625811
0.626758
0.627703
0.628644
0.629584
0.630521
0.631456
0.632388
0.633318
0.634246
0.635171
0.636094
0.637015
0.637933
0.638849
0.639762
0.640673
0.641582
0.642489
0.643393
0.644295
0.645195
0.646092
0.646987
0.647880
0.648771
0.649659
0.650545
0.651429
0.652310
0.653189
0.654066
0.654941
0.655814
0.656684
0.657552
0.658418
0.659282
0.660143
0.661003
0.661860
0.662715
0.663568
0.664418
0.665267
0.666113
0.666957
0.667799
0.668639
0.669477
0.670312
0.671146
0.671977
0.672806
0.673633
0.674458
0.675281
0.676102
0.676921
0.677737
0.678552
0.679364
0.680175
0.680983
0.681789
0.682594
0.683396
0.684196
0.684994
0.685790
0.686584
0.687376
0.688166
0.688954
0.689740
0.690524
0.691306
0.692086
0.692864
0.693640
0.694415
0.695187
0.695957
0.696725
0.697491
0.698255
0.699018
0.699778
0.700537
0.701293
0.702048
0.702801
0.703551
0.704300
0.705047
0.705792
0.706535
0.707277
0.708016
0.708754
0.709489
0.710223
0.710955
0.711685
0.712413
0.713140
0.713864
0.714587
0.715307
0.716026
0.716744
0.717459
0.718172
0.718884
0.719594
0.720302
0.721008
0.721713
0.722415
0.723116
0.723815
0.724513
0.725208
0.725902
0.726594
0.727284
0.727973
0.728660
0.729345
0.730028
0.730710
0.731389
0.732067
0.732744
0.733418
0.734091
0.734763
0.735432
0.736100
0.736766
0.737430
0.738093
0.738754
0.739413
0.740071
0.740727
0.741382
0.742034
0.742685
0.743335
0.743982
0.744628
0.745273
0.745916
0.746557
0.747196
0.747834
0.748470
0.749105
0.749738
0.750369
0.750999
0.751628
0.752254
0.752879
0.753503
0.754125
0.754745
0.755364
0.755981
0.756596
0.757210
0.757823
0.758434
0.759043
0.759651
0.760257
0.760862
0.761465
0.762066
0.762666
0.763265
0.763862
0.764458
0.765052
0.765644
0.766235
0.766825
0.767413
0.767999
0.768584
0.769168
0.769750
0.770330
0.770909
0.771487
0.772063
0.772638
0.773211
0.773783
0.774353
0.774922
0.775490
0.776056
0.776620
0.777183
0.777745
0.778305
0.778864
0.779421
0.779977
0.780532
0.781085
0.781637
0.782187
0.782736
0.783284
0.783830
0.784375
0.784918
0.785460
0.786001
0.786540
0.787078
0.787615
0.788150
0.788684
0.789216
0.789747
0.790277
0.790805
0.791332
0.791858
0.792383
0.792906
0.793427
0.793948
0.794467
0.794985
0.795501
0.796016
0.796530
0.797043
0.797554
0.798064
0.798572
0.799080
0.799586
0.800091
0.800594
0.801096
0.801597
0.802097
0.802595
0.803092
0.803588
0.804083
0.804576
0.805068
0.805559
0.806049
0.806537
0.807024
0.807510
0.807995
0.808478
0.808960
0.809441
0.809921
0.810400
0.810877
0.811353
0.811828
0.812302
0.812774
0.813245
0.813715
0.814184
0.814652
0.815119
0.815584
0.816048
0.816511
0.816973
0.817433
0.817893
0.818351
0.818808
0.819264
0.819719
0.820173
0.820625
0.821076
0.821527
0.821976
0.822424
0.822870
0.823316
0.823760
0.824204
0.824646
0.825087
0.825527
0.825966
0.826404
0.826841
0.827276
0.827711
0.828144
0.828576
0.829007
0.829437
0.829866
0.830294
0.830721
0.831147
0.831571
0.831995
0.832417
0.832839
0.833259
0.833678
0.834096
0.834514
0.834930
0.835345
0.835759
0.836172
0.836583
0.836994
0.837404
0.837813
0.838220
0.838627
0.839033
0.839437
