0.050358
0.078725
0.096527
0.113361
0.129695
0.145054
0.159279
0.172417
0.184599
0.195947
0.206556
0.216525
0.225947
0.234898
0.243444
0.251648
0.259582
0.267322
0.274944
0.282549
0.290366
0.298970
0.308275
0.313526
0.315700
0.317581
0.319452
0.321317
0.323175
0.325027
0.326872
0.328712
0.330546
0.332374
0.334197
0.336014
0.337825
0.339631
0.341432
0.343264
0.344899
0.346535
0.348168
0.349796
0.351421
0.353042
0.354658
0.356271
0.357879
0.359483
0.361083
0.362679
0.364271
0.365859
0.367444
0.369024
0.370600
0.372172
0.373741
0.375305
0.376866
0.378422
0.379975
0.381524
0.383069
0.384610
0.386148
0.387681
0.389211
0.390737
0.392259
0.393778
0.395292
0.396803
0.398311
0.399814
0.401314
0.402810
0.404302
0.405791
0.407276
0.408758
0.410236
0.411710
0.413181
0.414648
0.416111
0.417571
0.419028
0.420480
0.421930
0.423376
0.424818
0.426257
0.427692
0.429124
0.430552
0.431977
0.433399
0.434817
0.436232
0.437643
0.439052
0.440456
0.441858
0.443256
0.444650
0.446042
0.447430
0.448815
0.450197
0.451575
0.452950
0.454322
0.455691
0.457057
0.458419
0.459778
0.461134
0.462487
0.463837
0.465184
0.466528
0.467869
0.469206
0.470541
0.471872
0.473201
0.474526
0.475849
0.477169
0.478485
0.479799
0.481110
0.482418
0.483723
0.485025
0.486324
0.487621
0.488915
0.490205
0.491494
0.492779
0.494062
0.495341
0.496619
0.497893
0.499165
0.500434
0.501700
0.502964
0.504225
0.505484
0.506740
0.507993
0.509244
0.510492
0.511738
0.512982
0.514222
0.515461
0.516697
0.517930
0.519162
0.520390
0.521617
0.522841
0.524063
0.525282
0.526499
0.527714
0.528927
0.530137
0.531345
0.532551
0.533755
0.534957
0.536156
0.537354
0.538549
0.539742
0.540933
0.542123
0.543310
0.544495
0.545678
0.546859
0.548039
0.549216
0.550392
0.551566
0.552737
0.553908
0.555076
0.556242
0.557407
0.558570
0.559731
0.560891
0.562049
0.563206
0.564360
0.565513
0.566665
0.567815
0.568964
0.570111
0.571256
0.572400
0.573543
0.574685
0.575825
0.576963
0.578100
0.579236
0.580371
0.581505
0.582637
0.583768
0.584898
0.586027
0.587154
0.588281
0.589406
0.590531
0.591654
0.592777
0.593898
0.595019
0.596138
0.597257
0.598375
0.599492
0.600608
0.601724
0.602838
0.603953
0.605066
0.606179
0.607291
0.608402
0.609513
0.610623
0.611733
0.612842
0.613951
0.615060
0.616168
0.617275
0.618382
0.619489
0.620596
0.621702
0.622809
0.623914
0.625020
0.626126
0.627231
0.628337
0.629442
0.630547
0.631653
0.632758
0.633863
0.634969
0.636074
0.637180
0.638286
0.639392
0.640498
0.641605
0.642712
0.643819
0.644927
0.646035
0.647143
0.648252
0.649361
0.650471
0.651581
0.652692
0.653803
0.654915
0.656028
0.657141
0.658255
0.659370
0.660486
0.661602
0.662719
0.663837
0.664956
0.666076
0.667196
0.668318
0.669440
0.670564
0.671689
0.672814
0.673941
0.675069
0.676198
0.677328
0.678460
0.679592
0.680726
0.681862
0.682998
0.684136
0.685275
0.686415
0.687557
0.688701
0.689845
0.690992
0.692139
0.693288
0.694439
0.695591
0.696745
0.697901
0.699058
0.700217
0.701377
0.702539
0.703703
0.704868
0.706035
0.707204
0.708375
0.709548
0.710722
0.711898
0.713076
0.714256
0.715437
0.716621
0.717806
0.718994
0.720183
0.721374
0.722567
0.723762
0.724959
0.726158
0.727359
0.728562
0.729767
0.730974
0.732183
0.733394
0.734607
0.735822
0.737039
0.738257
0.739478
0.740702
0.741927
0.743154
0.744383
0.745614
0.746847
0.748082
0.749319
0.750558
0.751799
0.753043
0.754288
0.755535
0.756784
0.758035
0.759288
0.760542
0.761799
0.763058
0.764318
0.765581
0.766845
0.768111
0.769379
0.770649
0.771920
0.773193
0.774468
0.775745
0.777023
0.778303
0.779585
0.780868
0.782153
0.783439
0.784727
0.786016
0.787307
0.788599
0.789892
0.791187
0.792483
0.793780
0.795079
0.796379
0.797680
0.798982
0.800285
0.801589
0.802894
0.804199
0.805506
0.806814
0.808122
0.809431
0.810741
0.812051
0.813362
0.814673
0.815984
0.817297
0.818609
0.819922
0.821234
0.822547
0.823860
0.825173
0.826486
0.827799
0.829112
0.830424
0.831736
0.833047
0.834359
0.835669
0.836979
0.838288
0.839597
0.840904
0.842211
0.843516
0.844821
0.846124
0.847426
0.848727
0.850027
0.851324
0.852621
0.853915
0.855208
0.856499
0.857788
0.859075
0.860360
0.861643
0.862924
0.864202
0.865478
0.866751
0.868021
0.869289
0.870554
0.871816
0.873075
0.874331
0.875584
0.876833
0.878079
0.879322
0.880561
0.881796
0.883027
0.884255
0.885479
0.886699
0.887914
0.889125
0.890332
0.891535
0.892733
0.893926
0.895115
0.896298
0.897477
0.898651
0.899820
0.900983
0.902142
0.903295
0.904442
0.905584
0.906720
0.907851
0.908975
0.910094
0.911207
0.912313
0.913414
0.914508
0.915595
0.916677
0.917752
0.918820
0.919881
0.920936
0.921984
0.923025
0.924058
0.925085
0.926105
0.927117
0.928122
0.929120
0.930110
0.931093
0.932068
0.933036
0.933996
0.934948
0.935892
0.936828
0.937756
0.938677
0.939589
0.940493
0.941389
0.942277
0.943156
0.944027
0.944890
0.945744
0.946590
0.947428
0.948257
0.949077
0.949889
0.950692
0.951487
0.952273
0.953050
0.953819
0.954578
0.955330
0.956072
0.956805
0.957530
0.958246
0.958953
0.959651
0.960341
0.961022
0.961694
0.962357
0.963011
0.963656
0.964293
0.964921
0.965540
0.966151
0.966752
0.967345
0.967930
0.968505
0.969072
0.969631
0.970180
0.970722
0.971254
0.971779
0.972295
0.972802
0.973301
0.973792
0.974275
0.974749
0.975215
0.975673
0.976123
0.976565
0.976999
0.977425
0.977844
0.978254
0.978657
0.979052
0.979440
0.979820
0.980193
0.980558
0.980916
0.981267
0.981610
0.981947
0.982276
0.982599
0.982914
0.983223
0.983526
0.983821
0.984110
0.984393
0.984669
0.984939
0.985203
