-0.011276
-0.034157
0.024400
0.069315
0.105585
0.136009
0.162301
0.185530
0.206406
0.225411
0.242865
0.259031
0.274125
0.288318
0.301733
0.314464
0.326609
0.338257
0.349485
0.360357
0.370937
0.381293
0.391504
0.401648
0.411835
0.422306
0.433627
0.445436
0.453677
0.458885
0.463681
0.468501
0.473359
0.478254
0.483186
0.488154
0.493159
0.498200
0.503276
0.508121
0.512888
0.517911
0.522983
0.528097
0.533251
0.538441
0.543667
0.548927
0.554220
0.559544
0.564898
0.570281
0.575691
0.581128
0.586590
0.592076
0.597583
0.603112
0.608659
0.614224
0.619805
0.625401
0.631009
0.636627
0.642255
0.647891
0.653531
0.659175
0.664821
0.670466
0.676109
0.681747
0.687378
0.693001
0.698612
0.704210
0.709793
0.715359
0.720904
0.726428
0.731927
0.737399
0.742842
0.748254
0.753633
0.758975
0.764279
0.769542
0.774763
0.779938
0.785066
0.790144
0.795170
0.800142
0.805058
0.809915
0.814712
0.819447
0.824117
0.828720
0.833256
0.837721
0.842114
0.846434
0.850679
0.854847
0.858938
0.862948
0.866878
0.870727
0.874492
0.878173
0.881770
0.885281
0.888705
0.892043
0.895294
0.898457
0.901532
0.904519
0.907418
0.910229
0.912953
0.915590
0.918139
0.920603
0.922980
0.925273
0.927482
0.929608
0.931652
0.933615
0.935499
0.937305
0.939034
0.940687
0.942268
0.943776
0.945214
0.946583
0.947886
0.949124
0.950298
0.951412
0.952467
0.953465
0.954407
0.955297
0.956135
0.956924
0.957666
0.958363
0.959017
0.959629
0.960202
0.960737
0.961237
0.961702
0.962136
0.962539
0.962913
0.963260
0.963582
0.963879
0.964154
0.964408
0.964641
0.964856
0.965054
0.965235
0.965402
0.965554
0.965693
0.965820
0.965936
0.966042
0.966138
0.966225
0.966304
0.966376
0.966441
0.966500
0.966553
0.966600
0.966643
0.966682
0.966717
0.966748
0.966776
0.966801
0.966823
0.966843
0.966860
0.966876
0.966890
0.966903
0.966914
0.966923
0.966932
0.966940
0.966946
0.966952
0.966958
0.966962
0.966966
0.966970
0.966973
0.966975
0.966978
0.966980
0.966982
0.966983
0.966985
0.966986
0.966987
0.966988
0.966989
0.966989
0.966990
0.966990
0.966991
0.966991
0.966991
0.966992
0.966992
0.966992
0.966992
0.966992
0.966993
0.966993
0.966993
0.966993
0.966993
0.966993
0.966993
0.966993
0.966993
0.966993
0.966993
0.966993
0.966993
0.966993
0.966993
0.966993
0.966993
0.966993
0.966993
0.966993
0.966993
0.966993
0.966993
0.966993
0.966993
0.966993
0.966993
0.966993
0.966993
0.966993
0.966993
0.966993
0.966993
0.966993
0.966993
0.966993
0.966993
0.966993
0.966993
0.966993
0.966993
0.966993
0.966993
0.966993
0.966993
0.966993
0.966993
0.966993
0.966993
0.966993
0.966993
0.966993
0.966993
0.966993
0.966993
0.966993
0.966993
0.966993
0.966993
0.966993
0.966993
0.966993
0.966993
0.966993
0.966993
0.966993
0.966993
0.966993
0.966993
0.966993
0.966993
0.966993
0.966993
0.966993
0.966993
0.966993
0.966993
0.966993
0.966993
0.966993
0.966993
0.966993
0.966993
0.966993
0.966993
0.966993
0.966993
0.966993
0.966993
0.966993
0.966993
0.966993
0.966993
0.966993
0.966993
0.966993
0.966993
0.966993
0.966993
0.966993
0.966993
0.966993
0.966993
0.966993
0.966993
0.966993
0.966993
0.966993
0.966993
0.966993
0.966993
0.966993
0.966993
0.966993
0.966993
0.966993
0.966993
0.966993
0.966993
0.966993
0.966993
0.966993
0.966993
0.966993
0.966993
0.966993
0.966993
0.966993
0.966993
0.966993
0.966993
0.966993
0.966993
0.966993
0.966993
0.966993
0.966993
0.966993
0.966993
0.966993
0.966993
0.966993
0.966993
0.966993
0.966993
0.966993
0.966993
0.966993
0.966993
0.966993
0.966993
0.966993
0.966993
0.966993
0.966993
0.966993
0.966993
0.966993
0.966993
0.966993
0.966993
0.966993
0.966993
0.966993
0.966993
0.966993
0.966993
0.966993
0.966993
0.966993
0.966993
0.966993
0.966993
0.966993
0.966993
0.966993
0.966993
0.966993
0.966993
0.966993
0.966993
0.966993
0.966993
0.966993
0.966993
0.966993
0.966993
0.966993
0.966993
0.966993
0.966993
0.966993
0.966993
0.966993
0.966993
0.966993
0.966993
0.966993
0.966993
0.966993
0.966993
0.966993
0.966993
0.966993
0.966993
0.966993
0.966993
0.966993
0.966993
0.966993
0.966993
0.966993
0.966993
0.966993
0.966993
0.966993
0.966993
0.966993
0.966993
0.966993
0.966993
0.966993
0.966993
0.966993
0.966993
0.966993
0.966993
0.966993
0.966993
0.966993
0.966993
0.966993
0.966993
0.966993
0.966993
0.966993
0.966993
0.966993
0.966993
0.966993
0.966993
0.966993
0.966993
0.966993
0.966993
0.966993
0.966993
0.966993
0.966993
0.966993
0.966993
0.966993
0.966993
0.966993
0.966993
0.966993
0.966993
0.966993
0.966993
0.966993
0.966993
0.966993
0.966993
0.966993
0.966993
0.966993
0.966993
0.966993
0.966993
0.966993
0.966993
0.966993
0.966993
0.966993
0.966993
0.966993
0.966993
0.966993
0.966993
0.966993
0.966993
0.966993
0.966993
0.966993
0.966993
0.966993
0.966993
0.966993
0.966993
0.966993
0.966993
0.966993
0.966993
0.966993
0.966993
0.966993
0.966993
0.966993
0.966993
0.966993
0.966993
0.966993
0.966993
0.966993
0.966993
0.966993
0.966993
0.966993
0.966993
0.966993
0.966993
0.966993
0.966993
0.966993
0.966993
0.966993
0.966993
0.966993
0.966993
0.966993
0.966993
0.966993
0.966993
0.966993
0.966993
0.966993
0.966993
0.966993
0.966993
0.966993
0.966993
0.966993
0.966993
0.966993
0.966993
0.966993
0.966993
0.966993
0.966993
0.966993
0.966993
0.966993
0.966993
0.966993
0.966993
0.966993
0.966993
0.966993
0.966993
0.966993
0.966993
0.966993
0.966993
0.966993
0.966993
0.966993
0.966993
0.966993
0.966993
0.966993
0.966993
0.966993
0.966993
0.966993
0.966993
0.966993
0.966993
0.966993
0.966993
0.966993
0.966993
0.966993
