0.074209
0.057214
0.047255
0.063101
0.086215
0.107005
0.125543
0.142255
0.157439
0.171353
0.184198
0.196135
0.207271
0.217705
0.227534
0.236844
0.245710
0.254193
0.262361
0.270286
0.278046
0.285721
0.293446
0.301536
0.310654
0.319163
0.323170
0.325292
0.327285
0.329274
0.331261
0.333246
0.335230
0.337213
0.339196
0.341177
0.343158
0.345139
0.347119
0.349098
0.350879
0.352696
0.354518
0.356341
0.358166
0.359992
0.361821
0.363652
0.365485
0.367320
0.369157
0.370997
0.372840
0.374685
0.376533
0.378384
0.380238
0.382095
0.383955
0.385819
0.387686
0.389557
0.391432
0.393310
0.395192
0.397079
0.398970
0.400864
0.402764
0.404668
0.406577
0.408490
0.410408
0.412332
0.414260
0.416194
0.418133
0.420078
0.422028
0.423984
0.425946
0.427913
0.429887
0.431867
0.433853
0.435846
0.437845
0.439851
0.441864
0.443883
0.445910
0.447943
0.449984
0.452031
0.454087
0.456149
0.458220
0.460298
0.462383
0.464477
0.466579
0.468688
0.470806
0.472932
0.475066
0.477209
0.479360
0.481520
0.483689
0.485866
0.488052
0.490247
0.492451
0.494664
0.496886
0.499117
0.501357
0.503607
0.505866
0.508134
0.510412
0.512700
0.514996
0.517303
0.519619
0.521944
0.524280
0.526625
0.528979
0.531344
0.533718
0.536102
0.538496
0.540899
0.543313
0.545736
0.548169
0.550612
0.553064
0.555526
0.557998
0.560480
0.562971
0.565472
0.567983
0.570503
0.573033
0.575572
0.578121
0.580678
0.583246
0.585822
0.588408
0.591002
0.593606
0.596218
0.598840
0.601470
0.604108
0.606755
0.609410
0.612074
0.614746
0.617426
0.620113
0.622808
0.625511
0.628222
0.630939
0.633664
0.636395
0.639134
0.641879
0.644630
0.647388
0.650151
0.652921
0.655696
0.658476
0.661262
0.664053
0.666848
0.669648
0.672453
0.675261
0.678073
0.680889
0.683708
0.686531
0.689356
0.692183
0.695013
0.697845
0.700678
0.703513
0.706349
0.709186
0.712024
0.714861
0.717699
0.720536
0.723373
0.726208
0.729042
0.731875
0.734705
0.737533
0.740359
0.743181
0.746001
0.748816
0.751628
0.754435
0.757237
0.760034
0.762826
0.765612
0.768392
0.771165
0.773932
0.776691
0.779442
0.782186
0.784921
0.787648
0.790365
0.793073
0.795771
0.798459
0.801137
0.803803
0.806458
0.809102
0.811733
0.814352
0.816959
0.819552
0.822132
0.824698
0.827250
0.829787
0.832309
0.834816
0.837308
0.839784
0.842243
0.844686
0.847112
0.849521
0.851912
0.854286
0.856641
0.858978
0.861296
0.863595
0.865875
0.868135
0.870375
0.872595
0.874794
0.876973
0.879131
0.881268
0.883384
0.885478
0.887550
0.889600
0.891627
0.893633
0.895615
0.897575
0.899512
0.901426
0.903316
0.905183
0.907026
0.908846
0.910642
0.912414
0.914161
0.915885
0.917584
0.919260
0.920910
0.922537
0.924139
0.925716
0.927269
0.928798
0.930302
0.931781
0.933236
0.934667
0.936073
0.937454
0.938812
0.940145
0.941453
0.942738
0.943999
0.945235
0.946448
0.947637
0.948802
0.949944
0.951063
0.952158
0.953231
0.954280
0.955307
0.956312
0.957294
0.958254
0.959192
0.960108
0.961003
0.961876
0.962729
0.963561
0.964372
0.965163
0.965933
0.966684
0.967416
0.968128
0.968821
0.969495
0.970151
0.970789
0.971409
0.972011
0.972596
0.973164
0.973715
0.974250
0.974768
0.975271
0.975758
0.976230
0.976687
0.977130
0.977558
0.977972
0.978372
0.978759
0.979133
0.979494
0.979843
0.980179
0.980504
0.980817
0.981118
0.981409
0.981689
0.981958
0.982217
0.982467
0.982706
0.982937
0.983158
0.983371
0.983575
0.983770
0.983958
0.984138
0.984310
0.984475
0.984633
0.984785
0.984929
0.985068
0.985200
0.985326
0.985446
0.985561
0.985671
0.985776
0.985875
0.985970
0.986061
0.986147
0.986229
0.986307
0.986381
0.986451
0.986518
0.986581
0.986641
0.986698
0.986752
0.986803
0.986852
0.986898
0.986941
0.986982
0.987021
0.987057
0.987092
0.987124
0.987155
0.987184
0.987211
0.987237
0.987261
0.987284
0.987305
0.987325
0.987344
0.987362
0.987379
0.987394
0.987409
0.987423
0.987436
0.987448
0.987459
0.987469
0.987479
0.987488
0.987497
0.987505
0.987513
0.987519
0.987526
0.987532
0.987538
0.987543
0.987548
0.987552
0.987556
0.987560
0.987564
0.987567
0.987571
0.987573
0.987576
0.987579
0.987581
0.987583
0.987585
0.987587
0.987588
0.987590
0.987591
0.987593
0.987594
0.987595
0.987596
0.987597
0.987598
0.987599
0.987599
0.987600
0.987601
0.987601
0.987602
0.987602
0.987603
0.987603
0.987603
0.987604
0.987604
0.987604
0.987605
0.987605
0.987605
0.987605
0.987605
0.987606
0.987606
0.987606
0.987606
0.987606
0.987606
0.987606
0.987606
0.987606
0.987606
0.987607
0.987607
0.987607
0.987607
0.987607
0.987607
0.987607
0.987607
0.987607
0.987607
0.987607
0.987607
0.987607
0.987607
0.987607
0.987607
0.987607
0.987607
0.987607
0.987607
0.987607
0.987607
0.987607
0.987607
0.987607
0.987607
0.987607
0.987607
0.987607
0.987607
0.987607
0.987607
0.987607
0.987607
0.987607
0.987607
0.987607
0.987607
0.987607
0.987607
0.987607
0.987607
0.987607
0.987607
0.987607
0.987607
0.987607
0.987607
0.987607
0.987607
0.987607
0.987607
0.987607
0.987607
0.987607
0.987607
0.987607
0.987607
0.987607
0.987607
0.987607
0.987607
0.987607
0.987607
0.987607
0.987607
0.987607
0.987607
0.987607
0.987607
0.987607
0.987607
0.987607
0.987607
0.987607
0.987607
0.987607
0.987607
0.987607
0.987607
0.987607
0.987607
0.987607
0.987607
0.987607
0.987607
0.987607
0.987607
0.987607
0.987607
0.987607
0.987607
0.987607
0.987607
0.987607
0.987607
0.987607
0.987607
0.987607
0.987607
0.987607
0.987607
0.987607
0.987607
0.987607
0.987607
0.987607
0.987607
0.987607
0.987607
0.987607
0.987607
0.987607
0.987607
0.987607
0.987607
0.987607
0.987607
0.987607
0.987607
0.987607
0.987607
