0.153646
0.207161
0.224685
0.234632
0.242793
0.250693
0.259156
0.269581
0.273376
0.275408
0.277432
0.279449
0.281459
0.283463
0.285460
0.287450
0.289434
0.291412
0.293383
0.295349
0.297308
0.299261
0.301209
0.303150
0.305086
0.307016
0.308940
0.310859
0.312773
0.314681
0.316583
0.318480
0.320372
0.322258
0.324139
0.326015
0.327885
0.329751
0.331611
0.333528
0.335252
0.336951
0.338644
0.340331
0.342014
0.343693
0.345367
0.347037
0.348703
0.350365
0.352022
0.353675
0.355324
0.356968
0.358609
0.360245
0.361877
0.363504
0.365128
0.366747
0.368363
0.369974
0.371581
0.373184
0.374783
0.376377
0.377968
0.379554
0.381137
0.382715
0.384290
0.385860
0.387426
0.388988
0.390547
0.392101
0.393651
0.395198
0.396740
0.398278
0.399813
0.401343
0.402870
0.404392
0.405911
0.407426
0.408937
0.410444
0.411947
0.413446
0.414942
0.416433
0.417921
0.419405
0.420885
0.422362
0.423834
0.425303
0.426768
0.428229
0.429687
0.431141
0.432591
0.434037
0.435480
0.436919
0.438354
0.439785
0.441213
0.442637
0.444058
0.445475
0.446888
0.448298
0.449704
0.451106
0.452505
0.453900
0.455292
0.456680
0.458065
0.459446
0.460823
0.462197
0.463568
0.464934
0.466298
0.467658
0.469014
0.470367
0.471716
0.473062
0.474405
0.475744
0.477080
0.478412
0.479741
0.481066
0.482388
0.483707
0.485022
0.486334
0.487643
0.488948
0.490250
0.491548
0.492843
0.494135
0.495424
0.496709
0.497991
0.499270
0.500545
0.501817
0.503086
0.504352
0.505614
0.506873
0.508129
0.509382
0.510631
0.511878
0.513121
0.514361
0.515597
0.516831
0.518061
0.519289
0.520513
0.521734
0.522952
0.524166
0.525378
0.526586
0.527792
0.528994
0.530194
0.531390
0.532583
0.533773
0.534960
0.536144
0.537325
0.538503
0.539678
0.540850
0.542019
0.543185
0.544348
0.545508
0.546665
0.547819
0.548970
0.550118
0.551263
0.552405
0.553545
0.554681
0.555815
0.556945
0.558073
0.559198
0.560320
0.561439
0.562555
0.563669
0.564779
0.565887
0.566992
0.568094
0.569193
0.570290
0.571383
0.572474
0.573562
0.574647
0.575730
0.576810
0.577887
0.578961
0.580032
0.581101
0.582167
0.583230
0.584291
0.585349
0.586404
0.587456
0.588506
0.589553
0.590597
0.591639
0.592678
0.593714
0.594748
0.595779
0.596808
0.597834
0.598857
0.599877
0.600895
0.601911
0.602923
0.603934
0.604941
0.605946
0.606949
0.607949
0.608946
0.609941
0.610933
0.611923
0.612910
0.613895
0.614877
0.615857
0.616834
0.617809
0.618781
0.619750
0.620718
0.621682
0.622645
0.623604
0.624562
0.625517
0.626469
0.627419
0.628367
0.629312
0.630255
0.631195
0.632133
0.633069
0.634002
0.634933
0.635861
0.636787
0.637711
0.638633
0.639552
0.640468
0.641383
0.642294
0.643204
0.644111
0.645016
0.645919
0.646820
0.647718
0.648613
0.649507
0.650398
0.651287
0.652174
0.653058
0.653941
0.654820
0.655698
0.656574
0.657447
0.658318
0.659187
0.660053
0.660917
0.661780
0.662639
0.663497
0.664353
0.665206
0.666057
0.666906
0.667753
0.668598
0.669440
0.670281
0.671119
0.671955
0.672789
0.673621
0.674451
0.675278
0.676104
0.676927
0.677748
0.678567
0.679385
0.680200
0.681012
0.681823
0.682632
0.683439
0.684244
0.685046
0.685847
0.686645
0.687442
0.688236
0.689029
0.689819
0.690607
0.691394
0.692178
0.692961
0.693741
0.694519
0.695296
0.696070
0.696843
0.697613
0.698382
0.699148
0.699913
0.700676
0.701436
0.702195
0.702952
0.703707
0.704460
0.705211
0.705960
0.706707
0.707453
0.708196
0.708938
0.709677
0.710415
0.711151
0.711885
0.712617
0.713348
0.714076
0.714802
0.715527
0.716250
0.716971
0.717690
0.718408
0.719123
0.719837
0.720549
0.721259
0.721967
0.722674
0.723378
0.724081
0.724782
0.725481
0.726179
0.726875
0.727569
0.728261
0.728951
0.729640
0.730327
0.731012
0.731695
0.732377
0.733057
0.733735
0.734412
0.735086
0.735760
0.736431
0.737100
0.737768
0.738435
0.739099
0.739762
0.740423
0.741082
0.741740
0.742396
0.743051
0.743703
0.744355
0.745004
0.745652
0.746298
0.746942
0.747585
0.748226
0.748866
0.749504
0.750140
0.750775
0.751408
0.752040
0.752669
0.753298
0.753924
0.754549
0.755173
0.755795
0.756415
0.757034
0.757651
0.758266
0.758880
0.759493
0.760104
0.760713
0.761321
0.761927
0.762532
0.763135
0.763737
0.764337
0.764935
0.765532
0.766128
0.766722
0.767314
0.767905
0.768495
0.769083
0.769669
0.770254
0.770838
0.771420
0.772000
0.772579
0.773157
0.773733
0.774308
0.774881
0.775452
0.776023
0.776592
0.777159
0.777725
0.778289
0.778852
0.779414
0.779974
0.780533
0.781090
0.781646
0.782201
0.782754
0.783305
0.783856
0.784405
0.784952
0.785498
0.786043
0.786586
0.787128
0.787669
0.788208
0.788746
0.789282
0.789817
0.790351
0.790883
0.791414
0.791944
0.792472
0.792999
0.793525
0.794049
0.794572
0.795094
0.795614
0.796133
0.796651
0.797167
0.797682
0.798196
0.798708
0.799219
0.799729
0.800238
0.800745
0.801251
0.801755
0.802259
0.802761
0.803261
0.803761
0.804259
0.804756
0.805252
0.805746
0.806240
0.806732
0.807222
0.807712
0.808200
0.808687
0.809173
0.809657
0.810140
0.810622
0.811103
0.811583
0.812061
0.812538
0.813014
0.813489
0.813962
0.814435
0.814906
0.815376
0.815844
0.816312
0.816778
0.817243
0.817707
0.818170
0.818632
0.819092
0.819551
0.820010
0.820466
0.820922
0.821377
0.821830
0.822283
0.822734
0.823184
0.823633
0.824080
0.824527
0.824972
0.825417
0.825860
0.826302
0.826743
0.827183
0.827621
0.828059
0.828495
0.828931
0.829365
0.829798
0.830230
0.830661
0.831091
0.831520
0.831947
0.832374
0.832800
0.833224
0.833647
0.834070
0.834491
0.834911
0.835330
0.835748
0.836165
0.836581
0.836996
0.837409
0.837822
0.838234
0.838644
0.839054
0.839462
0.839870
