0.098549
0.159863
0.182667
0.195494
0.205590
0.214707
0.223303
0.231537
0.239503
0.247282
0.254948
0.262596
0.270452
0.279084
0.288967
0.293480
0.295489
0.297441
0.299387
0.301327
0.303260
0.305186
0.307106
0.309020
0.310928
0.312830
0.314726
0.316616
0.318500
0.320379
0.322252
0.324120
0.325982
0.327839
0.329691
0.331537
0.333378
0.335214
0.337045
0.338925
0.340613
0.342283
0.343946
0.345606
0.347260
0.348911
0.350557
0.352199
0.353837
0.355471
0.357101
0.358726
0.360348
0.361965
0.363578
0.365188
0.366793
0.368394
0.369991
0.371584
0.373172
0.374757
0.376338
0.377915
0.379488
0.381056
0.382621
0.384182
0.385739
0.387292
0.388841
0.390386
0.391927
0.393465
0.394998
0.396527
0.398053
0.399575
0.401092
0.402606
0.404117
0.405623
0.407125
0.408624
0.410119
0.411610
0.413097
0.414581
0.416061
0.417537
0.419009
0.420478
0.421942
0.423403
0.424861
0.426314
0.427764
0.429211
0.430653
0.432092
0.433528
0.434959
0.436387
0.437812
0.439232
0.440650
0.442063
0.443473
0.444880
0.446283
0.447682
0.449078
0.450470
0.451858
0.453244
0.454625
0.456003
0.457378
0.458749
0.460117
0.461481
0.462841
0.464199
0.465553
0.466903
0.468250
0.469593
0.470933
0.472270
0.473603
0.474933
0.476260
0.477583
0.478903
0.480219
0.481533
0.482842
0.484149
0.485452
0.486752
0.488048
0.489342
0.490632
0.491918
0.493202
0.494482
0.495759
0.497033
0.498303
0.499570
0.500834
0.502095
0.503353
0.504607
0.505858
0.507106
0.508351
0.509593
0.510832
0.512067
0.513299
0.514529
0.515755
0.516978
0.518197
0.519414
0.520628
0.521838
0.523046
0.524250
0.525452
0.526650
0.527845
0.529037
0.530227
0.531413
0.532596
0.533776
0.534953
0.536128
0.537299
0.538467
0.539632
0.540795
0.541954
0.543111
0.544264
0.545415
0.546562
0.547707
0.548849
0.549988
0.551124
0.552257
0.553387
0.554515
0.555639
0.556761
0.557880
0.558996
0.560109
0.561219
0.562327
0.563432
0.564534
0.565633
0.566729
0.567823
0.568913
0.570001
0.571087
0.572169
0.573249
0.574326
0.575400
0.576472
0.577541
0.578607
0.579670
0.580731
0.581789
0.582844
0.583897
0.584947
0.585994
0.587039
0.588081
0.589120
0.590157
0.591191
0.592223
0.593251
0.594278
0.595301
0.596322
0.597341
0.598357
0.599370
0.600381
0.601389
0.602394
0.603397
0.604398
0.605396
0.606391
0.607384
0.608375
0.609363
0.610348
0.611331
0.612311
0.613289
0.614264
0.615237
0.616208
0.617176
0.618141
0.619104
0.620065
0.621023
0.621979
0.622932
0.623883
0.624832
0.625778
0.626722
0.627663
0.628602
0.629538
0.630472
0.631404
0.632334
0.633261
0.634185
0.635108
0.636028
0.636945
0.637861
0.638774
0.639685
0.640593
0.641499
0.642403
0.643304
0.644204
0.645101
0.645995
0.646888
0.647778
0.648666
0.649551
0.650435
0.651316
0.652195
0.653071
0.653946
0.654818
0.655688
0.656556
0.657421
0.658285
0.659146
0.660005
0.660862
0.661716
0.662569
0.663419
0.664267
0.665113
0.665957
0.666799
0.667639
0.668476
0.669311
0.670145
0.670976
0.671805
0.672632
0.673456
0.674279
0.675100
0.675918
0.676735
0.677549
0.678361
0.679172
0.679980
0.680786
0.681590
0.682392
0.683192
0.683990
0.684786
0.685580
0.686372
0.687162
0.687950
0.688736
0.689520
0.690301
0.691081
0.691859
0.692635
0.693409
0.694181
0.694952
0.695720
0.696486
0.697250
0.698012
0.698773
0.699531
0.700288
0.701042
0.701795
0.702546
0.703295
0.704042
0.704787
0.705530
0.706271
0.707011
0.707748
0.708484
0.709218
0.709950
0.710680
0.711408
0.712134
0.712859
0.713582
0.714302
0.715021
0.715739
0.716454
0.717168
0.717879
0.718589
0.719297
0.720004
0.720708
0.721411
0.722112
0.722811
0.723509
0.724204
0.724898
0.725591
0.726281
0.726970
0.727656
0.728342
0.729025
0.729707
0.730387
0.731065
0.731741
0.732416
0.733089
0.733761
0.734430
0.735098
0.735764
0.736429
0.737092
0.737753
0.738413
0.739070
0.739727
0.740381
0.741034
0.741685
0.742335
0.742983
0.743629
0.744273
0.744916
0.745558
0.746197
0.746836
0.747472
0.748107
0.748740
0.749372
0.750002
0.750630
0.751257
0.751882
0.752506
0.753128
0.753749
0.754368
0.754985
0.755601
0.756215
0.756828
0.757439
0.758048
0.758656
0.759263
0.759868
0.760471
0.761073
0.761674
0.762272
0.762870
0.763465
0.764060
0.764653
0.765244
0.765834
0.766422
0.767009
0.767594
0.768178
0.768760
0.769341
0.769920
0.770498
0.771075
0.771650
0.772223
0.772795
0.773366
0.773935
0.774503
0.775069
0.775634
0.776198
0.776760
0.777320
0.777879
0.778437
0.778993
0.779548
0.780102
0.780654
0.781205
0.781754
0.782302
0.782848
0.783394
0.783937
0.784480
0.785021
0.785560
0.786099
0.786636
0.787171
0.787705
0.788238
0.788770
0.789300
0.789829
0.790356
0.790882
0.791407
0.791930
0.792453
0.792973
0.793493
0.794011
0.794528
0.795044
0.795558
0.796071
0.796582
0.797093
0.797602
0.798110
0.798616
0.799121
0.799625
0.800128
0.800629
0.801130
0.801628
0.802126
0.802622
0.803117
0.803611
0.804104
0.804595
0.805085
0.805574
0.806062
0.806548
0.807033
0.807517
0.808000
0.808482
0.808962
0.809441
0.809919
0.810395
0.810871
0.811345
0.811818
0.812290
0.812761
0.813230
0.813699
0.814166
0.814632
0.815096
0.815560
0.816022
0.816484
0.816944
0.817403
0.817860
0.818317
0.818773
0.819227
0.819680
0.820132
0.820583
0.821033
0.821481
0.821929
0.822375
0.822821
0.823265
0.823708
0.824150
0.824590
0.825030
0.825469
0.825906
0.826343
0.826778
0.827212
0.827645
0.828077
0.828508
0.828938
0.829367
0.829794
0.830221
0.830647
0.831071
0.831495
0.831917
0.832338
0.832759
0.833178
0.833596
0.834013
0.834429
0.834844
0.835258
0.835671
0.836083
0.836494
0.836904
0.837313
0.837720
0.838127
0.838533
0.838938
