0.077509
0.160798
0.194411
0.210007
0.220290
0.228938
0.237000
0.244818
0.252529
0.260295
0.268442
0.277950
0.286364
0.288818
0.290792
0.292760
0.294720
0.296675
0.298622
0.300563
0.302498
0.304426
0.306349
0.308265
0.310175
0.312080
0.313978
0.315871
0.317759
0.319641
0.321517
0.323388
0.325253
0.327114
0.328969
0.330818
0.332663
0.334502
0.336336
0.338223
0.339917
0.341590
0.343258
0.344920
0.346579
0.348233
0.349882
0.351528
0.353169
0.354806
0.356439
0.358068
0.359693
0.361314
0.362930
0.364543
0.366151
0.367755
0.369355
0.370951
0.372543
0.374131
0.375715
0.377295
0.378871
0.380443
0.382010
0.383574
0.385134
0.386690
0.388242
0.389790
0.391334
0.392874
0.394411
0.395943
0.397471
0.398996
0.400517
0.402033
0.403546
0.405055
0.406561
0.408062
0.409560
0.411054
0.412544
0.414030
0.415512
0.416991
0.418466
0.419937
0.421404
0.422868
0.424328
0.425784
0.427237
0.428686
0.430131
0.431573
0.433010
0.434445
0.435875
0.437302
0.438725
0.440145
0.441561
0.442973
0.444382
0.445788
0.447189
0.448587
0.449982
0.451373
0.452761
0.454145
0.455525
0.456902
0.458275
0.459645
0.461012
0.462375
0.463734
0.465091
0.466443
0.467792
0.469138
0.470480
0.471819
0.473155
0.474487
0.475816
0.477141
0.478463
0.479782
0.481097
0.482409
0.483718
0.485023
0.486325
0.487624
0.488919
0.490211
0.491500
0.492785
0.494068
0.495347
0.496622
0.497895
0.499164
0.500430
0.501693
0.502953
0.504209
0.505462
0.506712
0.507959
0.509203
0.510443
0.511681
0.512915
0.514146
0.515374
0.516599
0.517821
0.519039
0.520255
0.521467
0.522677
0.523883
0.525086
0.526286
0.527483
0.528677
0.529868
0.531057
0.532242
0.533424
0.534602
0.535778
0.536951
0.538122
0.539289
0.540453
0.541614
0.542772
0.543927
0.545079
0.546229
0.547375
0.548519
0.549659
0.550797
0.551932
0.553064
0.554193
0.555319
0.556443
0.557563
0.558681
0.559796
0.560908
0.562017
0.563123
0.564227
0.565327
0.566425
0.567521
0.568613
0.569703
0.570789
0.571873
0.572955
0.574033
0.575109
0.576182
0.577253
0.578320
0.579385
0.580447
0.581507
0.582564
0.583618
0.584669
0.585718
0.586764
0.587808
0.588849
0.589887
0.590922
0.591955
0.592986
0.594013
0.595038
0.596061
0.597081
0.598098
0.599113
0.600125
0.601134
0.602141
0.603146
0.604148
0.605147
0.606144
0.607138
0.608130
0.609119
0.610106
0.611090
0.612072
0.613051
0.614028
0.615002
0.615974
0.616943
0.617910
0.618874
0.619836
0.620796
0.621753
0.622708
0.623660
0.624610
0.625557
0.626502
0.627445
0.628385
0.629322
0.630258
0.631191
0.632122
0.633050
0.633976
0.634899
0.635821
0.636740
0.637656
0.638571
0.639482
0.640392
0.641299
0.642204
0.643107
0.644008
0.644906
0.645801
0.646695
0.647586
0.648475
0.649362
0.650247
0.651129
0.652009
0.652887
0.653763
0.654636
0.655507
0.656376
0.657243
0.658107
0.658970
0.659830
0.660688
0.661543
0.662397
0.663248
0.664098
0.664945
0.665790
0.666633
0.667473
0.668312
0.669148
0.669983
0.670815
0.671645
0.672473
0.673299
0.674123
0.674944
0.675764
0.676581
0.677397
0.678210
0.679021
0.679831
0.680638
0.681443
0.682246
0.683047
0.683846
0.684643
0.685438
0.686231
0.687022
0.687811
0.688598
0.689383
0.690166
0.690947
0.691726
0.692503
0.693278
0.694051
0.694822
0.695591
0.696358
0.697123
0.697887
0.698648
0.699408
0.700165
0.700921
0.701674
0.702426
0.703176
0.703924
0.704670
0.705414
0.706156
0.706897
0.707635
0.708372
0.709106
0.709839
0.710570
0.711299
0.712027
0.712752
0.713476
0.714198
0.714918
0.715636
0.716352
0.717066
0.717779
0.718490
0.719199
0.719906
0.720612
0.721315
0.722017
0.722717
0.723416
0.724112
0.724807
0.725500
0.726191
0.726881
0.727569
0.728255
0.728939
0.729622
0.730302
0.730981
0.731659
0.732334
0.733008
0.733681
0.734351
0.735020
0.735687
0.736352
0.737016
0.737678
0.738339
0.738997
0.739654
0.740310
0.740963
0.741615
0.742266
0.742914
0.743561
0.744207
0.744851
0.745493
0.746133
0.746772
0.747410
0.748045
0.748679
0.749312
0.749943
0.750572
0.751199
0.751825
0.752450
0.753073
0.753694
0.754314
0.754932
0.755548
0.756164
0.756777
0.757389
0.757999
0.758608
0.759215
0.759821
0.760425
0.761028
0.761629
0.762228
0.762826
0.763423
0.764018
0.764612
0.765204
0.765794
0.766383
0.766971
0.767557
0.768141
0.768724
0.769306
0.769886
0.770464
0.771042
0.771617
0.772192
0.772764
0.773336
0.773905
0.774474
0.775041
0.775606
0.776171
0.776733
0.777294
0.777854
0.778413
0.778970
0.779525
0.780079
0.780632
0.781183
0.781733
0.782282
0.782829
0.783375
0.783919
0.784462
0.785004
0.785544
0.786083
0.786621
0.787157
0.787692
0.788225
0.788757
0.789288
0.789817
0.790345
0.790872
0.791397
0.791921
0.792444
0.792965
0.793486
0.794004
0.794522
0.795038
0.795553
0.796066
0.796578
0.797089
0.797599
0.798107
0.798614
0.799120
0.799624
0.800127
0.800629
0.801130
0.801629
0.802127
0.802624
0.803120
0.803614
0.804107
0.804599
0.805089
0.805579
0.806067
0.806553
0.807039
0.807523
0.808006
0.808488
0.808969
0.809448
0.809927
0.810404
0.810880
0.811354
0.811828
0.812300
0.812771
0.813241
0.813709
0.814177
0.814643
0.815108
0.815572
0.816034
0.816496
0.816956
0.817416
0.817874
0.818330
0.818786
0.819241
0.819694
0.820146
0.820597
0.821047
0.821496
0.821944
0.822390
0.822836
0.823280
0.823723
0.824165
0.824606
0.825046
0.825485
0.825922
0.826359
0.826794
0.827228
0.827661
0.828093
0.828524
0.828954
0.829383
0.829811
0.830237
0.830663
0.831087
0.831510
0.831933
0.832354
0.832774
0.833193
0.833611
0.834028
0.834444
0.834859
0.835273
0.835685
0.836097
0.836508
0.836917
0.837326
0.837733
0.838140
0.838545
0.838950
