0.039243
0.137627
0.211777
0.245576
0.261327
0.269183
0.273622
0.276630
0.279049
0.281230
0.283313
0.285355
0.287377
0.289388
0.291391
0.293387
0.295377
0.297360
0.299336
0.301307
0.303272
0.305231
0.307184
0.309131
0.311072
0.313007
0.314937
0.316861
0.318779
0.320692
0.322599
0.324501
0.326397
0.328287
0.330172
0.332052
0.333926
0.335795
0.337659
0.339581
0.341314
0.343022
0.344721
0.346414
0.348103
0.349788
0.351468
0.353143
0.354814
0.356480
0.358143
0.359800
0.361453
0.363102
0.364747
0.366387
0.368023
0.369654
0.371281
0.372904
0.374522
0.376136
0.377746
0.379352
0.380953
0.382550
0.384143
0.385732
0.387316
0.388896
0.390472
0.392044
0.393612
0.395176
0.396735
0.398290
0.399841
0.401388
0.402931
0.404470
0.406005
0.407536
0.409062
0.410585
0.412104
0.413618
0.415129
0.416636
0.418138
0.419637
0.421132
0.422622
0.424109
0.425592
0.427071
0.428546
0.430017
0.431485
0.432948
0.434408
0.435863
0.437315
0.438763
0.440208
0.441648
0.443085
0.444517
0.445947
0.447372
0.448793
0.450211
0.451625
0.453036
0.454442
0.455845
0.457245
0.458640
0.460032
0.461420
0.462805
0.464186
0.465563
0.466937
0.468307
0.469673
0.471036
0.472396
0.473751
0.475103
0.476452
0.477797
0.479139
0.480477
0.481811
0.483142
0.484470
0.485794
0.487114
0.488431
0.489745
0.491055
0.492362
0.493665
0.494965
0.496262
0.497555
0.498845
0.500131
0.501414
0.502694
0.503970
0.505243
0.506512
0.507779
0.509041
0.510301
0.511557
0.512810
0.514060
0.515307
0.516550
0.517790
0.519027
0.520260
0.521490
0.522717
0.523941
0.525162
0.526379
0.527594
0.528805
0.530013
0.531217
0.532419
0.533618
0.534813
0.536005
0.537194
0.538380
0.539563
0.540743
0.541920
0.543093
0.544264
0.545432
0.546596
0.547758
0.548916
0.550071
0.551224
0.552373
0.553520
0.554663
0.555803
0.556941
0.558075
0.559207
0.560335
0.561461
0.562584
0.563703
0.564820
0.565934
0.567045
0.568153
0.569259
0.570361
0.571461
0.572557
0.573651
0.574742
0.575830
0.576915
0.577998
0.579077
0.580154
0.581228
0.582299
0.583368
0.584433
0.585496
0.586556
0.587614
0.588668
0.589720
0.590769
0.591816
0.592859
0.593900
0.594939
0.595974
0.597007
0.598037
0.599065
0.600090
0.601112
0.602131
0.603148
0.604162
0.605174
0.606183
0.607189
0.608193
0.609194
0.610193
0.611189
0.612182
0.613173
0.614161
0.615147
0.616130
0.617110
0.618088
0.619064
0.620036
0.621007
0.621975
0.622940
0.623903
0.624863
0.625821
0.626777
0.627729
0.628680
0.629628
0.630573
0.631516
0.632457
0.633395
0.634331
0.635264
0.636195
0.637124
0.638050
0.638973
0.639895
0.640814
0.641730
0.642644
0.643556
0.644466
0.645373
0.646277
0.647180
0.648080
0.648977
0.649873
0.650766
0.651657
0.652545
0.653431
0.654315
0.655197
0.656076
0.656953
0.657828
0.658700
0.659570
0.660438
0.661304
0.662168
0.663029
0.663888
0.664745
0.665599
0.666452
0.667302
0.668150
0.668996
0.669839
0.670681
0.671520
0.672357
0.673192
0.674025
0.674855
0.675684
0.676510
0.677334
0.678156
0.678976
0.679794
0.680610
0.681423
0.682235
0.683044
0.683852
0.684657
0.685460
0.686261
0.687060
0.687857
0.688652
0.689445
0.690236
0.691024
0.691811
0.692596
0.693378
0.694159
0.694938
0.695714
0.696489
0.697261
0.698032
0.698801
0.699567
0.700332
0.701095
0.701855
0.702614
0.703371
0.704126
0.704879
0.705630
0.706379
0.707126
0.707871
0.708614
0.709356
0.710095
0.710833
0.711568
0.712302
0.713034
0.713764
0.714492
0.715218
0.715942
0.716665
0.717385
0.718104
0.718821
0.719536
0.720249
0.720961
0.721670
0.722378
0.723084
0.723788
0.724490
0.725191
0.725889
0.726586
0.727281
0.727974
0.728666
0.729355
0.730043
0.730730
0.731414
0.732097
0.732777
0.733456
0.734134
0.734809
0.735483
0.736155
0.736826
0.737495
0.738162
0.738827
0.739490
0.740152
0.740812
0.741471
0.742128
0.742783
0.743436
0.744088
0.744738
0.745386
0.746033
0.746678
0.747321
0.747963
0.748603
0.749241
0.749878
0.750513
0.751147
0.751778
0.752409
0.753037
0.753664
0.754290
0.754913
0.755536
0.756156
0.756775
0.757393
0.758008
0.758623
0.759235
0.759846
0.760456
0.761064
0.761670
0.762275
0.762878
0.763480
0.764080
0.764679
0.765276
0.765872
0.766466
0.767058
0.767649
0.768239
0.768827
0.769413
0.769998
0.770581
0.771163
0.771744
0.772323
0.772900
0.773476
0.774051
0.774624
0.775195
0.775765
0.776334
0.776901
0.777467
0.778031
0.778594
0.779155
0.779715
0.780274
0.780831
0.781387
0.781941
0.782494
0.783045
0.783595
0.784143
0.784691
0.785236
0.785781
0.786324
0.786865
0.787405
0.787944
0.788482
0.789018
0.789552
0.790085
0.790617
0.791148
0.791677
0.792205
0.792731
0.793256
0.793780
0.794303
0.794824
0.795344
0.795862
0.796379
0.796895
0.797409
0.797922
0.798434
0.798945
0.799454
0.799962
0.800468
0.800974
0.801478
0.801980
0.802482
0.802982
0.803481
0.803978
0.804475
0.804970
0.805464
0.805956
0.806447
0.806937
0.807426
0.807913
0.808400
0.808885
0.809368
0.809851
0.810332
0.810812
0.811291
0.811769
0.812245
0.812720
0.813194
0.813667
0.814138
0.814608
0.815077
0.815545
0.816012
0.816478
0.816942
0.817405
0.817867
0.818328
0.818787
0.819246
0.819703
0.820159
0.820614
0.821067
0.821520
0.821971
0.822422
0.822871
0.823319
0.823765
0.824211
0.824656
0.825099
0.825541
0.825982
0.826422
0.826861
0.827299
0.827735
0.828171
0.828605
0.829039
0.829471
0.829902
0.830332
0.830761
0.831188
0.831615
0.832041
0.832465
0.832888
0.833311
0.833732
0.834152
0.834571
0.834989
0.835406
0.835822
0.836237
0.836651
0.837063
0.837475
0.837885
0.838295
0.838704
0.839111
0.839517
0.839923
0.840327
0.840730
0.841133
0.841534
0.841934
