0.093115
0.038035
0.097271
0.142927
0.179969
0.211195
0.238311
0.262385
0.284123
0.304003
0.322345
0.339408
0.355407
0.370510
0.384839
0.398488
0.411552
0.424119
0.436264
0.448051
0.459543
0.470805
0.481915
0.492951
0.504021
0.515360
0.527523
0.540233
0.549492
0.555602
0.561235
0.566874
0.572534
0.578215
0.583914
0.589630
0.595362
0.601108
0.606867
0.612283
0.617661
0.623328
0.629019
0.634726
0.640442
0.646165
0.651892
0.657619
0.663345
0.669067
0.674783
0.680490
0.686186
0.691869
0.697536
0.703186
0.708815
0.714422
0.720003
0.725558
0.731083
0.736576
0.742035
0.747458
0.752842
0.758184
0.763484
0.768738
0.773944
0.779100
0.784205
0.789255
0.794249
0.799185
0.804061
0.808874
0.813624
0.818309
0.822926
0.827474
0.831951
0.836356
0.840688
0.844944
0.849125
0.853228
0.857252
0.861197
0.865061
0.868843
0.872544
0.876162
0.879696
0.883146
0.886512
0.889794
0.892990
0.896102
0.899129
0.902071
0.904928
0.907701
0.910390
0.912996
0.915518
0.917959
0.920318
0.922596
0.924794
0.926914
0.928956
0.930921
0.932811
0.934627
0.936369
0.938041
0.939642
0.941175
0.942642
0.944042
0.945379
0.946655
0.947869
0.949025
0.950124
0.951168
0.952159
0.953098
0.953987
0.954828
0.955623
0.956373
0.957080
0.957746
0.958373
0.958963
0.959516
0.960035
0.960521
0.960975
0.961400
0.961797
0.962167
0.962512
0.962833
0.963131
0.963408
0.963665
0.963902
0.964122
0.964326
0.964513
0.964686
0.964845
0.964992
0.965126
0.965250
0.965363
0.965466
0.965561
0.965648
0.965726
0.965798
0.965864
0.965923
0.965977
0.966026
0.966070
0.966110
0.966146
0.966179
0.966208
0.966235
0.966259
0.966280
0.966299
0.966316
0.966332
0.966345
0.966358
0.966368
0.966378
0.966387
0.966395
0.966401
0.966407
0.966413
0.966417
0.966422
0.966425
0.966429
0.966431
0.966434
0.966436
0.966438
0.966440
0.966441
0.966443
0.966444
0.966445
0.966446
0.966446
0.966447
0.966448
0.966448
0.966448
0.966449
0.966449
0.966449
0.966450
0.966450
0.966450
0.966450
0.966450
0.966450
0.966451
0.966451
0.966451
0.966451
0.966451
0.966451
0.966451
0.966451
0.966451
0.966451
0.966451
0.966451
0.966451
0.966451
0.966451
0.966451
0.966451
0.966451
0.966451
0.966451
0.966451
0.966451
0.966451
0.966451
0.966451
0.966451
0.966451
0.966451
0.966451
0.966451
0.966451
0.966451
0.966451
0.966451
0.966451
0.966451
0.966451
0.966451
0.966451
0.966451
0.966451
0.966451
0.966451
0.966451
0.966451
0.966451
0.966451
0.966451
0.966451
0.966451
0.966451
0.966451
0.966451
0.966451
0.966451
0.966451
0.966451
0.966451
0.966451
0.966451
0.966451
0.966451
0.966451
0.966451
0.966451
0.966451
0.966451
0.966451
0.966451
0.966451
0.966451
0.966451
0.966451
0.966451
0.966451
0.966451
0.966451
0.966451
0.966451
0.966451
0.966451
0.966451
0.966451
0.966451
0.966451
0.966451
0.966451
0.966451
0.966451
0.966451
0.966451
0.966451
0.966451
0.966451
0.966451
0.966451
0.966451
0.966451
0.966451
0.966451
0.966451
0.966451
0.966451
0.966451
0.966451
0.966451
0.966451
0.966451
0.966451
0.966451
0.966451
0.966451
0.966451
0.966451
0.966451
0.966451
0.966451
0.966451
0.966451
0.966451
0.966451
0.966451
0.966451
0.966451
0.966451
0.966451
0.966451
0.966451
0.966451
0.966451
0.966451
0.966451
0.966451
0.966451
0.966451
0.966451
0.966451
0.966451
0.966451
0.966451
0.966451
0.966451
0.966451
0.966451
0.966451
0.966451
0.966451
0.966451
0.966451
0.966451
0.966451
0.966451
0.966451
0.966451
0.966451
0.966451
0.966451
0.966451
0.966451
0.966451
0.966451
0.966451
0.966451
0.966451
0.966451
0.966451
0.966451
0.966451
0.966451
0.966451
0.966451
0.966451
0.966451
0.966451
0.966451
0.966451
0.966451
0.966451
0.966451
0.966451
0.966451
0.966451
0.966451
0.966451
0.966451
0.966451
0.966451
0.966451
0.966451
0.966451
0.966451
0.966451
0.966451
0.966451
0.966451
0.966451
0.966451
0.966451
0.966451
0.966451
0.966451
0.966451
0.966451
0.966451
0.966451
0.966451
0.966451
0.966451
0.966451
0.966451
0.966451
0.966451
0.966451
0.966451
0.966451
0.966451
0.966451
0.966451
0.966451
0.966451
0.966451
0.966451
0.966451
0.966451
0.966451
0.966451
0.966451
0.966451
0.966451
0.966451
0.966451
0.966451
0.966451
0.966451
0.966451
0.966451
0.966451
0.966451
0.966451
0.966451
0.966451
0.966451
0.966451
0.966451
0.966451
0.966451
0.966451
0.966451
0.966451
0.966451
0.966451
0.966451
0.966451
0.966451
0.966451
0.966451
0.966451
0.966451
0.966451
0.966451
0.966451
0.966451
0.966451
0.966451
0.966451
0.966451
0.966451
0.966451
0.966451
0.966451
0.966451
0.966451
0.966451
0.966451
0.966451
0.966451
0.966451
0.966451
0.966451
0.966451
0.966451
0.966451
0.966451
0.966451
0.966451
0.966451
0.966451
0.966451
0.966451
0.966451
0.966451
0.966451
0.966451
0.966451
0.966451
0.966451
0.966451
0.966451
0.966451
0.966451
0.966451
0.966451
0.966451
0.966451
0.966451
0.966451
0.966451
0.966451
0.966451
0.966451
0.966451
0.966451
0.966451
0.966451
0.966451
0.966451
0.966451
0.966451
0.966451
0.966451
0.966451
0.966451
0.966451
0.966451
0.966451
0.966451
0.966451
0.966451
0.966451
0.966451
0.966451
0.966451
0.966451
0.966451
0.966451
0.966451
0.966451
0.966451
0.966451
0.966451
0.966451
0.966451
0.966451
0.966451
0.966451
0.966451
0.966451
0.966451
0.966451
0.966451
0.966451
0.966451
0.966451
0.966451
0.966451
0.966451
0.966451
0.966451
0.966451
0.966451
0.966451
0.966451
0.966451
0.966451
0.966451
0.966451
0.966451
0.966451
0.966451
0.966451
0.966451
0.966451
0.966451
0.966451
0.966451
0.966451
0.966451
0.966451
0.966451
0.966451
0.966451
0.966451
0.966451
0.966451
0.966451
