0.096755
0.133776
0.151338
0.164681
0.176547
0.187520
0.197780
0.207438
0.216581
0.225283
0.233603
0.241605
0.249356
0.256933
0.264404
0.271874
0.279581
0.288153
0.297312
0.301579
0.303605
0.305541
0.307470
0.309392
0.311308
0.313218
0.315121
0.317019
0.318910
0.320796
0.322675
0.324549
0.326417
0.328280
0.330137
0.331989
0.333836
0.335677
0.337513
0.339394
0.341080
0.342753
0.344420
0.346083
0.347742
0.349397
0.351047
0.352693
0.354336
0.355973
0.357607
0.359237
0.360863
0.362484
0.364101
0.365715
0.367324
0.368929
0.370530
0.372127
0.373720
0.375309
0.376894
0.378475
0.380052
0.381625
0.383194
0.384759
0.386320
0.387878
0.389431
0.390980
0.392525
0.394067
0.395604
0.397138
0.398668
0.400194
0.401716
0.403234
0.404748
0.406259
0.407765
0.409268
0.410767
0.412263
0.413754
0.415242
0.416725
0.418206
0.419682
0.421155
0.422623
0.424089
0.425550
0.427008
0.428462
0.429912
0.431359
0.432802
0.434241
0.435677
0.437109
0.438537
0.439962
0.441383
0.442801
0.444215
0.445625
0.447032
0.448435
0.449835
0.451231
0.452623
0.454012
0.455398
0.456780
0.458158
0.459533
0.460904
0.462272
0.463637
0.464998
0.466356
0.467710
0.469060
0.470408
0.471752
0.473092
0.474429
0.475763
0.477093
0.478420
0.479743
0.481064
0.482380
0.483694
0.485004
0.486311
0.487614
0.488914
0.490211
0.491505
0.492795
0.494082
0.495366
0.496646
0.497924
0.499198
0.500468
0.501736
0.503000
0.504261
0.505519
0.506774
0.508026
0.509274
0.510519
0.511761
0.513000
0.514236
0.515468
0.516698
0.517924
0.519147
0.520367
0.521584
0.522798
0.524009
0.525217
0.526422
0.527623
0.528822
0.530017
0.531210
0.532399
0.533586
0.534769
0.535950
0.537127
0.538301
0.539473
0.540641
0.541807
0.542969
0.544129
0.545286
0.546439
0.547590
0.548738
0.549883
0.551025
0.552164
0.553301
0.554434
0.555564
0.556692
0.557817
0.558939
0.560058
0.561174
0.562287
0.563398
0.564506
0.565611
0.566713
0.567812
0.568909
0.570002
0.571093
0.572181
0.573267
0.574350
0.575430
0.576507
0.577581
0.578653
0.579722
0.580788
0.581852
0.582913
0.583971
0.585026
0.586079
0.587129
0.588177
0.589222
0.590264
0.591303
0.592340
0.593374
0.594406
0.595435
0.596461
0.597485
0.598506
0.599525
0.600541
0.601554
0.602565
0.603573
0.604579
0.605582
0.606583
0.607581
0.608577
0.609570
0.610560
0.611548
0.612534
0.613517
0.614497
0.615475
0.616451
0.617424
0.618394
0.619362
0.620328
0.621291
0.622252
0.623210
0.624166
0.625120
0.626071
0.627019
0.627966
0.628910
0.629851
0.630790
0.631727
0.632661
0.633593
0.634523
0.635450
0.636375
0.637297
0.638217
0.639135
0.640051
0.640964
0.641875
0.642783
0.643690
0.644594
0.645495
0.646395
0.647292
0.648187
0.649079
0.649970
0.650858
0.651743
0.652627
0.653508
0.654387
0.655264
0.656139
0.657011
0.657882
0.658750
0.659616
0.660479
0.661341
0.662200
0.663057
0.663912
0.664765
0.665616
0.666464
0.667310
0.668155
0.668997
0.669837
0.670674
0.671510
0.672344
0.673175
0.674005
0.674832
0.675657
0.676480
0.677301
0.678120
0.678937
0.679752
0.680565
0.681376
0.682184
0.682991
0.683796
0.684598
0.685399
0.686197
0.686994
0.687788
0.688581
0.689372
0.690160
0.690947
0.691731
0.692514
0.693295
0.694073
0.694850
0.695625
0.696398
0.697169
0.697938
0.698705
0.699470
0.700233
0.700995
0.701754
0.702511
0.703267
0.704021
0.704773
0.705523
0.706271
0.707017
0.707761
0.708504
0.709244
0.709983
0.710720
0.711455
0.712188
0.712920
0.713649
0.714377
0.715103
0.715827
0.716550
0.717270
0.717989
0.718706
0.719421
0.720135
0.720847
0.721557
0.722265
0.722971
0.723676
0.724379
0.725080
0.725779
0.726477
0.727173
0.727867
0.728560
0.729251
0.729940
0.730628
0.731313
0.731997
0.732680
0.733361
0.734040
0.734717
0.735393
0.736067
0.736739
0.737410
0.738079
0.738747
0.739413
0.740077
0.740740
0.741401
0.742060
0.742718
0.743375
0.744029
0.744682
0.745334
0.745984
0.746632
0.747279
0.747924
0.748568
0.749210
0.749851
0.750490
0.751128
0.751764
0.752398
0.753031
0.753663
0.754293
0.754921
0.755548
0.756174
0.756798
0.757420
0.758041
0.758661
0.759279
0.759896
0.760511
0.761125
0.761737
0.762348
0.762957
0.763566
0.764172
0.764777
0.765381
0.765984
0.766585
0.767184
0.767783
0.768380
0.768975
0.769569
0.770162
0.770753
0.771344
0.771932
0.772520
0.773106
0.773691
0.774274
0.774856
0.775437
0.776016
0.776595
0.777171
0.777747
0.778321
0.778894
0.779466
0.780037
0.780606
0.781174
0.781741
0.782306
0.782871
0.783434
0.783995
0.784556
0.785115
0.785674
0.786231
0.786786
0.787341
0.787894
0.788447
0.788998
0.789548
0.790096
0.790644
0.791191
0.791736
0.792280
0.792823
0.793365
0.793906
0.794446
0.794984
0.795522
0.796058
0.796594
0.797128
0.797661
0.798193
0.798724
0.799254
0.799783
0.800311
0.800838
0.801364
0.801889
0.802413
0.802936
0.803458
0.803978
0.804498
0.805017
0.805535
0.806052
0.806568
0.807083
0.807597
0.808110
0.808623
0.809134
0.809644
0.810154
0.810662
0.811170
0.811677
0.812183
0.812688
0.813192
0.813695
0.814197
0.814699
0.815200
0.815700
0.816199
0.816697
0.817194
0.817691
0.818187
0.818682
0.819176
0.819669
0.820162
0.820654
0.821145
0.821635
0.822125
0.822614
0.823102
0.823590
0.824076
0.824562
0.825048
0.825532
0.826016
0.826499
0.826982
0.827464
0.827945
0.828426
0.828906
0.829385
0.829864
0.830342
0.830819
0.831296
0.831773
0.832248
0.832723
0.833198
0.833672
0.834145
0.834618
0.835091
0.835562
0.836034
0.836504
0.836974
0.837444
0.837913
0.838382
0.838850
0.839318
0.839785
0.840252
0.840719
0.841185
0.841650
0.842115
0.842580
0.843044
0.843508
0.843971
0.844434
0.844897
