0.058760
0.162340
0.220635
0.249514
0.264059
0.271800
0.276395
0.279560
0.282086
0.284331
0.286451
0.288516
0.290555
0.292579
0.294594
0.296601
0.298601
0.300595
0.302582
0.304563
0.306537
0.308506
0.310469
0.312425
0.314376
0.316320
0.318259
0.320192
0.322119
0.324040
0.325956
0.327865
0.329769
0.331668
0.333561
0.335448
0.337329
0.339205
0.341076
0.343007
0.344749
0.346466
0.348173
0.349876
0.351573
0.353265
0.354953
0.356637
0.358315
0.359989
0.361659
0.363324
0.364984
0.366640
0.368291
0.369938
0.371580
0.373218
0.374851
0.376480
0.378105
0.379725
0.381340
0.382951
0.384558
0.386161
0.387759
0.389352
0.390942
0.392527
0.394107
0.395684
0.397256
0.398824
0.400387
0.401947
0.403502
0.405053
0.406600
0.408142
0.409680
0.411215
0.412745
0.414270
0.415792
0.417310
0.418823
0.420333
0.421838
0.423339
0.424837
0.426330
0.427819
0.429304
0.430785
0.432262
0.433735
0.435205
0.436670
0.438131
0.439588
0.441042
0.442491
0.443937
0.445378
0.446816
0.448250
0.449680
0.451107
0.452529
0.453947
0.455362
0.456773
0.458180
0.459584
0.460983
0.462379
0.463771
0.465160
0.466544
0.467925
0.469303
0.470676
0.472046
0.473412
0.474775
0.476134
0.477489
0.478841
0.480189
0.481533
0.482874
0.484211
0.485545
0.486875
0.488202
0.489525
0.490844
0.492160
0.493473
0.494782
0.496087
0.497389
0.498688
0.499983
0.501274
0.502562
0.503847
0.505128
0.506406
0.507681
0.508952
0.510220
0.511484
0.512745
0.514002
0.515257
0.516508
0.517755
0.519000
0.520241
0.521478
0.522713
0.523944
0.525172
0.526396
0.527618
0.528836
0.530050
0.531262
0.532471
0.533676
0.534878
0.536077
0.537272
0.538465
0.539654
0.540840
0.542023
0.543203
0.544380
0.545554
0.546724
0.547892
0.549056
0.550217
0.551376
0.552531
0.553683
0.554832
0.555978
0.557121
0.558261
0.559398
0.560532
0.561663
0.562791
0.563916
0.565038
0.566157
0.567273
0.568386
0.569496
0.570604
0.571708
0.572809
0.573908
0.575004
0.576096
0.577186
0.578273
0.579358
0.580439
0.581517
0.582593
0.583666
0.584736
0.585803
0.586867
0.587929
0.588987
0.590043
0.591096
0.592147
0.593194
0.594239
0.595281
0.596321
0.597358
0.598391
0.599423
0.600451
0.601477
0.602500
0.603521
0.604538
0.605553
0.606566
0.607575
0.608583
0.609587
0.610589
0.611588
0.612585
0.613579
0.614570
0.615559
0.616545
0.617528
0.618509
0.619488
0.620464
0.621437
0.622408
0.623376
0.624342
0.625305
0.626265
0.627223
0.628179
0.629132
0.630083
0.631031
0.631976
0.632919
0.633860
0.634798
0.635734
0.636667
0.637598
0.638527
0.639453
0.640376
0.641297
0.642216
0.643133
0.644047
0.644958
0.645867
0.646774
0.647679
0.648581
0.649480
0.650378
0.651273
0.652166
0.653056
0.653944
0.654830
0.655713
0.656594
0.657473
0.658350
0.659224
0.660096
0.660965
0.661833
0.662698
0.663561
0.664421
0.665280
0.666136
0.666990
0.667842
0.668691
0.669538
0.670383
0.671226
0.672067
0.672905
0.673742
0.674576
0.675408
0.676238
0.677065
0.677891
0.678714
0.679535
0.680354
0.681171
0.681986
0.682798
0.683609
0.684417
0.685224
0.686028
0.686830
0.687630
0.688428
0.689224
0.690018
0.690809
0.691599
0.692387
0.693172
0.693956
0.694737
0.695517
0.696294
0.697070
0.697843
0.698615
0.699384
0.700151
0.700917
0.701680
0.702442
0.703201
0.703959
0.704714
0.705468
0.706219
0.706969
0.707717
0.708463
0.709206
0.709948
0.710688
0.711426
0.712162
0.712897
0.713629
0.714359
0.715088
0.715815
0.716539
0.717262
0.717983
0.718702
0.719420
0.720135
0.720849
0.721560
0.722270
0.722978
0.723685
0.724389
0.725091
0.725792
0.726491
0.727188
0.727883
0.728577
0.729269
0.729959
0.730647
0.731333
0.732018
0.732700
0.733381
0.734061
0.734738
0.735414
0.736088
0.736760
0.737431
0.738099
0.738766
0.739432
0.740095
0.740757
0.741417
0.742076
0.742733
0.743388
0.744041
0.744693
0.745343
0.745991
0.746638
0.747283
0.747926
0.748568
0.749207
0.749846
0.750482
0.751117
0.751751
0.752383
0.753013
0.753641
0.754268
0.754893
0.755517
0.756139
0.756759
0.757378
0.757995
0.758611
0.759225
0.759837
0.760448
0.761058
0.761665
0.762271
0.762876
0.763479
0.764080
0.764680
0.765279
0.765876
0.766471
0.767065
0.767657
0.768247
0.768837
0.769424
0.770010
0.770595
0.771178
0.771760
0.772340
0.772918
0.773495
0.774071
0.774645
0.775218
0.775789
0.776359
0.776927
0.777494
0.778059
0.778623
0.779185
0.779746
0.780306
0.780864
0.781420
0.781975
0.782529
0.783082
0.783632
0.784182
0.784730
0.785277
0.785822
0.786366
0.786908
0.787449
0.787989
0.788527
0.789064
0.789599
0.790134
0.790666
0.791198
0.791728
0.792256
0.792784
0.793310
0.793834
0.794357
0.794879
0.795400
0.795919
0.796437
0.796953
0.797468
0.797982
0.798495
0.799006
0.799516
0.800024
0.800532
0.801038
0.801542
0.802046
0.802548
0.803049
0.803548
0.804046
0.804543
0.805039
0.805533
0.806026
0.806518
0.807009
0.807498
0.807986
0.808473
0.808959
0.809443
0.809926
0.810408
0.810888
0.811368
0.811846
0.812323
0.812798
0.813273
0.813746
0.814218
0.814689
0.815158
0.815627
0.816094
0.816560
0.817025
0.817488
0.817951
0.818412
0.818872
0.819331
0.819788
0.820245
0.820700
0.821154
0.821607
0.822059
0.822510
0.822959
0.823407
0.823855
0.824301
0.824746
0.825189
0.825632
0.826073
0.826514
0.826953
0.827391
0.827828
0.828264
0.828698
0.829132
0.829565
0.829996
0.830426
0.830855
0.831283
0.831710
0.832136
0.832561
0.832985
0.833407
0.833829
0.834249
0.834669
0.835087
0.835504
0.835920
0.836335
0.836749
0.837162
0.837574
0.837985
0.838395
0.838804
0.839211
0.839618
0.840023
0.840428
0.840832
0.841234
0.841635
0.842036
0.842435
0.842834
0.843231
0.843627
