-0.037955
-0.026277
0.008178
0.041404
0.069039
0.092694
0.113388
0.131795
0.148368
0.163410
0.177177
0.189877
0.201671
0.212675
0.222980
0.232684
0.241871
0.250617
0.258981
0.267029
0.274828
0.282453
0.289981
0.297524
0.305338
0.314014
0.322810
0.327653
0.329964
0.332006
0.334041
0.336077
0.338112
0.340147
0.342183
0.344220
0.346257
0.348296
0.350337
0.352369
0.354203
0.356078
0.357960
0.359845
0.361733
0.363626
0.365523
0.367424
0.369329
0.371239
0.373153
0.375072
0.376996
0.378925
0.380860
0.382800
0.384745
0.386697
0.388654
0.390618
0.392589
0.394565
0.396549
0.398540
0.400537
0.402543
0.404555
0.406576
0.408604
0.410641
0.412686
0.414739
0.416802
0.418873
0.420953
0.423043
0.425142
0.427252
0.429371
0.431500
0.433640
0.435790
0.437951
0.440123
0.442306
0.444501
0.446707
0.448925
0.451156
0.453398
0.455653
0.457921
0.460201
0.462494
0.464801
0.467121
0.469455
0.471803
0.474165
0.476541
0.478931
0.481337
0.483757
0.486191
0.488642
0.491107
0.493588
0.496085
0.498598
0.501126
0.503671
0.506233
0.508811
0.511405
0.514017
0.516645
0.519291
0.521954
0.524634
0.527332
0.530047
0.532781
0.535532
0.538301
0.541088
0.543893
0.546717
0.549559
0.552419
0.555298
0.558195
0.561111
0.564045
0.566998
0.569970
0.572960
0.575969
0.578997
0.582043
0.585108
0.588191
0.591293
0.594414
0.597553
0.600710
0.603885
0.607079
0.610290
0.613520
0.616767
0.620032
0.623314
0.626613
0.629930
0.633263
0.636613
0.639980
0.643362
0.646761
0.650175
0.653604
0.657048
0.660508
0.663981
0.667468
0.670970
0.674484
0.678011
0.681551
0.685102
0.688665
0.692240
0.695824
0.699419
0.703024
0.706637
0.710259
0.713889
0.717526
0.721169
0.724819
0.728475
0.732135
0.735799
0.739466
0.743136
0.746809
0.750482
0.754156
0.757830
0.761502
0.765173
0.768841
0.772505
0.776165
0.779820
0.783468
0.787110
0.790743
0.794368
0.797983
0.801587
0.805180
0.808759
0.812326
0.815878
0.819414
0.822933
0.826436
0.829919
0.833383
0.836827
0.840249
0.843649
0.847024
0.850376
0.853702
0.857001
0.860273
0.863516
0.866730
0.869913
0.873065
0.876184
0.879270
0.882322
0.885339
0.888320
0.891263
0.894170
0.897037
0.899866
0.902654
0.905401
0.908107
0.910771
0.913392
0.915969
0.918503
0.920991
0.923435
0.925833
0.928185
0.930490
0.932749
0.934960
0.937125
0.939241
0.941310
0.943331
0.945304
0.947229
0.949106
0.950935
0.952715
0.954449
0.956134
0.957772
0.959363
0.960908
0.962405
0.963857
0.965263
0.966624
0.967940
0.969213
0.970442
0.971628
0.972771
0.973874
0.974935
0.975956
0.976939
0.977882
0.978788
0.979657
0.980490
0.981288
0.982052
0.982782
0.983480
0.984147
0.984783
0.985389
0.985966
0.986515
0.987038
0.987534
0.988005
0.988453
0.988876
0.989278
0.989657
0.990016
0.990356
0.990676
0.990978
0.991262
0.991530
0.991782
0.992019
0.992241
0.992450
0.992645
0.992829
0.993000
0.993161
0.993310
0.993450
0.993581
0.993702
0.993815
0.993921
0.994019
0.994110
0.994194
0.994272
0.994345
0.994412
0.994474
0.994531
0.994584
0.994633
0.994678
0.994719
0.994757
0.994792
0.994825
0.994854
0.994881
0.994906
0.994929
0.994949
0.994968
0.994986
0.995002
0.995016
0.995029
0.995041
0.995052
0.995062
0.995071
0.995079
0.995086
0.995093
0.995099
0.995105
0.995109
0.995114
0.995118
0.995122
0.995125
0.995128
0.995130
0.995133
0.995135
0.995137
0.995139
0.995140
0.995141
0.995143
0.995144
0.995145
0.995146
0.995146
0.995147
0.995148
0.995148
0.995149
0.995149
0.995150
0.995150
0.995150
0.995150
0.995151
0.995151
0.995151
0.995151
0.995151
0.995152
0.995152
0.995152
0.995152
0.995152
0.995152
0.995152
0.995152
0.995152
0.995152
0.995152
0.995152
0.995152
0.995152
0.995152
0.995152
0.995152
0.995152
0.995152
0.995152
0.995152
0.995152
0.995152
0.995152
0.995152
0.995152
0.995152
0.995152
0.995152
0.995152
0.995152
0.995152
0.995152
0.995152
0.995152
0.995152
0.995152
0.995152
0.995152
0.995152
0.995152
0.995152
0.995152
0.995152
0.995152
0.995152
0.995152
0.995152
0.995152
0.995152
0.995152
0.995152
0.995152
0.995152
0.995152
0.995152
0.995152
0.995152
0.995152
0.995152
0.995152
0.995152
0.995152
0.995152
0.995152
0.995152
0.995152
0.995152
0.995152
0.995152
0.995152
0.995152
0.995152
0.995152
0.995152
0.995152
0.995152
0.995152
0.995152
0.995152
0.995152
0.995152
0.995152
0.995152
0.995152
0.995152
0.995152
0.995152
0.995152
0.995152
0.995152
0.995152
0.995152
0.995152
0.995152
0.995152
0.995152
0.995152
0.995152
0.995152
0.995152
0.995152
0.995152
0.995152
0.995152
0.995152
0.995152
0.995152
0.995152
0.995152
0.995152
0.995152
0.995152
0.995152
0.995152
0.995152
0.995152
0.995152
0.995152
0.995152
0.995152
0.995152
0.995152
0.995152
0.995152
0.995152
0.995152
0.995152
0.995152
0.995152
0.995152
0.995152
0.995152
0.995152
0.995152
0.995152
0.995152
0.995152
0.995152
0.995152
0.995152
0.995152
0.995152
0.995152
0.995152
0.995152
0.995152
0.995152
0.995152
0.995152
0.995152
0.995152
0.995152
0.995152
0.995152
0.995152
0.995152
0.995152
0.995152
0.995152
0.995152
0.995152
0.995152
0.995152
0.995152
0.995152
0.995152
0.995152
0.995152
0.995152
0.995152
0.995152
0.995152
0.995152
0.995152
0.995152
0.995152
0.995152
0.995152
0.995152
0.995152
0.995152
0.995152
0.995152
0.995152
0.995152
0.995152
0.995152
0.995152
0.995152
0.995152
0.995152
0.995152
0.995152
0.995152
0.995152
0.995152
0.995152
0.995152
0.995152
0.995152
0.995152
0.995152
0.995152
0.995152
0.995152
0.995152
0.995152
0.995152
0.995152
0.995152
0.995152
0.995152
0.995152
0.995152
0.995152
0.995152
0.995152
0.995152
0.995152
0.995152
