0.011035
0.018166
0.024659
0.030697
0.036496
0.042201
0.047922
0.053753
0.059776
0.066060
0.072667
0.079655
0.087089
0.095043
0.103602
0.112841
0.122833
0.133693
0.145571
0.158649
0.173149
0.189358
0.207664
0.228599
0.252906
0.281630
0.316182
0.357962
0.405211
0.442037
0.437074
0.403822
0.389864
0.390745
0.393690
0.396757
0.399869
0.403018
0.406199
0.409312
0.412278
0.415366
0.418481
0.421619
0.424777
0.427955
0.431150
0.434361
0.437587
0.440828
0.444083
0.447351
0.450631
0.453924
0.457227
0.460542
0.463866
0.467201
0.470544
0.473896
0.477256
0.480624
0.483999
0.487380
0.490768
0.494161
0.497559
0.500961
0.504368
0.507778
0.511191
0.514606
0.518023
0.521441
0.524860
0.528280
0.531699
0.535117
0.538534
0.541949
0.545362
0.548772
0.552178
0.555580
0.558978
0.562370
0.565757
0.569138
0.572512
0.575879
0.579238
0.582589
0.585932
0.589265
0.592589
0.595903
0.599206
0.602498
0.605778
0.609047
0.612303
0.615546
0.618776
0.621993
0.625195
0.628383
0.631556
0.634713
0.637856
0.640982
0.644092
0.647185
0.650261
0.653320
0.656361
0.659385
0.662390
0.665376
0.668344
0.671293
0.674223
0.677133
0.680024
0.682894
0.685745
0.688575
0.691385
0.694174
0.696942
0.699689
0.702415
0.705120
0.707803
0.710465
0.713105
0.715724
0.718321
0.720896
0.723449
0.725980
0.728489
0.730977
0.733442
0.735885
0.738306
0.740704
0.743081
0.745436
0.747768
0.750079
0.752367
0.754634
0.756878
0.759101
0.761302
0.763481
0.765638
0.767774
0.769888
0.771981
0.774053
0.776103
0.778132
0.780140
0.782127
0.784093
0.786039
0.787964
0.789868
0.791752
0.793616
0.795460
0.797284
0.799089
0.800873
0.802638
0.804384
0.806111
0.807818
0.809507
0.811177
0.812829
0.814462
0.816077
0.817673
0.819252
0.820813
0.822357
0.823883
0.825392
0.826884
0.828359
0.829817
0.831259
0.832684
0.834093
0.835486
0.836863
0.838225
0.839571
0.840901
0.842217
0.843517
0.844802
0.846073
0.847329
0.848571
0.849799
0.851012
0.852212
0.853398
0.854571
0.855730
0.856876
0.858009
0.859128
0.860236
0.861330
0.862412
0.863482
0.864540
0.865586
0.866620
0.867642
0.868653
0.869652
0.870640
0.871617
0.872583
0.873538
0.874483
0.875417
0.876341
0.877254
0.878157
0.879050
0.879933
0.880807
0.881671
0.882525
0.883370
0.884206
0.885033
0.885851
0.886659
0.887459
0.888251
0.889034
0.889808
0.890574
0.891332
0.892082
0.892824
0.893557
0.894284
0.895002
0.895713
0.896417
0.897113
0.897801
0.898483
0.899158
0.899825
0.900486
0.901140
0.901787
0.902427
0.903061
0.903689
0.904310
0.904925
0.905534
0.906137
0.906733
0.907324
0.907909
0.908488
0.909061
0.909629
0.910191
0.910747
0.911298
0.911844
0.912385
0.912920
0.913450
0.913975
0.914495
0.915011
0.915521
0.916026
0.916527
0.917023
0.917514
0.918001
0.918483
0.918961
0.919435
0.919904
0.920368
0.920829
0.921285
0.921738
0.922186
0.922630
0.923070
0.923506
0.923939
0.924367
0.924792
0.925213
0.925630
0.926044
0.926454
0.926861
0.927264
0.927663
0.928059
0.928452
0.928842
0.929228
0.929611
0.929990
0.930367
0.930740
0.931110
0.931477
0.931842
0.932203
0.932561
0.932916
0.933269
0.933618
0.933965
0.934309
0.934650
0.934988
0.935324
0.935657
0.935987
0.936315
0.936641
0.936963
0.937283
0.937601
0.937916
0.938229
0.938540
0.938848
0.939154
0.939457
0.939758
0.940057
0.940353
0.940648
0.940940
0.941230
0.941518
0.941803
0.942087
0.942369
0.942648
0.942926
0.943201
0.943474
0.943746
0.944015
0.944283
0.944549
0.944812
0.945074
0.945334
0.945593
0.945849
0.946104
0.946357
0.946608
0.946857
0.947105
0.947351
0.947595
0.947838
0.948078
0.948318
0.948555
0.948792
0.949026
0.949259
0.949490
0.949720
0.949948
0.950175
0.950401
0.950624
0.950847
0.951068
0.951287
0.951505
0.951722
0.951937
0.952151
0.952363
0.952574
0.952784
0.952993
0.953200
0.953406
0.953610
0.953813
0.954015
0.954216
0.954415
0.954614
0.954811
0.955006
0.955201
0.955394
0.955586
0.955777
0.955967
0.956156
0.956344
0.956530
0.956715
0.956900
0.957083
0.957265
0.957446
0.957625
0.957804
0.957982
0.958159
0.958334
0.958509
0.958682
0.958855
0.959027
0.959197
0.959367
0.959535
0.959703
0.959870
0.960035
0.960200
0.960364
0.960527
0.960689
0.960850
0.961010
0.961169
0.961328
0.961485
0.961642
0.961798
0.961953
0.962107
0.962260
0.962412
0.962564
0.962714
0.962864
0.963013
0.963161
0.963309
0.963455
0.963601
0.963746
0.963890
0.964034
0.964177
0.964319
0.964460
0.964600
0.964740
0.964879
0.965017
0.965154
0.965291
0.965427
0.965563
0.965697
0.965831
0.965964
0.966097
0.966229
0.966360
0.966490
0.966620
0.966749
0.966878
0.967005
0.967132
0.967259
0.967385
0.967510
0.967635
0.967759
0.967882
0.968005
0.968127
0.968248
0.968369
0.968489
0.968609
0.968728
0.968846
0.968964
0.969081
0.969198
0.969314
0.969430
0.969545
0.969659
0.969773
0.969886
0.969999
0.970111
0.970223
0.970334
0.970445
0.970555
0.970664
0.970773
0.970882
0.970989
0.971097
0.971204
0.971310
0.971416
0.971521
0.971626
0.971731
0.971834
0.971938
0.972041
0.972143
0.972245
0.972346
0.972447
0.972548
0.972648
0.972747
0.972846
0.972945
0.973043
0.973141
0.973238
0.973335
0.973431
0.973527
0.973622
0.973717
0.973812
0.973906
0.974000
0.974093
0.974186
0.974278
0.974370
0.974462
0.974553
0.974644
0.974734
0.974824
0.974914
0.975003
0.975091
0.975180
0.975268
0.975355
0.975442
0.975529
0.975615
0.975701
0.975787
0.975872
0.975957
0.976041
0.976125
0.976209
0.976292
0.976375
0.976458
0.976540
0.976622
0.976704
0.976785
0.976865
0.976946
0.977026
0.977106
0.977185
0.977264
0.977343
0.977421
0.977499
0.977577
0.977654
0.977731
0.977808
