0.119526
0.212860
0.253425
0.266198
0.271721
0.275024
0.277532
0.279748
0.281854
0.283915
0.285955
0.287984
0.290004
0.292017
0.294024
0.296023
0.298016
0.300003
0.301984
0.303958
0.305927
0.307889
0.309845
0.311796
0.313740
0.315679
0.317612
0.319539
0.321460
0.323376
0.325286
0.327190
0.329089
0.330982
0.332869
0.334752
0.336628
0.338499
0.340365
0.342290
0.344027
0.345738
0.347440
0.349137
0.350829
0.352517
0.354200
0.355878
0.357552
0.359221
0.360886
0.362546
0.364202
0.365853
0.367500
0.369143
0.370781
0.372414
0.374043
0.375668
0.377288
0.378904
0.380516
0.382124
0.383727
0.385325
0.386920
0.388510
0.390096
0.391677
0.393255
0.394828
0.396397
0.397961
0.399522
0.401078
0.402630
0.404178
0.405722
0.407261
0.408797
0.410328
0.411856
0.413379
0.414898
0.416413
0.417924
0.419431
0.420934
0.422433
0.423928
0.425419
0.426906
0.428388
0.429867
0.431342
0.432814
0.434281
0.435744
0.437203
0.438659
0.440110
0.441558
0.443002
0.444442
0.445878
0.447310
0.448739
0.450163
0.451584
0.453001
0.454415
0.455824
0.457230
0.458632
0.460030
0.461425
0.462816
0.464203
0.465586
0.466966
0.468342
0.469715
0.471084
0.472449
0.473811
0.475169
0.476523
0.477874
0.479221
0.480565
0.481905
0.483241
0.484574
0.485904
0.487230
0.488552
0.489871
0.491186
0.492498
0.493806
0.495111
0.496413
0.497711
0.499006
0.500297
0.501585
0.502869
0.504150
0.505428
0.506702
0.507973
0.509240
0.510504
0.511765
0.513022
0.514277
0.515527
0.516775
0.518019
0.519260
0.520498
0.521732
0.522963
0.524191
0.525416
0.526637
0.527855
0.529070
0.530282
0.531491
0.532696
0.533898
0.535097
0.536293
0.537486
0.538676
0.539862
0.541045
0.542226
0.543403
0.544577
0.545748
0.546916
0.548080
0.549242
0.550401
0.551556
0.552709
0.553858
0.555005
0.556148
0.557289
0.558426
0.559561
0.560693
0.561821
0.562947
0.564069
0.565189
0.566306
0.567420
0.568530
0.569638
0.570743
0.571846
0.572945
0.574041
0.575135
0.576225
0.577313
0.578398
0.579480
0.580560
0.581636
0.582710
0.583780
0.584848
0.585914
0.586976
0.588036
0.589092
0.590146
0.591198
0.592246
0.593292
0.594335
0.595376
0.596413
0.597448
0.598480
0.599510
0.600537
0.601561
0.602582
0.603601
0.604617
0.605630
0.606641
0.607649
0.608655
0.609658
0.610658
0.611656
0.612651
0.613643
0.614633
0.615620
0.616605
0.617587
0.618567
0.619544
0.620518
0.621490
0.622459
0.623426
0.624391
0.625352
0.626312
0.627268
0.628223
0.629175
0.630124
0.631071
0.632015
0.632957
0.633897
0.634834
0.635768
0.636700
0.637630
0.638557
0.639482
0.640405
0.641325
0.642242
0.643158
0.644070
0.644981
0.645889
0.646795
0.647698
0.648599
0.649498
0.650394
0.651288
0.652180
0.653070
0.653957
0.654841
0.655724
0.656604
0.657482
0.658358
0.659231
0.660102
0.660971
0.661837
0.662701
0.663564
0.664423
0.665281
0.666136
0.666989
0.667840
0.668689
0.669535
0.670380
0.671222
0.672062
0.672899
0.673735
0.674568
0.675399
0.676228
0.677055
0.677880
0.678703
0.679523
0.680342
0.681158
0.681972
0.682784
0.683594
0.684401
0.685207
0.686011
0.686812
0.687612
0.688409
0.689204
0.689998
0.690789
0.691578
0.692365
0.693150
0.693933
0.694714
0.695493
0.696270
0.697045
0.697818
0.698588
0.699357
0.700124
0.700889
0.701652
0.702413
0.703172
0.703929
0.704684
0.705437
0.706189
0.706938
0.707685
0.708430
0.709174
0.709915
0.710655
0.711393
0.712128
0.712862
0.713594
0.714324
0.715052
0.715779
0.716503
0.717225
0.717946
0.718665
0.719382
0.720097
0.720810
0.721522
0.722231
0.722939
0.723645
0.724349
0.725051
0.725751
0.726450
0.727147
0.727842
0.728535
0.729226
0.729916
0.730604
0.731290
0.731974
0.732657
0.733338
0.734017
0.734694
0.735369
0.736043
0.736715
0.737385
0.738054
0.738721
0.739386
0.740049
0.740711
0.741371
0.742029
0.742686
0.743341
0.743994
0.744645
0.745295
0.745943
0.746590
0.747235
0.747878
0.748519
0.749159
0.749797
0.750434
0.751069
0.751702
0.752334
0.752964
0.753592
0.754219
0.754844
0.755467
0.756089
0.756709
0.757328
0.757945
0.758561
0.759175
0.759787
0.760398
0.761007
0.761615
0.762221
0.762825
0.763428
0.764029
0.764629
0.765228
0.765824
0.766420
0.767013
0.767605
0.768196
0.768785
0.769373
0.769959
0.770543
0.771126
0.771708
0.772288
0.772867
0.773444
0.774019
0.774593
0.775166
0.775737
0.776307
0.776875
0.777442
0.778007
0.778571
0.779133
0.779694
0.780254
0.780812
0.781368
0.781924
0.782477
0.783030
0.783581
0.784130
0.784678
0.785225
0.785770
0.786314
0.786857
0.787398
0.787937
0.788476
0.789013
0.789548
0.790082
0.790615
0.791146
0.791677
0.792205
0.792733
0.793258
0.793783
0.794306
0.794828
0.795349
0.795868
0.796386
0.796903
0.797418
0.797932
0.798444
0.798956
0.799466
0.799974
0.800482
0.800988
0.801493
0.801996
0.802498
0.802999
0.803499
0.803997
0.804494
0.804990
0.805484
0.805977
0.806469
0.806960
0.807449
0.807938
0.808424
0.808910
0.809395
0.809878
0.810360
0.810840
0.811320
0.811798
0.812275
0.812751
0.813225
0.813699
0.814171
0.814642
0.815111
0.815580
0.816047
0.816513
0.816978
0.817442
0.817904
0.818366
0.818826
0.819285
0.819743
0.820199
0.820655
0.821109
0.821562
0.822014
0.822465
0.822914
0.823363
0.823810
0.824256
0.824701
0.825145
0.825588
0.826030
0.826470
0.826910
0.827348
0.827785
0.828221
0.828656
0.829090
0.829522
0.829954
0.830384
0.830813
0.831242
0.831669
0.832095
0.832520
0.832944
0.833366
0.833788
0.834209
0.834628
0.835047
0.835464
0.835880
0.836296
0.836710
0.837123
0.837535
0.837946
0.838356
0.838765
0.839173
0.839579
0.839985
0.840390
0.840794
0.841196
0.841598
0.841999
0.842398
0.842797
0.843194
