0.019673
0.036328
0.048545
0.058202
0.066446
0.073886
0.080875
0.087649
0.094371
0.101161
0.108108
0.115280
0.122746
0.130574
0.138833
0.147586
0.156885
0.166816
0.177486
0.189026
0.201592
0.215379
0.230650
0.247758
0.267182
0.289571
0.315721
0.346168
0.378750
0.401501
0.394583
0.370747
0.361741
0.362957
0.365547
0.368215
0.370910
0.373628
0.376365
0.379075
0.381619
0.384239
0.386875
0.389525
0.392188
0.394862
0.397547
0.400241
0.402945
0.405658
0.408379
0.411108
0.413845
0.416589
0.419340
0.422098
0.424862
0.427632
0.430408
0.433189
0.435975
0.438766
0.441561
0.444361
0.447164
0.449971
0.452781
0.455594
0.458410
0.461228
0.464048
0.466869
0.469692
0.472516
0.475341
0.478166
0.480991
0.483815
0.486639
0.489462
0.492284
0.495104
0.497922
0.500738
0.503551
0.506361
0.509167
0.511970
0.514769
0.517564
0.520354
0.523139
0.525919
0.528693
0.531461
0.534223
0.536978
0.539727
0.542468
0.545202
0.547928
0.550646
0.553356
0.556057
0.558749
0.561432
0.564105
0.566769
0.569422
0.572066
0.574699
0.577321
0.579932
0.582533
0.585121
0.587698
0.590264
0.592817
0.595358
0.597886
0.600402
0.602905
0.605396
0.607873
0.610336
0.612787
0.615223
0.617646
0.620055
0.622450
0.624831
0.627198
0.629550
0.631888
0.634212
0.636520
0.638814
0.641094
0.643358
0.645607
0.647842
0.650061
0.652266
0.654455
0.656629
0.658787
0.660931
0.663059
0.665172
0.667270
0.669352
0.671419
0.673471
0.675507
0.677528
0.679534
0.681525
0.683500
0.685460
0.687405
0.689335
0.691250
0.693149
0.695034
0.696904
0.698758
0.700598
0.702423
0.704234
0.706029
0.707810
0.709577
0.711329
0.713066
0.714790
0.716498
0.718193
0.719874
0.721541
0.723193
0.724832
0.726458
0.728069
0.729667
0.731251
0.732823
0.734380
0.735925
0.737456
0.738975
0.740480
0.741973
0.743453
0.744921
0.746376
0.747818
0.749249
0.750667
0.752073
0.753467
0.754849
0.756219
0.757578
0.758925
0.760261
0.761585
0.762898
0.764200
0.765491
0.766771
0.768040
0.769298
0.770545
0.771783
0.773009
0.774226
0.775432
0.776628
0.777814
0.778990
0.780156
0.781313
0.782459
0.783597
0.784725
0.785843
0.786953
0.788053
0.789144
0.790226
0.791299
0.792364
0.793420
0.794467
0.795506
0.796536
0.797558
0.798572
0.799578
0.800575
0.801565
0.802547
0.803521
0.804487
0.805446
0.806397
0.807340
0.808277
0.809206
0.810127
0.811042
0.811949
0.812850
0.813743
0.814630
0.815510
0.816383
0.817250
0.818110
0.818963
0.819810
0.820651
0.821486
0.822314
0.823136
0.823952
0.824762
0.825566
0.826365
0.827157
0.827944
0.828725
0.829500
0.830270
0.831034
0.831793
0.832546
0.833294
0.834037
0.834774
0.835507
0.836234
0.836956
0.837673
0.838386
0.839093
0.839795
0.840493
0.841186
0.841874
0.842558
0.843236
0.843911
0.844581
0.845246
0.845907
0.846564
0.847216
0.847864
0.848508
0.849147
0.849783
0.850414
0.851041
0.851664
0.852283
0.852899
0.853510
0.854117
0.854721
0.855321
0.855917
0.856509
0.857098
0.857683
0.858264
0.858842
0.859416
0.859987
0.860554
0.861118
0.861678
0.862235
0.862789
0.863339
0.863887
0.864430
0.864971
0.865508
0.866043
0.866574
0.867102
0.867627
0.868149
0.868668
0.869184
0.869696
0.870206
0.870714
0.871218
0.871719
0.872218
0.872713
0.873206
0.873697
0.874184
0.874669
0.875151
0.875630
0.876107
0.876581
0.877053
0.877522
0.877988
0.878452
0.878913
0.879372
0.879829
0.880283
0.880734
0.881184
0.881630
0.882075
0.882517
0.882957
0.883394
0.883829
0.884262
0.884693
0.885122
0.885548
0.885972
0.886394
0.886814
0.887231
0.887647
0.888060
0.888471
0.888881
0.889288
0.889693
0.890096
0.890497
0.890896
0.891293
0.891688
0.892082
0.892473
0.892862
0.893250
0.893635
0.894019
0.894401
0.894781
0.895159
0.895535
0.895910
0.896282
0.896653
0.897023
0.897390
0.897756
0.898120
0.898482
0.898842
0.899201
0.899558
0.899914
0.900268
0.900620
0.900970
0.901319
0.901667
0.902012
0.902357
0.902699
0.903040
0.903380
0.903717
0.904054
0.904389
0.904722
0.905054
0.905384
0.905713
0.906040
0.906366
0.906691
0.907014
0.907335
0.907655
0.907974
0.908291
0.908607
0.908922
0.909235
0.909547
0.909857
0.910166
0.910474
0.910780
0.911086
0.911389
0.911692
0.911993
0.912293
0.912591
0.912888
0.913184
0.913479
0.913773
0.914065
0.914356
0.914646
0.914934
0.915221
0.915508
0.915792
0.916076
0.916359
0.916640
0.916920
0.917199
0.917477
0.917754
0.918029
0.918304
0.918577
0.918849
0.919120
0.919390
0.919659
0.919926
0.920193
0.920458
0.920723
0.920986
0.921248
0.921510
0.921770
0.922029
0.922287
0.922544
0.922800
0.923055
0.923309
0.923562
0.923813
0.924064
0.924314
0.924563
0.924811
0.925058
0.925304
0.925549
0.925793
0.926036
0.926278
0.926519
0.926759
0.926998
0.927237
0.927474
0.927710
0.927946
0.928180
0.928414
0.928647
0.928879
0.929110
0.929340
0.929569
0.929797
0.930024
0.930251
0.930477
0.930701
0.930925
0.931148
0.931371
0.931592
0.931812
0.932032
0.932251
0.932469
0.932686
0.932902
0.933118
0.933333
0.933546
0.933760
0.933972
0.934183
0.934394
0.934604
0.934813
0.935021
0.935229
0.935436
0.935641
0.935847
0.936051
0.936255
0.936458
0.936660
0.936861
0.937062
0.937262
0.937461
0.937659
0.937857
0.938054
0.938250
0.938446
0.938641
0.938835
0.939028
0.939221
0.939413
0.939604
0.939794
0.939984
0.940173
0.940362
0.940550
0.940737
0.940923
0.941109
0.941294
0.941478
0.941662
0.941845
0.942028
0.942209
0.942390
0.942571
0.942750
0.942930
0.943108
0.943286
0.943463
0.943640
0.943816
0.943991
0.944165
0.944340
0.944513
0.944686
0.944858
0.945029
0.945200
0.945371
0.945540
0.945710
0.945878
0.946046
0.946213
0.946380
0.946546
0.946712
