0.000000
0.029680
0.059720
0.091060
0.125249
0.164243
0.210741
0.268134
0.336967
0.416260
0.494805
0.542113
0.554548
0.556011
0.556490
0.556942
0.557394
0.557845
0.558296
0.558748
0.559199
0.559650
0.560101
0.560552
0.561003
0.561454
0.561905
0.562356
0.562807
0.563257
0.563708
0.564159
0.564609
0.565060
0.565510
0.565961
0.566411
0.566862
0.567312
0.567762
0.568213
0.568663
0.569113
0.569563
0.570014
0.570464
0.570914
0.571365
0.571815
0.572265
0.572715
0.573165
0.573616
0.574066
0.574516
0.574966
0.575416
0.575866
0.576316
0.576766
0.577216
0.577666
0.578117
0.578567
0.579017
0.579467
0.579916
0.580366
0.580816
0.581266
0.581716
0.582166
0.582616
0.583065
0.583515
0.583965
0.584415
0.584865
0.585315
0.585765
0.586215
0.586665
0.587114
0.587564
0.588014
0.588463
0.588913
0.589363
0.589812
0.590262
0.590712
0.591162
0.591611
0.592061
0.592511
0.592960
0.593410
0.593860
0.594309
0.594836
0.595319
0.595797
0.596275
0.596754
0.597232
0.597710
0.598188
0.598666
0.599144
0.599622
0.600100
0.600578
0.601056
0.601534
0.602013
0.602491
0.602969
0.603447
0.603925
0.604403
0.604881
0.605359
0.605838
0.606316
0.606795
0.607273
0.607751
0.608229
0.608708
0.609186
0.609664
0.610143
0.610621
0.611099
0.611577
0.612056
0.612534
0.613013
0.613491
0.613969
0.614448
0.614926
0.615404
0.615882
0.616361
0.616839
0.617318
0.617797
0.618275
