0.000000
0.088691
0.190893
0.317755
0.480136
0.679714
0.818255
0.839824
0.848317
0.855163
0.860909
0.865963
0.870635
0.875148
0.879637
0.884147
0.888633
0.892979
0.897028
0.900636
0.903713
0.906233
0.908225
0.909756
0.910905
0.911752
0.912368
0.912812
0.913130
0.913357
0.913519
0.913634
0.913716
0.913775
0.913818
0.913849
0.913871
0.913888
0.913900
0.913909
0.913916
0.913921
0.913925
0.913928
0.913930
0.913931
0.913932
0.913933
0.913933
0.913933
0.913933
0.913933
0.913933
0.913933
0.913933
0.913933
0.913933
0.913933
0.913933
0.913933
0.913933
0.913933
0.913933
0.913933
0.913933
0.913933
0.913933
0.913933
0.913933
0.913933
0.913933
0.913933
0.913933
0.913933
0.913933
0.913933
0.913933
0.913933
0.913933
0.913933
0.913933
0.913933
0.913933
0.913933
0.913933
0.913933
0.913933
0.913933
0.913933
0.913933
0.913933
0.913933
0.913933
0.913933
0.913933
0.913933
0.913933
0.913933
0.913933
0.913933
0.913933
0.913933
0.913933
0.913933
0.913933
0.913933
0.913933
0.913933
0.913933
0.913933
0.913933
0.913933
0.913933
0.913933
0.913933
0.913933
0.913933
0.913933
0.913933
0.913933
0.913933
0.913933
0.913933
0.913933
0.913933
0.913933
0.913933
0.913933
0.913933
0.913933
0.913933
0.913933
0.913933
0.913933
0.913933
0.913933
0.913933
0.913933
0.913933
0.913933
0.913933
0.913933
0.913933
0.913933
0.913933
0.913933
0.913933
0.913933
0.913933
0.913933
0.913933
0.913933
0.913933
0.913933
0.913933
0.913933
0.913933
0.913933
0.913933
0.913933
0.913933
0.913933
0.913933
0.913933
0.913933
0.913933
0.913933
0.913933
0.913933
0.913933
0.913933
0.913933
0.913933
0.913933
0.913933
0.913933
0.913933
0.913933
0.913933
0.913933
0.913933
0.913933
0.913933
0.913933
0.913933
0.913933
0.913933
0.913933
0.913933
0.913933
0.913933
0.913933
0.913933
0.913933
0.913933
0.913933
0.913933
0.913933
0.913933
0.913933
0.913933
0.913933
0.913933
0.913933
0.913933
0.913933
0.913933
0.913933
0.913933
0.913933
0.913933
0.913933
0.913933
0.913933
0.913933
0.913933
0.913933
0.913933
0.913933
0.913933
0.913933
0.913933
0.913933
0.913933
0.913933
0.913933
0.913933
0.913933
0.913933
0.913933
0.913933
0.913933
0.913933
0.913933
0.913933
0.913933
0.913933
0.913933
0.913933
0.913933
0.913933
0.913933
0.913933
0.913933
0.913933
0.913933
0.913933
0.913933
0.913933
0.913933
0.913933
0.913933
0.913933
0.913933
0.913933
0.913933
0.913933
0.913933
0.913933
0.913933
0.913933
0.913933
0.913933
0.913933
0.913933
0.913933
0.913933
0.913933
0.913933
0.913933
0.913933
0.913933
0.913933
0.913933
0.913933
0.913933
0.913933
0.913933
0.913933
0.913933
0.913933
0.913933
0.913933
0.913933
0.913933
0.913933
0.913933
0.913933
0.913933
0.913933
0.913933
0.913933
0.913933
0.913933
0.913933
0.913933
0.913933
0.913933
0.913933
0.913933
0.913933
0.913933
0.913933
0.913933
0.913933
0.913933
0.913933
0.913933
0.913933
0.913933
0.913933
0.913933
0.913933
0.913933
0.913933
0.913933
0.913933
0.913933
0.913933
0.913933
0.913933
0.913933
0.913933
0.913933
0.913933
0.913933
0.913933
0.913933
0.913933
0.913933
0.913933
0.913933
0.913933
0.913933
0.913933
0.913933
0.913933
0.913933
0.913933
0.913933
0.913933
0.913933
0.913933
0.913933
0.913933
0.913933
0.913933
0.913933
0.913933
0.913933
0.913933
0.913933
0.913933
0.913933
0.913933
0.913933
0.913933
0.913933
0.913933
0.913933
0.913933
0.913933
0.913933
0.913933
0.913933
0.913933
0.913933
0.913933
0.913933
0.913933
0.913933
0.913933
0.913933
0.913933
0.913933
0.913933
0.913933
0.913933
0.913933
0.913933
0.913933
0.913933
0.913933
0.913933
0.913933
0.913933
0.913933
0.913933
0.913933
0.913933
0.913933
0.913933
0.913933
0.913933
0.913933
0.913933
0.913933
0.913933
0.913933
0.913933
0.913933
0.913933
0.913933
0.913933
0.913933
0.913933
0.913933
0.913933
0.913933
0.913933
0.913933
0.913933
0.913933
0.913933
0.913933
0.913933
0.913933
0.913933
0.913933
0.913933
0.913933
0.913933
0.913933
0.913933
0.913933
0.913933
0.913933
0.913933
0.913933
0.913933
0.913933
0.913933
0.913933
0.913933
0.913933
0.913933
0.913933
0.913933
0.913933
0.913933
0.913933
0.913933
0.913933
0.913933
0.913933
0.913933
0.913933
0.913933
0.913933
0.913933
0.913933
0.913933
0.913933
0.913933
0.913933
0.913933
0.913933
0.913933
0.913933
0.913933
0.913933
0.913933
0.913933
0.913933
0.913933
0.913933
0.913933
0.913933
0.913933
0.913933
0.913933
0.913933
0.913933
0.913933
0.913933
0.913933
0.913933
0.913933
0.913933
0.913933
0.913933
0.913933
0.913933
0.913933
0.913933
0.913933
0.913933
0.913933
0.913933
0.913933
0.913933
0.913933
0.913933
0.913933
0.913933
0.913933
0.913933
0.913933
0.913933
0.913933
0.913933
0.913933
0.913933
0.913933
0.913933
0.913933
0.913933
0.913933
0.913933
0.913933
0.913933
0.913933
0.913933
0.913933
0.913933
0.913933
0.913933
0.913933
0.913933
0.913933
0.913933
0.913933
0.913933
0.913933
0.913933
0.913933
0.913933
0.913933
0.913933
0.913933
0.913933
0.913933
0.913933
0.913933
0.913933
0.913933
0.913933
0.913933
0.913933
0.913933
0.913933
0.913933
0.913933
0.913933
0.913933
0.913933
0.913933
0.913933
0.913933
0.913933
0.913933
0.913933
0.913933
0.913933
0.913933
0.913933
0.913933
0.913933
0.913933
0.913933
0.913933
0.913933
0.913933
0.913933
0.913933
0.913933
0.913933
0.913933
0.913933
0.913933
0.913933
0.913933
0.913933
0.913933
0.913933
0.913933
0.913933
0.913933
0.913933
0.913933
0.913933
0.913933
0.913933
0.913933
0.913933
0.913933
0.913933
0.913933
0.913933
0.913933
0.913933
0.913933
0.913933
0.913933
0.913933
0.913933
0.913933
0.913933
0.913933
