0.000000
0.000000
0.003178
0.006330
0.009454
0.012553
0.015633
0.018696
0.021749
0.024794
0.027836
0.030879
0.033925
0.036979
0.040043
0.043120
0.046212
0.049322
0.052451
0.055603
0.058779
0.061982
0.065213
0.068476
0.071771
0.075102
0.078470
0.081878
0.085328
0.088824
0.092368
0.095963
0.099613
0.103320
0.107088
0.110921
0.114823
0.118797
0.122850
0.126985
0.131207
0.135523
0.139937
0.144456
0.149087
0.153836
0.158712
0.163722
0.168875
0.174180
0.179648
0.185291
0.191122
0.197155
0.203408
0.209899
0.216647
0.223675
0.231004
0.238663
0.246682
0.255094
0.263936
0.273249
0.283075
0.293464
0.304469
0.316138
0.328480
0.341458
0.355067
0.369451
0.384886
0.401628
0.419892
0.439893
0.461869
0.486080
0.512777
0.542174
0.574388
0.609181
0.645276
0.680180
0.711236
0.736675
0.755319
0.766971
0.773026
0.775652
0.776674
0.777135
0.777455
0.777748
0.778033
0.778313
0.778590
0.778864
0.779133
0.779396
0.779656
0.779910
0.780155
0.780393
0.780624
0.780853
0.781079
0.781303
0.781526
0.781745
0.781963
0.782181
0.782396
0.782609
0.782821
0.783030
0.783239
0.783446
0.783653
0.783858
0.784062
0.784265
0.784465
0.784665
0.784864
0.785062
0.785258
0.785452
0.785646
0.785838
0.786028
0.786217
0.786406
0.786596
0.786784
0.786971
0.787157
0.787342
0.787527
0.787709
0.787890
0.788069
0.788247
0.788424
0.788600
0.788776
0.788954
0.789132
0.789311
0.789488
0.789664
0.789839
0.790013
0.790186
0.790358
0.790528
0.790697
0.790864
0.791030
0.791194
0.791356
0.791517
0.791678
0.791842
0.792007
0.792173
0.792342
0.792511
0.792680
0.792847
0.793012
0.793176
0.793339
0.793502
0.793666
0.793830
0.793991
0.794152
0.794312
0.794472
0.794630
0.794786
0.794940
0.795093
0.795246
0.795397
0.795549
0.795703
0.795858
0.796014
0.796171
0.796330
0.796489
0.796646
0.796803
0.796959
0.797113
0.797266
0.797419
0.797571
0.797723
0.797875
0.798027
0.798179
0.798331
0.798481
0.798630
0.798778
0.798925
0.799071
0.799216
0.799361
0.799505
0.799648
0.799789
0.799930
0.800069
0.800208
0.800347
0.800485
0.800625
0.800766
0.800907
0.801050
0.801194
0.801338
0.801482
0.801626
0.801770
0.801914
0.802055
0.802196
0.802335
0.802473
0.802608
0.802742
0.802874
0.803005
0.803136
0.803267
0.803399
0.803532
0.803665
0.803799
0.803934
0.804067
0.804198
0.804327
0.804454
0.804579
0.804704
0.804827
0.804950
0.805073
0.805197
0.805321
0.805442
0.805562
0.805679
0.805795
0.805908
0.806021
0.806132
0.806243
0.806353
0.806464
0.806576
0.806692
0.806810
0.806929
0.807051
0.807174
0.807297
0.807421
0.807545
0.807669
0.807794
0.807918
0.808042
0.808166
0.808288
0.808408
0.808526
0.808643
0.808759
0.808873
0.808985
0.809095
0.809204
0.809311
0.809417
0.809523
0.809627
0.809734
0.809843
0.809954
0.810066
0.810180
0.810295
0.810411
0.810527
0.810642
0.810756
0.810866
0.810975
0.811082
0.811187
0.811291
0.811394
0.811497
0.811599
0.811701
0.811802
0.811903
0.812003
0.812103
0.812203
0.812303
0.812401
0.812497
0.812591
0.812682
0.812773
0.812862
0.812950
0.813037
0.813124
0.813210
0.813297
0.813383
0.813471
0.813563
0.813658
0.813756
0.813856
0.813959
0.814063
0.814167
0.814273
0.814378
0.814484
0.814589
0.814694
0.814799
0.814903
0.815007
0.815110
0.815213
0.815316
0.815418
0.815518
0.815614
0.815708
0.815798
0.815887
0.815974
0.816060
0.816146
0.816229
0.816311
0.816391
0.816470
0.816548
0.816625
0.816701
0.816777
0.816853
0.816932
0.817013
0.817097
0.817182
0.817268
0.817355
0.817442
0.817530
0.817617
0.817705
0.817792
0.817879
0.817966
0.818052
0.818139
0.818225
0.818307
0.818384
0.818458
0.818529
0.818598
0.818666
0.818733
0.818800
0.818866
0.818932
0.818998
0.819065
0.819133
0.819198
0.819260
0.819319
0.819377
