0.000000
0.264095
0.331079
0.375607
0.410076
0.437891
0.460935
0.480407
0.497199
0.511927
0.525014
0.536758
0.547380
0.557044
0.565888
0.574026
0.581549
0.588532
0.595040
0.601122
0.606824
0.612182
0.617227
0.621988
0.626486
0.630741
0.634769
0.638583
0.642195
0.645618
0.648864
0.651946
0.654874
0.657659
0.660312
0.662844
0.665263
0.667581
0.669806
0.672032
0.674081
0.676062
0.677981
0.679840
0.681610
0.683188
0.684420
0.685211
0.685613
0.685773
0.685822
0.685833
0.685836
0.685836
0.685836
0.685836
0.685836
0.685836
0.685836
0.685836
0.685836
0.685836
0.685836
0.685836
0.685836
0.685836
0.685836
0.685836
0.685836
0.685836
0.685836
0.685836
0.685836
0.685836
0.685836
0.685836
0.685836
0.685836
0.685836
0.685836
0.685836
0.685836
0.685836
0.685836
0.685836
0.685836
0.685836
0.685836
0.685836
0.685836
0.685836
0.685836
0.685836
0.685836
0.685836
0.685836
0.685836
0.685836
0.685836
0.685836
0.685836
0.685836
0.685836
0.685836
0.685836
0.685836
0.685836
0.685836
0.685836
0.685836
0.685836
0.685836
0.685836
0.685836
0.685836
0.685836
0.685836
0.685836
0.685836
0.685836
0.685836
0.685836
0.685836
0.685836
0.685836
0.685836
0.685836
0.685836
0.685836
0.685836
0.685836
0.685836
0.685836
0.685836
0.685836
0.685836
0.685836
0.685836
0.685836
0.685836
0.685836
0.685836
0.685836
0.685836
0.685836
0.685836
0.685836
0.685836
0.685836
0.685836
0.685836
0.685836
0.685836
0.685836
0.685836
0.685836
0.685836
0.685836
0.685836
0.685836
0.685836
0.685836
0.685836
0.685836
0.685836
0.685836
0.685836
0.685836
0.685836
0.685836
0.685836
0.685836
0.685836
0.685836
0.685836
0.685836
0.685836
0.685836
0.685836
0.685836
0.685836
0.685836
0.685836
0.685836
0.685836
0.685836
0.685836
0.685836
0.685836
0.685836
0.685836
0.685836
0.685836
0.685836
0.685836
0.685836
0.685836
0.685836
0.685836
0.685836
0.685836
0.685836
0.685836
0.685836
0.685836
0.685836
0.685836
0.685836
0.685836
0.685836
0.685836
0.685836
0.685836
0.685836
0.685836
0.685836
0.685836
0.685836
0.685836
0.685836
0.685836
0.685836
0.685836
0.685836
0.685836
0.685836
0.685836
0.685836
0.685836
0.685836
0.685836
0.685836
0.685836
0.685836
0.685836
0.685836
0.685836
0.685836
0.685836
0.685836
0.685836
0.685836
0.685836
0.685836
0.685836
0.685836
0.685836
0.685836
0.685836
0.685836
0.685836
0.685836
0.685836
0.685836
0.685836
0.685836
0.685836
0.685836
0.685836
0.685836
0.685836
0.685836
0.685836
0.685836
0.685836
0.685836
0.685836
0.685836
0.685836
0.685836
0.685836
0.685836
0.685836
0.685836
0.685836
0.685836
0.685836
0.685836
0.685836
0.685836
0.685836
0.685836
0.685836
0.685836
0.685836
0.685836
0.685836
0.685836
0.685836
0.685836
0.685836
0.685836
0.685836
0.685836
0.685836
0.685836
0.685836
0.685836
0.685836
0.685836
0.685836
0.685836
0.685836
0.685836
0.685836
0.685836
0.685836
0.685836
0.685836
0.685836
0.685836
0.685836
0.685836
0.685836
0.685836
0.685836
0.685836
0.685836
0.685836
0.685836
0.685836
0.685836
0.685836
0.685836
0.685836
0.685836
0.685836
0.685836
0.685836
0.685836
0.685836
0.685836
0.685836
0.685836
0.685836
0.685836
0.685836
0.685836
0.685836
0.685836
0.685836
0.685836
0.685836
0.685836
0.685836
0.685836
0.685836
0.685836
0.685836
0.685836
0.685836
0.685836
0.685836
0.685836
0.685836
0.685836
0.685836
0.685836
0.685836
0.685836
0.685836
0.685836
0.685836
0.685836
0.685836
0.685836
0.685836
0.685836
0.685836
0.685836
0.685836
0.685836
0.685836
0.685836
0.685836
0.685836
0.685836
0.685836
0.685836
0.685836
0.685836
0.685836
0.685836
0.685836
0.685836
0.685836
0.685836
0.685836
0.685836
0.685836
0.685836
0.685836
0.685836
0.685836
0.685836
0.685836
0.685836
0.685836
0.685836
0.685836
0.685836
0.685836
0.685836
0.685836
0.685836
0.685836
0.685836
0.685836
0.685836
0.685836
0.685836
0.685836
0.685836
0.685836
0.685836
0.685836
0.685836
0.685836
0.685836
0.685836
0.685836
0.685836
0.685836
0.685836
0.685836
0.685836
0.685836
0.685836
0.685836
0.685836
0.685836
0.685836
0.685836
0.685836
0.685836
0.685836
0.685836
0.685836
0.685836
0.685836
0.685836
0.685836
0.685836
0.685836
0.685836
0.685836
0.685836
0.685836
0.685836
0.685836
0.685836
0.685836
0.685836
0.685836
0.685836
0.685836
0.685836
0.685836
0.685836
0.685836
0.685836
0.685836
0.685836
0.685836
0.685836
0.685836
0.685836
0.685836
0.685836
0.685836
0.685836
0.685836
0.685836
0.685836
0.685836
0.685836
0.685836
0.685836
0.685836
0.685836
0.685836
0.685836
0.685836
0.685836
0.685836
0.685836
0.685836
0.685836
0.685836
0.685836
0.685836
0.685836
0.685836
0.685836
0.685836
0.685836
0.685836
0.685836
0.685836
0.685836
0.685836
0.685836
0.685836
0.685836
0.685836
0.685836
0.685836
0.685836
0.685836
0.685836
0.685836
0.685836
0.685836
0.685836
0.685836
0.685836
0.685836
0.685836
0.685836
0.685836
0.685836
0.685836
0.685836
0.685836
0.685836
0.685836
0.685836
0.685836
0.685836
0.685836
0.685836
0.685836
0.685836
0.685836
0.685836
0.685836
0.685836
0.685836
0.685836
0.685836
0.685836
0.685836
0.685836
0.685836
0.685836
0.685836
0.685836
0.685836
0.685836
0.685836
0.685836
0.685836
0.685836
0.685836
0.685836
0.685836
0.685836
0.685836
0.685836
0.685836
0.685836
0.685836
0.685836
0.685836
0.685836
0.685836
0.685836
0.685836
0.685836
0.685836
0.685836
0.685836
0.685836
0.685836
0.685836
0.685836
0.685836
0.685836
0.685836
0.685836
0.685836
0.685836
0.685836
0.685836
0.685836
0.685836
0.685836
0.685836
0.685836
0.685836
0.685836
0.685836
0.685836
0.685836
0.685836
0.685836
0.685836
0.685836
0.685836
0.685836
