0.000000
0.000000
0.000328
0.000656
0.000984
0.001313
0.001641
0.001969
0.002297
0.002626
0.002954
0.003282
0.003611
0.003939
0.004268
0.004596
0.004924
0.005253
0.005581
0.005910
0.006238
0.006567
0.006895
0.007223
0.007552
0.007880
0.008209
0.008537
0.008865
0.009194
0.009522
0.009851
0.010179
0.010508
0.010837
0.011165
0.011494
0.011822
0.012151
0.012480
0.012809
0.013138
0.013466
0.013795
0.014124
0.014453
0.014782
0.015112
0.015441
0.015770
0.016099
0.016429
0.016758
0.017087
0.017417
0.017746
0.018076
0.018406
0.018736
0.019065
0.019395
0.019725
0.020055
0.020386
0.020716
0.021046
0.021376
0.021707
0.022038
0.022368
0.022699
0.023030
0.023361
0.023692
0.024023
0.024354
0.024685
0.025017
0.025348
0.025680
0.026012
0.026343
0.026675
0.027007
0.027340
0.027672
0.028004
0.028337
0.028669
0.029002
0.029335
0.029668
0.030001
0.030335
0.030668
0.031001
0.031335
0.031669
0.032003
0.032337
0.032671
0.033006
0.033340
0.033675
0.034010
0.034344
0.034680
0.035015
0.035350
0.035686
0.036022
0.036358
0.036694
0.037030
0.037366
0.037703
0.038040
0.038376
0.038713
0.039051
0.039388
0.039726
0.040064
0.040402
0.040740
0.041078
0.041417
0.041755
0.042094
0.042433
0.042773
0.043112
0.043452
0.043792
0.044132
0.044472
0.044813
0.045154
0.045495
0.045836
0.046177
0.046519
0.046861
0.047203
0.047545
0.047887
0.048230
0.048573
0.048916
0.049260
0.049603
0.049947
0.050291
0.050636
0.050980
0.051325
0.051670
0.052016
0.052361
0.052707
0.053053
0.053400
0.053746
0.054093
0.054440
0.054788
0.055136
0.055484
0.055832
0.056180
0.056529
0.056878
0.057227
0.057577
0.057927
0.058277
0.058628
0.058978
0.059330
0.059681
0.060033
0.060385
0.060737
0.061089
0.061442
0.061795
0.062149
0.062503
0.062857
0.063211
0.063566
0.063921
0.064277
0.064632
0.064988
0.065345
0.065701
0.066059
0.066416
0.066774
0.067132
0.067490
0.067849
0.068208
0.068568
0.068927
0.069288
0.069648
0.070009
0.070370
0.070732
0.071094
0.071456
0.071819
0.072182
0.072546
0.072909
0.073274
0.073638
0.074003
0.074369
0.074734
0.075101
0.075467
0.075834
0.076201
0.076569
0.076937
0.077306
0.077675
0.078044
0.078414
0.078784
0.079154
0.079525
0.079897
0.080269
0.080641
0.081013
0.081386
0.081760
0.082134
0.082508
0.082883
0.083258
0.083634
0.084010
0.084387
0.084764
0.085141
0.085519
0.085897
0.086276
0.086655
0.087035
0.087415
0.087796
0.088177
0.088559
0.088941
0.089323
0.089706
0.090090
0.090474
0.090858
0.091243
0.091629
0.092015
0.092401
0.092788
0.093176
0.093564
0.093952
0.094341
0.094731
0.095121
0.095512
0.095903
0.096295
0.096687
0.097080
0.097473
0.097867
0.098261
0.098656
0.099052
0.099448
0.099845
0.100242
0.100640
0.101038
0.101437
0.101836
0.102237
0.102637
0.103039
0.103440
0.103843
0.104246
0.104650
0.105054
0.105459
0.105864
0.106271
0.106677
0.107085
0.107493
0.107901
0.108311
0.108721
0.109131
0.109542
0.109954
0.110367
0.110780
0.111194
0.111608
0.112024
0.112439
0.112856
0.113273
0.113691
0.114110
0.114529
0.114949
0.115370
0.115791
0.116213
0.116636
0.117060
0.117484
0.117909
0.118335
0.118761
0.119188
0.119616
0.120045
0.120474
0.120905
0.121336
0.121767
0.122200
0.122633
0.123067
0.123502
0.123938
0.124374
0.124811
0.125249
0.125688
0.126128
0.126568
0.127010
0.127452
0.127895
0.128339
0.128783
0.129229
0.129675
0.130122
0.130570
0.131019
0.131469
0.131920
0.132371
0.132824
0.133277
0.133731
0.134186
0.134642
0.135099
0.135557
0.136016
0.136475
0.136936
0.137398
0.137860
0.138324
0.138788
0.139254
0.139720
0.140187
0.140656
0.141125
0.141595
0.142066
0.142539
0.143012
0.143486
0.143962
0.144438
0.144916
0.145394
0.145873
0.146354
0.146836
0.147318
0.147802
0.148287
0.148773
0.149260
0.149748
0.150237
0.150727
0.151219
0.151711
0.152205
0.152700
0.153196
0.153693
0.154191
0.154691
0.155191
0.155693
0.156196
0.156700
0.157206
0.157712
0.158220
0.158729
0.159239
0.159751
0.160263
0.160778
0.161293
0.161809
0.162327
0.162846
0.163367
0.163888
0.164412
0.164936
0.165462
0.165989
0.166517
0.167047
0.167578
0.168110
0.168644
0.169179
0.169716
0.170254
0.170794
0.171334
0.171877
0.172421
0.172966
0.173513
0.174061
0.174610
0.175161
0.175714
0.176268
0.176824
0.177381
0.177940
0.178500
0.179062
0.179626
0.180191
0.180757
0.181326
0.181895
0.182467
0.183040
0.183615
0.184191
0.184769
0.185349
0.185930
0.186513
0.187098
0.187684
0.188273
0.188863
0.189454
0.190048
0.190643
0.191240
0.191839
0.192439
0.193041
0.193646
0.194252
0.194860
0.195469
0.196081
0.196694
0.197310
0.197927
0.198547
0.199168
0.199791
0.200416
0.201043
0.201673
0.202304
0.202937
0.203572
0.204210
0.204849
0.205491
0.206134
0.206780
0.207428
0.208078
0.208730
0.209385
0.210042
0.210701
0.211362
0.212025
0.212691
0.213359
0.214029
0.214702
0.215377
0.216054
0.216734
0.217416
0.218100
0.218788
0.219477
0.220169
0.220863
0.221560
0.222260
0.222962
0.223667
0.224374
0.225084
0.225796
0.226512
0.227229
0.227950
0.228673
0.229399
0.230128
0.230860
0.231595
0.232332
0.233072
0.233815
0.234561
0.235310
0.236062
0.236816
0.237574
0.238334
0.239098
0.239864
0.240632
0.241404
0.242178
0.242954
0.243732
0.244513
0.245296
0.246081
0.246868
0.247657
0.248448
0.249241
0.250036
0.250833
0.251632
0.252433
0.253237
0.254042
0.254851
0.255661
0.256475
0.257291
0.258110
0.258932
0.259756
0.260584
0.261415
0.262249
0.263086
0.263927
0.264771
0.265618
0.266468
0.267322
0.268180
0.269041
0.269906
0.270775
0.271647
0.272523
0.273403
0.274287
0.275175
0.276066
0.276962
0.277862
0.278766
0.279674
0.280586
0.281503
0.282424
0.283349
0.284279
0.285213
0.286152
0.287095
0.288043
0.288996
0.289953
0.290916
0.291883
0.292854
0.293831
0.294813
0.295800
0.296792
0.297789
0.298792
0.299800
0.300813
0.301831
0.302855
0.303885
0.304920
0.305961
0.307007
0.308060
0.309118
0.310182
0.311252
0.312328
0.313410
0.314498
0.315592
0.316693
0.317800
0.318913
0.320033
0.321159
0.322292
0.323431
0.324576
0.325728
0.326886
0.328050
0.329220
0.330396
0.331577
0.332763
0.333954
0.335149
0.336348
0.337549
0.338752
0.339957
0.341161
0.342365
0.343567
0.344766
0.345960
0.347149
0.348330
0.349504
0.350668
0.351822
0.352964
0.354093
0.355208
0.356310
0.357395
0.358466
0.359520
0.360558
0.361579
0.362584
0.363573
0.364545
0.365502
0.366444
0.367371
0.368283
0.369182
0.370068
0.370941
0.371802
0.372652
0.373492
0.374322
0.375142
0.375954
0.376757
0.377553
0.378342
0.379124
0.379900
0.380671
0.381436
0.382196
0.382952
0.383704
0.384453
0.385197
0.385939
0.386678
0.387414
0.388148
0.388879
0.389608
0.390335
0.391060
0.391783
0.392504
0.393224
0.393942
0.394659
0.395374
0.396087
0.396799
0.397510
0.398220
0.398928
0.399635
0.400340
0.401045
0.401748
0.402450
0.403151
0.403851
0.404549
0.405246
0.405943
0.406638
0.407332
0.408024
0.408716
0.409406
0.410095
0.410783
0.411470
0.412156
0.412840
0.413523
0.414204
0.414885
0.415563
0.416241
0.416917
0.417591
0.418263
0.418934
0.419603
0.420271
0.420936
0.421600
0.422261
0.422921
0.423578
0.424232
0.424885
0.425535
0.426182
0.426827
0.427468
0.428107
0.428743
0.429376
0.430005
0.430631
0.431254
0.431873
0.432488
0.433099
0.433706
0.434309
0.434908
0.435503
0.436093
0.436678
0.437258
0.437834
0.438404
0.438969
0.439529
0.440083
0.440631
0.441173
0.441710
0.442240
0.442763
0.443280
0.443790
0.444293
0.444789
0.445278
0.445759
0.446233
0.446698
0.447156
0.447605
0.448046
0.448478
0.448902
0.449316
0.449722
0.450118
0.450505
0.450882
0.451249
0.451607
0.451955
0.452293
0.452621
0.452938
0.453246
0.453543
0.453829
0.454105
0.454371
0.454627
0.454872
0.455106
0.455330
0.455544
0.455748
0.455941
0.456125
0.456298
0.456462
0.456617
0.456762
0.456897
0.457024
0.457143
0.457252
0.457354
0.457448
0.457535
0.457615
0.457688
0.457755
0.457816
0.457871
0.457922
0.457967
0.458009
0.458047
0.458081
0.458112
0.458140
0.458165
0.458189
0.458210
0.458230
0.458248
0.458266
0.458282
0.458297
0.458311
0.458325
0.458338
0.458351
0.458363
0.458376
0.458388
0.458399
0.458411
0.458423
0.458434
0.458445
0.458457
0.458468
0.458479
0.458491
0.458502
0.458513
0.458524
0.458535
0.458547
0.458558
0.458569
0.458580
0.458591
0.458602
0.458614
0.458625
0.458636
0.458647
0.458658
0.458669
0.458681
0.458692
0.458703
0.458714
0.458725
0.458737
0.458748
0.458759
0.458770
0.458781
0.458792
0.458804
0.458815
0.458826
0.458837
0.458848
0.458859
0.458871
0.458882
0.458893
0.458904
0.458915
0.458926
0.458938
0.458949
0.458960
0.458971
0.458982
0.458994
0.459005
0.459016
0.459027
0.459038
0.459049
0.459061
0.459072
0.459083
0.459094
0.459105
0.459116
0.459128
0.459139
0.459150
0.459161
0.459172
0.459183
0.459195
0.459206
0.459217
0.459228
0.459239
0.459250
0.459262
0.459273
0.459284
0.459295
0.459306
0.459317
0.459329
0.459340
0.459351
0.459362
0.459373
0.459384
0.459396
0.459407
0.459418
0.459429
0.459440
0.459451
0.459463
0.459474
0.459485
0.459496
0.459507
0.459518
0.459530
0.459541
0.459552
0.459563
0.459574
0.459586
0.459597
0.459608
0.459619
0.459630
0.459641
0.459653
0.459664
0.459675
0.459686
0.459697
0.459708
0.459720
0.459731
0.459742
0.459753
0.459764
0.459775
0.459787
0.459798
0.459809
0.459820
0.459831
0.459842
0.459854
0.459865
0.459876
0.459887
0.459898
0.459909
0.459921
0.459932
0.459943
0.459954
0.459965
0.459976
0.459988
0.459999
0.460010
0.460021
0.460032
0.460043
0.460054
0.460066
0.460077
0.460088
0.460099
0.460110
0.460121
0.460133
0.460144
0.460155
0.460166
0.460177
0.460188
0.460200
0.460211
0.460222
0.460233
0.460244
0.460255
0.460267
0.460278
0.460289
0.460300
0.460311
0.460322
0.460334
0.460345
0.460356
0.460367
0.460378
0.460389
0.460401
0.460412
0.460423
0.460434
0.460445
0.460456
0.460468
0.460479
0.460490
0.460501
0.460512
0.460523
0.460535
0.460546
0.460557
0.460568
0.460579
0.460590
0.460601
0.460613
0.460624
0.460635
0.460646
0.460657
0.460668
0.460680
0.460691
0.460702
0.460713
0.460724
0.460735
0.460747
0.460758
0.460769
0.460780
0.460791
0.460802
0.460814
0.460825
0.460836
0.460847
0.460858
0.460869
0.460880
0.460892
0.460903
0.460914
0.460925
0.460936
0.460947
0.460959
0.460970
0.460981
0.460992
0.461003
0.461014
0.461026
0.461037
0.461048
0.461059
0.461070
0.461081
0.461092
0.461104
0.461115
0.461126
0.461137
0.461148
0.461159
0.461171
0.461182
0.461193
0.461204
0.461215
0.461226
0.461238
0.461249
0.461260
0.461271
0.461282
0.461293
0.461304
0.461316
0.461327
0.461338
0.461349
0.461360
0.461371
0.461383
0.461394
0.461405
0.461416
0.461427
0.461438
0.461449
0.461461
0.461472
0.461483
0.461494
0.461505
0.461516
0.461528
0.461539
0.461550
0.461561
0.461572
0.461583
0.461594
0.461606
0.461617
0.461628
0.461639
0.461650
0.461661
0.461673
0.461684
0.461695
0.461706
0.461717
0.461728
0.461739
0.461751
0.461762
0.461773
0.461784
0.461795
0.461806
0.461818
0.461829
0.461840
0.461851
0.461862
0.461873
0.461884
0.461896
0.461907
0.461918
0.461929
0.461940
0.461951
0.461963
0.461974
0.461985
0.461996
0.462007
0.462018
0.462029
0.462041
0.462052
0.462063
0.462074
0.462085
0.462096
0.462107
0.462119
0.462130
0.462141
0.462152
0.462163
0.462174
0.462185
0.462197
0.462208
0.462219
0.462230
0.462241
0.462252
0.462264
0.462275
0.462286
0.462297
0.462308
0.462319
0.462330
0.462342
0.462353
0.462364
0.462375
0.462386
0.462397
0.462408
0.462420
0.462431
0.462442
0.462453
0.462464
0.462475
0.462486
0.462498
0.462509
0.462520
0.462531
0.462542
0.462553
0.462565
0.462576
0.462587
0.462598
0.462609
0.462620
0.462631
0.462643
0.462654
0.462665
0.462676
0.462687
0.462698
0.462709
0.462721
0.462732
0.462743
0.462754
0.462765
0.462776
0.462787
0.462799
0.462810
0.462821
0.462832
0.462843
0.462854
0.462865
0.462877
0.462888
0.462899
0.462910
0.462921
0.462932
0.462943
0.462955
0.462966
0.462977
0.462988
0.462999
0.463010
0.463021
0.463033
0.463044
0.463055
0.463066
0.463077
0.463088
0.463099
0.463111
0.463122
0.463133
0.463144
0.463155
0.463166
0.463177
0.463189
0.463200
0.463211
0.463222
0.463233
0.463244
0.463255
0.463266
0.463278
0.463289
0.463300
0.463311
0.463322
0.463333
0.463344
0.463356
0.463367
0.463378
0.463389
0.463400
0.463411
0.463422
0.463434
0.463445
0.463456
0.463467
0.463478
0.463489
0.463500
0.463512
0.463523
0.463534
0.463545
0.463556
0.463567
0.463578
0.463589
0.463601
0.463612
0.463623
0.463634
0.463645
0.463656
0.463667
0.463679
0.463690
0.463701
0.463712
0.463723
0.463734
0.463745
0.463757
0.463768
0.463779
0.463790
0.463801
0.463812
0.463823
0.463834
0.463846
0.463857
0.463868
0.463879
0.463890
0.463901
0.463912
0.463924
0.463935
0.463946
0.463957
0.463968
0.463979
0.463990
0.464001
0.464013
0.464024
0.464035
0.464046
0.464057
0.464068
0.464079
0.464091
0.464102
0.464113
0.464124
0.464135
0.464146
0.464157
0.464168
0.464180
0.464191
0.464202
0.464213
0.464224
0.464235
0.464246
0.464257
0.464269
0.464280
0.464291
0.464302
0.464313
0.464324
0.464335
0.464347
0.464358
0.464369
0.464380
0.464391
0.464402
0.464413
0.464424
0.464436
0.464447
0.464458
0.464469
0.464480
0.464491
0.464502
0.464513
0.464525
0.464536
0.464547
0.464558
0.464569
0.464580
0.464591
0.464602
0.464614
0.464625
0.464636
0.464647
0.464658
0.464669
0.464680
0.464691
0.464703
0.464714
0.464725
0.464736
0.464747
0.464758
0.464769
0.464780
0.464792
0.464803
0.464814
0.464825
0.464836
0.464847
0.464858
0.464869
0.464881
0.464892
0.464903
0.464914
0.464925
0.464936
0.464947
0.464958
0.464970
0.464981
0.464992
0.465003
0.465014
0.465025
0.465036
0.465047
0.465059
0.465070
0.465081
0.465092
0.465103
0.465114
0.465125
0.465136
0.465148
0.465159
0.465170
0.465181
0.465192
0.465203
0.465214
0.465225
0.465237
0.465248
0.465259
0.465270
0.465281
0.465292
0.465303
0.465314
0.465325
0.465337
0.465348
0.465359
0.465370
0.465381
0.465392
0.465403
0.465414
0.465426
0.465437
0.465448
0.465459
0.465470
0.465481
0.465492
0.465503
0.465514
0.465526
0.465537
0.465548
0.465559
0.465570
0.465581
0.465592
0.465603
0.465615
0.465626
0.465637
0.465648
0.465659
0.465670
0.465681
0.465692
0.465703
0.465715
0.465726
0.465737
0.465748
0.465759
0.465770
0.465781
0.465792
0.465803
0.465815
0.465826
0.465837
0.465848
0.465859
0.465870
0.465881
0.465892
0.465904
0.465915
0.465926
0.465937
0.465948
0.465959
0.465970
0.465981
0.465992
0.466004
0.466015
0.466026
0.466037
0.466048
0.466059
0.466070
0.466081
0.466092
0.466104
0.466115
0.466126
0.466137
0.466148
0.466159
0.466170
0.466181
0.466192
0.466204
0.466215
0.466226
0.466237
0.466248
0.466259
0.466270
0.466281
0.466292
0.466304
0.466315
0.466326
0.466337
0.466348
0.466359
0.466370
0.466381
0.466392
0.466403
0.466415
0.466426
0.466437
0.466448
0.466459
0.466470
0.466481
0.466492
0.466503
0.466515
0.466526
0.466537
0.466548
0.466559
0.466570
0.466581
0.466592
0.466603
0.466615
0.466626
0.466637
0.466648
0.466659
0.466670
0.466681
0.466692
0.466703
0.466714
0.466726
0.466737
0.466748
0.466759
0.466770
0.466781
0.466792
0.466803
0.466814
0.466825
0.466837
0.466848
0.466859
0.466870
0.466881
0.466892
0.466903
0.466914
0.466925
0.466937
0.466948
0.466959
0.466970
0.466981
0.466992
0.467003
0.467014
0.467025
0.467036
0.467048
0.467059
0.467070
0.467081
0.467092
0.467103
0.467114
0.467125
0.467136
0.467147
0.467159
0.467170
0.467181
0.467192
0.467203
0.467214
0.467225
0.467236
0.467247
0.467258
0.467269
0.467281
0.467292
0.467303
0.467314
0.467325
0.467336
0.467347
0.467358
0.467369
0.467380
0.467392
0.467403
0.467414
0.467425
0.467436
0.467447
0.467458
0.467469
0.467480
0.467491
0.467503
0.467514
0.467525
0.467536
0.467547
0.467558
0.467569
0.467580
0.467591
0.467602
0.467613
0.467625
0.467636
0.467647
0.467658
0.467669
0.467680
0.467691
0.467702
0.467713
0.467724
0.467735
0.467747
0.467758
0.467769
0.467780
0.467791
0.467802
0.467813
0.467824
0.467835
0.467846
0.467857
0.467869
0.467880
0.467891
0.467902
0.467913
0.467924
0.467935
0.467946
0.467957
0.467968
0.467979
0.467991
0.468002
0.468013
0.468024
0.468035
0.468046
0.468057
0.468068
0.468079
0.468090
0.468101
0.468113
0.468124
0.468135
0.468146
0.468157
0.468168
0.468179
0.468190
0.468201
0.468212
0.468223
0.468234
0.468246
0.468257
0.468268
0.468279
0.468290
0.468301
0.468312
0.468323
0.468334
0.468345
0.468356
0.468368
0.468379
0.468390
0.468401
0.468412
0.468423
0.468434
0.468445
0.468456
0.468467
0.468478
0.468489
0.468501
0.468512
0.468523
0.468534
0.468545
0.468556
0.468567
0.468578
0.468589
0.468600
0.468611
0.468622
0.468633
0.468645
0.468656
0.468667
0.468678
0.468689
0.468700
0.468711
0.468722
0.468733
0.468744
0.468755
0.468766
0.468778
0.468789
0.468800
0.468811
0.468822
0.468833
0.468844
0.468855
0.468866
0.468877
0.468888
0.468899
0.468910
0.468922
0.468933
0.468944
0.468955
0.468966
0.468977
0.468988
0.468999
0.469010
0.469021
0.469032
0.469043
0.469054
0.469066
0.469077
0.469088
0.469099
0.469110
0.469121
0.469132
0.469143
0.469154
0.469165
0.469176
0.469187
0.469198
0.469209
0.469221
0.469232
0.469243
0.469254
0.469265
0.469276
0.469287
0.469298
0.469309
0.469320
0.469331
0.469342
0.469353
0.469365
0.469376
0.469387
0.469398
0.469409
0.469420
0.469431
0.469442
0.469453
0.469464
0.469475
0.469486
0.469497
0.469508
0.469519
0.469531
0.469542
0.469553
0.469564
0.469575
0.469586
0.469597
0.469608
0.469619
0.469630
0.469641
0.469652
0.469663
0.469674
0.469686
0.469697
0.469708
0.469719
0.469730
0.469741
0.469752
0.469763
0.469774
0.469785
0.469796
0.469807
0.469818
0.469829
0.469840
0.469852
0.469863
0.469874
0.469885
0.469896
0.469907
0.469918
0.469929
0.469940
0.469951
0.469962
0.469973
0.469984
0.469995
0.470006
0.470017
0.470029
0.470040
0.470051
0.470062
0.470073
0.470084
0.470095
0.470106
0.470117
0.470128
0.470139
0.470150
0.470161
0.470172
0.470183
0.470194
0.470205
0.470217
0.470228
0.470239
0.470250
0.470261
0.470272
0.470283
0.470294
0.470305
0.470316
0.470327
0.470338
0.470349
0.470360
0.470371
0.470382
0.470393
0.470405
0.470416
0.470427
0.470438
0.470449
0.470460
0.470471
0.470482
0.470493
0.470504
0.470515
0.470526
0.470537
0.470548
0.470559
0.470570
0.470581
0.470592
0.470604
0.470615
0.470626
0.470637
0.470648
0.470659
0.470670
0.470681
0.470692
0.470703
0.470714
0.470725
0.470736
0.470747
0.470758
0.470769
0.470780
0.470791
0.470803
0.470814
0.470825
0.470836
0.470847
0.470858
0.470869
0.470880
0.470891
0.470902
0.470913
0.470924
0.470935
0.470946
0.470957
0.470968
0.470979
0.470990
0.471001
0.471012
0.471023
0.471035
0.471046
0.471057
0.471068
0.471079
0.471090
0.471101
0.471112
0.471123
0.471134
0.471145
0.471156
0.471167
0.471178
0.471189
0.471200
0.471211
0.471222
0.471233
0.471244
0.471255
0.471267
0.471278
0.471289
0.471300
0.471311
0.471322
0.471333
0.471344
0.471355
0.471366
0.471377
0.471388
0.471399
0.471410
0.471421
0.471432
0.471443
0.471454
0.471465
0.471476
0.471487
0.471498
0.471509
0.471521
0.471532
0.471543
0.471554
0.471565
0.471576
0.471587
0.471598
0.471609
0.471620
0.471631
0.471642
0.471653
0.471664
0.471675
0.471686
0.471697
0.471708
0.471719
0.471730
0.471741
0.471752
0.471763
0.471774
0.471785
0.471796
0.471808
0.471819
0.471830
0.471841
0.471852
0.471863
0.471874
0.471885
0.471896
0.471907
0.471918
0.471929
0.471940
0.471951
0.471962
0.471973
0.471984
0.471995
0.472006
0.472017
0.472028
0.472039
0.472050
0.472061
0.472072
0.472083
0.472094
0.472105
0.472116
0.472128
0.472139
0.472150
0.472161
0.472172
0.472183
0.472194
0.472205
0.472216
0.472227
0.472238
0.472249
0.472260
0.472271
0.472282
0.472293
0.472304
0.472315
0.472326
0.472337
0.472348
0.472359
0.472370
0.472381
0.472392
0.472403
0.472414
0.472425
0.472436
0.472447
0.472458
0.472469
0.472480
0.472491
0.472502
0.472514
0.472525
0.472536
0.472547
0.472558
0.472569
0.472580
0.472591
0.472602
0.472613
0.472624
0.472635
0.472646
0.472657
0.472668
0.472679
0.472690
0.472701
0.472712
0.472723
0.472734
0.472745
0.472756
0.472767
0.472778
0.472789
0.472800
0.472811
0.472822
0.472833
0.472844
0.472855
0.472866
0.472877
0.472888
0.472899
0.472910
0.472921
0.472932
0.472943
0.472954
0.472965
0.472976
0.472987
0.472998
0.473010
0.473021
0.473032
0.473043
0.473054
0.473065
0.473076
0.473087
0.473098
0.473109
0.473120
0.473131
0.473142
0.473153
0.473164
0.473175
0.473186
0.473197
0.473208
0.473219
0.473230
0.473241
0.473252
0.473263
0.473274
0.473285
0.473296
0.473307
0.473318
0.473329
0.473340
0.473351
0.473362
0.473373
0.473384
0.473395
0.473406
0.473417
0.473428
0.473439
0.473450
0.473461
0.473472
0.473483
0.473494
0.473505
0.473516
0.473527
0.473538
0.473549
0.473560
0.473571
0.473582
0.473593
0.473604
0.473615
0.473626
0.473637
0.473648
0.473659
0.473670
0.473681
0.473692
0.473703
0.473714
0.473725
0.473736
0.473747
0.473758
0.473769
0.473780
0.473791
0.473802
0.473813
0.473824
0.473835
0.473846
0.473857
0.473868
0.473879
0.473890
0.473901
0.473912
0.473923
0.473934
0.473945
0.473956
0.473967
0.473978
0.473989
0.474000
0.474011
0.474022
0.474033
0.474044
0.474055
0.474066
0.474077
0.474088
0.474099
0.474110
0.474121
0.474132
0.474143
0.474154
0.474165
0.474176
0.474187
0.474198
0.474209
0.474220
0.474231
0.474242
0.474253
0.474264
0.474275
0.474286
0.474297
0.474308
0.474319
0.474330
0.474341
0.474352
0.474363
0.474374
0.474385
0.474396
0.474407
0.474418
0.474429
0.474440
0.474451
0.474462
0.474473
0.474484
0.474495
0.474506
0.474517
0.474528
0.474539
0.474550
0.474561
0.474572
0.474583
0.474594
0.474605
0.474616
0.474627
0.474638
0.474649
0.474660
0.474671
0.474682
0.474693
0.474704
0.474715
0.474726
0.474737
0.474748
0.474759
0.474770
0.474781
0.474792
0.474803
0.474814
0.474825
0.474836
0.474847
0.474858
0.474869
0.474880
0.474891
0.474902
0.474913
0.474924
0.474935
0.474946
0.474957
0.474968
0.474979
0.474990
0.475001
0.475012
0.475023
0.475034
0.475045
0.475056
0.475067
0.475078
0.475089
0.475100
0.475111
0.475122
0.475133
0.475144
0.475155
0.475166
0.475177
0.475188
0.475199
0.475210
0.475221
0.475231
0.475242
0.475253
0.475264
0.475275
0.475286
0.475297
0.475308
0.475319
0.475330
0.475341
0.475352
0.475363
0.475374
0.475385
0.475396
0.475407
0.475418
0.475429
0.475440
0.475451
0.475462
0.475473
0.475484
0.475495
0.475506
0.475517
0.475528
0.475539
0.475550
0.475561
0.475572
0.475583
0.475594
0.475605
0.475616
0.475627
0.475638
0.475649
0.475660
0.475671
0.475682
0.475693
0.475703
0.475714
0.475725
0.475736
0.475747
0.475758
0.475769
0.475780
0.475791
0.475802
0.475813
0.475824
0.475835
0.475846
0.475857
0.475868
0.475879
0.475890
0.475901
0.475912
0.475923
0.475934
0.475945
0.475956
0.475967
0.475978
0.475989
0.476000
0.476011
0.476022
0.476033
0.476044
0.476055
0.476065
0.476076
0.476087
0.476098
0.476109
0.476120
0.476131
0.476142
0.476153
0.476164
0.476175
0.476186
0.476197
0.476208
0.476219
0.476230
0.476241
0.476252
0.476263
0.476274
0.476285
0.476296
0.476307
0.476318
0.476329
0.476340
0.476351
0.476362
0.476372
0.476383
0.476394
0.476405
0.476416
0.476427
0.476438
0.476449
0.476460
0.476471
0.476482
0.476493
0.476504
0.476515
0.476526
0.476537
0.476548
0.476559
0.476570
0.476581
0.476592
0.476603
0.476614
0.476625
0.476635
0.476646
0.476657
0.476668
0.476679
0.476690
0.476701
0.476712
0.476723
0.476734
0.476745
0.476756
0.476767
0.476778
0.476789
0.476800
0.476811
0.476822
0.476833
0.476844
0.476855
0.476866
0.476876
0.476887
0.476898
0.476909
0.476920
0.476931
0.476942
0.476953
0.476964
0.476975
0.476986
0.476997
0.477008
0.477019
0.477030
0.477041
0.477052
0.477063
0.477074
0.477084
0.477095
0.477106
0.477117
0.477128
0.477139
0.477150
0.477161
0.477172
0.477183
0.477194
0.477205
0.477216
0.477227
0.477238
0.477249
0.477260
0.477271
0.477282
0.477292
0.477303
0.477314
0.477325
0.477336
0.477347
0.477358
0.477369
0.477380
0.477391
0.477402
0.477413
0.477424
0.477435
0.477446
0.477457
0.477468
0.477478
0.477489
0.477500
0.477511
0.477522
0.477533
0.477544
0.477555
0.477566
0.477577
0.477588
0.477599
0.477610
0.477621
0.477632
0.477643
0.477653
0.477664
0.477675
0.477686
0.477697
0.477708
0.477719
0.477730
0.477741
0.477752
0.477763
0.477774
0.477785
0.477796
0.477807
0.477818
0.477828
0.477839
0.477850
0.477861
0.477872
0.477883
0.477894
0.477905
0.477916
0.477927
0.477938
0.477949
0.477960
0.477971
0.477981
0.477992
0.478003
0.478014
0.478025
0.478036
0.478047
0.478058
0.478069
0.478080
0.478091
0.478102
0.478113
0.478124
0.478135
0.478145
0.478156
0.478167
0.478178
0.478189
0.478200
0.478211
0.478222
0.478233
0.478244
0.478255
0.478266
0.478277
0.478287
0.478298
0.478309
0.478320
0.478331
0.478342
0.478353
0.478364
0.478375
0.478386
0.478397
0.478408
0.478419
0.478429
0.478440
0.478451
0.478462
0.478473
0.478484
0.478495
0.478506
0.478517
0.478528
0.478539
0.478550
0.478561
0.478571
0.478582
0.478593
0.478604
0.478615
0.478626
0.478637
0.478648
0.478659
0.478670
0.478681
0.478692
0.478702
0.478713
0.478724
0.478735
0.478746
0.478757
0.478768
0.478779
0.478790
0.478801
0.478812
0.478823
0.478833
0.478844
0.478855
0.478866
0.478877
0.478888
0.478899
0.478910
0.478921
0.478932
0.478943
0.478953
0.478964
0.478975
0.478986
0.478997
0.479008
0.479019
0.479030
0.479041
0.479052
0.479063
0.479073
0.479084
0.479095
0.479106
0.479117
0.479128
0.479139
0.479150
0.479161
0.479172
0.479183
0.479193
0.479204
0.479215
0.479226
0.479237
0.479248
0.479259
0.479270
0.479281
0.479292
0.479303
0.479313
0.479324
0.479335
0.479346
0.479357
0.479368
0.479379
0.479390
0.479401
0.479412
0.479422
0.479433
0.479444
0.479455
0.479466
0.479477
0.479488
0.479499
0.479510
0.479521
0.479531
0.479542
0.479553
0.479564
0.479575
0.479586
0.479597
0.479608
0.479619
0.479630
0.479640
0.479651
0.479662
0.479673
0.479684
0.479695
0.479706
0.479717
0.479728
0.479739
0.479749
0.479760
0.479771
0.479782
0.479793
0.479804
0.479815
0.479826
0.479837
0.479847
0.479858
0.479869
0.479880
0.479891
0.479902
0.479913
0.479924
0.479935
0.479945
0.479956
0.479967
0.479978
0.479989
0.480000
0.480011
0.480022
0.480033
0.480043
0.480054
0.480065
0.480076
0.480087
0.480098
0.480109
0.480120
0.480131
0.480141
0.480152
0.480163
0.480174
0.480185
0.480196
0.480207
0.480218
0.480229
0.480239
0.480250
0.480261
0.480272
0.480283
0.480294
0.480305
0.480316
0.480327
0.480337
0.480348
0.480359
0.480370
0.480381
0.480392
0.480403
0.480414
0.480424
0.480435
0.480446
0.480457
0.480468
0.480479
0.480490
0.480501
0.480512
0.480522
0.480533
0.480544
0.480555
0.480566
0.480577
0.480588
0.480599
0.480609
0.480620
0.480631
0.480642
0.480653
0.480664
0.480675
0.480686
0.480696
0.480707
0.480718
0.480729
0.480740
0.480751
0.480762
0.480773
0.480783
0.480794
0.480805
0.480816
0.480827
0.480838
0.480849
0.480860
0.480870
0.480881
0.480892
0.480903
0.480914
0.480925
0.480936
0.480946
0.480957
0.480968
0.480979
0.480990
0.481001
0.481012
0.481023
0.481033
0.481044
0.481055
0.481066
0.481077
0.481088
0.481099
0.481110
0.481120
0.481131
0.481142
0.481153
0.481164
0.481175
0.481186
0.481196
0.481207
0.481218
0.481229
0.481240
0.481251
0.481262
0.481272
0.481283
0.481294
0.481305
0.481316
0.481327
0.481338
0.481349
0.481359
0.481370
0.481381
0.481392
0.481403
0.481414
0.481425
0.481435
0.481446
0.481457
0.481468
0.481479
0.481490
0.481501
0.481511
0.481522
0.481533
0.481544
0.481555
0.481566
0.481577
0.481587
0.481598
0.481609
0.481620
0.481631
0.481642
0.481653
0.481663
0.481674
0.481685
0.481696
0.481707
0.481718
0.481729
0.481739
0.481750
0.481761
0.481772
0.481783
0.481794
0.481804
0.481815
0.481826
0.481837
0.481848
0.481859
0.481870
0.481880
0.481891
0.481902
0.481913
0.481924
0.481935
0.481946
0.481956
0.481967
0.481978
0.481989
0.482000
0.482011
0.482021
0.482032
0.482043
0.482054
0.482065
0.482076
0.482087
0.482097
0.482108
0.482119
0.482130
0.482141
0.482152
0.482162
0.482173
0.482184
0.482195
0.482206
0.482217
0.482228
0.482238
0.482249
0.482260
0.482271
0.482282
0.482293
0.482303
0.482314
0.482325
0.482336
0.482347
0.482358
0.482368
0.482379
0.482390
0.482401
0.482412
0.482423
0.482433
0.482444
0.482455
0.482466
0.482477
0.482488
0.482498
0.482509
0.482520
0.482531
0.482542
0.482553
0.482563
0.482574
0.482585
0.482596
0.482607
0.482618
0.482628
0.482639
0.482650
0.482661
0.482672
0.482683
0.482693
0.482704
0.482715
0.482726
0.482737
0.482748
0.482758
0.482769
0.482780
0.482791
0.482802
0.482813
0.482823
0.482834
0.482845
0.482856
0.482867
0.482878
0.482888
0.482899
0.482910
0.482921
0.482932
0.482943
0.482953
0.482964
0.482975
0.482986
0.482997
0.483007
0.483018
0.483029
0.483040
0.483051
0.483062
0.483072
0.483083
0.483094
0.483105
0.483116
0.483127
0.483137
0.483148
0.483159
0.483170
0.483181
0.483191
0.483202
0.483213
0.483224
0.483235
0.483246
0.483256
0.483267
0.483278
0.483289
0.483300
0.483310
0.483321
0.483332
0.483343
0.483354
0.483365
0.483375
0.483386
0.483397
0.483408
0.483419
0.483429
0.483440
0.483451
0.483462
0.483473
0.483484
0.483494
0.483505
0.483516
0.483527
0.483538
0.483548
0.483559
0.483570
0.483581
0.483592
0.483602
0.483613
0.483624
0.483635
0.483646
0.483656
0.483667
0.483678
0.483689
0.483700
0.483711
0.483721
0.483732
0.483743
0.483754
0.483765
0.483775
0.483786
0.483797
0.483808
0.483819
0.483829
0.483840
0.483851
0.483862
0.483873
0.483883
0.483894
0.483905
0.483916
0.483927
0.483937
0.483948
0.483959
0.483970
0.483981
0.483991
0.484002
0.484013
0.484024
0.484035
0.484045
0.484056
0.484067
0.484078
0.484089
0.484099
0.484110
0.484121
0.484132
0.484143
0.484153
0.484164
0.484175
0.484186
0.484197
0.484207
0.484218
0.484229
0.484240
0.484251
0.484261
0.484272
0.484283
0.484294
0.484305
0.484315
0.484326
0.484337
0.484348
0.484359
0.484369
0.484380
0.484391
0.484402
0.484413
0.484423
0.484434
0.484445
0.484456
0.484466
0.484477
0.484488
0.484499
0.484510
0.484520
0.484531
0.484542
0.484553
0.484564
0.484574
0.484585
0.484596
0.484607
0.484618
0.484628
0.484639
0.484650
0.484661
0.484671
0.484682
0.484693
0.484704
0.484715
0.484725
0.484736
0.484747
0.484758
0.484769
0.484779
0.484790
0.484801
0.484812
0.484822
0.484833
0.484844
0.484855
0.484866
0.484876
0.484887
0.484898
0.484909
0.484919
0.484930
0.484941
0.484952
0.484963
0.484973
0.484984
0.484995
0.485006
0.485016
0.485027
0.485038
0.485049
0.485060
0.485070
0.485081
0.485092
0.485103
0.485113
0.485124
0.485135
0.485146
0.485157
0.485167
0.485178
0.485189
0.485200
0.485210
0.485221
0.485232
0.485243
0.485253
0.485264
0.485275
0.485286
0.485297
0.485307
0.485318
0.485329
0.485340
0.485350
0.485361
0.485372
0.485383
0.485393
0.485404
0.485415
0.485426
0.485437
0.485447
0.485458
0.485469
0.485480
0.485490
0.485501
0.485512
0.485523
0.485533
0.485544
0.485555
0.485566
0.485576
0.485587
0.485598
0.485609
0.485620
0.485630
0.485641
0.485652
0.485663
0.485673
0.485684
0.485695
0.485706
0.485716
0.485727
0.485738
0.485749
0.485759
0.485770
0.485781
0.485792
0.485802
0.485813
0.485824
0.485835
0.485845
0.485856
0.485867
0.485878
0.485889
0.485899
0.485910
0.485921
0.485932
0.485942
0.485953
0.485964
0.485975
0.485985
0.485996
0.486007
0.486018
0.486028
0.486039
0.486050
0.486061
0.486071
0.486082
0.486093
0.486104
0.486114
0.486125
0.486136
0.486147
0.486157
0.486168
0.486179
0.486190
0.486200
0.486211
0.486222
0.486233
0.486243
0.486254
0.486265
0.486276
0.486286
0.486297
0.486308
0.486319
0.486329
0.486340
0.486351
0.486361
0.486372
0.486383
0.486394
0.486404
0.486415
0.486426
0.486437
0.486447
0.486458
0.486469
0.486480
0.486490
0.486501
0.486512
0.486523
0.486533
0.486544
0.486555
0.486566
0.486576
0.486587
0.486598
0.486609
0.486619
0.486630
0.486641
0.486651
0.486662
0.486673
0.486684
0.486694
0.486705
0.486716
0.486727
0.486737
0.486748
0.486759
0.486770
0.486780
0.486791
0.486802
0.486812
0.486823
0.486834
0.486845
0.486855
0.486866
0.486877
0.486888
0.486898
0.486909
0.486920
0.486931
0.486941
0.486952
0.486963
0.486973
0.486984
0.486995
0.487006
0.487016
0.487027
0.487038
0.487049
0.487059
0.487070
0.487081
0.487091
0.487102
0.487113
0.487124
0.487134
0.487145
0.487156
0.487167
0.487177
0.487188
0.487199
0.487209
0.487220
0.487231
0.487242
0.487252
0.487263
0.487274
0.487284
0.487295
0.487306
0.487317
0.487327
0.487338
0.487349
0.487359
0.487370
0.487381
0.487392
0.487402
0.487413
0.487424
0.487435
0.487445
0.487456
0.487467
0.487477
0.487488
0.487499
0.487510
0.487520
0.487531
0.487542
0.487552
0.487563
0.487574
0.487585
0.487595
0.487606
0.487617
0.487627
0.487638
0.487649
0.487659
0.487670
0.487681
0.487692
0.487702
0.487713
0.487724
0.487734
0.487745
0.487756
0.487767
0.487777
0.487788
0.487799
0.487809
0.487820
0.487831
0.487842
0.487852
0.487863
0.487874
0.487884
0.487895
0.487906
0.487916
0.487927
0.487938
0.487949
0.487959
0.487970
0.487981
0.487991
0.488002
0.488013
0.488023
0.488034
0.488045
0.488056
0.488066
0.488077
0.488088
0.488098
0.488109
0.488120
0.488130
0.488141
0.488152
0.488163
0.488173
0.488184
0.488195
0.488205
0.488216
0.488227
0.488237
0.488248
0.488259
0.488270
0.488280
0.488291
0.488302
0.488312
0.488323
0.488334
0.488344
0.488355
0.488366
0.488376
0.488387
0.488398
0.488409
0.488419
0.488430
0.488441
0.488451
0.488462
0.488473
0.488483
0.488494
0.488505
0.488515
0.488526
0.488537
0.488547
0.488558
0.488569
0.488580
0.488590
0.488601
0.488612
0.488622
0.488633
0.488644
0.488654
0.488665
0.488676
0.488686
0.488697
0.488708
0.488718
0.488729
0.488740
0.488750
0.488761
0.488772
0.488783
0.488793
0.488804
0.488815
0.488825
0.488836
0.488847
0.488857
0.488868
0.488879
0.488889
0.488900
0.488911
0.488921
0.488932
0.488943
0.488953
0.488964
0.488975
0.488985
0.488996
0.489007
0.489017
0.489028
0.489039
0.489049
0.489060
0.489071
0.489081
0.489092
0.489103
0.489113
0.489124
0.489135
0.489146
0.489156
0.489167
0.489178
0.489188
0.489199
0.489210
0.489220
0.489231
0.489242
0.489252
0.489263
0.489274
0.489284
0.489295
0.489306
0.489316
0.489327
0.489338
0.489348
0.489359
0.489370
0.489380
0.489391
0.489402
0.489412
0.489423
0.489434
0.489444
0.489455
0.489465
0.489476
0.489487
0.489497
0.489508
0.489519
0.489529
0.489540
0.489551
0.489561
0.489572
0.489583
0.489593
0.489604
0.489615
0.489625
0.489636
0.489647
0.489657
0.489668
0.489679
0.489689
0.489700
0.489711
0.489721
0.489732
0.489743
0.489753
0.489764
0.489775
0.489785
0.489796
0.489807
0.489817
0.489828
0.489838
0.489849
0.489860
0.489870
0.489881
0.489892
0.489902
0.489913
0.489924
0.489934
0.489945
0.489956
0.489966
0.489977
0.489988
0.489998
0.490009
0.490020
0.490030
0.490041
0.490051
0.490062
0.490073
0.490083
0.490094
0.490105
0.490115
0.490126
0.490137
0.490147
0.490158
0.490169
0.490179
0.490190
0.490200
0.490211
0.490222
0.490232
0.490243
0.490254
0.490264
0.490275
0.490286
0.490296
0.490307
0.490318
0.490328
0.490339
0.490349
0.490360
0.490371
0.490381
0.490392
0.490403
0.490413
0.490424
0.490435
0.490445
0.490456
0.490466
0.490477
0.490488
0.490498
0.490509
0.490520
0.490530
0.490541
0.490552
0.490562
0.490573
0.490583
0.490594
0.490605
0.490615
0.490626
0.490637
0.490647
0.490658
0.490668
0.490679
0.490690
0.490700
0.490711
0.490722
0.490732
0.490743
0.490753
0.490764
0.490775
0.490785
0.490796
0.490807
0.490817
0.490828
0.490838
0.490849
0.490860
0.490870
0.490881
0.490892
0.490902
0.490913
0.490923
0.490934
0.490945
0.490955
0.490966
0.490977
0.490987
0.490998
0.491008
0.491019
0.491030
0.491040
0.491051
0.491062
0.491072
0.491083
0.491093
0.491104
0.491115
0.491125
0.491136
0.491146
0.491157
0.491168
0.491178
0.491189
0.491200
0.491210
0.491221
0.491231
0.491242
0.491253
0.491263
0.491274
0.491284
0.491295
0.491306
0.491316
0.491327
0.491337
0.491348
0.491359
0.491369
0.491380
0.491391
0.491401
0.491412
0.491422
0.491433
0.491444
0.491454
0.491465
0.491475
0.491486
0.491497
0.491507
0.491518
0.491528
0.491539
0.491550
0.491560
0.491571
0.491581
0.491592
0.491603
0.491613
0.491624
0.491634
0.491645
0.491656
0.491666
0.491677
0.491687
0.491698
0.491709
0.491719
0.491730
0.491740
0.491751
0.491762
0.491772
0.491783
0.491793
0.491804
0.491815
0.491825
0.491836
0.491846
0.491857
0.491868
0.491878
0.491889
0.491899
0.491910
0.491921
0.491931
0.491942
0.491952
0.491963
0.491974
0.491984
0.491995
0.492005
0.492016
0.492026
0.492037
0.492048
0.492058
0.492069
0.492079
0.492090
0.492101
0.492111
0.492122
0.492132
0.492143
0.492154
0.492164
0.492175
0.492185
0.492196
0.492206
0.492217
0.492228
0.492238
0.492249
0.492259
0.492270
0.492281
0.492291
0.492302
0.492312
0.492323
0.492333
0.492344
0.492355
0.492365
0.492376
0.492386
0.492397
0.492408
0.492418
0.492429
0.492439
0.492450
0.492460
0.492471
0.492482
0.492492
0.492503
0.492513
0.492524
0.492534
0.492545
0.492556
0.492566
0.492577
0.492587
0.492598
0.492608
0.492619
0.492630
0.492640
0.492651
0.492661
0.492672
0.492682
