0.000000
0.000000
0.000328
0.000656
0.000984
0.001313
0.001641
0.001969
0.002298
0.002626
0.002954
0.003283
0.003611
0.003939
0.004268
0.004596
0.004925
0.005253
0.005581
0.005910
0.006238
0.006567
0.006895
0.007223
0.007552
0.007880
0.008209
0.008537
0.008865
0.009194
0.009522
0.009851
0.010179
0.010508
0.010837
0.011165
0.011494
0.011822
0.012151
0.012480
0.012809
0.013138
0.013466
0.013795
0.014124
0.014453
0.014782
0.015112
0.015441
0.015770
0.016099
0.016428
0.016758
0.017087
0.017417
0.017746
0.018076
0.018406
0.018736
0.019065
0.019395
0.019725
0.020055
0.020386
0.020716
0.021046
0.021376
0.021707
0.022037
0.022368
0.022699
0.023030
0.023361
0.023692
0.024023
0.024354
0.024685
0.025017
0.025348
0.025680
0.026012
0.026343
0.026675
0.027007
0.027339
0.027672
0.028004
0.028337
0.028669
0.029002
0.029335
0.029668
0.030001
0.030334
0.030668
0.031001
0.031335
0.031669
0.032003
0.032337
0.032671
0.033005
0.033340
0.033675
0.034009
0.034344
0.034679
0.035015
0.035350
0.035686
0.036021
0.036357
0.036693
0.037030
0.037366
0.037703
0.038039
0.038376
0.038713
0.039051
0.039388
0.039726
0.040063
0.040401
0.040740
0.041078
0.041416
0.041755
0.042094
0.042433
0.042773
0.043112
0.043452
0.043792
0.044132
0.044472
0.044813
0.045153
0.045494
0.045836
0.046177
0.046519
0.046860
0.047202
0.047545
0.047887
0.048230
0.048573
0.048916
0.049259
0.049603
0.049947
0.050291
0.050635
0.050980
0.051325
0.051670
0.052015
0.052361
0.052707
0.053053
0.053399
0.053746
0.054093
0.054440
0.054787
0.055135
0.055483
0.055831
0.056180
0.056529
0.056878
0.057227
0.057577
0.057927
0.058277
0.058627
0.058978
0.059329
0.059680
0.060032
0.060384
0.060736
0.061089
0.061442
0.061795
0.062148
0.062502
0.062856
0.063211
0.063565
0.063921
0.064276
0.064632
0.064988
0.065344
0.065701
0.066058
0.066415
0.066773
0.067131
0.067489
0.067848
0.068207
0.068567
0.068927
0.069287
0.069647
0.070008
0.070369
0.070731
0.071093
0.071455
0.071818
0.072181
0.072545
0.072909
0.073273
0.073637
0.074002
0.074368
0.074734
0.075100
0.075466
0.075833
0.076200
0.076568
0.076936
0.077305
0.077674
0.078043
0.078413
0.078783
0.079153
0.079524
0.079896
0.080268
0.080640
0.081012
0.081385
0.081759
0.082133
0.082507
0.082882
0.083257
0.083633
0.084009
0.084385
0.084762
0.085140
0.085518
0.085896
0.086275
0.086654
0.087034
0.087414
0.087795
0.088176
0.088557
0.088939
0.089322
0.089705
0.090088
0.090472
0.090857
0.091242
0.091627
0.092013
0.092400
0.092787
0.093174
0.093562
0.093951
0.094340
0.094730
0.095120
0.095510
0.095901
0.096293
0.096685
0.097078
0.097471
0.097865
0.098260
0.098655
0.099050
0.099446
0.099843
0.100240
0.100638
0.101036
0.101435
0.101835
0.102235
0.102636
0.103037
0.103439
0.103841
0.104244
0.104648
0.105052
0.105457
0.105863
0.106269
0.106675
0.107083
0.107491
0.107899
0.108309
0.108719
0.109129
0.109540
0.109952
0.110365
0.110778
0.111192
0.111606
0.112021
0.112437
0.112854
0.113271
0.113689
0.114108
0.114527
0.114947
0.115367
0.115789
0.116211
0.116634
0.117057
0.117482
0.117907
0.118332
0.118759
0.119186
0.119614
0.120043
0.120472
0.120902
0.121333
0.121765
0.122197
0.122631
0.123065
0.123500
0.123935
0.124372
0.124809
0.125247
0.125686
0.126125
0.126566
0.127007
0.127449
0.127892
0.128336
0.128780
0.129226
0.129672
0.130119
0.130567
0.131016
0.131466
0.131917
0.132368
0.132821
0.133274
0.133728
0.134183
0.134639
0.135096
0.135554
0.136013
0.136472
0.136933
0.137395
0.137857
0.138321
0.138785
0.139250
0.139717
0.140184
0.140652
0.141122
0.141592
0.142063
0.142535
0.143009
0.143483
0.143958
0.144435
0.144912
0.145390
0.145870
0.146350
0.146832
0.147315
0.147798
0.148283
0.148769
0.149256
0.149744
0.150233
0.150723
0.151215
0.151707
0.152201
0.152696
0.153192
0.153689
0.154187
0.154686
0.155187
0.155689
0.156192
0.156696
0.157201
0.157708
0.158216
0.158725
0.159235
0.159746
0.160259
0.160773
0.161288
0.161805
0.162323
0.162842
0.163362
0.163884
0.164407
0.164931
0.165457
0.165984
0.166512
0.167042
0.167573
0.168105
0.168639
0.169174
0.169711
0.170249
0.170788
0.171329
0.171871
0.172415
0.172960
0.173507
0.174055
0.174605
0.175156
0.175708
0.176263
0.176818
0.177375
0.177934
0.178494
0.179056
0.179620
0.180185
0.180751
0.181319
0.181889
0.182460
0.183034
0.183608
0.184185
0.184762
0.185342
0.185923
0.186506
0.187091
0.187678
0.188266
0.188856
0.189447
0.190040
0.190636
0.191232
0.191831
0.192432
0.193034
0.193638
0.194244
0.194852
0.195462
0.196073
0.196687
0.197302
0.197919
0.198538
0.199160
0.199783
0.200408
0.201035
0.201664
0.202295
0.202928
0.203564
0.204201
0.204840
0.205482
0.206125
0.206771
0.207419
0.208069
0.208721
0.209375
0.210032
0.210691
0.211352
0.212015
0.212681
0.213348
0.214019
0.214691
0.215366
0.216043
0.216723
0.217405
0.218089
0.218776
0.219466
0.220157
0.220852
0.221549
0.222248
0.222950
0.223655
0.224362
0.225071
0.225784
0.226499
0.227217
0.227937
0.228660
0.229386
0.230115
0.230846
0.231581
0.232318
0.233058
0.233801
0.234547
0.235296
0.236047
0.236802
0.237560
0.238321
0.239085
0.239852
0.240622
0.241395
0.242171
0.242951
0.243734
0.244520
0.245309
0.246102
0.246898
0.247697
0.248500
0.249306
0.250116
0.250929
0.251745
0.252565
0.253389
0.254216
0.255047
0.255881
0.256719
0.257561
0.258406
0.259256
0.260108
0.260965
0.261826
0.262690
0.263558
0.264431
0.265307
0.266187
0.267071
0.267959
0.268851
0.269748
0.270648
0.271553
0.272462
0.273375
0.274293
0.275214
0.276141
0.277071
0.278006
0.278946
0.279890
0.280839
0.281792
0.282750
0.283713
0.284680
0.285652
0.286629
0.287611
0.288598
0.289590
0.290586
0.291588
0.292595
0.293607
0.294625
0.295647
0.296675
0.297708
0.298747
0.299791
0.300840
0.301895
0.302956
0.304022
0.305094
0.306172
0.307255
0.308344
0.309440
0.310541
0.311648
0.312761
0.313880
0.315005
0.316137
0.317274
0.318418
0.319568
0.320725
0.321888
0.323057
0.324233
0.325416
0.326605
0.327801
0.329004
0.330213
0.331429
0.332652
0.333882
0.335119
0.336363
0.337613
0.338871
0.340136
0.341407
0.342686
0.343971
0.345264
0.346563
0.347869
0.349181
0.350500
0.351825
0.353157
0.354495
0.355839
0.357189
0.358544
0.359905
0.361271
0.362642
0.364018
0.365399
0.366785
0.368174
0.369568
0.370966
0.372367
0.373772
0.375181
0.376593
0.378008
0.379426
0.380847
0.382271
0.383698
0.385128
0.386560
0.387995
0.389433
0.390873
0.392316
0.393763
0.395212
0.396664
0.398120
0.399579
0.401042
0.402508
0.403979
0.405454
0.406933
0.408416
0.409904
0.411397
0.412893
0.414395
0.415900
0.417410
0.418925
0.420443
0.421966
0.423493
0.425024
0.426558
0.428097
0.429639
0.431184
0.432733
0.434284
0.435839
0.437397
0.438957
0.440520
0.442085
0.443653
0.445222
0.446794
0.448367
0.449942
0.451518
0.453095
0.454674
0.456253
0.457832
0.459412
0.460992
0.462573
0.464152
0.465732
0.467310
0.468888
0.470464
0.472038
0.473611
0.475182
0.476750
0.478316
0.479879
0.481438
0.482994
0.484545
0.486093
0.487635
0.489173
0.490705
0.492231
0.493752
0.495265
0.496772
0.498271
0.499762
0.501245
0.502719
0.504184
0.505639
0.507085
0.508520
0.509945
0.511358
0.512759
0.514148
0.515525
0.516889
0.518239
0.519576
0.520898
0.522206
0.523499
0.524776
0.526038
0.527283
0.528512
0.529724
0.530918
0.532095
0.533253
0.534393
0.535514
0.536616
0.537698
0.538760
0.539802
0.540823
0.541824
0.542803
0.543760
0.544696
0.545610
0.546502
0.547371
0.548217
0.549041
0.549841
0.550618
0.551372
0.552103
0.552810
0.553493
0.554154
0.554790
0.555403
0.555993
0.556560
0.557104
0.557625
0.558123
0.558599
0.559053
0.559484
0.559895
0.560284
0.560652
0.561000
0.561328
0.561637
0.561926
0.562197
0.562450
0.562685
0.562903
0.563105
0.563291
0.563462
0.563619
0.563762
0.563891
0.564008
0.564114
0.564208
0.564293
0.564367
0.564434
0.564492
0.564542
0.564587
0.564625
0.564658
0.564687
0.564711
0.564732
0.564750
0.564765
0.564779
0.564790
0.564800
0.564808
0.564815
0.564822
0.564828
0.564833
0.564838
0.564843
0.564847
0.564851
0.564855
0.564859
0.564863
0.564867
0.564871
0.564874
0.564878
0.564882
0.564885
0.564889
0.564893
0.564896
0.564900
0.564904
0.564907
0.564911
0.564914
0.564918
0.564922
0.564925
0.564929
0.564932
0.564936
0.564940
0.564943
0.564947
0.564951
0.564954
0.564958
0.564961
0.564965
0.564969
0.564972
0.564976
0.564979
0.564983
0.564987
0.564990
0.564994
0.564998
0.565001
0.565005
0.565008
0.565012
0.565016
0.565019
0.565023
0.565027
0.565030
0.565034
0.565037
0.565041
0.565045
0.565048
0.565052
0.565056
0.565059
0.565063
0.565066
0.565070
0.565074
0.565077
0.565081
0.565084
0.565088
0.565092
0.565095
0.565099
0.565103
0.565106
0.565110
0.565113
0.565117
0.565121
0.565124
0.565128
0.565132
0.565135
0.565139
0.565142
0.565146
0.565150
0.565153
0.565157
0.565160
0.565164
0.565168
0.565171
0.565175
0.565179
0.565182
0.565186
0.565189
0.565193
0.565197
0.565200
0.565204
0.565208
0.565211
0.565215
0.565218
0.565222
0.565226
0.565229
0.565233
0.565237
0.565240
0.565244
0.565247
0.565251
0.565255
0.565258
0.565262
0.565266
0.565269
0.565273
0.565276
0.565280
0.565284
0.565287
0.565291
0.565294
0.565298
0.565302
0.565305
0.565309
0.565313
0.565316
0.565320
0.565323
0.565327
0.565331
0.565334
0.565338
0.565342
0.565345
0.565349
0.565352
0.565356
0.565360
0.565363
0.565367
0.565371
0.565374
0.565378
0.565381
0.565385
0.565389
0.565392
0.565396
0.565400
0.565403
0.565407
0.565410
0.565414
0.565418
0.565421
0.565425
0.565429
0.565432
0.565436
0.565439
0.565443
0.565447
0.565450
0.565454
0.565458
0.565461
0.565465
0.565468
0.565472
0.565476
0.565479
0.565483
0.565487
0.565490
0.565494
0.565497
0.565501
0.565505
0.565508
0.565512
0.565516
0.565519
0.565523
0.565526
0.565530
0.565534
0.565537
0.565541
0.565545
0.565548
0.565552
0.565555
0.565559
0.565563
0.565566
0.565570
0.565574
0.565577
0.565581
0.565584
0.565588
0.565592
0.565595
0.565599
0.565603
0.565606
0.565610
0.565613
0.565617
0.565621
0.565624
0.565628
0.565632
0.565635
0.565639
0.565642
0.565646
0.565650
0.565653
0.565657
0.565661
0.565664
0.565668
0.565671
0.565675
0.565679
0.565682
0.565686
0.565690
0.565693
0.565697
0.565700
0.565704
0.565708
0.565711
0.565715
0.565719
0.565722
0.565726
0.565729
0.565733
0.565737
0.565740
0.565744
0.565748
0.565751
0.565755
0.565759
0.565762
0.565766
0.565769
0.565773
0.565777
0.565780
0.565784
0.565788
0.565791
0.565795
0.565798
0.565802
0.565806
0.565809
0.565813
0.565817
0.565820
0.565824
0.565827
0.565831
0.565835
0.565838
0.565842
0.565846
0.565849
0.565853
0.565856
0.565860
0.565864
0.565867
0.565871
0.565875
0.565878
0.565882
0.565886
0.565889
0.565893
0.565896
0.565900
0.565904
0.565907
0.565911
0.565915
0.565918
0.565922
0.565925
0.565929
0.565933
0.565936
0.565940
0.565944
0.565947
0.565951
0.565954
0.565958
0.565962
0.565965
0.565969
0.565973
0.565976
0.565980
0.565984
0.565987
0.565991
0.565994
0.565998
0.566002
0.566005
0.566009
0.566013
0.566016
0.566020
0.566023
0.566027
0.566031
0.566034
0.566038
0.566042
0.566045
0.566049
0.566053
0.566056
0.566060
0.566063
0.566067
0.566071
0.566074
0.566078
0.566082
0.566085
0.566089
0.566092
0.566096
0.566100
0.566103
0.566107
0.566111
0.566114
0.566118
0.566122
0.566125
0.566129
0.566132
0.566136
0.566140
0.566143
0.566147
0.566151
0.566154
0.566158
0.566161
0.566165
0.566169
0.566172
0.566176
0.566180
0.566183
0.566187
0.566191
0.566194
0.566198
0.566201
0.566205
0.566209
0.566212
0.566216
0.566220
0.566223
0.566227
0.566231
0.566234
0.566238
0.566241
0.566245
0.566249
0.566252
0.566256
0.566260
0.566263
0.566267
0.566270
0.566274
0.566278
0.566281
0.566285
0.566289
0.566292
0.566296
0.566300
0.566303
0.566307
0.566310
0.566314
0.566318
0.566321
0.566325
0.566329
0.566332
0.566336
0.566340
0.566343
0.566347
0.566350
0.566354
0.566358
0.566361
0.566365
0.566369
0.566372
0.566376
0.566380
0.566383
0.566387
0.566390
0.566394
0.566398
0.566401
0.566405
0.566409
0.566412
0.566416
0.566420
0.566423
0.566427
0.566430
0.566434
0.566438
0.566441
0.566445
0.566449
0.566452
0.566456
0.566460
0.566463
0.566467
0.566470
0.566474
0.566478
0.566481
0.566485
0.566489
0.566492
0.566496
0.566500
0.566503
0.566507
0.566510
0.566514
0.566518
0.566521
0.566525
0.566529
0.566532
0.566536
0.566540
0.566543
0.566547
0.566550
0.566554
0.566558
0.566561
0.566565
0.566569
0.566572
0.566576
0.566580
0.566583
0.566587
0.566590
0.566594
0.566598
0.566601
0.566605
0.566609
0.566612
0.566616
0.566620
0.566623
0.566627
0.566630
0.566634
0.566638
0.566641
0.566645
0.566649
0.566652
0.566656
0.566660
0.566663
0.566667
0.566671
0.566674
0.566678
0.566681
0.566685
0.566689
0.566692
0.566696
0.566700
0.566703
0.566707
0.566711
0.566714
0.566718
0.566721
0.566725
0.566729
0.566732
0.566736
0.566740
0.566743
0.566747
0.566751
0.566754
0.566758
0.566761
0.566765
0.566769
0.566772
0.566776
0.566780
0.566783
0.566787
0.566791
0.566794
0.566798
0.566802
0.566805
0.566809
0.566812
0.566816
0.566820
0.566823
0.566827
0.566831
0.566834
0.566838
0.566842
0.566845
0.566849
0.566852
0.566856
0.566860
0.566863
0.566867
0.566871
0.566874
0.566878
0.566882
0.566885
0.566889
0.566893
0.566896
0.566900
0.566903
0.566907
0.566911
0.566914
0.566918
0.566922
0.566925
0.566929
0.566933
0.566936
0.566940
0.566944
0.566947
0.566951
0.566954
0.566958
0.566962
0.566965
0.566969
0.566973
0.566976
0.566980
0.566984
0.566987
0.566991
0.566995
0.566998
0.567002
0.567005
0.567009
0.567013
0.567016
0.567020
0.567024
0.567027
0.567031
0.567035
0.567038
0.567042
0.567046
0.567049
0.567053
0.567056
0.567060
0.567064
0.567067
0.567071
0.567075
0.567078
0.567082
0.567086
0.567089
0.567093
0.567097
0.567100
0.567104
0.567107
0.567111
0.567115
0.567118
0.567122
0.567126
0.567129
0.567133
0.567137
0.567140
0.567144
0.567148
0.567151
0.567155
0.567158
0.567162
0.567166
0.567169
0.567173
0.567177
0.567180
0.567184
0.567188
0.567191
0.567195
0.567199
0.567202
0.567206
0.567210
0.567213
0.567217
0.567220
0.567224
0.567228
0.567231
0.567235
0.567239
0.567242
0.567246
0.567250
0.567253
0.567257
0.567261
0.567264
0.567268
0.567271
0.567275
0.567279
0.567282
0.567286
0.567290
0.567293
0.567297
0.567301
0.567304
0.567308
0.567312
0.567315
0.567319
0.567323
0.567326
0.567330
0.567333
0.567337
0.567341
0.567344
0.567348
0.567352
0.567355
0.567359
0.567363
0.567366
0.567370
0.567374
0.567377
0.567381
0.567385
0.567388
0.567392
0.567395
0.567399
0.567403
0.567406
0.567410
0.567414
0.567417
0.567421
0.567425
0.567428
0.567432
0.567436
0.567439
0.567443
0.567447
0.567450
0.567454
0.567457
0.567461
0.567465
0.567468
0.567472
0.567476
0.567479
0.567483
0.567487
0.567490
0.567494
0.567498
0.567501
0.567505
0.567509
0.567512
0.567516
0.567520
0.567523
0.567527
0.567530
0.567534
0.567538
0.567541
0.567545
0.567549
0.567552
0.567556
0.567560
0.567563
0.567567
0.567571
0.567574
0.567578
0.567582
0.567585
0.567589
0.567592
0.567596
0.567600
0.567603
0.567607
0.567611
0.567614
0.567618
0.567622
0.567625
0.567629
0.567633
0.567636
0.567640
0.567644
0.567647
0.567651
0.567655
0.567658
0.567662
0.567665
0.567669
0.567673
0.567676
0.567680
0.567684
0.567687
0.567691
0.567695
0.567698
0.567702
0.567706
0.567709
0.567713
0.567717
0.567720
0.567724
0.567728
0.567731
0.567735
0.567739
0.567742
0.567746
0.567749
0.567753
0.567757
0.567760
0.567764
0.567768
0.567771
0.567775
0.567779
0.567782
0.567786
0.567790
0.567793
0.567797
0.567801
0.567804
0.567808
0.567812
0.567815
0.567819
0.567823
0.567826
0.567830
0.567833
0.567837
0.567841
0.567844
0.567848
0.567852
0.567855
0.567859
0.567863
0.567866
0.567870
0.567874
0.567877
0.567881
0.567885
0.567888
0.567892
0.567896
0.567899
0.567903
0.567907
0.567910
0.567914
0.567917
0.567921
0.567925
0.567928
0.567932
0.567936
0.567939
0.567943
0.567947
0.567950
0.567954
0.567958
0.567961
0.567965
0.567969
0.567972
0.567976
0.567980
0.567983
0.567987
0.567991
0.567994
0.567998
0.568002
0.568005
0.568009
0.568012
0.568016
0.568020
0.568023
0.568027
0.568031
0.568034
0.568038
0.568042
0.568045
0.568049
0.568053
0.568056
0.568060
0.568064
0.568067
0.568071
0.568075
0.568078
0.568082
0.568086
0.568089
0.568093
0.568097
0.568100
0.568104
0.568108
0.568111
0.568115
0.568118
0.568122
0.568126
0.568129
0.568133
0.568137
0.568140
0.568144
0.568148
0.568151
0.568155
0.568159
0.568162
0.568166
0.568170
0.568173
0.568177
0.568181
0.568184
0.568188
0.568192
0.568195
0.568199
0.568203
0.568206
0.568210
0.568214
0.568217
0.568221
0.568225
0.568228
0.568232
0.568235
0.568239
0.568243
0.568246
0.568250
0.568254
0.568257
0.568261
0.568265
0.568268
0.568272
0.568276
0.568279
0.568283
0.568287
0.568290
0.568294
0.568298
0.568301
0.568305
0.568309
0.568312
0.568316
0.568320
0.568323
0.568327
0.568331
0.568334
0.568338
0.568342
0.568345
0.568349
0.568353
0.568356
0.568360
0.568364
0.568367
0.568371
0.568374
0.568378
0.568382
0.568385
0.568389
0.568393
0.568396
0.568400
0.568404
0.568407
0.568411
0.568415
0.568418
0.568422
0.568426
0.568429
0.568433
0.568437
0.568440
0.568444
0.568448
0.568451
0.568455
0.568459
0.568462
0.568466
0.568470
0.568473
0.568477
0.568481
0.568484
0.568488
0.568492
0.568495
0.568499
0.568503
0.568506
0.568510
0.568514
0.568517
0.568521
0.568525
0.568528
0.568532
0.568536
0.568539
0.568543
0.568547
0.568550
0.568554
0.568557
0.568561
0.568565
0.568568
0.568572
0.568576
0.568579
0.568583
0.568587
0.568590
0.568594
0.568598
0.568601
0.568605
0.568609
0.568612
0.568616
0.568620
0.568623
0.568627
0.568631
0.568634
0.568638
0.568642
0.568645
0.568649
0.568653
0.568656
0.568660
0.568664
0.568667
0.568671
0.568675
0.568678
0.568682
0.568686
0.568689
0.568693
0.568697
0.568700
0.568704
0.568708
0.568711
0.568715
0.568719
0.568722
0.568726
0.568730
0.568733
0.568737
0.568741
0.568744
0.568748
0.568752
0.568755
0.568759
0.568763
0.568766
0.568770
0.568774
0.568777
0.568781
0.568785
0.568788
0.568792
0.568796
0.568799
0.568803
0.568807
0.568810
0.568814
0.568818
0.568821
0.568825
0.568829
0.568832
0.568836
0.568839
0.568843
0.568847
0.568850
0.568854
0.568858
0.568861
0.568865
0.568869
0.568872
0.568876
0.568880
0.568883
0.568887
0.568891
0.568894
0.568898
0.568902
0.568905
0.568909
0.568913
0.568916
0.568920
0.568924
0.568927
0.568931
0.568935
0.568938
0.568942
0.568946
0.568949
0.568953
0.568957
0.568960
0.568964
0.568968
0.568971
0.568975
0.568979
0.568982
0.568986
0.568990
0.568993
0.568997
0.569001
0.569004
0.569008
0.569012
0.569015
0.569019
0.569023
0.569026
0.569030
0.569034
0.569037
0.569041
0.569045
0.569048
0.569052
0.569056
0.569059
0.569063
0.569067
0.569070
0.569074
0.569078
0.569081
0.569085
0.569089
0.569092
0.569096
0.569100
0.569103
0.569107
0.569111
0.569114
0.569118
0.569122
0.569125
0.569129
0.569133
0.569136
0.569140
0.569144
0.569147
0.569151
0.569155
0.569158
0.569162
0.569166
0.569169
0.569173
0.569177
0.569180
0.569184
0.569188
0.569191
0.569195
0.569199
0.569202
0.569206
0.569210
0.569213
0.569217
0.569221
0.569224
0.569228
0.569232
0.569235
0.569239
0.569243
0.569246
0.569250
0.569254
0.569257
0.569261
0.569265
0.569268
0.569272
0.569276
0.569280
0.569283
0.569287
0.569291
0.569294
0.569298
0.569302
0.569305
0.569309
0.569313
0.569316
0.569320
0.569324
0.569327
0.569331
0.569335
0.569338
0.569342
0.569346
0.569349
0.569353
0.569357
0.569360
0.569364
0.569368
0.569371
0.569375
0.569379
0.569382
0.569386
0.569390
0.569393
0.569397
0.569401
0.569404
0.569408
0.569412
0.569415
0.569419
0.569423
0.569426
0.569430
0.569434
0.569437
0.569441
0.569445
0.569448
0.569452
0.569456
0.569459
0.569463
0.569467
0.569470
0.569474
0.569478
0.569481
0.569485
0.569489
0.569492
0.569496
0.569500
0.569503
0.569507
0.569511
0.569514
0.569518
0.569522
0.569525
0.569529
0.569533
0.569536
0.569540
0.569544
0.569547
0.569551
0.569555
0.569558
0.569562
0.569566
0.569570
0.569573
0.569577
0.569581
0.569584
0.569588
0.569592
0.569595
0.569599
0.569603
0.569606
0.569610
0.569614
0.569617
0.569621
0.569625
0.569628
0.569632
0.569636
0.569639
0.569643
0.569647
0.569650
0.569654
0.569658
0.569661
0.569665
0.569669
0.569672
0.569676
0.569680
0.569683
0.569687
0.569691
0.569694
0.569698
0.569702
0.569705
0.569709
0.569713
0.569716
0.569720
0.569724
0.569727
0.569731
0.569735
0.569738
0.569742
0.569746
0.569750
0.569753
0.569757
0.569761
0.569764
0.569768
0.569772
0.569775
0.569779
0.569783
0.569786
0.569790
0.569794
0.569797
0.569801
0.569805
0.569808
0.569812
0.569816
0.569819
0.569823
0.569827
0.569830
0.569834
0.569838
0.569841
0.569845
0.569849
0.569852
0.569856
0.569860
0.569863
0.569867
0.569871
0.569874
0.569878
0.569882
0.569886
0.569889
0.569893
0.569897
0.569900
0.569904
0.569908
0.569911
0.569915
0.569919
0.569922
0.569926
0.569930
0.569933
0.569937
0.569941
0.569944
0.569948
0.569952
0.569955
0.569959
0.569963
0.569966
0.569970
0.569974
0.569977
0.569981
0.569985
0.569988
0.569992
0.569996
0.569999
0.570003
0.570007
0.570011
0.570014
0.570018
0.570022
0.570025
0.570029
0.570033
0.570036
0.570040
0.570044
0.570047
0.570051
0.570055
0.570058
0.570062
0.570066
0.570069
0.570073
0.570077
0.570080
0.570084
0.570088
0.570091
0.570095
0.570099
0.570102
0.570106
0.570110
0.570114
0.570117
0.570121
0.570125
0.570128
0.570132
0.570136
0.570139
0.570143
0.570147
0.570150
0.570154
0.570158
0.570161
0.570165
0.570169
0.570172
0.570176
0.570180
0.570183
0.570187
0.570191
0.570194
0.570198
0.570202
0.570205
0.570209
0.570213
0.570217
0.570220
0.570224
0.570228
0.570231
0.570235
0.570239
0.570242
0.570246
0.570250
0.570253
0.570257
0.570261
0.570264
0.570268
0.570272
0.570275
0.570279
0.570283
0.570286
0.570290
0.570294
0.570298
0.570301
0.570305
0.570309
0.570312
0.570316
0.570320
0.570323
0.570327
0.570331
0.570334
0.570338
0.570342
0.570345
0.570349
0.570353
0.570356
0.570360
0.570364
0.570367
0.570371
0.570375
0.570378
0.570382
0.570386
0.570390
0.570393
0.570397
0.570401
0.570404
0.570408
0.570412
0.570415
0.570419
0.570423
0.570426
0.570430
0.570434
0.570437
0.570441
0.570445
0.570448
0.570452
0.570456
0.570460
0.570463
0.570467
0.570471
0.570474
0.570478
0.570482
0.570485
0.570489
0.570493
0.570496
0.570500
0.570504
0.570507
0.570511
0.570515
0.570518
0.570522
0.570526
0.570529
0.570533
0.570537
0.570541
0.570544
0.570548
0.570552
0.570555
0.570559
0.570563
0.570566
0.570570
0.570574
0.570577
0.570581
0.570585
0.570588
0.570592
0.570596
0.570599
0.570603
0.570607
0.570611
0.570614
0.570618
0.570622
0.570625
0.570629
0.570633
0.570636
0.570640
0.570644
0.570647
0.570651
0.570655
0.570658
0.570662
0.570666
0.570669
0.570673
0.570677
0.570681
0.570684
0.570688
0.570692
0.570695
0.570699
0.570703
0.570706
0.570710
0.570714
0.570717
0.570721
0.570725
0.570728
0.570732
0.570736
0.570740
0.570743
0.570747
0.570751
0.570754
0.570758
0.570762
0.570765
0.570769
0.570773
0.570776
0.570780
0.570784
0.570787
0.570791
0.570795
0.570799
0.570802
0.570806
0.570810
0.570813
0.570817
0.570821
0.570824
0.570828
0.570832
0.570835
0.570839
0.570843
0.570846
0.570850
0.570854
0.570857
0.570861
0.570865
0.570869
0.570872
0.570876
0.570880
0.570883
0.570887
0.570891
0.570894
0.570898
0.570902
0.570905
0.570909
0.570913
0.570916
0.570920
0.570924
0.570928
0.570931
0.570935
0.570939
0.570942
0.570946
0.570950
0.570953
0.570957
0.570961
0.570964
0.570968
0.570972
0.570976
0.570979
0.570983
0.570987
0.570990
0.570994
0.570998
0.571001
0.571005
0.571009
0.571012
0.571016
0.571020
0.571023
0.571027
0.571031
0.571035
0.571038
0.571042
0.571046
0.571049
0.571053
0.571057
0.571060
0.571064
0.571068
0.571071
0.571075
0.571079
0.571082
0.571086
0.571090
0.571094
0.571097
0.571101
0.571105
0.571108
0.571112
0.571116
0.571119
0.571123
0.571127
0.571130
0.571134
0.571138
0.571142
0.571145
0.571149
0.571153
0.571156
0.571160
0.571164
0.571167
0.571171
0.571175
0.571178
0.571182
0.571186
0.571190
0.571193
0.571197
0.571201
0.571204
0.571208
0.571212
0.571215
0.571219
0.571223
0.571226
0.571230
0.571234
0.571238
0.571241
0.571245
0.571249
0.571252
0.571256
0.571260
0.571263
0.571267
0.571271
0.571274
0.571278
0.571282
0.571285
0.571289
0.571293
0.571297
0.571300
0.571304
0.571308
0.571311
0.571315
0.571319
0.571322
0.571326
0.571330
0.571334
0.571337
0.571341
0.571345
0.571348
0.571352
0.571356
0.571359
0.571363
0.571367
0.571370
0.571374
0.571378
0.571382
0.571385
0.571389
0.571393
0.571396
0.571400
0.571404
0.571407
0.571411
0.571415
0.571418
0.571422
0.571426
0.571430
0.571433
0.571437
0.571441
0.571444
0.571448
0.571452
0.571455
0.571459
0.571463
0.571466
0.571470
0.571474
0.571478
0.571481
0.571485
0.571489
0.571492
0.571496
0.571500
0.571503
0.571507
0.571511
0.571514
0.571518
0.571522
0.571526
0.571529
0.571533
0.571537
0.571540
0.571544
0.571548
0.571551
0.571555
0.571559
0.571563
0.571566
0.571570
0.571574
0.571577
0.571581
0.571585
0.571588
0.571592
0.571596
0.571599
0.571603
0.571607
0.571611
0.571614
0.571618
0.571622
0.571625
0.571629
0.571633
0.571636
0.571640
0.571644
0.571648
0.571651
0.571655
0.571659
0.571662
0.571666
0.571670
0.571673
0.571677
0.571681
0.571684
0.571688
0.571692
0.571696
0.571699
0.571703
0.571707
0.571710
0.571714
0.571718
0.571721
0.571725
0.571729
0.571733
0.571736
0.571740
0.571744
0.571747
0.571751
0.571755
0.571758
0.571762
0.571766
0.571770
0.571773
0.571777
0.571781
0.571784
0.571788
0.571792
0.571795
0.571799
0.571803
0.571807
0.571810
0.571814
0.571818
0.571821
0.571825
0.571829
0.571832
0.571836
0.571840
0.571843
0.571847
0.571851
0.571855
0.571858
0.571862
0.571866
0.571869
0.571873
0.571877
0.571880
0.571884
0.571888
0.571892
0.571895
0.571899
0.571903
0.571906
0.571910
0.571914
0.571917
0.571921
0.571925
0.571929
0.571932
0.571936
0.571940
0.571943
0.571947
0.571951
0.571954
0.571958
0.571962
0.571966
0.571969
0.571973
0.571977
0.571980
0.571984
0.571988
0.571991
0.571995
0.571999
0.572003
0.572006
0.572010
0.572014
0.572017
0.572021
0.572025
0.572028
0.572032
0.572036
0.572040
0.572043
0.572047
0.572051
0.572054
0.572058
0.572062
0.572065
0.572069
0.572073
0.572077
0.572080
0.572084
0.572088
0.572091
0.572095
0.572099
0.572102
0.572106
0.572110
0.572114
0.572117
0.572121
0.572125
0.572128
0.572132
0.572136
0.572139
0.572143
0.572147
0.572151
0.572154
0.572158
0.572162
0.572165
0.572169
0.572173
0.572177
0.572180
0.572184
0.572188
0.572191
0.572195
0.572199
0.572202
0.572206
0.572210
0.572214
0.572217
0.572221
0.572225
0.572228
0.572232
0.572236
0.572239
0.572243
0.572247
0.572251
0.572254
0.572258
0.572262
0.572265
0.572269
0.572273
0.572276
0.572280
0.572284
0.572288
0.572291
0.572295
0.572299
0.572302
0.572306
0.572310
0.572314
0.572317
0.572321
0.572325
0.572328
0.572332
0.572336
0.572339
0.572343
0.572347
0.572351
0.572354
0.572358
0.572362
0.572365
0.572369
0.572373
0.572376
0.572380
0.572384
0.572388
0.572391
0.572395
0.572399
0.572402
0.572406
0.572410
0.572414
0.572417
0.572421
0.572425
0.572428
0.572432
0.572436
0.572439
0.572443
0.572447
0.572451
0.572454
0.572458
0.572462
0.572465
0.572469
0.572473
0.572477
0.572480
0.572484
0.572488
0.572491
0.572495
0.572499
0.572502
0.572506
0.572510
0.572514
0.572517
0.572521
0.572525
0.572528
0.572532
0.572536
0.572540
0.572543
0.572547
0.572551
0.572554
0.572558
0.572562
0.572565
0.572569
0.572573
0.572577
0.572580
0.572584
0.572588
0.572591
0.572595
0.572599
0.572603
0.572606
0.572610
0.572614
0.572617
0.572621
0.572625
0.572628
0.572632
0.572636
0.572640
0.572643
0.572647
0.572651
0.572654
0.572658
0.572662
0.572666
0.572669
0.572673
0.572677
0.572680
0.572684
0.572688
0.572692
0.572695
0.572699
0.572703
0.572706
0.572710
0.572714
0.572717
0.572721
0.572725
0.572729
0.572732
0.572736
0.572740
0.572743
0.572747
0.572751
0.572755
0.572758
0.572762
0.572766
0.572769
0.572773
0.572777
0.572781
0.572784
0.572788
0.572792
0.572795
0.572799
0.572803
0.572806
0.572810
0.572814
0.572818
0.572821
0.572825
0.572829
0.572832
0.572836
0.572840
0.572844
0.572847
0.572851
0.572855
0.572858
0.572862
0.572866
0.572870
0.572873
0.572877
0.572881
0.572884
0.572888
0.572892
0.572896
0.572899
0.572903
0.572907
0.572910
0.572914
0.572918
0.572921
0.572925
0.572929
0.572933
0.572936
0.572940
0.572944
0.572947
0.572951
0.572955
0.572959
0.572962
0.572966
0.572970
0.572973
0.572977
0.572981
0.572985
0.572988
0.572992
0.572996
0.572999
0.573003
0.573007
0.573011
0.573014
0.573018
0.573022
0.573025
0.573029
0.573033
0.573037
0.573040
0.573044
0.573048
0.573051
0.573055
0.573059
0.573063
0.573066
0.573070
0.573074
0.573077
0.573081
0.573085
0.573088
0.573092
0.573096
0.573100
0.573103
0.573107
0.573111
0.573114
0.573118
0.573122
0.573126
0.573129
0.573133
0.573137
0.573140
0.573144
0.573148
0.573152
0.573155
0.573159
0.573163
0.573166
0.573170
0.573174
0.573178
0.573181
0.573185
0.573189
0.573192
0.573196
0.573200
0.573204
0.573207
0.573211
0.573215
0.573218
0.573222
0.573226
0.573230
0.573233
0.573237
0.573241
0.573244
0.573248
0.573252
0.573256
0.573259
0.573263
0.573267
0.573270
0.573274
0.573278
0.573282
0.573285
0.573289
0.573293
0.573296
0.573300
0.573304
0.573308
0.573311
0.573315
0.573319
0.573322
0.573326
0.573330
0.573334
0.573337
0.573341
0.573345
0.573348
0.573352
0.573356
0.573360
0.573363
0.573367
0.573371
0.573374
0.573378
0.573382
0.573386
0.573389
0.573393
0.573397
0.573400
0.573404
0.573408
0.573412
0.573415
0.573419
0.573423
0.573426
0.573430
0.573434
0.573438
0.573441
0.573445
0.573449
0.573452
0.573456
0.573460
0.573464
0.573467
0.573471
0.573475
0.573479
0.573482
0.573486
0.573490
0.573493
0.573497
0.573501
0.573505
0.573508
0.573512
0.573516
0.573519
0.573523
0.573527
0.573531
0.573534
0.573538
0.573542
0.573545
0.573549
0.573553
0.573557
0.573560
0.573564
0.573568
0.573571
0.573575
0.573579
0.573583
0.573586
0.573590
0.573594
0.573597
0.573601
0.573605
0.573609
0.573612
0.573616
0.573620
0.573623
0.573627
0.573631
0.573635
0.573638
0.573642
0.573646
0.573650
0.573653
0.573657
0.573661
0.573664
0.573668
0.573672
0.573676
0.573679
0.573683
0.573687
0.573690
0.573694
0.573698
0.573702
0.573705
0.573709
0.573713
0.573716
0.573720
0.573724
0.573728
0.573731
0.573735
0.573739
0.573742
0.573746
0.573750
0.573754
0.573757
0.573761
0.573765
0.573769
0.573772
0.573776
0.573780
0.573783
0.573787
0.573791
0.573795
0.573798
0.573802
0.573806
0.573809
0.573813
0.573817
0.573821
0.573824
0.573828
0.573832
0.573835
0.573839
0.573843
0.573847
0.573850
0.573854
0.573858
0.573862
0.573865
0.573869
0.573873
0.573876
0.573880
0.573884
0.573888
0.573891
0.573895
0.573899
0.573902
0.573906
0.573910
0.573914
0.573917
0.573921
0.573925
0.573929
0.573932
0.573936
0.573940
0.573943
0.573947
0.573951
0.573955
0.573958
0.573962
0.573966
0.573969
0.573973
0.573977
0.573981
0.573984
0.573988
0.573992
0.573996
0.573999
0.574003
0.574007
0.574010
0.574014
0.574018
0.574022
0.574025
0.574029
0.574033
0.574036
0.574040
0.574044
0.574048
0.574051
0.574055
0.574059
0.574063
0.574066
0.574070
0.574074
0.574077
0.574081
0.574085
0.574089
0.574092
0.574096
0.574100
0.574103
0.574107
0.574111
0.574115
0.574118
0.574122
0.574126
0.574130
0.574133
0.574137
0.574141
0.574144
0.574148
0.574152
0.574156
0.574159
0.574163
0.574167
0.574170
0.574174
0.574178
0.574182
0.574185
0.574189
0.574193
0.574197
0.574200
0.574204
0.574208
0.574211
0.574215
0.574219
0.574223
0.574226
0.574230
0.574234
0.574238
0.574241
0.574245
0.574249
0.574252
0.574256
0.574260
0.574264
0.574267
0.574271
0.574275
0.574279
0.574282
0.574286
0.574290
0.574293
0.574297
0.574301
0.574305
0.574308
0.574312
0.574316
0.574319
0.574323
0.574327
0.574331
0.574334
0.574338
0.574342
0.574346
0.574349
0.574353
0.574357
0.574360
0.574364
0.574368
0.574372
0.574375
0.574379
0.574383
0.574387
0.574390
0.574394
0.574398
0.574401
0.574405
0.574409
0.574413
0.574416
0.574420
0.574424
0.574428
0.574431
0.574435
0.574439
0.574442
0.574446
0.574450
0.574454
0.574457
0.574461
0.574465
0.574469
0.574472
0.574476
0.574480
0.574483
0.574487
0.574491
0.574495
0.574498
0.574502
0.574506
0.574510
0.574513
0.574517
0.574521
0.574524
0.574528
0.574532
0.574536
0.574539
0.574543
0.574547
0.574551
0.574554
0.574558
0.574562
0.574565
0.574569
0.574573
0.574577
0.574580
0.574584
0.574588
0.574592
0.574595
0.574599
0.574603
0.574606
0.574610
0.574614
0.574618
0.574621
0.574625
0.574629
0.574633
0.574636
0.574640
0.574644
0.574648
0.574651
0.574655
0.574659
0.574662
0.574666
0.574670
0.574674
0.574677
0.574681
0.574685
0.574689
0.574692
0.574696
0.574700
0.574703
0.574707
0.574711
0.574715
0.574718
0.574722
0.574726
0.574730
0.574733
0.574737
0.574741
0.574744
0.574748
0.574752
0.574756
0.574759
0.574763
0.574767
0.574771
0.574774
0.574778
0.574782
0.574786
0.574789
0.574793
0.574797
0.574800
0.574804
0.574808
0.574812
0.574815
0.574819
0.574823
0.574827
0.574830
0.574834
0.574838
0.574841
0.574845
0.574849
0.574853
0.574856
0.574860
0.574864
0.574868
0.574871
0.574875
0.574879
0.574883
0.574886
0.574890
0.574894
0.574897
0.574901
0.574905
0.574909
0.574912
0.574916
0.574920
0.574924
0.574927
0.574931
0.574935
0.574939
0.574942
0.574946
0.574950
0.574953
0.574957
0.574961
0.574965
0.574968
0.574972
0.574976
0.574980
0.574983
0.574987
0.574991
0.574995
0.574998
0.575002
0.575006
0.575009
0.575013
0.575017
0.575021
0.575024
0.575028
0.575032
0.575036
0.575039
0.575043
0.575047
0.575051
0.575054
0.575058
0.575062
0.575065
0.575069
0.575073
0.575077
0.575080
0.575084
0.575088
0.575092
0.575095
0.575099
0.575103
0.575107
0.575110
0.575114
0.575118
0.575121
0.575125
0.575129
0.575133
0.575136
0.575140
0.575144
0.575148
0.575151
0.575155
0.575159
0.575163
0.575166
0.575170
0.575174
0.575177
0.575181
0.575185
0.575189
0.575192
0.575196
0.575200
0.575204
0.575207
0.575211
0.575215
0.575219
0.575222
0.575226
0.575230
0.575234
0.575237
0.575241
0.575245
0.575248
0.575252
0.575256
0.575260
0.575263
0.575267
0.575271
0.575275
0.575278
0.575282
0.575286
0.575290
0.575293
0.575297
0.575301
0.575305
0.575308
0.575312
0.575316
0.575319
0.575323
0.575327
0.575331
0.575334
0.575338
0.575342
0.575346
0.575349
0.575353
0.575357
0.575361
0.575364
0.575368
0.575372
0.575376
0.575379
0.575383
0.575387
0.575390
0.575394
0.575398
0.575402
0.575405
0.575409
0.575413
0.575417
0.575420
0.575424
0.575428
0.575432
0.575435
0.575439
0.575443
0.575447
0.575450
0.575454
0.575458
0.575461
0.575465
0.575469
0.575473
0.575476
0.575480
0.575484
0.575488
0.575491
0.575495
0.575499
0.575503
0.575506
0.575510
0.575514
0.575518
0.575521
0.575525
0.575529
0.575533
0.575536
0.575540
0.575544
0.575547
0.575551
0.575555
0.575559
0.575562
0.575566
0.575570
0.575574
0.575577
0.575581
0.575585
0.575589
0.575592
0.575596
0.575600
0.575604
0.575607
0.575611
0.575615
0.575619
0.575622
0.575626
0.575630
0.575633
0.575637
0.575641
0.575645
0.575648
0.575652
0.575656
0.575660
0.575663
0.575667
0.575671
0.575675
0.575678
0.575682
0.575686
0.575690
0.575693
0.575697
0.575701
0.575705
0.575708
0.575712
0.575716
0.575720
0.575723
0.575727
0.575731
0.575734
0.575738
0.575742
0.575746
0.575749
0.575753
0.575757
0.575761
0.575764
0.575768
0.575772
0.575776
0.575779
0.575783
0.575787
0.575791
0.575794
0.575798
0.575802
0.575806
0.575809
0.575813
0.575817
0.575821
0.575824
0.575828
0.575832
0.575835
0.575839
0.575843
0.575847
0.575850
0.575854
0.575858
0.575862
0.575865
0.575869
0.575873
0.575877
0.575880
0.575884
0.575888
0.575892
0.575895
0.575899
0.575903
0.575907
0.575910
0.575914
0.575918
0.575922
0.575925
0.575929
0.575933
0.575937
0.575940
0.575944
0.575948
0.575952
0.575955
0.575959
0.575963
0.575966
0.575970
0.575974
0.575978
0.575981
0.575985
0.575989
0.575993
0.575996
0.576000
0.576004
0.576008
0.576011
0.576015
0.576019
0.576023
0.576026
0.576030
0.576034
0.576038
0.576041
0.576045
0.576049
0.576053
0.576056
0.576060
0.576064
0.576068
0.576071
0.576075
0.576079
0.576083
0.576086
0.576090
0.576094
0.576098
0.576101
0.576105
0.576109
0.576113
0.576116
0.576120
0.576124
0.576127
0.576131
0.576135
0.576139
0.576142
0.576146
0.576150
0.576154
0.576157
0.576161
0.576165
0.576169
0.576172
0.576176
0.576180
0.576184
0.576187
0.576191
0.576195
0.576199
0.576202
0.576206
0.576210
0.576214
0.576217
0.576221
0.576225
0.576229
0.576232
0.576236
0.576240
0.576244
0.576247
0.576251
0.576255
0.576259
0.576262
0.576266
0.576270
0.576274
0.576277
0.576281
0.576285
0.576289
0.576292
0.576296
0.576300
0.576304
0.576307
0.576311
0.576315
0.576319
0.576322
0.576326
0.576330
0.576334
0.576337
0.576341
0.576345
0.576349
0.576352
0.576356
0.576360
0.576364
0.576367
0.576371
0.576375
0.576379
0.576382
0.576386
0.576390
0.576394
0.576397
0.576401
0.576405
