0.000000
0.000000
0.000082
0.000244
0.000485
0.000802
0.001193
0.001656
0.002190
0.002793
0.003464
0.004200
0.005000
0.005863
0.006788
0.007773
0.008817
0.009919
0.011078
0.012294
0.013565
0.014890
0.016269
0.017701
0.019186
0.020723
0.022312
0.023953
0.025644
0.027387
0.029181
0.031026
0.032921
0.034869
0.036868
0.038918
0.041022
0.043178
0.045388
0.047653
0.049974
0.052351
0.054786
0.057280
0.059835
0.062452
0.065134
0.067883
0.070700
0.073589
0.076552
0.079592
0.082714
0.085920
0.089215
0.092603
0.096091
0.099683
0.103386
0.107207
0.111154
0.115235
0.119460
0.123841
0.128390
0.133119
0.138045
0.143186
0.148562
0.154196
0.160118
0.166358
0.172947
0.179912
0.187282
0.195095
0.203405
0.212284
0.221820
0.232125
0.243334
0.255601
0.269062
0.283772
0.299656
0.316512
0.334037
0.351897
0.369781
0.387449
0.404746
0.421600
0.437987
0.453910
0.469379
0.484407
0.499006
0.513189
0.526967
0.540352
0.553355
0.565988
0.578260
0.590182
0.601763
0.613015
0.623945
0.634564
0.644880
0.654902
0.664638
0.674096
0.683284
0.692211
0.700882
0.709307
0.717491
0.725442
0.733166
0.740670
0.747960
0.755042
0.761923
0.768607
0.775100
0.781408
0.787537
0.793491
0.799275
0.804894
0.810353
0.815656
0.820808
0.825813
0.830676
0.835400
0.839990
0.844448
0.848780
0.852988
0.857076
0.861048
0.864907
0.868656
0.872297
0.875836
0.879273
0.882612
0.885857
0.889009
0.892071
0.895046
0.897936
0.900744
0.903472
0.906122
0.908697
0.911198
0.913629
0.915990
0.918284
0.920512
0.922678
0.924781
0.926825
0.928810
0.930740
0.932614
0.934435
0.936204
0.937922
0.939592
0.941215
0.942791
0.944322
0.945810
0.947256
0.948660
0.950025
0.951351
0.952639
0.953890
0.955106
0.956288
0.957435
0.958551
0.959634
0.960687
0.961710
0.962704
0.963669
0.964608
0.965519
0.966405
0.967266
0.968102
0.968914
0.969704
0.970471
0.971216
0.971940
0.972644
0.973328
0.973992
0.974637
0.975265
0.975874
0.976466
0.977042
0.977601
0.978144
0.978672
0.979185
0.979684
0.980168
0.980639
0.981096
0.981541
0.981973
0.982392
0.982800
0.983197
0.983582
0.983956
0.984320
0.984673
0.985017
0.985350
0.985675
0.985990
0.986296
0.986594
0.986883
0.987165
0.987438
0.987704
0.987962
0.988213
0.988456
0.988693
0.988924
0.989147
0.989365
0.989576
0.989782
0.989982
0.990176
0.990365
0.990548
0.990726
0.990900
0.991068
0.991232
0.991391
0.991546
0.991696
0.991842
0.991984
0.992123
0.992257
0.992387
0.992514
0.992638
0.992758
0.992874
0.992988
0.993098
0.993205
0.993309
0.993411
0.993509
0.993605
0.993698
0.993789
0.993877
0.993962
0.994045
0.994126
0.994205
0.994282
0.994356
0.994429
0.994499
0.994567
0.994634
0.994699
0.994762
0.994823
0.994883
0.994941
0.994997
0.995052
0.995105
0.995157
0.995207
0.995257
0.995304
0.995351
0.995396
0.995440
0.995483
0.995524
0.995565
0.995604
0.995643
0.995680
0.995716
0.995752
0.995786
0.995820
0.995852
0.995884
0.995915
0.995945
0.995974
0.996003
0.996030
0.996057
0.996084
0.996109
0.996134
0.996158
0.996182
0.996205
0.996227
0.996249
0.996270
0.996291
0.996311
0.996331
0.996350
0.996369
0.996387
0.996404
0.996422
0.996438
0.996455
0.996471
0.996486
0.996501
0.996516
0.996531
0.996545
0.996558
0.996572
0.996585
0.996597
0.996610
0.996622
0.996633
0.996645
0.996656
0.996667
0.996677
0.996688
0.996698
0.996708
0.996717
0.996727
0.996736
0.996745
0.996753
0.996762
0.996770
0.996778
0.996786
0.996794
0.996802
0.996809
0.996816
0.996823
0.996830
0.996837
0.996843
0.996850
0.996856
0.996862
0.996868
0.996874
0.996880
0.996885
0.996891
0.996896
0.996901
0.996906
0.996911
0.996916
0.996921
0.996926
0.996930
0.996935
0.996939
0.996943
0.996948
0.996952
0.996956
0.996960
0.996964
0.996967
0.996971
