0.000000
0.000000
0.000089
0.000265
0.000525
0.000868
0.001292
0.001793
0.002371
0.003023
0.003748
0.004544
0.005409
0.006342
0.007341
0.008405
0.009533
0.010724
0.011977
0.013290
0.014662
0.016094
0.017584
0.019131
0.020736
0.022396
0.024113
0.025886
0.027714
0.029597
0.031535
0.033529
0.035579
0.037683
0.039844
0.042062
0.044336
0.046668
0.049058
0.051508
0.054018
0.056590
0.059225
0.061924
0.064690
0.067523
0.070427
0.073404
0.076456
0.079586
0.082798
0.086094
0.089478
0.092955
0.096530
0.100207
0.103992
0.107892
0.111914
0.116066
0.120357
0.124797
0.129397
0.134169
0.139129
0.144292
0.149676
0.155300
0.161186
0.167353
0.173823
0.180618
0.187766
0.195308
0.203294
0.211787
0.220861
0.230607
0.241137
0.252586
0.265105
0.278818
0.293750
0.309793
0.326706
0.344166
0.361839
0.379433
0.396739
0.413639
0.430085
0.446070
0.461600
0.476689
0.491347
0.505588
0.519423
0.532865
0.545923
0.558609
0.570934
0.582908
0.594541
0.605843
0.616823
0.627490
0.637853
0.647921
0.657703
0.667206
0.676439
0.685409
0.694123
0.702590
0.710815
0.718806
0.726570
0.734113
0.741442
0.748562
0.755479
0.762200
0.768729
0.775073
0.781236
0.787224
0.793042
0.798694
0.804185
0.809521
0.814704
0.819741
0.824634
0.829388
0.834007
0.838495
0.842855
0.847091
0.851207
0.855206
0.859092
0.862867
0.866535
0.870099
0.873562
0.876926
0.880195
0.883371
0.886457
0.889455
0.892369
0.895199
0.897950
0.900622
0.903219
0.905742
0.908194
0.910576
0.912890
0.915139
0.917325
0.919448
0.921511
0.923516
0.925464
0.927357
0.929197
0.930984
0.932721
0.934409
0.936049
0.937643
0.939191
0.940696
0.942159
0.943580
0.944961
0.946303
0.947607
0.948874
0.950106
0.951303
0.952466
0.953596
0.954695
0.955762
0.956800
0.957808
0.958788
0.959740
0.960666
0.961566
0.962440
0.963290
0.964116
0.964918
0.965698
0.966457
0.967194
0.967910
0.968607
0.969283
0.969941
0.970581
0.971202
0.971807
0.972394
0.972965
0.973520
0.974059
0.974584
0.975094
0.975589
0.976071
0.976540
0.976995
0.977438
0.977868
0.978287
0.978694
0.979090
0.979474
0.979848
0.980212
0.980566
0.980909
0.981244
0.981569
0.981885
0.982193
0.982492
0.982783
0.983066
0.983341
0.983608
0.983868
0.984121
0.984368
0.984607
0.984840
0.985067
0.985287
0.985501
0.985710
0.985913
0.986110
0.986302
0.986489
0.986671
0.986848
0.987020
0.987188
0.987351
0.987510
0.987664
0.987814
0.987961
0.988103
0.988241
0.988376
0.988508
0.988636
0.988760
0.988881
0.988999
0.989114
0.989226
0.989335
0.989441
0.989544
0.989645
0.989743
0.989838
0.989931
0.990022
0.990110
0.990196
0.990280
0.990361
0.990441
0.990518
0.990594
0.990667
0.990739
0.990809
0.990877
0.990944
0.991008
0.991072
0.991133
0.991193
0.991252
0.991309
0.991365
0.991419
0.991472
0.991524
0.991574
0.991624
0.991672
0.991719
0.991765
0.991809
0.991853
0.991895
0.991937
0.991978
0.992017
0.992056
0.992094
0.992131
0.992167
0.992203
0.992237
0.992271
0.992304
0.992336
0.992368
0.992399
0.992429
0.992458
0.992487
0.992515
0.992543
0.992570
0.992596
0.992622
0.992647
0.992672
0.992697
0.992720
0.992744
0.992766
0.992789
0.992811
0.992832
0.992853
0.992874
0.992894
0.992914
0.992933
0.992952
0.992971
0.992990
0.993008
0.993025
0.993043
0.993060
0.993076
0.993093
0.993109
0.993125
0.993140
0.993156
0.993171
0.993185
0.993200
0.993214
0.993228
0.993242
0.993256
0.993269
0.993282
0.993295
0.993308
0.993320
0.993333
0.993345
0.993357
0.993369
0.993380
0.993392
0.993403
0.993414
0.993425
0.993436
0.993446
0.993457
0.993467
0.993478
0.993488
0.993498
0.993507
0.993517
0.993527
0.993536
0.993545
0.993555
0.993564
0.993573
0.993582
0.993591
0.993599
0.993608
0.993616
0.993625
0.993633
0.993641
0.993649
0.993657
